traj-0:
37.34 36.90 36.52 34.77 32.92 31.26 30.16 28.63 27.50 26.74 26.71 26.57 26.31 26.53 26.75 26.96 27.11 27.28 26.73 25.51 24.04 22.27 20.55 19.69 17.77 16.58 14.80 13.62 11.72 10.01  9.59
18.86 19.13 19.57 19.73 20.23 20.52 20.71 19.99 18.67 17.01 15.68 14.40 12.61 11.07 10.87  9.55  8.16  6.44  5.33  4.06  3.29  4.02  4.10  4.16  4.25  4.34  4.60  4.81  5.31  5.81  5.96
traj-1:
37.77 35.79 35.33 33.40 32.12 30.94 29.19 27.70 25.76 23.80 22.04 21.45 19.98 18.80 16.89 15.55 13.77 12.01
19.55 19.44 19.48 19.69 19.96 20.00 20.04 20.12 20.46 20.30 20.34 20.36 20.39 19.70 19.17 19.27 19.07 19.47
traj-2:
37.67 36.97 35.66 34.97 33.03 31.56 29.71 28.29 28.38 28.52 28.54 28.52 28.53 28.71 29.41 30.31 30.94 32.27 33.51
19.40 19.35 19.41 19.47 19.70 19.83 20.31 21.62 22.79 23.95 25.72 27.15 28.92 30.04 31.71 32.87 33.30 34.30 35.28
traj-3:
36.34 34.49 33.07 32.50 30.61 28.86 28.42 26.94 26.64 26.90 26.92 26.91 27.06 27.21 27.10 26.99 26.96 26.68 26.45 25.75 24.59 23.26 22.15 20.40 18.46 16.73 15.01 13.83 12.83 12.10 11.91 11.45
19.03 19.54 20.08 20.21 20.53 21.48 21.90 22.82 21.12 19.17 17.30 15.83 14.96 13.21 11.73  9.97  9.07  7.12  6.01  4.74  4.27  4.16  4.15  4.14  4.13  4.16  4.41  4.61  4.88  6.64  6.88  6.84
traj-4:
33.72 32.89 31.25 29.77 28.60 27.05 26.46 24.72 22.94 21.20 19.42 19.17 18.87 17.15 15.29 14.14 12.42 11.49
19.91 19.95 20.11 20.27 20.29 20.22 20.18 20.12 20.17 20.21 20.27 20.67 20.67 21.16 21.17 20.80 20.01 20.00
traj-5:
37.59 36.22 34.58 33.98 32.24 31.64 29.91 28.38 27.88 27.44 27.86 27.74 27.50 27.26 25.80 24.09 22.37 22.08
20.13 20.54 20.75 20.78 20.89 20.86 20.87 21.82 23.39 24.72 26.09 28.01 29.68 31.15 32.37 32.20 32.84 32.74
traj-6:
39.08 37.99 37.00 35.52 33.79 32.62 31.08 29.34 27.90 27.58 27.47 27.38 27.34 27.35 27.24 27.07 25.87 24.17 22.76 20.82 19.70 18.61 17.13 15.99 14.28 13.58 12.31 10.38  8.60  6.85  6.55
18.99 19.07 19.10 19.07 18.87 18.54 18.32 18.36 17.03 15.12 13.78 12.07 10.30  9.41  7.65  5.85  4.33  4.12  3.99  4.01  3.97  3.92  3.89  3.82  3.82  3.91  4.26  4.77  5.10  5.40  5.39
traj-7:
34.97 34.17 32.79 31.44 29.71 27.90 26.07 25.72 24.82 23.07 21.27 19.35 17.41 16.43
18.81 18.64 18.39 18.17 18.19 19.06 19.81 20.06 20.10 20.20 20.27 20.59 20.40 18.70
traj-8:
34.90 33.00 31.34 29.38 28.22 28.22 28.31 28.42 28.36 28.46 29.71 30.84
19.58 20.18 20.34 20.67 22.04 23.48 24.96 26.73 27.56 29.21 30.13 30.78
traj-9:
36.40 35.11 33.22 32.33 30.76 30.05 28.31 27.33 27.15 27.05 26.83 26.83 26.50 26.44 26.17 25.18 23.28 22.15 20.25 18.55 17.96 16.01 15.71 13.81 12.45 10.81  9.17  7.96  6.66  5.28
20.44 19.57 19.33 19.31 19.01 18.90 18.79 17.05 15.26 13.53 11.97 10.04  8.10  7.74  5.94  4.45  4.14  4.13  4.07  4.06  4.06  3.76  3.76  3.87  4.59  5.48  6.17  6.72  7.19  7.98
traj-10:
33.62 31.85 30.50 29.24 28.81 27.30 26.06 24.29 22.53 20.76 20.46 18.68 16.96 15.73 14.27
20.18 20.10 20.41 20.89 21.17 22.35 20.84 20.27 20.40 20.60 20.63 20.81 21.31 21.49 21.70
traj-11:
38.03 37.44 35.73 34.47 33.41 31.51 30.94 29.21 27.46 27.25 27.24 27.27 27.29 27.13 26.97 27.63 28.22
18.56 18.66 19.02 19.60 19.99 20.58 20.73 20.84 21.70 23.45 24.04 25.63 26.77 28.25 29.72 31.35 33.03
traj-12:
38.89 37.45 35.76 33.89 32.14 31.55 29.62 28.24 27.25 26.25 26.31 26.24 26.33 26.33 26.45 27.23 27.42 25.59 24.58 22.76 21.06 19.32 17.57 16.70 15.27 13.52 13.22 11.60 10.33
19.30 19.24 19.01 18.77 18.15 18.12 18.11 17.24 16.12 14.76 13.46 12.70 11.11 10.58  8.92  7.18  5.31  4.54  4.10  4.08  4.39  4.71  4.79  4.68  4.65  4.92  4.97  5.39  5.72
traj-13:
33.75 33.20 31.67 30.82 29.65 28.08 27.32 25.62 24.14 22.36 20.58 19.41 17.83 16.06 15.56 13.88 12.07 11.62
19.30 19.08 18.25 18.22 18.21 19.09 19.97 20.73 20.69 20.78 20.82 20.87 21.55 21.82 21.48 20.85 21.14 21.21
traj-14:
38.08 37.87 36.01 34.29 32.60 30.89 29.25 28.41 28.49 28.53 28.68 28.79 28.15 27.64 27.33
18.11 18.33 18.64 19.50 20.05 20.30 20.51 22.16 23.34 25.09 26.82 28.57 30.30 31.92 32.74
traj-15:
38.99 37.93 37.01 36.57 35.12 33.73 32.29 30.81 30.23 28.47 27.96 27.20 27.16 27.09 27.04 26.87 26.84 26.66 26.36 26.17 25.79 24.19 23.90 21.94 20.18 19.41 17.68 16.28 14.59 13.71 12.92 12.40
18.12 18.34 18.57 18.60 18.90 19.22 19.50 19.33 19.23 18.70 17.23 15.52 14.66 13.50 12.49 11.08  9.97  8.05  6.29  5.42  4.89  3.80  3.84  4.03  3.99  4.01  4.14  4.22  4.61  4.77  5.98  7.61
traj-16:
34.96 34.38 32.97 31.47 29.84 27.99 26.12 24.19 23.29 21.53 20.93 19.18 17.99 16.99 16.09 14.99 13.66 12.43 11.42  9.63  7.86
20.62 20.78 20.92 20.91 21.00 20.99 20.49 20.32 20.41 20.41 20.37 20.19 19.75 19.42 19.06 18.72 18.40 18.60 18.82 18.50 18.23
traj-17:
35.84 35.53 33.81 32.03 31.08 29.64 27.92 27.47 26.66 26.79 27.07 27.24 27.65 27.99 28.76 28.61 27.90 26.31 24.75 22.97 21.56
18.12 18.44 19.19 19.60 19.79 19.98 20.36 20.92 22.67 23.65 25.00 26.44 27.67 28.81 30.46 31.68 32.99 33.31 33.63 33.94 33.88
traj-18:
34.81 33.21 32.13 30.21 28.30 27.83 28.07 28.12 28.01 27.75 27.47 27.14 26.88 26.57 25.55 23.98 22.25 20.82 18.98 17.44 15.45 14.57 13.43 11.70  9.92  9.51  7.58  6.25
18.59 19.42 20.00 19.54 19.16 17.27 15.44 14.57 13.11 11.70 10.39  8.49  7.35  5.93  4.46  3.84  3.86  3.94  3.99  4.12  4.27  4.43  4.56  4.89  4.66  4.85  4.69  3.85
traj-19:
37.49 36.63 34.77 34.37 32.93 31.11 30.64 29.07 27.80 25.86 24.20 22.71 21.54 19.76 17.81 16.58
20.54 20.62 20.82 20.87 20.83 20.87 20.87 20.85 20.77 20.57 20.55 20.64 20.68 20.70 20.97 21.11
traj-20:
35.84 34.45 33.02 31.90 30.76 29.88 28.67 28.37 27.20 27.03 26.27 26.20 26.09 25.63 24.84 23.27 21.94 19.99 18.50 17.32 15.63 14.37 13.35
20.47 20.77 20.97 20.95 20.92 20.93 21.57 22.03 23.42 23.67 25.44 27.15 28.50 30.38 30.56 31.72 32.16 32.24 31.54 31.05 30.60 30.61 30.74
traj-21:
35.39 35.65 34.40 32.54 30.85 29.02 27.79 27.27 27.10 27.14 27.07 26.97 26.73 26.56 26.10 25.58 23.88 22.42 20.44 18.71 16.71 15.21 13.93 12.48 11.88 10.82  9.44  9.07  7.62
20.23 20.07 19.45 19.40 19.01 18.31 17.27 15.97 14.72 13.16 12.42 10.67  8.69  7.23  5.46  4.71  3.83  3.93  3.92  4.06  3.92  3.98  3.82  5.13  5.92  6.30  7.65  7.91  8.97
traj-22:
35.78 34.82 32.91 31.14 29.22 28.78 26.95 25.27 24.41 22.65 21.17 19.98 18.07 16.32 14.99 13.23 11.39
19.88 20.19 20.79 20.94 20.85 21.26 21.70 20.72 20.32 20.45 20.55 20.62 20.36 19.97 19.99 20.04 19.81
traj-23:
38.04 36.68 34.90 34.05 32.33 31.44 29.53 28.37 28.43 28.42 28.52 28.66 28.77 30.31 31.79 32.37
19.74 19.95 20.47 20.69 20.93 20.90 21.00 22.62 23.81 25.57 27.00 28.18 29.05 30.13 30.65 30.85
traj-24:
38.54 36.58 34.90 33.19 31.73 30.06 28.72 28.65 27.54 27.54 27.42 26.97 26.83 26.64 26.44 25.35 23.58 22.23 21.07 19.69 17.97 16.62 14.65 14.05 12.65 11.76 11.00  9.52  7.83  6.69
18.84 18.69 18.46 18.30 18.19 18.09 17.27 15.52 14.03 12.92 11.14  9.24  8.38  7.20  6.02  4.48  3.97  4.02  4.00  3.95  4.02  4.16  4.44  4.50  5.56  7.26  8.77  9.30  9.31  9.28
traj-25:
34.24 34.00 32.18 30.58 30.02 28.19 27.89 26.16 25.27 23.57 22.67 21.18 19.99 18.50 16.87 15.13 14.83 12.89 11.33 10.15  9.36
18.57 18.51 19.24 19.46 19.78 20.22 20.26 20.72 20.32 20.11 20.16 20.20 20.22 21.18 21.46 21.77 21.81 21.87 21.92 21.30 21.02
traj-26:
37.61 36.14 34.30 32.58 31.03 29.41 28.45 27.60 27.42 27.69 27.54 27.08 26.20 25.39 25.06 23.39 22.89 21.43 19.68 18.35 17.49 16.66 15.52 14.11 13.57
18.52 18.41 18.39 19.13 19.29 20.22 20.86 22.56 23.66 25.59 26.79 27.71 29.04 30.39 30.70 31.64 31.93 32.40 32.88 33.24 33.49 34.36 35.36 36.36 36.62
traj-27:
37.74 36.89 35.16 33.40 31.69 29.90 29.00 28.29 27.69 26.22 26.23 26.34 26.55 26.70 26.84 26.83 26.79 26.73 26.66 26.46 26.36 25.45 25.25 24.81 22.84 21.06 19.08 17.41 15.44 14.36 12.61 10.83  9.07
20.62 20.76 20.88 20.88 20.83 20.86 21.35 23.09 24.28 22.92 22.62 20.88 19.32 17.45 15.61 13.83 12.65 11.08  9.30  7.38  6.19  4.57  4.34  4.12  4.10  4.10  4.00  3.98  3.75  3.87  3.86  3.92  3.08
traj-28:
38.15 37.29 35.88 34.36 33.05 31.45 30.19 28.75 27.08 25.29 24.13 22.94 21.45 19.99 18.38 17.74 15.86 15.61 13.76 12.57 11.33
19.31 19.21 18.99 18.84 18.67 18.32 18.37 19.08 19.94 20.39 20.45 20.46 20.50 20.55 20.72 20.62 20.34 20.24 19.50 18.96 18.04
traj-29:
34.05 32.10 30.95 29.05 27.86 27.60 27.42 27.32 27.23 26.76 25.08 24.49 23.04 21.06 19.26 17.49 16.40
19.08 19.48 19.59 20.01 21.59 22.38 24.06 25.71 27.34 29.17 30.26 30.87 31.52 31.35 31.49 31.46 31.60
traj-30:
37.50 37.20 35.43 33.76 32.03 30.31 28.42 27.50 26.35 26.20 26.17 26.10 26.34 26.47 27.04 26.87 26.71 26.36 26.13 25.46 23.68 22.12 20.15 19.85 18.09 17.33 15.34 13.92 12.16 10.92  9.64
19.99 20.00 20.18 20.69 20.82 20.73 20.42 19.81 18.59 17.34 16.05 14.93 13.03 12.45 10.75 10.18  8.22  6.70  5.59  4.33  3.84  3.90  3.90  3.94  3.89  3.92  3.97  3.87  3.82  4.21  4.60
traj-31:
37.52 36.17 34.47 32.68 31.21 30.67 28.95 28.88 28.39 26.61 24.74 22.98 21.49 19.74 19.44 18.13 17.85 16.64 15.04
20.75 20.87 20.95 20.91 20.86 20.85 20.70 20.10 19.65 20.14 20.45 20.62 20.75 20.91 20.92 21.62 21.72 22.19 22.67
traj-32:
38.01 37.13 36.11 34.34 33.78 32.28 31.20 29.83 29.36 27.91 27.91 27.87 27.88 28.08 28.47 28.98 29.51 27.78 26.75 24.85 23.03 21.84
18.60 18.74 18.98 18.68 18.59 18.74 19.11 20.20 20.45 21.72 23.34 24.63 26.23 28.08 29.83 30.87 32.72 33.13 33.41 33.92 34.59 35.58
traj-33:
34.69 35.82 36.65 35.40 33.44 31.67 29.85 29.17 27.98 28.00 27.96 27.84 27.72 27.39 27.10 26.74 26.28 25.44 24.07 22.96 21.43 20.74 19.04 17.17 15.74 13.77 12.80 11.56  9.93  9.64
20.60 20.27 20.07 19.43 19.32 19.05 18.51 18.18 17.61 16.14 14.53 13.41 12.05 10.23  8.85  6.89  5.02  4.34  4.10  3.92  3.80  3.74  3.68  3.75  3.75  4.01  5.15  6.67  7.71  7.77
traj-34:
36.98 36.69 36.52 36.23 35.70 34.17 33.35 31.38 29.39 28.27 26.70 25.39 23.65 22.17 21.29 19.59 17.98 17.31 15.51 14.07 12.08 11.24  9.56
18.03 18.11 18.35 18.44 18.98 20.03 20.18 20.48 20.62 20.63 20.54 20.39 20.15 20.10 20.22 20.41 21.07 21.18 21.99 22.29 22.42 22.47 22.63
traj-35:
37.82 36.67 35.34 34.02 32.39 30.56 30.29 28.65 27.68 27.16 26.86 26.73 26.21 26.21 26.19 26.08 26.02
18.39 18.35 18.38 18.39 18.20 18.50 18.63 19.27 19.90 21.24 22.65 23.42 23.87 25.74 26.04 27.83 29.69
traj-36:
34.56 33.26 31.50 30.94 29.17 28.32 27.57 27.28 27.26 27.19 27.13 26.85 26.78 26.53 26.22 25.77 24.03 22.59 21.16 19.73 17.75 16.28 14.93 14.04 12.42 11.80 10.68  8.80  7.76
18.68 18.36 18.09 18.01 18.29 18.07 16.40 14.48 12.92 12.33 10.58  9.09  8.52  6.59  5.47  4.72  3.92  3.94  4.01  4.07  4.24  4.46  4.67  4.81  5.91  6.56  7.16  6.63  5.21
traj-37:
34.17 32.32 31.79 30.32 28.96 27.07 26.73 25.03 23.26 21.48 20.30 18.84 17.21 16.53 14.64 12.99
20.36 20.83 20.86 20.90 20.92 21.39 21.09 20.08 20.12 20.11 20.14 20.16 21.22 21.27 21.63 21.86
traj-38:
38.50 37.09 35.14 33.54 32.14 30.39 28.69 28.37 27.87 27.14 26.52 26.35 26.01 25.90 24.17 22.36 20.79 19.99 18.29 16.38 14.59 13.30 11.55 10.79  9.40  7.75  6.99
20.28 20.53 20.67 20.80 20.88 20.97 21.88 23.21 25.08 26.40 27.91 28.79 30.76 31.03 31.55 31.32 31.07 30.96 30.70 30.89 31.45 31.88 32.58 32.87 33.11 33.37 33.64
traj-39:
36.13 34.30 32.92 31.24 29.76 28.52 27.40 26.86 26.95 27.21 27.54 27.65 27.55 27.48 27.36 27.33 27.18 27.12 26.83 26.77 25.46 23.88 23.29 21.71 20.59 18.89 17.13 15.67 15.09 13.16 12.03 10.64  9.11  7.68  6.54
19.87 20.29 20.60 20.97 20.87 21.61 22.50 22.34 20.39 19.43 17.56 15.92 14.34 12.79 11.48 10.63  8.95  8.05  6.08  5.79  4.37  4.14  4.17  4.09  4.13  4.14  4.12  4.12  4.12  4.49  4.78  5.82  6.96  7.89  8.66
traj-40:
34.25 33.68 31.82 30.43 29.83 28.73 28.43 27.52 26.36 25.60 23.81 22.17 20.25 18.75 16.86 14.89 12.95 11.09  9.38  7.62
20.57 20.45 20.61 20.88 20.92 22.52 24.47 23.00 21.39 20.65 20.32 20.39 20.55 20.53 20.68 20.82 20.61 20.21 19.64 19.26
traj-41:
34.20 34.15 33.12 32.87 31.12 30.18 29.03 27.29 27.13 26.77 26.69 26.85 26.79 26.52 26.30 25.27 23.52 21.99 20.34 18.94 17.06 15.60 13.77 12.38 11.03  9.72  8.25
18.03 18.33 19.08 19.25 19.66 19.57 19.36 20.18 20.44 22.29 23.51 24.58 26.09 28.01 29.02 30.38 31.08 31.69 32.39 32.95 33.53 33.75 34.03 34.26 35.08 35.78 36.09
traj-42:
38.31 37.32 35.88 34.25 32.77 31.33 30.01 29.32 27.94 27.69 27.59 27.17 26.91 26.72 26.34 26.22 26.30 25.03 24.23 22.97 21.71 20.86 19.15 18.57 17.15 15.69 13.93 12.24 11.08  9.50  7.76  7.27
20.17 19.75 19.63 19.21 18.90 18.62 18.54 18.29 16.98 15.19 14.32 12.44 11.15  9.39  8.48  6.94  5.92  4.43  4.17  3.88  3.92  4.03  4.18  4.30  4.69  4.75  4.64  3.68  3.88  4.27  3.54  3.09
traj-43:
34.95 34.03 32.15 30.72 29.85 28.39 27.10 26.27 24.55 23.96 22.23 20.75 19.57 18.09 16.93 16.31
19.46 19.37 19.19 19.01 18.89 18.79 19.29 19.71 20.56 20.53 20.56 20.47 20.46 20.44 19.27 18.63
traj-44:
34.99 33.95 32.22 31.04 29.86 28.17 27.51 27.02 26.69 26.91 27.11 27.26 27.65 28.05 28.30 28.91 29.21
18.81 19.89 20.14 20.32 20.42 21.28 22.93 23.81 25.39 26.35 28.28 29.38 31.06 32.80 33.65 35.15 35.96
traj-45:
35.07 34.47 32.90 31.03 29.88 28.39 28.35 27.87 27.24 26.23 26.28 26.60 26.72 26.67 26.80 26.48 25.28 23.36 22.78 21.04 19.38 18.79 17.06 15.35 13.65 12.43 11.98 10.48  9.19  8.37  6.57  6.06
19.71 19.99 20.53 20.84 20.95 19.86 19.56 17.63 15.94 14.47 12.82 11.35 10.70  8.83  7.64  5.91  4.44  3.93  4.05  4.11  4.14  4.15  4.22  4.39  4.63  6.05  7.76  8.36  8.04  8.04  7.45  7.40
traj-46:
34.59 32.70 31.92 30.04 28.24 27.60 25.68 23.81 22.92 21.17 20.00 19.20 18.90 17.09 15.58 14.73 13.50 11.68 10.00  9.26
19.49 18.96 18.84 18.50 19.19 20.18 20.71 20.27 20.36 20.49 20.65 20.95 20.98 21.71 21.55 21.45 20.97 20.38 19.80 18.52
traj-47:
36.61 36.02 35.90 34.00 32.59 30.81 30.03 28.56 27.55 26.15 26.45 26.66 26.92 27.93 28.89 29.34 30.51 31.39 32.44
18.20 18.25 18.39 18.50 18.24 19.10 19.50 20.36 21.35 22.62 24.34 25.09 26.65 28.34 29.80 30.15 31.06 32.43 33.79
traj-48:
35.92 36.71 35.65 34.10 32.84 31.07 29.67 27.97 27.46 27.38 27.32 27.10 26.88 26.80 26.56 26.44 25.19 23.46 22.58 21.19 19.44 17.68 15.70 14.99 13.14 12.02 10.18  8.40  7.51  5.94
20.30 19.88 19.17 18.99 18.91 18.73 18.56 18.05 16.45 15.48 13.77 11.83  9.85  8.85  7.01  5.82  4.29  4.18  4.16  4.17  4.13  3.89  3.96  3.86  3.93  3.99  4.11  4.11  4.16  4.35
traj-49:
33.87 31.95 30.04 28.19 26.77 25.67 23.72 22.52 21.06 19.59 18.11 16.53
19.80 19.74 19.98 20.58 21.15 20.89 20.66 20.59 20.54 20.58 19.84 19.44
traj-50:
38.13 37.72 36.05 34.65 32.93 31.82 30.66 28.98 28.13 27.95 27.72 27.64 27.47 27.20 25.92 24.02 22.22 21.50 19.66 17.90 16.63
19.71 19.85 20.15 20.35 20.66 20.79 20.88 20.99 22.43 24.16 26.12 26.97 28.95 29.74 31.04 30.79 30.77 30.83 30.48 30.50 30.46
traj-51:
36.31 36.01 34.11 33.21 31.46 29.79 29.13 28.00 27.57 27.48 27.33 27.33 27.45 27.49 27.29 26.78 26.63 25.39 23.88 22.50 20.84 19.95 18.78 17.39 15.64 13.94 12.61 11.89 10.41  9.01  7.60  5.73  5.06
19.46 19.48 19.56 19.59 19.53 19.15 18.83 18.15 16.59 14.68 13.22 12.06 10.18  9.88  8.07  6.39  5.51  4.24  4.15  4.06  4.15  4.15  4.19  4.38  4.54  4.74  5.82  6.65  7.98  9.25  9.45  9.64  9.72
traj-52:
34.77 33.62 32.19 31.77 31.07 29.65 28.35 26.85 25.40 23.44 22.54 21.05 19.86 18.57 16.73 14.80
18.05 18.11 19.12 19.19 19.02 18.75 19.03 19.74 20.24 20.25 20.30 20.38 20.31 21.22 21.63 21.62
traj-53:
37.26 35.61 34.77 33.31 31.81 30.08 28.57 28.24 28.20 27.86 27.44 27.54 27.24 27.00 25.51 23.60 23.03 21.58 19.66 17.99 16.10 14.15 12.40 11.91  9.96  8.57  6.71
20.19 20.64 20.86 20.94 20.93 20.92 21.72 23.65 23.95 25.91 27.56 29.34 31.14 31.96 33.21 33.04 32.88 32.75 32.53 31.85 31.45 31.66 31.30 31.26 31.01 31.13 31.17
traj-54:
34.92 34.37 32.77 31.11 29.65 29.08 28.95 28.05 27.53 27.22 26.51 26.50 26.50 26.55 26.45 26.43 25.93 24.44 23.13 22.05 21.03 19.86 18.12 16.65 15.03 13.84 12.14 11.85 10.30  9.55  9.35
19.82 20.00 20.50 20.93 20.71 20.55 19.49 17.76 16.20 15.07 13.87 12.12 10.58  8.70  7.08  5.67  4.76  3.90  3.96  3.98  4.05  4.09  4.23  4.31  4.33  4.39  4.62  4.68  5.52  7.27  7.78
traj-55:
37.71 35.99 35.10 33.59 32.02 30.16 28.26 27.18 25.35 23.57 23.27 21.49 19.80 19.06 17.25 15.54 14.52 13.11 12.01
18.14 18.16 18.18 18.17 19.34 20.00 20.48 20.78 20.76 20.66 20.65 20.70 20.89 20.98 21.72 21.36 20.06 18.97 18.29
traj-56:
38.37 36.96 35.31 33.59 32.04 30.27 29.45 27.56 26.47 26.40 26.20 26.86 26.92 27.28 27.64 28.25 28.89 29.55 29.67
19.92 19.37 19.10 18.90 18.75 18.60 18.35 18.41 19.90 21.69 23.40 25.15 25.45 27.17 28.42 30.00 31.56 33.14 33.42
traj-57:
36.39 34.47 32.81 31.02 30.61 28.94 27.97 27.80 27.35 26.53 26.10 26.26 26.46 26.65 26.93 27.02 26.22 25.24 24.34 22.89 22.01 20.23 18.73 16.98 14.99 13.83 12.88 12.44 11.39 10.84  9.25  7.27  6.59
19.52 19.84 20.20 20.59 20.63 20.94 19.20 18.64 16.92 15.50 14.97 13.21 11.33 10.45  8.53  7.60  6.31  4.88  4.87  4.89  4.90  4.92  4.94  4.95  4.98  4.99  5.48  7.38  8.51  8.61  8.67  8.63  8.62
traj-58:
35.77 34.03 32.11 31.99 30.60 30.06 28.60 27.87 26.09 25.34 24.31 23.12 21.36 19.90 18.75 17.04 16.61 15.18 13.87 12.58
19.47 19.76 20.19 20.23 20.67 20.86 21.62 22.47 21.76 20.68 20.52 20.51 20.52 20.55 21.28 21.86 21.86 20.61 19.58 18.73
traj-59:
38.11 37.35 35.40 34.45 32.62 31.93 29.98 28.16 27.44 26.43 26.58 27.03 27.19 27.29 27.25 26.87 26.25 24.65 23.14 21.90 21.09
19.25 18.89 19.02 19.05 19.51 19.67 20.06 20.77 21.17 22.63 23.89 25.81 27.07 28.26 29.43 31.26 32.12 33.25 33.96 34.73 35.05
traj-60:
35.24 33.43 31.70 30.96 29.57 28.59 27.94 27.84 27.73 27.64 27.18 26.90 26.71 26.58 25.35 23.80 22.36 21.01 19.58 17.98 16.24 15.07 13.90 12.65
18.17 18.19 19.04 18.78 18.30 17.43 15.96 14.82 13.25 12.06 10.59  8.87  7.13  6.18  4.72  3.82  3.93  3.95  3.99  4.09  4.34  4.54  4.76  5.99
traj-61:
34.17 33.53 32.50 30.80 29.61 28.68 28.59 27.45 25.58 24.28 22.48 21.01 19.22 18.92 17.09 15.35 14.83 13.02 11.90 10.10  8.84
19.10 19.98 20.59 20.92 20.79 20.69 20.40 20.16 20.62 20.07 20.10 20.18 20.15 20.15 20.11 20.09 20.15 20.20 20.30 20.53 20.75
traj-62:
34.67 32.79 31.06 29.35 28.17 26.18 26.41 26.66 26.93 27.01 26.96 26.71 26.51 26.34 26.48 26.94
18.20 18.20 18.33 18.39 18.48 18.59 20.47 21.89 23.49 24.04 25.88 27.51 28.86 29.95 31.92 32.59
traj-63:
37.59 36.25 35.36 33.41 31.64 30.75 28.77 27.00 26.30 26.18 26.43 26.66 27.18 27.29 27.51 27.03 26.54 25.48 24.08 22.90 20.98 19.03 17.56 16.09 14.38 12.84 11.97 10.49  9.61
18.64 18.43 18.41 18.33 18.37 18.36 18.30 18.05 16.57 14.89 14.05 12.18 10.37  9.91  7.96  6.94  6.00  4.38  4.07  4.11  4.08  4.22  4.36  4.55  4.75  4.96  5.45  6.41  7.21
traj-64:
38.55 36.91 35.86 34.72 33.19 32.57 30.89 29.34 28.06 26.47 26.01 24.44 23.55 22.11 21.24 19.28 18.68 17.02 15.16 13.23 11.61  9.87  8.13  7.05  5.12
18.36 19.07 19.05 18.95 18.89 18.97 18.69 18.41 18.69 19.46 19.84 20.52 20.54 20.48 20.47 20.59 20.65 20.91 21.07 21.44 21.69 22.12 21.55 21.38 20.99
traj-65:
33.71 32.40 31.61 30.00 28.34 28.06 27.71 27.29 26.99 26.80 26.10 25.26 23.91 23.42 22.12 20.82 19.00 17.82 16.05 14.69 14.08 12.65 11.09  9.64
18.74 19.41 19.77 20.28 21.15 21.93 23.83 25.52 27.39 27.78 28.48 30.16 30.49 30.99 31.57 31.22 30.72 30.64 31.26 31.82 32.24 33.20 34.27 35.55
traj-66:
37.79 37.50 35.57 34.19 32.45 30.70 28.99 27.96 27.10 27.14 27.13 27.12 27.11 27.31 27.29 27.09 26.83 25.45 23.76 22.87 20.93 19.81 18.06 16.29 15.42 13.68 11.99 10.48
20.01 20.11 20.61 20.85 20.84 20.88 20.69 19.10 17.97 16.37 15.05 13.17 11.53  9.83  8.72  6.80  5.94  4.66  3.92  4.00  4.06  4.10  4.15  4.38  4.31  4.53  5.31  6.62
traj-67:
36.44 35.86 34.03 32.97 31.34 29.54 27.85 26.31 24.52 24.22 22.26 21.66 19.87 18.79 17.56 15.80 14.22 12.44 10.94  9.19  7.52  6.26
18.92 19.07 19.61 19.94 20.27 20.88 21.87 21.07 20.43 20.43 20.48 20.54 20.62 20.57 21.08 20.70 20.11 19.66 20.35 21.16 20.94 20.94
traj-68:
36.75 35.18 34.43 32.60 30.69 30.25 29.02 28.41 27.59 27.74 27.84 27.19 26.67 26.02 25.18 23.20 21.43 20.84 19.11 17.93 16.76 15.26 14.99 13.18 11.40 10.18  9.37
19.82 19.73 19.51 18.98 18.71 19.12 20.06 20.92 22.34 24.26 26.02 27.69 28.76 30.40 31.43 31.51 31.24 31.14 31.47 32.07 32.61 33.42 33.54 34.37 35.11 35.66 36.01
traj-69:
38.41 36.53 35.22 33.28 33.00 31.50 30.27 28.46 28.33 27.35 27.06 27.05 27.12 27.19 27.24 27.13 26.93 26.18 25.15 23.45 22.64 20.80 19.66 17.96 17.00 15.00 13.24 11.75 11.10  9.51
18.49 18.27 18.31 18.26 18.33 19.01 19.91 19.14 18.88 17.35 16.61 14.70 13.62 12.42 10.96  9.03  7.28  5.59  4.22  3.95  3.86  3.98  4.07  3.96  3.96  3.95  3.94  3.95  3.66  3.11
traj-70:
34.76 33.68 32.54 31.09 29.65 28.48 26.79 26.22 24.43 23.54 21.79 20.04 19.16 17.65 15.92 14.69
20.55 20.57 20.69 20.88 20.94 20.96 21.37 21.19 20.79 20.70 20.64 20.66 20.63 21.09 21.94 22.49
traj-71:
37.22 35.83 34.15 33.60 31.87 31.28 30.58 28.87 27.77 27.84 28.18 28.01 27.54 26.35 24.89 23.01 21.73 20.01 18.20 16.79 15.67 14.24 13.88
19.68 19.68 19.66 19.67 19.84 19.76 20.31 20.65 22.31 24.30 26.03 27.43 28.66 30.18 30.48 30.84 31.18 31.69 31.78 32.03 32.31 33.38 34.66
traj-72:
34.98 33.30 31.65 29.84 28.50 27.91 27.09 26.66 26.26 26.14 26.10 26.10 26.06 26.06 26.05 26.03 24.32 22.55 21.76 20.36 19.30 17.92 15.93 14.20 12.62 11.95 11.23
20.58 20.81 20.86 20.91 19.93 18.28 16.64 15.19 13.83 12.36 10.51 10.29  9.40  7.56  6.75  4.88  4.10  4.07  4.08  4.09  4.16  4.26  4.51  4.75  5.62  6.88  8.31
traj-73:
36.58 35.66 34.30 32.71 30.78 30.05 28.28 27.69 26.46 24.84 23.09 21.33 19.67 18.25 16.46 15.21
19.61 19.64 19.47 19.19 18.92 18.73 18.34 18.47 19.82 20.51 20.61 20.58 20.70 21.45 21.98 20.81
traj-74:
37.70 36.07 35.54 33.88 33.02 31.25 29.80 28.56 28.21 27.82 27.92 28.18 28.45 28.73 27.65 26.30 24.85 23.02 21.82 20.12 19.58 17.83 16.72 15.64 14.06 12.51 11.28 10.67  9.32  8.92
19.41 20.36 20.52 20.82 20.88 20.87 20.84 22.20 23.02 24.60 25.95 27.45 29.03 30.57 32.12 31.82 31.34 30.77 30.78 30.62 30.48 31.14 31.29 31.69 32.40 33.31 33.96 34.52 35.83 35.97
traj-75:
38.18 36.77 36.20 34.24 33.11 31.56 30.21 29.91 28.35 27.72 26.40 26.23 26.44 26.56 27.09 27.27 27.92 26.91 25.72 24.24 22.96 21.52 20.93 18.96 17.19 15.46 13.76 12.43 11.93 10.26  9.55  8.24
19.10 18.83 18.75 18.64 18.52 18.40 18.30 18.31 17.34 16.49 15.10 13.80 12.04 10.53  9.14  8.08  7.20  5.59  4.30  4.16  4.11  4.12  4.13  4.08  4.14  4.34  4.63  6.10  7.63  7.93  8.04  8.54
traj-76:
33.91 32.96 31.60 30.05 28.34 26.49 24.59 23.43 22.24 20.46 19.51 17.57 16.77 14.79 14.01 12.52 10.92
19.52 19.89 19.73 19.49 19.36 19.62 20.16 20.14 20.14 20.15 20.16 20.29 20.25 20.30 19.42 19.01 19.24
traj-77:
37.46 36.37 34.64 32.86 32.02 30.31 29.51 28.13 27.70 27.54 27.53 27.50 26.81 26.25 24.36 22.77 21.72 19.86 17.96 16.63 15.54 15.10
20.49 20.65 20.86 20.85 20.85 20.85 20.97 22.41 24.13 25.30 26.55 27.68 29.55 30.85 31.40 31.51 31.88 32.42 32.80 33.13 33.54 35.39
traj-78:
33.70 32.25 30.70 29.32 28.10 27.87 27.60 27.23 27.10 26.92 26.71 26.60 26.42 26.32 25.03 24.47 22.66 20.94 19.48 17.58 15.60 14.50 13.35 12.18 10.37  8.76  6.96
20.11 19.78 19.63 19.47 18.28 16.61 14.75 12.94 11.99 10.87  9.20  8.02  6.24  5.35  4.12  4.08  3.96  4.05  4.14  4.16  4.30  4.32  4.80  4.67  4.58  4.70  5.48
traj-79:
35.20 34.37 32.82 31.33 30.10 28.30 26.45 25.03 23.53 22.34 21.20 19.42 17.75 15.99 15.42 13.73 11.83 10.10  8.22  6.79
18.34 19.45 19.62 19.84 20.05 20.74 21.48 20.37 20.45 20.50 20.57 20.68 21.46 21.13 21.05 21.01 20.90 20.80 20.75 19.89
traj-80:
36.84 35.53 33.69 32.20 31.03 29.83 28.67 28.10 27.87 27.59 27.33 26.61 25.72 23.99 22.56 21.24 19.90 18.39 16.45 15.05 13.17
20.70 20.88 20.92 20.92 20.90 20.86 22.33 23.98 24.71 26.46 27.47 29.13 30.16 30.45 30.79 31.07 31.25 31.59 31.19 30.63 30.92
traj-81:
36.35 37.82 36.32 34.59 33.62 31.72 29.98 28.29 28.20 27.99 27.70 27.57 27.23 27.14 26.70 26.49 26.18 24.94 23.30 21.36 20.35 18.64 16.92 15.29 14.15 12.47 10.80
20.42 20.22 19.34 18.99 18.84 18.52 18.20 17.16 15.83 14.20 12.76 12.13 10.30  9.63  7.95  5.97  4.90  3.78  3.85  3.98  4.06  4.12  4.13  4.29  4.45  4.91  5.82
traj-82:
38.04 36.46 35.12 33.80 32.45 30.97 30.40 28.63 28.33 26.70 25.22 23.43 22.24 20.75 19.00 17.10
19.06 18.74 18.31 18.30 18.32 18.32 18.32 18.42 18.43 19.15 20.08 20.22 20.35 20.47 20.42 20.12
traj-83:
36.50 34.86 33.26 31.89 30.15 28.52 27.97 27.62 27.06 27.03 27.21 27.38 27.54 27.70 26.36 24.44 23.09 21.40 19.67 17.94 17.28 15.68 13.76
19.59 20.06 20.51 20.81 20.85 21.85 22.95 23.63 25.34 25.72 27.23 28.52 29.78 31.73 32.57 32.03 31.79 31.46 31.23 30.64 30.56 30.38 30.01
traj-84:
38.61 37.86 36.35 35.74 33.84 32.53 30.78 29.01 28.24 27.69 27.34 27.10 27.12 27.05 27.03 26.80 26.58 26.39 26.32 25.09 24.23 22.55 20.59 20.29 18.50 17.37 15.45 14.00 13.27 11.57  9.94  9.08  7.75  6.25
18.06 18.20 19.13 19.25 19.58 19.64 19.57 19.44 17.83 16.75 15.02 13.34 12.89 11.00 10.70  8.98  7.54  6.07  5.48  4.03  4.02  4.02  4.08  4.08  4.01  4.00  4.44  4.76  4.90  5.66  6.31  6.64  6.88  7.20
traj-85:
37.92 36.19 34.40 33.31 31.56 29.82 27.94 27.00 25.63 23.67 21.89 20.42 19.05 18.46 17.88 17.38
18.55 19.15 19.73 20.00 20.33 20.68 20.54 20.39 20.28 20.08 20.03 20.19 20.43 20.55 20.67 20.91
traj-86:
35.81 35.23 33.47 31.85 29.85 28.47 27.80 27.17 27.20 27.00 26.71 25.77 25.42 24.22 22.65 20.73 19.05
20.56 20.66 20.89 20.94 20.99 21.70 23.20 24.90 26.76 28.75 30.45 31.77 32.38 33.19 33.86 34.42 35.11
traj-87:
39.09 37.47 36.88 35.25 33.26 31.40 29.95 28.16 27.80 27.23 27.15 27.11 27.10 26.90 26.84 26.78 26.49 25.90 24.31 22.88 20.89 19.14 17.54 16.42 15.55 13.79 11.90
19.30 19.11 19.08 19.31 19.31 19.12 18.93 18.59 17.30 15.49 13.73 12.68 10.94  9.30  8.24  6.93  5.81  4.84  3.84  4.09  3.98  3.99  4.17  4.21  4.34  4.62  4.99
traj-88:
34.36 33.24 32.07 30.32 28.42 26.50 24.57 23.09 21.63 19.87 18.61 16.75 15.29 13.32 12.43 10.88  8.99  7.55  5.98
20.58 20.72 20.84 20.85 20.62 20.52 20.85 20.85 20.86 20.75 21.59 21.97 21.55 21.33 20.93 21.09 20.92 20.37 19.53
traj-89:
34.44 33.71 32.13 30.47 28.59 28.68 28.84 28.79 28.89 28.94 28.78 28.71 28.26 26.99 25.65 24.28 22.68 21.29 19.47 17.96 16.84 15.32 14.00 12.17 10.28
18.59 18.61 19.10 19.92 20.34 21.75 23.49 24.59 26.27 27.17 28.90 29.45 31.37 32.83 33.00 33.04 32.82 32.69 32.62 32.79 33.05 33.20 33.41 33.89 34.29
traj-90:
34.63 32.91 31.25 30.13 28.69 28.39 27.84 26.23 26.38 26.44 26.47 26.68 26.76 26.75 26.78 26.83 26.90 26.89 26.63 26.45 25.65 24.22 22.80 21.18 19.42 18.11 16.64 15.75 13.98 13.21 13.03 11.14 10.61  8.97  8.41
19.57 20.43 20.77 20.89 21.62 22.64 24.31 23.17 21.86 19.89 19.59 17.64 16.09 14.26 13.36 12.00 11.13  9.29  7.52  6.06  4.51  3.95  3.99  3.96  4.10  4.27  4.43  4.52  4.83  4.97  5.21  5.76  5.90  6.46  6.72
traj-91:
38.45 38.15 36.21 35.34 34.04 33.48 31.81 29.91 28.19 26.46 26.01 24.12 22.93 21.48 19.49 19.19 18.82 17.68 16.29 14.97
18.58 18.59 18.19 18.15 18.34 18.96 19.55 19.31 19.02 19.42 19.70 20.24 20.29 20.34 20.49 20.50 20.97 20.99 20.35 18.91
traj-92:
38.06 36.98 35.16 33.92 33.08 31.26 30.15 28.56 28.21 27.63 27.59 27.10 26.53 26.73 27.09 27.10 27.93 28.95 30.04
18.21 18.33 18.36 18.48 18.50 19.23 18.99 19.24 19.60 21.24 21.54 23.40 25.16 25.80 27.74 28.70 30.46 31.49 32.57
traj-93:
35.70 35.18 33.42 31.63 29.95 28.67 27.72 27.82 26.87 26.08 26.14 26.10 26.10 26.11 26.04 26.09 24.99 23.24 21.48 20.28 18.31 17.49 15.80 14.10 13.61 11.71 11.12
18.93 18.96 18.58 18.73 19.01 18.46 16.93 16.65 14.90 13.22 12.11 10.57  9.08  8.21  6.73  4.94  4.63  4.38  4.17  4.01  3.86  3.80  3.56  3.38  3.42  3.72  3.78
traj-94:
36.88 35.29 34.76 33.03 31.83 30.41 29.54 28.12 26.74 25.05 23.57 22.97 21.22 19.76 17.99 17.38
19.72 20.48 20.76 20.87 20.90 20.91 20.85 19.98 19.69 20.44 20.57 20.62 20.59 20.56 19.86 18.37
traj-95:
37.95 36.58 34.60 32.83 32.53 30.53 29.64 28.15 27.75 26.03 26.16 26.45 26.79 26.95 27.15 28.34 29.57 30.16 31.56 32.07
20.24 20.64 20.84 20.94 20.92 20.91 20.87 20.80 21.06 22.06 23.15 24.99 26.67 28.63 28.84 30.22 31.62 32.26 33.67 34.18
traj-96:
34.26 33.14 32.08 30.16 28.58 26.86 26.72 26.60 26.94 27.13 27.24 27.39 27.32 27.25 27.17 26.87 26.30 25.11 24.10 22.76 21.00 19.57 17.67 16.55 14.61 12.84 11.65 10.44  8.52  7.12
19.89 20.21 20.58 20.88 21.79 22.71 20.95 19.53 17.69 16.05 15.19 13.25 11.63 10.18  9.05  7.34  5.69  4.17  4.08  3.99  3.96  3.99  4.01  4.10  4.31  4.58  5.15  5.41  5.78  6.03
traj-97:
35.83 35.56 33.65 32.61 31.54 30.00 28.46 26.93 25.11 23.63 22.14 20.39 19.79 17.98 17.23
18.80 18.93 19.37 19.75 19.51 19.27 20.26 20.88 20.35 20.45 20.56 20.62 20.68 20.75 21.56
traj-98:
34.89 33.01 32.20 30.51 29.47 27.97 27.57 27.01 26.43 26.43 26.16 26.04 24.80 23.51 22.54 21.52
20.18 20.59 20.67 20.85 20.99 21.88 23.00 24.64 26.53 26.83 28.77 29.04 30.37 31.85 32.12 33.39
traj-99:
37.55 35.62 34.15 32.42 31.29 29.76 28.38 28.32 27.68 27.29 27.32 27.11 26.91 26.46 26.19 25.45 24.00 22.52 20.81 19.48 18.09 16.21 14.26 12.37 10.86  9.01  8.42  6.74
20.43 20.64 20.82 20.82 20.82 20.65 19.67 17.76 15.89 14.41 12.50 10.99  9.46  7.59  5.69  4.66  4.00  4.00  3.97  3.96  4.00  4.09  4.26  4.74  4.99  5.26  5.36  5.49
traj-100:
35.45 33.55 31.82 31.22 29.28 27.62 26.11 25.71 24.25 22.46 20.98 19.29 18.11 17.90 16.15 14.37 14.07 12.26 10.29  8.58
20.14 20.66 20.95 20.96 20.96 21.73 21.45 20.90 20.19 20.27 20.18 20.37 21.04 21.26 21.74 21.83 21.87 22.00 21.94 21.64
traj-101:
36.93 36.35 34.41 32.67 31.37 29.43 28.66 26.96 26.71 26.97 27.29 26.91 26.77 25.11 23.76 22.06 21.61 21.07 19.85 18.93 17.12
18.85 18.77 18.39 19.13 20.21 20.65 21.10 21.85 23.46 24.78 26.25 28.19 29.35 30.21 30.22 31.05 31.31 31.82 32.43 32.85 33.56
traj-102:
35.04 34.74 33.13 31.60 29.72 28.24 28.17 28.21 28.33 28.38 28.36 28.24 28.24 28.14 27.08 25.37 23.55 22.10 20.66 19.34 17.34 15.83 14.37 12.88 11.78 10.70
20.32 20.33 19.53 19.09 18.66 17.43 15.50 14.68 12.96 11.51 10.09  9.07  7.43  6.55  5.09  4.34  4.08  4.10  4.10  4.07  3.99  3.97  4.22  5.10  5.98  6.91
traj-103:
36.52 34.57 32.85 31.36 29.91 28.55 27.90 26.52 25.74 24.12 22.63 22.04 20.24 19.65 17.86 15.93 14.72 12.92 11.44  9.66  7.98  6.36  5.14
20.28 20.61 20.93 20.87 20.97 20.97 21.14 21.85 20.81 20.28 20.29 20.32 20.38 20.41 20.26 20.14 19.94 20.48 20.37 20.50 20.61 20.64 20.68
traj-104:
35.89 34.19 32.72 31.15 29.18 27.78 26.71 26.62 26.70 26.87 27.11 27.46 27.02 26.94 25.77 23.80 22.31 21.46 20.26 19.28 17.49 15.56 14.69 13.49 12.01 10.42  8.95
19.85 19.76 19.79 19.85 20.02 20.53 20.88 22.74 23.32 24.79 26.35 28.19 29.88 30.17 31.76 31.46 31.27 31.11 30.96 30.91 30.74 30.43 30.34 31.82 32.15 33.32 33.71
traj-105:
36.12 34.37 32.41 30.71 29.09 28.81 28.04 27.39 26.57 27.01 26.50 26.57 26.85 26.88 26.51 26.46 25.20 23.89 22.81 21.34 19.43 18.10 16.92 15.26 14.51 12.88 11.51 10.74  9.58  9.12  7.67
19.78 20.13 20.48 20.72 19.80 19.90 18.32 16.99 15.49 13.85 12.00 10.80  9.62  7.83  6.10  5.80  4.37  4.11  4.06  4.02  3.89  3.81  3.67  3.47  3.50  3.38  4.22  4.72  5.60  5.99  7.33
traj-106:
34.71 33.20 31.56 29.84 28.02 26.21 24.33 23.44 21.67 20.20 19.61 18.23 16.46 14.89 13.25 11.77 10.52
18.64 19.39 20.43 20.57 20.46 20.26 20.37 20.43 20.56 20.67 20.73 21.43 21.97 21.90 21.73 21.49 21.42
traj-107:
36.61 35.08 33.58 31.98 31.14 30.01 28.75 28.34 28.07 27.98 27.94 28.15 28.16 27.30 26.36 27.69 27.97
19.87 19.62 19.88 20.19 20.34 20.53 21.78 23.18 24.86 25.40 26.96 28.41 29.83 31.50 32.88 34.12 35.01
traj-108:
33.66 32.19 30.85 28.99 27.41 27.17 27.33 27.53 27.98 27.86 27.59 27.63 27.56 27.01 26.12 25.72 24.07 22.25 20.64 18.90 17.75 16.04 15.17 13.69 11.85 10.57
19.29 19.43 19.55 19.98 19.19 19.01 17.05 15.98 14.18 13.12 11.27  9.81  8.63  6.73  5.35  4.61  3.94  4.01  4.03  4.12  4.29  4.51  4.62  4.75  4.70  3.82
traj-109:
38.86 37.43 36.28 34.29 33.12 31.36 30.18 29.03 27.81 26.10 24.94 23.16 21.38 20.48 19.04 18.15 16.70 15.44 14.37 13.03
20.72 20.86 20.85 20.91 20.90 20.92 20.93 20.72 20.59 20.43 20.35 20.25 20.26 20.28 20.28 20.36 20.21 20.13 20.04 19.97
traj-110:
37.10 36.99 35.27 34.21 32.78 31.07 29.30 28.16 27.13 27.27 27.06 27.04 27.01 26.70 24.84 23.99 22.17 21.17 19.46 18.74 17.03 16.41 15.05 13.55 12.66 11.12
19.13 19.41 20.31 20.53 20.75 20.87 20.94 21.57 23.22 25.05 26.45 28.16 29.06 30.87 31.40 30.82 30.21 30.33 30.17 30.29 30.70 31.13 32.38 33.52 34.12 35.20
traj-111:
36.93 36.15 34.56 32.85 30.95 30.05 28.37 27.70 27.67 27.68 27.76 27.42 27.41 27.39 26.90 25.70 24.29 22.41 20.71 19.67 17.73 16.27 14.78 13.07 12.18 10.93
19.60 19.52 19.33 19.01 18.62 18.57 17.70 16.20 14.80 12.98 11.78 10.16  8.70  6.87  6.04  4.92  3.94  3.99  4.01  4.00  4.03  4.09  4.15  4.34  4.50  4.74
traj-112:
34.65 32.90 31.06 30.64 29.03 28.50 26.54 24.59 22.83 21.06 19.57 17.85 17.20 15.71 14.05
19.02 19.21 19.30 19.38 20.13 20.33 20.37 20.00 20.15 20.16 20.19 20.10 20.12 19.44 19.02
traj-113:
34.52 33.34 31.97 30.24 29.40 27.70 27.04 26.48 26.39 26.37 26.34 26.33 26.15 26.08 26.93 27.37 28.57 30.07 31.24
20.00 18.49 18.18 18.20 18.32 18.54 20.13 21.53 22.14 23.54 25.00 25.92 27.56 28.42 29.72 30.09 31.16 32.41 33.43
traj-114:
38.74 36.97 35.67 33.83 32.46 31.27 30.35 29.77 28.49 28.14 27.97 27.47 27.19 27.00 26.78 26.58 26.29 25.37 23.66 22.29 21.40 19.69 17.71 17.41 15.70 14.24 12.34 11.39
19.21 19.30 19.42 19.18 18.93 18.66 18.35 18.06 17.32 15.66 14.84 12.93 11.67 10.31  8.56  7.42  5.96  4.46  3.88  3.97  3.97  3.89  4.01  4.02  4.09  4.07  4.36  4.91
traj-115:
34.73 33.11 31.70 29.99 28.89 28.65 27.44 27.11 26.74 26.06 24.35 22.86 21.08 19.60 18.72 17.00 16.02
20.12 20.73 20.85 21.00 22.61 23.77 25.26 24.16 22.66 21.07 20.45 20.62 20.82 20.89 20.88 20.71 20.76
traj-116:
33.79 32.13 31.28 30.16 28.44 28.16 27.70 27.49 27.29 27.28 28.18 28.94 30.28 31.58 32.82
20.18 20.51 20.69 20.92 21.85 22.87 24.70 26.10 26.95 28.93 30.35 31.58 32.77 33.66 34.27
traj-117:
38.05 36.15 34.35 32.64 31.20 29.25 28.80 28.23 27.88 27.44 27.23 26.98 26.70 26.44 26.39 26.20 25.09 23.96 22.02 21.16 19.21 17.47 15.84 14.71 13.84 12.61 11.94 11.75
20.79 20.89 20.95 20.92 20.92 20.93 19.00 17.74 15.84 14.06 12.88 11.54  9.85  8.37  7.53  5.71  4.65  3.98  3.91  3.86  4.05  4.20  4.36  4.58  4.74  5.52  6.91  7.90
traj-118:
33.92 32.54 31.43 30.32 28.89 27.27 25.64 23.87 22.57 21.09 19.61 18.71 18.45 16.67 15.41 13.63 12.21
20.29 20.60 20.82 20.75 20.54 19.84 20.04 20.11 20.17 20.16 20.11 20.08 19.93 20.03 19.87 19.98 18.98
traj-119:
38.09 36.98 35.12 34.61 32.72 30.85 30.56 28.89 28.08 27.45 27.15 27.00 26.87 26.82 26.78 25.51 23.73 23.43 21.77 21.32 19.57 18.42 16.76 14.97 13.81 12.32 10.62  9.81
19.14 19.24 19.20 19.17 18.70 18.63 18.66 19.08 19.23 21.11 23.06 24.94 26.16 28.11 29.20 30.21 30.33 30.32 31.12 31.34 31.70 31.42 30.55 30.52 30.74 31.20 31.93 32.28
traj-120:
36.33 37.45 36.08 34.44 32.60 30.96 29.19 27.84 28.01 28.02 28.12 27.85 27.60 27.47 27.12 26.95 25.84 25.45 23.47 21.90 20.56 18.58 16.69 15.58 14.11 12.73 11.73  9.83  7.89  7.61
20.75 20.34 19.34 18.96 18.69 18.59 18.19 16.96 14.98 14.12 12.44 10.68  9.33  8.37  6.71  5.86  4.33  4.27  4.02  4.08  4.09  4.14  4.26  4.49  4.79  5.55  7.04  7.62  7.83  7.93
traj-121:
35.58 33.82 32.69 30.94 29.22 28.26 26.37 24.46 24.16 22.39 21.21 19.57 17.69 15.77 13.98 12.20 10.85  8.96  6.96  5.43
19.13 19.31 19.34 19.65 19.95 20.14 20.50 20.43 20.43 20.56 20.67 20.86 21.42 21.22 21.55 21.63 21.74 21.91 21.87 21.88
traj-122:
36.53 34.69 33.15 31.52 29.85 28.40 28.29 28.06 27.66 27.04 26.16 25.50 25.28 24.69 23.84 21.92 20.80 19.24 17.73 16.06 14.51 13.66 12.52 10.93
19.24 19.52 20.10 20.62 21.00 22.00 22.76 24.22 26.08 27.41 28.93 30.36 30.57 30.81 30.94 31.17 31.85 32.98 33.22 33.63 33.98 34.18 34.71 35.20
traj-123:
39.10 37.83 35.94 35.44 33.52 32.18 31.13 29.50 28.08 27.72 27.48 27.28 27.10 26.90 26.92 26.98 26.59 26.41 26.22 25.24 24.36 22.53 20.73 18.95 18.16 16.40 14.69 12.97 11.53 10.80  9.59  9.06
18.99 18.58 18.56 18.65 19.11 19.06 19.41 20.21 19.18 17.44 16.04 14.93 13.50 12.22 10.89  9.41  8.02  6.86  5.69  4.21  4.12  4.06  4.05  4.07  4.07  4.19  4.54  4.96  5.55  5.69  4.18  3.53
traj-124:
35.21 33.25 32.14 30.42 28.96 27.18 26.27 24.50 22.71 20.94 19.75 18.89 17.44 15.80 13.94 12.33 10.45  9.50  8.24  7.00
20.44 20.62 20.73 20.94 20.86 21.72 21.41 20.72 20.71 20.61 20.65 20.67 20.72 20.15 20.24 20.26 19.90 19.79 19.77 20.02
traj-125:
34.35 32.62 30.87 30.35 28.57 28.07 26.47 26.38 26.28 26.17 26.13 25.86 25.06 23.79 22.88 21.88 22.01
19.62 19.88 20.50 20.73 21.63 21.95 22.99 24.54 26.38 27.67 29.40 30.23 31.80 32.49 32.95 34.62 35.48
traj-126:
38.88 37.42 35.57 34.60 33.01 31.90 30.31 29.72 27.98 27.16 26.78 26.43 26.20 26.13 26.05 26.01 26.07 25.20 24.22 22.37 20.63 19.28 17.33 15.86 14.16 13.06 11.90 10.56
19.29 19.48 19.23 19.09 18.79 18.56 18.09 18.06 17.17 15.54 13.79 12.13 11.40 10.54  8.84  7.32  5.73  4.42  4.30  3.88  3.94  3.97  4.02  4.25  4.53  4.93  5.66  6.88
traj-127:
38.78 37.58 35.66 34.01 32.10 31.24 29.59 27.79 27.48 25.85 23.85 22.37 21.77 20.01 19.08 17.34 16.76 14.84 13.58
18.41 18.39 18.67 18.48 18.18 18.11 18.29 19.14 19.60 20.66 20.74 20.67 20.65 20.57 20.56 19.76 19.65 19.84 20.94
traj-128:
37.70 35.88 35.04 33.17 32.34 30.63 28.99 28.67 28.29 27.80 27.57 26.90 27.78 28.97 30.67 31.22
20.02 20.37 20.51 20.74 20.77 20.87 21.73 23.19 24.85 26.17 27.18 28.76 30.10 30.47 31.27 31.44
traj-129:
37.38 36.19 35.12 33.39 31.74 30.06 29.76 28.45 27.48 27.60 27.47 27.19 27.01 26.61 26.49 26.35 26.19 25.53 24.05 22.20 20.85 19.66 17.91 16.20 14.44 12.84 11.49 10.01  8.47
19.04 19.43 19.71 19.35 19.00 18.64 18.61 17.27 16.09 14.84 13.60 12.20 11.16  9.44  8.35  6.90  5.72  4.82  3.95  4.05  4.18  4.31  4.56  4.66  4.82  5.65  7.12  6.95  6.64
traj-130:
35.67 33.92 32.47 30.61 29.44 27.53 25.63 23.65 21.84 20.43 18.61 17.02 15.86 14.96 13.24 11.77 10.43  8.65
20.79 20.90 20.00 20.10 20.28 20.39 20.26 20.41 20.72 20.77 20.60 20.65 20.49 20.38 20.27 20.18 20.16 20.06
traj-131:
36.03 34.38 32.87 31.20 30.95 29.50 29.29 27.50 27.67 27.75 27.83 27.92 27.26 27.16 25.44 24.84 23.43 21.61 19.72 18.34 16.72 14.84 13.39 12.27 10.83  8.94  7.34
19.52 18.69 18.66 19.41 19.92 20.97 21.18 21.75 22.78 24.54 26.05 27.49 28.92 30.87 31.45 31.46 31.39 31.31 31.62 31.95 31.95 31.92 31.74 31.61 31.59 31.65 32.43
traj-132:
34.87 35.93 34.80 33.29 32.06 30.35 28.94 27.36 27.44 27.39 27.24 27.13 26.95 26.84 26.58 26.26 24.86 23.24 21.54 20.96 19.00 17.81 15.95 14.43 12.92 11.45 10.27  8.39  7.67  5.94  5.18
20.57 20.03 19.18 19.26 19.32 19.24 18.99 17.81 15.82 14.09 12.75 11.33  9.69  8.31  6.84  5.09  3.96  4.00  4.03  4.05  4.12  4.15  4.35  4.70  5.52  5.91  5.81  5.42  5.33  5.19  5.09
traj-133:
34.62 33.01 31.28 29.93 28.51 27.68 26.39 24.51 23.05 21.56 19.60 19.30 18.65 17.48 16.02 15.14 13.30
20.19 20.46 20.79 20.83 20.67 20.49 20.17 20.22 20.22 20.23 20.45 20.49 21.23 21.78 21.97 22.10 22.43
traj-134:
38.60 36.88 36.29 34.52 32.75 32.15 30.39 29.79 28.57 27.72 26.42 26.24 26.21 26.23 26.34 27.07 27.95
20.61 20.81 20.84 20.93 20.94 20.91 20.98 20.98 21.64 23.24 24.32 25.53 26.67 28.44 29.31 31.14 32.33
traj-135:
34.66 33.25 31.47 29.50 28.60 27.14 27.05 27.10 27.06 27.02 26.97 26.86 26.63 26.44 26.13 24.49 22.86 21.18 19.23 17.80 16.28 15.15 14.26 12.95 11.80 10.64  9.22  8.52
20.51 19.54 19.19 19.07 19.10 17.76 16.63 14.83 12.83 12.33 10.73  8.96  7.83  6.66  4.89  4.09  3.97  3.94  3.69  3.70  3.60  3.43  3.39  3.51  4.30  5.21  6.21  7.65
traj-136:
36.78 35.12 33.58 32.77 31.37 30.54 28.82 28.36 27.90 26.89 26.49 26.33 25.76 24.24 22.74 20.97 19.02 18.72 16.91 15.98 14.81 14.20
18.67 19.23 19.89 20.22 20.62 20.86 21.83 23.19 24.50 23.87 22.25 21.67 20.63 20.16 20.09 20.16 20.43 20.45 20.74 20.12 18.91 18.28
traj-137:
37.95 36.34 34.37 32.38 30.64 30.34 28.61 28.23 27.71 27.14 26.45 26.17 25.79 25.95 26.12 26.32
20.07 20.48 20.71 20.81 20.97 20.99 21.89 23.29 25.17 26.99 28.72 29.39 31.13 33.07 33.92 35.27
traj-138:
37.93 36.16 35.30 33.44 31.68 30.47 29.22 27.53 26.00 26.01 26.05 26.10 26.26 26.31 26.62 26.70 26.40 25.41 23.85 23.33 21.61 21.31 19.53 17.78 16.04 15.44 13.72 12.49 11.03 10.42  8.53  8.14
19.03 18.19 18.20 18.29 18.40 18.53 18.82 18.60 17.41 17.11 15.34 13.36 11.67 10.35  8.38  7.79  5.86  4.45  4.08  3.95  4.08  4.10  4.14  4.16  4.36  4.45  4.82  5.58  5.98  5.69  5.37  4.61
traj-139:
36.09 34.54 33.07 31.46 30.06 28.40 27.76 25.99 25.20 23.25 21.46 19.72 18.13 16.30 14.52 12.63 12.28 10.34  8.78  7.79  7.05
20.13 19.76 19.79 20.44 20.74 20.54 20.44 20.36 20.31 20.13 20.21 20.32 21.25 21.90 21.99 21.98 21.92 21.58 20.85 19.90 18.57
traj-140:
36.04 34.50 33.64 31.79 30.61 29.46 28.30 28.20 27.61 26.83 26.37 26.30 26.22 25.10 24.93
18.78 18.24 18.20 18.40 19.15 20.39 22.00 22.28 24.13 25.87 26.11 28.05 29.22 30.10 30.35
traj-141:
39.15 38.06 36.71 35.28 33.81 31.81 30.64 28.66 28.58 27.40 27.16 27.10 27.34 27.47 27.31 27.12 26.75 26.47 26.30 26.05 25.50 24.60 23.53 21.53 20.80 19.14 18.55 16.81 15.14 13.49 12.08 11.10 10.30  9.32  7.78  7.26
20.04 20.28 20.65 20.87 20.91 20.87 20.77 20.54 19.95 18.61 17.09 15.47 14.05 13.47 11.60 10.72  8.98  7.53  6.65  5.52  4.52  4.17  3.97  3.95  3.98  4.08  4.11  3.90  3.56  3.70  3.97  5.14  6.35  7.99  9.25  9.53
traj-142:
38.32 36.38 35.02 33.86 32.50 30.74 29.20 28.43 26.70 25.64 23.80 22.05 20.56 18.79 17.01 15.14
19.93 20.30 20.51 20.66 20.79 20.89 20.81 21.22 21.85 20.88 20.58 20.73 20.81 20.61 20.52 19.92
traj-143:
35.35 34.12 32.37 30.76 29.08 27.82 26.85 26.90 26.91 26.89 26.74 27.70 28.31 27.17 25.27 23.27
18.26 18.34 18.30 18.27 19.32 20.33 21.94 23.62 24.21 26.01 27.51 29.09 30.97 32.47 32.71 32.71
traj-144:
35.82 34.26 33.05 31.73 29.82 28.66 27.02 27.20 27.67 27.66 27.46 27.24 26.94 26.72 26.36 26.36 24.58 23.45 21.69 19.72 19.14 17.21 15.78 14.11 13.41 12.26 11.12  9.81  8.56  6.88
19.11 18.82 18.73 18.73 18.30 18.02 17.15 15.49 13.64 11.71 10.84  9.68  8.04  6.88  5.14  4.84  4.15  4.14  4.11  3.95  3.89  3.70  3.61  3.81  4.06  5.33  6.78  7.62  8.46  9.24
traj-145:
35.97 34.44 33.57 31.85 30.39 28.84 28.42 27.69 27.12 26.51 26.14 24.46 23.26 21.47 20.28 18.54 17.85 16.38 14.63 13.03 11.15  9.67  7.80
20.06 20.32 20.53 20.79 20.80 21.97 22.75 24.41 23.39 22.65 21.26 20.45 20.54 20.67 20.75 20.81 20.83 20.82 20.97 21.29 21.57 21.71 21.90
traj-146:
36.31 35.23 33.50 31.75 30.02 28.38 27.69 27.14 26.09 26.09 26.11 26.09 26.65 27.16 27.71 28.57
20.26 20.68 20.85 20.85 20.84 21.75 23.26 24.30 25.12 26.91 28.59 29.77 31.53 32.55 33.81 34.82
traj-147:
34.42 33.06 31.18 30.36 29.26 27.69 27.23 26.66 26.44 26.17 26.28 26.42 26.53 26.12 26.22 24.43 23.29 22.40 21.10 19.24 17.72 15.76 14.39 13.37 11.69 10.19
19.30 19.15 18.95 18.60 18.21 17.15 16.40 14.99 13.77 12.50 10.98  9.88  8.67  6.78  5.24  4.56  4.31  4.16  4.02  3.97  4.03  4.04  4.01  4.05  4.64  5.35
traj-148:
38.07 36.98 35.62 34.08 33.52 32.26 31.18 29.58 29.11 27.28 26.28 25.28 23.35 21.58 19.81 18.45 16.49 15.23 13.40 12.10 11.16  9.36  7.96
18.33 18.17 18.42 18.72 19.00 19.22 19.38 19.83 19.96 20.65 20.67 20.47 20.25 20.23 20.16 20.37 20.23 20.25 20.12 20.14 20.10 20.75 21.26
traj-149:
38.60 37.73 36.16 34.60 32.66 31.77 30.34 28.70 28.56 28.22 27.98 27.21 27.03 26.63 24.80 23.16 21.86 20.55 20.03 18.27 16.56 15.33 13.68 11.90 11.33  9.70
19.47 19.40 19.65 20.55 20.95 20.92 20.84 21.72 23.43 25.37 25.89 27.67 29.06 31.00 31.52 31.50 31.73 32.35 32.57 33.42 34.04 34.69 35.55 36.10 36.28 36.90
traj-150:
38.48 36.65 35.53 33.78 32.58 30.79 29.90 28.44 26.99 26.23 26.30 26.28 27.13 27.23 27.29 27.20 27.00 26.84 26.57 26.24 25.54 23.91 22.34 21.04 20.15 18.50 16.51 14.80 12.99 12.17 11.93 11.66 10.44  9.29
20.16 20.70 20.84 20.91 20.94 20.92 20.94 21.84 22.83 21.38 19.54 18.94 17.17 15.42 13.76 12.11 10.36  8.91  7.21  5.91  4.54  3.83  3.82  3.87  3.91  4.01  4.09  4.12  4.32  6.09  7.26  8.25  9.01  9.08
traj-151:
34.10 33.94 32.63 31.67 29.77 27.93 26.63 25.53 23.57 22.37 21.17 19.21 17.44 16.36 14.44 13.02 11.48  9.85  9.42  7.49
18.12 18.38 19.01 19.15 19.69 20.16 20.35 20.53 20.83 20.84 20.85 20.87 21.35 20.34 20.70 21.29 22.17 21.76 21.50 21.11
traj-152:
34.58 34.11 33.85 32.10 30.18 29.64 28.24 27.55 26.81 26.82 26.82 26.76 27.08 27.24 27.84 28.05 28.85 29.52 30.09
19.90 19.36 19.22 18.37 18.53 18.43 19.37 19.65 21.30 21.60 23.32 23.91 25.71 26.25 27.92 28.73 30.50 32.09 33.64
traj-153:
34.36 32.93 31.30 30.74 28.99 27.94 27.14 26.67 26.15 26.16 26.13 26.06 26.33 26.41 26.21 25.64 23.71 21.80 19.94 18.26 16.79 15.01 13.26 12.09 10.69
19.46 20.18 20.75 20.87 20.65 19.01 17.30 15.93 14.22 13.38 11.71 10.13  8.16  6.29  5.45  4.42  4.12  4.05  3.92  3.90  3.86  3.98  4.01  3.94  3.89
traj-154:
36.82 35.70 33.85 32.22 30.97 29.90 28.51 26.56 25.51 24.04 22.55 20.77 18.84 17.04 15.50 14.16 12.28 10.33  8.79  7.24
19.47 18.90 18.27 18.24 18.38 19.49 20.39 20.59 20.23 20.05 20.09 20.19 20.43 19.95 20.20 20.66 20.71 20.29 19.94 19.67
traj-155:
35.08 33.47 31.76 30.28 28.88 28.12 27.75 27.78 27.78 27.81 27.73 27.71 26.80 24.99 23.81 22.09 20.22 18.76 16.92 15.17 13.55 11.78  9.95  8.38  7.05
20.38 20.68 20.96 20.81 21.53 23.30 24.60 26.59 27.16 28.62 30.40 30.70 32.24 32.11 32.06 31.54 31.75 31.78 32.02 32.15 32.47 32.81 33.17 33.57 34.00
traj-156:
37.39 36.17 34.57 33.46 32.40 30.44 29.42 27.63 27.68 27.58 27.60 27.36 27.10 26.96 26.86 26.69 26.51 26.37 26.14 24.57 23.99 22.26 21.67 20.25 18.27 16.51 15.06 14.20 12.72 10.81
18.98 19.39 20.02 20.33 20.61 20.85 20.99 21.60 19.75 18.61 16.69 14.73 12.81 11.29 10.11  9.00  7.64  6.47  5.04  3.87  3.90  3.94  3.98  4.06  4.16  4.33  4.47  4.59  4.81  5.26
traj-157:
34.39 32.68 31.26 29.44 27.95 26.09 26.04 24.24 22.74 20.98 19.49 18.85 17.83 16.20
19.31 20.11 20.50 20.95 21.78 21.46 21.16 20.52 20.47 20.40 20.34 19.94 18.82 18.35
traj-158:
36.39 35.75 33.91 33.34 31.65 30.20 29.62 27.98 27.74 27.62 27.43 27.21 26.63 26.21 24.85 22.98 21.16 20.02 18.08 17.21 15.41 13.97 12.29 10.88  9.21  8.71  7.20
19.72 19.80 20.33 20.45 20.81 20.89 20.97 21.99 23.66 24.52 25.98 27.05 28.92 30.38 31.72 31.92 31.57 31.53 31.05 30.85 31.03 31.15 31.21 31.45 32.29 32.53 32.81
traj-159:
38.92 37.84 36.11 34.63 33.16 31.31 29.55 27.76 27.44 27.07 27.36 27.60 27.56 27.36 26.96 26.68 25.74 25.30 23.78 22.26 21.17 19.27 18.97 17.02 15.02 13.33 11.47
19.20 19.22 19.22 19.31 19.25 19.20 20.13 19.29 18.13 16.35 14.63 13.32 11.54  9.74  8.09  6.64  4.89  4.53  4.18  4.12  4.10  4.04  4.03  4.08  4.05  4.04  3.58
traj-160:
36.35 34.83 33.10 31.31 29.48 28.37 26.71 25.51 23.60 23.00 21.24 20.94 19.17 18.27 16.76 16.29 14.55 13.43
18.60 18.69 18.75 19.39 20.14 20.48 20.79 20.67 20.31 20.24 20.19 20.20 20.29 20.31 20.16 19.99 19.97 20.18
traj-161:
37.31 35.41 34.21 32.73 31.67 30.33 28.63 26.96 27.11 26.53 26.33 27.05 27.24 28.10 28.79 30.20 30.91 31.85 32.82
19.15 19.32 19.40 19.46 19.71 20.00 20.74 21.45 22.26 23.81 24.79 26.58 27.82 29.31 30.19 31.59 32.23 33.04 33.88
traj-162:
36.74 35.10 34.70 33.00 31.51 30.31 28.61 28.34 26.67 26.56 26.75 26.85 27.02 27.23 27.24 27.29 27.32 27.21 26.64 26.48 26.11 25.76 24.08 22.93 21.03 19.20 18.03 16.26 15.10 13.62 11.83 11.35
19.38 20.41 20.68 20.96 20.94 20.94 21.83 21.97 22.83 21.90 20.11 19.29 17.66 16.04 14.20 12.46 10.65  9.21  7.36  6.24  5.15  4.67  4.11  4.01  3.83  4.01  4.29  4.56  4.70  4.88  5.48  5.82
traj-163:
36.46 36.07 34.33 32.80 30.84 28.93 28.37 27.89 26.13 24.75 24.16 22.37 20.61 20.31 18.59 16.76 16.16 14.25 13.16 11.82  9.98  9.68  7.85  6.79  5.47
19.48 19.14 19.01 18.82 18.44 18.66 19.32 19.61 20.29 20.78 20.81 20.84 20.79 20.77 20.82 21.20 21.23 21.25 21.13 20.99 21.34 21.35 20.74 19.88 19.37
traj-164:
37.88 36.70 35.86 34.04 32.27 30.83 29.93 28.55 28.26 28.42 28.31 28.15 27.96 27.55 26.10 25.28 23.47 23.05 21.48 20.65 18.91 17.03 16.57 15.15 13.78 12.54 10.71  9.82
18.14 18.13 18.13 18.14 18.27 18.23 18.32 19.06 20.90 22.65 23.52 24.64 26.47 27.91 29.15 30.48 30.77 30.96 31.17 30.93 30.66 31.32 31.60 32.22 32.33 32.58 33.20 33.59
traj-165:
34.15 32.43 31.01 30.43 28.84 28.74 28.09 27.12 26.49 26.64 27.10 27.28 27.07 26.75 26.63 26.35 24.97 24.17 22.50 20.93 19.67 18.10 16.33 14.57 13.69 12.34 11.44 10.89  9.67  7.97  7.29
20.70 20.78 20.82 20.76 20.50 19.91 18.26 17.60 15.94 15.06 13.30 11.84  9.88  8.19  7.06  5.29  3.92  3.94  4.00  4.00  4.05  4.04  4.10  4.41  4.56  5.96  7.35  7.86  8.31  8.35  7.63
traj-166:
38.62 36.93 36.05 34.07 33.77 32.06 30.27 28.67 28.42 26.88 26.03 25.20 23.55 22.37 21.23 19.97 19.49 17.96 16.47 15.29 13.88 12.70 11.11
20.21 20.46 20.63 20.82 20.83 20.94 20.92 21.81 21.98 22.92 21.73 20.43 20.23 20.34 20.58 20.77 20.93 21.58 22.09 22.14 22.11 22.13 22.19
traj-167:
37.28 36.23 34.29 33.17 31.70 29.98 28.77 28.62 27.70 27.08 26.35 27.00 26.27 25.61 23.96 23.36 21.67
19.57 20.07 20.47 20.56 20.70 20.94 22.43 22.69 24.38 25.58 27.38 29.14 30.63 32.30 33.01 33.06 33.21
traj-168:
34.07 33.38 31.79 30.66 28.90 28.19 27.51 27.25 26.37 26.12 26.31 26.55 26.85 26.43 25.29 23.58 21.60 20.77 19.13 17.38 15.62 13.85 13.00 11.48  9.88  8.46
18.33 18.33 18.37 18.37 18.28 17.41 15.93 15.61 13.82 13.23 11.28  9.60  7.71  5.78  4.20  4.08  4.06  4.03  4.33  4.64  4.68  4.81  4.78  5.95  5.00  4.21
traj-169:
34.78 33.16 32.67 30.72 28.96 27.36 25.51 24.92 23.14 21.35 20.38 18.47 18.38 17.67 16.22 15.01 13.09 12.19 11.01
20.08 19.75 19.74 19.53 19.36 20.28 20.83 20.89 20.87 20.78 20.77 20.54 20.25 19.86 19.15 19.55 19.85 20.47 21.28
traj-170:
35.59 33.99 32.01 31.40 30.38 28.94 27.92 27.33 26.83 27.09 27.42 28.06 28.50 27.90 26.00 24.94 23.07 21.28 19.30 18.07
18.72 18.84 18.74 19.04 19.73 20.64 22.06 22.82 24.72 26.22 27.43 29.13 30.32 32.05 31.92 31.56 31.04 30.63 30.47 30.53
traj-171:
36.15 35.85 33.89 32.52 30.94 29.09 27.77 27.10 26.80 26.67 26.60 26.59 26.50 26.58 26.31 26.23 24.43 22.73 21.20 19.25 18.68 16.97 15.14 13.86 12.58 11.93 11.04
18.03 18.07 18.26 18.32 18.41 18.22 17.08 15.55 13.74 12.27 10.86  9.22  8.23  6.74  4.84  4.55  3.77  3.86  4.00  4.06  4.11  4.18  4.39  4.90  5.61  6.22  6.65
traj-172:
34.95 33.99 32.63 30.69 28.90 27.62 26.02 25.45 23.82 22.38 21.24 20.07 18.80 17.16 16.39
19.65 19.63 19.69 19.75 19.84 19.95 20.06 20.25 20.31 20.51 20.60 20.53 20.44 20.14 19.87
traj-173:
35.95 35.65 33.72 33.42 31.43 29.94 28.31 28.02 27.30 27.00 26.81 26.97 27.49 27.81 26.55 24.61 24.33 22.69 22.13 20.71 19.12 17.58 15.87 15.28 13.38 11.60  9.82
20.11 20.11 20.64 20.67 20.85 20.94 21.81 22.26 23.68 25.26 27.22 28.80 30.14 31.61 32.92 33.24 33.14 32.48 32.26 31.71 31.23 30.69 30.67 30.74 31.31 31.61 32.02
traj-174:
36.37 34.43 34.13 32.28 30.65 29.30 27.51 26.52 26.42 26.13 26.21 26.40 26.52 27.01 27.31 27.10 26.32 25.30 23.65 22.24 21.13 20.04 18.49 16.79 15.07 14.22 12.44 10.48  9.59
18.63 18.57 18.57 18.61 18.56 18.50 19.19 17.94 17.46 15.49 14.04 12.16 11.10  9.99  8.45  7.14  5.49  4.53  4.12  4.03  3.97  3.96  4.05  4.03  4.10  3.92  3.93  3.84  3.89
traj-175:
36.68 34.96 33.50 31.75 30.36 28.75 26.84 26.26 24.60 24.01 22.25 21.38 19.71 18.22 17.63 17.33 15.57 14.37 14.16 12.70 11.87 10.07  8.22
18.74 18.46 18.40 18.17 18.19 18.21 18.44 19.74 20.29 20.30 20.38 20.43 20.68 21.70 22.16 22.18 22.20 21.35 21.13 20.10 19.87 19.36 18.80
traj-176:
35.99 34.38 32.55 31.70 30.56 29.74 28.40 28.10 27.95 27.28 26.71 27.15 27.34 27.27 26.05 24.44 23.41 21.95 20.78 19.68 18.03 17.14
18.28 19.13 19.81 19.98 20.31 20.58 21.60 23.37 24.21 25.59 27.17 28.41 29.11 30.90 32.17 32.70 33.10 33.66 34.24 35.69 36.79 36.94
traj-177:
34.91 34.09 32.80 30.95 28.96 27.33 26.88 26.54 26.47 26.40 26.28 26.36 26.42 26.62 26.89 26.53 25.67 25.03 23.24 22.10 20.93 19.40 17.78 16.67 14.95 13.80 12.31
19.18 18.87 18.68 18.10 18.01 17.11 15.72 14.66 14.40 13.42 12.25 11.38 10.02  8.52  7.44  5.72  4.24  3.85  4.00  3.99  3.95  3.93  3.89  3.93  3.98  4.01  4.34
traj-178:
33.63 33.33 31.34 30.77 28.87 28.59 26.67 25.55 24.23 22.45 21.02 19.08 17.52 16.45 15.01 13.32 11.56 10.60  9.58  8.64
20.63 20.65 20.77 20.86 20.70 20.60 20.31 20.08 20.15 20.26 20.34 20.36 21.13 21.60 21.76 21.85 21.19 21.00 20.74 20.48
traj-179:
38.33 37.59 35.97 34.67 32.98 31.47 29.60 28.38 27.28 26.60 26.81 27.29 27.80 27.78 27.67 27.03 25.91 23.96 22.33 20.40 18.69 17.06 16.31 14.52 12.72 12.13
19.41 19.44 19.47 19.31 18.78 18.15 18.37 19.85 21.18 23.06 23.61 24.98 26.70 27.25 28.95 30.77 30.86 31.14 31.31 31.51 31.24 30.73 30.59 30.24 30.16 30.08
traj-180:
34.60 33.84 32.55 31.06 30.47 28.63 28.34 28.06 28.08 28.07 28.10 28.11 28.08 28.08 28.05 28.03 27.43 27.25 25.30 23.52 23.01 21.37 20.28 18.88 17.50 16.61 15.14 13.23 11.97 11.50 10.45  9.30  8.74
18.87 19.27 19.74 20.24 20.20 19.57 18.47 16.50 15.35 14.20 12.21 11.35  9.59  7.82  6.35  5.75  4.11  3.87  4.24  3.99  3.98  3.97  3.98  4.01  4.12  4.16  4.24  4.68  6.03  6.39  7.55  8.94  9.15
traj-181:
38.75 37.30 35.83 34.01 32.32 31.26 30.28 28.40 27.14 26.18 24.81 23.04 21.28 19.33 17.54 16.14 14.70 13.02 11.38 10.23  8.63  6.88  5.91
19.00 19.15 19.24 18.87 18.30 18.34 18.43 18.64 19.45 20.26 20.87 20.85 20.77 20.68 21.19 21.51 21.81 21.98 22.05 22.14 21.67 21.00 20.96
traj-182:
35.12 34.82 33.24 31.76 29.90 28.04 26.92 27.00 27.11 27.31 27.46 27.54 26.53 25.50 24.12 22.42 21.25 19.54 18.06 16.94 15.69
20.24 20.27 19.35 19.25 19.73 20.29 20.98 22.68 23.35 25.25 27.11 28.01 29.59 31.23 31.73 32.38 32.91 33.85 34.40 34.84 35.29
traj-183:
35.50 34.05 32.62 30.86 29.42 27.66 27.63 27.25 26.96 26.81 26.72 26.60 26.63 26.47 26.30 26.07 24.54 23.27 21.34 19.38 17.69 16.27 14.68 13.19 11.73 10.59  9.11  7.26  6.64
20.80 20.84 20.80 20.85 20.78 20.00 18.34 16.77 14.80 13.78 11.81 10.57  8.63  7.42  5.85  4.74  3.88  3.94  4.01  4.04  4.14  4.40  4.70  4.59  4.54  4.47  4.19  4.00  3.93
traj-184:
37.57 36.51 34.82 34.28 32.82 30.84 29.39 28.43 26.81 25.87 24.23 23.93 22.17 20.98 19.19 17.46 15.65 14.23 13.13 11.46 10.59  8.91  7.16
20.19 20.60 20.84 20.84 20.88 20.93 20.90 20.99 21.41 20.99 20.31 20.30 20.26 20.25 20.66 21.15 21.96 22.03 22.01 22.00 21.98 21.99 21.98
traj-185:
33.98 32.79 31.62 30.32 28.97 28.48 28.05 27.51 27.25 26.86 26.59 25.65 24.38 22.40 21.38 20.33 18.46 17.06 15.58 15.20 15.17 15.02
18.80 19.44 19.99 20.33 21.41 23.06 24.42 25.90 26.54 27.87 29.21 30.04 31.14 31.35 30.88 30.51 30.52 30.74 31.12 32.85 34.14 35.56
traj-186:
35.42 33.71 32.82 31.06 29.66 28.46 27.53 26.94 26.63 26.46 26.23 26.22 26.22 26.23 26.25 26.34 26.20 26.14 25.98 24.22 22.65 20.90 20.60 18.62 16.94 15.85 13.88 12.52 12.38 11.36 10.84
20.57 20.65 20.66 20.79 20.81 19.94 18.31 17.41 15.47 13.48 12.90 12.05 10.85  9.33  8.82  7.04  5.55  5.00  4.75  4.11  4.09  4.13  4.15  4.09  4.13  4.14  4.24  5.53  5.80  7.32  8.08
traj-187:
33.96 32.10 30.80 29.93 28.31 26.70 24.83 23.34 22.44 20.97 20.08 18.25 16.59 15.81
20.09 19.82 19.84 19.81 20.44 20.92 20.97 20.95 20.93 20.80 20.73 20.59 21.04 21.20
traj-188:
35.05 34.21 32.78 31.02 29.75 28.23 27.99 27.76 27.62 27.50 26.83 26.66 26.57 24.99 23.59 22.24 20.46 18.73
19.15 18.89 18.27 18.19 18.32 19.20 20.92 22.60 24.36 25.07 26.92 28.70 29.57 30.20 31.05 31.04 31.17 30.71
traj-189:
35.61 34.04 32.12 30.45 29.91 28.02 27.09 26.66 26.31 26.17 26.21 26.29 26.27 26.27 26.27 26.28 26.52 27.04 25.67 24.22 23.41 22.03 20.33 19.52 18.12 16.28 14.30 13.71 11.78 10.10
19.68 19.86 19.98 20.06 20.27 20.91 19.15 18.17 16.35 15.39 14.22 12.23 10.65  9.07  8.03  6.85  6.67  5.93  4.61  4.09  4.00  3.98  3.93  3.90  3.79  3.71  4.00  4.09  4.42  5.29
traj-190:
38.93 37.62 36.52 34.56 34.26 32.37 31.65 30.20 28.44 26.49 26.19 24.43 23.24 21.47 19.81 18.50 17.39 15.74 14.69
19.67 20.02 20.24 20.52 20.53 20.75 20.80 20.79 20.52 20.34 20.33 20.29 20.21 20.14 20.28 21.22 21.61 20.70 20.13
traj-191:
38.75 36.76 35.33 33.88 32.72 31.53 30.07 29.19 27.67 27.35 27.02 26.52 26.28 26.09 25.49 23.65 22.20 20.30 19.35 18.08 16.62 14.86 13.51 11.73
20.63 20.78 20.83 20.89 20.89 20.89 20.89 20.89 21.97 23.62 25.17 27.09 28.88 29.43 30.73 31.31 31.25 31.29 31.69 32.41 32.94 33.56 33.84 34.60
traj-192:
34.00 32.17 30.35 29.17 27.37 26.29 26.27 26.55 26.80 27.12 27.33 27.15 26.86 26.57 26.44 25.40 23.67 22.58 20.84 19.78 18.62 16.77 16.47 14.70 13.96 12.01 11.54
19.85 19.54 19.16 18.99 18.79 18.62 16.86 15.18 13.42 11.82 10.93  9.54  8.18  6.76  6.18  4.68  3.91  3.94  3.96  3.95  3.89  3.69  3.67  3.71  3.69  3.67  3.46
traj-193:
33.94 33.14 31.16 29.74 28.52 28.27 26.33 24.48 23.29 22.10 20.62 19.75 18.23 16.41 14.67 13.69
20.31 20.58 20.86 20.94 20.94 21.11 20.86 20.30 20.41 20.52 20.46 20.38 20.70 21.19 20.89 20.15
traj-194:
34.92 33.23 31.57 30.14 28.74 28.22 28.01 27.83 27.68 27.62 27.17 25.65 24.31 23.07 21.82 21.17
20.43 20.60 20.89 20.90 20.93 22.55 23.16 25.01 26.27 28.03 29.65 30.59 30.48 31.85 33.06 33.44
traj-195:
38.32 36.55 36.25 34.51 32.54 31.08 29.11 28.94 28.12 27.86 27.13 26.52 26.31 26.30 26.41 26.56 26.86 26.56 26.19 24.33 22.99 22.14 20.79 19.85 18.76 17.01 15.61 14.43 12.68 11.52 10.55  8.80  7.66
20.48 20.69 20.71 20.80 20.83 20.87 20.79 19.91 18.33 17.80 16.12 14.74 12.80 12.06 10.21  8.92  8.08  6.39  4.66  4.17  4.01  3.90  3.74  3.92  4.01  4.29  4.50  4.69  5.60  6.69  7.18  6.65  5.15
traj-196:
37.24 36.17 34.75 33.30 32.11 30.61 29.47 28.97 27.19 26.46 24.81 23.83 22.05 20.87 18.98 17.23 15.69 14.26 13.55 12.23 10.31  8.38  7.24  6.24
20.38 20.60 20.87 20.87 20.85 20.82 20.77 21.04 21.55 21.13 20.56 20.55 20.51 20.55 20.24 19.46 20.19 21.06 21.20 21.33 21.44 21.34 21.33 21.25
traj-197:
36.21 35.69 33.79 33.52 31.82 30.93 29.90 29.70 28.74 27.14 26.40 26.32 26.53 26.67 27.32 28.21 28.55 29.81 30.81 32.55 33.89
19.55 19.60 19.07 18.93 18.13 18.23 18.47 18.69 18.79 19.46 21.20 23.04 24.22 25.38 26.51 28.30 29.36 30.04 30.29 30.72 31.04
traj-198:
37.67 35.99 34.80 33.81 31.96 30.12 28.75 28.13 27.85 27.68 27.42 27.32 27.15 26.90 26.66 26.26 25.25 23.54 21.78 20.07 18.65 16.91 15.47 13.84 12.91 11.97 10.29  8.92  8.19  6.68  5.14
20.14 19.93 19.71 19.42 19.28 19.10 18.18 17.35 15.38 14.63 12.81 11.63 10.56  8.61  7.17  5.44  4.42  3.96  4.01  4.02  4.11  4.14  4.30  4.62  6.32  7.64  7.66  7.47  7.19  6.57  5.72
traj-199:
36.13 34.45 33.57 32.16 30.57 29.74 28.20 26.49 24.71 22.94 21.20 19.44 18.34 16.77 14.94 13.29 12.84 11.19 10.60  9.17  8.88
18.89 18.53 18.39 18.73 19.16 19.25 19.50 19.71 20.32 20.37 20.46 20.55 20.76 21.08 21.59 21.63 21.62 20.59 20.26 19.21 18.18
traj-200:
35.18 33.95 32.05 30.10 28.83 27.79 26.67 26.66 27.01 27.07 27.19 26.91 26.50 24.70 23.54 22.08 20.61 19.19 18.17
19.89 19.47 19.58 19.30 19.20 19.45 20.32 22.07 23.83 25.72 27.21 29.08 30.13 30.97 31.23 31.68 32.01 32.31 32.57
traj-201:
34.70 34.40 32.67 30.93 30.33 28.63 28.32 27.91 26.38 26.67 26.89 27.13 27.13 27.12 27.02 26.97 26.79 26.70 26.45 26.23 26.06 24.42 22.58 20.70 19.26 17.29 16.10 14.36 12.82
20.71 20.72 20.81 20.86 20.89 21.75 22.64 23.65 23.10 21.19 19.67 18.00 16.22 14.74 13.29 12.47 10.54  9.46  7.71  5.97  4.79  4.13  3.93  4.01  4.07  4.16  4.29  4.50  5.29
traj-202:
38.73 37.07 36.02 34.93 33.19 31.79 30.34 28.58 26.96 26.83 26.17 24.35 23.46 21.69 20.48 18.76 17.13 15.23 13.45 11.91 10.41  8.90  7.98  6.34  5.15
18.85 19.79 20.32 20.74 20.96 20.96 20.97 21.89 22.72 22.44 20.86 20.16 20.11 20.16 20.22 20.37 20.33 20.41 21.03 21.27 21.02 20.91 20.76 20.55 20.39
traj-203:
36.90 35.26 33.84 32.85 31.14 30.12 29.84 28.61 27.63 27.63 27.70 27.49 27.59 27.28 26.98 25.56 25.08 23.53 21.90 21.48 20.04 18.24 16.31 14.84 13.44
18.41 19.09 18.97 18.46 18.17 18.30 18.62 19.43 21.02 21.32 23.06 24.61 26.48 28.11 29.46 30.82 30.99 31.87 32.53 32.77 33.51 34.35 34.83 35.03 36.11
traj-204:
34.82 32.91 31.70 29.73 28.41 27.42 26.29 26.12 26.10 26.25 26.32 26.61 26.84 26.94 26.28 25.18 23.35 21.43 20.05 18.88 17.15 15.17 13.62 12.93 10.95
18.24 18.33 18.28 18.02 17.33 16.46 15.14 13.25 12.95 11.03 10.17  8.21  8.01  6.05  5.52  4.56  3.95  4.04  4.10  4.13  4.01  3.99  3.68  3.65  3.56
traj-205:
36.63 34.93 33.01 31.30 29.35 28.01 27.78 26.03 25.40 23.42 21.63 20.15 19.56 17.82 17.02 15.13 13.28 12.80 11.17  9.31  7.70  7.15
20.05 20.45 20.71 20.85 20.99 21.82 22.02 21.72 20.71 20.58 20.57 20.54 20.53 20.80 21.11 21.31 21.71 21.76 22.05 21.45 20.42 20.25
traj-206:
33.61 31.95 30.35 28.79 28.72 28.65 28.68 28.75 28.92 30.60 31.61 33.04 34.18
20.42 20.70 20.91 21.82 22.12 23.87 25.57 27.35 29.24 30.23 30.84 31.56 32.27
traj-207:
38.67 37.02 36.08 34.24 33.35 32.04 30.20 28.77 27.73 27.63 27.62 26.52 26.66 26.69 26.54 26.50 26.33 25.00 23.40 22.48 21.09 19.62 18.43 17.25 16.21 15.19 13.51 12.51 10.60  9.07  7.46  5.76  5.49
19.35 19.26 19.25 19.25 19.25 19.19 18.75 17.62 16.01 14.79 12.98 11.42 10.16  8.79  7.87  6.26  5.86  4.66  3.93  3.97  4.03  4.08  4.09  4.13  4.16  4.20  4.60  4.46  4.79  4.29  3.91  3.25  3.37
traj-208:
37.97 36.72 36.03 34.32 33.58 31.65 30.13 29.10 27.52 26.45 25.01 23.54 21.76 21.46 19.52 19.01 17.43 16.86
18.57 19.06 19.25 19.65 19.67 19.69 19.70 19.82 20.09 20.10 20.17 20.27 20.38 20.40 20.61 20.75 21.22 19.50
traj-209:
36.37 35.03 33.19 32.89 31.16 29.25 28.50 27.07 26.46 26.40 26.40 26.49 27.19 27.72 29.16 29.82 29.93 29.61 28.21 27.08 25.99
20.10 20.04 19.93 19.97 20.06 19.53 19.34 20.40 21.67 23.15 24.90 26.15 27.77 29.13 30.39 31.10 32.89 33.72 34.66 35.13 35.65
traj-210:
35.85 36.34 37.50 35.62 33.67 31.88 30.65 29.28 27.98 27.76 27.66 27.60 27.38 27.11 26.98 26.84 26.69 26.24 25.38 24.23 23.39 21.45 19.68 18.23 16.55 15.63 14.24 12.57 11.46  9.90  8.02  6.42
20.69 20.35 19.34 19.18 19.08 19.04 19.07 18.87 17.69 15.74 13.78 13.33 11.74 10.22  9.30  7.76  6.28  5.15  4.28  4.02  3.99  4.02  4.15  4.15  4.22  4.59  4.70  5.62  7.17  7.47  7.76  7.96
traj-211:
34.98 34.69 32.75 30.86 30.11 28.78 26.97 25.55 23.64 22.45 20.98 19.35 18.55 16.69 15.14 13.37 12.16 11.29 10.15
19.60 19.64 19.58 19.67 20.17 20.66 20.87 20.75 20.58 20.50 20.38 20.68 20.87 21.53 20.68 20.02 19.68 18.97 18.03
traj-212:
37.30 36.73 35.06 33.91 32.02 30.89 29.21 28.08 27.92 27.61 27.45 27.72 27.99 27.41 26.96 26.30 24.69 23.05 22.37 20.82 19.97 18.08 16.60 15.03
19.10 19.02 18.76 18.56 18.76 19.25 20.09 21.53 22.39 23.63 25.16 26.70 28.08 29.77 30.14 31.75 32.57 31.87 32.17 32.57 33.00 33.55 33.91 34.32
traj-213:
35.82 34.48 32.62 31.69 30.04 28.25 28.15 27.66 27.30 27.14 27.06 26.89 26.70 26.57 26.36 26.22 25.40 24.18 23.32 21.96 20.09 18.14 16.26 14.39 12.66 12.04 10.70  9.42  8.14  6.28
20.28 19.43 19.27 19.11 20.16 19.28 17.63 16.03 14.07 12.26 11.22 10.20  8.98  7.76  6.65  5.76  4.58  3.99  3.99  3.99  4.02  3.98  4.05  4.14  4.50  4.69  4.92  5.17  5.52  6.03
traj-214:
39.07 37.37 35.37 35.32 34.12 32.18 31.17 29.71 27.96 26.27 24.39 23.19 21.73 20.57 19.72 18.27 18.07
20.59 20.83 20.89 20.88 20.86 20.87 20.88 20.85 20.73 20.62 20.66 20.66 20.64 20.60 20.67 19.94 19.05
traj-215:
38.68 36.87 35.65 34.54 32.81 31.32 29.83 28.31 27.92 27.32 27.28 27.25 27.28 26.55 25.27 23.61 22.00 21.68 20.13 18.72 17.50
19.36 19.91 20.25 20.62 20.99 20.99 20.99 21.86 22.97 24.86 26.83 28.58 29.62 31.27 32.30 32.54 32.91 33.29 34.27 35.21 36.08
traj-216:
38.96 37.24 35.48 34.22 32.35 31.20 30.32 28.84 28.05 28.02 27.50 27.33 27.27 27.26 27.22 27.20 26.96 26.25 25.23 23.68 22.43 21.32 19.42 17.48 16.30 14.58 13.44 12.99 11.23
18.20 18.56 18.76 19.15 19.41 19.29 19.23 18.81 17.23 16.74 14.95 14.38 12.92 11.07  9.13  7.94  7.02  5.30  4.34  4.15  4.07  4.03  3.90  4.04  4.18  4.55  4.75  5.04  5.57
traj-217:
36.50 35.72 34.18 32.48 30.82 29.68 28.58 27.97 27.27 26.49 26.26 24.90 23.73 21.94 20.75 18.90 17.40 15.97 14.83 12.90 11.38  9.73
19.43 19.82 20.49 20.66 20.68 20.89 22.27 23.89 24.03 22.26 20.83 20.25 20.27 20.35 20.45 20.38 20.07 19.70 19.56 19.15 19.44 19.60
traj-218:
38.47 37.58 36.14 34.96 33.28 31.61 30.17 28.70 28.26 27.31 26.49 26.62 27.04 27.33 27.20 26.64 25.01 23.30 21.48 20.29 19.65
20.62 20.75 20.89 20.87 20.87 20.91 20.92 21.85 22.62 24.01 25.50 26.54 28.05 29.77 30.96 32.21 32.38 32.51 32.44 33.95 35.00
traj-219:
33.94 32.50 30.74 29.23 27.94 27.96 27.97 27.74 27.53 27.33 27.20 26.80 26.43 25.65 24.59 23.21 22.06 20.31 18.58 18.01 16.07 14.45 13.21 11.98
20.24 19.78 19.65 18.95 17.65 16.79 14.88 13.09 11.26  9.70  8.70  7.03  5.64  4.38  4.11  4.03  4.02  3.93  3.84  3.85  3.80  3.78  3.82  3.88
traj-220:
35.57 34.23 32.41 30.56 29.77 28.12 26.34 25.49 24.02 22.83 21.07 20.77 18.94 17.30 16.25 14.47 13.11 11.54  9.80  8.74
18.98 19.10 19.33 19.88 20.15 20.71 20.89 20.81 20.60 20.46 20.51 20.51 20.26 19.76 19.38 19.03 19.68 20.41 21.31 20.99
traj-221:
36.83 35.71 33.81 32.55 30.93 29.57 28.44 27.37 27.46 27.49 27.30 26.98 26.76 26.53 26.13 25.03 23.54 21.99 21.87
19.29 19.33 19.31 19.36 19.52 19.64 19.99 21.43 23.32 24.21 25.68 27.34 28.25 28.89 30.33 30.97 31.39 32.38 32.65
traj-222:
35.44 33.74 31.98 30.36 28.61 28.26 27.29 27.13 26.84 26.78 26.57 26.31 26.23 25.20 23.58 22.77 20.78 19.40 18.65 16.99 15.47 13.71 11.80 11.29
19.37 19.29 18.90 18.07 17.18 15.57 14.03 12.39 10.47  9.87  8.23  6.46  5.87  4.47  3.99  3.92  3.91  3.92  3.89  3.82  4.05  4.17  3.59  3.01
traj-223:
34.51 33.28 32.14 30.50 29.58 27.68 26.18 24.57 22.80 21.31 19.40 18.55 16.82 14.92 13.61 11.89 10.41  8.75
18.15 18.23 18.28 18.35 18.39 18.61 19.52 20.31 20.30 20.34 20.51 21.05 21.50 21.39 21.08 20.49 19.51 18.79
traj-224:
36.39 35.07 33.28 31.48 30.71 29.11 28.00 26.94 27.32 27.53 27.44 27.03 26.38 26.27 26.03 25.36 25.06 25.87
19.67 19.75 19.56 19.15 19.01 18.79 18.68 20.36 22.27 23.34 24.70 25.92 27.61 27.86 28.93 30.78 32.62 34.21
traj-225:
34.14 34.44 35.92 35.09 33.56 31.86 30.33 28.99 28.31 27.93 27.72 27.54 27.15 27.07 26.84 26.59 25.51 24.30 22.44 21.35 19.37 18.10 16.26 15.09 13.63 12.52
20.52 20.55 19.41 19.41 19.04 18.74 18.57 18.00 16.52 14.96 13.04 11.25  9.50  8.91  7.43  5.72  4.57  4.22  3.92  3.97  3.99  4.05  4.13  4.29  4.46  5.15
traj-226:
37.14 35.63 34.46 32.74 31.30 30.27 29.28 27.43 25.64 23.70 21.95 20.49 19.61 18.08 17.17 15.22 13.58 12.77 10.94  9.81  8.41
18.17 18.10 18.13 18.19 18.22 18.34 19.66 20.14 20.47 20.35 20.26 20.29 20.36 20.71 21.18 21.58 21.64 21.50 21.48 21.40 21.45
traj-227:
38.11 37.35 35.97 35.36 34.03 33.23 31.62 31.05 29.59 28.47 27.57 27.37 27.23 26.66 27.04 26.94 26.27 24.49 23.04 21.80 20.62 18.75
18.70 19.10 19.27 19.39 20.13 20.52 20.81 20.93 20.82 21.39 22.74 23.96 25.71 27.52 28.25 30.03 30.75 30.42 31.07 31.18 31.13 30.81
traj-228:
38.45 37.65 35.69 33.88 32.26 30.80 29.50 28.01 27.40 27.20 27.23 27.07 26.87 26.88 26.70 26.67 26.60 26.43 26.08 25.62 24.28 22.59 20.75 19.26 18.66 17.24 15.32 13.69 12.59 11.45  9.86  8.15  6.79  5.56
20.31 20.40 20.58 20.69 20.85 20.88 20.86 21.79 20.53 18.62 17.03 15.12 13.26 12.32 10.53  9.81  7.96  6.27  5.40  4.52  4.11  4.14  4.12  4.08  4.09  4.19  4.37  3.78  4.07  4.10  4.46  5.19  5.70  6.15
traj-229:
34.23 32.79 31.13 29.63 27.66 26.82 25.00 23.07 22.77 21.03 19.23 18.00 16.37 14.55 12.66
20.74 20.84 20.83 20.85 20.80 20.95 20.28 20.49 20.52 20.58 20.70 20.86 21.20 21.27 21.66
traj-230:
37.54 36.94 35.48 34.71 33.23 32.03 30.62 29.88 28.69 28.31 28.07 27.90 27.73 26.57 25.94 24.88 23.20 21.29 21.04 19.28 18.47
18.02 18.10 19.05 19.08 19.41 19.83 20.41 20.68 22.23 24.17 25.25 26.70 28.49 29.48 31.16 31.21 30.74 31.22 31.20 32.04 32.55
traj-231:
38.09 36.57 34.92 33.15 31.27 29.90 28.18 27.44 27.51 27.60 27.54 27.50 27.48 27.41 27.05 26.77 26.28 25.40 24.63 23.00 21.33 20.27 18.37 16.65 14.94 14.35 12.85 12.69
18.66 18.88 19.07 19.34 19.74 20.26 19.36 17.89 17.07 15.29 13.99 13.17 11.84 10.70  8.98  7.84  5.90  4.29  4.26  4.09  4.04  4.11  4.30  4.47  4.62  4.68  5.59  6.10
traj-232:
34.33 32.46 31.59 29.93 28.16 26.28 24.28 22.84 21.08 19.91 19.47 17.78 16.02 15.14 14.05 12.91 11.06  9.13  7.56  6.23
19.81 20.25 20.43 20.77 20.34 20.25 20.21 20.16 20.24 20.41 20.60 21.14 21.49 21.88 21.96 21.81 21.99 21.96 21.20 20.39
traj-233:
38.28 36.57 35.49 33.75 31.90 29.96 29.46 28.54 28.39 28.50 28.63 28.55 28.65 28.79 28.92 29.20 30.46
18.20 19.00 19.11 19.47 19.03 19.26 19.98 21.16 22.61 24.36 26.11 28.10 28.68 30.59 31.64 32.94 33.97
traj-234:
38.04 36.39 35.01 33.30 31.87 30.98 29.21 28.92 28.72 28.66 28.35 27.42 27.06 26.95 26.39 27.00 26.98 26.93 26.72 26.70 26.00 24.20 22.74 21.37 19.37 17.41 16.17 14.37 13.28 11.86 11.63 10.88 10.25
19.75 20.14 20.52 20.88 20.96 20.94 20.81 20.77 20.21 19.92 19.42 17.76 16.81 15.99 14.30 12.40 10.45  8.92  6.94  6.24  4.50  3.84  3.90  3.96  4.06  3.79  3.77  3.86  3.88  4.36  4.79  6.53  7.91
traj-235:
37.07 35.29 33.31 31.55 29.83 28.13 27.83 25.97 24.78 23.28 21.49 20.28 18.79 17.24 16.48 15.35 13.49 11.90 11.21  9.58  9.28  7.47  6.06
20.65 20.79 20.84 20.81 20.87 20.84 20.85 20.32 20.37 20.44 20.51 20.62 20.77 19.87 19.49 19.21 19.31 20.18 20.73 21.60 21.63 21.69 21.81
traj-236:
34.85 33.79 32.08 30.35 28.90 28.62 28.65 28.64 28.59 28.56 28.57 29.71 30.57 32.53
18.16 19.66 20.42 20.72 20.91 22.72 24.42 25.88 26.75 28.47 29.07 30.18 30.25 30.46
traj-237:
37.90 36.13 34.39 32.96 31.18 30.88 29.14 28.82 28.08 27.61 26.72 26.62 26.10 26.11 26.07 26.14 26.47 26.25 25.21 24.66 23.00 22.13 20.24 18.99 18.12 16.65 15.76 14.02 13.72 12.02
20.77 20.85 20.91 20.90 20.92 20.93 20.96 19.60 18.40 17.55 16.42 15.27 13.51 11.53  9.75  8.88  7.07  5.34  4.16  4.16  3.97  3.89  3.84  4.11  4.25  4.48  4.54  4.57  4.61  4.81
traj-238:
34.97 34.67 32.96 32.40 30.71 28.96 27.59 25.86 23.95 22.45 20.68 19.20 18.60 16.79 14.86 13.07 11.49 11.28
20.34 20.34 20.57 20.66 20.87 20.71 20.49 20.78 20.48 20.52 20.52 20.47 20.49 20.56 20.73 20.29 19.29 19.07
traj-239:
36.33 35.57 33.59 32.08 30.37 28.50 27.74 26.87 27.25 27.47 27.64 27.67 27.49 26.89 25.20 23.38 23.23 22.14 20.63 18.72 16.88 16.30 14.94
18.46 18.63 18.63 18.65 18.52 18.64 18.75 19.77 21.44 23.30 25.17 26.94 28.89 30.21 31.03 31.30 31.56 33.14 33.29 33.63 33.93 34.08 35.23
traj-240:
38.35 37.30 36.04 34.76 33.26 32.36 30.94 28.95 28.88 28.31 27.42 26.94 26.88 26.81 26.99 27.03 26.86 26.77 26.58 26.49 24.99 23.16 22.59 21.15 19.81 17.82 16.98 15.26 14.09 12.61 10.96  9.64  8.58
19.09 19.28 19.56 19.93 20.91 20.91 20.94 20.81 19.92 19.09 17.65 15.72 14.28 12.46 11.08  9.61  7.83  6.94  5.51  4.64  4.01  4.03  4.02  4.09  4.10  4.12  4.10  4.09  4.20  5.43  6.49  7.31  7.78
traj-241:
34.09 33.23 31.52 30.35 28.89 28.73 28.51 28.08 26.30 25.11 24.24 22.75 20.99 19.02 17.18 15.31 13.38 12.31 10.98  9.28
20.76 20.81 20.85 20.95 20.75 20.17 19.98 18.79 19.52 20.34 20.31 20.29 20.22 20.41 21.07 21.68 22.10 22.17 22.33 22.54
traj-242:
35.38 34.20 33.46 31.82 30.10 28.39 27.05 26.55 26.55 26.46 26.37 26.31 25.63 25.40 23.76 22.90 20.93 19.35 17.88 16.03 14.22 12.81 11.23  9.77  9.58  7.91  7.61
19.40 19.82 20.04 20.57 20.88 21.86 22.94 24.31 24.90 26.65 28.15 29.16 30.58 31.08 31.86 31.72 31.51 31.34 31.20 31.89 32.52 33.11 33.73 35.08 35.31 36.04 36.04
traj-243:
33.68 31.97 30.37 29.77 28.17 27.68 27.09 26.56 26.42 26.09 26.32 26.37 26.50 25.13 24.60 22.89 21.03 19.04 17.35 15.98 14.22 12.81 11.07 10.82
19.13 19.13 18.62 18.47 17.42 15.97 14.14 12.26 11.10  9.42  8.09  7.26  5.40  4.05  4.07  4.00  4.04  4.09  4.10  4.23  4.51  4.67  4.53  4.08
traj-244:
39.19 37.25 36.39 34.64 33.17 31.19 30.29 28.62 28.28 27.18 26.71 26.20 24.52 23.03 21.23 19.44 17.52 15.85 14.17 13.89
20.72 20.84 20.85 20.87 20.91 20.96 20.94 21.93 22.42 23.99 22.32 20.98 20.28 20.33 20.40 20.43 20.30 19.72 19.00 18.98
traj-245:
38.27 37.47 35.81 35.24 33.53 32.39 30.74 29.57 27.86 27.70 27.59 27.56 27.30 26.72 25.36 24.17 22.49 21.08 19.47 17.88 16.49 15.72 14.01
19.76 19.91 20.20 20.31 20.60 20.77 20.87 20.97 21.96 23.68 24.45 26.30 27.76 29.32 30.71 31.66 31.48 31.38 32.12 33.10 33.93 34.39 35.37
traj-246:
37.23 35.28 33.55 31.77 30.40 28.86 28.52 28.10 27.23 26.98 27.57 27.68 27.63 27.51 27.72 27.87 28.05 28.05 28.10 28.13 27.91 26.52 24.80 22.95 21.85 20.00 18.82 16.86 15.70 14.01 12.61 11.17 10.19
20.77 20.79 20.86 20.92 20.96 21.97 23.28 24.64 23.30 21.57 19.98 18.16 17.29 15.48 13.74 12.09 10.30  8.31  6.84  5.35  3.96  3.94  4.00  4.00  4.02  4.04  4.09  4.12  4.40  4.85  5.67  6.78  6.60
traj-247:
35.89 33.97 32.52 31.29 29.58 28.38 27.31 25.59 24.10 22.91 21.13 19.38 17.66 16.15 15.31 14.20 12.86 11.50
20.52 20.85 20.84 19.94 20.03 20.22 20.24 20.50 20.66 20.68 20.79 20.86 21.37 21.89 22.07 22.31 22.63 22.95
traj-248:
36.79 36.43 34.74 33.54 32.36 30.90 29.51 27.79 27.33 27.30 27.11 27.04 26.68 26.49 26.10 24.30 23.24 22.86 21.24 19.38 18.18 16.90 14.99 13.18 11.75  9.93  8.87  7.00
18.58 18.60 19.04 19.46 19.68 20.14 20.54 21.34 23.28 23.58 25.46 26.60 28.23 29.02 29.31 30.11 31.21 31.20 32.13 32.36 32.22 32.13 32.27 33.06 32.91 32.67 32.47 32.49
traj-249:
37.27 35.60 33.73 31.98 30.20 28.42 27.67 27.11 26.12 26.12 26.11 26.08 26.02 26.10 26.11 26.33 26.45 25.12 23.13 21.40 19.95 19.06 17.30 15.52 13.82 12.69 11.31 10.40  9.28  8.04
19.24 19.42 19.82 19.98 20.44 19.87 19.63 17.98 16.31 14.71 13.07 11.80 10.67  8.74  7.84  5.90  5.40  3.97  4.03  4.00  4.04  4.15  4.39  4.65  4.80  5.46  6.54  7.14  7.24  7.36
traj-250:
35.36 34.37 33.05 31.43 30.57 28.87 27.69 26.69 25.19 23.99 22.81 21.05 19.31 17.74 16.44
18.10 18.32 19.08 19.59 19.84 20.45 20.96 21.28 20.10 20.13 20.14 20.09 20.09 20.29 21.30
traj-251:
37.69 36.85 35.15 34.66 32.94 32.64 30.92 29.60 28.47 28.08 27.47 26.60 26.53 26.11 25.68 25.11 23.44 21.85 20.09 19.82 18.17 16.51 14.80 13.04 12.49 10.74
20.05 20.27 20.68 20.76 20.88 20.89 20.89 20.91 22.44 24.40 25.47 26.97 27.71 29.64 30.72 31.74 32.54 32.25 31.96 31.83 30.95 31.38 31.98 32.72 32.94 33.76
traj-252:
35.67 33.70 31.94 30.90 29.29 28.69 28.61 27.84 27.27 27.31 27.56 27.46 27.34 27.14 26.89 26.29 25.50 23.71 21.89 20.41 18.69 16.99 15.01 14.13 12.63 12.24 10.94  9.08  8.24  6.94  5.60
20.57 20.84 20.85 20.81 20.80 20.79 19.67 17.83 16.24 14.59 12.97 11.85 10.81  9.09  7.62  6.13  4.69  3.87  3.92  4.01  4.02  4.16  4.38  4.56  5.70  6.14  7.59  8.08  8.49  8.94  9.14
traj-253:
35.19 34.90 34.78 33.36 31.82 29.94 28.29 27.61 26.07 24.25 22.80 21.03 19.85 18.67 16.85 15.46 14.04 12.76 11.13 10.62  8.80  7.47
18.13 18.19 18.46 18.70 18.41 18.16 18.45 18.60 19.78 20.61 20.60 20.55 20.51 20.50 20.50 19.47 19.26 19.10 19.22 19.44 19.86 20.37
traj-254:
33.98 32.92 31.40 30.32 29.39 28.00 27.42 26.74 26.50 26.38 26.04 25.78 24.21 22.75 20.95 20.07 18.59 17.07 15.49 13.89 13.41 11.81
18.61 18.76 18.94 19.33 20.38 21.67 23.10 24.65 26.38 27.26 29.17 30.57 31.44 31.44 31.34 31.48 31.96 32.18 33.02 33.61 33.90 35.02
traj-255:
36.00 34.46 33.41 31.49 29.75 27.95 27.32 26.35 27.09 27.18 27.19 27.22 27.10 26.89 26.80 26.45 26.30 25.29 23.41 22.05 20.97 19.45 18.07 16.62 15.14 13.66 12.24 10.63  9.64
19.47 19.70 20.00 20.32 20.63 19.88 19.25 17.90 16.58 14.88 13.73 12.31 10.77  9.00  8.71  7.01  6.12  4.48  3.93  4.04  4.07  4.18  4.25  4.43  4.50  4.52  5.24  6.20  6.67
traj-256:
38.53 37.39 35.94 34.83 33.72 31.81 30.62 29.42 28.08 26.60 25.86 24.05 22.58 20.80 18.94 18.28 17.02 16.10 14.35 13.02 12.25
19.38 19.37 19.76 20.09 20.41 20.96 20.95 20.94 21.64 21.95 20.90 20.42 20.54 20.66 20.44 20.19 19.82 19.71 19.02 19.46 19.65
traj-257:
37.92 36.32 35.11 33.56 32.03 30.40 28.80 28.36 28.35 28.24 27.66 27.21 25.89 25.23 23.75 22.01 20.26 19.68 17.98 16.07 14.48 12.61
18.37 18.62 19.03 19.66 20.13 20.67 21.55 23.47 24.04 25.69 27.16 28.79 30.28 30.61 31.54 31.38 31.06 31.00 30.63 30.64 30.59 30.46
traj-258:
37.66 36.54 34.57 32.83 31.35 29.86 28.40 28.23 27.99 27.41 27.36 26.98 27.02 26.67 26.73 26.65 26.76 26.75 25.78 23.83 22.99 21.77 20.76 19.60 17.89 17.00 15.54 13.76 12.88 12.82
20.39 20.62 20.88 20.89 20.94 20.89 19.99 19.72 17.84 15.98 15.59 13.70 11.95 10.41  9.58  7.74  5.84  4.03  3.78  3.95  3.59  3.75  3.96  4.08  4.39  4.47  4.69  4.94  6.40  8.16
traj-259:
39.09 38.06 36.72 35.00 33.59 32.36 30.65 28.90 27.32 26.74 25.05 23.56 21.77 20.88 19.11 17.15 16.62 15.34
18.57 18.71 18.77 18.77 19.03 19.09 19.25 19.17 20.03 20.25 20.48 20.60 20.75 20.83 20.93 20.64 20.36 19.69
traj-260:
38.08 36.73 35.31 33.38 32.15 30.26 29.55 28.02 27.60 27.37 27.08 27.78 27.09 26.17 25.16 23.88 22.97 21.15 20.91 19.16 18.49 16.65 16.17 14.32 13.05 11.33 10.73
18.53 18.32 18.25 18.57 18.84 19.45 19.59 19.99 21.06 22.23 24.20 25.99 27.72 29.05 30.48 31.86 31.89 31.97 31.91 32.64 32.83 33.07 33.32 33.90 34.21 34.34 34.38
traj-261:
38.70 38.17 36.45 34.96 33.79 32.33 31.43 29.93 28.67 28.46 28.09 27.04 27.03 26.94 27.08 27.10 27.14 27.15 27.06 26.93 26.84 26.71 26.32 25.07 23.22 21.54 20.96 19.52 17.84 16.07 14.98 13.57 11.77 10.69  9.89
20.65 20.70 20.81 20.89 20.93 20.93 20.94 20.99 22.51 23.58 24.64 23.16 21.99 20.35 18.51 16.94 14.97 13.18 11.22  9.48  8.36  7.25  5.51  4.20  3.97  3.99  4.01  4.13  4.17  4.10  4.14  4.15  4.89  5.41  5.79
traj-262:
34.13 32.50 31.01 29.02 27.50 26.64 25.28 23.80 22.60 21.40 19.72 18.59 16.93 16.30 14.58
18.09 18.05 18.02 18.00 17.26 19.06 20.14 20.19 20.23 20.28 20.44 21.12 21.82 21.56 20.86
traj-263:
38.66 38.06 36.34 34.52 33.33 32.62 30.79 29.25 27.59 27.32 26.56 26.64 26.66 26.83 26.72 26.24 24.79 24.08 23.20 21.83 20.09 19.58 19.41 19.07 19.00 18.53
18.38 18.39 18.39 18.33 18.35 19.07 19.74 19.68 20.67 21.16 22.31 23.92 25.49 26.80 28.25 29.48 30.20 30.48 30.61 30.83 30.76 32.42 33.21 35.16 35.75 36.06
traj-264:
37.58 36.72 35.22 34.41 32.88 32.03 30.91 29.61 29.46 28.38 28.14 27.09 26.21 26.40 26.63 27.01 27.12 27.29 26.82 25.33 23.46 21.77 20.38 18.44 16.80 15.31 14.16 12.82 10.93  9.93  8.00  7.70
19.49 19.45 19.18 19.17 19.23 19.26 19.44 19.17 18.91 17.53 16.83 15.16 13.50 12.70 12.05 10.72  8.74  6.89  5.43  4.38  3.93  4.07  4.09  4.09  4.18  4.27  4.40  4.84  5.42  5.44  5.39  5.42
traj-265:
34.20 33.12 31.21 29.57 27.89 26.18 25.89 24.01 23.71 21.94 21.07 19.30 18.20
19.80 19.97 20.34 20.82 21.75 20.72 20.63 20.22 20.20 20.23 20.38 20.41 21.92
traj-266:
34.49 33.32 32.77 31.04 30.23 28.65 28.39 28.18 27.99 27.69 27.26 26.72 25.82 23.99 22.11 21.07 19.34 17.75 17.04
18.17 19.45 19.63 20.11 20.45 21.39 22.86 24.02 25.10 26.31 27.51 29.42 30.66 30.55 30.47 31.03 31.57 31.90 32.24
traj-267:
35.43 33.63 31.83 30.94 29.53 28.64 28.00 27.06 27.07 27.12 27.00 26.79 26.61 26.26 25.46 23.54 22.41 20.67 19.19 18.59 16.85 16.39 14.45 12.55 11.11  9.93
19.51 19.87 19.62 19.50 19.31 19.24 17.52 15.84 14.47 12.80 11.03  9.12  7.66  5.94  4.45  4.07  4.14  4.06  4.05  4.05  4.03  4.07  4.44  4.94  5.40  5.20
traj-268:
39.19 38.82 37.21 35.81 34.30 32.73 31.61 29.99 28.26 26.70 25.26 23.98 22.49 20.73 18.88 17.15 16.66 15.33 14.77
18.33 18.78 19.34 19.42 19.55 19.66 19.81 20.05 20.15 20.28 20.42 20.56 20.74 20.68 20.63 20.33 20.06 19.13 18.62
traj-269:
35.69 34.28 33.51 31.82 30.00 29.71 28.38 28.10 26.97 26.31 26.18 26.46 26.48 26.45 27.12 27.60 28.41
18.39 19.20 19.38 18.59 18.20 18.13 19.48 19.83 21.00 21.62 23.05 24.75 25.05 26.91 28.73 29.45 30.82
traj-270:
35.80 34.05 33.24 31.54 30.34 28.57 27.92 27.51 27.04 26.50 26.26 26.48 27.03 27.29 26.70 26.59 26.31 26.09 25.91 24.01 22.94 20.95 20.09 18.39 16.51 14.55 12.83 11.68 10.79  9.69  9.16  7.82  7.44
20.46 20.72 20.76 20.86 20.86 19.97 18.93 17.87 15.96 14.28 13.01 11.31 10.81 10.31  8.41  7.53  5.83  4.68  4.44  3.92  3.98  3.93  4.01  4.01  3.61  3.34  3.10  3.15  3.21  4.53  5.20  6.66  7.02
traj-271:
37.77 35.99 35.69 33.99 32.29 31.99 30.30 29.00 27.05 25.17 23.45 21.67 21.09 19.44 18.33 17.41 16.97
18.63 18.45 18.44 18.37 18.22 18.25 19.05 19.94 19.92 20.39 20.38 20.40 20.40 20.60 20.74 19.16 19.10
traj-272:
37.32 36.43 34.68 33.85 32.14 31.84 30.12 28.92 27.14 26.34 26.40 26.78 27.12 27.11 26.85 26.41 24.65 24.13 22.57 20.92 20.62 19.16 18.24 17.44 17.66 18.09 18.52
20.78 20.81 20.94 20.93 20.97 20.96 20.93 20.94 21.39 23.16 24.44 25.27 26.33 27.31 29.25 30.60 31.34 31.13 30.69 30.19 30.19 31.16 31.79 33.59 34.38 35.67 36.01
traj-273:
37.31 35.53 33.75 33.45 34.70 33.44 31.81 31.36 29.67 28.56 27.79 27.69 27.45 27.30 27.12 26.87 26.63 26.57 25.67 25.19 23.33 21.40 19.94 19.09 17.35 15.61 14.73 13.38 11.47  9.88  8.78  7.01  5.17
20.73 20.82 20.87 20.86 19.76 19.66 19.58 19.53 18.65 17.85 16.15 15.14 13.57 12.58 11.52  9.81  7.85  6.65  4.92  4.54  4.21  4.17  4.23  4.21  4.31  4.45  4.39  4.38  4.12  3.71  3.51  3.16  3.05
traj-274:
35.91 34.49 32.88 32.02 30.31 28.68 27.90 26.69 26.22 26.04 24.34 23.44 22.25 20.76 19.87 18.32 16.82 15.67 14.00 13.25 12.31 11.34
20.40 20.51 20.65 20.72 20.98 21.87 23.63 23.53 21.90 20.77 20.10 20.16 20.22 20.38 20.47 21.50 22.33 22.33 22.06 21.52 20.92 20.12
traj-275:
33.85 32.54 31.48 30.14 28.82 28.75 28.48 28.32 27.70 27.53 27.41 27.04 26.93 26.18 24.89 23.27 21.85
18.86 18.80 18.67 19.08 20.57 21.40 23.38 24.50 26.35 27.53 28.56 30.05 30.64 32.24 32.96 33.76 34.52
traj-276:
37.96 37.39 35.81 34.20 32.52 30.80 28.83 27.02 27.08 27.87 28.20 28.08 27.99 27.83 27.70 27.28 27.05 26.69 26.61 25.24 23.96 22.10 20.41 19.53 18.14 16.57 15.01 14.14 12.54 11.97 11.66 11.43 11.14
20.07 20.17 20.42 20.68 20.80 20.90 20.83 20.69 19.39 18.17 16.74 15.26 13.92 12.18 10.42  8.71  7.57  5.62  5.33  4.19  4.12  3.98  4.09  4.13  3.83  3.59  3.81  3.88  4.68  6.08  8.05  8.95  9.03
traj-277:
34.18 32.36 31.28 29.32 28.61 27.01 25.29 23.51 21.73 19.95 18.22 17.93 16.91 16.20 14.46 14.18 12.28 12.03 10.18  8.30
19.37 18.68 18.17 18.32 19.04 20.24 20.20 20.20 20.13 20.21 20.11 20.05 19.28 18.56 18.77 18.87 19.50 19.66 20.38 20.33
traj-278:
35.34 34.78 33.24 32.41 30.74 29.02 28.76 27.30 27.05 26.29 26.31 26.67 27.37 28.16 29.61 31.32 33.07 33.63
20.03 19.84 19.81 20.00 20.46 20.96 21.11 22.26 22.43 24.12 25.41 27.22 28.15 29.23 30.01 30.10 30.62 30.74
traj-279:
37.64 37.07 35.40 33.40 31.67 30.20 28.60 28.14 27.11 26.95 26.54 27.18 27.38 27.86 27.26 26.85 26.86 26.83 26.73 26.70 26.55 26.48 26.32 25.96 24.37 22.43 21.34 19.88 17.97 16.60 14.90 13.21 11.34  9.44  7.47  6.48
20.43 20.57 20.76 20.86 20.94 20.96 21.82 22.51 23.65 23.08 21.64 20.18 19.69 17.80 16.26 14.47 13.39 11.65  9.68  9.10  7.63  7.04  5.56  4.88  4.16  4.02  3.91  3.94  3.98  4.02  3.99  4.31  4.48  4.24  4.34  4.52
traj-280:
36.18 35.72 33.93 33.40 31.59 29.93 29.66 28.40 27.23 26.65 25.93 24.39 22.62 21.44 20.27 19.20 18.95 17.10 15.71
18.42 18.53 19.10 19.30 19.67 20.77 20.90 22.30 23.91 22.29 20.89 20.47 20.40 20.44 20.63 20.88 21.05 21.63 21.89
traj-281:
36.58 35.55 33.79 32.07 31.22 29.45 28.17 27.97 27.93 27.87 28.00 28.09 28.12 27.50 26.01 24.41 23.11 21.33 19.67 18.46 17.06 16.34 15.16
20.44 20.53 20.69 20.85 20.87 20.97 22.32 23.41 25.34 26.81 27.51 29.20 30.53 32.40 32.95 32.45 32.15 32.46 32.93 33.28 34.13 34.61 35.99
traj-282:
35.08 34.23 32.90 31.23 29.76 28.74 28.81 28.11 27.33 26.88 26.78 26.75 26.50 26.32 26.45 27.26 27.85 27.98 27.83 27.65 27.41 27.06 26.43 25.60 24.38 23.57 21.71 19.99 18.29 16.53 14.77 13.88 12.26 11.97 10.42  8.89  8.72
19.76 19.95 20.28 20.66 20.77 22.23 23.43 25.21 26.31 25.74 23.99 22.33 20.79 19.19 17.92 16.59 15.05 13.06 11.64  9.96  8.24  6.91  5.26  4.47  4.16  3.97  3.95  4.10  4.37  4.57  4.77  4.87  5.87  5.96  5.08  3.83  3.47
traj-283:
33.60 32.06 31.48 29.62 27.73 26.08 24.17 23.28 21.79 20.02 18.32 16.71 15.29
18.69 18.35 18.28 18.54 19.16 19.72 20.09 20.10 20.13 20.24 20.29 19.73 19.06
traj-284:
36.45 35.76 33.79 31.83 30.43 28.63 28.32 28.54 28.62 28.69 28.75 28.79 28.98 29.21 27.65 26.37 25.44 24.18 23.12 21.98 20.10 18.23 17.36
19.06 19.01 19.23 18.82 18.99 19.14 20.89 21.77 23.47 24.91 26.66 28.16 29.72 31.66 32.07 32.66 33.12 33.76 33.97 34.26 34.80 35.28 35.52
traj-285:
35.82 35.52 36.57 34.63 33.01 31.53 29.67 28.33 28.10 27.90 27.66 27.39 27.20 26.92 26.61 26.30 26.11 25.73 24.04 22.11 20.12 19.24 17.25 16.96 15.22 14.21 12.58 11.39
20.46 20.49 19.50 19.21 19.08 18.97 18.50 17.60 16.40 14.95 13.14 11.86 10.81  9.10  7.44  6.05  5.49  4.73  4.11  4.04  4.02  4.11  4.34  4.39  4.62  4.78  5.64  7.02
traj-286:
33.91 32.68 31.01 29.69 29.17 27.44 25.53 23.83 22.64 20.88 19.41 18.61 17.15 16.30 14.98 14.66
18.70 19.28 19.92 20.52 20.74 20.56 20.18 20.21 20.25 20.44 20.63 20.73 20.89 20.38 19.17 18.86
traj-287:
38.61 36.88 35.00 33.31 31.37 29.47 28.83 27.96 27.62 26.79 26.65 26.50 26.31 24.55 23.46
18.89 19.50 20.11 20.53 20.91 20.98 21.31 22.75 23.45 25.23 27.09 28.56 30.17 30.87 30.09
traj-288:
34.81 34.10 32.42 31.19 30.46 28.86 27.89 27.61 27.32 26.95 26.82 26.47 26.32 25.30 24.31 22.54 21.07 19.93 18.47 16.73 15.85 14.69 13.58 12.46 10.85  9.11  8.30  6.98  6.01  5.01
19.71 19.57 19.15 18.81 18.58 17.70 15.97 14.75 12.79 10.84  9.71  8.20  6.31  4.67  4.27  4.37  4.46  4.55  4.68  4.84  4.90  4.88  4.88  4.88  5.24  5.47  5.73  6.27  7.13  7.90
traj-289:
35.13 34.48 32.91 31.80 30.38 28.38 27.79 26.33 24.73 23.26 21.79 20.02 18.71 18.63 17.54 15.79 14.41 13.80 12.01 10.58  8.74  7.41  6.44
19.39 19.35 19.25 18.98 18.47 18.54 18.61 19.48 20.24 20.21 20.11 20.14 20.23 20.52 21.29 21.98 21.21 20.83 20.21 19.85 19.36 20.59 21.78
traj-290:
33.83 33.25 31.68 29.84 28.02 26.96 27.06 26.28 26.78 27.21 27.29 27.36 27.01 26.72 26.47 26.13 27.77 28.83 30.08 30.68
18.82 18.73 18.56 18.21 18.12 19.29 19.57 21.37 23.05 24.79 25.08 27.06 28.46 29.44 30.47 32.10 33.22 34.18 35.09 35.84
traj-291:
37.34 36.75 34.93 34.46 32.66 30.97 29.07 27.44 27.06 27.14 27.16 27.12 27.01 26.69 26.45 26.11 25.43 23.44 21.68 20.22 19.34 17.89 16.44 15.59 14.41 12.89 11.96 10.27  9.23  8.03
18.45 18.54 19.01 18.95 19.15 18.78 18.67 17.83 16.29 14.59 13.63 12.15 10.20  8.49  7.33  5.59  4.29  4.25  4.28  4.44  4.55  4.59  4.64  4.69  4.73  5.86  6.72  7.28  7.76  8.38
traj-292:
37.46 35.74 34.03 32.04 31.01 29.10 28.23 27.07 26.21 24.62 22.84 22.25 20.47 19.31 17.59 16.29 15.08 14.40
18.99 19.17 19.14 19.13 18.97 18.98 19.19 19.53 19.72 20.52 20.73 20.77 20.82 20.89 21.48 20.33 19.43 18.91
traj-293:
33.68 32.28 30.56 29.68 29.53 27.72 27.18 26.52 26.44 26.35 26.61
20.76 20.80 20.87 20.94 21.20 21.82 23.64 25.21 26.51 28.40 30.21
traj-294:
34.43 33.35 31.45 29.79 28.74 28.54 28.72 29.00 27.94 27.65 27.64 27.45 27.21 26.69 24.70 22.88 21.58 19.62 17.65 15.80 13.82 12.40 11.42  9.92  9.72  9.58
18.68 18.52 18.08 18.01 17.30 15.41 14.27 12.89 11.46  9.53  9.23  7.45  5.68  4.01  4.11  3.85  3.89  4.20  3.91  3.83  3.87  4.74  5.47  6.15  7.13  8.20
traj-295:
35.12 33.43 31.72 30.26 29.51 27.76 26.36 25.02 23.84 22.39 21.79 20.31 19.71 18.13 17.84 17.54 15.59 14.24 13.07 12.30 10.60  9.48  8.03
20.77 20.86 20.90 20.91 20.99 21.58 21.64 20.34 20.45 20.64 20.71 20.89 20.96 21.90 21.97 22.01 21.86 21.63 21.44 20.90 20.30 19.63 18.78
traj-296:
37.20 36.90 35.11 33.43 32.01 30.27 28.62 28.40 27.93 27.76 27.14 26.44 25.29 23.70 22.11 20.23 18.85 18.09 16.85 15.00
20.13 20.14 20.24 20.54 20.79 20.93 21.81 22.36 24.16 26.08 27.42 29.18 30.69 30.72 30.60 30.88 31.11 31.16 31.35 31.65
traj-297:
35.76 33.91 32.43 31.86 30.11 28.27 26.75 26.80 26.36 26.10 26.11 26.15 26.22 26.36 26.37 26.40 26.71 25.92 24.14 22.48 21.40 20.23 18.51 17.92 16.23 14.80 13.66 12.26 10.95  9.51
18.89 19.63 20.31 20.41 20.59 20.35 20.13 19.17 17.97 16.32 15.46 14.06 12.47 11.48  9.65  7.84  6.09  4.63  3.93  3.99  4.00  4.02  3.99  3.92  3.87  3.77  3.79  4.42  5.36  6.54
traj-298:
37.78 36.15 35.02 33.08 31.52 30.45 28.69 26.99 25.31 23.90 22.12 20.93 18.96 17.53 15.60 13.94 13.13 11.22  9.35  7.66  7.22  5.54
20.18 19.86 19.58 19.56 19.84 19.96 20.39 20.81 20.65 20.50 20.47 20.42 20.74 21.25 21.43 21.29 21.02 21.18 21.39 20.97 20.61 19.57
traj-299:
38.59 37.40 36.26 34.54 32.92 31.09 29.60 29.40 28.07 27.12 26.49 26.84 27.04 26.21 25.75 24.37 23.18 22.11 20.67 19.82
18.53 18.60 18.53 18.38 18.30 18.63 19.09 19.31 20.65 21.79 23.68 25.57 26.76 28.47 30.13 31.27 32.27 32.56 33.02 33.27
