traj-0:
 2.75  3.49  4.75  6.46  7.38  9.32 11.15 12.68 14.49 16.15 17.24 19.01 20.86 22.62 24.34 25.70 25.83 26.00 26.29 26.19 25.95 25.97 25.56 24.26 22.80 21.91 20.14 18.27 17.61 16.90 16.95 17.00 17.03 17.03
36.16 36.06 35.79 35.60 35.35 35.26 35.14 35.14 35.18 35.14 35.04 34.66 34.41 34.15 34.11 33.60 32.29 31.36 30.03 29.21 27.66 26.47 25.19 24.05 24.03 24.04 24.07 24.07 23.63 22.32 21.47 19.68 18.52 17.17
traj-1:
15.33 16.88 18.72 19.02 20.74 22.47 23.59 24.63 26.22 26.17 26.13 25.89 25.79 25.51 24.96 23.63 22.19 20.43 18.61 16.72 14.76 13.90 12.22 10.29  8.30  6.84  5.75  3.86
22.88 23.49 24.22 24.22 24.32 24.49 24.64 24.82 25.83 26.73 28.66 30.44 31.90 33.11 34.12 34.41 34.34 34.30 34.27 34.33 34.22 34.19 34.23 34.35 34.52 34.64 34.72 34.78
traj-2:
 2.91  4.35  5.89  7.12  8.98 10.91 12.83 13.84 15.47 16.93 18.73 20.01 21.85 23.74 24.46 24.67 25.46 25.53 25.72 25.85 26.01 26.14 24.94 24.55 22.86 21.99 20.51 18.78 17.27 17.21
34.31 34.67 34.95 35.09 34.69 34.42 34.46 34.56 34.57 34.40 34.21 34.29 34.41 34.85 34.58 34.03 32.33 31.73 30.25 29.36 27.42 25.68 24.13 24.12 24.32 24.31 24.29 24.23 23.24 22.95
traj-3:
 7.60  8.64 10.05 11.39 13.02 14.53 15.83 17.13 18.67 20.46 21.95 22.85 24.57 25.50 25.56 25.37 25.14 25.03 24.37 24.08 22.32 20.97 19.52 18.06 17.18 16.06 14.18 12.79 11.26 10.08  8.23  6.35  4.46  4.16
19.44 19.87 20.43 20.98 21.73 22.38 23.04 23.28 24.07 24.05 24.05 24.05 24.23 25.73 27.31 29.24 31.00 32.25 34.10 34.11 34.18 34.25 34.52 34.54 34.55 34.76 34.81 34.95 35.07 35.17 35.35 35.28 35.23 35.23
traj-4:
 4.45  6.11  8.09  9.34 11.10 12.97 14.94 16.80 18.58 19.65 20.81 22.46 24.22 25.75 25.86 25.74 25.52 25.18 25.09 24.83 23.08 21.36 19.60 17.84 16.32 15.36 14.39 13.51 13.23 12.91 12.75 12.68 12.58
35.79 35.33 35.42 35.19 34.39 34.31 34.17 34.14 34.10 34.07 34.10 34.07 34.05 32.84 31.16 29.39 27.52 25.87 25.36 24.99 24.47 24.47 24.32 24.16 22.92 21.61 20.13 19.05 17.65 16.16 15.09 13.95 12.89
traj-5:
16.51 16.70 16.76 16.83 16.81 17.70 18.84 20.75 21.34 23.12 24.01 25.18 25.51 25.55 25.47 25.33 24.53 23.31 21.62 20.39 19.60 17.99 16.91 15.08 14.48 12.78 11.47  9.99  8.42  6.65  5.11  3.59
17.30 18.69 19.61 21.47 21.98 23.44 24.11 24.40 24.46 24.65 24.76 26.10 27.57 29.27 31.26 33.05 34.01 34.24 34.44 34.71 34.84 34.80 34.84 34.58 34.64 34.53 34.68 34.80 35.01 35.06 35.10 35.15
traj-6:
 2.29  3.91  5.46  6.92  7.51  8.81  9.98 11.25 12.05 13.88 15.50 16.78 18.68 18.95 20.10 21.85 22.96 23.93 25.48 25.92 25.90 25.73 25.50 25.37 24.25 22.50 21.32 19.52 18.74 17.28 15.50 13.73 12.69 10.87
34.12 34.18 34.31 34.33 34.34 34.34 34.28 34.23 34.19 34.20 34.26 34.25 34.14 34.13 34.11 34.06 34.07 34.07 33.61 32.37 30.65 28.79 27.54 26.00 24.84 24.50 24.33 24.36 24.37 24.26 23.50 22.64 22.18 21.46
traj-7:
12.01 12.76 13.53 14.05 14.74 15.31 16.13 16.68 17.07 18.59 20.06 21.77 22.63 24.55 25.48 25.56 25.58 25.60 25.54 25.22 24.52 22.70 21.04 20.29 18.64 16.69 15.98 14.57 13.09 11.33  9.39  7.92  6.74  5.50  4.38  2.50  1.90
11.83 13.50 15.23 16.56 17.76 19.60 21.17 22.26 23.07 24.14 24.34 24.41 24.48 24.81 26.58 27.71 29.28 30.77 32.10 33.14 34.01 34.06 34.20 34.25 34.33 34.55 34.62 34.83 35.26 35.04 35.07 35.26 35.49 35.63 35.84 35.98 35.96
traj-8:
 3.37  4.26  6.09  7.27  9.09  9.69 11.29 13.12 14.73 15.46 15.73 16.84 18.57 20.20 21.94 22.56 24.08 25.25 25.29 25.28 25.26 25.32 25.32 24.01 22.08 20.16 18.97 17.48 16.89 16.37 15.79 15.36 15.08 14.31 13.73 13.52 13.02 12.42
35.48 35.40 35.05 34.77 34.48 34.43 34.53 34.58 34.52 34.55 34.47 34.46 34.39 34.46 34.23 34.15 34.24 33.22 32.03 30.32 28.98 27.34 25.44 24.03 24.05 24.07 24.08 24.06 24.04 23.97 22.11 20.50 19.68 18.18 16.72 16.15 14.79 13.24
traj-9:
 9.73 10.57 10.72 11.33 11.80 12.60 13.06 13.63 14.44 15.20 15.97 16.99 18.68 19.54 21.01 21.59 23.35 24.22 25.09 25.55 25.87 25.75 25.83 25.48 24.10 22.96 21.35 19.46 18.18 16.69 15.28 13.45 13.15 11.26  9.30  7.72  5.96  4.06
 9.31 10.88 11.13 12.66 13.42 14.93 15.75 17.05 18.70 20.47 21.83 23.53 24.30 24.43 24.42 24.42 24.54 24.62 26.32 27.97 29.78 30.53 32.23 33.34 34.60 34.69 34.87 34.85 34.89 34.83 34.53 34.53 34.50 34.36 34.69 34.94 35.14 35.35
traj-10:
 2.91  3.88  4.95  6.68  8.18  9.27 10.72 12.55 14.17 15.42 16.98 17.59 19.57 21.25 23.11 24.01 25.31 25.40 25.50 25.39 25.40 25.26 25.21 24.48 22.81 21.36 20.77 19.33 18.14 16.52 15.70 15.42 14.57 14.42 14.19 14.06 14.05 13.95 13.84 13.77
34.49 34.57 34.67 34.70 34.65 34.68 34.74 34.62 34.49 34.62 34.57 34.52 34.45 34.35 34.13 34.06 32.83 32.23 30.47 29.86 28.29 26.94 26.09 24.84 24.60 24.40 24.35 24.21 24.11 23.31 21.98 20.43 18.77 17.15 15.53 13.95 12.94 11.63  9.69  9.40
traj-11:
 9.49 10.07 11.55 12.38 13.14 14.24 15.59 16.86 17.95 18.78 20.27 21.45 22.93 24.86 25.47 25.59 25.74 25.84 25.97 25.92 26.02 26.10 24.93 23.12 21.43 20.12 18.76 17.20 15.50 14.78 13.19 11.27 10.68  9.26  7.59  5.67  3.97  3.67
16.53 17.03 18.28 19.02 19.67 20.72 21.96 23.32 24.01 24.04 24.13 24.11 24.05 24.45 25.43 26.01 27.77 28.60 29.83 30.84 32.34 33.54 34.76 34.66 34.66 34.59 34.67 34.64 34.60 34.59 34.67 34.65 34.64 34.67 34.59 34.63 34.73 34.70
traj-12:
 2.59  4.02  5.35  7.04  8.44 10.08 10.58 12.51 14.36 14.66 16.41 18.31 19.20 20.81 21.51 23.32 23.48 25.31 25.43 25.46 26.10 26.53 26.19 24.71 23.28 21.56 19.80 18.67 17.02 16.52 15.42 14.49 13.35 12.56
34.88 34.73 34.73 34.67 35.34 35.68 35.60 35.46 35.32 35.34 35.22 35.14 35.16 35.14 35.12 34.48 34.22 33.56 31.81 30.68 28.82 27.28 25.43 24.80 24.61 24.44 24.25 24.11 23.20 22.70 21.22 20.23 18.72 17.83
traj-13:
 9.60 11.20 12.60 14.55 16.14 17.64 18.51 19.70 21.48 22.37 24.13 25.84 25.79 25.80 25.72 25.53 25.41 25.28 23.64 23.56 21.61 20.14 18.66 17.12 16.38 14.53 12.64 10.79  9.29  8.22  6.74  5.60  3.94
23.54 23.73 24.12 23.93 23.29 24.08 24.11 24.13 24.13 24.13 24.39 25.18 26.47 27.49 28.95 30.76 32.38 33.27 34.07 34.36 34.53 34.59 34.44 34.37 34.45 34.51 34.37 34.50 34.50 34.50 34.44 34.42 34.31
traj-14:
 1.95  3.56  4.15  5.96  7.77  9.20 11.15 12.95 14.87 16.62 17.80 19.57 21.39 22.84 24.23 26.10 26.52 26.70 26.93 26.99 26.63 26.27 25.44 23.55 21.81 19.83 19.53 17.76 16.19 16.01 15.70 15.60 15.16 14.58 14.11 13.47 12.77 12.34 11.74 11.10
36.16 35.93 35.83 35.33 35.01 34.48 34.30 34.21 34.16 34.15 34.12 34.10 34.16 34.10 34.04 34.20 33.59 31.73 29.96 29.08 27.38 26.10 24.80 24.32 24.29 24.39 24.37 24.30 23.49 22.20 20.54 20.15 18.49 16.84 15.17 13.51 11.70 10.08  8.35  6.51
traj-15:
 9.59 10.50 11.19 11.96 12.87 14.01 14.73 15.63 16.10 17.12 18.19 19.68 21.16 22.94 23.41 25.02 25.86 25.78 25.75 25.70 25.58 25.46 24.73 23.88 22.66 21.08 20.43 18.75 17.67 16.02 14.38 13.25 11.57  9.82  8.14  6.62  5.25  3.36  1.81
11.69 13.23 14.48 15.60 17.13 18.67 19.76 21.14 21.86 23.37 24.06 24.05 24.02 24.12 24.19 24.40 25.75 26.81 28.28 29.99 31.79 33.12 34.21 34.50 34.61 34.61 34.63 34.70 34.72 34.83 34.80 34.80 34.80 34.77 35.03 35.21 35.40 35.73 36.07
traj-16:
 2.83  4.18  6.03  7.94  9.49  9.79 11.59 12.91 14.75 14.77 16.53 18.16 20.15 20.75 22.44 24.38 26.03 26.10 26.55 26.97 27.27 27.33 27.26 26.45 24.95 23.25 22.40 20.93 19.20 17.72 16.01 15.53 15.26 15.06
34.49 34.64 34.86 35.25 35.48 35.48 35.40 35.20 34.47 34.47 34.37 34.38 34.24 34.22 34.24 34.12 33.26 32.66 30.72 28.95 27.30 26.70 24.73 23.91 24.14 24.32 24.25 24.33 24.40 24.44 23.69 21.86 20.44 19.59
traj-17:
15.14 15.18 15.56 15.71 16.11 16.24 16.53 16.89 17.01 17.35 17.57 18.27 19.15 20.93 22.39 22.98 24.84 25.91 26.55 26.61 26.97 26.88 26.48 25.63 23.93 22.65 20.80 19.50 18.69 16.90 14.99 13.10 11.31  9.54  8.41  6.67  4.90  4.02
10.85 11.45 13.19 14.36 16.12 17.06 18.49 19.99 21.36 22.78 23.67 24.09 24.11 24.14 24.17 24.16 24.24 25.92 27.62 28.84 30.43 31.21 32.94 34.65 34.74 34.77 34.86 34.90 34.95 34.92 34.74 34.62 34.68 34.64 34.55 34.41 34.41 34.42
traj-18:
 1.84  3.21  4.06  5.75  7.63  8.65 10.58 12.41 13.35 14.75 16.23 16.58 18.39 20.25 21.53 23.49 23.78 25.43 25.43 25.37 25.39 25.26 25.24 25.17 24.09 22.33 20.56 19.14 17.47 15.88 14.59 13.65 12.74 11.52 10.41  9.21  8.26
35.24 35.07 34.98 34.89 34.67 34.57 34.43 34.40 34.26 34.25 34.34 34.39 34.29 34.21 34.15 34.10 34.03 33.54 32.41 30.75 29.23 27.70 26.63 25.93 24.29 24.15 24.18 24.17 24.08 22.89 21.88 20.48 19.37 17.79 16.44 15.49 14.59
traj-19:
 7.51  9.28 10.41 12.10 13.87 15.35 16.81 18.28 20.06 20.66 22.43 24.21 25.08 25.12 25.19 25.42 25.29 25.37 24.74 23.23 21.24 19.91 17.96 16.13 14.72 12.98 11.35 10.94  9.19  7.47  5.49  4.47
21.04 21.32 21.53 21.77 22.28 22.80 23.41 24.04 24.07 24.08 24.11 24.08 25.43 26.09 28.00 29.67 31.44 32.30 34.02 34.52 34.35 34.18 34.14 34.12 34.09 34.16 34.33 34.38 34.67 34.83 35.05 35.62
traj-20:
 3.78  4.08  5.84  7.31  9.06 11.02 11.32 13.00 14.80 15.95 17.55 19.01 20.94 21.32 23.14 24.74 25.34 25.48 25.80 25.76 25.62 25.50 24.19 22.27 21.67 19.92 18.47 17.16 16.69 15.85 15.44 14.94 14.85 14.42 14.32 14.03 13.85 13.71 13.46
36.06 36.02 35.78 35.59 35.29 35.20 35.14 34.55 34.19 34.14 34.12 34.06 34.31 34.38 34.83 34.07 32.59 31.91 30.09 29.19 27.27 26.16 24.68 24.27 24.27 24.29 24.28 23.45 21.77 19.99 18.12 16.37 15.94 14.16 13.57 11.76 10.52  9.46  7.56
traj-21:
13.17 13.93 14.20 14.46 15.04 15.53 16.24 16.58 16.71 17.31 18.04 19.49 20.67 22.15 24.07 25.06 25.56 25.67 25.72 25.46 25.27 24.64 22.87 21.34 19.49 18.75 17.16 16.82 16.18 14.74 12.86 11.06 10.08  8.72  6.77  4.87  4.05  2.16
13.80 15.36 16.09 16.58 17.95 19.31 20.98 22.04 22.31 23.78 24.19 24.25 24.22 24.14 24.16 25.14 26.86 27.88 29.21 30.97 32.44 34.04 34.34 34.16 34.25 34.22 34.58 34.65 34.89 34.78 34.84 35.00 35.05 35.12 35.44 35.61 35.79 36.12
traj-22:
 3.89  5.84  7.12  8.56  9.94 11.48 11.98 13.96 15.69 16.62 18.60 19.77 20.64 22.10 23.23 25.01 25.11 25.30 25.54 25.76 25.89 25.21 23.32 21.87 21.30 19.55 17.79 16.63 15.19 14.12 12.28 11.34 10.30  8.64
35.77 35.65 35.52 35.34 35.19 34.97 34.94 34.82 34.76 34.67 34.49 34.40 34.33 34.21 34.13 33.54 32.96 31.04 29.27 28.19 26.49 24.79 24.33 24.40 24.42 24.53 24.66 24.44 24.10 23.76 23.16 22.54 21.96 21.65
traj-23:
 9.60 10.01 10.71 11.21 11.45 12.15 12.83 13.55 14.26 14.62 15.28 15.40 16.72 17.89 19.66 20.24 21.69 23.16 24.18 25.28 25.90 26.04 26.08 26.16 25.76 25.48 23.58 21.76 20.43 18.78 17.37 15.69 13.95 12.32 10.95  9.66  7.91  5.92  4.52  3.03  1.87
 9.10 10.53 12.34 13.62 14.43 16.06 17.90 19.24 20.61 21.41 22.74 23.21 24.13 24.32 24.28 24.22 24.10 24.29 24.62 25.89 27.25 29.01 30.47 31.86 32.85 34.78 34.79 34.56 34.51 34.44 34.42 34.66 35.09 35.39 35.11 34.84 34.73 34.71 34.78 34.71 34.87
traj-24:
 3.04  4.39  6.05  6.69  8.52 10.25 10.83 12.76 13.06 15.01 15.88 17.03 18.19 20.13 20.73 22.52 24.14 25.66 25.80 25.81 25.83 25.97 25.71 25.46 24.09 23.25 21.51 20.33 18.87 18.03 17.79 17.19 16.83 16.84 16.80 16.13 15.98
35.18 34.78 34.61 34.60 34.68 34.51 34.51 34.47 34.46 34.33 34.52 34.56 34.52 34.98 34.83 34.94 34.89 33.66 32.12 30.55 29.99 28.21 26.93 26.16 24.81 24.55 24.45 24.31 24.23 24.15 23.97 23.49 21.92 20.43 19.90 18.40 17.71
traj-25:
14.23 14.20 14.36 14.38 14.44 14.68 14.80 15.13 15.20 15.42 16.72 18.48 19.38 20.70 22.04 23.98 24.27 25.06 25.31 25.75 26.01 25.51 25.17 24.27 23.36 22.69 20.92 19.15 18.07 16.82 14.89 14.24 12.62 11.18  9.24  8.27  6.50  4.86  4.04
10.27 11.66 13.44 15.32 16.03 17.47 18.48 20.38 21.92 23.25 24.23 24.32 24.36 24.44 24.53 24.79 24.83 26.39 27.20 28.63 30.48 32.12 33.21 34.09 34.50 34.57 34.86 35.04 34.76 34.89 35.10 35.21 35.29 35.40 35.86 35.93 35.37 34.92 34.32
traj-26:
 2.29  3.57  5.16  7.10  8.50  9.66 10.85 12.54 14.48 15.93 17.40 18.99 20.24 21.80 23.66 25.41 25.45 25.74 26.07 26.26 26.36 25.11 24.30 22.40 22.10 20.34 18.60 17.15 15.99 14.57 14.83 15.06 15.42 15.63 15.66 15.83 16.00 16.27 16.59
34.15 34.14 34.15 34.19 34.24 34.27 34.27 34.20 34.18 34.16 34.15 34.13 34.11 34.09 34.01 33.25 32.10 30.34 29.15 27.16 26.27 24.94 24.44 24.21 24.21 24.18 24.16 24.18 24.07 23.80 22.24 21.23 20.18 18.22 17.04 16.04 14.25 13.12 11.72
traj-27:
12.38 13.71 15.22 15.82 17.37 18.79 19.27 21.12 22.89 23.49 25.20 25.25 25.25 25.40 25.27 25.23 25.10 23.21 22.46 21.21 19.68 17.79 15.96 14.55 12.68 11.79 10.38  8.64  7.99  6.35  4.61  2.65
20.16 20.96 21.91 22.16 23.21 24.08 24.11 24.30 24.47 24.52 25.29 26.62 27.43 29.37 31.02 31.66 33.40 34.02 34.14 34.43 34.58 34.53 34.52 34.43 34.49 34.48 34.39 34.48 34.55 34.49 34.60 34.60
traj-28:
 2.40  3.73  5.22  6.56  8.43  9.48 11.28 13.04 14.83 16.76 18.47 20.13 22.05 23.12 24.15 25.37 25.35 25.45 25.61 25.58 25.28 25.06 24.23 23.93 22.16 20.39 18.62 16.77 15.33 13.73 13.32
34.36 34.33 34.28 34.23 34.22 34.21 34.24 34.28 34.26 34.26 34.22 34.16 34.17 34.15 34.06 33.36 32.79 31.02 29.04 27.18 26.09 25.42 24.22 24.19 24.09 24.13 24.23 23.70 23.07 22.17 22.01
traj-29:
 8.81  9.62 10.24 10.84 11.28 11.79 12.36 12.39 12.79 13.31 14.31 15.97 17.75 19.52 20.72 22.49 24.21 24.72 25.43 25.42 25.47 25.46 25.29 24.71 22.93 21.35 20.28 18.62 17.51 16.02 15.13 13.68 12.49 10.58  8.68  7.73  5.76  4.26
 9.64 11.23 12.79 14.58 15.89 17.26 19.17 20.09 21.48 21.99 23.63 24.41 24.51 24.56 24.58 24.54 24.76 24.95 26.35 28.02 29.93 31.30 33.04 34.02 34.02 34.03 34.12 34.11 34.14 34.19 34.32 34.45 34.41 34.72 35.00 35.11 35.34 35.61
traj-30:
 2.55  3.74  5.65  7.21  8.25  9.18 10.97 12.68 14.57 16.28 17.66 18.46 20.16 21.27 23.00 24.76 26.07 26.69 26.25 26.28 25.99 25.36 24.28 23.43 22.88 21.73 20.55 18.78 17.79 17.40 17.20 16.60 15.96 15.31
34.07 34.27 34.76 35.05 34.91 34.86 34.84 34.88 34.69 34.58 34.42 34.40 34.19 34.08 34.11 33.98 32.60 31.21 29.44 28.94 27.21 25.38 24.83 24.60 24.47 24.26 24.10 24.05 23.54 22.02 21.15 19.53 18.11 16.66
traj-31:
17.10 17.27 17.74 18.72 20.49 21.67 22.55 24.03 25.13 25.58 25.80 25.80 25.73 25.42 24.81 23.13 22.15 20.35 20.05 18.31 17.60 15.72 13.86 11.93 10.02  8.78  7.12  6.15  4.15  2.71
20.19 21.71 23.63 24.23 24.24 24.43 24.55 24.72 25.82 27.43 28.53 30.36 31.55 32.80 34.15 34.30 34.34 34.36 34.36 34.42 34.44 34.53 34.53 34.70 34.74 34.71 34.68 34.71 34.72 34.82
traj-32:
 1.97  2.88  4.43  6.35  7.83  8.90 10.67 12.17 14.09 15.50 17.02 18.98 19.79 21.78 22.28 24.27 25.26 25.62 25.73 25.62 25.41 25.32 24.62 24.03 22.54 21.94 20.47 18.68 17.80 17.64 16.98 16.29 15.39 14.94
34.79 34.73 34.65 34.56 34.34 34.44 34.65 34.47 34.38 34.25 34.20 34.16 34.23 34.26 34.27 34.39 33.85 32.14 30.63 29.84 27.95 26.26 24.98 24.06 24.04 24.04 24.06 24.06 24.09 23.95 22.48 21.34 19.73 18.99
traj-33:
 9.72 10.88 12.05 12.77 13.82 14.92 16.42 17.19 17.65 18.43 19.49 20.95 22.42 23.80 25.58 26.10 26.81 27.02 26.97 26.93 26.70 26.29 24.35 23.27 21.39 19.84 19.25 17.80 16.91 14.99 13.58 11.62  9.68  8.05  6.33  4.81  2.86
14.80 15.86 17.04 17.84 18.97 19.89 21.13 22.42 23.61 24.05 24.12 24.28 24.47 24.76 25.59 25.89 27.24 29.14 30.59 32.33 32.68 34.23 34.23 34.18 34.16 34.14 34.14 34.16 34.16 34.13 34.09 34.11 34.17 34.21 34.27 34.50 34.57
traj-34:
 3.73  5.18  6.04  7.93  9.64 10.50 11.18 12.10 13.81 15.77 17.58 18.68 20.61 22.06 23.69 24.41 25.95 25.91 25.87 25.85 25.83 25.47 25.27 24.30 22.37 20.59 19.17 17.40 16.58 14.98 13.75 13.05 11.38 10.08
36.13 35.88 35.71 35.40 35.10 35.17 35.00 34.94 34.90 34.87 34.88 34.75 34.55 34.45 34.24 34.12 33.96 32.13 30.56 29.97 28.39 26.78 26.05 24.67 24.32 24.19 24.13 24.07 23.85 22.99 22.30 21.86 20.86 20.09
traj-35:
10.35 11.61 12.64 13.02 13.88 14.54 15.63 16.37 17.37 18.45 20.22 21.97 22.56 24.04 25.38 25.46 25.68 25.62 25.53 25.29 24.88 24.06 23.62 21.96 20.58 19.04 17.06 15.61 14.18 12.18 10.61  9.96  8.57  6.60  5.26  3.48  2.54
13.25 14.80 16.18 16.62 17.75 19.05 20.66 21.67 23.30 24.01 24.06 24.26 24.32 24.54 25.55 26.60 28.00 29.27 30.94 32.74 34.13 34.99 34.96 34.83 34.79 34.87 34.88 35.05 35.24 35.16 35.15 35.03 34.82 34.83 34.76 34.54 34.26
traj-36:
 3.13  4.84  5.34  6.10  7.59  9.54 11.34 12.95 13.98 15.10 16.22 17.34 18.45 19.65 21.12 22.77 24.30 25.58 25.54 25.60 25.69 25.82 25.54 25.34 24.30 22.50 21.61 19.95 18.48 17.05 16.46 14.71 13.07 11.64  9.99  8.31  7.34
34.02 34.72 34.77 34.70 34.73 34.97 35.00 35.17 35.17 35.15 35.13 35.15 35.12 35.19 35.15 35.08 34.01 32.84 32.10 30.84 29.25 28.09 26.24 25.68 24.01 24.07 24.07 24.21 24.43 24.46 24.39 24.24 23.78 23.29 22.66 22.14 21.69
traj-37:
11.89 12.25 13.23 14.19 15.10 16.05 17.48 19.24 21.00 22.47 24.38 25.74 26.02 26.03 25.87 25.78 25.66 25.22 24.41 22.43 20.46 19.23 18.12 16.87 15.69 13.92 12.65 10.95 10.65  8.72  6.94  5.12  3.90  1.99
17.21 17.64 18.84 20.03 21.21 22.94 24.20 24.40 24.45 24.55 24.96 26.30 27.93 29.08 29.97 31.59 32.84 34.63 34.69 34.70 34.71 34.83 34.71 34.64 34.72 34.86 35.00 35.26 35.28 35.36 35.43 35.56 35.49 35.30
traj-38:
 2.71  3.12  4.83  6.55  8.17  9.65 10.73 11.79 12.09 13.67 15.60 16.41 17.80 18.60 20.33 21.03 22.86 24.43 25.01 25.75 25.95 25.95 25.85 24.56 23.09 21.63 19.87 18.99 17.68 16.98 16.57 16.62 16.46 16.34 16.33 15.86 15.71 15.70
34.19 34.24 34.53 34.81 34.79 34.88 34.94 35.00 35.04 34.35 34.21 34.37 34.80 35.01 34.37 34.28 34.16 34.12 32.22 31.50 29.86 28.12 26.21 24.79 24.63 24.48 24.25 24.11 23.19 21.67 20.07 18.21 16.91 14.95 14.54 12.59 11.06  9.23
traj-39:
16.90 17.30 18.31 20.06 21.51 23.25 24.42 25.63 25.77 25.78 25.68 25.43 25.37 24.78 22.90 21.12 20.81 18.88 17.26 15.33 13.80 12.51 10.63  9.45  8.11  6.13  5.21  3.45  2.13
23.31 23.74 24.27 24.43 24.33 24.40 24.50 25.94 26.82 28.81 30.24 32.09 32.30 34.04 34.15 34.23 34.28 34.47 34.56 34.68 34.83 35.06 35.39 35.34 35.40 35.52 35.57 35.61 35.63
traj-40:
 3.93  5.86  7.71  9.52 11.35 13.16 13.69 15.20 15.78 17.52 18.32 20.26 22.02 23.78 25.55 25.85 26.25 25.90 25.99 25.83 25.44 24.28 23.25 21.50 20.90 19.47 18.88 16.99 15.66 14.26 13.46 12.99 12.47 12.26 11.88 11.41 11.31 11.14
34.74 34.80 34.89 35.16 35.35 35.35 35.16 34.99 34.90 34.79 34.81 34.73 34.72 34.54 34.33 34.27 32.41 30.53 29.45 27.69 26.03 24.54 24.46 24.42 24.41 24.36 24.33 23.71 22.70 21.70 21.01 19.21 17.40 16.28 14.94 13.02 11.89 10.80
traj-41:
 7.05  8.28  8.54  9.24 10.22 11.26 12.18 13.30 13.95 15.02 16.48 18.20 19.66 21.39 23.38 25.12 25.47 25.91 26.28 26.57 26.70 25.51 24.17 23.03 21.64 19.97 19.32 17.55 16.11 14.28 12.43 10.79  8.87  7.04  5.13  3.32
13.49 14.73 15.03 15.80 16.91 18.11 19.27 20.66 21.51 22.89 24.20 24.47 24.54 24.71 24.84 25.68 26.72 28.64 30.55 32.20 33.66 35.19 35.00 34.93 34.94 34.69 34.66 34.55 34.43 34.16 34.17 34.17 34.28 34.69 35.24 35.70
traj-42:
 1.99  2.11  3.76  4.84  6.26  7.97  9.75 11.39 13.12 14.69 16.37 18.28 20.08 21.97 23.90 25.00 26.24 26.48 25.95 25.79 25.68 25.66 25.54 25.33 24.06 23.48 21.75 21.45 19.72 18.53 17.11 16.15 15.34 14.73 14.61 14.45 14.82 15.19 15.32 15.48 15.65 15.95
35.79 35.74 34.80 34.60 34.75 34.76 34.54 34.57 34.53 34.48 34.50 34.80 34.89 34.90 35.14 35.36 33.93 33.06 31.67 30.13 29.56 27.71 26.83 25.74 24.46 24.54 24.50 24.48 24.28 24.21 23.40 21.70 20.33 18.56 17.54 15.66 14.06 12.11 10.98  9.84  9.00  7.31
traj-43:
13.99 15.21 16.56 17.77 18.02 19.59 21.07 21.67 23.43 24.74 25.55 25.61 25.56 25.46 25.44 25.31 24.37 23.13 21.39 20.02 18.08 17.60 15.86 14.18 12.27 10.47  9.01  7.43  6.26  5.08  3.55  3.05
20.43 21.55 22.66 23.90 24.06 24.06 24.10 24.11 24.21 24.78 26.10 27.72 28.78 30.36 31.57 33.02 34.14 34.29 34.32 34.31 34.19 34.29 34.37 34.65 34.64 34.60 34.75 34.90 34.86 35.03 35.00 35.09
traj-44:
 3.54  3.96  5.87  6.76  8.69  9.68 10.67 11.25 13.22 14.36 15.99 17.45 18.40 20.06 20.89 21.34 22.35 23.23 25.07 25.28 25.44 25.66 26.01 26.18 24.46 24.00 22.30 21.71 19.93 19.05 17.58 16.69 14.92 14.27 13.72 13.20 12.61 11.62 11.52 10.59 10.36
35.96 35.84 35.89 35.81 35.73 35.87 35.64 35.78 35.82 35.60 35.32 35.11 34.80 34.60 34.46 34.37 34.19 34.01 33.37 31.89 30.73 29.11 27.54 25.55 24.88 24.85 24.77 24.72 24.65 24.60 24.50 24.48 23.61 22.00 20.58 18.95 18.48 16.81 16.26 14.56 14.38
traj-45:
 7.82  8.47  9.79 11.70 12.97 14.84 16.19 17.21 18.57 19.75 21.61 23.25 24.77 25.64 25.63 25.67 25.69 25.56 25.22 23.95 21.96 20.15 18.68 17.32 15.41 13.67 12.53 11.58 10.44  9.25  8.12  6.50  5.84  4.52  4.33
20.29 20.56 21.16 21.73 22.16 22.79 23.69 24.12 24.11 24.11 24.08 24.01 24.68 26.18 26.48 28.41 30.38 31.86 33.52 34.11 34.35 34.65 34.63 34.83 34.47 34.44 34.37 34.27 34.16 34.14 34.20 34.29 34.39 34.61 34.84
traj-46:
 2.01  3.50  5.24  6.82  8.11  9.48 10.99 12.95 14.81 16.50 17.15 19.01 20.33 21.98 23.11 23.82 25.32 26.37 26.40 26.00 25.61 25.20 25.02 24.06 22.28 20.50 19.04 18.45 16.80 16.48
34.24 34.50 34.48 34.73 34.63 34.54 34.55 34.38 34.41 34.45 34.56 34.65 34.49 34.27 34.23 34.10 33.43 32.01 30.73 28.91 27.36 25.91 25.38 24.18 24.14 24.15 24.12 24.11 23.55 21.90
traj-47:
16.86 18.47 20.26 22.02 22.32 24.04 25.01 25.24 25.88 25.86 26.07 26.14 25.52 24.52 22.76 21.14 19.35 17.69 16.33 14.63 13.11 11.35 10.77  8.80  8.22  6.68  5.58  4.39  2.41  2.16
23.25 24.01 24.19 24.39 24.43 24.60 25.56 26.23 27.88 29.88 31.79 32.67 33.92 34.80 34.54 34.70 35.07 35.28 35.22 35.12 35.02 35.18 35.17 35.15 35.17 35.08 34.95 34.94 34.95 34.98
traj-48:
 2.87  3.51  5.25  7.12  8.96 10.45 11.67 13.44 14.84 16.19 17.46 19.30 20.97 22.88 24.07 25.16 25.57 25.71 26.41 26.02 25.67 25.36 24.61 22.85 21.07 20.77 19.05 18.75 17.06 16.68 16.13 15.56 15.07 14.44 14.30 13.95 13.53 13.33
36.03 35.84 35.19 35.32 35.41 34.92 34.81 34.88 34.95 34.75 34.81 34.73 34.68 34.58 34.45 33.39 32.45 31.87 30.81 29.27 27.47 26.37 24.91 24.51 24.42 24.41 24.25 24.21 23.30 22.63 20.77 19.24 17.70 16.29 14.71 13.04 11.51 10.20
traj-49:
 8.31  8.96  9.54  9.89 10.12 10.50 11.25 11.57 11.74 12.10 13.75 14.54 15.97 16.86 18.64 20.37 22.12 22.92 24.45 25.13 25.36 25.67 25.79 25.74 25.61 24.56 22.70 21.65 20.20 19.13 17.84 15.96 15.03 13.54 11.60  9.70  9.40  7.50  6.28  4.37  3.32
14.22 15.18 15.89 17.78 18.12 18.82 20.28 20.92 21.44 22.54 23.61 24.05 24.21 24.31 24.45 24.50 24.50 24.51 24.75 25.85 26.98 28.31 29.85 31.34 33.13 34.03 34.42 34.33 34.17 34.27 34.35 34.45 34.90 34.96 34.95 34.82 34.80 35.05 34.81 34.75 34.70
traj-50:
 2.22  3.37  5.15  7.11  8.62 10.28 10.95 12.50 13.86 15.20 17.07 18.99 20.89 21.16 22.43 23.92 25.04 25.45 25.61 25.60 25.52 25.21 25.02 24.21 23.32 22.13 20.98 19.51 18.04 17.05 16.15 15.43 14.82 14.37 13.64 12.99 12.15 11.21
36.15 35.71 35.78 35.98 36.14 35.93 35.78 35.36 35.20 34.99 34.73 34.54 34.38 34.39 34.19 34.01 33.54 32.01 30.83 29.34 28.13 26.51 25.73 24.28 24.22 24.13 24.04 24.06 24.04 23.42 21.92 20.38 19.15 18.11 16.63 15.20 13.72 12.24
traj-51:
15.99 16.77 18.11 19.07 20.85 22.63 23.80 24.66 25.69 25.64 25.79 26.00 25.43 25.25 24.03 22.20 21.23 20.17 18.41 17.57 16.01 14.69 13.16 11.43  9.73  8.27  7.62  5.71  4.21  2.96
22.28 22.97 24.04 24.13 24.10 24.11 24.15 24.17 25.29 27.21 28.76 30.73 32.54 33.11 34.16 34.25 34.38 34.54 34.82 34.77 34.96 35.08 35.11 35.20 35.17 35.16 35.15 35.12 35.21 35.19
traj-52:
 3.85  5.80  7.32  8.74  9.90 10.98 12.42 14.27 15.49 17.47 18.76 20.31 20.89 22.82 23.76 25.64 25.82 26.10 26.12 26.04 25.84 25.77 25.81 24.35 23.32 22.70 20.94 19.17 18.58 16.96 16.78 16.69 16.67 16.51
34.58 34.73 34.74 34.80 34.68 34.65 34.55 34.52 34.58 34.57 34.79 34.79 34.76 34.54 34.41 34.42 33.21 31.96 30.52 29.11 27.50 26.12 25.83 24.48 24.10 24.03 24.15 24.17 24.05 23.49 21.90 20.49 18.57 17.51
traj-53:
 9.14 10.95 12.16 13.73 14.20 15.93 17.12 18.87 20.35 21.19 22.93 24.30 25.18 25.59 25.82 25.76 25.72 25.50 25.24 25.08 24.90 24.05 22.92 21.72 20.06 18.31 17.57 16.33 15.13 14.22 12.79 11.26  9.43  8.82  7.14  5.16  3.93  2.18
22.37 22.79 23.26 24.04 24.12 24.18 24.18 24.22 24.30 24.35 24.45 24.78 26.08 26.63 28.49 29.03 30.51 31.51 32.60 32.68 33.24 34.08 34.21 34.33 34.56 35.08 35.12 34.78 34.89 34.83 34.84 34.71 34.56 34.55 34.54 34.64 34.64 34.72
traj-54:
 2.36  4.13  6.07  7.94  8.99 10.04 11.91 12.81 14.75 16.45 17.36 19.07 20.57 21.70 23.54 24.59 25.73 25.66 25.62 25.46 25.25 25.10 24.01 22.25 20.77 19.01 18.71 16.95 16.01 15.82 15.28 14.85 14.39 14.13 13.83 13.53 13.29 12.96
34.13 34.15 34.40 34.40 34.45 34.43 34.40 34.41 34.42 34.45 34.84 34.72 34.58 34.46 34.37 34.03 33.06 32.19 31.05 29.35 27.68 25.97 24.60 24.39 24.23 24.07 24.12 23.32 21.57 20.33 18.67 17.02 15.07 14.24 12.83 11.21 10.02  9.26
traj-55:
 7.69  8.99  9.70 11.17 12.48 14.03 14.95 16.70 18.57 19.96 21.74 22.94 24.73 25.64 25.84 26.01 26.20 26.40 26.33 25.17 23.69 23.11 21.32 19.62 18.68 17.27 15.60 13.63 11.68 10.52  8.68  7.59  6.62  4.63  2.77  2.47
19.13 19.72 20.05 20.79 21.50 22.25 22.65 23.43 24.10 24.03 24.06 24.05 24.03 25.61 26.17 27.69 28.85 30.83 32.55 33.76 34.18 34.11 34.26 34.34 34.41 34.34 34.18 34.11 34.05 34.11 34.14 34.14 34.21 34.27 34.14 34.15
traj-56:
 3.77  5.60  6.49  8.23  9.42 11.39 12.46 13.70 15.57 17.34 19.27 20.52 22.25 22.86 24.38 25.12 25.25 25.43 25.72 25.88 25.98 26.19 24.55 22.60 21.43 19.95 18.47 16.75 15.57 13.85 12.54 10.82  9.68  8.97  7.24
35.71 35.77 35.79 35.66 35.53 35.32 34.65 34.63 34.63 35.08 35.27 35.15 35.05 34.94 34.62 32.77 32.50 30.97 29.49 28.41 27.42 25.74 24.61 24.67 24.64 24.57 24.43 24.23 24.09 23.41 22.80 21.79 21.31 21.03 20.14
traj-57:
 7.22  8.06  8.58  9.74 10.52 11.20 11.65 12.85 13.69 14.39 15.18 15.69 16.63 17.32 18.93 20.59 22.37 24.17 25.16 25.44 25.98 26.46 26.57 26.53 26.34 24.46 22.88 21.79 19.98 19.00 17.82 16.41 14.86 13.27 11.57 10.56  8.59  6.74  5.24  4.35
 8.77 10.02 10.81 12.39 13.57 14.69 15.46 17.03 18.25 19.17 20.19 20.93 22.42 23.25 24.17 24.08 24.05 24.03 25.10 26.86 28.31 30.13 31.36 32.50 34.14 34.67 34.63 34.51 34.56 34.68 34.64 34.84 34.96 35.20 35.33 35.29 35.55 35.74 35.92 36.03
traj-58:
 3.86  5.36  6.09  7.47  9.11 10.97 12.88 14.33 16.01 17.89 19.74 21.52 23.50 25.02 25.68 25.85 25.78 25.78 25.60 25.59 24.30 22.60 21.44 19.96 19.40 17.62 16.56 15.71 16.00 16.03 15.89 16.26 16.21 15.87 15.66
34.96 34.81 34.74 34.87 34.93 35.04 34.91 34.95 35.07 34.89 34.93 35.00 34.85 34.83 33.04 32.46 30.73 29.27 27.55 26.37 24.88 24.67 24.52 24.39 24.34 24.25 24.04 23.45 22.41 20.95 19.66 17.80 17.31 15.79 14.86
traj-59:
12.56 14.19 15.73 17.40 18.88 20.35 21.83 22.42 24.29 24.73 26.44 26.43 26.21 25.88 25.67 25.30 24.92 24.43 22.52 21.11 19.29 18.96 17.23 15.25 13.30 12.49 10.68  9.11  7.47  6.28  4.45  2.68
22.52 22.35 22.16 23.13 24.19 24.30 24.38 24.40 24.70 24.74 25.28 27.21 28.19 29.87 31.35 33.27 35.06 35.23 35.51 35.35 35.27 35.39 35.93 35.83 35.88 35.87 35.84 35.74 35.59 35.61 35.36 35.46
traj-60:
 2.46  3.38  5.23  6.87  8.80  9.27 11.20 12.24 14.21 15.82 17.17 19.13 21.01 22.57 23.81 25.13 25.38 26.02 26.04 25.55 25.47 25.36 24.27 23.09 21.60 20.71 18.73 17.23 16.03 15.02 13.92 12.54 11.32 10.38
34.43 34.44 34.55 34.66 34.63 34.68 35.03 35.02 35.17 35.43 35.64 35.59 35.19 34.44 34.42 33.04 31.40 29.82 29.21 27.39 26.32 25.66 24.08 24.04 24.06 24.07 24.19 23.26 22.03 21.06 20.02 18.82 17.70 16.96
traj-61:
 9.35 10.99 11.89 13.02 14.52 14.82 16.52 17.46 18.88 20.04 21.49 23.24 24.38 25.94 26.44 26.26 26.13 25.94 25.64 24.10 22.39 20.63 19.19 18.48 16.97 15.22 13.32 12.22 10.57  8.67  7.79  6.25  5.55  3.61  3.31
17.99 19.00 19.54 20.23 21.43 21.67 22.45 23.26 24.20 24.25 24.23 24.17 24.25 25.40 27.32 28.38 30.10 31.74 33.14 34.10 34.03 34.10 34.27 34.30 34.25 34.58 34.87 34.88 35.09 35.46 35.58 35.78 35.79 36.02 36.05
traj-62:
 2.59  3.62  4.73  6.63  8.62  9.19 11.03 13.00 14.55 15.62 17.42 19.13 20.87 21.81 22.99 23.96 25.22 25.55 25.73 25.92 25.66 25.15 24.23 22.49 20.70 19.21 17.57 16.34
35.74 35.66 35.54 35.42 35.32 35.34 35.13 34.91 34.77 34.77 34.94 35.09 35.32 35.46 35.47 35.19 33.95 32.23 30.49 28.65 26.85 25.46 24.09 24.08 24.08 24.07 24.14 23.22
traj-63:
13.59 14.09 14.48 15.18 15.80 16.39 17.09 17.22 17.40 17.41 18.83 19.72 20.87 22.62 24.12 25.70 25.93 25.70 25.61 25.44 25.22 24.18 22.25 20.64 18.94 17.78 16.14 14.26 12.42 10.46  9.47  8.19  6.22  5.34  3.42  2.06
13.23 14.32 15.21 16.83 18.42 19.58 20.60 21.60 22.94 23.24 24.03 24.08 24.18 24.36 24.45 25.33 27.31 28.48 30.09 31.65 33.12 34.22 34.19 34.20 34.20 34.22 34.47 34.62 34.62 34.52 34.59 34.64 34.76 34.80 34.45 34.29
traj-64:
 4.13  4.72  6.14  6.93  8.92 10.69 11.92 13.44 15.40 16.30 18.02 18.32 20.09 20.97 22.86 24.50 25.80 25.55 25.52 25.49 25.71 25.54 23.83 22.39 21.79 20.35 18.60 17.42 16.89
34.23 34.22 34.28 34.26 34.15 34.13 34.11 34.08 34.07 34.12 34.12 34.12 34.14 34.15 34.10 34.05 32.77 32.01 30.11 29.08 27.11 25.28 24.62 24.44 24.42 24.38 24.27 23.67 23.00
traj-65:
13.12 13.34 13.84 14.17 14.75 15.23 15.55 15.93 16.33 16.57 16.97 17.54 17.90 18.16 19.92 21.42 22.91 24.09 25.24 25.46 25.41 25.23 25.09 25.05 24.34 22.96 21.43 19.87 17.95 16.59 15.19 13.45 11.45  9.94  8.54  7.56  5.80  4.25
 9.36 10.37 11.92 13.05 14.60 16.16 17.02 18.12 19.60 20.11 21.60 23.20 23.86 24.00 24.05 24.11 24.18 24.34 25.83 27.64 28.53 30.05 30.96 32.49 34.03 34.28 34.23 34.26 34.30 34.36 34.35 34.41 34.44 34.51 34.56 34.58 34.64 34.51
traj-66:
 3.02  4.33  6.16  6.81  7.84  8.80 10.75 12.41 13.30 14.92 16.06 17.74 19.64 21.53 22.91 24.49 25.67 25.58 25.64 26.20 26.15 26.11 24.81 23.19 21.69 19.75 18.81 16.99 16.00 15.03 14.82 13.77 12.72 12.09 11.49 10.79  9.80  9.22
35.21 35.07 34.93 34.95 34.97 35.07 34.92 34.94 34.96 34.98 34.96 35.06 34.96 34.67 34.35 34.07 32.92 31.77 30.39 28.54 27.65 25.92 24.48 24.04 24.05 24.23 24.10 23.42 21.77 20.03 19.74 18.21 16.61 15.43 14.48 13.13 11.45 10.43
traj-67:
16.21 16.46 16.70 16.04 16.05 16.19 17.72 19.37 20.99 22.17 23.93 25.70 26.15 26.14 26.77 26.74 26.64 26.37 26.27 25.40 24.04 22.08 20.24 19.16 17.69 16.73 15.19 13.35 11.83 10.23  8.66  6.91  6.04  4.24  2.49  2.20
15.96 17.27 18.99 20.87 21.51 23.02 24.08 24.09 24.14 24.15 24.15 24.63 24.69 26.66 28.44 30.14 31.87 33.18 34.03 35.01 34.83 34.82 34.78 34.90 34.78 34.72 34.72 34.74 34.85 34.74 34.76 34.93 35.02 35.15 34.98 34.89
traj-68:
 3.71  5.61  7.44  8.59 10.30 11.76 12.66 14.00 15.72 17.26 19.14 20.93 22.73 23.63 23.87 25.01 25.14 25.40 25.48 25.48 25.26 25.13 24.24 22.44 20.95 19.46 18.56 17.26 17.01 16.50 16.14 15.92 15.54 15.29 15.04 14.80 14.36 14.07
34.35 34.44 34.45 34.43 34.39 34.44 34.46 34.49 34.55 34.60 34.62 34.72 34.59 34.38 34.04 33.53 31.72 30.62 28.72 28.55 26.64 25.67 24.02 24.03 24.04 24.01 24.02 23.34 21.64 20.01 18.18 17.08 15.69 14.88 13.61 12.19 10.29  8.63
traj-69:
13.81 14.06 14.29 14.99 15.77 16.66 17.96 19.82 20.12 21.90 23.36 25.11 25.12 25.27 25.27 25.24 25.27 25.10 23.45 21.56 20.46 18.70 17.21 15.99 14.22 12.30 10.77  9.18  7.47  5.88  3.95  2.45
16.51 17.72 18.77 20.15 21.51 22.83 24.07 24.07 24.07 24.11 24.27 24.91 26.24 28.17 29.68 31.17 32.01 33.47 34.14 34.26 34.25 34.30 34.27 34.21 34.33 34.49 34.69 35.05 35.31 35.55 35.98 36.15
traj-70:
 3.37  5.33  5.90  7.35  9.26 10.57 12.40 14.29 16.21 16.75 18.51 19.29 21.23 22.53 24.17 24.57 26.33 26.65 26.62 26.61 26.55 26.29 25.37 24.26 23.44 22.57 21.98 20.22 18.44 17.49 17.15 16.36 15.56 14.48 13.43 12.54 11.93 11.06 10.13  9.89
35.90 35.68 35.62 35.63 35.53 35.41 35.29 35.47 35.14 35.27 34.90 34.81 34.60 34.39 34.18 34.04 33.20 32.29 31.69 29.90 28.17 26.74 25.70 24.79 24.54 24.35 24.26 24.09 24.11 23.47 22.74 21.44 20.07 18.47 16.80 15.43 14.32 13.00 11.60 11.21
traj-71:
13.05 13.78 14.05 14.59 15.31 16.08 16.74 17.16 18.78 19.94 21.64 22.51 24.24 25.08 26.35 26.92 26.87 26.80 26.69 26.61 26.27 24.45 23.14 22.16 20.36 19.10 17.49 16.83 15.46 13.59 11.70 10.01  8.61  7.01  6.21  4.82  3.94
12.83 14.41 15.19 16.70 18.44 20.07 21.59 23.19 24.18 24.17 24.29 24.38 24.72 24.97 26.00 27.19 28.73 29.88 31.67 33.16 33.66 34.01 34.16 34.32 34.43 34.54 34.70 34.76 34.85 35.05 35.17 35.36 35.31 35.36 35.22 35.10 35.09
traj-72:
 2.99  3.28  5.20  6.14  7.91  9.80 11.50 13.25 14.42 15.75 16.93 18.72 20.13 22.09 23.37 24.37 25.01 25.14 25.16 25.30 25.42 25.36 25.15 24.06 22.27 21.97 20.19 18.41 17.11 15.79 14.96 13.94 12.67 11.42 10.47  9.26
34.23 34.29 34.85 34.77 34.84 34.70 34.79 34.79 34.77 34.73 34.72 34.70 34.67 34.63 34.52 34.30 33.78 32.43 32.13 30.42 29.18 27.60 25.71 24.05 24.06 24.06 24.06 24.05 23.35 21.98 21.04 19.96 18.61 17.24 16.41 15.30
traj-73:
13.46 13.96 14.56 15.45 16.18 16.37 16.88 17.54 18.88 20.64 21.82 23.28 25.01 25.85 25.91 25.83 25.77 25.86 25.81 24.30 23.60 22.33 20.56 19.47 18.09 17.26 16.07 15.04 13.42 11.75 10.08  9.29  7.72  6.03  4.80  3.99
13.46 15.12 16.50 18.08 19.73 20.15 21.49 23.16 24.05 24.16 24.28 24.50 24.89 25.71 27.27 28.09 29.80 31.68 33.08 34.11 34.44 34.65 34.57 34.59 34.48 34.49 34.45 34.44 34.52 34.62 34.71 34.81 34.88 34.96 35.00 35.04
traj-74:
 2.40  4.04  5.71  6.54  8.04  9.94 11.58 13.01 14.15 15.48 17.13 18.54 19.98 21.73 23.30 24.80 25.62 25.55 25.64 25.52 25.41 24.17 22.69 21.20 20.31 18.83 17.67 17.59 17.28 17.15 16.82 16.12 15.77 15.12 14.58 13.95 13.25 12.75 12.20 11.42
35.72 35.50 35.36 35.32 35.24 35.02 34.76 34.70 34.62 34.48 34.45 34.48 34.42 34.32 34.21 34.07 32.26 30.34 28.82 27.03 25.94 24.40 24.21 24.14 24.09 24.05 23.35 22.77 21.02 20.15 19.02 17.22 16.43 15.12 14.16 12.54 10.86  9.68  8.51  6.87
traj-75:
 9.08 10.02 10.94 11.55 12.33 12.65 13.49 14.52 15.51 15.99 16.82 17.04 18.39 19.59 21.38 23.12 24.40 25.33 25.86 25.84 25.83 25.60 25.54 24.05 22.26 21.21 19.87 18.77 16.97 15.68 14.19 12.24 11.39  9.43  8.23  6.68  5.20  3.65
10.91 12.15 13.50 14.57 16.08 16.49 17.87 19.47 20.79 21.36 22.89 23.10 24.06 24.07 24.07 24.17 24.24 25.74 27.61 28.64 29.71 31.47 32.85 34.15 34.30 34.25 34.30 34.33 34.29 34.50 34.50 34.49 34.51 34.55 34.72 34.80 34.87 34.90
traj-76:
 2.40  3.77  4.88  6.41  8.09  9.61 11.50 13.12 15.05 17.01 18.43 19.12 20.77 21.26 22.50 24.13 24.52 25.25 25.59 25.50 25.37 25.23 25.22 23.63 22.46 20.96 19.47 17.98 17.74 17.42 17.24 17.11 16.77 16.22 15.99 15.81 15.80 15.80 15.74 15.64
34.10 34.61 34.69 34.99 35.08 35.08 35.01 34.91 35.21 35.19 35.25 35.28 35.35 35.45 35.52 34.83 34.53 32.96 31.35 29.89 28.03 26.45 24.89 24.18 24.08 24.05 24.04 24.04 23.86 22.05 21.10 20.49 18.65 17.17 15.19 13.37 12.29 11.03  9.70  7.84
traj-77:
16.10 16.46 16.73 16.79 16.79 17.00 16.97 17.60 18.50 20.25 20.55 22.32 24.15 25.17 25.17 25.14 25.10 25.13 25.16 24.62 23.08 21.27 20.69 18.87 17.61 16.31 14.74 14.06 12.09 10.13  8.67  7.92  5.99  5.12  3.93
13.54 15.42 17.33 17.81 19.75 21.05 22.02 23.56 24.06 24.08 24.08 24.10 24.33 25.86 27.03 28.49 29.93 30.80 32.55 34.16 34.76 34.67 34.66 34.65 34.61 34.55 34.49 34.42 34.32 34.19 34.17 34.16 34.08 34.06 34.03
traj-78:
 3.86  5.80  7.30  9.10  9.90 11.76 13.59 15.54 16.75 18.50 20.26 22.15 22.54 24.07 25.33 25.72 25.81 25.88 25.85 25.76 25.49 24.03 22.10 21.51 20.05 18.11 17.18 16.41 15.78 14.85 14.41
36.08 35.98 35.91 35.67 35.47 35.26 35.33 35.30 35.23 35.21 35.10 35.05 35.03 34.01 32.94 32.01 30.83 29.42 27.64 27.29 25.45 24.09 24.13 24.20 24.23 24.21 23.58 21.79 20.50 18.80 17.91
traj-79:
13.31 14.64 16.19 17.94 19.72 20.90 21.77 22.92 24.75 25.33 27.13 27.03 26.80 26.36 26.03 25.44 24.61 23.59 22.12 20.37 18.66 16.72 15.04 13.84 11.85 10.59  9.19  7.44  6.51  4.76  4.30
23.63 23.81 24.09 24.23 24.38 24.53 24.59 24.63 24.19 24.03 24.73 25.37 27.07 28.99 30.86 32.55 34.25 35.16 35.47 35.09 34.84 34.81 34.81 34.83 34.95 34.77 34.93 34.68 34.76 35.51 35.14
traj-80:
 4.03  5.95  7.74  9.72 10.91 12.48 13.92 14.79 15.39 17.25 17.66 19.62 20.63 22.34 23.60 25.25 25.34 25.62 25.43 25.32 25.20 25.21 24.02 23.43 21.66 21.36 19.61 18.14 17.89 17.18 16.85 16.51 16.37 16.15 16.00 15.80 15.69
35.29 35.03 34.91 34.79 34.70 34.57 34.37 34.29 34.35 34.38 34.38 34.19 34.13 34.04 34.02 33.42 32.26 31.07 29.08 28.23 26.31 26.01 24.67 24.56 24.39 24.36 24.11 24.11 23.94 22.51 21.60 20.08 18.95 17.88 16.18 14.19 12.98
traj-81:
16.22 15.72 15.81 16.09 16.56 17.22 16.79 17.30 17.31 18.92 20.67 22.30 23.49 25.01 25.78 25.88 26.09 26.22 25.73 25.26 23.75 21.77 20.61 18.94 17.35 15.75 14.29 12.36 10.61  8.64  7.57  6.31  5.21  3.84  2.03
10.23 11.06 12.96 14.94 16.78 18.57 20.09 21.68 23.15 24.14 24.05 24.04 24.08 24.68 26.52 27.21 28.63 30.20 32.11 33.38 34.12 34.21 34.17 34.22 34.15 34.14 34.16 34.29 34.48 34.56 34.53 34.60 34.68 35.03 35.53
traj-82:
 3.44  5.26  6.70  8.70 10.66 12.24 13.02 14.71 16.58 18.55 19.14 21.02 22.73 24.21 25.07 25.14 25.36 25.46 25.39 25.38 24.25 22.91 21.44 19.68 18.51 17.27 16.99 16.64 15.89
35.09 35.05 35.02 35.04 35.32 35.02 34.92 34.70 34.87 34.94 34.83 34.77 34.57 34.41 33.52 31.98 30.92 28.93 27.17 26.57 24.92 24.65 24.53 24.34 24.22 23.30 21.84 20.85 19.28
traj-83:
 7.22  8.34  9.59 10.80 11.56 12.31 13.46 14.31 15.43 15.52 15.87 16.67 18.14 20.03 20.63 22.41 23.29 24.40 25.34 25.32 25.32 25.38 25.26 25.21 23.39 23.20 22.27 20.62 19.17 18.36 16.77 16.33 14.52 13.19 11.38  9.50  8.34  6.39  4.47
10.93 12.27 13.78 15.22 16.17 17.06 18.53 19.64 21.18 21.25 21.72 22.91 24.09 24.05 24.05 24.14 24.34 24.73 26.40 27.30 29.06 30.88 32.67 33.26 34.02 34.26 34.36 35.09 35.13 35.12 35.03 35.04 35.07 35.06 35.22 35.53 35.65 35.81 35.92
traj-84:
 2.27  2.56  4.37  5.98  6.96  8.63 10.61 11.43 13.32 15.11 17.01 17.62 19.43 21.23 23.10 23.40 25.23 25.52 25.44 25.27 25.14 25.13 25.17 24.09 23.49 21.70 19.93 18.79 17.18 16.30 16.29 16.16 15.58 14.66 13.66 12.73 11.81 10.98
34.75 34.80 34.99 35.10 35.18 35.37 35.26 35.22 34.93 34.91 34.60 34.59 34.59 34.44 34.21 34.15 33.67 32.18 30.48 28.84 26.87 26.27 25.98 24.48 24.43 24.26 24.19 24.21 23.20 21.50 20.03 19.17 17.61 16.20 14.54 13.16 11.79 10.51
traj-85:
11.61 13.44 14.99 16.83 17.42 18.91 20.38 22.13 23.56 24.34 24.59 25.85 25.86 25.57 25.39 25.21 25.23 24.08 23.03 21.31 20.06 18.46 16.77 15.47 13.86 12.08 10.32  8.38  7.57  6.32  4.64  3.70
23.54 23.31 23.13 23.26 23.51 24.27 24.38 24.41 24.46 24.83 24.98 26.19 26.98 28.73 30.30 31.60 33.44 34.40 34.88 34.95 34.79 34.45 34.23 34.53 35.18 35.43 35.52 35.69 35.76 35.82 35.92 36.04
traj-86:
 3.39  4.44  6.41  8.28  9.93 10.89 12.46 14.27 15.31 17.25 18.13 19.76 20.26 22.12 23.41 25.11 25.36 25.53 25.62 25.66 25.56 25.20 23.48 22.61 21.44 20.55 19.39 17.60 16.18 14.55 13.14 11.67 10.97  9.84
35.41 35.14 34.82 34.74 34.53 34.38 34.32 34.21 34.11 34.43 34.69 34.29 34.26 34.22 34.09 33.34 31.57 30.38 29.44 27.97 26.47 24.74 24.29 24.16 24.09 24.07 24.06 24.03 23.59 22.71 21.62 20.72 20.09 19.23
traj-87:
11.55 12.73 13.59 14.41 16.27 18.01 19.00 20.35 22.11 23.56 24.16 25.10 25.51 25.66 25.90 26.05 26.16 25.93 23.95 22.77 20.98 19.16 17.44 16.11 14.68 13.18 11.28  9.76  8.17  6.27  4.72  3.23
21.25 22.07 22.39 23.19 23.60 24.11 24.23 24.35 24.42 24.53 24.57 26.29 27.90 28.22 30.13 31.75 33.40 34.26 34.00 34.00 34.19 34.25 34.30 34.20 34.10 34.23 34.16 34.30 34.36 34.29 34.22 34.15
traj-88:
 2.36  3.83  5.68  7.50  9.37 11.20 12.95 14.26 15.00 16.68 18.59 20.50 22.45 23.05 24.55 25.38 25.50 25.28 25.30 25.18 24.32 23.23 22.04 21.08 19.61 18.72 17.05 16.69 15.93 15.46 14.98 14.44 14.15 13.68 13.18 12.89
34.87 34.84 34.91 34.88 35.22 35.53 35.67 35.78 35.86 35.77 35.22 34.89 34.57 34.51 34.11 32.34 30.38 28.62 26.98 26.22 24.57 24.32 24.23 24.16 24.09 24.05 23.08 21.40 19.80 18.48 17.08 15.17 14.25 12.41 10.63  9.85
traj-89:
11.09 11.77 12.44 13.05 14.09 14.52 15.60 15.84 16.68 17.24 17.23 17.98 18.24 19.73 21.50 22.68 24.32 25.07 25.10 25.18 25.33 25.34 25.44 24.15 23.75 23.37 22.19 20.31 18.94 18.25 16.68 16.08 14.17 12.36 11.36  9.92  8.17  6.93  5.78  3.89
12.00 13.12 14.26 15.50 16.68 17.39 18.99 19.51 20.73 21.71 22.20 23.87 24.03 24.09 24.14 24.18 24.49 25.95 27.59 28.46 30.42 31.01 32.78 34.04 34.18 34.65 34.71 34.83 34.81 34.75 34.62 34.66 34.75 34.84 34.93 35.11 35.24 35.26 35.23 35.29
traj-90:
 3.28  4.70  6.34  7.55  9.35 11.11 12.76 13.94 15.37 16.47 18.37 19.54 20.77 22.21 23.50 25.45 26.28 26.34 26.42 26.46 26.61 26.68 26.98 25.93 24.27 23.41 22.10 20.25 18.79 17.21 16.81 15.91 14.67 13.12 12.89 11.87 11.79 10.78 10.47
36.04 35.81 35.63 35.60 35.38 35.18 34.85 34.78 34.78 34.82 34.98 35.13 35.17 34.94 34.83 34.77 33.39 31.65 29.95 29.36 27.58 26.98 25.29 23.85 24.20 24.21 24.19 24.12 24.14 23.22 22.85 21.13 20.16 18.99 18.65 17.07 16.97 15.36 14.69
traj-91:
 9.05  9.79 11.11 12.66 14.31 16.18 16.71 18.48 19.36 20.85 22.62 24.19 24.37 25.68 25.68 25.73 25.54 25.41 25.49 25.04 23.19 21.98 20.33 18.37 16.76 16.16 14.22 13.34 11.55  9.74  8.95  7.24  5.94  4.51  3.01
22.45 22.27 22.12 22.95 23.73 24.06 24.11 24.23 24.23 24.24 24.25 24.55 24.79 26.15 26.74 28.53 29.85 30.92 32.40 33.59 34.12 34.32 34.71 34.57 34.45 34.39 34.69 34.78 34.81 34.45 34.60 35.25 35.44 35.51 35.57
traj-92:
 4.22  6.11  7.69  9.41 11.05 11.80 12.70 13.00 14.80 15.88 17.44 18.63 20.09 21.84 23.05 24.92 25.04 25.45 25.56 25.67 25.47 25.35 25.33 25.24 23.57 21.83 20.39 18.93 17.29 16.80 16.18 16.33 16.40 16.16 16.04 15.73 15.37
34.91 34.86 35.12 34.96 34.93 34.96 34.97 34.96 34.94 34.91 34.89 34.68 34.64 34.60 34.75 34.09 33.51 32.07 31.48 30.90 29.29 27.71 26.62 25.21 24.43 24.56 24.45 24.41 23.36 21.86 20.77 18.84 17.59 15.60 14.15 13.07 11.89
traj-93:
17.15 17.06 16.92 16.79 16.70 16.69 16.75 16.99 17.20 17.47 18.09 17.72 19.48 20.37 21.54 23.31 24.17 25.18 25.20 25.21 25.17 25.23 24.55 23.30 21.44 19.45 17.62 16.17 14.19 12.85 10.91  9.00  7.20  5.36  3.47  2.44
 8.64 10.08 11.40 13.10 15.07 16.77 17.67 19.52 21.44 23.29 23.99 24.02 24.13 24.18 24.21 24.35 24.52 26.12 27.75 28.86 30.25 32.20 34.00 34.21 34.25 34.34 34.25 34.22 34.18 34.20 34.19 34.15 34.17 34.23 34.27 34.35
traj-94:
 3.67  5.27  5.79  7.66  9.53 11.24 12.55 14.10 15.44 15.89 16.65 18.20 19.06 19.36 21.29 21.82 23.45 24.24 25.01 25.09 25.24 25.55 25.85 25.70 25.23 24.56 22.74 21.27 20.69 18.92 17.23 17.07 16.60 15.95 15.27 14.47 13.39 12.21 10.46  9.21  7.45
35.38 35.90 36.13 36.27 35.72 35.34 35.12 34.89 34.61 34.40 34.28 34.32 34.55 34.60 35.02 35.08 34.40 34.05 32.43 32.14 32.00 30.09 28.19 26.29 25.43 24.61 24.46 24.34 24.26 24.11 23.15 22.77 20.93 19.94 19.03 17.88 16.57 14.95 14.07 13.65 13.18
traj-95:
13.52 14.03 14.36 14.66 14.90 15.04 15.40 16.41 17.30 18.94 19.77 20.96 22.72 24.47 25.02 26.57 26.73 26.94 26.75 26.77 26.31 25.58 24.53 23.06 21.50 19.83 17.84 16.48 14.99 13.04 11.89 10.36  9.25  7.60  6.72  5.02  3.08  2.63
12.95 14.68 15.61 16.61 18.09 18.67 20.31 21.68 23.05 24.15 24.31 24.41 24.58 24.93 25.15 26.28 27.07 28.45 29.53 31.37 33.21 34.79 34.76 34.62 34.72 34.75 34.75 34.52 34.51 34.51 34.51 34.49 34.50 34.57 34.65 35.07 35.13 35.25
traj-96:
 3.24  4.79  5.73  7.63  8.67  9.90 11.71 13.39 15.39 17.25 18.35 19.41 21.34 22.97 24.27 25.59 26.01 26.43 26.63 26.40 26.00 24.30 22.63 21.77 20.30 19.71 18.27 16.47 15.32 13.87 11.94 10.00  9.71
35.06 34.84 34.74 34.63 34.51 34.37 34.37 34.44 34.43 34.44 34.75 35.10 34.61 34.25 34.05 32.89 31.24 29.54 28.72 27.19 25.57 24.76 24.35 24.33 24.23 24.19 24.35 23.49 23.38 23.68 24.10 23.73 23.67
traj-97:
14.58 15.82 17.24 18.59 19.16 20.92 22.11 23.00 24.16 25.35 25.33 25.58 25.81 25.58 25.44 25.13 23.45 22.42 20.47 18.77 17.02 16.06 14.29 12.62 10.83  9.13  7.75  6.80  5.25  3.44
21.74 22.56 23.32 24.02 24.06 24.19 24.32 24.41 24.56 25.78 26.53 28.25 30.23 30.87 32.63 33.35 34.06 34.18 34.42 34.55 34.88 35.13 35.27 35.18 34.95 34.75 34.82 34.85 34.73 34.56
traj-98:
 2.60  4.53  5.90  7.82  9.62 11.44 12.92 14.29 15.83 17.54 17.94 18.76 19.93 21.42 23.23 24.79 25.17 25.33 25.47 25.33 25.45 24.77 23.61 22.44 20.69 18.97 17.48 15.89 15.80 14.97 13.48 11.98
35.20 35.19 35.28 35.23 35.27 35.31 35.40 35.44 35.68 35.45 35.32 35.06 35.13 35.11 34.84 34.23 32.62 31.28 29.40 27.93 26.36 25.00 24.73 24.53 24.28 24.10 24.11 23.37 23.08 21.38 20.28 19.16
traj-99:
11.82 13.23 14.25 15.00 16.86 18.47 20.23 21.70 23.46 25.28 25.36 25.88 25.69 25.48 25.24 25.16 25.15 23.83 23.15 21.28 20.09 18.73 17.03 15.27 14.19 12.38 11.48 10.25  9.25  7.43  6.46  4.80  3.36  2.41
21.16 21.90 22.50 22.89 23.60 24.39 24.52 24.63 24.67 25.27 26.79 28.71 30.33 31.27 32.44 32.87 33.17 34.60 34.30 34.26 34.22 34.26 34.25 34.22 34.25 34.44 34.62 35.01 35.36 35.97 35.91 35.64 35.90 36.04
traj-100:
 1.99  3.31  4.09  5.39  6.20  8.03  9.76 11.49 13.13 15.12 16.98 18.70 20.37 21.66 23.49 24.07 25.21 25.50 25.59 25.71 26.00 25.94 25.92 25.82 25.65 23.96 22.08 20.72 18.95 17.27 16.36 15.80 15.06 13.99 13.30
34.45 34.72 34.74 34.60 34.66 34.67 34.62 34.69 34.64 34.72 34.57 34.35 34.20 34.28 34.19 34.08 33.09 32.29 31.71 29.96 28.12 27.54 26.08 25.07 23.67 24.29 24.31 24.33 24.32 23.28 22.13 21.46 20.13 18.52 17.12
traj-101:
 9.07 10.13 11.94 12.73 14.54 16.51 18.30 20.26 20.35 22.09 22.66 24.35 25.85 25.93 25.95 26.09 26.12 26.22 25.44 23.54 21.57 19.89 18.15 16.82 15.67 14.07 12.17 11.08  9.29  7.60  6.19  4.32
23.38 23.17 23.41 23.65 24.42 24.49 24.54 24.61 24.61 24.60 24.61 24.73 25.84 27.84 28.42 30.23 31.93 33.05 34.82 35.13 35.32 35.45 35.03 34.67 34.69 34.68 34.64 34.89 35.04 35.26 35.36 35.44
traj-102:
 2.50  3.10  4.91  5.55  7.39  8.68 10.46 12.11 13.46 15.13 16.97 18.01 19.06 20.40 21.43 22.43 24.38 25.50 25.77 25.71 25.61 25.35 25.14 25.04 24.24 23.36 22.17 20.39 18.74 17.25 16.85 16.48 16.51 16.36 16.50 16.40 16.49 16.59
34.29 34.33 34.36 34.40 34.42 34.58 35.13 34.96 34.75 34.66 34.84 34.75 34.66 34.61 34.88 34.91 34.92 33.46 32.37 31.33 29.61 27.82 26.18 25.08 24.06 24.05 24.07 24.05 24.05 23.30 21.63 20.22 18.26 16.76 15.34 14.00 12.35 10.48
traj-103:
13.18 13.76 15.41 16.38 17.92 19.63 21.38 22.56 23.44 25.21 25.80 26.05 26.11 26.02 25.91 25.77 24.28 22.29 21.46 19.48 17.93 16.67 14.79 13.70 12.25 10.78  8.87  7.29  5.81  4.23
22.30 22.46 23.07 23.42 24.08 24.10 24.24 24.32 24.46 25.01 26.21 28.19 29.74 31.60 32.98 33.86 35.06 35.06 35.10 34.85 34.68 34.60 34.76 34.71 34.77 34.84 34.89 35.00 35.10 35.21
traj-104:
 3.19  4.08  5.75  6.79  8.66 10.14 10.80 12.62 14.08 16.00 17.93 19.00 20.58 21.07 22.34 23.31 25.23 25.44 25.60 25.45 25.39 24.49 22.62 21.74 20.30 18.81 17.37 16.50 15.16 14.63 13.68 12.80 12.00 11.67 10.68  9.96  9.12
36.00 35.76 35.68 35.60 35.43 35.27 35.63 35.54 35.54 35.67 35.15 35.33 34.60 34.49 34.26 34.03 33.51 32.34 30.36 28.39 26.43 24.77 24.73 24.63 24.43 24.28 24.18 24.13 23.18 21.28 20.10 18.69 16.90 16.31 14.62 13.38 11.82
traj-105:
15.54 15.73 16.13 16.65 16.94 17.15 17.39 18.85 20.56 21.74 23.20 24.42 25.53 25.88 26.00 26.18 25.77 25.60 24.01 22.04 20.56 18.75 17.04 15.63 14.51 13.28 11.66 10.12  8.56  6.95  5.71  4.16  2.70
13.86 15.54 17.31 19.21 20.14 22.06 23.44 24.24 24.37 24.35 24.27 24.74 26.29 28.15 29.26 30.80 32.73 34.30 35.16 34.99 34.98 35.40 35.58 35.47 35.33 35.07 34.95 34.96 34.95 34.85 34.74 34.79 35.01
traj-106:
 3.77  4.86  6.71  8.52  8.94 10.79 11.86 12.94 14.51 15.32 16.62 18.16 20.11 21.00 22.61 23.60 25.26 25.81 26.21 25.91 26.53 26.58 26.44 24.60 22.83 21.67 19.90 17.97 17.59 15.83 13.91 12.27 11.01  9.82  8.10
34.93 34.82 34.96 34.97 35.03 34.66 34.63 34.72 34.62 34.71 34.70 34.85 34.81 34.73 34.57 34.64 33.86 33.05 31.59 29.76 27.88 26.16 24.84 24.76 24.43 24.40 24.25 24.08 24.07 23.48 23.30 22.92 22.78 22.78 22.73
traj-107:
 8.27  9.34 10.15 11.01 11.79 12.76 13.40 14.40 14.52 15.63 16.55 17.49 17.83 17.85 18.12 19.01 20.77 21.06 22.81 24.28 25.07 25.21 25.25 25.12 25.11 25.09 23.35 21.76 20.02 18.66 17.95 16.45 14.52 12.54 11.23  9.56  8.36  6.75  6.36  4.47  4.09
 7.60  9.28 10.51 11.75 13.27 14.67 15.67 17.31 17.50 18.97 20.29 21.77 23.46 23.86 24.01 24.04 24.21 24.25 24.56 24.80 26.00 27.90 29.28 31.07 32.77 33.33 34.17 34.42 34.51 34.50 34.41 34.27 34.41 34.46 34.50 34.69 34.79 34.95 34.95 35.44 35.42
traj-108:
 3.34  4.44  6.06  7.99  8.26  9.14 10.74 12.63 14.37 16.12 16.88 17.04 18.66 20.36 21.38 23.15 24.75 25.65 25.76 25.86 25.64 25.60 25.26 25.10 24.18 22.43 21.26 20.08 18.32 17.12 15.93
36.09 35.92 35.46 35.09 35.09 34.93 34.81 35.08 35.15 34.96 34.74 34.49 34.21 34.26 34.68 34.79 34.64 33.54 32.48 31.08 29.54 27.80 26.22 25.66 24.18 24.18 24.19 24.17 24.12 23.26 21.85
traj-109:
 7.47  8.64  9.68 10.37 11.28 12.44 13.65 14.24 15.33 16.99 18.76 20.55 21.72 22.90 24.58 25.12 25.85 26.20 26.28 26.64 26.89 25.38 24.41 23.27 22.04 20.10 18.37 16.71 15.21 13.78 12.44 11.39  9.66  8.81  7.05  5.41  4.96  3.06
13.60 14.67 15.68 16.55 17.64 19.06 20.55 21.31 22.47 23.30 24.15 24.11 24.08 24.10 24.26 25.06 26.72 28.66 30.08 31.77 33.73 34.90 34.84 34.80 34.68 34.83 34.80 34.98 35.08 34.84 34.73 34.73 34.65 34.60 34.66 34.63 34.68 34.74
traj-110:
 4.04  5.76  7.14  8.55 10.27 12.05 13.53 14.44 16.00 17.09 18.04 19.76 21.55 22.80 24.41 25.12 25.48 26.08 26.23 26.12 25.89 25.43 24.18 22.46 21.02 19.85 18.40 16.66 16.10 15.98 15.39 15.07 14.54 14.13 13.69 13.33 13.02 12.83
35.84 35.36 34.94 34.83 34.75 34.83 34.88 34.85 35.27 35.22 35.21 35.26 35.31 35.15 34.99 33.24 32.40 30.84 29.89 28.52 27.40 25.57 24.56 24.47 24.45 24.42 24.38 24.11 23.90 23.47 22.03 21.06 19.14 17.41 15.90 14.07 12.56 11.25
traj-111:
 7.69  8.33  9.41  9.81 11.06 12.38 13.46 13.67 15.39 15.69 17.45 19.19 20.96 22.70 24.14 25.07 25.08 25.10 25.10 25.08 25.08 24.11 23.81 22.12 20.13 19.01 17.16 15.27 13.87 12.18 10.19  8.99  7.62  5.94  4.16  3.86
16.56 17.27 18.30 18.68 20.12 21.37 22.60 23.61 24.32 24.38 24.60 24.63 24.63 24.67 24.95 25.76 27.25 28.74 29.61 31.34 33.07 34.25 34.28 34.47 34.65 34.63 34.54 34.55 34.59 34.38 34.47 34.57 34.58 34.62 34.74 34.71
traj-112:
 4.09  5.97  6.55  8.18  9.70 10.74 12.37 14.12 15.82 17.49 18.56 20.34 21.54 22.67 24.26 25.46 25.66 25.66 25.74 25.47 25.54 24.46 22.67 21.24 19.51 17.57 16.56 14.99 13.12 12.83 12.37 11.93 11.87
34.07 34.71 34.82 35.15 35.34 35.59 35.94 35.95 35.60 35.38 35.21 35.03 34.90 34.72 34.44 33.55 31.63 30.64 29.16 27.37 26.41 24.98 24.55 24.57 24.59 24.53 24.51 24.29 24.03 23.95 22.29 20.73 19.98
traj-113:
10.19 10.65 11.19 11.62 12.31 12.87 13.61 14.20 14.83 15.53 16.33 16.88 17.37 17.81 19.08 20.87 22.63 23.20 24.20 25.24 25.40 25.46 25.46 25.45 25.29 23.80 22.92 21.23 19.77 18.08 16.39 14.51 13.01 11.18  9.29  7.75  5.90  4.02  2.16  1.86
 6.73  7.95  9.33 10.38 12.11 13.42 15.15 16.38 17.75 19.30 21.06 22.53 23.67 24.02 24.12 24.13 24.40 24.51 24.92 26.60 28.05 29.54 31.09 32.36 33.41 34.07 34.15 34.46 34.40 34.51 34.63 34.61 34.61 34.61 34.62 34.56 34.47 34.44 34.40 34.40
traj-114:
 2.70  4.17  5.63  7.50  9.39  9.83 11.55 12.94 14.53 16.42 18.11 19.29 21.04 21.64 23.56 25.37 25.54 25.71 25.81 25.87 25.86 25.81 25.23 24.48 22.86 20.95 20.06 18.57 17.49 17.00 16.29 16.26 16.06 15.80 15.78 15.76 15.88 15.93 15.91
36.16 35.62 35.31 34.92 34.82 34.92 35.04 35.19 35.16 35.19 35.20 35.20 35.11 35.07 35.09 34.88 34.36 32.43 30.74 29.46 27.99 26.34 25.43 24.33 24.32 24.27 24.19 24.10 23.50 22.30 21.15 20.10 18.52 16.78 16.09 14.48 12.96 11.19 10.67
traj-115:
12.87 13.92 14.25 14.86 15.22 15.81 16.20 17.24 18.88 20.60 22.36 24.23 25.44 25.71 25.90 25.70 25.37 25.27 25.04 24.73 23.31 21.79 20.39 19.47 17.86 16.17 14.77 12.96 11.52 10.39  9.00  7.45  6.24  4.39  4.09
14.67 16.33 17.16 18.68 19.66 20.91 21.58 23.21 24.28 24.45 24.59 24.86 26.11 26.24 27.96 29.59 30.99 31.48 32.65 34.07 35.44 35.82 35.73 35.65 35.43 35.20 34.85 35.02 35.18 35.36 35.38 35.50 35.56 35.70 35.72
traj-116:
 4.18  5.33  6.20  7.80  9.75 11.45 13.25 13.79 15.70 16.90 17.86 19.42 21.37 23.26 23.41 24.08 25.20 25.41 25.42 25.62 25.65 25.35 25.17 24.28 23.19 21.21 19.45 17.99 16.80
35.93 35.70 35.52 35.34 35.13 34.99 35.10 34.93 35.04 35.03 35.09 35.23 35.23 34.61 34.19 34.06 33.03 31.85 30.96 29.10 28.80 26.98 25.98 24.27 24.09 24.16 24.10 24.06 23.65
traj-117:
15.90 16.25 17.15 17.76 19.53 20.40 22.13 23.89 25.09 25.71 26.09 26.04 25.92 25.81 25.31 24.08 23.06 21.35 19.68 19.17 17.38 16.36 14.46 13.84 12.22 10.57 10.12  8.20  6.75  5.50  4.50  2.88  1.99
20.88 22.04 23.79 24.13 24.20 24.34 24.54 24.81 24.92 26.65 28.09 29.07 30.56 32.05 33.12 34.07 34.36 35.16 35.06 35.08 34.71 34.46 34.59 34.64 34.45 34.49 34.51 34.37 34.34 34.40 34.35 34.14 34.13
traj-118:
 2.53  3.46  5.42  7.35  7.64  9.58 11.43 12.51 13.94 14.87 16.35 17.77 19.13 20.50 21.52 23.34 25.02 25.05 25.20 25.18 25.20 25.22 25.17 24.22 22.73 22.13 20.35 18.86 17.88 17.60 17.28 17.11 16.83 16.43 16.30 15.97 15.49
34.82 34.66 34.52 34.40 34.36 34.38 34.36 34.35 34.30 34.21 34.24 34.32 34.22 34.23 34.25 34.01 33.41 32.44 31.09 29.13 27.76 26.49 25.40 24.01 24.01 24.02 24.03 24.04 23.32 21.90 20.15 19.29 18.18 16.29 15.32 14.01 13.05
traj-119:
 7.95  8.68 10.23 11.70 13.09 13.81 14.53 16.38 17.25 19.01 20.46 22.24 23.10 24.37 25.38 25.60 25.84 25.64 25.40 25.28 25.05 23.12 21.25 20.26 18.43 17.41 16.17 14.68 12.98 11.24  9.30  7.53  5.66  4.45
17.93 18.63 19.71 20.68 22.05 22.83 23.57 24.12 24.21 24.39 24.57 24.70 24.79 24.86 26.51 27.75 29.38 31.37 31.54 32.39 33.54 34.04 34.19 34.29 34.34 34.51 34.49 34.55 34.37 34.49 34.73 35.08 35.68 36.04
traj-120:
 2.61  3.26  4.90  6.37  8.15  9.33 11.06 13.00 14.45 15.71 17.69 18.65 20.07 21.25 22.66 24.21 25.47 25.49 25.57 25.48 25.39 25.29 24.05 22.31 21.71 20.21 18.43 16.99 16.56 15.87 15.47 14.69 13.88 12.96 12.10 11.30 10.92 10.31
36.15 36.05 35.76 35.63 35.19 34.99 35.12 34.99 34.86 34.85 34.89 34.84 34.64 34.46 34.27 34.01 33.01 32.41 30.62 29.01 27.10 25.43 24.03 24.03 24.03 24.04 24.06 22.94 22.35 20.77 19.21 18.11 16.40 14.68 13.04 11.42 10.65  9.23
traj-121:
11.32 11.78 12.43 13.26 14.12 14.73 15.58 16.53 16.86 17.32 17.73 18.84 20.03 21.80 22.40 24.37 25.25 25.36 25.63 25.85 25.76 25.36 24.36 22.81 21.27 20.42 19.24 18.23 16.78 15.45 14.58 13.08 12.49 11.03  9.50  7.52  5.62  5.12  3.61
 7.70  9.23 10.87 12.63 14.38 15.98 17.77 19.50 21.04 22.26 23.30 24.02 24.04 24.07 24.10 24.24 25.88 26.91 28.57 30.41 31.29 33.14 34.10 34.04 34.05 34.07 34.12 34.16 34.21 34.29 34.35 34.25 34.22 34.24 34.34 34.49 34.56 34.57 34.58
traj-122:
 2.27  4.19  5.23  6.97  8.92 10.62 11.72 13.58 15.08 16.36 18.27 19.81 20.52 22.21 23.49 25.22 25.54 26.08 26.24 26.60 26.29 24.45 24.00 22.13 20.38 18.61 17.04 16.34 15.66 14.64 13.55 12.80 12.02 11.15 10.86  9.88
35.69 35.64 35.54 35.40 35.31 35.31 35.29 35.24 35.26 35.29 35.38 35.24 35.09 34.49 34.27 33.56 32.17 30.55 29.12 27.37 25.65 24.97 24.83 24.39 24.30 24.21 23.35 21.80 20.71 19.09 17.47 15.76 14.53 13.23 12.84 11.15
traj-123:
 7.78  8.31  9.56 10.01 11.16 12.71 13.66 14.50 15.88 17.21 18.77 19.66 21.41 22.30 24.04 24.91 25.87 25.87 26.20 26.11 26.04 25.42 25.25 24.40 22.79 22.35 20.57 18.94 17.52 15.69 14.50 13.39 11.42  9.73  7.88  6.06  4.93  3.57
14.87 15.48 16.89 17.23 18.11 19.31 20.04 20.76 22.13 23.23 24.16 24.16 24.19 24.21 24.35 24.54 26.29 27.06 28.57 30.04 31.10 32.81 33.39 34.72 34.88 34.87 34.85 34.76 34.69 34.68 34.67 34.60 34.75 35.06 35.41 35.57 35.73 35.79
traj-124:
 4.24  5.26  6.93  8.87 10.54 10.94 12.71 14.70 15.05 15.60 17.29 18.81 19.83 20.86 22.34 23.15 24.84 25.33 25.48 25.62 25.48 25.54 25.59 25.50 24.45 23.42 21.67 20.43 18.47 17.03 15.91 15.21 14.75 14.12 13.98 13.57 13.46 13.36 13.14 12.74 12.28 11.48
35.35 35.58 35.31 35.40 35.24 35.28 35.22 35.14 35.17 35.18 34.72 34.40 34.28 34.13 34.70 34.97 34.23 34.04 32.87 31.69 29.95 28.20 26.81 25.81 24.55 24.43 24.51 24.65 24.47 24.28 24.10 23.42 21.71 20.01 19.52 17.78 16.83 15.55 13.97 12.19 10.40  9.07
traj-125:
 8.56  8.77  9.52 10.07 10.79 11.28 11.97 12.80 13.58 14.38 15.36 15.95 16.84 17.80 18.43 20.21 22.00 23.19 24.58 25.40 25.36 25.75 25.86 26.00 26.05 25.48 24.09 22.82 21.46 20.30 18.55 17.12 16.22 14.71 12.91 11.70 10.34  9.19  7.51  6.27  4.56  3.69
 6.54  7.09  8.85 10.28 12.11 13.36 15.04 16.73 17.94 19.39 20.77 21.97 23.19 23.67 24.03 24.08 24.08 24.06 24.24 25.59 25.94 27.58 29.07 29.83 31.47 32.86 34.09 34.18 34.28 34.37 34.53 34.53 34.56 34.55 34.57 34.64 34.65 34.62 34.65 34.67 34.68 34.67
traj-126:
 4.37  6.18  6.76  8.16  8.99  9.79 11.23 12.84 13.92 15.64 15.68 17.68 18.34 19.40 21.38 23.04 23.93 25.20 25.60 25.67 25.67 25.40 25.02 24.04 22.86 21.06 19.28 18.29 16.84 15.57 15.16 13.84 12.60 11.19 10.14  9.15
34.00 34.59 34.79 35.00 35.32 35.16 35.05 35.07 34.90 35.29 35.27 35.26 35.15 35.08 35.20 35.00 34.84 33.56 31.88 30.74 28.81 27.23 25.39 24.08 24.09 24.09 24.15 24.14 22.96 21.71 21.38 20.28 19.42 18.20 17.41 16.63
traj-127:
 9.99 10.72 12.71 13.48 14.71 16.06 17.34 18.56 19.40 20.53 22.37 24.17 25.33 25.56 26.06 26.58 26.35 26.43 26.49 26.57 25.17 23.41 22.42 20.65 19.15 17.65 16.44 15.29 13.88 12.04 10.94  9.27  7.35  5.48  3.95  2.23
22.75 22.64 22.82 22.93 23.04 23.44 24.09 24.20 24.17 24.18 24.12 24.35 25.72 26.13 27.79 28.93 30.19 30.95 32.57 33.29 34.65 34.52 34.43 34.48 34.42 34.39 34.32 34.36 34.51 34.62 34.62 34.42 34.31 34.26 34.21 34.14
traj-128:
 2.91  4.63  6.29  8.13  9.88 11.07 12.59 14.53 16.47 18.45 20.41 21.58 23.20 23.55 25.02 25.70 26.35 25.87 26.03 26.02 24.57 22.68 21.22 19.45 18.86 17.12 16.82 16.31 14.39 13.23 11.37 10.25  8.35
35.86 35.91 35.68 35.72 35.55 35.48 35.29 35.31 35.21 34.95 34.76 34.82 34.67 34.28 33.60 32.93 31.76 30.14 28.16 26.25 24.88 24.51 24.34 24.23 24.20 24.09 24.08 23.89 23.98 24.01 23.81 23.81 23.73
traj-129:
15.38 15.56 15.97 16.26 16.62 16.53 16.54 16.94 17.69 18.85 20.51 22.38 22.97 24.40 25.53 25.43 25.41 25.43 25.46 25.00 24.08 22.90 21.33 19.89 18.67 16.78 15.42 14.11 12.40 11.68  9.92  8.84  7.04  5.41  4.05  2.62  2.18
12.67 13.23 14.70 15.86 17.24 19.18 20.74 21.65 23.31 24.18 24.20 24.17 24.16 24.25 25.79 27.40 29.26 30.77 32.15 33.22 34.20 34.18 34.26 34.23 34.22 34.24 34.35 34.51 34.63 34.74 34.82 34.96 35.06 35.17 35.19 34.58 34.42
traj-130:
 2.34  4.00  5.85  7.24  8.15  9.30 10.79 12.67 14.65 16.48 18.47 20.15 21.24 23.10 24.16 25.20 25.52 25.70 25.67 25.42 24.22 22.61 20.83 19.96 18.77 17.62 16.65 16.48 15.96 15.71 15.25 15.27 15.00 14.76 14.70 14.18 13.66 13.45
34.48 34.53 34.60 34.76 34.66 34.67 34.78 34.73 34.60 34.52 34.37 34.54 34.63 34.51 34.26 33.26 31.51 29.81 27.91 26.14 24.65 24.35 24.26 24.24 24.20 23.43 21.86 20.16 18.56 17.73 16.02 14.79 13.58 11.67 11.38  9.52  7.62  7.25
traj-131:
 9.00  9.71 10.36 10.88 11.61 12.30 13.38 14.35 15.40 17.00 18.55 19.71 20.57 21.73 23.19 24.87 25.05 25.21 25.63 25.98 25.67 25.53 25.20 25.18 23.27 21.63 19.82 19.07 17.10 15.80 14.38 12.80 11.28 10.73  8.77  7.88  6.75  4.80  3.50  2.43
12.86 13.61 14.96 16.12 17.38 18.74 19.95 21.25 22.23 23.28 24.04 24.19 24.30 24.25 24.12 24.79 25.04 25.61 27.34 28.83 30.80 31.87 33.62 33.92 34.40 34.47 34.60 34.86 34.77 34.70 34.45 34.26 34.25 34.26 34.56 34.60 34.66 34.86 34.94 35.00
traj-132:
 3.21  4.47  6.17  7.83  8.94 10.28 11.14 12.90 14.67 15.30 16.91 18.73 19.71 21.52 21.81 23.67 25.25 25.31 25.43 25.54 25.73 25.69 25.51 24.10 22.14 21.57 19.81 18.64 17.23 15.66 16.40 16.05 15.62 15.13 14.79 14.48 14.19 13.96
34.29 34.34 34.46 34.59 34.52 34.56 34.57 34.55 34.66 34.71 34.39 34.19 34.26 34.27 34.19 34.26 33.48 32.64 30.85 29.97 28.28 26.48 25.55 24.41 24.30 24.34 24.42 24.47 24.28 23.64 22.17 21.33 19.42 17.72 15.95 14.74 13.65 12.43
traj-133:
11.66 12.17 13.29 13.84 14.76 15.97 17.31 17.83 18.07 19.48 21.40 22.30 24.19 25.44 25.65 25.77 25.93 25.63 25.59 24.05 23.10 21.40 19.65 18.39 16.62 14.93 13.60 11.83  9.97  9.07  7.51  5.80  3.86  2.02
16.37 16.98 18.42 19.07 20.27 21.73 23.21 23.86 24.04 24.09 24.04 24.07 24.25 24.87 26.80 28.30 30.02 31.99 33.07 34.11 34.44 34.63 34.62 34.61 34.53 34.46 34.40 34.48 34.53 34.53 34.60 34.66 34.73 34.73
traj-134:
 2.79  4.52  5.32  6.93  8.65  9.80 11.39 12.40 13.41 14.49 15.99 17.47 18.35 20.16 21.91 23.32 24.58 25.36 25.32 25.40 25.52 25.17 24.03 23.16 21.98 20.18 18.41 16.63 15.22 14.03 12.58
34.85 34.86 34.88 34.75 34.50 34.53 34.57 34.52 34.48 34.46 34.48 34.45 34.48 34.46 34.39 34.24 34.10 32.35 30.55 28.68 27.14 25.70 24.19 24.07 24.06 24.08 24.03 23.55 22.66 21.56 20.36
traj-135:
 9.63 10.11 11.06 12.26 13.13 13.81 14.72 15.03 15.96 16.97 17.79 19.00 20.77 21.92 23.67 24.48 25.81 26.27 26.48 26.72 26.58 26.31 24.61 23.69 22.20 21.14 19.24 17.29 16.92 14.97 13.24 12.95 11.06  9.92  8.22  6.72  6.21  4.40  2.50
10.48 11.00 12.11 13.59 15.34 16.98 18.64 19.16 20.78 22.23 23.40 24.05 24.27 24.34 24.61 24.82 26.11 28.00 29.74 30.99 32.17 33.27 34.15 34.60 35.11 35.02 34.92 35.27 34.98 35.03 34.93 35.01 35.14 35.01 35.06 35.21 35.32 35.46 35.82
traj-136:
 2.34  2.90  4.68  5.88  6.87  8.64 10.00 11.68 12.38 13.43 14.72 16.36 18.12 19.26 20.75 21.56 23.31 23.61 25.26 25.31 25.25 25.28 25.31 25.30 25.22 24.76 23.72 22.62 21.06 19.60 18.43 17.20 15.74 14.26 13.46 12.44 11.04  9.80  8.17
34.91 35.12 34.72 34.47 34.55 34.59 34.50 34.47 34.46 34.38 34.31 34.16 34.15 34.14 34.12 34.12 34.14 34.13 33.39 32.21 30.23 28.83 27.47 26.06 24.97 24.40 24.10 24.13 24.14 24.17 24.19 23.31 22.31 21.26 20.64 19.89 18.51 17.36 16.36
traj-137:
 9.62 11.27 12.61 13.95 15.28 16.23 17.61 19.47 20.64 22.43 23.93 25.55 25.52 25.54 25.76 25.75 25.76 25.72 24.38 23.08 21.34 20.68 19.20 17.39 17.09 15.27 14.09 12.86 11.36  9.64  8.51  7.04  5.67  3.70  3.17
18.73 19.66 21.02 21.78 23.01 23.58 24.22 24.01 24.05 24.08 24.09 24.89 26.57 27.68 29.61 30.34 32.23 32.76 34.02 34.09 34.28 34.29 34.32 34.38 34.37 34.59 34.62 34.70 34.79 34.86 34.96 35.04 35.13 35.27 35.32
traj-138:
 3.19  3.91  5.50  6.20  7.90  9.49 10.48 12.33 13.56 14.81 15.43 17.10 17.79 18.12 19.00 20.84 21.82 23.56 25.02 25.12 25.15 25.12 25.15 25.15 25.13 24.43 22.52 21.33 19.56 18.87 17.17 16.50 15.67 14.97 14.26 13.34 12.87 12.66 12.05 11.74 11.46 11.27
36.20 36.08 35.60 35.40 34.87 34.90 34.85 34.60 34.41 34.23 34.29 34.25 34.19 34.21 34.16 34.11 34.05 34.07 33.57 32.68 31.22 30.25 28.35 26.72 25.93 24.56 24.26 24.22 24.11 24.10 23.21 21.68 20.16 18.47 17.08 15.37 13.67 12.82 11.05  9.89  8.54  7.70
traj-139:
15.81 16.70 18.47 19.56 20.42 22.19 22.79 24.53 25.24 25.58 25.72 25.69 25.59 25.27 24.65 23.16 21.21 19.35 17.69 16.32 14.60 12.87 12.05 10.20  8.64  7.65  5.79  4.51  2.64
23.15 23.43 24.26 24.37 24.42 24.50 24.52 24.69 25.82 27.55 28.51 30.40 32.36 33.03 34.51 34.54 34.56 34.41 34.19 34.19 34.29 35.09 35.33 35.60 35.89 35.69 35.46 35.21 35.12
traj-140:
 3.29  4.66  6.16  6.86  8.56 10.23 12.21 13.61 15.29 16.61 18.58 19.87 21.20 22.29 23.35 24.52 25.05 25.46 25.70 25.76 25.58 25.37 25.10 24.22 22.46 20.71 20.13 18.39 17.53 16.13 15.17 14.15 13.13 12.44 11.59 10.47  9.42  8.10
35.60 35.51 35.37 35.29 35.18 35.23 35.30 35.37 35.28 35.29 35.07 34.93 34.83 34.82 34.87 34.31 33.48 32.46 31.26 30.97 29.00 27.89 26.22 24.66 24.56 24.41 24.34 24.16 24.02 23.37 23.00 22.16 20.79 20.29 19.37 18.15 17.01 15.68
traj-141:
 8.69  9.70 11.11 12.97 14.62 16.03 17.65 18.07 19.52 20.98 21.55 22.97 24.13 25.06 25.40 25.71 25.73 25.80 25.92 25.22 23.90 22.06 21.02 19.64 18.02 16.43 15.14 13.28 11.60  9.86  8.45  7.34  5.44  4.21
21.12 21.27 21.35 21.96 22.49 23.13 23.81 24.06 24.13 24.24 24.34 24.56 24.67 26.10 27.36 29.18 30.59 31.32 32.94 34.61 34.67 34.69 34.61 34.47 34.44 34.60 34.88 35.03 34.88 34.77 34.65 34.68 34.60 34.58
traj-142:
 2.62  4.42  5.52  7.37  9.16 10.70 12.65 14.05 14.35 16.25 16.89 18.81 19.37 21.19 23.04 24.78 25.54 25.58 25.71 25.74 25.61 25.27 24.43 22.79 21.63 19.87 18.11 16.32 14.84 13.30 12.83 12.03 11.83 11.25 11.16 10.88 10.59 10.49 10.35 10.34
35.35 34.85 34.86 34.86 34.83 34.67 34.42 34.39 34.40 34.19 34.13 34.65 34.84 34.81 34.81 34.42 32.58 31.88 30.23 28.58 27.50 25.71 24.79 24.62 24.50 24.41 24.48 24.38 24.23 23.12 22.05 20.43 19.91 18.06 16.78 15.12 13.39 11.84 10.19  9.04
traj-143:
10.14 10.82 11.30 12.12 12.62 13.35 14.13 14.81 15.61 16.30 17.27 17.62 17.72 17.98 18.24 20.16 21.35 22.54 24.33 25.43 25.91 26.74 26.76 26.95 26.72 25.45 24.05 22.07 20.32 18.69 16.97 15.39 13.85 11.98 10.66  9.10  7.40  6.81  4.93  3.01  2.27
 8.09  9.89 10.93 12.53 13.81 15.41 16.67 17.74 19.01 20.02 21.66 23.29 23.49 23.95 24.10 24.03 24.02 24.06 24.18 25.70 26.92 28.50 30.12 31.84 33.60 34.78 34.82 34.97 34.97 34.77 34.86 34.76 34.63 34.64 34.73 34.80 35.02 35.05 35.14 35.30 35.37
traj-144:
 4.13  6.11  7.78  9.46 10.64 12.39 14.35 15.91 16.87 18.70 20.55 22.25 23.36 23.93 25.51 25.58 25.49 25.37 25.33 25.45 25.40 24.00 23.10 21.32 20.13 18.35 17.49 16.07 14.21 12.85 11.18 10.04
35.49 35.45 35.27 35.18 35.10 35.06 34.99 34.77 34.76 34.62 34.71 34.44 34.19 34.17 33.50 31.70 29.74 28.29 27.56 25.99 25.43 24.08 24.07 24.08 24.08 24.07 23.63 23.19 23.07 22.28 21.54 20.84
traj-145:
17.44 17.12 17.49 17.64 18.63 20.41 22.28 24.05 25.01 25.13 25.28 25.48 25.45 25.31 24.68 24.19 22.41 21.04 19.50 17.58 15.99 14.32 12.77 12.28 10.56  9.06  8.16  6.78  4.79  3.00  2.60
20.55 21.57 23.09 23.70 24.22 24.12 24.09 24.31 25.95 27.81 28.50 30.39 30.99 32.70 34.12 34.22 35.02 35.09 35.23 35.45 35.45 35.46 35.48 35.41 35.42 35.52 35.54 35.59 35.62 35.59 35.69
traj-146:
 3.58  4.99  6.03  7.93  8.88 10.21 11.54 13.37 14.44 15.46 16.84 18.44 20.06 21.65 23.33 25.03 25.39 25.75 25.79 25.59 25.50 25.28 23.52 21.77 20.02 18.54 17.23 16.57 15.90 15.09 14.06 13.11 11.60 10.93  9.79
36.14 35.89 35.84 35.73 35.58 35.61 35.42 35.26 35.12 35.03 34.93 35.02 34.48 34.26 34.06 33.31 31.55 31.26 30.37 28.44 26.79 24.93 24.60 24.39 24.27 24.18 23.36 22.16 21.44 20.66 19.70 19.22 18.26 17.82 17.09
traj-147:
14.11 14.41 15.08 15.59 15.84 16.41 18.20 19.61 20.80 22.56 24.28 25.10 25.44 25.70 25.59 25.58 25.56 24.39 23.08 22.24 20.73 19.47 18.46 16.85 14.88 13.27 12.00 10.88  9.03  7.29  5.57  4.02
16.95 17.78 19.48 21.14 21.94 23.50 24.31 24.21 24.17 24.31 24.50 25.89 27.31 29.14 31.03 31.77 33.13 34.46 34.86 35.23 35.52 35.50 35.25 35.25 35.14 34.99 34.99 35.06 35.20 35.31 35.32 35.31
traj-148:
 4.30  5.83  7.71  9.26 11.17 13.05 14.52 16.44 18.06 19.42 20.76 22.70 24.24 25.12 25.17 25.15 25.13 25.12 25.09 25.07 24.58 23.06 21.21 19.47 18.59 17.14 16.62 14.98 13.84 11.99 10.13  9.20  8.16
36.20 35.85 35.43 35.25 35.20 34.87 34.67 34.59 34.66 34.75 34.73 34.44 34.28 33.08 31.89 30.71 29.55 28.69 27.50 25.79 24.87 24.18 24.35 24.25 24.08 23.34 23.04 22.30 21.81 21.94 22.54 22.68 22.92
traj-149:
 9.01  9.99 10.95 11.94 13.17 13.75 14.93 16.26 17.86 19.33 21.10 22.82 23.69 24.39 26.02 26.01 26.19 25.94 25.81 25.70 23.98 23.02 21.59 19.94 17.97 17.67 15.88 14.73 12.82 11.54  9.78  8.37  7.33  5.55  3.78
14.95 15.88 17.00 18.12 19.38 20.10 21.57 23.02 24.19 24.23 24.33 24.45 24.64 24.93 25.87 27.22 29.12 30.86 32.62 33.20 34.00 35.15 35.32 35.35 35.41 35.40 35.48 35.62 35.50 35.46 35.38 35.39 35.28 35.08 34.75
traj-150:
 4.43  5.75  7.30  9.21 10.56 11.25 12.81 14.46 15.84 16.81 18.80 19.24 21.06 22.82 23.85 25.60 25.67 25.71 25.61 25.37 25.13 24.29 23.42 21.65 20.24 18.76 17.99 17.91 17.64 17.44 17.32 16.57 15.62 13.90 12.95 11.66 10.70  9.69  9.13
35.49 35.07 34.87 34.64 34.68 34.82 34.92 34.85 34.90 34.91 35.00 35.01 34.44 34.17 34.00 33.41 32.29 30.63 28.77 27.06 25.68 24.18 24.19 24.25 24.24 24.25 23.71 23.11 21.39 20.54 19.96 18.91 17.25 16.42 15.40 14.08 12.69 11.20  9.55
traj-151:
16.65 16.80 16.62 16.38 16.97 17.51 17.38 18.95 19.80 21.55 23.33 25.02 25.04 25.14 25.14 25.17 25.15 24.37 22.40 20.81 19.69 18.05 16.13 14.21 12.77 11.32  9.33  7.43  6.97  5.24  4.35
15.37 17.07 17.93 18.98 20.83 22.74 23.01 24.16 24.06 24.05 24.13 24.93 26.31 28.05 30.04 31.94 33.12 34.07 34.04 34.13 34.15 34.41 34.31 34.41 34.45 34.52 34.62 34.78 34.77 35.03 35.14
traj-152:
 3.19  4.77  6.51  7.57  8.95 10.64 12.63 14.04 15.71 17.31 19.09 20.85 22.23 23.58 24.87 25.53 25.84 25.75 25.77 25.78 26.02 24.43 22.66 21.47 19.68 18.87 17.27 16.30 15.64 14.97 14.11
35.54 35.47 35.38 35.35 35.23 35.21 35.12 35.08 34.94 34.79 34.84 35.11 35.02 34.94 34.50 33.06 31.41 30.06 28.12 26.86 25.32 24.29 24.04 24.06 24.06 24.11 23.10 21.76 20.99 20.05 18.96
traj-153:
16.09 15.84 15.57 15.73 15.86 16.16 16.17 17.73 18.63 20.37 21.53 22.40 24.37 25.44 26.06 26.32 26.66 26.51 25.37 25.07 24.04 22.43 20.64 18.86 18.03 16.37 15.98 14.34 12.52 11.40  9.64  8.17  6.69  5.58  4.11  2.81
15.16 15.99 17.35 19.15 21.04 22.99 23.29 24.35 24.36 24.35 24.42 24.40 24.66 26.24 27.82 28.67 29.98 30.24 31.84 33.74 35.04 35.16 35.34 35.63 35.64 35.60 35.49 35.09 35.22 35.05 35.03 35.02 34.95 34.75 34.43 34.32
traj-154:
 3.27  4.56  5.54  7.21  9.01  9.31 11.20 12.58 13.16 14.81 16.38 18.09 19.68 21.43 23.06 24.38 25.91 26.32 26.35 26.74 26.62 26.25 25.30 24.00 22.23 21.04 19.16 17.39 15.75 14.46 13.04 12.56 12.21 11.75 11.33 10.78 10.34  9.73  9.44  8.74
35.31 35.41 35.43 35.38 35.17 35.15 35.30 35.15 35.23 35.26 35.30 35.18 35.12 35.21 34.68 34.19 33.43 32.11 31.81 29.92 27.93 26.97 25.36 24.05 24.07 24.09 24.27 24.39 24.44 24.27 22.88 21.03 19.34 17.87 16.64 14.84 13.45 11.59 10.85  9.28
traj-155:
15.12 15.29 15.90 16.39 16.64 17.44 18.92 19.81 21.55 22.39 24.11 25.26 25.13 25.09 25.08 25.19 25.34 25.06 23.40 21.69 20.62 19.56 18.25 17.01 15.21 14.01 12.12 11.02  9.47  8.55  6.58  4.83  4.24
17.51 18.23 19.92 21.22 21.79 23.28 24.30 24.33 24.45 24.52 24.80 25.06 27.04 27.34 29.12 30.72 32.21 33.80 34.09 34.32 34.52 34.67 34.97 35.12 35.01 34.93 34.85 34.97 34.78 34.69 34.61 34.60 34.53
traj-156:
 3.56  4.60  6.50  8.39 10.21 10.85 12.57 14.57 15.59 17.58 17.88 19.65 21.25 22.42 23.78 24.79 25.18 25.27 26.05 25.92 25.85 25.90 25.38 25.16 23.37 21.40 20.23 18.46 16.93 16.10 14.84 13.30 12.13 11.34 10.49  9.63  7.98  7.09
35.68 35.68 35.68 35.50 35.43 35.45 35.50 35.60 35.59 35.67 35.65 35.58 35.35 35.21 35.01 34.88 33.00 32.57 30.98 30.31 28.45 27.65 26.15 25.40 24.56 24.37 24.32 24.21 23.52 22.81 21.63 20.37 19.39 18.61 17.73 16.89 15.89 15.13
traj-157:
 9.34  9.73 11.06 12.96 14.65 15.38 16.29 17.52 18.41 20.16 21.64 22.39 24.27 25.16 25.40 25.51 25.53 25.53 25.29 25.22 24.07 23.80 22.84 20.87 19.47 17.90 16.32 15.01 13.21 12.11 10.36  8.55  6.88  4.98  2.99
18.81 19.10 19.97 20.48 21.51 22.70 23.49 24.13 24.09 24.05 24.07 24.18 24.39 26.06 27.79 28.87 30.80 31.10 32.86 33.16 34.24 34.36 34.55 34.66 34.74 34.64 34.51 34.44 34.48 34.62 34.55 34.40 34.24 34.39 34.51
traj-158:
 3.99  4.97  6.65  8.57 10.32 11.08 13.06 13.75 15.73 17.31 19.10 19.40 20.49 21.60 23.49 25.43 25.81 26.24 26.64 26.07 26.03 25.48 24.65 23.18 21.99 20.23 18.51 16.78 15.96 15.06 13.86 12.89
35.54 35.54 35.51 35.26 35.21 35.12 35.05 35.03 34.96 34.95 34.82 34.78 34.59 34.58 34.29 33.94 32.49 31.19 29.44 27.86 27.63 25.82 24.51 24.40 24.38 24.26 24.05 23.24 22.15 21.02 19.43 18.45
traj-159:
11.27 11.43 12.18 12.98 13.71 13.98 14.84 15.79 16.69 18.24 19.66 21.41 22.28 24.22 25.54 26.43 26.61 26.85 26.99 26.48 25.76 23.98 23.21 21.85 21.16 19.56 17.83 15.93 14.53 12.87 11.25  9.63  8.16  7.50  5.58  4.29  2.70
13.57 13.82 15.49 17.11 18.50 19.24 20.92 21.98 22.94 24.13 24.28 24.39 24.47 24.77 24.91 25.95 27.36 29.33 31.07 32.41 33.43 34.19 34.24 34.28 34.25 34.34 34.47 34.63 34.66 34.74 34.85 34.90 34.66 34.61 34.72 34.82 34.98
traj-160:
 2.66  4.46  6.44  7.87  8.45 10.13 11.99 12.99 14.74 15.93 17.81 19.70 21.24 22.71 24.19 25.33 25.70 25.75 25.90 25.67 25.60 25.05 23.38 22.52 20.76 19.28 17.57 16.39 14.65 14.26 13.98 14.03 13.88 14.10 14.14
34.99 35.19 35.21 35.21 35.26 35.53 35.95 35.63 35.57 35.56 35.14 34.87 34.65 34.41 34.17 33.14 31.44 31.14 29.20 28.03 26.69 25.08 24.46 24.48 24.50 24.44 24.42 24.27 23.63 21.94 20.83 19.62 17.90 15.98 14.81
traj-161:
16.01 16.19 16.57 16.63 16.93 17.23 17.63 18.21 19.19 20.96 21.56 23.45 24.05 25.15 25.52 25.75 26.12 26.43 26.57 25.49 24.09 22.43 21.00 19.50 18.12 16.95 15.26 13.95 12.03 11.46  9.91  8.31  6.46  4.48
16.42 16.98 18.63 19.74 20.78 21.85 23.67 24.02 24.06 24.07 24.07 24.08 24.09 25.53 27.04 28.40 30.17 31.82 32.99 34.18 34.40 34.63 34.66 34.66 34.85 35.11 35.29 35.46 35.72 35.77 35.87 36.07 36.08 36.04
traj-162:
 3.42  5.06  5.59  6.73  8.55 10.21 11.45 13.18 14.99 16.39 17.68 18.61 20.52 22.25 23.54 24.41 25.02 25.30 25.51 25.62 25.68 25.26 24.22 23.92 22.17 21.87 20.00 18.24 17.69 17.11 15.76 14.39 13.93 12.83 11.76 11.32
35.31 35.22 35.22 35.15 35.20 35.14 35.07 35.04 35.06 34.91 34.77 34.76 34.50 34.36 34.31 34.12 32.65 30.67 29.36 28.27 26.89 25.65 24.73 24.71 24.41 24.38 24.19 24.05 24.01 23.61 22.60 21.37 20.96 19.65 18.69 18.21
traj-163:
13.13 14.58 15.93 16.33 17.25 18.94 20.16 21.91 23.38 24.26 25.17 25.52 25.51 25.40 25.26 25.05 24.23 22.73 21.53 20.15 18.67 17.53 15.73 14.56 12.65 11.16  9.81  8.10  6.28  5.64  4.40  3.52
18.69 20.06 21.51 22.06 23.19 24.12 24.04 24.28 24.52 24.64 26.42 28.38 29.42 31.38 32.17 33.58 34.23 34.26 34.35 34.45 34.52 34.56 34.52 34.52 34.64 34.44 34.37 34.27 34.39 34.51 34.71 34.77
traj-164:
 3.85  5.16  6.70  7.81  9.40 10.82 12.62 13.78 15.39 16.94 17.53 19.10 20.81 21.71 23.19 24.37 25.08 25.34 25.44 25.52 25.74 25.67 25.68 25.27 24.33 22.39 21.79 20.37 18.59 16.65 15.31 13.67 12.69 10.97  9.47  7.97
36.01 35.95 35.90 35.82 35.79 35.53 35.50 35.33 35.11 34.68 34.66 34.74 34.81 34.61 34.41 34.22 32.47 32.31 32.03 31.61 29.69 28.44 27.03 25.25 24.33 24.22 24.21 24.34 24.22 23.73 23.29 22.45 21.85 20.88 20.03 19.09
traj-165:
16.76 17.14 17.80 19.08 20.82 22.29 22.88 24.60 25.16 26.28 26.32 26.43 26.42 25.85 25.75 24.25 22.28 22.05 20.06 18.18 16.46 14.68 13.88 12.22 10.30  8.79  7.11  5.69  4.08
22.89 23.38 24.02 24.05 24.11 24.23 24.30 24.68 24.84 26.34 28.09 29.50 30.32 32.14 32.83 34.13 34.36 34.37 34.45 34.48 34.43 34.54 34.53 34.51 34.59 34.60 34.53 34.62 34.71
traj-166:
 3.50  4.39  5.88  6.58  8.45  9.26 10.98 12.95 13.89 14.31 16.18 17.90 18.62 20.34 21.83 22.48 24.21 25.28 26.14 25.97 25.69 25.86 25.50 25.06 24.14 23.54 21.77 20.03 18.84 17.23 16.75 16.26 15.79 15.28 14.73 14.00 13.54 12.71 11.68
36.13 35.99 35.87 35.85 35.74 35.64 35.45 35.17 35.12 35.04 34.89 34.71 34.57 34.48 34.46 34.38 34.10 33.16 32.43 30.66 29.82 28.03 26.31 25.70 24.40 24.40 24.24 24.11 24.06 23.03 21.85 20.63 19.31 18.02 16.63 14.81 13.87 12.60 10.94
traj-167:
 9.16 10.10 10.59 11.23 12.40 12.72 14.15 14.61 15.72 16.68 17.43 18.51 19.09 20.85 22.42 24.02 25.51 26.16 26.16 26.14 25.29 25.33 25.09 25.08 23.51 21.61 20.18 18.49 17.20 16.32 14.86 13.40 12.21 11.02  9.22  7.77  6.22  4.64  3.49
13.75 15.29 15.98 16.93 18.06 18.75 20.04 20.36 21.69 22.83 23.53 24.13 24.24 24.26 24.23 24.20 24.86 26.70 27.94 29.00 30.69 31.23 33.08 33.38 34.09 34.18 34.19 34.38 34.39 34.37 34.28 34.38 34.53 34.66 35.19 35.39 35.65 36.02 36.20
traj-168:
 1.99  3.63  4.15  6.12  6.68  8.43 10.20 11.36 13.32 14.35 16.19 18.12 19.57 20.54 21.94 23.81 25.31 25.67 25.62 25.67 25.68 25.43 25.17 24.06 22.88 21.68 19.91 18.43 17.34 16.92 15.50 14.10 12.60 11.39  9.91
35.60 35.63 35.58 35.52 35.51 35.36 35.18 35.11 34.99 34.94 34.81 34.84 34.66 34.68 34.38 34.18 33.46 32.28 30.71 29.13 27.84 26.37 25.27 24.16 24.09 24.10 24.05 24.02 23.38 23.19 22.77 22.31 21.73 21.32 20.93
traj-169:
13.27 14.02 14.52 15.81 16.60 16.84 18.69 19.15 20.32 21.21 22.92 24.24 25.41 25.45 25.72 25.63 25.44 25.34 25.09 25.01 25.00 23.33 23.03 21.12 20.03 18.10 16.98 15.17 14.34 12.92 11.47  9.49  7.66  5.94  4.45
19.37 20.40 21.07 22.39 23.35 23.53 24.17 24.18 24.22 24.31 24.63 24.86 26.37 26.66 28.42 28.77 29.60 29.68 30.92 32.83 33.43 34.18 34.23 34.43 34.16 34.01 34.05 34.44 34.42 34.37 34.47 34.56 34.85 35.47 35.95
traj-170:
 3.99  4.92  6.10  7.91  8.61 10.32 12.17 13.58 14.54 16.43 17.99 19.45 20.51 21.46 23.31 23.61 25.41 25.50 25.61 25.57 25.44 25.19 25.04 24.11 22.34 20.84 20.24 18.41 17.59 17.08 16.61 16.57 16.12 16.02 15.92 15.76
35.01 35.43 35.07 34.91 34.86 34.87 34.57 34.55 34.47 34.50 34.13 34.06 34.03 34.09 34.07 34.06 33.46 32.65 30.86 29.25 28.15 26.83 25.73 24.02 24.06 24.07 24.06 24.00 23.52 22.20 20.35 18.56 16.79 15.02 13.78 11.84
traj-171:
10.72 11.02 11.72 12.48 12.81 13.54 13.99 14.97 15.89 16.86 17.76 18.82 20.49 22.33 24.30 25.27 25.34 25.40 25.38 25.73 25.63 25.18 23.37 21.74 20.33 19.12 17.52 15.62 13.99 12.17 10.57  9.97  8.21  6.23  4.35  2.69  2.39  2.09
11.47 12.08 13.76 15.31 15.98 17.60 18.07 19.53 20.66 21.87 23.43 24.16 24.31 24.31 24.46 25.79 26.56 27.84 29.33 30.99 32.18 34.00 34.05 34.16 34.30 34.44 34.47 34.55 34.56 34.38 34.25 34.21 34.12 34.09 34.21 34.41 34.92 34.92
traj-172:
 4.41  5.54  6.75  8.48 10.16 11.22 13.14 13.92 15.23 16.72 18.53 19.95 20.77 22.51 24.16 24.38 25.16 25.26 25.46 25.54 25.38 25.13 24.98 23.28 22.40 20.40 18.94 17.37 17.18 17.22 17.28 17.27 17.15 16.63 15.68 14.51 13.42 12.90 12.04
34.57 34.72 34.71 34.52 34.45 34.34 34.32 34.28 34.40 34.67 34.56 34.37 34.70 34.64 34.33 34.12 32.54 31.65 29.87 28.11 27.06 25.12 24.86 24.33 24.39 24.40 24.25 23.09 21.79 19.95 19.05 17.07 15.61 14.35 12.80 11.60 10.04  9.13  7.47
traj-173:
15.91 16.20 16.31 16.41 16.61 16.61 16.65 16.70 16.83 16.64 17.99 19.46 20.92 22.67 24.13 25.25 25.92 26.01 26.43 26.15 25.88 25.21 23.47 23.18 21.40 20.63 18.72 17.47 15.58 13.61 11.71 11.04  9.21  7.23  5.42  4.47  2.76  2.46
10.92 12.71 14.53 16.47 17.08 18.97 19.58 21.08 22.40 23.20 24.10 24.20 24.33 24.56 24.72 25.88 27.75 28.33 30.21 31.60 32.91 34.69 34.68 34.72 34.73 34.86 34.72 34.75 34.72 34.75 35.07 35.19 35.50 35.45 35.33 34.83 35.47 35.54
traj-174:
 3.65  4.60  6.25  8.10  8.40 10.25 11.19 12.69 13.60 15.45 17.09 19.07 20.98 22.27 22.55 23.42 25.17 25.66 26.05 26.22 26.45 26.64 25.79 25.52 23.76 22.73 21.72 19.78 18.33 17.61 16.69 16.27 15.57 14.79 14.30 13.76 13.21 12.08 11.69 10.95 10.15  9.90  8.81  8.34
34.88 34.70 34.58 34.55 34.54 34.44 34.32 34.42 34.41 34.45 34.37 34.30 34.52 34.34 34.23 34.04 33.81 32.35 30.76 29.58 27.83 26.24 24.88 24.52 24.33 24.18 24.08 24.12 24.17 23.69 22.27 21.05 19.53 18.05 17.40 16.09 15.31 13.86 13.24 11.88 10.49 10.07  8.50  7.83
traj-175:
 8.79  9.62 10.52 11.80 12.19 13.21 14.27 15.30 17.03 18.62 20.37 21.52 23.26 24.38 25.02 26.00 25.67 25.54 25.22 25.12 24.50 24.15 22.45 20.68 18.83 17.00 15.18 13.54 11.76  9.79  7.83  7.24  5.53  3.62  2.65
13.46 14.57 15.78 17.29 17.81 19.14 20.75 22.32 23.21 24.30 24.29 24.21 24.22 24.77 25.26 26.61 28.15 29.44 30.94 32.57 34.07 34.36 35.35 35.55 35.30 35.55 35.13 35.14 35.25 35.31 35.43 35.33 35.17 35.20 35.26
traj-176:
 3.41  5.35  6.02  6.72  8.27 10.21 12.13 13.35 14.89 15.89 17.12 18.13 20.04 21.07 22.96 23.26 25.13 25.27 25.30 25.27 25.27 25.25 24.48 23.07 21.30 19.81 18.63 17.61 15.82 13.99 12.70 11.30
34.74 34.80 34.82 34.85 34.79 34.83 34.91 34.98 34.83 34.71 34.66 34.62 34.54 34.41 34.03 34.03 33.38 31.60 29.87 28.76 27.07 25.65 24.55 24.26 24.13 24.10 24.09 24.05 23.57 23.08 22.75 22.33
traj-177:
16.39 17.86 18.74 19.93 21.69 21.99 23.76 24.59 26.00 26.23 25.79 25.52 25.30 25.06 25.01 24.25 23.46 22.60 20.79 20.46 18.68 17.70 16.41 14.91 13.33 12.28 11.42  9.75  8.65  7.21  5.29  4.67  3.23  2.57
23.70 24.33 24.31 24.27 24.19 24.17 24.22 24.29 25.23 26.53 28.38 29.96 31.39 31.97 32.27 34.02 34.87 34.78 34.52 34.51 34.39 34.28 34.32 34.46 34.41 34.60 34.73 35.03 35.06 35.09 35.27 35.34 35.64 35.76
traj-178:
 4.41  5.58  6.66  8.14 10.02 11.77 13.47 15.23 17.14 18.90 20.60 22.33 23.63 25.30 25.30 25.25 25.21 25.17 25.17 24.22 23.40 21.92 20.19 18.44 16.90 16.59 15.97 15.05 14.52 14.40 13.72 13.65 13.58
36.18 36.02 35.86 35.62 35.39 35.30 35.05 34.84 34.54 34.77 34.64 34.39 34.15 33.45 31.68 30.15 28.47 26.69 26.09 24.54 24.42 24.36 24.21 24.09 22.86 21.80 19.93 18.36 16.66 16.30 14.53 12.66 11.66
traj-179:
16.48 16.52 16.55 16.52 16.56 16.59 16.80 16.78 16.84 16.80 16.82 17.01 17.21 18.34 19.78 21.46 23.21 24.37 25.65 25.74 25.75 25.55 25.41 25.18 24.57 22.93 21.29 19.44 17.52 16.31 14.38 12.48 11.03  9.14  7.59  6.39  4.57  2.79
 6.55  7.81  9.22 11.20 13.16 13.78 15.59 16.95 18.48 20.17 21.26 22.49 23.54 24.21 24.13 24.05 24.22 24.35 25.41 27.04 28.85 30.78 31.37 32.37 34.24 34.34 34.63 34.60 34.57 34.56 34.37 34.33 34.20 34.20 34.16 34.10 34.12 34.14
traj-180:
 2.09  3.78  5.25  6.45  8.37 10.20 11.86 13.78 14.07 14.35 15.69 16.62 18.45 18.74 20.53 22.40 23.39 25.02 25.21 25.20 25.30 25.43 25.37 25.36 24.43 22.50 21.92 20.20 19.34 17.85 16.96 15.15 15.60 15.49 15.38 15.40 15.97 16.09 16.16 16.15
34.45 34.55 34.55 34.49 34.42 34.47 34.68 34.72 34.67 34.55 34.24 34.06 34.12 34.04 34.16 34.16 34.08 33.70 31.75 31.09 29.16 28.42 26.46 26.16 24.54 24.38 24.35 24.31 24.28 24.21 24.16 23.44 22.09 20.58 20.08 18.11 16.23 14.30 13.17 11.42
traj-181:
15.63 16.36 17.24 18.10 19.01 20.20 21.08 22.27 24.04 25.27 25.34 25.48 25.65 25.64 25.51 24.72 23.58 22.28 21.12 19.43 17.70 16.40 15.63 14.37 12.75 11.47 10.67  8.87  7.57  5.58  3.82  1.94
20.70 21.95 23.66 24.10 24.06 24.07 24.07 24.10 24.27 25.62 27.57 28.26 29.75 30.98 32.44 34.20 34.55 34.81 34.90 34.77 34.57 34.54 34.49 34.49 34.44 34.47 34.50 34.47 34.36 34.30 34.18 34.15
traj-182:
 3.46  4.83  5.69  7.16  9.11 10.79 12.28 14.07 15.65 17.20 18.84 19.39 21.38 22.20 23.24 24.81 25.32 25.67 25.82 25.91 26.01 25.45 25.25 25.04 24.22 23.06 22.16 20.36 19.16 18.27 17.56 16.60 15.74 15.21 14.47 13.47 12.50 11.58 10.54 10.26
34.75 34.92 35.03 35.15 35.23 35.27 35.24 35.11 35.13 35.15 34.95 34.95 34.93 34.79 34.57 34.03 33.89 32.14 31.24 30.68 29.46 27.63 26.79 25.62 24.07 24.03 24.03 24.04 24.06 24.07 23.66 22.17 20.39 19.41 17.71 16.21 14.83 13.22 11.54 11.12
traj-183:
13.82 15.39 17.15 17.64 19.12 20.34 21.45 22.91 23.50 25.25 25.84 25.68 25.60 25.53 25.49 25.36 24.21 22.70 21.08 19.12 18.10 17.01 15.34 13.41 11.60 10.94  9.56  7.80  5.98  4.15  2.33
22.97 23.23 23.81 24.06 24.17 24.27 24.35 24.61 24.72 25.04 26.84 27.79 29.35 31.00 31.89 33.71 35.24 35.36 35.22 34.85 34.75 34.69 34.78 34.90 34.94 34.95 34.83 34.78 34.58 34.74 35.03
traj-184:
 2.29  3.94  5.90  7.46  9.18  9.98 11.34 13.31 15.12 16.70 18.56 20.13 21.92 23.80 23.83 25.69 25.59 25.80 25.53 25.14 24.01 23.12 21.97 20.54 19.38 17.48 16.29 16.60 16.60 16.85 16.84 16.70 16.62 16.59
35.35 35.24 35.05 34.92 34.67 34.59 34.53 34.61 34.85 34.86 35.39 35.09 34.54 34.30 34.00 33.39 31.42 29.57 28.22 26.28 24.74 24.68 24.62 24.56 24.50 24.31 23.65 22.21 21.22 19.58 19.11 17.13 15.65 14.85
traj-185:
14.96 14.99 15.16 15.26 15.92 16.57 16.81 17.53 17.54 18.80 20.18 21.96 23.15 24.01 25.25 25.42 26.00 26.16 26.08 25.70 25.25 24.48 22.70 21.45 19.83 18.24 16.45 14.50 13.00 11.30 10.94  9.23  7.72  6.37  4.50  4.20
12.42 12.62 14.53 16.46 18.04 19.93 21.08 22.77 23.34 24.02 24.05 24.07 24.08 24.06 25.51 26.04 27.50 29.34 30.77 32.27 33.23 34.44 34.69 35.06 35.22 35.20 35.24 35.05 35.02 35.22 35.23 35.37 35.50 35.64 36.03 36.04
traj-186:
 2.17  3.49  4.66  6.38  7.27  9.17 11.06 13.00 14.63 16.39 17.93 18.03 19.66 20.86 22.13 23.99 24.29 25.24 25.49 25.76 25.81 25.85 25.92 25.71 24.70 23.22 21.78 20.32 19.45 17.68 15.96 14.39 13.44 12.59 11.83 11.30 10.78  9.88  9.08  8.28  7.70
34.65 34.60 34.57 34.51 34.48 34.42 34.24 34.66 34.80 34.93 34.70 34.60 34.39 34.26 34.16 34.08 34.09 33.20 32.47 31.38 30.78 29.11 27.56 25.96 24.91 24.23 24.22 24.21 24.24 24.26 23.71 22.55 21.44 19.70 17.97 16.97 15.94 14.68 13.61 12.24 11.22
traj-187:
 8.96 10.07 11.53 12.77 14.10 15.39 16.65 18.17 19.01 20.77 22.53 24.46 25.41 25.63 25.79 25.60 25.48 25.03 23.86 22.74 21.16 19.56 18.20 16.45 14.58 13.87 11.88 10.04  8.08  6.11  4.67  2.83  2.17
17.50 18.69 19.95 20.86 21.84 22.65 23.40 24.12 24.15 24.28 24.29 24.58 26.18 27.36 29.28 30.70 32.07 33.32 34.69 34.56 34.44 34.47 34.59 35.03 34.81 34.92 34.79 34.92 34.83 35.02 35.17 35.29 35.59
traj-188:
 3.17  4.32  5.48  6.90  8.68 10.05 11.97 12.57 14.48 16.17 17.11 18.86 20.63 21.85 22.81 24.68 25.37 26.03 26.06 26.30 26.91 26.73 26.51 24.55 22.69 22.11 20.13 18.90 17.42 16.37 15.19 13.76 13.24 12.60 11.92 10.79  9.98  9.22
35.85 35.62 35.39 35.17 34.97 35.00 34.67 34.61 34.32 34.49 34.36 34.26 34.23 34.27 34.17 33.88 33.03 31.23 31.12 29.18 27.45 26.65 24.96 24.74 24.35 24.46 24.36 24.27 24.18 23.76 22.16 20.92 19.99 18.94 17.97 16.48 15.06 13.72
traj-189:
14.58 14.76 15.69 16.47 16.59 17.70 19.13 20.84 22.02 23.47 24.61 25.62 25.90 25.97 25.69 25.59 25.31 24.07 22.92 21.79 20.77 18.81 17.67 16.26 14.51 12.53 11.19 10.28  8.67  6.93  6.17  4.70  2.75
19.45 19.82 21.47 22.96 23.36 24.08 24.20 24.35 24.54 24.74 24.93 25.10 27.05 29.01 30.77 31.38 33.26 34.26 34.48 34.75 35.14 35.13 35.05 34.82 35.09 35.06 35.35 35.39 34.98 34.73 34.69 35.13 35.54
traj-190:
 2.05  3.99  5.32  7.16  8.26  9.80 11.54 13.30 14.75 16.16 18.01 19.96 20.49 22.38 23.37 25.16 26.03 26.22 26.08 25.93 26.16 25.63 25.08 23.35 21.58 20.40 18.91 17.72 17.46 16.60 15.55 14.97 14.14 13.22 12.97 12.32 11.82
35.36 35.41 35.32 35.13 35.05 35.00 35.04 34.99 34.85 34.80 34.69 34.50 34.56 34.45 34.31 33.68 32.48 31.62 30.32 29.09 27.15 25.49 23.81 24.03 24.07 24.13 24.11 24.04 23.90 22.33 20.63 19.65 17.97 16.21 15.69 14.36 13.33
traj-191:
14.69 14.91 15.15 15.34 15.65 15.93 16.29 16.52 16.60 16.91 17.01 17.16 17.85 18.56 20.05 21.54 22.14 23.91 24.21 25.04 25.56 25.61 25.59 25.57 25.38 25.18 23.42 21.76 21.30 19.45 17.61 15.80 14.26 12.71 11.50 10.50  8.94  7.63  6.04  4.92  3.38
 6.30  7.07  9.05 10.41 12.14 13.69 15.62 17.50 18.55 20.38 20.88 22.14 23.71 24.07 24.09 24.06 24.09 24.12 24.11 25.13 26.43 27.50 29.32 30.89 32.66 33.53 34.22 34.49 34.60 35.05 35.23 35.08 35.19 35.23 35.25 35.23 35.16 35.14 35.16 35.04 34.97
traj-192:
 4.04  5.95  7.63  8.65  9.91 11.08 11.38 13.32 14.84 15.50 17.40 19.11 20.31 21.72 23.37 24.17 25.50 25.66 25.61 25.46 25.31 25.16 24.37 23.19 21.41 19.63 18.45 17.87 17.57 16.87 16.65 16.50 16.33 16.24 15.93
35.45 35.34 35.35 35.39 35.22 35.03 35.03 34.95 34.87 34.87 34.78 34.49 34.44 34.30 34.28 34.18 32.97 31.20 29.78 28.63 27.12 25.84 24.57 24.05 24.01 24.04 24.05 23.63 22.49 20.70 19.37 17.83 16.21 15.52 14.06
traj-193:
14.13 14.86 15.92 17.61 19.59 21.04 22.61 24.34 24.61 25.19 25.36 25.72 26.07 26.23 26.74 26.23 24.47 23.26 21.46 19.50 17.70 16.04 14.22 13.17 11.55  9.64  9.25  7.43  5.57  3.87  3.44
21.62 22.62 23.86 24.16 24.19 24.28 24.26 24.47 24.65 25.47 26.28 27.92 29.84 30.68 32.47 33.60 34.43 34.57 35.33 35.24 35.22 35.19 35.21 35.17 35.12 35.04 35.02 35.07 35.07 35.03 35.04
traj-194:
 2.82  4.69  6.23  8.14  9.81 10.89 12.16 12.89 14.21 15.50 17.32 19.10 20.64 21.61 22.76 24.35 25.95 26.48 26.76 26.85 26.76 26.36 25.87 24.22 22.76 21.30 19.53 18.82 17.21 16.71 16.03 15.26 14.78 14.13 13.55 13.07 12.53 12.36 11.74
35.80 35.53 35.53 35.47 35.48 35.40 35.31 35.23 35.08 34.95 34.79 34.54 34.43 34.36 34.27 34.08 33.70 33.05 31.69 29.95 29.18 27.30 25.73 24.77 24.47 24.23 24.04 24.08 23.18 21.96 20.16 18.41 17.25 15.43 13.65 12.33 10.85 10.36  8.62
traj-195:
 7.62  7.96  9.15 10.44 11.16 12.62 13.61 14.76 15.67 16.06 16.96 18.03 19.80 20.40 21.88 22.48 24.38 25.16 25.41 25.86 25.65 25.52 25.40 24.53 24.21 22.47 20.88 19.56 18.10 16.99 15.13 13.96 12.17 10.79  9.92  8.09  6.95  5.64  3.80
13.33 13.77 15.28 16.78 17.24 18.29 18.89 20.46 21.76 22.79 23.77 24.05 24.17 24.22 24.34 24.36 24.61 26.07 27.20 28.88 29.88 31.41 32.43 34.21 34.43 34.54 34.64 34.69 34.81 34.84 34.93 34.95 35.06 35.03 35.21 35.39 35.48 35.55 35.72
traj-196:
 3.74  5.57  7.22  8.46  9.80 11.69 12.67 14.47 15.66 17.48 18.79 20.17 21.91 23.11 23.41 25.09 25.55 25.68 26.25 26.10 26.03 25.86 24.54 23.72 22.26 21.67 19.91 18.12 17.37 17.07 16.66 16.03 15.70 15.12 14.40 14.23 13.84 13.31 13.10 12.58
36.16 35.94 35.62 35.49 35.38 35.17 35.05 34.83 34.57 34.44 34.39 34.45 34.23 34.09 34.08 33.94 32.12 31.50 29.83 28.21 27.71 26.18 24.73 24.64 24.40 24.29 24.05 24.11 23.61 22.80 21.41 19.51 18.52 16.62 14.81 13.29 11.93 10.10  9.34  7.42
traj-197:
16.53 16.47 16.48 16.58 16.60 16.58 16.77 16.95 17.10 18.33 20.10 20.98 22.72 24.18 25.12 26.03 25.93 25.68 25.61 25.42 24.29 22.34 20.66 19.32 17.65 16.37 14.65 13.09 11.64 10.53  9.35  7.75  7.18  5.65  3.73
10.35 12.15 13.87 14.94 16.46 18.12 19.79 21.58 23.29 24.10 24.31 24.41 24.66 24.92 26.04 27.11 28.38 30.24 31.76 33.54 34.57 34.88 34.81 34.83 34.76 34.66 34.49 34.47 34.31 34.39 34.46 34.48 34.50 34.56 34.81
traj-198:
 4.23  5.36  7.13  8.08  9.80 11.78 12.95 14.28 15.73 16.83 18.18 18.77 20.69 20.97 22.89 23.19 23.62 25.37 25.85 26.09 26.06 26.25 25.98 25.36 23.74 22.03 21.73 19.99 18.22 17.96 17.61 17.41 16.88 16.15 15.47 14.93
35.99 35.91 35.82 35.66 35.73 35.59 35.47 35.40 35.34 35.40 35.58 35.64 35.12 35.02 34.49 34.45 34.27 33.48 32.39 31.11 30.30 28.67 26.84 25.24 24.70 24.55 24.52 24.36 24.12 23.98 22.07 21.20 19.38 17.62 15.82 14.64
traj-199:
10.92 12.54 14.37 14.91 16.40 17.35 18.80 20.03 21.79 22.96 24.13 25.46 25.54 25.30 25.19 25.17 25.04 23.90 22.19 21.36 19.78 17.85 16.11 14.42 12.48 10.53  8.69  6.84  5.66  4.22  3.39
20.12 20.78 21.54 21.69 22.33 23.26 24.01 24.15 24.41 24.53 24.67 25.69 27.19 28.50 30.30 31.40 33.06 34.21 34.58 34.75 35.08 35.11 35.14 35.21 35.28 35.36 35.37 35.29 35.24 35.22 35.22
