traj-0:
25.79 24.55 22.89 21.12 20.82 19.04 17.27 15.52 14.06 12.91 11.19 11.29
 1.57  2.79  3.61  3.82  3.84  3.91  3.89  3.89  3.89  3.86  3.56  3.27
traj-1:
23.92 23.98 24.14 24.33 24.46 24.54 24.77 24.96 25.71 25.33 25.14 24.99 24.86 24.74 24.35 23.35 21.64 19.83 18.46 16.54 15.34 14.88 13.10 11.21  9.81
 0.91  1.49  3.05  4.01  4.84  6.60  7.93  8.55 10.13 11.97 13.62 14.99 16.08 17.69 19.59 21.17 21.61 22.02 22.03 21.85 20.95 20.72 19.91 19.85 19.85
traj-2:
23.47 23.99 24.57 25.04 25.44 26.52 28.30 28.60 30.35 31.25 32.01 32.55 33.65 34.30
 1.36  3.22  5.01  6.53  7.96  8.59  8.73  8.74  8.88  8.96 10.30 11.42 12.94 13.44
traj-3:
25.18 24.05 23.09 21.32 19.54 18.39 16.64 15.47 13.68 12.00 11.92 10.97 10.37 11.33
 0.48  1.70  2.97  3.10  3.19  3.24  3.43  3.43  3.37  4.42  4.91  6.60  7.62  8.23
traj-4:
24.15 23.85 23.69 23.48 23.69 23.87 23.81 23.61 23.53 24.06 24.42 24.94 24.75 24.07 22.67 21.23 20.16 19.08 17.42 15.50 14.76 13.57 13.09
 1.48  2.90  3.73  5.55  7.14  9.01 10.45 11.90 12.97 14.61 15.41 17.17 18.62 20.33 21.49 21.92 21.93 21.86 21.66 21.73 21.38 20.65 18.98
traj-5:
25.38 25.05 25.17 25.25 25.19 25.11 25.40 27.26 29.02 29.92 31.69 32.71 32.46 32.32 32.20 32.18 32.42 32.47 32.47 32.65
 0.85  2.68  3.27  4.98  5.27  7.04  8.26  8.14  8.18  8.22  8.41 10.09 11.43 13.31 14.48 16.23 18.10 18.98 20.66 21.15
traj-6:
24.87 24.38 23.31 21.45 19.71 18.84 17.08 15.90 14.43 13.83 11.97 10.31  8.60  7.33  5.78  4.11
 0.66  2.39  3.42  3.56  3.58  3.58  3.57  3.54  3.50  3.48  3.57  4.40  5.44  5.92  5.94  5.90
traj-7:
25.29 25.29 25.19 25.17 24.71 24.45 25.04 25.06 25.22 25.28 25.04 24.62 23.19 23.72 23.98 22.27 20.41 18.76 17.03 15.30 13.69 12.50
 1.78  3.41  5.35  6.89  8.80  9.41 11.16 12.27 13.70 14.86 16.02 17.50 18.87 20.33 20.79 21.72 21.97 21.67 21.28 20.79 19.85 19.18
traj-8:
25.14 25.10 24.87 25.09 25.27 25.36 26.77 27.94 29.13 31.06 32.12 32.13 32.11 32.03 32.26 32.68 32.80 32.85 33.04 33.10 34.00
 1.66  2.77  4.39  6.33  7.21  7.50  8.38  8.44  8.62  8.92 10.48 11.34 13.20 14.95 16.25 17.59 19.35 21.05 22.55 23.84 25.34
traj-9:
23.60 23.92 22.21 20.48 19.32 17.85 16.41 14.67 13.50 11.51 10.15
 1.33  2.89  3.78  3.79  3.79  3.83  3.77  3.70  3.64  3.57  3.02
traj-10:
23.46 23.48 23.68 23.83 23.55 23.79 24.15 24.69 24.99 24.96 25.13 24.61 24.07 23.32 21.71 19.80 17.88 16.59 14.71 12.77 10.80  8.80  7.97
 2.00  2.60  4.53  5.54  7.44  8.28  9.70 11.59 12.42 14.19 16.12 17.89 19.19 21.02 22.11 21.72 21.32 21.11 20.56 20.18 20.17 20.20 20.21
traj-11:
23.82 24.17 24.55 24.85 24.99 25.23 27.23 27.82 29.59 30.45 32.22 33.15 33.57 33.78 33.91 34.33 34.50
 1.36  2.64  4.30  5.38  6.23  8.20  8.12  8.17  8.42  8.61  9.37 10.11 11.94 12.81 14.22 15.92 17.28
traj-12:
23.33 23.94 22.48 20.67 20.37 18.62 17.76 15.99 14.84 13.70 12.43 10.65 10.35  8.46  6.96  5.38
 0.84  2.39  3.68  3.57  3.58  3.69  3.69  3.57  3.39  3.25  3.39  3.66  3.71  4.31  5.44  6.28
traj-13:
25.17 25.00 24.92 24.75 24.56 24.36 24.42 24.41 24.44 24.53 25.17 24.98 24.92 24.11 23.25 21.51 21.21 19.25 18.36 16.70 14.95
 0.96  2.64  3.76  5.73  7.58  9.42 11.27 12.99 13.75 14.81 16.21 18.09 18.87 20.21 21.61 22.00 21.99 21.86 21.83 21.86 22.01
traj-14:
24.27 24.57 24.90 24.90 25.53 26.18 28.16 29.06 30.53 31.31 32.27 32.21 32.20 32.12 32.12 32.13 32.14 32.09 32.07 32.09 32.07 32.04 32.10
 1.74  2.71  4.42  6.34  8.08  8.23  8.08  8.14  8.18  8.49 10.05 11.97 13.79 15.60 16.61 17.70 19.56 20.67 22.40 24.17 25.94 27.67 29.58
traj-15:
24.81 23.51 22.75 20.75 19.05 17.28 15.79 14.06 13.76 12.30 12.13 11.22
 1.41  2.89  3.65  3.76  3.86  3.87  3.86  3.93  3.94  4.70  5.28  6.93
traj-16:
23.04 23.42 24.08 24.31 24.36 24.47 24.94 25.19 25.25 25.37 25.33 25.14 24.53 24.13 23.43 21.55 19.72 17.72 17.12 15.23 13.86 13.26 11.28 10.72  9.04  7.09
 0.53  1.69  3.29  5.27  7.18  8.99 10.60 12.29 13.38 15.09 15.69 17.35 19.03 19.78 21.02 21.60 21.53 21.58 21.61 21.47 20.19 20.17 20.12 20.08 20.06 20.13
traj-17:
24.45 24.50 24.59 24.81 24.88 25.72 26.44 28.19 29.67 30.53 32.02 32.29 32.48 32.43 32.36 32.27 32.17 32.20 32.17 32.15 32.17 32.16 32.15 32.12 32.10 32.51
 1.65  3.20  3.84  5.29  6.88  8.64  8.76  8.80  8.78  8.79  9.27 11.11 12.61 13.70 15.02 16.47 18.01 18.96 20.44 22.22 24.20 25.85 27.02 27.88 29.59 31.51
traj-18:
25.42 23.93 22.26 20.47 19.89 18.45 17.27 15.80 14.08 13.78 13.61 12.36
 1.65  2.67  3.06  3.10  3.11  3.26  3.38  3.50  3.63  3.64  3.89  5.22
traj-19:
25.53 25.11 25.17 25.21 25.29 25.26 25.16 25.01 24.88 24.95 24.99 25.07 25.06 25.04 23.86 23.55 21.63 20.65 19.48 17.55 16.65 15.13 13.68 11.98 10.45  9.86  7.88
 0.79  2.57  4.36  5.83  7.58  8.41  9.97 11.70 12.97 14.67 15.42 16.67 18.12 18.80 20.38 20.84 21.22 21.15 21.11 21.11 20.48 19.32 19.10 19.18 19.10 19.05 19.20
traj-20:
25.63 25.02 25.03 24.93 24.86 24.85 25.43 27.18 28.95 30.43 32.26 32.32 32.52 32.34 32.35 32.40 33.09 33.18 33.90 34.81
 0.83  2.72  3.30  4.82  5.57  7.07  8.10  8.23  8.15  8.11  8.09 10.04 11.97 13.66 14.39 16.18 17.79 18.99 20.83 22.60
traj-21:
24.27 24.15 23.62 23.22 21.34 20.17 18.99 17.53 16.40 14.65 13.79 12.80 12.41
 0.77  1.91  3.12  3.15  3.19  3.23  3.36  3.57  3.69  3.78  3.72  4.46  4.89
traj-22:
25.04 24.78 24.55 24.28 24.12 23.62 23.46 23.75 24.11 24.53 24.88 24.28 24.24 23.38 22.77 21.23 19.29 18.39 16.60 14.82 13.99 12.75
 1.50  3.46  4.99  6.95  8.62  9.58 10.52 12.31 13.06 14.53 15.99 17.77 18.07 19.65 21.05 22.09 22.12 22.17 22.21 22.60 22.91 23.41
traj-23:
23.04 23.15 23.35 23.66 23.77 24.33 25.82 26.97 28.44 29.61 31.55 32.19 32.91 32.67 32.51 32.34 32.17 32.21 32.31 32.31 32.07 32.24 32.96 33.91 34.62
 1.08  1.92  3.14  4.83  6.00  6.95  8.19  8.37  8.43  8.50  8.91  9.66 11.22 12.24 13.52 15.40 17.11 17.63 19.27 19.84 21.46 22.16 23.61 25.04 26.38
traj-24:
25.52 25.37 24.33 23.48 21.81 20.34 18.60 16.84 15.95 14.25 12.75 12.33 10.89 10.06  8.11  7.67  6.39  4.93
 1.87  2.93  4.46  4.36  3.98  3.93  3.81  3.74  3.66  3.66  3.89  4.17  5.23  5.45  5.68  5.26  4.38  3.29
traj-25:
24.36 24.88 24.85 24.92 24.93 25.73 25.74 25.81 25.86 25.92 25.93 25.94 25.94 25.95 25.66 24.68 23.62 22.49 20.53 19.51 18.08 16.91 15.27
 0.78  2.44  4.38  5.93  7.14  8.53  9.13 10.75 12.54 14.33 14.93 16.65 18.43 18.73 20.42 21.69 21.69 21.70 21.85 22.41 22.69 22.88 23.32
traj-26:
24.23 24.29 24.41 24.46 25.79 26.54 28.51 30.27 32.25 34.19
 1.97  3.74  5.60  7.56  8.50  8.54  8.53  8.64  8.61  8.69
traj-27:
24.67 24.33 23.03 21.43 19.98 19.11 17.95 16.77 15.04 14.75 12.98 11.93 11.65
 1.82  2.60  3.91  3.41  3.38  3.44  3.48  3.55  3.53  3.56  3.39  3.13  3.03
traj-28:
25.15 24.75 24.63 24.35 24.30 24.13 24.42 24.84 25.22 25.11 24.98 24.10 23.78 23.37 22.53 21.28 20.00 18.05 16.78 15.75 14.72 13.11 11.61  9.74  8.03  7.74
 0.98  2.36  4.33  5.90  7.42  9.22 11.04 12.47 13.79 15.66 16.53 17.78 18.35 20.14 21.53 21.70 21.52 21.47 21.02 20.41 20.04 19.66 19.46 19.09 18.65 18.57
traj-29:
24.83 24.23 23.83 23.93 24.62 25.21 26.88 28.05 29.95 31.13 32.01 32.16 32.18 32.10 32.12 32.08 32.09 32.07 32.09 32.09 32.12 32.47 33.36 33.78
 0.71  2.27  4.19  6.10  7.20  8.03  8.40  8.50  8.76  8.84 10.16 11.91 12.21 13.92 15.09 17.00 18.50 19.91 21.07 23.05 24.22 25.92 27.49 29.24
traj-30:
24.98 24.26 22.45 20.98 19.82 18.05 16.91 16.02 14.43 12.46 11.86 10.58
 1.55  2.92  3.63  3.64  3.69  3.62  3.56  3.52  3.68  3.73  3.76  3.18
traj-31:
23.91 24.01 24.19 24.27 24.46 24.74 24.72 25.32 25.47 25.44 25.35 25.42 25.29 24.66 22.95 21.26 20.45 18.63 16.94 15.01 13.21 12.37 10.45
 0.61  2.22  3.89  4.43  6.24  7.98  8.44 10.17 12.11 14.08 16.05 17.78 19.50 21.31 22.22 21.89 21.72 21.57 21.25 21.17 20.95 21.17 21.74
traj-32:
25.30 24.53 24.89 24.62 24.78 24.90 25.50 27.29 28.46 29.63 31.10 32.83 34.30 35.19
 0.58  1.80  3.71  4.73  6.10  6.37  8.21  8.20  8.16  8.13  8.11  8.13  8.14  9.37
traj-33:
24.72 23.82 22.45 20.68 19.50 18.32 16.55 15.40 13.65 13.35 12.57 10.97  9.55  9.47
 0.81  2.21  3.41  3.65  3.68  3.71  3.82  3.85  3.87  3.90  4.39  4.84  5.93  6.92
traj-34:
25.09 24.58 24.64 24.64 24.49 24.20 24.64 24.97 25.00 24.86 24.99 24.29 24.47 24.97 24.95 24.53 23.51 21.58 19.95 18.90 17.23 16.93 15.37
 0.70  2.04  3.07  4.79  5.66  7.23  8.95 10.37 11.45 13.42 13.69 15.42 15.87 17.64 18.24 19.97 21.60 21.84 21.28 21.32 21.69 21.72 22.64
traj-35:
23.05 23.87 24.06 24.70 25.47 25.73 25.99 27.18 28.65 30.13 31.03 32.26 32.16 32.16 32.13 32.15 32.10 32.07 32.10 32.05 32.16 32.32 32.90 33.36 33.91 34.25 34.65 34.74
 1.95  3.35  3.72  5.60  7.24  7.86  8.03  8.02  8.03  8.03  8.04  9.25 11.20 11.79 13.33 15.03 16.74 18.65 20.61 21.36 22.91 24.07 25.67 26.83 28.54 29.93 31.55 32.78
traj-36:
24.77 23.85 22.25 20.50 18.78 17.30 15.55 14.67 13.16 12.71 11.71 10.81  8.95  8.69  7.17  5.49  5.19
 1.20  2.10  3.04  3.37  3.39  3.43  3.44  3.57  3.94  4.21  5.90  7.43  7.98  7.83  6.67  5.59  5.56
traj-37:
24.45 24.44 24.45 24.29 24.15 24.20 24.40 24.93 24.75 24.81 24.97 24.93 24.30 23.69 21.91 19.99 18.19 17.02 15.35 14.64
 1.37  1.67  3.65  5.01  6.92  8.19  9.95 11.72 13.21 15.02 15.55 17.33 19.05 20.81 21.60 21.78 21.87 21.93 22.29 22.42
traj-38:
23.60 23.86 24.15 24.57 24.71 25.73 27.40 29.16 29.72 31.19 32.23 32.95 33.52 34.14
 1.86  2.65  3.90  5.82  7.73  8.43  8.16  8.10  8.12  8.12  9.78 10.80 12.51 13.84
traj-39:
24.98 25.12 24.16 22.19 21.16 20.00 18.28 17.40 15.67 13.92 12.55 10.90 10.41  8.55  7.19
 0.77  2.69  4.05  3.90  3.88  3.84  3.75  3.73  3.68  3.69  4.63  5.50  5.27  4.77  4.37
traj-40:
23.71 24.15 24.41 24.59 24.74 24.77 24.67 24.69 24.64 24.62 24.53 24.54 24.38 23.89 23.69 23.17 21.52 20.80 19.22 18.08 16.64 14.70 13.66 12.15 10.55  9.49  8.14  6.23  5.38
 1.66  3.18  5.04  5.72  7.44  9.29 10.36 12.14 13.09 14.21 14.65 16.27 18.18 19.89 20.37 21.86 21.75 21.81 21.65 21.59 21.44 21.04 21.21 21.73 22.08 22.30 22.64 23.19 23.38
traj-41:
23.35 24.01 24.39 24.48 24.38 24.63 25.89 26.66 28.62 30.40 32.39
 1.37  3.04  4.04  5.89  6.57  8.26  8.27  8.24  8.22  8.29  8.27
traj-42:
23.15 23.29 22.04 20.58 19.41 17.96 16.50 14.96 13.00 12.52 10.78
 0.95  2.13  3.37  3.48  3.62  3.56  3.58  3.65  3.90  4.00  3.72
traj-43:
24.57 24.69 25.13 25.05 24.96 24.86 25.13 25.02 25.23 25.16 24.74 24.55 24.11 24.28 24.31 22.34 21.65 20.46 18.58 17.20 15.86 15.31 13.38 11.51 11.13  9.38  7.78
 1.34  1.62  3.37  4.45  6.17  7.43  9.29 10.00 11.96 13.52 15.36 16.30 17.98 19.27 20.76 21.04 21.35 21.57 21.52 21.11 20.32 20.13 20.48 19.88 19.73 19.20 18.94
traj-44:
24.19 24.24 24.35 24.40 24.65 24.60 25.41 27.29 28.74 30.45 31.05 32.48 33.36 34.36 34.43
 1.09  2.35  3.29  4.56  6.44  7.45  8.64  8.56  8.65  8.74  8.78 10.14 11.01 12.53 13.61
traj-45:
24.85 23.50 22.19 20.72 19.83 18.35 16.60 14.83 13.20 12.16 11.89 10.62
 1.31  2.18  3.13  3.18  3.15  3.18  3.35  3.55  3.86  4.42  4.55  5.03
traj-46:
23.98 24.57 25.03 25.02 25.03 24.97 25.14 24.82 24.35 23.73 23.92 24.37 24.95 25.12 24.65 24.31 22.55 21.73 20.21 19.35 18.72 16.97 16.18
 0.93  1.72  3.45  5.16  5.46  7.23  8.37  9.44 10.57 12.16 13.55 15.30 17.17 19.06 20.40 20.98 21.35 21.46 21.65 21.76 21.91 22.28 22.55
traj-47:
25.67 25.30 25.11 24.92 24.79 26.30 26.87 28.62 29.51 31.47 32.67 32.37 32.51 32.76 33.08 33.93 34.69 35.31
 1.91  2.71  3.99  5.69  6.97  8.20  8.29  8.51  8.59  8.85 10.38 12.18 13.13 14.43 16.02 17.70 19.10 20.29
traj-48:
25.28 24.45 22.74 21.28 19.81 18.03 16.56 15.40 13.42 12.53 12.39 11.33 11.20
 0.63  2.43  3.44  3.30  3.14  3.08  3.23  3.45  3.75  4.97  5.54  7.08  7.34
traj-49:
24.29 24.57 24.36 24.15 24.42 24.60 24.53 24.34 24.45 23.96 23.70 24.28 24.83 24.36 23.06 21.12 19.90 18.03 16.62 14.87 13.22 11.37  9.97  8.60
 1.51  2.62  4.49  5.12  6.30  8.18  9.67 11.60 12.12 13.80 15.69 17.60 18.84 20.52 21.04 21.18 21.37 21.41 21.34 21.52 22.00 22.56 23.00 23.97
traj-50:
23.25 23.94 24.17 24.57 24.78 26.46 27.63 29.42 30.31 32.08 32.35 32.70 33.48 34.38 34.60
 0.81  2.62  4.45  6.32  7.39  8.15  8.06  8.19  8.30  9.06  9.83 11.17 12.96 14.47 15.03
traj-51:
25.42 24.70 23.25 21.28 19.57 17.83 17.25 15.78 13.82 12.74 12.30 10.80 10.32  8.48  7.84
 0.61  2.25  3.62  3.44  3.32  3.26  3.25  3.22  3.35  4.54  4.93  5.90  5.80  5.37  5.11
traj-52:
24.27 24.35 24.34 24.19 23.99 24.02 23.91 23.99 23.81 23.75 24.07 23.68 23.47 22.49 20.68 18.89 17.52 15.69 14.29 12.52 11.30  9.66  8.82  7.79  6.71  5.10
 1.74  3.29  5.06  6.72  8.03  8.84 10.45 12.41 14.14 15.86 17.36 18.56 20.26 21.55 21.88 21.46 21.09 20.40 20.07 19.63 20.12 20.44 22.03 22.85 23.55 24.55
traj-53:
23.88 23.91 23.99 24.09 24.06 24.50 26.09 27.13 28.89 30.07 31.22
 0.72  1.28  3.07  4.98  6.03  7.59  8.30  8.15  8.25  8.41  8.56
traj-54:
25.49 24.32 23.04 21.31 20.44 18.69 16.93 15.16 14.86 13.05 11.91 10.93 10.01  8.18  6.31  4.73  4.14
 1.00  1.67  2.37  3.19  3.34  3.36  3.20  3.10  3.08  3.44  4.63  5.64  6.51  7.21  6.70  6.75  6.75
traj-55:
24.57 24.69 24.95 25.05 25.11 25.34 25.25 25.04 24.62 24.72 25.33 24.97 24.76 24.27 22.60 20.90 19.01 17.54 15.66 15.14 13.62
 0.49  2.39  4.28  5.92  6.79  8.63  9.60 11.55 13.36 15.06 16.21 17.86 18.96 20.15 21.13 21.04 21.40 21.56 22.17 22.33 22.87
traj-56:
25.52 24.81 24.55 24.93 25.32 27.01 28.75 29.91 31.58 32.30 33.91
 1.95  3.78  5.22  6.96  8.52  8.38  8.44  8.51  8.82  9.40 10.42
traj-57:
25.36 24.11 23.37 22.04 20.87 19.39 18.82 17.05 15.29 13.83 12.66 11.66 11.00  9.53
 1.93  2.59  2.95  3.46  3.69  3.79  3.84  3.88  3.86  3.82  4.57  5.66  6.47  6.99
traj-58:
25.48 25.18 25.09 25.09 25.04 24.92 24.71 24.37 23.65 23.53 23.84 23.60 23.56 21.70 21.42 19.45 17.49 15.95 15.72 14.02 12.42 10.81  9.02  7.80  6.75  5.51
 1.58  2.97  4.53  6.50  8.12  9.99 11.69 12.91 14.59 15.80 17.72 19.39 20.93 21.58 21.69 21.59 21.51 20.33 20.14 19.48 19.65 19.80 19.98 20.13 20.31 20.59
traj-59:
23.37 23.72 24.01 24.50 24.63 24.94 25.86 27.62 29.40 31.36 32.07 33.95 34.79
 1.22  2.28  3.92  5.27  5.86  7.30  8.67  8.76  8.82  8.48  8.08  7.97  8.21
traj-60:
25.64 24.72 23.10 21.23 20.06 18.90 17.14 15.37 13.90 12.75 11.83 11.30 10.47  9.34
 0.80  1.39  2.56  3.13  3.14  3.06  3.14  3.21  3.30  3.44  4.92  6.10  7.28  8.30
traj-61:
23.80 24.53 25.26 25.48 25.49 25.41 25.36 25.34 25.33 25.06 24.99 25.13 25.02 24.90 24.83 23.42 22.47 20.81 18.92 17.02 15.84 14.15 13.09 11.55  9.95  8.83
 1.20  2.41  4.22  5.62  6.22  7.65  9.12 10.69 11.24 13.22 15.18 15.44 17.32 18.75 19.86 20.92 21.81 22.02 21.82 21.70 21.47 21.36 21.63 22.10 23.00 23.74
traj-62:
25.26 25.15 24.87 24.70 24.90 26.35 28.03 29.76 31.22 32.19 32.19 32.15 32.14 32.47 32.89 33.06 33.52 33.66
 0.97  2.37  4.09  6.03  7.96  8.66  8.41  8.59  8.72 10.34 10.64 12.35 13.50 14.38 15.78 16.31 17.93 18.48
traj-63:
23.73 23.87 22.48 20.49 19.61 18.47 16.73 14.97 13.81 12.75 11.07 10.63
 1.97  2.24  3.34  3.32  3.34  3.42  3.44  3.43  3.57  3.83  4.91  5.30
traj-64:
23.84 23.85 23.89 24.09 24.14 24.08 24.21 24.32 24.69 24.64 24.92 25.05 24.67 24.18 23.67 23.12 21.54 20.42 18.61 16.88 15.27 14.69 12.70 11.23 10.66  9.06  7.65  6.61  5.51
 0.89  1.37  3.12  4.65  5.82  6.30  8.09  8.87 10.62 11.85 13.69 15.05 16.85 18.02 19.11 20.56 21.19 21.28 22.02 22.37 22.87 22.92 22.75 22.63 22.56 22.25 22.67 23.11 23.48
traj-65:
25.23 24.75 24.01 24.14 24.33 24.72 24.90 24.81 26.10 27.48 28.65 29.53 31.28 32.17 32.18 32.15 32.22 32.20 32.11 32.03 32.02 32.04 32.05 32.05 32.09 32.16 32.41 32.71 33.76 33.98
 1.49  1.89  3.63  4.49  5.62  6.41  6.65  8.59  8.56  8.54  8.50  8.50  8.51 10.24 11.69 13.37 14.29 15.42 17.34 18.82 19.93 21.38 22.54 23.74 24.59 26.37 27.47 28.80 30.46 30.67
traj-66:
23.01 23.06 21.27 20.54 19.94 18.11 16.63 15.76 13.92 13.27 11.50  9.80  8.56
 0.91  2.74  3.44  3.49  3.55  3.69  3.61  3.57  3.87  3.92  4.66  5.38  5.91
traj-67:
24.77 24.78 24.70 24.44 24.18 23.29 23.20 23.86 24.53 25.08 25.04 24.87 24.86 24.41 24.21 22.51 21.35 19.60 18.78 17.70 16.20 15.97 15.24
 1.38  2.79  4.70  6.35  8.27  9.92 10.39 12.20 13.66 15.50 17.39 19.08 19.38 21.22 21.44 22.20 22.03 21.97 22.29 22.76 23.67 23.86 24.37
traj-68:
25.48 24.98 24.80 24.91 24.99 25.71 26.01 27.77 29.54 31.26 32.65 32.75 33.21 32.90 32.84 32.69 32.64 32.54 32.47 32.43 32.20 32.13 32.32 32.59 32.72 32.89 33.08
 1.71  2.70  4.42  6.29  7.45  8.46  8.50  8.60  8.68  8.81  9.97 10.25 11.95 13.81 14.10 15.81 17.08 18.95 20.39 21.06 23.00 24.98 26.58 28.45 29.24 30.59 31.82
traj-69:
24.20 24.05 23.58 22.43 20.60 18.87 17.99 16.23 14.46 13.87 12.16 11.53 10.90
 0.81  1.22  3.00  3.42  3.60  3.49  3.43  3.48  3.74  3.84  4.74  6.22  7.79
traj-70:
24.74 24.12 23.94 24.22 24.36 24.20 24.15 24.07 24.09 24.04 24.07 24.08 24.41 23.63 21.88 19.90 18.52 16.79 15.09 13.17 12.50 11.14
 1.70  3.35  5.28  6.83  7.93  9.55 11.33 11.81 13.57 15.11 15.95 17.93 19.88 21.19 22.11 21.97 22.17 22.47 23.17 22.91 23.28 24.04
traj-71:
25.39 25.15 24.66 24.79 24.88 24.95 26.67 28.43 29.29 31.04 32.05 32.06 32.08 32.08 32.12 32.11 32.11 32.11 32.22 32.22 32.25 32.60 32.90
 0.43  1.45  3.34  5.14  6.53  7.27  8.09  8.24  8.36  8.58 10.22 11.50 13.05 14.75 16.20 18.20 19.10 20.58 22.33 23.21 24.62 26.35 27.62
traj-72:
25.05 23.90 23.21 21.51 20.02 18.59 16.82 15.08 14.22 13.01 11.12
 1.35  2.24  2.70  3.11  3.22  3.38  3.49  3.63  3.70  3.81  3.81
traj-73:
25.11 25.01 24.93 25.22 25.23 25.21 25.19 25.13 25.01 24.55 24.82 24.90 24.12 23.03 23.02 22.64 20.70 18.80 17.33 15.95 14.24 12.75 11.63  9.66  7.99  6.84
 1.79  2.30  4.09  5.51  7.26  8.43 10.10 11.19 12.65 14.55 16.29 17.37 18.72 19.69 19.99 21.81 21.36 21.32 21.06 19.86 18.89 18.76 18.65 18.69 18.70 18.76
traj-74:
25.79 25.56 25.51 25.60 25.80 25.88 25.84 27.50 28.39 29.57 31.02 32.02 32.02 32.03 32.08 32.12 32.16 32.25 32.32 32.78 33.14
 1.09  1.98  3.13  3.41  5.16  6.58  8.43  8.71  8.79  8.88  8.94  9.83 11.71 12.85 14.18 15.67 17.58 19.35 20.11 22.01 22.55
traj-75:
24.84 23.04 21.46 19.70 19.12 17.67 16.23 15.63 13.86 12.48 11.57 10.06
 1.90  2.66  3.22  3.45  3.49  3.57  3.68  3.70  3.76  4.75  5.83  6.44
traj-76:
25.68 25.07 24.16 24.34 24.65 25.03 25.14 25.00 24.94 24.85 24.86 24.88 24.85 23.94 22.76 21.03 19.88 18.04 16.64 15.15 14.73
 1.42  2.09  3.39  4.08  5.34  7.14  9.03 10.41 12.25 14.16 15.39 16.64 18.52 20.15 21.42 21.52 21.61 21.42 21.47 20.33 19.97
traj-77:
25.19 24.02 24.22 24.45 24.59 24.71 25.57 27.53 28.43 30.16 31.05 32.01 32.16 32.54 32.43 32.99 33.05
 0.50  1.22  2.96  4.39  5.93  7.01  8.58  8.57  8.59  8.57  8.68  9.90 10.72 12.55 14.32 15.97 16.26
traj-78:
24.66 24.34 23.16 22.01 20.28 19.11 18.23 16.49 15.33 13.59 11.86 10.34  9.15  8.39  8.52
 0.66  1.16  2.27  3.34  3.20  3.44  3.59  3.74  3.71  3.89  4.38  5.07  5.56  7.25  7.76
traj-79:
25.53 25.16 25.06 24.89 24.75 24.61 24.52 24.12 23.32 23.26 23.51 23.81 24.05 23.72 23.37 23.02 21.44 19.57 17.66 16.23 14.70 13.76 12.16 11.62 10.20
 1.61  3.39  4.22  5.49  6.86  8.48  9.44 11.26 12.83 13.54 14.73 15.52 16.19 18.11 19.98 21.88 21.85 21.77 21.68 21.31 21.05 21.51 22.36 22.61 23.38
traj-80:
24.12 24.12 24.31 24.29 24.14 24.67 26.01 27.77 29.61 31.31 32.90 34.09 35.31 35.57
 1.21  2.20  3.91  4.73  6.27  7.99  8.52  8.56  8.39  8.77  9.55 10.44  8.93  8.11
traj-81:
24.62 23.41 22.83 21.06 19.89 18.74 17.00 16.71 15.00 14.71 12.79 11.72 10.62  9.81  8.01
 1.26  2.81  3.06  3.16  3.18  3.26  3.47  3.50  3.75  3.80  3.83  5.16  6.45  7.86  8.71
traj-82:
23.03 23.55 23.88 24.26 24.52 24.64 24.71 24.45 24.37 24.13 23.85 24.31 24.90 24.19 23.66 23.04 22.01 20.68 19.55 18.60 17.23 15.35 13.84 12.25 10.73  9.26
 1.30  2.90  4.22  5.64  6.83  8.11  9.62 11.18 11.88 13.85 14.58 16.32 17.52 19.01 19.52 20.80 21.76 21.97 21.72 21.45 21.33 21.40 21.83 22.32 22.85 23.50
traj-83:
24.86 24.89 25.06 25.12 25.29 25.41 27.39 28.55 30.02 31.17 32.10 32.14 32.13 32.15 32.16 32.17 32.12 32.11 32.09 32.23 32.39 32.60 33.28 33.90
 1.64  3.39  4.97  6.58  7.62  8.68  8.67  8.77  8.81  8.86 10.33 11.80 13.54 14.99 16.43 17.86 19.84 21.58 23.25 24.80 25.98 27.75 28.77 29.84
traj-84:
25.66 24.42 23.15 21.43 21.13 19.37 17.64 16.47 15.31 13.83 12.14 11.29 10.06  9.63  8.48  7.13  9.05 10.81 11.40
 1.67  2.23  2.81  3.11  3.16  3.39  3.58  3.59  3.56  3.57  3.91  4.21  5.66  6.18  7.55  8.68  8.73  8.87  8.97
traj-85:
24.86 24.43 24.27 24.69 25.45 25.18 24.71 24.30 23.88 23.98 24.50 25.33 25.21 24.54 23.80 23.14 21.82 20.39 18.89 17.38 16.42 14.99 14.00 12.01 10.46  9.09  7.23  6.21
 1.41  3.31  4.83  6.23  7.97  9.79 10.74 11.75 12.16 14.09 14.71 16.45 17.32 19.15 20.47 21.26 21.63 21.78 21.62 21.06 20.56 20.31 20.92 21.05 21.31 21.68 22.40 22.85
traj-86:
24.78 24.70 24.70 24.70 24.76 26.50 28.27 29.44 31.19 32.13 32.05 32.09 32.16 32.14 32.08 32.07 32.06 32.14 32.06 32.09 32.15 32.13 32.18 32.35 32.54 32.99 33.45
 1.70  3.38  4.35  5.54  7.48  8.24  8.37  8.40  8.26  9.82 11.34 12.88 14.42 16.14 17.02 18.74 20.49 21.80 23.27 23.85 25.30 26.41 27.85 28.55 30.16 31.65 33.07
traj-87:
23.98 23.79 23.46 21.73 20.01 19.42 17.67 16.19 15.01 13.58 12.11 10.47  8.63  7.77  5.95  4.40
 0.59  2.19  2.53  3.23  3.25  3.28  3.45  3.55  3.64  3.80  4.78  5.81  6.31  6.10  5.44  5.10
traj-88:
25.59 25.22 24.83 24.67 24.25 24.03 23.78 24.02 24.18 24.47 24.02 23.51 24.45 24.62 24.43 24.00 22.85 20.91 19.31 17.70 16.63 15.74 13.83 13.02 11.06  9.14
 0.69  2.03  3.53  4.39  5.82  6.32  8.13  8.95 10.92 12.06 13.76 15.66 17.38 17.63 19.42 20.47 21.97 21.97 21.75 21.52 20.78 20.16 20.05 20.09 20.32 20.81
traj-89:
25.38 25.14 24.47 24.69 25.04 25.45 25.62 27.57 28.46 29.92 31.11 32.15 32.12 32.10 32.06 32.01
 0.45  1.10  2.88  3.96  5.28  7.19  8.26  8.31  8.35  8.44  8.50  9.38 10.45 11.64 12.94 13.81
traj-90:
23.10 22.92 21.01 19.26 18.10 16.34 14.58 13.98 12.36 10.72
 1.81  3.64  3.24  3.30  3.55  3.71  3.80  3.81  4.96  5.88
traj-91:
23.79 23.97 24.09 24.20 24.41 24.58 24.69 25.00 25.01 24.92 25.03 25.08 24.89 24.53 23.23 21.51 20.26 18.87 17.12 16.07 14.73 13.51 11.86
 1.35  2.11  4.00  5.73  7.69  8.68  9.70 11.53 13.24 14.11 15.72 17.30 19.23 20.56 21.08 21.50 21.77 22.05 21.13 20.46 19.44 18.93 18.38
traj-92:
23.34 23.42 23.67 23.84 24.07 24.28 24.38 26.18 28.11 29.87 31.04 32.10 32.25 32.28 32.60
 0.98  1.60  3.57  4.76  6.48  7.69  8.86  8.94  8.67  8.82  8.90 10.55 12.26 13.58 15.37
traj-93:
25.10 24.18 22.92 21.22 19.47 18.59 16.83 16.53 14.77 13.30 11.69 10.91  9.75  9.60  7.69  6.01
 1.49  2.14  3.05  3.43  3.60  3.64  3.74  3.76  3.88  3.92  4.51  5.48  6.79  7.04  7.32  7.72
traj-94:
23.60 24.07 24.25 24.70 25.06 24.95 24.82 24.69 24.45 24.43 24.33 24.14 24.22 24.43 23.93 22.50 20.52 18.73 17.61 15.89 13.95 12.35 11.04  9.15  7.45  5.78
 1.65  3.23  4.04  5.56  6.85  8.48  9.54 10.77 12.39 13.51 15.50 17.39 17.52 19.41 20.08 21.43 21.65 21.34 21.22 20.77 21.10 21.49 21.84 22.22 22.48 22.60
traj-95:
25.19 24.88 23.62 23.79 23.88 24.18 25.55 27.52 28.42 29.60 31.08 32.20 32.64
 0.64  1.20  2.64  4.13  5.89  7.22  8.25  8.12  8.15  8.21  8.31  9.50 10.08
traj-96:
25.75 25.52 23.99 22.80 21.04 20.15 18.95 17.76 16.01 14.53 13.01 11.57 10.35  9.83  8.07  6.92  5.02
 1.31  1.85  3.09  3.10  3.12  3.13  3.12  3.14  3.29  3.45  3.81  4.49  5.97  7.10  7.40  7.74  8.13
traj-97:
23.95 23.89 24.18 24.53 24.72 24.77 24.76 24.56 24.94 25.24 25.55 25.54 25.44 24.46 23.25 21.28 19.58 17.79 15.88 15.31
 1.09  2.05  4.00  5.80  7.21  8.49 10.22 11.83 13.31 14.43 16.38 17.78 19.67 21.14 21.55 21.61 21.51 21.52 21.60 21.64
traj-98:
25.37 24.78 23.91 24.08 24.19 24.66 26.01 27.92 28.22 29.97 31.13 32.06 32.33 32.54 32.94
 1.24  2.08  3.64  5.14  6.86  7.73  8.39  8.43  8.45  8.42  8.38  9.94 11.11 12.87 14.70
traj-99:
24.44 24.09 23.26 22.34 20.71 19.57 17.84 17.55 15.81 14.36 13.49 11.70 10.36  9.82
 0.83  2.45  4.19  3.94  3.78  3.66  3.55  3.60  3.59  3.56  3.61  4.45  5.10  5.31
traj-100:
25.68 24.42 24.29 24.07 24.02 23.94 24.32 24.65 24.68 24.60 24.62 24.69 24.43 23.82 23.50 23.37 21.62 19.92 18.57 17.07 16.20 14.37 13.51 12.17 10.64  9.83  8.39  7.26
 1.00  2.37  3.25  5.01  5.84  7.71  9.02 10.76 12.39 13.81 15.07 17.03 17.53 19.07 20.52 21.05 21.61 21.58 21.38 21.33 21.16 20.43 20.50 20.48 20.19 19.85 19.68 19.89
traj-101:
24.40 24.59 24.97 24.76 24.99 26.71 28.21 29.67 30.56 32.28 32.33 32.27 32.24 32.21 32.19 32.23 32.18 32.15 32.00 32.05 32.09 32.09 32.07
 1.54  2.45  4.33  6.25  7.15  8.01  8.09  8.23  8.33  8.69 10.53 11.38 13.22 13.52 15.37 17.24 17.51 19.25 20.89 22.33 24.07 25.23 26.71
traj-102:
25.32 24.72 23.65 23.02 21.28 20.70 18.92 17.45 16.32 14.43 12.66 12.73
 0.43  1.09  2.08  2.52  3.15  3.26  3.37  3.40  3.45  3.42  3.35  3.06
traj-103:
23.93 24.53 25.08 25.15 25.00 24.98 24.89 24.56 24.98 25.21 25.16 25.02 24.80 24.32 23.57 22.16 21.65 19.69 19.00 17.02 15.78 13.82 12.56 11.17  9.96  8.44  7.28
 1.15  2.08  2.95  4.38  6.37  8.18  9.48 10.76 12.61 13.43 15.34 16.30 18.27 19.18 20.39 21.11 21.15 21.34 21.37 21.22 20.00 19.74 19.42 19.04 18.79 18.51 18.37
traj-104:
24.99 24.91 24.92 24.96 24.97 25.66 27.13 28.31 29.49 31.31 32.76 32.93 33.24 33.50 33.89 34.11 34.27 34.44 34.71 34.81 35.14
 0.48  2.15  3.41  5.32  6.88  8.36  8.47  8.58  8.65  8.99  9.47 10.97 12.41 14.18 15.52 16.47 18.27 19.44 20.97 22.72 24.23
traj-105:
25.16 24.88 23.24 21.46 20.87 19.46 17.72 16.29 14.53 13.52 12.17 11.39  9.81  8.28  7.41
 1.03  1.57  2.41  3.00  3.12  3.42  3.58  3.50  3.58  3.62  4.98  6.56  7.34  8.15  8.30
traj-106:
25.46 24.77 23.37 23.64 24.03 24.17 24.53 24.53 24.48 23.85 23.61 23.43 23.93 24.22 24.19 24.13 23.01 22.71 20.76 19.31 17.45 15.52 14.74 13.18 11.80 10.76  8.86  7.07  6.77
 1.97  2.63  3.77  4.91  6.33  7.11  8.72  9.46 10.74 12.07 12.25 14.08 15.10 16.83 18.17 19.66 21.10 21.11 21.40 21.46 21.07 20.56 20.11 19.27 19.00 18.98 19.00 18.33 18.31
traj-107:
25.61 24.48 23.90 23.90 24.43 24.77 25.41 26.64 28.57 29.73 31.20 32.09 32.10 32.12 32.15 32.15 32.15 32.15 32.10 32.10 32.11 32.12 32.09 32.10 32.06
 1.92  2.96  4.68  4.98  6.64  7.32  8.32  8.30  8.13  8.12  8.11  9.61 10.19 11.67 13.45 14.30 16.05 18.02 19.45 20.33 21.82 23.65 24.25 26.07 27.27
traj-108:
24.51 23.20 22.05 21.47 20.02 18.55 17.08 15.62 14.45 13.59 11.98 10.97  9.43  8.56
 1.03  2.44  3.39  3.44  3.55  3.64  3.74  3.84  3.90  3.92  4.53  5.10  4.41  3.60
traj-109:
24.15 24.20 24.37 24.43 24.43 24.34 24.23 24.26 24.28 24.55 24.68 24.29 23.30 23.96 24.25 24.37 23.11 21.69 20.80 19.04 17.86 16.58 15.06 14.05 13.39
 1.49  2.07  3.57  5.25  5.79  6.89  7.74  9.64 10.68 12.61 13.51 15.08 16.80 18.29 19.04 20.81 21.60 21.60 21.57 21.57 21.54 21.55 20.70 19.57 18.62
traj-110:
24.78 24.73 24.77 24.86 24.92 25.45 26.61 27.76 28.94 30.40 31.26 32.21 32.41 32.65 32.66 32.41 32.37 32.19 32.23 32.21 32.48 32.51 32.96
 1.54  2.35  3.91  5.49  6.59  8.05  8.16  8.24  8.29  8.48  8.60  9.92 11.77 13.14 14.33 16.06 17.27 18.96 20.68 21.11 23.07 24.21 26.04
traj-111:
25.75 24.76 24.56 23.04 22.22 20.46 18.70 17.26 16.68 14.93 13.47 12.40 11.37  9.83  8.36  7.38  6.33  4.46  4.18
 0.53  2.01  2.24  3.50  3.77  3.71  3.56  3.56  3.55  3.58  3.75  3.92  4.69  4.95  5.11  5.15  5.06  5.16  5.05
traj-112:
25.10 25.22 24.79 24.97 25.03 25.26 25.46 25.35 25.15 25.04 24.49 24.25 23.95 24.05 24.22 23.72 22.47 21.33 19.78 19.21 17.56 15.80 14.77 12.86 12.10 10.43  9.59  7.78
 1.05  1.32  3.17  3.84  4.43  6.39  8.21  9.09 10.92 12.89 13.54 15.48 16.58 18.54 18.80 20.57 21.04 21.11 21.33 21.47 21.29 20.46 19.77 19.27 19.43 19.68 19.95 20.50
traj-113:
23.27 24.24 24.97 24.94 24.57 24.25 24.76 26.68 28.58 30.34 32.04 32.23 33.97 34.81
 1.98  2.79  3.48  4.75  5.94  6.98  8.66  8.52  8.54  8.78  9.34  9.76 10.65 10.45
traj-114:
25.58 24.55 23.19 22.11 21.65 20.20 19.04 17.25 16.67 14.94 13.77 12.52 11.51 10.59  9.16  7.76  6.34  4.65
 0.73  1.47  2.48  3.30  3.28  3.38  3.51  3.66  3.70  3.76  3.83  4.62  6.24  7.86  8.05  8.17  8.27  8.43
traj-115:
23.52 23.90 24.07 24.58 25.00 25.09 25.53 25.66 25.09 24.84 24.69 24.40 23.96 23.71 23.44 22.15 20.93 20.53 18.65 17.00 15.69 13.87 13.10 11.67 11.07
 0.95  2.67  3.04  4.97  6.69  7.05  7.80  9.18 10.60 12.21 13.09 15.06 16.91 18.87 20.18 21.21 21.48 21.66 22.21 22.33 22.79 23.47 23.68 23.83 23.86
traj-116:
25.01 24.43 24.72 25.08 26.61 28.39 29.28 30.75 32.04 32.90 34.21 34.61 35.14
 1.87  3.53  5.47  7.29  8.42  8.63  8.74  8.87  9.49  9.94 11.32 12.02 13.02
traj-117:
24.34 24.09 23.23 21.27 19.51 18.06 16.58 14.82 13.72 12.85 12.74
 1.27  1.52  3.32  3.52  3.51  3.54  3.53  3.62  3.79  5.38  6.83
traj-118:
24.75 24.90 24.99 24.67 24.51 24.30 24.91 24.88 25.03 25.10 24.99 25.12 25.13 24.19 23.02 21.16 19.38 17.62 16.23
 1.46  2.53  3.93  5.77  6.59  8.33 10.21 10.96 12.37 14.30 16.00 17.85 19.04 20.63 21.39 21.87 21.79 21.62 20.60
traj-119:
24.75 24.52 24.39 24.41 24.29 24.18 25.53 27.46 29.22 30.98 32.16 33.48 34.97 35.18
 1.17  2.11  3.94  4.50  6.26  7.95  8.50  8.53  8.57  8.52  8.48  8.61  8.69  8.47
traj-120:
24.57 23.28 22.42 20.71 19.24 18.66 17.17 15.70 14.82 12.91 12.20 10.67  9.61  7.64  5.74
 1.98  3.22  3.63  3.80  3.82  3.83  3.81  3.79  3.78  3.96  4.43  5.19  5.64  5.59  5.22
traj-121:
24.76 24.46 24.69 25.20 25.48 25.68 25.68 25.62 25.57 25.41 25.20 25.07 25.05 24.45 23.82 23.39 21.52 20.48 18.92 17.51 15.91 15.13
 0.91  1.87  3.64  5.13  6.56  7.59  9.56 10.73 11.80 13.37 15.27 17.09 17.39 18.99 20.29 20.70 21.19 21.20 21.12 21.08 20.52 20.34
traj-122:
24.92 25.00 24.99 25.00 25.01 25.69 25.96 27.44 28.33 29.50 31.25 33.04 33.26 34.58 35.57 35.48 35.41 35.68 35.81
 1.30  2.93  4.03  5.09  6.21  7.94  8.08  8.20  8.25  8.46  8.77  9.39  9.94 11.17 12.72 14.50 15.68 17.34 18.00
traj-123:
24.12 24.04 23.23 21.53 20.38 18.93 18.06 16.89 15.14 13.36 11.93 10.36  9.10  7.41  6.72
 0.67  2.05  3.31  3.67  3.84  3.73  3.71  3.65  3.71  3.81  3.76  3.94  4.00  4.11  4.19
traj-124:
25.76 25.67 25.44 25.18 24.85 25.04 24.98 25.09 25.04 25.06 24.93 24.49 23.72 22.59 20.99 19.61 17.73 16.04 15.04 13.33 11.93 10.24  9.49  8.00  6.36  5.19
 0.82  2.65  4.58  5.63  7.33  9.20 11.02 12.44 14.34 15.41 16.57 18.34 20.06 21.26 21.61 21.67 22.12 21.78 21.45 21.29 21.94 22.64 22.94 23.68 24.27 24.48
traj-125:
23.32 23.48 23.90 24.50 24.47 24.49 25.51 27.24 28.77 30.26 32.01 32.12 32.12 32.15 32.17 32.18 32.58 33.07 33.53 34.34 35.15
 1.00  1.78  3.03  4.69  6.38  8.19  8.42  8.65  8.61  8.72  8.97 10.64 12.02 12.90 14.24 15.67 16.86 18.16 19.52 20.44 21.56
traj-126:
25.48 24.64 23.25 21.78 21.20 19.44 18.84 17.37 16.20 14.44 13.85 11.99 11.17 10.13  9.65  8.14  7.59
 1.34  1.91  2.93  3.14  3.14  3.14  3.16  3.19  3.35  3.52  3.57  4.23  5.15  6.23  7.12  8.35  8.43
traj-127:
23.49 24.09 24.38 24.37 24.73 25.56 25.48 25.32 25.16 25.15 25.38 24.49 23.26 21.57 20.20 18.29 17.25 15.44 15.04 13.05 11.24
 1.61  3.39  5.08  5.93  7.71  9.41 11.09 12.74 14.72 16.38 18.13 19.88 20.81 21.30 21.30 21.30 21.26 20.60 20.33 20.42 20.94
traj-128:
24.23 24.42 24.66 24.62 24.99 26.78 27.68 29.43 30.03 31.98 33.33 32.79 32.66 32.81 33.21 33.43 33.71
 1.39  3.09  4.72  5.79  7.51  8.20  8.23  8.14  8.14  8.51  9.46 11.27 12.04 13.49 15.03 15.83 17.52
traj-129:
25.10 24.80 23.07 21.33 19.87 18.41 16.66 14.90 13.46 12.32 11.47
 1.84  1.90  2.56  3.15  3.39  3.43  3.62  3.77  3.94  5.15  6.58
traj-130:
24.75 24.50 24.17 24.31 24.60 25.09 24.64 24.28 24.21 23.76 24.02 24.41 24.93 24.55 23.01 22.71 20.73 19.05 18.75 16.97 16.16 14.47 13.96
 1.31  2.94  4.24  5.40  7.21  8.98 10.28 12.05 12.48 14.04 15.55 17.22 19.02 20.87 21.81 21.79 21.79 22.08 22.10 22.60 22.81 23.28 23.33
traj-131:
24.57 24.37 24.13 24.20 24.22 24.51 25.09 26.81 27.41 28.88 30.03 31.18
 0.73  1.74  3.48  5.16  7.04  8.18  9.36  8.43  8.50  8.68  8.68  8.69
traj-132:
24.47 23.36 23.24 21.47 19.71 18.54 17.38 15.90 14.14 13.84 12.82 11.99 11.43
 1.00  2.04  2.32  3.15  3.29  3.39  3.42  3.45  3.65  3.70  4.77  6.24  7.21
traj-133:
24.35 24.39 24.36 24.42 24.52 24.75 24.99 25.44 25.41 25.17 24.71 24.26 23.80 23.12 22.07 21.78 20.04 18.28 16.68 15.03 13.16 11.80 10.30  8.67  7.56
 1.67  3.08  4.73  5.87  7.16  8.38  9.66 10.64 12.32 14.24 15.97 17.45 19.38 20.75 21.49 21.58 21.71 21.60 21.75 21.68 21.74 21.58 21.61 21.93 22.80
traj-134:
25.60 25.15 24.79 25.04 25.24 25.36 26.79 28.45 29.31 31.08 32.20 32.40 32.54 32.55 32.97 33.32 33.91 34.12 34.33 34.53 34.69
 1.09  1.95  3.78  4.91  6.67  7.45  8.26  8.13  8.10  8.02  9.35 11.20 12.35 14.06 15.33 16.11 17.70 18.45 20.34 22.00 23.04
traj-135:
25.65 24.59 22.75 21.26 20.37 18.63 18.04 16.29 14.84 13.05 12.75 11.03  9.49
 1.60  3.24  3.94  3.89  3.87  3.86  3.88  3.88  3.84  3.88  3.92  4.88  5.41
traj-136:
25.74 25.69 25.24 25.36 25.45 25.44 25.41 25.28 24.71 24.46 24.14 24.10 24.58 25.13 25.04 23.88 22.29 20.67 19.32 17.40 15.45 13.79 12.89 11.56 10.58  9.60  8.40  6.85  5.24
 1.03  1.33  3.24  4.12  6.08  6.93  8.25 10.22 11.92 12.08 12.57 14.43 15.62 17.06 18.81 20.39 21.46 22.13 22.11 21.99 21.59 21.03 21.18 21.44 21.84 22.49 23.30 23.95 24.69
traj-137:
25.57 25.25 24.95 24.79 25.12 26.72 27.02 28.73 29.03 30.78 32.26 33.03 32.54 32.47 32.65 32.87 33.15
 1.99  2.80  4.60  5.99  7.67  8.80  8.77  8.42  8.37  8.32  8.93 10.69 12.53 13.64 14.59 16.10 16.88
traj-138:
24.90 23.64 22.20 20.44 18.65 17.21 16.01 14.83 13.70 12.00 10.61  9.75  8.77  7.32  6.20  4.29
 1.16  2.61  3.72  3.86  3.96  3.95  3.95  3.93  3.89  4.62  5.54  6.27  7.31  7.38  7.06  6.95
traj-139:
23.59 23.86 24.05 24.02 23.85 23.85 23.75 24.04 24.36 24.61 24.61 24.48 24.42 24.27 22.98 21.13 20.53 19.02 18.15 16.23 14.81 13.63
 1.24  2.20  4.04  5.67  7.45  9.11 10.11 11.18 13.06 14.82 15.93 17.45 19.21 19.97 21.25 21.54 21.49 21.67 21.84 22.33 23.11 23.69
traj-140:
25.07 24.87 24.67 24.37 24.96 25.32 26.37 27.24 28.71 30.33 31.22 32.07 32.11 32.13 32.16 32.16 32.52 33.24 33.93 34.63 35.01
 1.18  1.87  3.69  5.58  7.23  7.99  8.58  8.64  8.66  8.66  8.70 10.39 11.47 12.83 14.64 16.18 18.06 19.49 20.95 22.59 23.71
traj-141:
25.68 25.49 24.27 23.52 21.56 20.10 18.31 16.55 15.37 13.59 12.54 12.32 11.36 10.24  8.60
 0.93  1.36  2.44  2.72  3.02  3.10  3.26  3.45  3.51  3.62  4.76  5.57  7.13  7.73  8.36
traj-142:
23.21 23.92 24.28 24.28 24.33 24.22 23.94 24.08 24.51 24.76 24.81 24.77 24.72 24.50 23.61 21.71 20.47 19.20 18.45 16.55 15.37 14.06 12.43 10.50 10.23  8.47  6.60  5.51
 1.12  2.79  4.36  4.57  6.45  8.08  9.83 11.06 12.74 14.38 16.04 17.10 18.84 19.52 21.13 21.66 21.58 21.56 21.55 21.51 21.60 21.79 21.94 21.91 21.78 21.51 21.94 22.72
traj-143:
24.98 24.51 24.44 24.74 25.03 26.64 27.50 29.26 30.16 31.57 32.05 32.20 32.53 32.77 32.96 33.52 33.53
 1.28  3.13  4.04  5.39  7.18  8.30  8.33  8.28  8.25  8.74  9.50 11.24 12.58 14.49 15.19 16.95 17.54
traj-144:
24.52 23.57 22.81 20.90 19.47 17.71 15.95 14.79 13.33 12.74 11.88 10.70  9.15  8.42  6.86  6.28  4.83
 1.92  2.61  3.18  3.39  3.33  3.38  3.43  3.62  3.75  4.09  4.56  5.39  6.64  6.98  8.10  8.19  8.38
traj-145:
24.56 24.44 24.11 24.27 24.33 24.51 24.63 24.96 24.93 24.80 25.04 25.01 25.02 24.87 24.95 23.82 22.26 21.36 19.76 17.79 16.38 16.11 14.38 12.66 11.09  9.85
 0.79  1.07  2.90  4.74  5.83  7.18  8.72 10.09 10.90 12.81 14.15 16.09 16.55 18.23 18.85 20.47 21.47 21.35 21.20 21.10 21.07 20.93 21.22 22.15 22.94 23.50
traj-146:
25.07 24.89 24.42 24.18 24.38 24.48 24.65 24.94 26.54 28.30 30.09 30.68 32.33 33.81 34.40 34.61
 0.63  0.87  2.68  4.20  5.17  6.30  7.39  8.82  8.78  8.79  8.75  8.75  9.42 10.11 11.52 12.34
traj-147:
25.60 24.54 23.01 21.40 19.91 18.44 16.67 16.08 14.31 13.72 12.77 12.59 11.39 11.04 10.09  8.85  7.03  5.14
 1.22  2.52  3.01  3.32  3.36  3.37  3.37  3.35  3.52  3.64  4.27  4.51  5.84  6.16  7.63  7.62  7.61  7.41
traj-148:
24.09 23.95 23.84 24.05 24.39 24.35 24.36 24.34 24.33 23.77 23.71 23.49 23.37 23.00 21.54 19.59 18.16 16.24 14.27 12.71
 1.83  3.72  5.34  6.64  8.42 10.38 12.37 13.02 13.95 15.86 17.10 19.08 19.48 21.34 21.52 21.60 21.72 21.54 21.25 20.99
traj-149:
23.64 23.99 24.20 24.56 24.79 25.91 25.92 27.40 29.20 30.95 31.25 32.14 32.60
 0.52  1.64  3.07  4.48  6.41  7.98  8.28  8.25  8.46  8.77  8.82 10.21 11.70
traj-150:
24.92 23.48 23.02 21.28 20.99 19.82 18.08 17.21 15.44 13.96 12.21 10.46  9.87  7.95  6.81
 1.65  2.69  2.89  3.42  3.48  3.68  3.64  3.64  3.68  3.80  3.71  3.61  3.69  3.72  3.61
traj-151:
24.96 24.72 24.67 24.77 24.93 25.54 25.68 25.42 25.26 25.05 25.05 25.07 25.11 24.64 23.05 21.30 19.67 18.41 16.80 15.55 14.30 13.02 11.64
 1.56  2.95  4.64  6.58  7.43  9.02 10.17 12.09 13.19 15.13 15.91 17.36 18.62 20.55 21.39 21.56 21.77 21.62 20.56 19.02 19.08 19.26 19.32
traj-152:
25.26 25.56 25.67 25.69 25.43 25.08 25.00 26.47 27.79 29.26 31.03 32.17 32.11 32.09 32.03 32.00 32.03 32.07 32.10 32.11 32.05 32.43 32.63 33.34 33.31 33.98 34.60 35.18
 1.10  1.10  1.38  3.35  4.50  6.14  7.24  8.30  8.11  8.26  8.53 10.09 11.56 12.98 14.93 16.62 17.24 18.70 19.88 21.61 22.51 23.99 25.00 26.75 27.65 29.02 30.26 31.52
traj-153:
23.56 23.17 21.41 20.82 19.04 17.90 16.15 14.69 12.84 11.99 10.12  9.56  8.24  7.76  5.85  4.69
 1.35  2.41  3.14  3.17  3.26  3.32  3.38  3.38  3.59  4.07  4.21  4.41  5.91  7.07  7.40  7.59
traj-154:
25.57 25.64 25.61 25.27 24.89 24.61 24.37 24.38 23.76 23.33 23.44 24.19 24.16 24.05 23.45 23.23 23.13 21.37 21.02 20.18 18.61 17.31 15.85 15.32 13.54 12.75
 0.76  2.54  2.84  4.55  6.35  7.37  9.26 10.60 12.07 13.99 14.67 15.82 17.69 18.15 19.81 20.00 20.29 21.08 21.50 21.57 22.15 22.82 23.78 24.03 24.77 24.96
traj-155:
23.63 24.06 24.42 24.71 24.77 26.40 27.85 28.72 30.49 32.15 32.51 33.02 32.45 32.23 32.14 32.40 32.52 32.55 32.36 32.41 32.22 32.28 32.66 33.29 34.09 34.77
 1.51  3.32  4.41  6.28  7.35  8.12  8.21  8.23  8.34  9.15 10.10 11.51 13.37 14.91 16.08 17.45 19.40 19.99 21.75 23.22 24.99 26.94 28.45 29.62 30.56 31.98
traj-156:
23.30 23.06 22.36 21.80 20.05 19.75 17.97 17.67 15.91 14.74 13.90 12.21 10.89  8.99
 1.43  2.94  3.54  3.64  3.81  3.83  3.92  3.92  3.90  3.89  3.89  4.83  5.53  5.17
traj-157:
23.47 23.71 24.02 24.05 24.06 24.15 24.14 24.24 24.13 23.34 23.30 23.59 24.42 24.07 23.63 22.16 20.28 18.45 17.61 16.09 15.85 14.34 12.42 10.48  8.85  7.21  6.20
 0.69  2.48  3.80  5.39  6.99  8.85  9.61 11.45 11.83 13.65 15.39 16.13 17.58 19.30 20.65 21.94 21.76 21.35 21.20 20.20 20.02 19.09 19.24 19.61 19.85 19.85 19.83
traj-158:
23.36 23.69 24.43 24.96 24.97 25.59 27.06 28.84 30.02 31.21 32.19 32.14 32.06 32.05 32.01 32.06 32.09 32.87 33.66 33.44
 1.14  2.57  4.34  5.72  6.40  8.11  8.14  8.32  8.49  8.67 10.19 12.11 13.83 14.95 15.85 17.79 18.39 20.19 21.91 23.46
traj-159:
25.26 24.31 22.91 21.74 19.97 18.22 17.34 15.59 13.84 11.97 10.29  8.74  7.11  6.70
 1.86  2.39  3.50  3.54  3.63  3.70  3.75  3.86  3.97  4.57  5.50  6.58  7.64  7.79
traj-160:
24.91 24.26 24.28 24.24 24.19 24.40 25.17 25.44 24.44 24.53 24.77 24.91 24.56 23.50 23.04 22.59 21.66 21.00 19.13 18.27 16.81 15.04
 1.80  3.57  4.77  6.14  7.44  8.56 10.22 12.19 13.88 15.86 16.04 16.33 18.17 19.65 20.64 21.04 21.48 21.63 22.08 22.07 22.21 23.15
traj-161:
23.22 23.86 24.10 24.79 25.50 25.75 26.47 27.06 28.51 29.67 31.33 32.66 33.45 33.56 34.02 34.49 35.72 36.00
 1.05  2.70  3.47  5.14  6.93  7.70  8.16  8.24  8.51  8.70  8.95 10.31 11.99 12.98 14.23 15.91 14.51 13.08
traj-162:
25.35 24.61 23.39 21.68 20.79 19.37 17.88 16.13 14.39 13.04 11.53
 1.87  2.26  2.85  3.27  3.36  3.51  3.65  3.75  3.63  3.93  3.99
traj-163:
23.08 23.97 24.57 24.57 24.40 24.44 24.42 24.59 24.62 24.85 24.87 24.93 25.08 25.03 23.97 23.24 21.53 19.88 18.34 17.18 15.35 13.92 12.79 11.50 10.76  9.04  7.84  6.74
 1.79  2.86  4.52  5.06  6.70  8.49  9.35 10.27 11.94 13.75 14.87 15.92 17.86 18.70 20.19 20.65 21.36 21.50 21.61 21.41 21.33 21.29 21.26 21.69 21.99 22.87 23.37 23.84
traj-164:
25.43 24.93 24.98 24.99 24.93 25.86 26.46 28.16 29.05 30.78 31.08 32.19 32.07 32.20 32.99 33.47
 1.24  3.15  3.73  5.49  7.11  8.56  8.59  8.36  8.42  8.58  8.62 10.15 11.48 13.36 15.11 16.45
traj-165:
24.25 23.16 21.33 19.59 18.11 16.36 14.61 13.47 12.12 12.03 11.97 10.37 10.07  8.37  6.82  6.00
 1.61  2.64  3.25  3.29  3.25  3.18  3.27  3.41  4.85  6.65  6.95  8.05  8.03  7.89  7.51  7.33
traj-166:
24.92 24.27 24.27 24.40 24.65 24.85 25.11 25.05 24.88 24.82 24.69 24.65 24.75 24.36 22.69 20.92 19.61 18.40 17.30 15.74
 1.33  2.04  3.88  5.60  7.28  8.47 10.02 11.41 13.30 14.24 15.55 17.23 18.97 20.62 21.11 21.12 21.21 21.31 21.34 20.31
traj-167:
24.20 24.09 24.23 24.92 24.34 24.07 24.46 25.65 26.36 28.23 28.77 30.50 32.07 32.34
 1.05  2.20  4.14  5.95  7.82  9.71 10.78  9.69  8.83  8.55  8.55  8.42  7.67  7.52
traj-168:
24.22 23.28 22.15 20.43 19.26 17.50 16.62 14.89 13.53 11.83 10.41  9.37
 1.03  2.65  3.61  3.61  3.72  3.73  3.68  3.67  3.77  4.54  4.44  4.14
traj-169:
25.32 25.07 24.45 23.70 23.87 24.46 24.86 25.04 25.18 25.03 25.00 25.04 25.19 24.39 23.21 22.02 20.72 19.27 18.09 16.12 14.38 13.60 11.64  9.91  8.57  7.18  6.93
 0.45  1.47  2.76  3.89  5.70  7.33  9.09 10.93 12.57 14.24 15.09 16.59 18.02 19.77 21.01 21.23 21.42 21.58 21.69 21.74 22.00 22.03 22.24 22.39 22.68 23.95 24.12
traj-170:
25.30 25.16 25.09 25.02 24.98 25.70 27.49 29.28 30.45 32.32 32.65 33.00 33.30 33.42 33.90 33.82 33.85 34.03 34.25 34.53 34.69 34.89 35.00 35.21
 1.58  2.97  4.89  5.92  6.89  8.64  8.74  8.77  8.78  9.00 10.87 12.36 13.79 14.33 15.76 17.10 19.02 20.72 22.44 23.61 24.85 26.11 28.05 29.51
traj-171:
24.76 24.19 23.06 22.00 20.76 19.00 17.26 16.37 14.62 12.90 12.60 12.28 10.69
 1.41  1.88  2.65  3.06  3.35  3.55  3.53  3.50  3.45  3.41  3.44  3.81  3.92
traj-172:
24.86 24.72 24.02 24.22 24.41 24.92 25.14 25.03 24.85 24.83 24.68 24.31 24.07 23.33 24.01 24.40 23.04 22.75 20.91 18.94 17.28 16.14 14.47 12.56 11.97
 0.55  1.19  2.87  4.70  5.79  7.52  9.17  9.59 11.47 11.77 13.67 15.10 15.28 17.04 18.63 19.68 21.02 21.07 21.42 21.29 21.15 20.14 19.28 18.84 18.98
traj-173:
23.34 23.38 23.44 23.50 23.61 24.29 25.34 26.70 28.46 29.32 30.76 31.92 33.85
 0.47  1.41  2.78  4.50  6.05  7.93  8.69  8.81  8.87  8.80  8.68  8.56  8.32
traj-174:
25.73 24.43 23.08 21.32 20.15 18.40 17.52 16.09 15.21 13.74 12.28 10.88 10.59  9.19  7.41  6.55  4.91  4.06
 1.35  2.19  3.09  3.92  3.87  3.77  3.78  3.81  3.82  3.86  4.85  5.98  6.66  7.13  7.71  7.60  7.55  7.52
traj-175:
25.22 24.83 24.66 24.57 24.03 23.42 23.31 23.95 24.20 24.66 24.91 24.99 25.05 24.21 23.23 21.40 20.55 18.80 17.63 16.09 14.33 13.52 12.16 10.42  8.62  7.77  5.80
 1.61  3.29  4.98  5.74  7.42  8.79 10.07 11.72 12.50 13.97 14.63 16.37 18.02 19.48 20.86 21.67 21.66 21.45 21.30 20.29 19.35 19.42 19.55 19.62 19.70 19.72 19.94
traj-176:
23.63 23.99 24.07 24.38 24.83 25.80 26.66 28.11 29.84 31.03 32.16 32.07 32.24 32.21 32.16 32.12 32.18 32.22 32.24 32.82 33.31
 1.21  3.10  3.39  5.32  7.11  8.45  8.56  8.76  8.74  8.59  9.94 11.53 13.41 15.36 16.90 18.31 20.04 21.04 22.70 24.48 25.93
traj-177:
23.95 23.24 22.26 20.84 19.37 17.62 16.44 15.57 13.82 12.15 11.89 11.11  9.55  8.69  7.23  6.38  4.66  4.22
 1.99  2.48  3.32  3.52  3.65  3.74  3.71  3.74  3.77  4.70  5.24  6.89  8.12  8.08  8.05  8.08  8.11  8.13
traj-178:
25.54 25.54 25.30 25.48 25.63 25.69 25.64 25.77 25.79 25.82 25.85 25.85 25.84 25.84 25.45 24.69 23.48 22.34 21.30 19.63 18.72 17.31 15.53
 1.25  1.55  3.37  4.24  5.99  7.04  9.00 10.65 11.53 13.53 14.64 16.40 16.70 18.45 20.41 21.61 21.64 21.85 21.93 22.04 22.12 22.28 22.41
traj-179:
23.41 23.93 24.38 24.50 25.09 25.11 25.22 26.24 27.43 29.18 29.78 31.25 32.10 32.43 33.02 33.09
 1.03  2.70  3.71  3.99  5.89  6.19  7.91  8.44  8.48  8.55  8.60  8.82 10.34 11.11 12.96 13.52
traj-180:
24.06 24.38 23.57 22.03 20.85 20.01 18.58 16.81 15.66 13.70 12.52 11.53 10.72  8.82  8.13  6.98  6.29  5.33
 0.80  1.64  3.44  3.40  3.43  3.47  3.46  3.49  3.54  3.82  5.19  6.65  7.19  7.04  6.14  4.98  4.35  3.38
traj-181:
24.29 23.90 24.12 24.22 24.53 24.94 25.29 25.18 25.14 25.06 25.06 25.08 24.99 23.74 22.33 21.47 20.62 19.12 17.41 15.94 14.60 14.28 12.99
 1.11  3.00  4.94  6.41  8.17  9.78 11.17 12.82 13.86 15.61 16.72 18.26 19.81 20.57 21.39 21.81 21.91 21.66 21.41 21.10 22.09 22.84 24.10
traj-182:
23.71 23.69 23.77 23.76 23.95 24.21 24.96 25.23 26.73 27.88 29.33 31.11 32.02 32.10 32.14 32.19 32.58 33.10
 1.46  3.15  4.43  5.80  7.17  8.75  9.86  9.74  8.74  8.61  8.60  8.75 10.12 12.08 12.38 14.10 15.95 17.73
traj-183:
25.18 23.91 23.44 22.32 20.58 18.81 17.04 15.29 13.57 11.79 11.54  9.85  8.37  7.20  5.87  5.04
 0.65  1.84  2.30  3.08  3.34  3.41  3.39  3.39  3.62  4.39  4.57  5.51  5.03  4.66  4.21  3.99
traj-184:
24.71 23.89 23.87 24.20 24.66 24.93 24.76 24.86 24.78 24.39 23.97 23.88 23.67 23.32 23.08 21.96 21.39 19.81 19.29 17.49 16.22
 0.45  2.27  4.07  5.91  7.19  9.01 10.80 12.24 13.83 15.66 17.41 18.10 19.10 19.85 20.02 21.36 21.46 22.00 21.93 22.01 23.02
traj-185:
23.12 24.00 24.64 25.04 25.22 26.77 28.23 29.37 31.14 32.21 32.22 32.22 32.24 32.21 32.21 32.18 32.14 32.13 32.12 32.20 32.17 32.17
 1.06  2.84  4.21  6.09  7.53  8.39  8.44  8.52  8.63 10.19 10.75 12.67 14.37 16.29 17.65 19.12 21.00 22.44 24.10 25.46 27.38 28.27
traj-186:
23.89 23.72 22.13 20.69 18.94 17.22 15.43 13.53 12.00 11.35
 1.38  2.11  3.15  3.33  3.49  3.59  3.68  3.87  5.05  5.82
traj-187:
23.17 23.60 24.17 24.57 24.86 24.92 24.17 23.41 23.62 23.92 24.92 24.67 24.43 24.29 23.44 23.25 21.37 20.02 18.47 16.50 14.73 13.01
 0.42  0.73  2.17  3.62  5.05  6.44  8.19  9.95 11.66 13.54 14.98 16.86 18.37 19.16 20.97 21.20 21.82 21.98 22.15 22.34 23.01 23.76
traj-188:
24.92 25.09 25.28 25.36 25.51 25.41 25.35 26.90 27.79 29.36 31.14 32.28 32.73 33.97 35.20 35.31
 0.68  1.77  2.66  3.24  5.22  6.91  7.95  8.78  8.71  8.61  8.83 10.14 11.99 13.56 12.11 12.39
traj-189:
23.96 24.35 23.20 21.28 20.69 19.24 18.66 17.22 15.45 13.68 12.79 10.96 10.66  8.90  8.61
 1.36  2.38  3.93  3.44  3.49  3.52  3.51  3.57  3.54  3.52  3.52  3.70  3.72  3.45  3.38
traj-190:
25.22 24.88 24.79 24.29 24.20 24.19 24.11 24.03 23.77 23.56 23.88 24.02 24.30 24.23 23.43 22.37 21.87 20.10 18.32 16.38
 1.81  3.69  3.97  5.66  7.65  7.95  9.70 10.48 11.72 13.09 14.50 15.69 17.02 18.88 20.48 21.30 21.55 22.10 21.98 22.40
traj-191:
25.11 24.83 24.84 24.89 24.95 25.37 25.93 27.58 29.35 31.11 32.00 32.85 33.15 33.63 34.54 34.69 34.71 35.01 35.16 35.26 35.31
 0.95  2.63  4.55  4.85  6.74  8.10  8.31  8.14  8.05  8.21  9.96 11.39 13.33 15.27 16.94 18.41 18.97 20.93 22.39 23.58 25.38
traj-192:
25.65 25.17 23.40 21.59 20.69 19.22 17.75 16.86 15.13 13.93 12.81 11.76 10.97
 1.61  1.89  2.65  3.02  3.08  3.19  3.30  3.37  3.51  3.52  4.12  5.62  6.85
traj-193:
23.20 23.66 24.08 24.64 24.82 24.99 25.13 25.34 24.83 24.89 24.93 24.84 24.65 24.46 22.96 21.14 20.38 18.68 18.24 16.35 14.73 13.20 11.27 11.00
 0.69  2.58  4.22  5.70  6.71  8.11  8.95 10.74 12.62 13.92 15.35 17.21 18.82 20.12 21.10 21.59 21.75 22.12 22.09 21.93 21.46 21.36 21.44 21.56
traj-194:
24.66 24.44 23.91 24.21 24.64 26.37 28.14 29.56 31.03 32.06 32.19 32.28 32.51 33.11 33.69 34.57
 1.07  2.54  4.15  5.75  7.48  8.28  8.50  8.67  8.81 10.00 11.85 13.04 14.88 16.59 17.42 19.14
traj-195:
24.96 23.99 23.24 22.03 20.26 18.80 17.02 15.52 14.07 12.22 10.44  9.97
 0.52  2.05  2.89  3.94  3.88  3.85  3.84  3.83  3.74  3.99  4.37  4.59
traj-196:
25.54 25.20 24.67 24.20 24.06 24.40 25.07 25.32 25.26 25.17 25.11 25.07 25.24 25.14 25.20 24.24 23.25 21.55 20.15 18.23 17.93 16.31 15.89 13.99 13.50 11.61 11.17  9.56
 0.43  1.27  2.41  3.80  4.33  5.83  7.56  9.12 10.53 12.23 13.48 15.12 16.74 18.04 19.72 21.06 21.68 22.12 22.45 22.68 22.68 21.96 21.76 21.32 21.23 21.36 21.56 22.11
traj-197:
25.66 24.90 24.55 24.12 24.00 25.10 27.00 28.19 29.90 30.76 31.05 32.19 32.54 33.46 34.34
 1.97  3.67  4.92  6.46  7.01  8.58  8.16  8.19  8.58  8.78  8.88 10.39 11.09 12.79 14.36
traj-198:
23.66 23.01 21.68 19.91 18.17 17.87 16.13 15.53 14.05 12.70 11.16  9.29  7.56  5.67
 1.36  2.75  3.30  3.32  3.37  3.36  3.34  3.34  3.34  3.54  4.02  4.57  5.37  5.25
traj-199:
23.21 23.85 24.02 23.72 23.65 23.44 23.29 23.60 24.03 24.24 24.47 24.81 25.21 25.00 24.21 22.78 21.32 19.81 17.91 17.11 15.30 13.99 13.10 11.26 10.72  8.89  8.59
 0.99  2.51  4.32  5.82  6.95  8.30  8.80 10.63 12.36 13.75 14.74 16.53 18.42 20.08 21.17 21.26 21.38 21.49 21.53 21.30 22.05 22.15 22.53 23.23 23.37 24.12 24.16
traj-200:
23.50 23.62 23.85 24.04 24.22 24.13 25.69 26.55 28.32 30.08 31.48 33.13 34.85 35.02
 0.64  2.45  3.90  5.32  6.95  8.72  8.81  8.83  8.84  8.84  8.99  9.97 10.41 10.65
traj-201:
25.16 25.01 23.84 23.25 21.63 19.85 18.41 17.83 16.35 14.89 14.00 12.53 11.98 10.98 10.17  8.80
 0.83  1.09  2.56  2.69  3.06  3.31  3.51  3.58  3.73  3.88  3.96  4.96  5.65  5.52  4.52  3.26
traj-202:
24.50 24.61 24.81 25.10 25.33 25.14 24.94 25.15 25.27 25.30 25.21 25.08 24.42 24.05 23.91 23.86 22.73 20.85 19.23 17.83 16.11 15.28 14.68
 1.02  2.79  3.85  5.25  7.00  8.79 10.64 12.59 12.86 13.16 15.11 16.18 17.46 19.03 19.89 21.70 21.96 22.05 22.29 22.51 21.54 20.81 20.26
traj-203:
24.76 24.92 24.85 24.84 24.87 26.27 28.03 28.92 30.37 31.98 32.38 32.72 33.03 33.28 33.58 33.61 33.70 34.15 35.29 35.34 35.49 35.58 35.87 35.93
 1.45  3.41  5.28  6.56  6.98  8.13  8.23  8.21  8.25  8.92  9.72 11.41 13.11 15.06 16.89 18.62 20.27 21.81 20.30 20.00 18.25 17.06 15.32 15.03
traj-204:
23.05 23.21 23.48 22.46 20.55 20.25 18.52 16.79 15.06 13.16 12.26 10.58  9.01  7.56
 0.77  1.61  2.89  3.76  3.63  3.63  3.61  3.64  3.74  3.91  3.95  4.37  4.79  4.74
traj-205:
23.84 24.06 24.57 24.59 24.55 24.49 24.62 24.50 23.90 24.29 24.94 24.61 23.67 23.44 22.16 20.76 19.85 17.88 15.93 14.37 12.48 10.72  9.27  8.42  6.75  6.46
 0.44  1.92  3.47  5.45  7.36  8.72 10.66 12.58 14.40 14.81 16.28 18.07 19.79 20.32 21.74 21.57 21.50 21.40 21.27 20.87 20.26 19.59 19.12 19.16 18.40 18.33
traj-206:
25.48 25.33 24.99 24.92 24.99 25.44 25.56 26.29 28.04 29.83 31.02 32.01 32.15 32.40 32.62 32.61 32.62 32.83 33.18 33.55
 0.63  2.02  3.54  4.40  5.48  7.41  7.68  8.20  8.12  8.06  8.08  9.77 10.49 12.04 13.81 14.72 16.58 17.45 19.00 20.67
traj-207:
24.37 23.10 21.42 19.64 18.19 17.29 15.81 14.40 13.04 12.12 11.54  9.63  7.72  6.24  4.65
 1.79  2.81  3.11  3.24  3.28  3.29  3.29  3.33  3.59  4.53  5.14  5.36  4.79  4.24  3.81
traj-208:
23.64 24.16 24.53 24.53 24.69 25.01 24.98 24.89 24.69 24.63 24.59 24.39 23.84 23.41 21.96 21.14 19.27 18.08 17.18 15.41 15.08 13.44
 1.30  3.06  4.77  5.07  6.94  8.28  9.36 10.68 12.37 14.05 15.36 17.34 19.24 21.03 22.07 22.30 22.45 22.45 22.44 23.35 23.63 24.51
traj-209:
25.15 25.02 24.91 24.61 24.42 25.73 27.64 29.43 30.30 32.10 33.45 33.51 33.61 33.81 34.02
 1.31  2.68  4.22  6.11  6.93  8.20  8.10  8.06  8.01  8.07  9.53 10.39 11.56 13.44 15.37
traj-210:
25.72 24.65 23.09 21.16 19.39 18.22 16.47 14.99 13.84 12.76 12.21 11.15  9.86  8.38  6.82  5.04  4.00
 1.89  2.16  2.74  3.17  3.37  3.44  3.54  3.57  3.62  4.92  5.97  7.49  7.39  6.90  6.38  5.56  4.87
traj-211:
24.06 24.00 24.11 24.34 24.43 24.40 24.15 24.01 23.76 23.85 24.45 24.65 24.23 23.73 23.15 21.40 20.24 18.29 17.15 15.86 14.48 12.88 11.61
 0.46  1.00  2.68  3.97  5.90  7.43  9.26 11.07 12.94 13.42 15.15 15.37 17.22 19.11 20.85 21.22 21.27 21.46 21.31 20.35 19.32 18.71 18.49
traj-212:
25.55 25.28 24.41 24.02 24.69 24.98 25.18 26.89 28.67 30.14 31.03 32.02 33.16
 1.98  2.46  4.06  5.83  7.61  7.71  8.23  8.33  8.36  8.52  8.60  9.58 10.74
traj-213:
25.09 24.14 23.63 21.66 19.87 18.42 17.19 15.80 14.06 13.47 12.00 11.92 10.78  9.45  8.36  6.94
 0.58  2.04  3.04  3.23  3.37  3.47  3.46  3.45  3.36  3.37  3.40  3.66  5.17  6.38  7.32  8.19
traj-214:
23.42 23.81 24.00 24.46 25.11 24.90 24.62 24.28 23.98 23.70 23.53 23.59 23.69 23.39 21.60 19.76 18.31 16.98 15.46 13.96 13.42 11.54
 2.00  3.94  4.77  6.37  7.76  9.56 10.29 11.76 13.40 15.36 16.76 17.90 19.53 21.48 21.77 21.85 22.03 22.30 23.10 24.10 24.29 24.83
traj-215:
24.06 24.17 24.39 24.59 24.74 26.22 27.96 29.71 31.19 32.15 32.47 33.14 33.68
 1.94  3.57  5.51  7.13  8.12  8.28  8.39  8.59  8.80 10.48 11.88 13.47 15.05
traj-216:
23.77 23.52 23.25 21.92 21.03 19.55 17.78 16.34 14.57 13.99 12.40 10.88  9.02  7.97  6.85  4.99  4.70
 1.04  1.59  3.24  3.76  3.79  3.89  3.81  3.73  3.68  3.68  4.77  5.61  5.12  4.92  4.70  4.35  4.31
traj-217:
24.69 24.22 24.04 24.09 24.67 25.26 25.53 25.46 25.32 25.27 25.07 24.90 24.80 24.37 24.12 22.45 21.29 19.86 17.99 17.27 16.32
 1.16  2.38  4.27  5.28  6.65  7.95  9.85 10.45 12.37 12.91 14.86 16.73 17.86 19.73 20.45 21.13 21.30 21.41 21.69 22.19 22.85
traj-218:
25.28 24.82 24.72 24.61 24.48 25.87 27.02 28.49 29.36 31.13 31.42 33.11 33.62 33.48 33.08 32.56 32.39 32.29 32.30 32.27 32.13 32.18 32.50 33.46 33.98
 0.53  2.33  3.32  5.22  7.12  8.13  8.19  8.44  8.47  8.77  8.84  9.53 11.33 11.91 13.36 14.99 16.77 18.56 19.53 20.81 22.60 24.34 25.29 26.33 26.80
traj-219:
25.65 25.25 24.24 23.01 22.25 20.86 19.71 17.93 16.45 15.02 13.07 11.95 11.25 10.09  8.43  6.73  5.26
 0.43  0.87  2.01  3.06  3.49  3.82  3.89  3.88  3.78  3.68  3.97  5.43  7.14  8.09  7.91  7.62  6.98
traj-220:
25.07 25.05 25.07 25.10 25.09 24.99 24.55 24.28 24.61 24.97 24.74 24.52 24.52 24.55 23.49 21.86 19.88 17.92 16.46 14.81
 0.96  2.79  3.95  5.84  6.14  8.02  9.72 10.77 12.62 14.51 15.51 17.00 18.44 19.93 21.38 21.75 21.96 22.09 22.53 22.81
traj-221:
23.87 24.00 24.12 24.28 24.83 25.23 26.97 27.26 29.04 30.80 31.10 32.12 32.12 32.06 32.03 32.05 32.03 32.04 32.08 32.09 32.14 32.15 32.15 32.16 32.45 32.64 32.98
 1.94  3.18  4.24  5.49  6.97  8.31  8.15  8.11  8.06  8.16  8.18  9.90 11.88 13.35 13.95 15.55 17.49 18.61 19.90 21.67 23.41 24.58 25.46 26.88 28.82 30.07 31.62
traj-222:
24.43 23.17 22.30 20.91 19.44 17.95 16.17 14.71 12.73 12.13 10.64  9.31  8.42  6.60  5.04
 1.54  2.97  3.13  3.35  3.51  3.55  3.55  3.58  3.71  4.09  5.12  6.07  6.82  6.56  6.27
traj-223:
23.33 24.02 24.59 25.15 25.40 25.44 25.50 25.13 24.97 24.90 25.11 25.09 24.74 24.24 23.21 21.68 20.06 19.76 18.02 16.29 14.57 13.72 12.59 10.94  9.58  7.87  6.79  5.62
 0.48  1.72  2.75  3.71  5.43  7.19  9.00 10.60 11.42 13.33 14.16 16.08 17.62 19.25 20.81 21.35 22.01 21.99 22.12 22.13 21.86 21.63 21.35 20.87 21.24 21.48 21.84 22.08
traj-224:
24.21 24.31 24.56 24.78 24.82 24.88 26.41 27.59 29.36 30.35 32.00 32.01 32.03 32.05 32.02 32.04 32.10 32.13 32.04 32.07 32.08 32.11 32.15 32.45
 0.65  1.95  2.76  4.59  6.04  6.93  8.15  8.24  8.36  8.46  9.26 11.19 12.91 14.31 15.93 16.77 18.59 20.34 21.77 23.35 24.24 25.70 27.10 29.02
traj-225:
23.26 23.60 22.21 21.92 20.16 18.40 17.24 16.06 14.57 13.69 11.74 10.18  9.56  7.79  7.50
 1.97  2.74  3.95  3.86  3.85  3.86  3.84  3.84  3.82  3.83  3.92  5.02  5.51  6.32  6.40
traj-226:
25.58 25.15 24.57 24.49 24.59 24.59 24.53 24.72 24.88 24.91 25.00 25.08 24.93 24.01 22.60 22.33 20.54 19.97 18.27 17.16 15.59 13.92 12.37 11.02
 1.84  2.17  3.93  4.96  6.69  7.69  9.62 11.22 13.11 14.70 15.99 17.15 18.56 20.12 21.28 21.43 21.87 21.93 22.28 22.39 22.76 23.59 24.24 24.77
traj-227:
25.23 24.71 24.55 24.44 24.57 24.77 26.55 27.14 28.91 29.50 31.26 32.11 32.08 32.10 32.09 32.14 32.15 32.14 32.12 32.11 32.09 32.09 32.36 32.76
 0.40  1.33  2.73  4.53  6.47  7.71  8.17  8.22  8.51  8.60  8.84 10.17 11.60 12.51 14.11 15.85 17.20 18.51 19.67 21.34 23.01 24.80 26.10 28.05
traj-228:
24.54 24.64 24.75 22.82 20.94 20.07 18.63 17.16 16.27 14.81 13.06 11.28  9.83  8.88  8.04  7.64
 1.03  1.92  3.62  3.53  3.49  3.54  3.48  3.42  3.44  3.56  3.78  3.90  4.08  5.62  7.15  7.85
traj-229:
25.62 25.43 25.17 24.99 24.93 25.42 25.51 25.45 25.30 25.04 24.01 23.91 24.83 23.80 23.27 21.66 21.10 20.51 18.58 16.81 16.55 15.34 15.14
 1.97  2.77  4.29  5.90  7.88  9.07 10.71 11.22 12.79 14.42 15.94 17.83 19.16 20.82 21.01 21.56 21.76 21.87 21.80 21.83 22.27 23.63 23.85
traj-230:
25.62 25.59 24.76 24.75 24.82 24.83 25.13 26.69 28.47 29.89 31.08 32.02 32.19 32.31 32.28 32.82 33.04 33.26
 0.66  1.46  3.17  4.00  5.06  5.83  7.63  8.68  8.71  8.76  8.83 10.30 12.22 13.42 15.08 16.93 18.00 19.32
traj-231:
24.57 24.01 22.55 20.78 20.48 18.71 16.95 16.11 14.94 13.79 12.71 12.17 10.68  8.97  8.18  6.68  6.10
 0.72  2.37  3.56  3.57  3.58  3.55  3.64  3.69  3.59  3.48  4.20  4.88  5.78  6.79  6.67  6.56  6.42
traj-232:
23.16 23.36 23.55 23.92 24.06 24.33 24.15 24.10 23.98 24.26 24.66 24.96 24.87 24.21 23.82 22.00 20.27 19.44 17.46 15.88 14.63 13.15 12.12 10.63  9.24  7.32  6.28
 1.82  3.14  4.86  6.42  7.88  9.47 10.97 12.01 13.13 14.48 16.04 17.83 18.42 20.13 21.24 21.97 21.88 21.73 21.68 21.56 20.37 19.16 18.78 18.83 18.88 19.16 19.43
traj-233:
25.01 25.15 25.15 25.24 25.53 25.75 27.53 28.12 29.88 31.07 32.07 32.09 32.09 32.13 32.38 32.75 33.20 33.64 33.95
 1.01  2.74  4.32  6.07  7.81  8.00  8.04  8.04  8.06  8.05  9.64 10.79 12.52 14.21 15.73 17.18 18.96 20.71 22.18
traj-234:
24.82 24.73 23.18 21.64 20.75 19.27 18.11 16.93 15.42 14.55 13.08 12.23 10.68
 0.93  1.22  2.34  3.11  3.13  3.22  3.34  3.47  3.62  3.71  3.73  4.26  5.05
traj-235:
25.15 24.78 24.58 24.17 24.34 24.51 24.58 24.70 24.87 24.94 25.05 25.14 23.96 23.19 22.44 21.08 19.43 17.76 15.78 14.72 13.92 12.63 12.05
 1.88  3.77  4.50  6.00  6.86  8.73  9.65 11.28 13.18 14.82 16.31 18.17 19.56 20.16 21.12 22.20 22.05 22.35 22.17 20.51 19.95 18.58 18.16
traj-236:
23.34 23.58 23.95 24.28 24.95 24.98 25.76 26.92 28.66 30.08 31.25 32.04 32.10 32.30 32.16 32.61 32.56 33.48 33.47 34.37 34.55 35.22 35.27
 0.43  2.38  3.85  4.41  6.17  6.47  8.23  8.31  8.48  8.62  8.74 10.20 11.58 13.27 14.05 15.78 16.37 18.13 18.43 20.10 21.09 22.80 23.10
traj-237:
25.45 24.73 24.52 22.71 20.92 18.98 17.41 15.67 13.91 12.69 12.50 10.83  9.31  7.44  5.96  5.70
 0.41  1.73  2.44  3.07  3.34  3.52  3.64  3.76  3.83  4.72  4.95  5.81  6.56  6.99  6.03  5.89
traj-238:
23.44 23.93 24.66 24.49 24.27 23.67 23.53 23.29 23.45 23.97 24.30 24.62 24.72 24.55 23.27 21.39 19.66 18.02 17.42 15.75 14.38 13.02 11.27  9.38  8.79
 1.73  2.56  4.11  4.65  6.50  8.32  8.59  9.82 11.02 12.65 13.94 15.34 17.19 19.10 20.57 21.10 21.27 21.29 21.29 20.80 20.49 20.11 20.22 20.07 19.97
traj-239:
23.36 23.92 24.62 24.90 25.09 25.27 26.13 28.10 28.97 30.71 32.60
 1.07  2.31  3.43  5.02  6.55  7.90  8.37  8.06  8.24  8.43  8.43
traj-240:
23.88 24.01 24.21 22.49 21.02 19.27 17.28 16.11 14.92 14.04 12.07 11.40 11.13  9.35  8.13
 0.81  1.60  3.01  3.70  3.68  3.63  3.67  3.70  3.73  3.76  3.79  3.87  4.01  4.23  3.40
traj-241:
23.46 23.72 24.02 24.12 24.31 24.42 24.07 23.60 23.88 24.82 24.57 24.09 23.37 22.71 21.17 20.44 18.54 17.11 15.29 14.08 12.56 10.78  9.02
 0.62  1.99  3.83  5.73  7.52  9.33 11.14 12.88 14.72 16.01 17.83 18.87 20.42 21.05 21.27 21.40 21.30 21.13 21.31 21.55 21.83 21.94 21.95
traj-242:
23.66 24.13 24.80 25.17 25.30 25.63 26.54 27.12 28.88 29.76 31.72
 0.85  1.88  3.48  5.19  6.03  7.90  8.38  8.47  8.65  8.80  8.89
traj-243:
24.53 24.39 24.11 22.48 21.14 19.68 17.94 16.23 15.34 13.60 11.97 11.30 10.39  9.26
 0.49  2.41  3.87  3.71  3.68  3.64  3.56  3.39  3.30  3.28  4.03  5.08  6.34  7.71
traj-244:
23.26 23.24 23.92 24.03 23.76 24.10 23.98 24.21 24.30 25.08 25.01 24.29 23.22 22.31 20.89 19.03 17.27 15.91 15.41 13.66
 1.99  3.06  4.40  5.44  6.41  8.33 10.28 12.16 14.03 15.73 17.46 19.23 20.12 21.58 21.50 21.25 21.06 20.58 20.29 19.55
traj-245:
24.56 24.68 24.49 24.36 24.46 24.88 25.67 26.31 27.74 29.21 31.02 32.06 32.13 32.13 33.22 33.60 34.18 34.48 34.99 35.49 35.59
 0.83  1.24  3.03  3.90  5.31  7.16  8.22  8.24  8.36  8.54  8.86 10.01 11.58 12.61 14.16 15.08 16.93 18.60 20.34 22.03 22.31
traj-246:
25.21 24.81 24.01 22.32 21.42 19.64 18.45 16.70 14.96 13.02 12.18
 0.97  1.55  3.30  3.55  3.57  3.59  3.59  3.54  3.48  3.63  4.81
traj-247:
24.20 24.00 23.84 23.67 23.64 23.99 24.25 24.36 24.65 24.97 25.04 25.02 24.65 24.61 23.81 22.42 20.74 19.37 18.57 17.02 16.52 14.65 13.19 11.29  9.95  8.61  7.51  6.61  5.50
 1.32  2.36  3.61  5.26  5.95  7.47  9.31 10.28 12.23 13.99 15.86 16.16 18.09 18.68 20.34 21.66 21.89 21.87 21.48 21.13 20.80 20.23 20.37 19.82 19.71 19.45 19.43 19.35 19.14
traj-248:
23.90 23.88 24.08 24.18 24.58 25.32 26.49 27.36 28.54 30.31 32.00 32.78
 0.54  1.44  3.19  4.48  6.28  7.51  8.15  8.34  8.56  8.79  9.11  9.22
traj-249:
23.99 23.64 22.56 20.74 19.39 18.55 16.77 15.33 14.17 13.87 12.96 12.03 11.63 10.29  9.09  8.02
 1.71  2.54  3.26  3.22  3.19  3.17  3.11  3.34  3.56  3.59  4.22  5.42  5.80  7.10  8.25  8.17
traj-250:
24.88 24.39 24.50 24.34 24.31 23.93 24.62 25.26 25.27 24.63 23.94 23.72 23.49 24.19 24.89 24.72 24.43 22.80 20.87 19.75 18.66 17.23 15.43 13.80 13.04 12.42 11.11  9.26  7.50  5.88  5.04
 0.74  2.47  3.67  5.50  6.01  7.68  9.36 11.18 11.70 13.16 14.80 15.01 16.90 17.81 18.81 20.17 20.96 21.94 22.27 22.35 22.43 22.59 22.31 21.61 20.84 19.24 18.79 18.65 18.54 18.40 18.38
traj-251:
24.91 24.82 24.65 24.42 24.70 24.69 24.88 26.55 27.40 28.56 29.74 31.23 32.04 32.08 32.04 32.11 32.15 32.14 32.07 32.10 32.12 32.38 32.50 32.81 33.33 34.06
 0.79  1.61  2.83  4.69  5.81  6.99  7.97  8.54  8.56  8.58  8.67  8.79 10.07 11.81 12.68 14.67 16.13 17.04 18.76 20.22 22.09 23.91 24.85 26.05 27.61 29.42
traj-252:
24.94 24.66 24.37 23.64 23.14 21.29 20.41 18.70 17.23 16.03 14.88 14.02 12.18 10.62  9.24
 0.76  0.84  1.34  3.02  3.46  3.68  3.77  3.81  3.76  3.75  3.72  3.69  3.67  4.05  3.73
traj-253:
24.28 24.49 24.85 25.25 25.33 25.29 25.31 25.36 25.22 24.94 24.55 24.39 24.07 22.93 21.15 19.62 18.26 16.36 14.84 13.11 11.36 10.42
 1.51  3.31  4.39  6.06  6.35  8.29 10.15 11.57 13.46 14.45 16.33 18.23 19.33 20.84 21.61 21.63 21.72 22.11 22.01 22.37 22.97 23.56
traj-254:
23.79 24.43 24.58 24.49 24.50 25.97 27.60 28.79 30.57 31.16 32.13 32.14 32.16 32.24 32.32 32.35 32.32 32.38 33.02 33.51 33.85
 1.20  3.09  5.02  6.61  7.30  8.28  8.07  8.09  8.08  8.11  9.80 10.70 12.10 13.70 14.70 15.96 17.61 19.04 20.87 22.53 24.00
traj-255:
25.54 25.24 24.57 23.94 22.03 20.60 18.85 17.69 15.95 14.21 13.91 12.30 11.02  9.54  7.89  6.00
 0.94  1.42  2.70  4.07  3.85  3.73  3.66  3.66  3.59  3.66  3.70  4.75  5.91  7.18  6.70  6.27
traj-256:
24.47 24.69 25.10 25.38 25.55 25.57 25.48 25.19 24.66 24.15 24.08 24.12 23.73 23.77 23.61 23.32 23.71 23.64 23.09 21.44 20.55 19.36 17.59 17.00 15.25 14.66 13.18 11.67 10.83
 0.60  1.46  3.07  4.21  5.07  7.06  7.55  9.09 10.58 11.93 13.33 13.88 15.59 15.95 17.81 17.90 18.78 20.65 20.89 21.33 21.44 21.48 21.30 21.22 21.09 20.95 20.37 19.32 19.19
traj-257:
24.88 24.98 25.07 25.12 25.27 25.28 26.50 27.58 29.00 30.74 31.84 33.57 34.43
 0.65  2.62  4.08  5.47  7.12  7.58  8.40  8.27  8.39  8.61  8.79  8.84  8.93
traj-258:
25.37 23.99 22.57 21.09 19.32 17.56 16.71 15.23 14.64 13.00 11.54 10.15  9.94  8.56
 1.74  2.37  3.13  3.27  3.35  3.40  3.39  3.38  3.39  3.47  4.17  5.40  5.61  6.90
traj-259:
24.87 24.67 24.48 23.88 24.19 24.55 24.66 24.90 24.70 24.12 24.15 24.42 25.07 25.12 24.11 23.52 22.65 20.82 18.90 17.76 15.94 14.72 14.47 12.57 10.77  9.63
 0.87  1.59  3.26  5.05  6.85  8.61  9.61 11.27 12.50 13.38 15.25 15.81 17.37 18.59 20.17 20.79 21.64 21.60 21.36 21.05 20.29 19.00 18.83 18.76 18.41 18.40
traj-260:
24.48 24.17 24.32 24.54 24.79 25.05 26.81 27.68 29.44 31.20 32.03 32.04 32.10 32.09 32.03 32.05 32.08 32.13 32.25 32.33 32.47
 1.22  2.29  4.24  5.43  6.60  8.05  8.21  8.34  8.57  8.75 10.31 12.03 13.36 14.55 16.40 18.40 20.15 21.92 23.56 24.44 25.90
traj-261:
23.99 22.50 21.93 20.18 19.58 17.82 16.37 15.19 13.62 11.96 10.36  8.84  7.55
 1.95  3.01  3.14  3.36  3.39  3.44  3.45  3.44  3.45  4.26  4.63  4.06  3.65
traj-262:
24.72 25.58 25.63 25.78 25.82 25.81 25.79 25.27 25.04 24.67 24.54 24.32 24.01 23.53 23.45 23.04 22.04 20.51 19.11 17.70 16.34 15.59 14.95 13.41 11.98 10.74  9.78
 0.45  0.99  1.29  3.04  3.91  5.37  6.24  8.10  9.98 11.14 12.66 14.13 15.38 16.84 18.32 20.10 21.79 21.55 21.30 21.00 20.31 20.01 20.09 21.16 22.10 22.83 23.41
traj-263:
24.11 24.91 25.54 25.68 25.76 26.03 26.90 28.68 29.28 31.02 31.19 32.15 32.77 33.80 34.81
 0.60  1.12  2.89  4.64  6.04  8.00  8.05  8.25  8.30  8.68  8.93 10.49 12.28 13.92 14.48
traj-264:
23.49 23.44 23.04 23.04 21.30 19.84 18.13 16.98 15.52 14.63 13.46 11.91 11.33 10.52  9.77
 0.86  1.29  2.27  4.16  3.42  3.50  3.66  3.58  3.49  3.54  3.59  4.03  4.17  5.63  7.48
traj-265:
25.14 25.25 25.42 25.31 25.24 25.04 24.86 24.54 24.75 24.87 24.77 24.57 24.03 23.77 22.23 20.46 18.58 18.14 16.41 14.52 13.14 12.35 10.54  9.39
 1.54  2.11  4.06  5.21  7.13  8.51  9.29 11.11 12.82 14.71 15.24 16.93 18.66 19.76 21.02 21.24 21.25 21.24 21.25 21.52 22.37 22.98 23.83 24.17
traj-266:
24.31 24.31 24.67 24.88 25.35 25.40 27.28 29.00 30.17 31.46 32.59 32.64 32.63 32.55 32.39 32.34 32.28 32.19 32.12 32.07 32.12 32.20 32.89 33.32 33.53
 1.29  2.68  4.44  5.38  7.27  8.13  8.40  8.55  8.44  8.34  9.97 11.56 13.14 15.12 16.47 18.26 19.25 20.64 22.64 24.10 24.74 26.64 28.48 30.37 30.59
traj-267:
25.19 24.92 23.54 23.53 23.22 21.47 19.74 18.29 16.80 15.04 13.39 12.39 11.53  9.77  7.92  7.63
 0.95  1.57  2.77  3.07  3.34  3.66  3.74  3.68  3.70  3.72  3.98  5.44  6.90  7.64  8.05  8.13
traj-268:
24.51 24.46 24.44 24.47 24.19 24.30 24.29 24.49 24.94 25.01 25.10 24.78 24.65 23.71 21.94 21.76 19.89 18.44 16.72 16.15 14.83 13.79 12.20 11.07 10.29
 1.12  2.94  3.54  5.43  7.35  8.81 10.67 11.73 13.24 15.15 17.01 18.72 19.28 20.91 21.13 21.37 21.23 21.56 22.04 22.23 22.74 23.14 23.69 24.06 24.30
traj-269:
24.87 24.60 24.12 24.25 24.37 25.21 26.12 27.00 28.45 30.21 32.05 32.02 32.05 32.11 32.10 32.10 32.10 32.07 32.08 32.10 32.39 32.47 32.54 32.75
 1.75  2.16  4.02  5.93  6.71  7.77  8.30  8.37  8.44  8.55  9.31 10.64 11.53 13.39 14.36 16.34 18.10 19.53 20.43 22.40 24.12 25.22 27.04 27.47
traj-270:
25.16 24.92 24.28 23.38 22.55 20.84 19.65 17.87 16.99 15.28 13.51 12.92 10.98 10.44  8.54  7.96  6.56
 0.62  1.14  2.71  3.53  3.54  3.92  3.94  3.76  3.61  3.74  3.93  3.98  4.32  4.16  3.62  3.49  3.20
traj-271:
23.41 24.68 24.80 25.10 24.92 24.56 24.69 24.88 24.36 24.38 24.75 24.86 24.09 23.74 22.08 21.78 21.58 19.65 18.31 16.91 15.22
 1.59  2.90  3.17  5.12  6.91  8.85  9.12 11.08 12.83 14.68 16.44 17.77 19.57 20.04 21.12 21.15 21.38 21.68 21.28 21.16 20.74
traj-272:
25.29 24.71 24.01 24.11 24.34 24.48 24.99 26.15 27.63 29.40 31.14 32.02 32.69
 0.65  0.75  2.56  4.20  5.56  6.57  7.95  8.28  8.35  8.54  8.69 10.18 11.32
traj-273:
24.34 23.82 22.44 20.85 19.98 18.24 16.48 15.01 13.55 12.74 11.39  9.41  8.02  6.61
 0.86  2.16  3.44  3.42  3.38  3.32  3.48  3.57  3.71  4.59  5.70  5.72  5.70  5.80
traj-274:
24.56 24.53 24.41 24.31 24.26 24.32 24.31 24.32 24.28 24.14 24.18 24.03 23.84 23.64 24.00 22.38 20.49 18.73 16.98 16.39 15.49 15.22 13.43 12.91 11.12  9.62  7.94  6.56  5.82
 1.07  2.77  4.56  5.68  7.41  8.19  9.97 11.36 12.32 13.91 15.46 16.92 18.06 19.90 21.54 22.44 22.89 22.90 22.90 22.88 23.17 23.04 22.23 22.03 21.47 21.18 20.75 20.67 20.46
traj-275:
23.95 24.18 24.36 24.71 24.88 25.80 26.96 28.16 29.32 31.25 33.04 33.01 32.79 32.62 32.57 32.61 33.12 33.53 34.25
 1.76  3.17  4.17  5.98  7.09  8.45  8.50  8.52  8.53  8.89  9.49 10.53 12.21 14.16 16.05 17.98 19.15 19.89 21.48
traj-276:
25.45 24.60 22.89 21.12 19.64 17.85 16.97 15.22 13.26 12.67 11.74 11.03  9.55  8.39  7.43  6.08
 1.44  2.65  3.44  3.53  3.60  3.70  3.81  3.75  3.93  4.58  6.28  6.98  7.66  7.74  6.83  5.75
traj-277:
25.60 24.35 24.06 24.00 23.92 23.77 23.71 24.00 23.98 24.32 24.70 24.70 24.15 23.64 23.11 21.40 19.85 18.44 16.79 15.89 15.31 13.37 12.03 10.28  8.77  7.02  5.30
 1.32  2.22  3.75  5.33  6.56  8.02  9.00 10.90 11.73 13.65 15.41 16.78 18.47 19.77 21.11 21.73 22.08 21.84 21.13 20.82 20.88 20.66 20.53 20.88 21.16 21.71 22.22
traj-278:
24.51 24.49 23.67 23.82 23.75 24.60 25.40 26.75 28.38 30.13 31.78
 1.62  1.92  3.58  4.79  6.79  8.57  8.45  8.30  8.15  8.10  8.08
traj-279:
24.19 24.12 22.73 20.81 20.24 18.77 17.91 16.48 14.75 13.88 12.57 11.00  9.48  7.82
 1.17  2.48  3.70  3.80  3.82  3.84  3.84  3.80  3.75  3.71  3.87  4.63  5.50  6.37
traj-280:
24.02 24.67 25.24 25.43 25.28 24.88 24.35 24.23 23.73 23.85 24.44 24.96 23.70 23.34 23.58 23.87 23.25 21.90 19.91 19.47 17.49 15.62 13.65 12.56 11.36  9.55  7.79  6.49  5.58
 0.82  1.78  3.18  4.05  5.47  7.21  8.86  9.33 11.27 12.29 13.62 15.39 16.18 17.70 18.25 19.63 21.47 21.52 21.66 21.59 21.70 21.77 21.42 21.74 22.08 22.12 22.94 23.50 23.99
traj-281:
23.53 24.26 24.74 24.91 25.05 25.26 27.12 28.83 30.60 31.17 32.36 32.26 32.26 32.26 32.25 32.28 32.24 32.26 32.39 32.36 32.53 33.12 33.32
 1.60  3.19  4.92  6.08  7.14  8.63  8.54  8.52  8.74  8.87 10.30 12.24 13.33 14.36 15.50 17.35 18.05 20.04 21.87 22.58 24.21 25.73 26.76
traj-282:
24.15 23.26 21.58 20.12 19.54 17.78 16.31 14.54 13.18 11.93 10.66  9.50  8.12  6.43
 1.96  2.36  3.10  3.19  3.26  3.44  3.48  3.51  3.61  5.00  5.29  5.52  6.04  6.47
traj-283:
23.26 23.34 23.77 24.37 24.45 25.10 25.28 25.09 25.21 25.02 24.09 23.69 24.22 24.04 23.75 22.37 22.08 20.13 18.55 16.63 15.36 13.85 12.07 10.33  9.75  8.05
 1.51  2.29  4.11  5.78  6.79  8.18  8.74  9.53 11.31 13.21 14.34 15.70 16.85 18.50 19.90 21.09 21.61 21.68 21.62 21.18 20.59 20.02 19.72 19.91 19.85 19.98
traj-284:
24.34 24.45 24.59 24.71 24.76 24.83 25.34 26.61 28.52 29.99 31.17 32.06 32.14 32.20 32.32 32.44
 0.59  1.46  2.78  4.71  5.62  7.49  8.51  8.41  8.50  8.57  8.79 10.56 12.26 13.65 15.02 16.69
traj-285:
25.13 23.86 22.29 20.52 18.78 17.01 15.27 13.55 12.78 12.20 11.72
 1.33  2.13  3.13  3.24  3.33  3.46  3.64  3.90  4.43  5.44  6.84
traj-286:
25.28 25.08 24.75 24.94 24.81 24.60 24.39 24.19 23.52 23.30 24.21 24.75 24.33 23.63 22.22 20.48 18.71 17.68 16.05 15.58 13.90
 0.40  1.77  3.63  5.09  6.95  7.65  9.54 10.59 11.71 13.41 14.89 16.73 18.42 20.04 21.18 21.44 21.53 21.46 22.34 22.67 23.40
traj-287:
23.02 23.17 23.78 24.52 24.78 25.01 26.55 28.03 28.59 30.35 31.47 32.85 33.43 34.31 35.42 35.52 35.76 35.90
 1.60  2.01  3.57  5.37  7.25  7.84  8.76  8.63  8.59  8.58  8.77 10.14 11.70 13.34 11.73 11.32  9.71  8.52
traj-288:
24.34 24.07 23.14 21.35 20.17 18.71 17.24 16.35 14.60 12.86 10.90  9.26
 0.89  1.59  2.87  3.65  3.73  3.84  3.82  3.85  3.87  3.88  4.25  4.08
traj-289:
23.06 23.41 23.85 24.19 24.63 24.91 24.82 24.66 24.17 23.45 23.94 24.72 24.59 24.07 22.92 21.05 19.98 18.08 16.96 16.05
 0.56  1.79  2.56  4.08  5.51  7.37  8.18  9.41 11.32 12.87 14.67 16.29 18.11 19.70 21.11 21.25 21.26 21.30 21.19 20.67
traj-290:
25.35 25.09 24.81 24.74 25.26 25.41 27.18 28.64 30.39 32.00 32.18 32.25 32.10 32.08 32.06 32.08 32.14 32.23 32.14 32.10 32.34 33.64 34.07
 0.97  2.52  4.20  6.13  7.75  8.39  8.34  8.44  8.62  9.31 11.07 12.73 14.72 15.82 17.14 18.53 20.01 21.38 22.63 24.39 24.88 26.18 26.45
traj-291:
24.55 23.68 22.19 20.71 20.12 18.63 17.47 15.72 13.96 12.36 11.00  9.88  8.59  7.19  5.52  4.08
 0.97  2.30  3.52  3.63  3.67  3.75  3.82  3.91  3.97  4.97  5.81  5.81  6.44  7.14  6.13  5.18
traj-292:
23.28 23.47 23.87 23.92 24.03 24.30 24.43 24.62 24.31 23.98 23.80 24.10 24.67 24.41 23.89 23.47 22.72 20.93 20.21 18.47 16.61 15.24 13.40 11.54  9.82  8.41  6.63
 0.87  2.04  3.88  5.37  6.78  8.41  9.91 10.35 12.01 12.61 14.55 15.06 16.89 17.68 19.27 20.25 21.03 21.42 21.53 21.83 21.46 21.25 21.05 21.52 21.54 21.65 21.67
traj-293:
24.59 24.84 24.83 24.77 24.65 24.69 26.07 27.94 29.13 30.89 32.87 33.47
 1.20  2.65  4.63  5.17  7.13  7.87  8.46  8.05  8.13  8.28  8.34  8.39
traj-294:
24.22 23.03 22.07 20.33 18.62 17.44 15.68 14.51 12.74 11.69  9.93
 2.00  2.71  3.34  3.54  3.70  3.84  3.86  3.88  3.88  3.64  3.09
traj-295:
25.53 25.36 24.97 24.92 25.02 25.06 24.90 24.56 24.01 24.64 25.25 25.31 25.38 25.55 24.49 22.56 21.01 19.67 18.89 17.46 16.68 15.41 15.16 13.28 11.59 10.84  9.55
 0.59  1.69  3.36  5.27  6.66  7.42  9.33 10.46 12.22 13.68 15.43 16.62 18.55 20.06 21.51 21.29 21.23 21.31 21.27 21.16 20.73 19.76 19.60 19.09 18.91 19.97 21.27
traj-296:
25.16 24.60 24.33 24.36 24.39 24.29 25.46 27.17 28.92 29.51 31.41 32.11 32.01
 0.71  2.43  4.35  5.30  6.56  7.65  8.28  8.04  8.24  8.37  8.81  9.47 10.80
traj-297:
24.10 23.08 21.59 20.40 18.94 17.22 16.05 14.58 13.14 12.94 11.77  9.97  9.38  7.95
 1.96  2.52  3.27  3.36  3.46  3.48  3.52  3.54  3.60  3.92  3.88  3.40  3.47  3.38
traj-298:
23.47 23.58 24.15 24.52 24.44 24.30 24.22 24.89 25.18 25.16 25.17 24.65 23.55 23.49 23.01 22.12 20.26 18.29 16.52 14.58 12.63 11.73 10.11  8.47
 0.72  1.30  2.77  4.53  5.65  7.63  9.47 11.32 12.14 14.13 14.43 16.13 17.78 19.48 21.31 22.09 22.08 22.11 22.19 22.43 22.43 22.68 23.21 23.75
traj-299:
23.24 23.47 23.57 23.87 24.26 24.36 25.88 27.64 27.94 29.68 31.15 32.24 32.37 32.42 32.62
 0.69  2.53  3.40  4.83  6.51  6.79  8.08  8.11  8.14  8.36  8.51  9.89 10.70 12.13 13.65
