traj-0:
23.59 22.52 21.39 21.31 19.71 18.21 16.44 14.61 12.96 11.58  9.69  8.77  7.50  6.94  5.21
 1.09  2.16  3.36  4.15  4.85  4.90  4.88  5.60  6.67  7.92  7.31  6.36  5.54  5.43  4.97
traj-1:
23.40 23.09 22.77 22.58 22.49 22.74 22.75 22.77 22.78 23.08 23.15 22.72 21.48 19.86 19.30 17.58 15.72 15.34 13.45 11.99 10.98
 1.92  3.72  5.59  6.95  8.42 10.04 11.94 13.90 15.71 17.60 18.18 19.70 20.86 21.25 21.04 20.76 20.69 20.74 20.94 21.44 22.15
traj-2:
22.64 22.62 22.94 22.99 23.39 24.28 25.64 27.40 29.14 30.03 30.03 30.06 30.11 30.18 30.17 30.16 30.15 30.14 30.19 30.17 30.21 30.25 30.15 30.24 30.45 30.92
 0.78  1.99  3.13  4.72  6.60  8.39  8.49  8.95  9.48 11.04 11.61 13.40 14.55 15.66 17.44 19.25 20.58 21.55 23.11 24.51 26.20 28.12 29.73 30.53 32.26 33.65
traj-3:
23.73 22.36 21.12 19.23 17.80 16.50 16.02 14.22 13.38 11.58  9.72  9.30
 1.56  2.92  3.75  4.32  4.33  4.65  4.88  5.43  5.75  5.77  5.91  5.91
traj-4:
21.51 21.67 22.59 23.04 23.20 23.17 23.16 23.15 22.69 22.27 22.39 22.57 22.99 22.68 21.76 20.59 18.86 16.97 16.14 14.26 12.33 10.57  9.50  7.75  7.18
 0.66  0.91  2.61  4.19  5.66  7.27  7.77  9.67 11.42 13.21 13.48 15.37 17.24 18.48 19.24 20.83 20.79 20.97 20.99 20.85 20.65 20.50 20.41 20.06 20.22
traj-5:
21.53 21.89 22.06 22.47 22.83 23.14 24.91 25.77 27.17 29.07 30.12 30.11 30.06 30.06 30.06 30.12 30.15 30.24 30.37
 1.91  3.75  4.80  6.16  7.53  8.97  9.67  9.67  9.62  9.56 10.86 12.45 13.76 15.05 16.86 18.69 19.79 21.46 23.44
traj-6:
23.01 22.04 21.15 20.99 19.19 18.89 16.92 15.69 14.59 13.70 11.95 10.51
 1.07  2.42  3.37  3.62  4.35  4.38  4.51  5.17  6.27  6.76  7.01  7.48
traj-7:
23.40 23.30 23.54 22.82 22.95 23.07 22.46 21.71 21.48 21.39 21.30 21.33 21.82 22.33 21.34 20.44 18.81 17.86 16.00 15.71 13.99 12.84 11.24 10.27  8.89
 0.61  1.07  2.80  4.09  6.04  6.32  8.21  9.94 10.13 12.07 12.45 14.23 15.84 17.50 19.18 20.22 20.47 20.71 20.97 21.02 20.38 20.11 20.07 20.32 21.04
traj-8:
21.95 22.58 22.85 23.10 23.18 23.72 24.25 25.99 27.91 29.71 30.18 30.18 30.19 30.23 30.19 30.22 30.22 30.25 30.25 30.53 30.65 30.84
 0.54  2.30  3.64  5.33  6.13  7.92  8.40  9.08  9.10  9.48 10.27 11.00 12.87 14.18 15.84 17.27 19.22 20.36 21.80 23.47 24.93 26.35
traj-9:
21.02 21.41 22.28 21.94 21.28 19.46 17.71 16.82 15.48 13.90 13.01 11.65 10.23  9.33
 0.74  1.30  2.76  4.43  5.04  4.35  4.34  4.31  5.01  5.75  6.40  6.62  6.73  6.78
traj-10:
22.38 23.26 23.31 23.26 23.23 23.17 23.13 22.89 22.85 22.90 22.32 21.70 21.47 20.18 18.82 17.25 15.80 14.66 12.92 12.62 10.87 10.50  8.94  8.35  6.56  5.46
 0.65  1.89  3.33  4.41  5.81  7.80  9.74 11.69 13.57 15.03 16.58 18.12 18.98 20.04 20.22 20.30 20.36 20.36 20.15 20.13 20.18 20.54 21.44 21.55 21.73 22.15
traj-11:
23.43 23.21 22.96 22.75 22.64 22.73 23.06 24.76 25.90 26.79 28.24 29.80 30.51 30.72 30.52 30.20 30.24 30.24 30.47 31.27
 1.26  1.78  3.23  4.04  5.80  6.19  7.99  8.98  9.04  9.08  9.18  9.92 11.07 12.91 14.39 15.85 16.69 18.31 20.04 21.53
traj-12:
23.07 22.85 22.45 22.18 20.62 19.49 17.75 16.31 15.23
 0.94  1.65  3.33  4.65  4.95  4.82  4.66  4.46  5.13
traj-13:
22.52 22.41 22.39 22.19 22.22 23.08 22.52 22.26 22.66 23.07 23.07 22.61 22.18 20.87 18.99 17.76 16.45 14.79 13.33 11.44 10.32  8.68
 1.36  2.36  3.83  4.67  6.62  8.11  9.77 11.59 13.51 15.02 16.81 18.28 19.33 20.60 20.81 20.91 21.09 21.26 21.54 21.59 21.34 20.74
traj-14:
21.55 22.52 22.68 22.85 22.82 22.66 23.59 24.72 26.65 27.71 29.53 30.71 30.64 30.45 30.35 30.34 30.31 30.16 30.13 30.32 30.31 30.76 31.48 32.32 32.65 33.79
 1.72  3.17  3.42  5.28  5.81  7.80  8.58  9.05  8.92  8.75  9.22 10.69 11.39 12.97 14.38 15.54 16.94 18.47 19.77 21.69 23.53 24.28 25.42 27.14 27.58 28.96
traj-15:
23.46 23.17 22.84 21.12 19.15 17.40 15.67 15.37 13.60 12.04 10.56  9.75
 0.97  2.67  3.79  4.07  4.30  4.40  4.37  4.38  4.63  4.43  4.33  4.25
traj-16:
23.65 23.17 23.26 23.62 23.81 23.70 23.79 23.42 22.96 23.14 23.36 22.90 21.97 21.33 19.99 18.35 16.44 14.84 12.85 11.15
 1.87  3.74  5.67  7.34  7.58  9.36  9.64 10.64 12.40 13.74 15.65 17.59 19.22 19.57 20.92 20.59 20.62 20.71 20.62 20.17
traj-17:
22.64 22.45 22.22 22.17 22.18 22.19 22.94 24.70 26.44 28.11 29.61 31.33
 0.72  1.26  3.16  4.08  5.31  7.26  8.65  8.46  8.38  8.19  8.03  7.35
traj-18:
23.21 23.46 23.35 22.61 21.37 20.21 18.50 17.07 15.60 14.71 14.51 13.90 13.53
 1.97  3.75  5.65  7.07  5.61  4.49  4.20  4.30  4.41  4.52  4.93  6.56  7.60
traj-19:
23.17 22.96 22.24 21.85 22.46 22.68 22.53 23.11 23.32 23.20 22.71 22.36 21.60 20.96 19.06 18.58 17.11 15.14 13.74 11.99 10.11  9.15  7.68  6.19  5.63
 1.77  2.31  3.87  5.40  6.69  8.60  9.32 11.22 13.08 14.99 16.50 17.74 19.33 20.01 20.50 20.60 21.02 21.12 21.07 21.43 21.90 22.24 23.10 24.01 24.23
traj-20:
22.64 22.90 23.03 23.12 23.44 23.87 25.16 26.90 28.53 29.11 30.00 30.21 31.10 30.92 30.68 30.41 30.24 30.22 30.15 30.16 30.22 30.26 30.86 31.09 31.29 32.05
 1.23  2.55  4.47  5.97  7.45  8.36  8.92  9.07  9.32  9.45 10.91 11.13 12.59 13.40 15.17 16.99 18.30 20.28 21.45 22.32 23.68 24.76 26.65 28.61 30.52 31.89
traj-21:
21.50 21.40 21.17 19.32 18.18 16.72 15.33 14.10 12.49 11.50 10.59
 1.56  2.04  3.64  4.06  4.24  4.45  5.25  6.65  6.98  6.32  5.82
traj-22:
22.83 22.86 22.87 22.93 22.87 22.87 22.97 22.72 22.33 22.50 22.58 22.10 21.63 21.07 19.33 17.64 15.76 14.32 12.72 11.21  9.86  8.56  7.16  6.10  5.13
 1.37  2.76  3.76  5.40  6.63  8.15  9.63 10.42 12.34 14.18 15.92 17.68 18.71 20.39 21.17 21.25 21.01 20.77 20.59 21.05 21.39 22.27 23.23 23.89 24.56
traj-23:
22.39 23.14 23.26 23.34 23.52 23.69 24.95 26.43 28.29 28.57 30.30 31.12 31.19 30.30
 1.02  2.37  3.53  4.66  6.10  7.25  8.02  8.07  8.37  8.49  9.46 10.69 11.48 12.25
traj-24:
22.04 22.85 22.74 21.72 20.32 18.89 18.03 16.86 14.98 14.26 12.51 11.15 10.04
 1.07  2.43  4.36  5.94  4.74  4.70  4.69  4.66  5.25  5.69  6.07  5.73  5.16
traj-25:
22.19 22.56 23.13 23.19 23.38 23.46 23.58 23.62 23.37 23.05 22.72 21.96 22.46 23.03 22.64 20.78 19.72 18.39 16.48 15.09 13.60 12.43
 0.57  1.35  3.08  3.67  5.15  6.52  8.47 10.27 12.23 14.08 14.80 16.51 18.03 19.74 20.47 20.44 20.35 20.36 20.55 20.58 20.68 20.58
traj-26:
23.20 23.21 23.09 23.02 23.69 24.21 24.78 26.48 27.40 29.22 30.14 30.12 30.10 30.12 30.12 30.12 30.11 30.13 30.15 30.94 31.67 32.41 33.03
 1.84  3.23  5.16  6.27  7.84  8.12  8.22  8.42  8.68  9.26 11.00 12.26 13.73 14.62 16.31 17.75 18.94 20.71 21.56 23.11 24.22 25.48 26.49
traj-27:
23.68 23.61 23.53 23.48 23.11 22.29 20.67 18.81 17.66 16.77 15.84 15.06 14.76
 0.45  2.38  4.36  6.29  7.32  5.95  4.81  4.76  4.78  4.84  5.36  6.73  8.08
traj-28:
21.08 21.44 21.78 22.00 22.11 22.47 22.50 22.71 22.83 22.82 22.71 22.66 22.77 22.83 21.45 19.62 18.20 16.58 15.07 14.21 12.99 11.17
 0.43  1.55  3.46  5.38  5.96  7.67  8.22  9.99 11.87 13.76 15.34 17.08 17.36 19.12 20.38 20.55 20.59 20.62 20.88 21.03 21.46 22.04
traj-29:
21.10 21.51 21.81 22.19 22.36 22.81 23.18 24.80 26.25 27.95 29.87 30.14 30.06 30.61 31.12 31.36
 0.85  1.93  3.49  4.80  5.95  7.62  8.43  9.49  9.46  9.39  9.81  9.95 11.11 12.80 14.23 15.30
traj-30:
22.96 22.31 21.54 20.21 19.35 17.60 16.42 15.37 14.05 12.26 11.69
 0.68  1.82  3.33  4.31  4.30  4.44  4.46  5.55  6.90  6.98  6.97
traj-31:
21.12 21.67 22.38 22.21 21.81 21.98 22.37 23.04 22.99 22.55 22.22 21.60 21.21 19.34 19.07 17.96 16.56 15.78 14.11 12.35 10.81 10.01  8.38  7.63
 1.87  3.38  5.21  6.67  8.23 10.16 11.25 12.74 13.88 15.03 16.67 18.40 19.45 20.15 20.27 20.42 20.66 20.81 20.99 21.05 21.68 22.05 22.88 23.19
traj-32:
21.14 21.45 22.20 22.61 22.89 23.23 23.68 25.48 26.37 28.22 30.02 30.49 31.08 31.05 30.40 31.22 32.31 32.73
 1.08  1.57  3.04  3.79  5.42  7.30  8.72  9.47  9.44  9.42 10.22 11.18 12.50 14.38 16.24 17.77 19.46 20.03
traj-33:
21.46 21.45 21.42 20.44 18.74 17.57 15.86 14.92 14.19 13.38 13.11 11.26 10.31  9.13  7.44  5.58
 1.32  1.92  3.65  4.15  4.46  4.67  4.94  6.18  6.99  8.43  8.83  8.70  8.47  8.19  7.76  7.38
traj-34:
21.18 21.60 22.52 22.69 22.41 22.27 22.33 22.45 22.55 22.63 22.39 21.97 21.95 21.71 21.36 20.38 18.56 16.92 15.61 13.68 11.93  9.97
 1.19  1.77  3.52  4.64  6.36  7.62  8.48 10.37 12.19 12.75 14.58 15.20 17.10 18.13 19.52 20.10 20.35 20.25 20.21 20.20 20.10 20.07
traj-35:
21.18 21.42 21.66 21.95 22.64 23.38 24.06 25.50 26.95 28.06 30.03 30.33
 1.86  2.95  4.22  4.94  6.58  7.86  8.99  9.60  9.55  9.46  9.30  9.35
traj-36:
22.30 22.26 21.36 20.31 18.63 16.86 16.28 14.48 13.15 12.23
 1.84  1.95  3.64  4.30  4.19  4.15  4.16  5.02  6.46  7.20
traj-37:
22.05 22.02 22.12 22.23 22.43 22.15 22.13 22.01 21.92 22.11 22.23 22.31 22.52 22.18 21.19 19.37 18.28 16.71 14.79 13.31 11.59  9.94  9.66
 0.89  1.41  3.33  4.49  5.46  7.20  8.57 10.02 12.01 13.47 14.88 15.57 17.10 17.98 19.52 20.29 20.34 20.42 20.58 21.03 21.74 22.25 22.36
traj-38:
22.06 22.40 22.68 22.77 22.93 24.46 25.44 26.88 27.75 29.23 30.55
 1.45  2.57  4.28  5.59  7.34  8.56  8.60  8.67  8.81  8.96  8.99
traj-39:
21.45 21.66 22.26 21.26 19.44 17.67 16.79 15.51
 1.34  1.55  3.28  4.65  4.51  4.44  4.52  5.95
traj-40:
21.41 21.65 21.96 21.81 22.35 22.88 22.61 22.07 21.84 21.95 22.10 22.25 21.69 20.40 18.58 17.18 15.31 13.72 12.09 11.32 10.00  8.29  7.70
 1.96  3.86  5.79  7.59  9.40 11.01 12.53 13.98 14.63 16.14 17.38 18.70 19.36 20.60 20.86 20.56 20.34 20.38 19.54 19.22 18.48 18.16 18.08
traj-41:
22.87 22.06 22.18 22.39 23.30 23.42 24.05 25.56 26.39 27.56 29.50 31.15 31.58 31.75 32.12 32.36 32.46 32.56 32.66 33.46 34.15 34.42 34.57
 1.07  2.73  4.47  5.06  6.83  7.11  8.17  9.26  9.21  9.10  9.43 10.39 12.22 12.79 14.17 15.94 17.62 18.69 19.86 21.43 19.91 18.15 16.96
traj-42:
22.80 22.84 21.39 21.27 19.51 18.63 16.69 16.54 14.95 13.97 13.66 12.50 10.80 10.22  8.23
 1.30  2.78  4.06  4.34  4.76  4.62  4.93  5.20  5.82  7.52  8.02  9.00  9.05  9.06  9.03
traj-43:
23.60 22.88 22.27 21.91 22.44 22.69 23.29 22.99 22.87 22.46 22.71 23.03 22.98 22.93 21.97 20.93 19.07 17.33 15.44 13.72 11.99 11.10  9.49
 1.46  2.98  4.33  5.28  7.12  7.28  8.97 10.05 11.28 13.08 13.90 15.12 17.04 17.86 19.25 20.38 20.81 20.54 20.30 20.09 19.57 19.01 18.26
traj-44:
22.79 22.67 22.55 22.70 22.95 22.78 23.61 24.48 26.25 27.91 28.47 30.09 31.80 33.36 34.15 34.40 34.79 34.82
 1.42  2.39  4.16  5.46  6.81  8.14  9.66  9.84  9.80  9.70  9.70 10.20 10.65 11.24  9.77  9.22  7.51  6.91
traj-45:
22.67 22.19 21.05 19.27 17.98 16.90 15.72 14.16 12.74 11.76 10.08  8.75
 1.51  2.33  3.76  4.55  4.62  4.69  4.76  4.91  5.11  5.37  5.47  5.77
traj-46:
23.67 23.61 23.35 23.29 23.19 23.60 23.53 23.47 23.65 23.14 23.28 23.02 22.00 21.03 20.48 19.02 17.92 16.22 15.37 13.79 12.72 11.27 10.20  8.45  6.82
 1.32  3.23  5.16  5.87  7.18  8.91  9.68 11.37 12.22 14.10 16.02 17.08 18.50 19.45 20.17 20.41 20.57 20.63 20.61 20.42 20.32 19.95 19.72 19.23 18.80
traj-47:
23.18 22.45 21.60 22.25 23.01 24.28 25.93 27.66 29.26 30.03 30.44 30.77 31.40 31.85 32.39 32.66 33.14 33.62 33.97
 0.99  2.31  4.06  5.65  7.47  8.48  8.88  9.24  9.55 10.98 12.09 13.40 15.04 16.89 18.58 19.48 21.10 22.81 23.57
traj-48:
21.81 21.61 21.55 21.08 19.24 18.08 16.17 15.02 14.83 13.32 11.85 10.43  8.73  7.90  6.63
 1.13  1.72  2.01  3.55  4.21  4.24  4.48  5.73  5.97  6.93  7.98  9.03  8.27  7.68  7.34
traj-49:
21.32 21.63 21.53 21.83 22.05 22.31 22.50 22.45 22.49 22.34 22.30 22.23 22.00 20.76 19.10 17.82 16.26 15.15 13.69 12.17 10.68  9.07
 0.86  1.58  3.57  5.40  6.28  8.02  9.93 11.19 12.23 13.88 15.16 16.80 18.69 20.12 20.95 20.77 20.85 20.98 21.14 20.11 19.31 18.50
traj-50:
23.36 23.61 23.81 23.39 23.11 23.23 24.04 25.54 27.26 29.01 30.11 30.92
 1.25  1.96  2.83  4.76  5.47  7.20  9.00  9.11  9.22  9.56 10.93 12.72
traj-51:
22.38 22.02 21.35 20.26 18.84 17.09 16.79 16.61 15.75 15.38 14.40 13.30 11.50 11.20
 0.86  2.21  3.88  4.92  4.89  4.79  4.79  5.03  5.60  6.07  7.15  7.58  7.61  7.59
traj-52:
21.85 21.69 22.07 22.22 22.26 22.29 21.43 21.93 22.24 22.07 21.49 21.22 21.48 20.05 19.88 18.19 17.32 16.04 14.37 12.92 11.08  9.61  9.58
 1.64  2.80  4.74  6.13  7.18  8.72 10.47 12.36 13.30 14.94 16.29 17.39 18.82 20.22 20.47 21.30 21.09 20.77 20.46 20.26 20.02 21.06 21.36
traj-53:
22.70 22.26 22.06 22.38 22.49 23.45 24.85 26.76 27.31 28.88 30.19 30.64 31.48 31.11 30.25 30.25 30.12 30.09 30.15 30.15 30.18 30.22 30.34 30.47 30.66
 1.76  3.21  3.95  5.70  5.98  7.59  8.55  9.00  8.99  9.75 10.40 11.60 13.32 14.41 15.79 16.49 18.03 18.60 20.56 22.27 23.82 25.36 26.82 28.33 30.28
traj-54:
23.44 22.27 21.69 21.37 20.42 19.29 18.15 16.20 15.09 13.45 12.03
 0.88  2.43  3.33  4.91  4.80  4.86  4.88  4.96  4.95  5.27  6.03
traj-55:
22.79 22.57 22.36 22.25 22.17 22.16 22.42 22.76 22.77 22.79 23.00 22.55 21.97 21.53 20.09 18.09 17.23 15.49 14.20 12.55 11.55
 1.17  2.49  3.55  4.78  6.58  7.73  9.54 11.50 13.07 13.61 15.51 17.14 18.63 19.76 21.05 21.22 21.13 21.01 21.42 22.34 23.44
traj-56:
23.77 23.30 22.38 22.38 22.73 22.83 22.91 23.96 25.68 26.58 28.06 29.84 30.29 30.30 30.58 30.90 31.29 30.89 30.70 30.39 30.24 30.65 30.59 30.94 30.94 31.33 32.34 33.29
 0.41  0.68  2.25  3.28  5.22  7.12  7.81  8.90  9.15  9.21  9.31  9.77 10.10 11.89 13.86 15.14 16.75 18.56 20.34 22.29 24.22 26.15 28.03 29.38 31.24 31.69 32.72 33.64
traj-57:
22.68 22.08 21.01 19.68 18.51 16.75 15.52 14.89 14.07 12.32 10.71  9.25  8.46  7.82
 1.17  2.31  3.77  4.41  4.58  4.76  6.29  7.87  8.16  8.11  7.78  7.59  6.14  5.71
traj-58:
21.33 21.71 21.96 22.50 22.61 22.44 22.44 22.39 22.31 22.40 22.43 22.55 22.05 20.55 19.20 18.17 16.20 14.41 12.60 10.70  9.08  7.51  6.14
 0.66  2.09  3.09  4.91  6.76  8.48 10.08 10.99 12.79 13.97 15.89 17.62 18.94 20.10 20.71 20.93 20.81 21.19 21.45 21.77 21.98 22.34 22.68
traj-59:
22.60 22.79 22.97 23.16 23.46 24.95 25.79 27.74 29.55 31.16 31.19 30.61 30.59 30.51 30.34 30.27 30.36 30.36 30.84 31.78 32.87
 1.35  3.11  4.77  6.26  7.39  8.61  8.66  8.99  9.37 10.16 11.67 13.09 15.06 17.01 18.22 19.51 21.22 22.31 24.20 24.82 25.66
traj-60:
22.31 22.11 21.82 20.06 18.90 17.42 15.94 14.56 14.33 12.48 11.44
 0.88  1.71  3.41  4.21  4.16  4.12  4.10  5.07  5.32  4.93  4.79
traj-61:
22.16 22.56 22.83 23.06 23.33 23.58 23.59 23.49 23.43 23.27 23.19 23.30 22.91 21.86 20.20 18.90 17.09 15.34 13.90 12.04 10.87  8.93
 1.71  3.55  5.06  6.20  7.64  9.56 11.50 11.99 13.90 15.63 16.93 18.43 19.69 20.05 20.21 20.46 20.73 20.94 21.02 21.24 21.44 21.82
traj-62:
23.76 22.91 22.25 22.43 22.79 22.92 23.44 23.60 23.83 24.08 25.95 27.42 29.38 31.02 31.96 32.94 33.39
 1.12  1.81  3.00  4.90  6.64  6.91  8.57  8.82  9.01  9.88  9.82  9.89  9.93 10.56 11.68 12.85 13.23
traj-63:
23.16 22.10 20.93 19.31 17.58 16.99 15.15 13.31 11.42 10.84
 0.82  2.39  3.64  4.40  4.51  4.60  4.85  4.86  4.70  4.57
traj-64:
23.60 23.45 22.81 22.94 23.01 23.02 22.79 22.52 22.17 22.67 23.05 22.95 22.47 21.58 20.32 18.95 17.08 15.38 13.53 12.34
 1.33  1.75  3.57  5.39  6.18  7.79  9.73 11.49 13.36 14.39 15.09 17.01 17.81 19.04 20.35 20.67 20.99 20.99 21.05 21.06
traj-65:
23.06 23.11 23.00 22.94 22.98 23.36 24.89 25.75 27.13 28.88 29.18 30.03 30.16 30.20 30.19 30.24 30.44 30.56 30.55 30.59 30.49 30.31 30.49 30.92 31.37 32.03 32.71 33.38
 0.59  2.13  3.98  5.42  7.18  7.99  9.07  9.09  9.15  9.47  9.52 10.65 12.52 14.02 14.57 16.25 17.32 19.02 19.32 21.23 22.15 23.86 25.45 27.30 28.47 29.79 31.19 32.43
traj-66:
23.64 23.34 22.11 21.53 19.79 19.20 17.74 16.87 14.98 13.81 12.15 10.43  9.19  8.28  6.81  6.57  5.08
 1.10  1.12  2.53  4.13  4.74  4.77  4.82  4.89  5.53  7.01  8.07  7.80  7.15  6.65  5.50  5.32  4.38
traj-67:
22.07 22.35 22.70 22.64 22.81 22.46 22.31 21.50 21.36 21.47 22.16 22.95 23.15 22.43 21.74 20.52 18.86 17.89 16.33 15.31 13.75 11.87 11.30  9.77  8.34  8.06  6.20
 1.40  2.38  3.44  5.20  7.08  8.98  9.24 10.44 11.42 12.45 13.79 15.58 16.13 17.76 18.83 20.04 20.42 20.54 20.72 20.81 20.95 20.97 21.48 22.51 23.59 23.69 24.28
traj-68:
22.91 23.01 22.31 22.24 22.06 21.95 22.48 24.21 25.73 27.59 29.07 30.77 32.19 33.24
 0.92  1.48  3.26  3.77  4.01  5.92  7.56  8.37  8.65  8.83  9.05  9.41 10.48 12.13
traj-69:
21.65 22.13 22.20 20.69 19.05 17.29 17.00 15.24 13.52 11.88 10.45
 1.20  3.07  3.37  4.64  4.30  4.46  4.50  4.67  4.58  4.64  5.01
traj-70:
23.03 22.99 23.02 23.09 23.16 23.01 22.92 22.96 23.31 23.32 22.98 22.44 22.05 21.70 20.09 18.32 16.51 14.61 14.04 12.33 10.43  9.04  8.20  6.70  6.09
 1.89  3.62  4.69  6.57  7.55  9.49 11.33 11.99 13.93 14.10 16.01 17.80 18.89 19.66 20.52 20.60 20.89 20.97 20.95 20.60 20.74 21.32 21.90 22.90 23.40
traj-71:
22.62 22.44 22.41 22.20 21.53 21.72 23.51 24.66 26.50 28.26 29.05
 1.58  3.38  3.68  5.58  7.23  8.42  8.84  9.04  9.33  8.78  8.66
traj-72:
22.50 22.51 21.75 19.87 17.89 16.75 15.82 15.58 14.42 14.12 12.33 11.81 10.15  8.42
 1.91  3.49  4.98  4.73  4.65  4.65  6.23  7.05  8.63  8.60  8.55  8.50  8.37  8.44
traj-73:
22.76 23.12 23.18 23.02 22.80 22.65 22.61 22.23 22.19 21.79 22.01 22.52 23.11 22.56 21.51 19.58 17.72 17.42 15.44 14.11 12.69 11.00
 1.41  3.10  3.39  5.32  7.21  8.55 10.51 12.13 12.86 14.66 16.48 17.20 18.16 20.01 20.92 21.09 20.48 20.44 20.42 20.41 20.16 19.51
traj-74:
22.98 22.71 22.33 21.99 21.85 21.75 22.89 23.78 25.75 26.92 28.63 29.46 30.04 30.01 30.03 30.13 30.15 30.29
 1.52  3.32  4.71  5.59  7.56  9.28  9.65  9.57  9.40  9.31  9.55  9.90 10.34 12.15 12.97 14.32 15.79 17.56
traj-75:
21.07 21.08 21.07 19.86 18.71 16.83 15.95 14.81 13.66 12.29 10.57  9.26  7.66  6.98  5.03
 1.17  2.27  3.83  4.39  4.52  4.81  6.27  7.59  7.44  7.35  7.07  6.88  6.75  6.69  6.45
traj-76:
21.40 21.81 22.22 22.77 23.54 23.84 23.77 23.37 23.20 23.20 23.17 22.05 21.30 20.93 18.96 18.75 17.11 16.00 14.03 12.39 11.64
 1.76  3.37  4.66  6.56  7.78  9.60  9.89 11.70 13.55 14.40 16.29 17.89 19.61 20.08 20.05 20.26 21.05 20.96 20.86 20.68 20.64
traj-77:
23.16 22.87 22.66 22.69 23.18 23.35 24.63 25.68 27.05 27.88 29.23 30.12 30.19 30.18 30.20 30.15 30.10 30.18 30.24
 1.64  2.58  4.28  6.19  7.05  7.15  8.64  8.93  8.99  9.05  9.22 10.41 11.90 12.83 14.21 15.96 17.68 19.11 19.95
traj-78:
22.97 22.79 21.81 20.46 19.03 17.26 15.90 15.14 13.83 12.74
 1.37  1.62  3.14  4.39  4.52  4.64  4.78  5.66  6.72  7.69
traj-79:
21.49 21.85 21.56 21.41 21.58 21.90 22.44 22.73 23.03 22.98 22.96 22.75 22.25 21.30 20.37 18.83 17.72 16.64 15.08 13.28 11.30 10.74
 1.27  2.76  3.72  5.40  6.05  7.36  8.91  9.75 11.65 13.56 15.19 17.12 18.88 19.84 20.70 20.88 20.70 20.62 20.40 20.59 20.81 20.86
traj-80:
22.94 23.06 23.03 22.95 23.35 24.89 26.00 27.35 28.48 29.63 30.49 30.39 30.26 30.23 30.18 30.18 30.51 30.65 31.44 32.72 33.52 33.70 34.42
 1.79  3.51  4.07  6.04  7.44  8.48  8.66  8.97  9.22  9.69 11.00 12.73 14.31 16.30 17.67 19.35 21.13 22.77 23.83 25.32 26.98 27.36 28.71
traj-81:
21.90 21.92 22.85 22.22 20.65 18.71 16.80 15.23 13.51 12.52 10.76 10.02  8.78
 0.80  2.65  4.05  5.63  4.78  4.32  4.31  4.57  5.36  5.85  5.49  5.33  5.04
traj-82:
22.68 23.22 22.75 22.40 22.66 22.97 23.59 23.78 23.74 23.50 23.50 23.19 22.82 22.00 21.65 19.82 18.74 16.95 15.65 14.77 13.33 11.77 10.14  8.53  7.36  6.75
 1.24  2.65  4.37  5.13  7.08  7.94  9.83 11.59 11.88 13.75 14.05 16.01 17.89 19.39 20.03 20.66 20.71 20.95 20.88 20.78 20.86 21.31 21.59 22.49 23.19 23.57
traj-83:
22.06 22.67 22.83 23.06 22.61 22.20 21.83 23.65 24.80 25.97 27.40 29.12 30.14 30.21 31.85 32.95
 1.43  2.02  2.27  4.18  5.82  7.37  8.83  9.57  9.53  9.46  9.37  9.58 11.27 13.10 14.24 15.49
traj-84:
22.32 22.08 21.39 20.25 18.79 18.21 16.73 14.98 14.49 13.53 11.99 10.52  9.41  8.01
 1.36  2.08  3.68  4.56  4.64  4.67  4.79  5.36  6.27  7.28  8.43  8.39  8.33  8.31
traj-85:
23.73 23.53 23.28 23.13 22.97 22.84 22.75 22.59 22.65 22.56 22.82 22.92 22.98 22.30 22.00 20.56 18.76 17.45 16.28 14.93 13.13 11.83 10.93  9.88  8.11
 0.77  1.98  3.43  4.77  6.16  7.78  8.27  9.45 11.14 12.80 14.75 15.65 17.36 19.21 19.67 20.92 21.06 21.06 21.08 20.95 20.87 21.37 21.66 21.89 22.23
traj-86:
23.48 23.35 22.57 22.68 23.11 23.12 23.09 24.23 25.87 27.23 28.87 30.49
 0.54  0.81  2.35  3.92  5.54  6.10  7.74  8.99  9.79  9.58  9.42  9.44
traj-87:
22.27 22.05 21.48 19.88 19.02 17.59 16.99 15.84 14.96 13.82
 0.71  1.54  3.33  4.08  4.16  4.29  4.34  5.63  6.91  6.04
traj-88:
21.95 22.86 23.63 23.61 23.60 23.60 23.72 23.80 23.87 23.89 23.81 23.45 22.70 22.20 20.56 19.20 17.53 16.06 15.51 13.96 12.84 12.37
 0.89  1.36  3.03  4.99  6.60  7.16  8.96 10.36 12.11 12.99 14.43 16.34 18.16 19.34 20.12 20.37 20.63 21.04 21.09 21.34 22.40 22.91
traj-89:
21.98 22.01 21.83 21.82 22.22 22.45 23.94 25.38 27.33 29.19 30.53 30.78 30.63 30.53 30.36 30.35 30.50 30.53 30.64 30.74
 1.60  2.17  3.68  5.59  7.15  7.69  8.81  8.88  8.98  9.11 10.34 10.95 12.41 14.14 15.94 17.26 19.25 20.69 22.59 24.03
traj-90:
23.56 23.28 21.59 19.96 18.22 16.48 15.88 14.65 14.91 14.94 14.39 13.05
 1.70  2.79  3.82  4.03  4.13  4.23  4.24  5.12  6.96  7.26  8.93  9.45
traj-91:
23.73 23.64 23.08 23.08 23.09 22.92 22.98 22.85 22.90 22.95 22.77 23.11 23.23 22.12 21.73 20.17 18.34 18.20 16.23 14.82 13.91 12.74 10.86  9.79  8.14
 1.32  1.87  3.73  4.82  6.75  7.95  9.40 11.32 12.07 12.56 14.53 15.70 17.48 19.11 19.47 20.25 20.70 20.64 20.86 20.83 20.79 20.78 20.72 20.79 21.68
traj-92:
22.06 22.35 22.53 22.78 23.25 23.29 23.17 23.15 24.73 26.10 28.07 29.40 29.68
 1.30  2.66  3.95  4.90  6.56  7.43  9.27 10.88  9.98  9.85  9.70  8.45  8.14
traj-93:
22.86 22.15 21.54 21.13 20.22 18.76 17.27 15.92 14.62 13.06 11.71  9.99  8.78  7.33  7.04
 0.46  1.93  3.27  3.80  4.66  4.72  4.77  4.93  5.26  5.57  5.86  6.32  6.87  7.93  7.99
traj-94:
22.44 22.59 22.54 22.60 22.73 23.01 22.97 22.61 22.39 22.70 22.49 22.80 22.95 22.58 22.22 20.70 19.94 18.10 16.61 15.53 13.59 12.76
 0.44  1.48  2.98  3.75  5.63  7.44  8.19 10.15 11.09 13.01 14.28 16.23 17.60 19.27 19.92 20.54 20.50 20.41 20.64 20.80 20.81 20.78
traj-95:
21.69 21.99 22.52 22.55 22.75 22.99 23.48 24.69 26.30 27.92 29.39 30.04 30.04 30.09 30.11 30.12 30.15 30.16 30.27 30.32 30.49 31.05 31.23
 0.91  1.73  3.52  4.16  5.76  6.60  8.49  8.86  9.06  8.94  9.59 10.53 12.10 14.02 15.50 16.86 18.67 19.91 21.35 23.09 24.81 26.62 27.09
traj-96:
22.48 22.45 22.28 21.36 19.90 18.15 17.56 15.96 14.71 13.37 11.56 10.02
 1.86  2.86  4.21  4.84  4.63  4.70  4.75  4.98  6.09  7.00  6.92  6.82
traj-97:
22.67 22.60 22.52 22.51 22.47 22.14 21.12 21.48 21.86 22.47 22.15 21.58 21.10 19.41 17.47 17.18 15.18 13.56 11.71 10.47
 1.27  2.93  4.80  6.13  7.39  8.18  9.74 11.23 12.98 14.70 16.56 18.37 20.07 20.71 20.51 20.43 20.59 20.14 19.60 19.53
traj-98:
23.42 23.25 22.99 23.02 23.16 23.34 23.35 24.74 26.49 27.90 29.09 30.04 30.50 31.06 30.46 30.42 30.30 30.24 30.33 30.92 31.30 32.19 32.80 33.51 34.34
 1.14  1.39  3.31  3.61  5.37  7.26  7.80  9.10  8.93  9.76  9.79 10.95 11.83 13.32 15.08 16.51 18.49 19.54 21.22 22.98 24.87 26.43 27.65 29.08 30.85
traj-99:
22.42 22.63 22.58 21.23 19.39 17.94 16.28 15.64 13.98 12.89 11.11  9.87  8.28  6.46  5.02
 1.24  3.12  4.54  5.47  4.87  4.84  4.98  5.40  6.24  6.60  7.25  6.90  6.65  6.38  6.11
traj-100:
21.58 21.87 22.68 22.92 23.12 23.23 23.03 22.13 21.65 21.81 22.30 22.19 21.71 21.08 19.56 18.76 17.15 15.56 14.73 12.81 11.08
 1.76  2.28  3.88  5.20  6.05  7.71  9.59 11.37 12.06 13.94 15.66 16.72 18.17 19.44 20.17 20.35 21.03 21.00 20.99 20.94 21.38
traj-101:
22.32 22.72 23.21 22.96 22.80 23.47 25.01 25.25 27.08 28.50 30.25 31.73 32.26
 0.63  1.78  3.27  4.95  5.95  7.56  8.54  8.71  9.18  9.24  8.97  8.62  8.42
traj-102:
23.22 23.02 22.07 20.42 18.93 17.15 16.05 15.85 15.39 13.49 12.25
 1.52  1.75  3.45  4.17  4.21  4.27  4.37  4.59  4.71  4.75  4.20
traj-103:
23.71 23.11 22.74 22.69 22.62 22.50 22.66 23.25 23.30 23.22 23.12 22.65 22.04 20.95 19.11 17.79 16.03 14.31 14.01 12.20 10.95  9.63  9.15  7.80
 1.33  2.91  3.98  5.88  6.67  8.59  9.13 10.78 12.61 14.01 15.64 16.90 18.74 20.21 20.51 20.42 20.43 20.35 20.31 20.49 21.85 22.69 22.96 23.55
traj-104:
23.55 22.96 22.90 22.84 22.47 22.26 23.64 24.41 26.09 27.25 29.03 30.00 30.10 30.10 30.14 30.17 30.18 30.17 30.15 30.16 31.38 31.99 32.81 33.64
 1.85  3.61  4.27  4.94  6.43  7.92  8.56  8.85  9.18  9.36  9.62 10.71 12.48 14.34 15.89 17.59 19.33 19.92 21.46 22.06 23.54 24.58 25.77 26.85
traj-105:
22.85 22.97 23.60 23.70 23.30 22.49 21.12 19.51 18.35 16.88 15.29 14.95 13.09 12.57 10.65 10.18  8.71  7.17
 0.81  1.08  2.23  3.39  5.03  6.38  5.18  4.63  4.70  4.74  5.67  6.10  6.40  6.38  5.82  5.62  5.08  4.25
traj-106:
21.87 22.77 23.12 23.46 23.47 23.49 23.63 23.40 23.11 23.23 23.12 22.70 22.48 21.78 21.10 21.03 19.16 18.38 16.58 14.67 12.94 11.05  9.55  8.74
 0.97  2.70  3.25  4.71  5.58  6.99  8.92 10.27 11.51 13.40 14.53 15.70 16.60 18.02 19.76 19.96 20.31 20.43 21.01 20.67 20.38 20.43 21.63 22.29
traj-107:
21.57 21.87 22.37 22.74 23.07 24.19 25.97 26.80 28.66 28.95 30.63 31.32 31.57 31.08 30.69 30.35 30.25 30.29 30.26 30.50 31.20 31.44 31.96 32.40 33.85
 0.65  2.45  4.38  6.22  7.58  8.99  8.95  8.91  9.14  9.22  9.86 10.28 11.92 13.71 15.19 16.70 17.67 19.08 19.76 21.13 22.96 24.16 26.05 26.80 28.02
traj-108:
21.19 21.61 21.96 21.87 20.76 19.61 18.45 16.96 15.10 14.80
 1.09  1.86  3.61  3.97  4.87  4.89  4.87  4.82  4.74  4.70
traj-109:
22.90 22.24 21.74 21.92 22.14 22.23 22.39 22.51 22.54 22.65 22.78 22.96 23.01 22.00 21.04 19.92 18.80 17.94 16.26 14.29 12.96 11.63 10.08  9.84
 1.36  1.82  3.66  4.70  6.61  7.63  8.85 10.83 11.58 13.37 14.51 16.32 17.11 18.36 19.06 20.60 20.81 21.01 20.86 21.18 21.80 23.23 24.40 24.59
traj-110:
21.70 22.20 22.38 22.62 22.62 23.37 24.67 26.43 27.83 28.71 30.32 30.42 30.44 30.44 30.47 30.37 30.49 30.96 31.29 31.39
 1.91  3.13  4.88  6.86  8.80  9.87  8.97  8.93  9.16  9.30  9.90 11.77 13.75 14.92 16.17 17.87 18.33 19.98 21.61 22.27
traj-111:
22.43 22.11 21.38 20.20 19.05 17.30 16.03 15.14 13.48 12.25 10.38  9.98  8.11  6.49
 1.24  1.88  3.45  4.30  4.47  4.65  4.76  5.31  5.94  7.14  7.54  7.70  7.96  7.45
traj-112:
22.75 22.64 22.43 22.26 22.00 22.49 22.68 22.41 22.12 21.31 21.73 22.22 21.67 21.16 19.35 19.05 17.27 16.21 14.51 13.02 11.65
 1.47  2.21  3.94  4.91  6.53  8.33 10.15 11.85 12.28 13.52 14.74 16.67 18.38 19.98 20.58 20.58 20.82 21.08 21.13 21.12 21.13
traj-113:
23.15 23.76 23.85 23.54 23.19 23.04 24.30 25.69 27.20 28.36 29.23 30.37 30.24 30.24 30.26 30.20 30.26 30.61 31.31 31.96 32.35 33.06 33.48 34.26
 1.95  2.22  2.51  4.42  5.22  7.06  8.35  8.82  9.33  9.61  9.83 11.33 12.31 13.47 15.01 16.71 18.07 19.94 21.74 23.50 24.82 26.65 27.61 29.31
traj-114:
22.86 21.80 21.17 19.70 18.25 17.67 15.77 15.09 14.70 13.07 11.42  9.60  8.38  6.66  5.52
 1.58  3.02  3.48  4.12  4.28  4.32  4.56  5.06  5.51  6.37  6.06  5.68  5.25  4.77  4.41
traj-115:
21.76 22.23 22.75 22.66 22.65 22.30 21.36 21.34 21.55 21.68 21.80 22.53 23.04 22.12 20.49 20.01 18.12 16.12 16.01 15.09 13.83 12.93 11.22  9.76  7.78
 1.83  2.87  3.92  5.73  7.00  8.61  9.45  9.75 11.52 12.67 14.33 16.01 17.45 19.08 20.19 20.23 20.35 20.41 20.57 20.74 20.61 20.29 19.46 19.48 19.61
traj-116:
23.33 23.02 22.93 22.81 23.13 24.38 26.31 27.93 29.61 30.83 31.57 33.35 34.10
 1.69  3.04  4.94  5.36  7.21  8.48  8.84  9.10  9.48 10.64 11.37 11.81 10.03
traj-117:
23.62 23.48 23.02 22.98 21.55 19.77 19.19 17.75 16.56 15.26
 0.98  1.25  2.97  4.42  4.93  4.75  4.74  4.73  4.73  6.15
traj-118:
23.72 23.01 23.15 23.22 23.44 23.46 23.26 23.16 22.63 22.13 22.20 22.79 23.11 23.00 22.62 21.66 20.60 19.47 17.72 16.14 14.50 12.53 11.79 10.17  9.43
 0.79  2.63  2.90  3.19  4.60  6.01  7.81  8.09  9.77 11.67 12.38 14.27 15.70 16.83 17.81 19.45 20.61 21.24 21.16 21.04 20.75 20.58 20.63 21.11 21.22
traj-119:
23.11 22.94 22.02 22.35 22.48 22.53 23.79 25.50 27.15 28.84 30.76 31.95 32.56
 0.93  1.18  2.80  4.55  6.35  7.53  8.91  9.01  9.10  9.22  9.66 10.23 11.50
traj-120:
22.53 21.91 20.38 19.22 18.16 16.97 15.27 14.16 12.94 11.28  9.37  8.00  6.75
 1.92  3.44  4.55  4.54  4.50  4.51  4.70  5.53  6.14  5.96  5.41  4.83  4.27
traj-121:
23.15 23.13 23.01 23.16 23.25 23.32 23.48 23.75 23.67 23.52 23.40 23.17 22.58 21.42 19.65 17.86 16.37 14.39 12.73 11.97 10.21
 0.80  1.10  2.97  4.40  6.33  8.23  8.78 10.65 12.23 13.93 15.31 17.26 19.00 20.47 20.38 20.43 21.02 21.14 21.65 21.91 22.45
traj-122:
21.27 22.46 23.36 23.40 23.47 23.84 25.03 26.53 28.28 29.47 30.85 32.15
 1.72  2.28  3.58  5.29  6.16  8.10  8.07  8.09  8.17  8.23  8.63  9.11
traj-123:
22.41 21.65 20.06 18.90 17.44 16.28 15.06 13.32 11.61  9.79  9.47  7.83  6.44  5.27
 1.25  2.96  4.03  4.24  4.37  4.39  5.02  5.69  6.33  6.40  6.17  7.15  6.68  6.13
traj-124:
23.74 22.89 22.93 22.64 22.52 22.47 22.79 23.00 22.87 22.78 22.68 21.58 21.07 19.28 18.98 17.05 15.24 14.14 13.00 12.50 10.71  8.74
 1.85  3.27  4.92  6.83  8.57 10.12 11.92 13.62 15.35 16.42 17.78 19.33 20.00 20.65 20.66 20.52 20.36 20.22 20.13 19.81 19.46 19.58
traj-125:
21.96 22.00 22.04 22.21 22.94 23.57 23.92 24.48 25.80 27.52 29.24 30.19 31.13 31.13 30.64 30.59 30.37 30.54 31.46 32.43 32.97
 0.63  1.73  3.56  5.31  6.74  8.62  8.58  8.85  9.76  9.80  9.96 11.71 13.31 13.61 15.35 16.68 17.76 19.44 20.89 22.21 22.91
traj-126:
22.56 21.71 21.60 20.29 18.55 16.81 15.66 14.44 13.34
 0.46  1.94  2.89  4.18  4.41  4.57  5.98  7.22  7.09
traj-127:
23.49 22.80 22.22 22.03 22.12 22.14 22.16 22.17 22.17 22.46 22.86 22.42 22.18 21.54 21.07 20.13 18.60 17.48 15.62 13.68 12.18
 1.64  2.72  3.51  4.89  6.75  8.55  9.15 11.03 11.76 13.62 14.76 15.86 16.66 18.47 19.56 20.52 21.10 20.99 20.71 20.67 20.78
traj-128:
23.51 23.34 22.80 23.00 23.18 23.45 24.89 25.75 27.41 29.04 30.18 30.24 30.48 30.73 30.84 31.06 31.10 31.07 31.07
 1.38  1.63  3.51  4.84  6.46  7.87  9.03  8.95  8.84  9.81 11.37 11.94 13.54 15.49 16.70 18.61 20.32 20.62 22.60
traj-129:
22.83 22.34 21.52 20.20 18.43 16.68 15.19 13.54 11.65 10.37  8.67  7.09  6.36
 0.86  2.17  3.89  4.87  4.87  4.83  5.84  6.72  6.66  6.27  6.01  5.53  5.26
traj-130:
23.30 23.31 23.23 23.08 22.97 22.90 22.75 22.73 23.00 23.25 23.31 23.03 22.08 21.53 19.83 18.79 17.11 16.45 14.57 13.85 11.89 10.55  9.16  8.17  7.22  6.18  5.12
 1.11  3.07  3.60  5.13  6.81  8.04 10.01 11.97 13.28 14.14 15.67 17.04 18.32 19.52 20.17 20.21 20.46 20.56 20.85 20.76 20.71 20.53 20.87 21.49 22.18 22.97 23.89
traj-131:
22.76 22.81 22.89 22.87 23.11 23.21 24.38 26.34 28.00 29.32 30.07 30.09 30.14 30.14 30.15 30.57 31.49 32.01 33.49 33.81
 1.00  1.87  3.40  5.00  6.85  7.14  8.52  8.37  8.23  8.46 10.23 12.04 13.67 15.44 16.58 18.37 19.92 20.21 21.09 21.30
traj-132:
22.26 22.89 23.15 22.25 20.73 18.93 17.80 16.64 15.14 13.90 12.59 10.76  9.26  8.06  6.89
 1.08  2.55  4.21  5.94  4.97  4.77  4.69  4.60  5.48  5.91  6.15  6.42  5.82  5.52  5.12
traj-133:
22.83 23.07 23.33 23.17 23.09 22.81 22.27 21.69 21.73 21.98 21.99 22.12 22.14 21.49 21.21 20.61 18.87 17.16 15.73 14.29 12.60 12.15 10.60  8.80  8.08
 1.79  2.34  4.31  5.65  6.48  8.35 10.03 11.76 12.68 13.95 15.31 15.93 16.23 18.09 18.79 20.27 20.59 21.01 21.36 21.74 22.63 22.96 23.83 24.15 24.69
traj-134:
21.89 21.87 22.01 22.12 22.46 23.06 23.21 24.97 26.41 27.81 29.27 30.09 30.13 30.11 30.10 30.12 30.12 30.12 30.16 30.15 30.13 30.11 30.09 30.09 30.13 30.20
 1.54  3.49  5.47  7.09  8.42 10.23 10.72  9.82  9.64  9.78  9.87 11.32 12.97 14.11 15.82 17.51 19.14 21.12 23.11 24.29 25.16 26.60 27.49 28.65 30.40 31.88
traj-135:
23.65 23.12 21.70 20.93 19.20 17.72 15.75 14.53 12.96 11.03  9.22  7.80  6.37
 1.98  2.71  4.08  4.48  4.77  4.85  4.96  6.23  7.20  6.91  6.31  6.27  6.21
traj-136:
23.06 23.01 22.91 22.54 22.27 22.74 23.36 23.44 22.97 22.06 21.59 21.43 22.47 22.36 21.24 19.95 18.23 16.78 16.19 14.21 12.61 11.81 10.86  9.48  8.12  6.26  5.68
 0.75  1.26  2.82  4.55  5.49  7.31  8.39 10.37 11.42 12.98 13.61 15.59 17.05 18.81 19.94 20.09 20.09 20.29 20.28 20.16 20.09 19.76 19.86 20.12 20.57 21.02 21.16
traj-137:
21.43 21.91 22.25 22.30 22.83 22.85 24.41 25.45 26.64 28.36 30.17 30.75 32.47 33.23
 1.55  2.78  3.61  4.87  6.79  7.04  8.25  8.19  8.12  8.28  8.79  8.96  9.49  9.74
traj-138:
23.62 22.48 21.72 19.78 18.29 17.72 16.20 15.38 14.17 13.58 11.61  9.87  9.36  7.46  6.91
 1.94  3.13  4.18  4.60  4.70  4.76  4.95  6.16  7.41  8.28  8.34  8.35  8.24  8.25  8.21
traj-139:
22.79 22.76 22.84 22.78 22.89 23.07 23.09 23.01 23.11 23.21 23.06 22.69 22.24 21.12 19.74 18.59 17.47 16.97 16.12 14.57 13.79 12.68 12.04
 0.68  1.96  3.90  5.49  6.75  8.25  9.31 11.15 13.04 14.17 15.26 16.81 18.44 19.51 20.14 20.42 20.62 20.74 20.99 21.46 21.73 22.36 23.21
traj-140:
23.35 22.43 22.28 22.68 22.94 23.29 23.81 25.42 27.20 28.89
 0.80  2.38  2.64  4.51  5.49  7.21  7.90  8.90  9.11  9.29
traj-141:
22.24 22.09 21.38 20.72 19.37 18.19 16.76 15.45 14.41 13.54 11.77 11.48
 1.81  2.17  3.81  4.47  4.78  4.69  4.48  5.33  7.02  8.23  9.08  9.18
traj-142:
22.47 22.16 22.11 22.10 22.27 22.42 22.41 22.46 22.57 22.68 22.47 22.30 21.54 21.15 19.63 18.10 16.16 15.32 13.93 12.24 10.86  9.36  8.80
 1.43  3.33  5.05  6.87  8.01  9.64 11.37 12.71 13.69 15.37 16.25 17.57 19.16 19.94 21.03 20.85 20.93 20.97 21.08 21.76 22.46 22.95 23.14
traj-143:
22.00 22.94 22.92 22.89 23.09 23.19 24.39 26.02 26.84 28.79 30.49 32.25 33.05
 1.02  2.76  4.71  5.01  6.81  7.09  8.49  8.96  8.97  8.97  9.19  9.36  9.36
traj-144:
21.40 21.75 21.87 21.19 19.72 18.85 17.69 15.77 13.95 12.78 11.39  9.48
 0.95  2.83  4.70  5.34  4.63  4.63  4.63  4.66  5.13  4.96  4.69  4.31
traj-145:
22.19 22.43 22.68 22.98 23.06 23.21 22.88 22.63 22.51 22.75 22.04 21.53 21.71 21.07 19.56 18.03 16.70 15.68 14.17 12.74 11.13  9.17  7.55  6.79
 0.60  2.57  4.36  5.98  7.10  8.15  9.95 11.75 13.16 14.16 15.67 17.57 19.10 19.60 20.24 20.62 20.45 20.59 20.75 21.21 21.31 21.47 22.14 22.84
traj-146:
22.75 22.01 21.80 22.52 23.38 23.29 24.92 26.62 28.32 29.44
 0.91  2.51  4.26  5.48  6.94  8.70  9.71  9.71  9.78  9.80
traj-147:
21.98 22.67 23.12 22.90 21.36 19.55 18.12 16.64 15.40 15.18 13.79 12.76 11.10  9.25  7.63  5.85  5.56
 1.09  2.59  3.53  5.20  5.41  4.84  4.85  4.84  6.19  6.75  7.92  7.80  7.58  7.34  7.00  6.23  6.15
traj-148:
23.57 22.94 22.50 21.89 22.03 22.69 22.80 22.52 22.34 22.26 22.70 22.58 22.07 21.82 21.07 20.49 18.64 17.54 15.88 15.34 13.70 12.53 10.84 11.29 11.44
 1.73  3.22  4.48  5.82  6.62  8.46  9.21 10.96 12.17 13.46 14.93 15.16 17.02 18.84 19.51 20.29 20.72 20.97 21.32 21.47 21.80 21.84 21.93 19.99 18.95
traj-149:
22.41 22.65 22.96 23.11 23.14 23.73 23.80 25.37 26.81 27.68 29.60 30.49 31.58 32.79 33.64 34.04
 0.89  2.28  4.23  5.95  7.09  8.95  9.89  9.89  9.91  9.89  9.98 10.38 10.70 11.06 11.31 11.74
traj-150:
21.83 21.79 21.56 21.27 19.49 17.73 16.86 15.86 15.33 13.77 13.18
 1.06  2.83  3.77  3.85  4.57  4.62  4.65  5.18  5.81  6.87  6.77
traj-151:
22.11 22.44 22.62 22.98 23.14 23.30 23.64 23.84 23.67 23.58 23.50 23.28 23.11 22.94 21.24 20.66 19.23 17.95 16.12 15.03 13.23 12.29 10.38  8.76  7.88  6.35
 0.45  2.14  2.97  4.93  6.03  7.42  8.94 10.84 12.72 14.68 16.10 17.81 19.51 20.36 21.05 21.01 20.90 20.83 20.97 21.28 21.90 22.51 22.99 23.18 23.30 23.54
traj-152:
21.77 22.81 23.42 23.54 23.63 23.91 24.04 25.92 27.41 29.23 30.98 31.84 33.12 33.14
 0.54  2.16  4.06  5.50  6.07  7.95  8.22  8.61  8.84  8.89  8.94  8.93  7.61  7.31
traj-153:
23.68 22.71 21.94 21.28 19.50 18.94 17.48 15.70 14.00 13.30 12.80 11.37  9.65  8.02  6.62
 0.96  2.26  3.78  4.43  4.55  4.49  4.43  4.68  5.68  6.22  6.79  6.95  6.80  5.66  4.48
traj-154:
22.73 22.73 22.57 22.34 22.19 22.40 22.41 22.56 22.83 23.03 23.06 22.25 21.33 19.49 17.95 16.49 14.67 13.05 11.27  9.97
 1.13  2.05  3.61  5.55  5.81  7.79  9.60 10.65 12.27 14.11 16.03 17.85 19.47 20.02 20.19 20.50 20.49 20.08 19.51 19.90
traj-155:
22.56 22.19 21.82 22.25 23.24 23.99 25.18 26.84 28.52 29.53 31.29 32.76 33.66
 0.46  2.02  3.68  5.59  7.28  8.05  8.13  8.23  8.15  8.39  8.75  9.53 10.14
traj-156:
23.38 22.97 22.15 21.01 19.29 17.51 16.43 15.12 14.84 14.14
 0.78  1.54  2.66  3.69  4.02  4.22  4.36  5.72  5.83  6.03
traj-157:
21.68 22.31 22.69 23.12 23.12 23.29 22.82 22.38 22.05 22.72 22.79 22.34 22.21 20.80 20.14 18.23 17.73 15.84 14.31 12.64 11.67
 0.86  2.60  4.43  6.08  7.46  8.74 10.53 11.53 13.46 14.45 16.41 18.24 18.82 20.22 20.44 20.46 20.28 20.52 20.76 21.25 21.72
traj-158:
22.86 22.72 22.67 22.87 23.40 23.93 25.64 27.33 29.08 30.01 30.14 30.21 30.52 30.73 31.12
 1.56  3.38  4.28  6.25  8.00  8.86  9.48  9.60  9.70 11.32 12.74 14.24 15.88 17.00 18.31
traj-159:
23.37 22.18 21.29 19.60 17.96 16.81 15.90 15.38
 1.51  2.75  3.98  4.81  4.66  4.38  5.56  6.23
traj-160:
23.60 22.31 22.12 22.49 22.66 23.10 22.94 22.92 23.05 23.35 23.41 23.47 23.07 22.93 21.31 19.82 18.35 16.67 16.10 14.25 13.77 12.14 10.47  9.25
 1.48  2.05  3.90  5.75  6.94  8.77  9.87 11.63 12.20 13.66 15.07 16.85 18.50 19.08 20.18 20.13 20.23 20.32 20.40 21.11 21.32 21.92 22.64 23.15
traj-161:
21.93 23.03 23.14 23.43 23.55 23.79 24.03 25.63 26.22 27.90 29.29 30.18 30.23 30.27 30.49
 1.25  2.70  3.27  4.71  5.28  6.64  8.04  8.89  8.89  9.44  9.75 11.43 13.12 14.72 16.16
traj-162:
23.76 23.55 22.04 20.22 19.33 17.60 16.71 15.35 15.15 14.90 13.78 13.74 12.24 11.96
 1.96  2.16  3.38  4.16  4.30  4.51  4.60  5.61  5.83  6.00  7.51  8.04  9.08  9.20
traj-163:
21.11 21.88 23.16 23.16 23.12 23.11 22.62 21.81 21.67 21.71 22.39 22.97 22.35 21.86 20.31 19.35 18.58 17.00 15.97 14.16 12.34 10.46 10.17  8.66  8.27
 1.49  2.12  3.59  4.15  5.72  7.03  8.80 10.47 11.25 13.19 14.82 16.08 17.72 18.95 20.07 20.51 20.64 20.67 20.67 20.85 20.98 20.59 20.53 21.59 22.35
traj-164:
23.17 23.03 23.14 23.18 23.61 25.36 26.23 28.07 29.16 30.23 30.20 30.16 30.26 30.25 30.39 30.20 30.19 30.33 30.48 30.65 30.64 31.53 32.10 33.29
 1.53  2.92  4.73  6.26  8.13  8.94  9.01  9.03  9.47  9.89 11.79 12.37 14.29 15.65 17.58 19.39 20.42 22.39 24.38 25.62 27.24 28.84 29.54 31.01
traj-165:
23.00 22.58 21.95 21.44 19.64 19.34 17.55 16.07 14.40 13.26
 0.43  1.08  2.40  3.83  4.63  4.67  4.85  4.87  5.40  5.47
traj-166:
22.59 22.71 22.90 23.01 23.16 23.09 22.72 22.51 22.42 22.59 22.94 22.74 22.38 21.96 20.29 18.52 17.53 16.49 14.66 12.70 11.71 10.86  9.15  7.33
 1.03  2.18  3.74  5.07  6.47  7.52  8.87  9.72 11.69 13.12 14.98 16.96 17.85 19.18 20.25 20.30 20.40 20.45 20.46 20.09 20.07 19.79 19.24 19.21
traj-167:
21.86 22.58 23.03 22.96 22.87 23.50 25.43 26.63 27.51 29.30 31.22 33.01 32.80 32.53
 0.92  2.43  4.18  5.32  6.71  8.36  8.17  8.12  8.10  8.06  8.21  8.99 10.43 12.23
traj-168:
21.73 21.35 19.52 18.05 17.19 16.31 14.63 12.92 11.28  9.44  7.71  6.16  6.13
 1.71  3.44  4.13  4.41  4.57  4.73  5.31  6.12  6.93  7.70  7.66  6.69  6.39
traj-169:
23.77 23.35 22.77 23.03 22.97 22.88 22.83 22.72 22.77 23.04 23.11 23.08 23.01 22.52 21.78 19.91 18.22 16.38 15.47 13.76 12.45 10.63  8.97  7.64
 0.94  1.84  3.29  4.42  6.08  7.07  8.61  9.59 10.66 12.63 14.05 15.16 16.97 18.89 19.84 20.39 20.36 20.47 20.60 21.29 21.96 22.43 22.32 22.29
traj-170:
22.17 22.10 21.82 22.03 22.22 22.84 23.34 24.72 26.71 28.50 30.34 31.16 32.57
 0.71  1.38  2.96  4.27  4.80  6.57  7.64  8.73  8.54  8.61  8.52  8.45  8.36
traj-171:
23.28 23.01 21.69 21.16 20.89 19.82 18.95 17.23 16.71 14.90 13.17 12.36
 1.63  1.78  3.04  3.20  4.98  4.56  4.37  4.52  4.58  4.82  5.00  5.00
traj-172:
21.43 21.98 22.59 22.87 22.81 22.75 22.87 23.39 23.68 23.84 23.71 23.69 23.57 23.49 23.24 22.25 20.68 20.19 18.70 17.47 15.65 14.50 12.54 12.01 10.29  9.35  7.83  6.68
 0.79  1.76  3.36  4.61  6.28  7.46  8.69  9.58  9.65 10.58 12.51 13.34 14.70 16.39 17.29 18.85 20.01 20.32 20.54 20.68 20.87 20.96 21.09 21.34 22.26 22.96 23.65 24.17
traj-173:
23.43 23.24 22.34 22.21 22.47 23.05 23.24 24.52 26.36 28.09 29.45 30.41 30.44 30.24 30.22 30.29 30.25 30.35 30.41 30.46 31.09 31.61 32.01 32.21
 1.46  1.92  3.27  3.94  5.81  7.43  7.67  8.93  9.14  9.21  9.13 10.60 11.99 13.98 14.79 16.44 18.14 19.92 20.50 22.44 23.94 25.20 26.68 27.43
traj-174:
22.65 22.14 21.27 20.48 18.75 16.99 15.73 14.75 13.17 11.57 10.01  8.89
 0.91  2.27  4.04  4.74  4.86  4.73  6.08  7.39  7.83  8.13  8.55  8.92
traj-175:
21.01 21.17 21.80 22.21 22.24 22.37 22.15 22.03 21.51 21.66 21.78 21.97 21.32 19.68 18.40 17.42 16.29 14.47 12.86 11.11  9.71  8.37  7.53
 0.48  0.93  2.54  4.45  6.01  7.85  9.80 11.49 13.35 15.12 16.26 18.16 19.95 20.74 20.67 20.60 20.47 20.53 21.13 21.79 22.23 22.65 22.94
traj-176:
22.75 22.62 22.47 22.87 23.24 23.58 24.94 26.12 27.59 29.33 30.12 30.11 30.11 30.18 31.39 32.54
 1.15  1.91  3.68  5.36  7.04  8.51  9.42  9.35  9.42  9.73 11.31 12.57 14.31 15.74 17.25 18.34
traj-177:
23.51 23.20 21.99 20.32 18.68 16.93 15.24 14.72 14.10 13.02 11.26  9.58
 1.79  3.20  4.76  4.75  4.52  4.43  5.35  5.63  7.47  8.19  8.44  8.44
traj-178:
22.07 22.36 22.60 22.90 23.15 23.39 23.45 23.19 22.87 23.05 23.09 22.95 22.20 21.56 21.42 19.78 19.04 17.56 15.81 13.96 12.12 11.03  9.84  8.69  7.85
 0.96  2.10  3.10  4.64  6.32  7.55  9.40  9.91 11.71 13.11 14.26 15.60 16.63 18.48 20.37 21.09 21.11 20.89 20.72 20.57 20.55 20.72 22.15 23.26 24.01
traj-179:
21.38 22.13 22.98 23.01 23.26 24.18 25.55 26.39 28.23 29.75 31.66 33.44 34.00
 1.47  2.36  4.12  5.50  7.37  8.21  8.28  8.34  8.60  8.87  9.40  8.99  8.86
traj-180:
22.99 22.86 22.78 21.23 20.64 18.89 17.41 16.54 15.51 13.63 12.02 10.39  9.19  7.76  5.78
 1.00  2.64  3.18  4.21  4.58  4.65  4.78  4.93  5.47  5.95  6.84  6.96  6.98  7.10  7.27
traj-181:
23.30 23.47 23.54 23.41 23.36 23.02 22.77 22.63 22.22 21.95 21.73 22.29 21.54 19.57 17.93 16.64 15.12 14.56 13.13 12.87 10.91  9.37  7.83  7.17
 1.90  3.08  4.82  6.77  8.13 10.00 11.29 11.99 13.52 15.01 16.96 18.28 19.85 20.16 20.33 20.30 20.42 20.36 20.14 19.99 19.62 19.36 19.16 19.02
traj-182:
22.86 22.41 22.28 22.55 23.29 24.73 25.02 26.78 27.95 29.49 30.06 30.01 30.09 31.29 32.37 32.91
 1.91  3.79  5.23  7.13  8.11  9.06  9.11  9.37  9.43  9.60 10.73 12.42 13.56 15.11 16.15 16.50
traj-183:
23.04 22.61 22.08 20.22 18.49 16.72 15.09 14.71 13.50 12.14
 1.65  2.82  4.55  4.70  4.74  4.81  5.64  6.02  7.04  8.16
traj-184:
23.38 23.14 22.90 23.00 23.03 23.05 23.04 23.04 23.00 22.63 22.08 21.73 21.13 19.41 19.11 17.23 16.68 15.09 14.02 12.27 10.92  9.39
 1.30  2.96  4.85  6.59  8.54  8.84 10.75 12.23 14.12 16.04 17.88 18.86 20.16 20.89 20.85 20.58 20.51 20.58 20.70 21.21 21.43 21.87
traj-185:
23.60 23.67 23.48 23.18 23.65 25.13 26.29 27.14 29.08 30.02 30.11 30.10 30.09 30.63 31.13
 1.95  3.31  5.21  6.86  8.73  9.45  9.28  9.24  9.36 11.12 13.05 13.81 15.73 16.97 17.56
traj-186:
21.83 21.87 21.69 20.29 18.85 17.39 16.79 15.61 15.49 14.58 13.64 11.89 11.09  9.72  7.87  7.30
 1.61  1.91  3.77  4.67  4.79  4.86  4.83  6.09  6.37  7.97  8.86  8.73  8.80  8.91  9.30  9.46
traj-187:
23.04 23.22 22.99 22.57 22.90 22.93 23.71 23.43 23.12 22.88 22.56 22.32 21.09 19.70 18.88 16.93 15.72 13.79 12.44 11.21  9.41  9.14
 1.76  3.66  5.55  6.71  8.05  8.77 10.35 12.23 13.58 15.42 17.15 18.14 19.56 20.97 20.91 20.80 20.81 20.79 21.28 21.84 22.47 22.60
traj-188:
21.46 22.10 22.59 22.94 22.72 22.63 23.43 24.31 26.26 27.74 29.19 30.05 30.59 30.68 30.75 30.83 30.90 31.45
 0.99  2.53  3.89  5.68  7.25  9.03  9.83  9.67  9.63  9.75  9.83 11.44 13.10 14.88 16.82 18.42 20.25 22.01
traj-189:
21.77 21.73 20.77 19.37 18.48 17.32 15.84 14.70 13.91 12.09 10.15  9.86  8.02
 1.93  3.67  4.30  4.57  4.66  4.75  4.83  5.37  5.53  5.55  5.29  5.24  5.06
traj-190:
23.60 23.20 23.00 22.70 22.79 22.62 22.65 22.46 21.85 22.63 23.05 22.98 22.51 22.37 21.39 21.09 19.74 18.59 16.82 14.96 13.44 12.13 10.89 10.79
 1.35  2.62  4.24  6.09  7.14  9.10  9.54  9.77 11.42 12.89 14.68 15.71 17.56 17.82 19.32 19.81 21.08 20.86 20.78 20.93 21.31 21.88 23.40 23.92
traj-191:
23.35 22.73 22.86 22.94 22.94 22.80 22.75 24.59 25.46 26.92 28.07 29.63 30.19 32.05
 1.82  3.72  4.29  5.84  6.64  8.40  9.89  9.78  9.85  9.86  9.74  9.47  9.39  9.37
traj-192:
21.29 21.64 21.94 20.57 20.03 18.55 16.79 15.63 14.20 12.49
 1.14  2.29  3.41  4.46  4.60  4.88  4.84  4.92  4.75  4.30
traj-193:
22.65 23.23 23.42 23.46 23.39 23.16 22.88 22.58 22.37 21.80 22.16 23.09 22.80 21.96 20.58 18.76 16.82 15.32 13.77 12.32 11.31  9.67
 0.49  2.25  3.97  5.10  7.03  8.59 10.17 11.90 12.77 14.07 16.01 17.54 18.44 19.23 20.27 20.24 20.20 20.29 20.22 19.37 18.56 18.53
traj-194:
23.16 23.06 22.84 22.62 22.23 22.56 22.88 23.45 25.06 26.89 27.76 28.94 30.65 31.61 32.33 33.13
 1.91  2.93  4.28  5.31  6.86  7.86  8.85  9.03  8.38  8.10  8.05  8.04  8.84  9.82 11.30 12.50
traj-195:
23.39 22.82 21.31 20.49 18.86 17.72 16.27 15.13 14.54 12.76 11.61 10.10
 1.28  2.99  4.12  4.39  4.74  4.81  4.72  5.43  5.76  6.06  5.57  4.60
traj-196:
21.18 22.46 22.61 22.97 22.82 22.49 22.41 22.33 22.10 21.79 21.80 22.05 22.89 22.89 22.65 22.58 21.18 19.24 17.54 17.38 16.66 15.88 14.05 12.99 11.40  9.88  8.01  6.69
 1.07  2.49  4.27  5.22  6.52  8.37 10.00 10.49 10.69 11.15 12.97 13.14 14.91 16.18 17.74 18.52 19.72 20.09 20.37 20.62 20.74 20.93 20.70 20.64 21.18 21.59 22.31 22.95
traj-197:
21.92 22.07 22.45 22.54 22.83 23.13 23.39 25.01 26.66 27.77 29.60 30.12 32.07 33.74
 1.82  2.94  4.65  6.31  8.12  9.37 10.79  9.96  9.58  9.32  9.59  9.83  9.71  9.69
traj-198:
21.51 22.10 21.18 19.33 17.59 16.72 15.62 15.22 14.41 13.54 12.42 10.55  9.20  7.80  6.12
 1.27  3.00  4.71  4.52  4.73  4.87  5.64  6.43  7.91  8.57  8.95  8.87  8.66  8.57  8.49
traj-199:
21.32 21.86 23.07 23.03 22.90 22.84 22.72 22.63 22.33 22.19 22.23 22.60 22.99 22.26 21.39 20.39 19.95 18.11 16.53 15.41 13.67 11.94 10.05  8.09
 1.43  2.14  3.72  4.02  5.91  7.58  8.97 10.06 11.95 13.77 14.33 15.09 16.25 17.49 19.04 20.70 21.05 20.78 20.87 20.87 20.86 21.12 21.35 21.51
traj-200:
21.66 22.44 22.63 22.95 23.15 23.70 24.91 26.50 28.18 30.09 30.29 30.24 30.22 30.21 30.19 30.19 30.24 30.69 31.41 32.89 33.42 34.39 34.62 34.70
 1.74  3.44  4.21  5.46  7.41  8.07  8.73  9.05  8.67  8.87 10.51 11.81 13.09 14.91 16.36 16.92 18.50 20.14 21.76 22.98 23.22 24.70 26.17 27.35
traj-201:
23.11 22.68 21.53 20.08 18.31 16.83 15.90 14.76 13.09 11.53 10.82
 1.64  2.29  3.35  4.25  4.29  4.34  5.54  7.06  6.19  5.24  4.10
traj-202:
21.68 21.98 22.22 21.57 21.66 22.25 22.56 22.54 22.81 22.85 22.58 22.30 21.24 20.16 18.37 17.04 15.76 14.73 12.83 11.00 10.44  8.88
 1.55  2.66  4.38  6.08  7.17  8.64 10.55 11.59 13.24 15.09 16.78 18.30 19.61 20.21 20.40 20.37 20.38 20.33 20.33 21.00 21.13 21.75
traj-203:
21.66 22.25 22.63 23.09 23.32 24.79 25.84 27.39 29.10 30.14 30.19 30.17 30.09 30.27 30.69 31.05 30.96 30.81
 1.95  3.50  4.75  6.54  7.09  8.16  8.63  9.14  9.13 10.40 12.06 13.68 15.51 17.09 18.77 20.54 22.18 23.24
traj-204:
23.68 23.04 21.82 20.42 18.96 18.08 16.12 15.26 13.64 13.13
 1.44  3.26  4.37  4.76  4.89  4.92  5.00  5.64  6.49  6.71
traj-205:
21.18 21.99 22.75 22.94 23.40 24.10 24.74 24.51 23.86 23.53 23.02 22.85 22.39 22.27 21.73 21.47 20.50 19.39 17.46 15.81 14.69 13.27 11.35  9.88  8.18
 1.41  3.03  4.80  5.49  7.21  8.00  8.89  9.62 10.81 11.93 13.56 14.09 15.96 16.60 18.24 19.10 20.44 20.87 20.88 20.59 20.39 20.72 21.29 21.52 21.71
traj-206:
21.32 21.99 22.32 22.72 23.13 24.65 26.63 28.46 29.05 30.16 30.63 31.31 31.34
 1.76  2.54  3.93  5.47  7.29  8.49  8.69  9.26  9.32 10.92 12.78 14.04 15.52
traj-207:
23.75 23.38 22.09 21.28 19.71 17.94 16.76 15.55 15.38 13.96 13.42 11.57 10.83  9.12  7.51  6.29
 1.71  2.18  3.66  3.78  4.22  4.44  4.61  6.02  6.27  7.46  7.21  6.64  6.35  5.66  5.14  4.83
traj-208:
22.67 22.78 22.87 22.98 22.99 23.49 23.63 23.87 23.88 23.84 23.90 23.38 22.30 21.24 19.44 18.94 17.47 15.57 14.44 12.64 11.32  9.65  8.74
 0.68  2.19  4.04  5.52  6.36  8.18  8.44 10.05 11.36 12.79 14.26 16.03 17.58 19.23 20.05 20.62 20.64 20.87 21.10 21.77 22.43 23.15 23.55
traj-209:
23.09 22.56 22.40 22.37 22.96 23.72 25.55 26.71 28.40 29.27 30.01 30.98 30.93 31.09 31.39 31.48 31.56 31.73
 1.12  2.70  4.37  6.23  7.82  8.43  9.02  8.96  9.69  9.90 11.20 12.87 14.57 16.32 18.16 18.64 20.40 21.71
traj-210:
21.64 22.45 23.06 23.21 22.62 21.53 19.62 18.16 16.54 15.20 14.46 13.83
 0.89  2.21  3.25  4.67  6.54  5.27  4.84  4.86  4.97  5.84  7.16  8.44
traj-211:
23.33 22.88 22.90 22.92 23.43 23.78 23.78 23.69 23.59 22.96 22.63 22.29 21.99 21.35 20.28 18.74 16.82 15.13 14.58 12.87 12.03 10.75  9.04  8.12
 1.53  3.25  3.55  5.44  7.32  8.02  9.76 11.57 12.11 13.75 15.11 16.32 18.04 19.35 20.26 21.17 21.40 20.98 20.90 21.16 21.42 21.31 21.74 22.38
traj-212:
21.44 21.97 22.00 21.83 21.68 22.39 23.72 25.40 27.17 27.47 29.36 30.25 30.40 30.40 30.38 30.56 31.25 32.09 32.65 33.58
 1.80  3.48  4.78  5.52  6.87  8.68  9.04  9.19  9.28  9.24  9.41 11.15 12.66 13.45 15.40 17.15 18.73 19.92 20.60 21.55
traj-213:
23.63 22.46 21.53 21.52 20.21 18.73 17.87 16.43 15.98 14.97 13.87 12.56 11.78 10.62  8.78  7.06  6.80  5.18
 1.49  1.61  2.86  4.01  4.95  4.92  4.88  4.79  5.04  5.55  6.18  6.82  7.20  7.61  7.24  6.44  6.29  5.35
traj-214:
21.27 21.82 22.44 22.67 22.86 22.88 23.34 22.90 22.34 22.14 22.32 22.71 23.13 22.64 21.04 20.56 19.08 17.15 15.45 14.11 13.12 11.80 10.72  9.37  8.23  7.30  6.30
 1.65  2.70  4.46  6.20  7.26  8.69 10.47 11.74 12.60 14.43 14.99 16.61 18.51 20.26 20.91 20.85 20.47 20.78 20.88 20.86 20.88 21.20 21.61 22.40 23.31 23.83 24.27
traj-215:
23.33 22.85 22.34 23.15 23.36 24.18 25.61 27.01 27.82 29.50 30.13 30.10 30.13 30.13 30.16 30.21 30.50 30.42 30.31 30.81 31.41 31.63 31.96 32.14
 1.83  3.13  4.93  6.65  7.21  8.34  9.33  9.25  9.22  9.42 10.64 12.56 14.23 15.94 16.78 18.53 20.11 21.07 22.73 24.66 26.29 28.08 29.48 30.43
traj-216:
23.43 23.65 23.55 23.55 22.66 22.22 21.07 19.18 18.59 17.16 16.29 15.42
 0.57  2.31  4.28  5.37  7.11  5.58  4.45  4.40  4.41  4.42  4.31  4.13
traj-217:
22.46 22.64 23.43 23.12 22.79 22.46 22.03 21.58 21.49 21.78 22.13 22.39 22.83 22.40 22.11 20.84 20.56 18.79 18.07 16.11 14.33 13.25 11.99 10.54  8.94  8.47
 0.63  1.20  2.96  4.27  5.24  6.99  8.77 10.35 11.06 12.48 14.23 14.93 16.60 17.86 18.82 20.07 20.19 20.61 20.92 20.72 21.20 21.67 22.26 23.02 23.21 23.35
traj-218:
21.04 21.62 22.30 22.86 23.36 23.42 23.47 24.87 26.57 28.01 29.20 30.07 30.32 30.56 30.94
 0.56  2.21  3.89  5.26  6.59  8.44  9.67  9.83  9.82  9.80  9.81 11.34 13.09 14.57 16.02
traj-219:
21.70 21.58 21.06 20.92 19.44 17.68 16.51 14.79 14.24
 1.31  2.05  3.60  4.53  4.61  4.65  4.72  5.51  5.74
traj-220:
23.50 23.39 22.84 22.61 22.61 22.29 22.20 22.49 22.63 22.98 22.72 22.40 22.92 22.23 20.66 20.10 18.25 16.27 14.42 13.00 11.10  9.93
 0.82  1.36  3.21  4.53  5.93  7.79  9.75 11.62 12.27 12.75 14.73 16.53 17.22 18.97 20.13 20.10 20.17 20.23 20.35 20.32 20.08 19.94
traj-221:
21.28 21.40 22.33 22.51 22.53 22.63 23.93 24.48 26.05 27.98 28.28 29.96 30.19 31.52
 0.95  1.23  2.98  4.93  5.67  7.07  8.44  8.69  8.65  8.59  8.56  8.06  7.87  6.77
traj-222:
22.73 21.87 20.92 19.35 17.86 16.13 15.52 14.49
 1.85  3.44  4.01  4.78  4.73  4.68  5.10  6.26
traj-223:
22.99 22.72 22.70 22.69 22.68 23.14 23.32 23.43 23.00 22.79 22.76 22.30 21.88 20.22 19.67 17.86 15.97 15.67 13.87 11.88  9.94  9.06
 1.89  3.34  5.24  5.99  7.45  9.33 10.16 11.01 12.85 14.62 16.09 17.65 19.15 20.07 20.65 20.82 20.69 20.66 20.47 20.41 20.26 20.26
traj-224:
23.13 23.08 23.33 23.54 23.71 23.77 23.75 23.80 24.41 25.78 27.27 28.64 30.58 32.28 32.85
 0.57  0.87  1.04  2.40  3.54  5.30  5.60  7.43  8.63  8.36  8.25  8.17  8.01  7.84  7.75
traj-225:
22.06 22.86 23.04 22.97 21.31 19.77 18.62 17.74 15.81 14.50 12.66 11.62  9.95  8.94  7.54  6.18
 0.91  2.51  3.08  5.01  5.16  4.56  4.59  4.63  4.85  5.53  5.41  5.24  4.98  4.83  4.62  4.56
traj-226:
22.54 22.45 22.45 22.37 22.51 22.68 22.75 22.69 22.75 22.88 22.27 21.37 20.50 18.69 16.84 15.23 13.55 13.28 11.56 10.24  8.62  6.97
 1.38  2.24  4.02  5.50  7.36  9.33 10.81 12.60 14.48 15.98 17.62 19.36 20.17 20.61 21.03 20.84 21.17 21.30 22.27 23.62 24.30 24.88
traj-227:
22.65 22.17 22.50 23.15 23.50 24.94 26.22 28.06 29.81 30.88 30.91
 0.88  2.70  3.64  5.47  7.36  8.23  8.39  8.48  8.83 10.29 10.59
traj-228:
22.76 21.34 20.28 19.99 18.23 16.50 16.20 15.32 15.35 15.24
 1.97  3.11  4.00  4.06  4.22  4.08  4.05  4.96  6.88  8.21
traj-229:
22.68 22.82 22.83 22.91 22.99 22.96 22.84 22.89 22.89 22.53 22.46 22.10 21.30 20.47 18.73 17.52 16.02 14.21 13.48 11.87 10.05  9.10  7.74  5.83
 1.20  2.62  4.49  5.98  7.97  9.71 10.68 12.41 14.06 15.79 16.49 17.93 19.39 20.62 20.93 20.71 20.66 20.87 21.19 21.80 22.06 22.22 22.54 22.68
traj-230:
21.34 21.84 22.13 22.38 22.95 23.08 23.36 24.98 26.96 28.68 29.62 30.64 32.03 32.70
 1.16  3.03  4.02  4.98  6.57  7.13  8.57  9.73  9.58  9.58  9.83 11.11 12.43 12.88
traj-231:
22.12 22.52 22.65 21.46 19.69 18.81 17.39 16.03 14.81 13.46 11.90 10.87  9.65  8.20  7.14
 1.91  2.66  3.88  4.77  4.18  4.27  4.38  4.65  5.91  6.97  7.93  8.15  8.41  8.44  8.61
traj-232:
22.47 22.13 22.01 22.18 22.30 22.38 22.81 22.87 22.99 23.00 23.05 22.72 21.95 21.29 19.99 18.39 16.68 15.38 13.70 12.38 10.45  8.49  6.93
 1.60  3.51  4.71  6.58  7.17  9.14 10.94 12.48 14.00 15.49 17.38 18.04 19.28 20.25 21.41 20.99 20.88 20.70 20.38 20.10 19.70 19.34 19.05
traj-233:
22.99 22.86 22.69 22.85 23.20 24.64 26.09 27.85 28.71 30.32 30.88 30.78 30.86 31.97 33.51
 1.42  2.42  3.61  5.39  7.36  8.29  8.22  8.33  8.41  8.59 10.29 10.57 12.48 13.12 13.59
traj-234:
22.23 22.02 21.63 21.39 19.59 18.69 17.51 15.65 15.18 13.54 11.98 11.86 10.01  8.68  6.85  5.81
 0.44  1.23  3.16  3.96  4.73  4.79  4.84  4.98  5.22  5.93  6.98  7.25  7.58  7.26  6.86  6.81
traj-235:
23.70 23.82 22.72 22.75 22.79 22.55 22.63 22.60 22.65 22.53 22.51 22.55 22.68 22.62 22.70 21.97 20.87 19.14 17.43 15.53 13.72 11.76  9.83  8.24
 1.49  2.06  3.52  4.72  6.03  6.92  8.48  9.70 11.43 13.06 13.44 13.97 15.69 16.46 18.19 19.96 20.70 21.23 21.04 20.82 20.96 20.97 20.97 21.91
traj-236:
23.19 22.90 22.25 22.51 22.74 23.02 24.78 25.68 27.49 28.68 30.12 30.91 31.32 30.74 30.60 30.33 30.27 30.22 30.28 30.30 30.32 30.30 30.50 30.45 30.43 30.94 31.72 32.28 33.12
 1.57  2.11  3.96  5.90  7.53  8.30  8.30  8.27  8.19  8.16  8.19  8.55 10.42 12.29 12.68 14.46 15.56 16.66 18.26 19.60 21.34 23.23 25.06 25.36 27.18 28.72 30.06 31.01 32.02
traj-237:
22.89 22.71 21.88 20.38 18.66 18.37 16.65 15.06
 1.05  1.44  3.03  4.18  4.38  4.42  4.68  5.65
traj-238:
21.16 22.20 22.36 22.35 22.32 22.25 22.06 22.10 22.17 21.83 21.80 21.59 21.77 23.09 21.78 20.25 18.69 16.76 14.86 13.35 11.77 10.91  9.50  7.94
 1.78  3.44  4.93  6.71  7.01  8.98 10.91 11.46 13.12 14.70 15.00 16.91 17.15 18.61 20.11 21.11 20.74 20.22 20.31 20.61 20.65 20.68 20.55 19.95
traj-239:
23.07 22.29 21.94 21.90 22.10 22.76 24.50 25.65 27.63 29.11 30.10 30.23 30.46 30.78 32.09 33.42 34.26 34.18 34.21 34.38
 0.70  2.40  3.47  5.42  7.38  8.90  9.61  9.38  9.39  9.47 10.94 12.49 14.35 15.49 16.72 17.49 19.18 20.89 21.75 23.24
traj-240:
22.62 22.62 21.17 21.12 19.69 17.94 17.05 15.12 13.37 12.68 10.78  8.89  8.29
 1.97  2.49  3.65  3.95  4.66  4.83  4.92  4.66  5.38  5.31  5.30  5.51  5.49
traj-241:
23.78 23.63 23.13 23.04 22.94 23.05 23.64 24.18 25.44 23.90 23.95 23.92 23.96 23.57 23.30 22.93 21.12 20.06 18.21 16.49 14.99 14.00 12.62 11.42  9.70  8.26
 0.56  1.12  3.05  3.34  5.23  6.33  8.08  8.76  9.67 10.81 12.54 13.39 15.10 17.05 18.69 20.22 20.98 20.85 20.44 20.56 20.61 20.78 20.90 21.42 22.02 22.43
traj-242:
23.58 23.16 21.98 21.84 22.13 22.75 23.46 24.91 26.36 27.79 29.22 30.04 30.07 30.08 30.13 30.27 30.52 30.61
 0.73  1.13  2.38  4.31  5.13  6.83  8.18  9.19  9.04  8.95  9.70 11.10 12.82 14.13 15.24 17.12 18.62 19.17
traj-243:
21.59 21.54 20.05 19.48 17.73 16.05 15.80 14.15 13.27 11.46 10.41
 1.63  3.58  4.60  4.65  4.80  4.93  5.10  5.73  5.83  5.89  5.02
traj-244:
22.21 22.03 21.46 21.53 22.17 22.87 23.71 23.81 23.69 23.53 23.14 22.52 22.10 21.68 20.38 19.46 17.96 16.48 15.84 14.34 13.18 11.28  9.72  8.68
 1.74  3.54  5.41  6.79  8.31  9.39 10.55 12.27 13.06 14.68 16.06 17.43 18.46 19.39 20.83 20.80 20.69 20.41 20.36 20.21 20.09 19.59 20.44 21.04
traj-245:
23.11 22.04 21.80 21.51 22.15 22.68 23.73 23.96 25.57 25.86 26.15 26.42 28.16 29.06 30.04 30.16 30.37 30.50 30.61 30.75 31.17 31.46 31.91 31.98
 1.01  2.55  2.96  4.76  6.19  6.93  8.28  8.58  9.36  9.46  9.53  9.65  9.87  9.92 11.36 12.90 13.93 15.26 16.86 18.78 20.72 21.48 23.24 23.87
traj-246:
22.52 22.55 22.60 21.40 20.59 19.99 18.27 16.52 15.37 14.95 13.16 12.12 10.50  8.64  7.17
 0.50  1.99  2.74  3.80  4.33  4.39  4.73  4.86  6.23  7.84  8.36  8.59  8.71  8.78  8.87
traj-247:
21.74 22.53 23.02 22.89 22.74 21.81 21.34 21.26 21.47 21.83 22.39 22.36 22.03 21.50 19.98 18.92 16.97 15.11 13.37 13.07 11.11  9.79  8.64  7.22  6.55
 0.88  2.45  3.65  5.50  7.29  8.98  9.35 11.32 12.14 13.77 14.79 16.73 17.88 19.71 20.21 20.25 20.37 20.43 20.26 20.24 20.32 20.94 21.71 22.46 22.80
traj-248:
23.52 23.07 22.76 22.76 23.03 23.04 22.96 23.63 25.62 26.77 27.88 28.98 30.53 31.96 33.93
 0.82  1.92  3.74  4.04  5.98  6.88  8.48  9.67  9.86  9.85  9.75  9.75 10.26 11.44 11.23
traj-249:
23.03 22.16 20.83 19.03 18.73 16.83 15.96 14.28
 2.00  3.37  4.66  4.19  4.19  4.32  4.48  5.32
traj-250:
22.23 21.70 21.58 21.77 22.12 22.72 22.80 22.50 22.89 23.08 23.10 23.11 22.65 21.91 20.13 18.79 16.92 15.07 14.49 13.06 12.78 11.02  9.31  7.78  5.89  5.32
 0.77  1.68  2.70  4.26  6.14  7.98  9.62 11.11 13.06 14.40 15.17 16.50 18.39 20.14 20.88 20.97 21.01 21.24 21.30 20.43 19.87 19.41 19.87 20.65 20.90 20.78
traj-251:
23.17 22.41 22.65 22.78 23.63 24.55 26.01 27.44 29.13 29.87 30.90 31.14 31.53 31.67
 1.84  3.53  5.45  6.18  7.66  8.94  9.02  9.11  9.19  9.37 10.73 11.25 12.84 13.84
traj-252:
22.40 21.64 21.08 20.82 20.00 18.27 17.40 15.63 15.33
 1.46  2.49  3.00  4.46  4.33  4.15  4.19  4.19  4.18
traj-253:
21.99 22.04 22.19 22.29 22.00 21.85 21.82 22.03 22.07 22.65 23.06 22.81 21.72 21.49 20.31 18.56 16.58 15.32 14.06 12.98 11.21  9.79
 1.09  2.66  4.13  5.80  7.22  9.15 10.49 12.43 13.30 14.67 16.49 17.30 18.89 19.09 20.42 20.60 20.59 20.63 20.37 20.14 19.61 19.93
traj-254:
21.02 21.40 22.15 22.35 22.69 23.16 23.44 24.78 26.19 27.35 28.50 30.27 31.26 31.06 30.55 31.10 31.37 31.74 32.49 32.63 33.28 34.31
 0.54  1.28  2.66  3.76  5.38  6.93  7.92  9.26  9.26  9.22  9.18  9.93 10.54 12.01 13.67 15.38 16.65 17.43 19.06 19.33 21.01 22.62
traj-255:
22.76 22.14 21.03 19.45 18.87 18.59 16.71 16.25 16.11 14.79 14.17 13.92 12.19 11.52
 1.14  2.83  3.89  4.39  4.51  4.61  4.81  4.98  5.24  6.31  8.20  8.37  8.59  8.61
traj-256:
21.28 22.45 23.20 23.23 23.09 23.07 22.99 23.20 23.28 23.21 23.14 22.35 21.63 20.63 19.13 17.21 16.36 15.18 13.72 12.04 10.94 10.43  8.66  7.86
 0.81  2.29  4.06  5.42  7.32  7.62  9.45 11.28 12.94 14.35 16.09 17.79 19.66 20.38 21.07 21.02 21.00 20.98 20.98 21.77 22.99 23.59 24.47 24.43
traj-257:
22.12 22.33 22.51 22.72 22.78 23.72 24.67 26.63 28.47 29.79 31.29 31.03 30.34 30.55 31.07
 1.61  2.98  4.51  6.13  6.59  7.94  8.71  8.71  8.47  8.18  9.16 11.01 11.98 13.95 15.87
traj-258:
23.07 22.88 21.74 19.78 18.02 17.72 17.16 16.87 16.66 14.98 13.95 12.86
 1.01  2.35  3.82  4.13  4.31  4.34  4.57  4.61  4.83  5.58  5.09  4.25
traj-259:
21.09 21.45 22.09 22.30 22.84 23.17 22.94 22.02 21.50 21.61 22.00 22.04 22.01 21.98 21.62 19.83 18.40 16.71 15.75 13.94 13.09 11.50  9.60  9.09  7.43  6.12  5.28
 1.87  2.33  4.11  4.75  6.50  7.60  9.40 10.98 12.73 13.26 14.84 16.75 17.21 19.15 19.89 20.44 20.66 20.87 20.81 20.64 20.30 19.79 19.31 19.35 19.39 19.40 19.45
traj-260:
22.18 22.41 22.55 22.74 23.00 23.29 23.57 23.92 25.81 27.53 28.37 30.19 31.61
 1.43  2.54  3.83  4.70  6.09  7.24  8.50  9.95  9.78  9.71  9.63  9.90  9.92
traj-261:
22.30 21.70 21.28 20.05 19.45 17.75 15.94 14.89 13.60
 0.93  2.64  3.62  4.60  4.58  4.75  4.91  4.83  5.11
traj-262:
23.46 23.15 23.01 23.29 23.48 23.71 22.94 23.37 23.63 23.71 23.86 23.88 23.81 23.19 23.00 21.77 19.91 19.26 17.41 15.85 14.10 13.80 12.56
 0.76  2.40  2.95  4.72  6.00  7.01  8.70  9.33 11.19 12.38 13.84 15.03 16.64 18.48 18.72 20.11 20.38 20.51 20.73 20.93 21.26 21.31 22.81
traj-263:
21.46 21.75 21.94 22.40 23.11 23.79 25.50 26.93 28.88 30.74 32.09 33.08
 1.72  2.86  4.63  6.42  8.26  8.98  9.82  9.79  9.72  9.63  9.67  9.81
traj-264:
23.18 22.48 21.45 20.34 18.88 18.32 16.87 15.68 14.96 14.83 14.69 14.90 14.32
 1.88  2.57  3.48  4.31  4.40  4.41  4.54  5.26  6.99  7.60  8.99  9.20  9.49
traj-265:
21.84 22.19 22.56 22.97 23.05 23.15 23.19 22.60 22.60 22.86 23.03 22.81 21.92 20.59 18.64 17.91 16.56 14.91 12.97 11.30  9.79  8.41  7.03
 0.88  2.06  3.79  4.95  6.55  8.46  9.03 10.92 12.80 14.51 16.45 18.14 19.87 21.05 20.89 20.50 20.20 20.41 20.63 20.53 21.62 22.05 22.44
traj-266:
22.39 22.83 22.61 22.85 22.74 22.35 22.17 24.04 25.72 27.39 29.10 30.05 30.05 30.08 30.13 30.14 30.17 30.16 30.18 30.33 30.31 31.58
 1.56  2.84  4.24  5.71  6.61  8.19  9.97  9.41  9.24  9.28  9.64 11.30 13.04 13.92 15.65 16.51 18.34 20.26 21.98 23.78 25.67 26.45
traj-267:
22.48 22.18 21.59 20.14 18.65 16.87 15.51 14.94
 1.73  2.26  3.62  4.94  4.94  4.88  5.88  6.91
traj-268:
22.70 22.61 22.52 22.30 22.04 21.49 21.51 21.89 22.19 22.59 22.94 22.73 22.06 20.07 18.89 17.49 15.55 13.64 12.78 11.82 10.75  9.05
 1.91  3.70  5.35  6.27  8.02  9.41 11.23 12.80 14.70 16.22 17.49 18.85 20.64 20.72 20.57 20.63 20.73 20.87 21.45 22.11 22.70 23.47
traj-269:
21.53 21.75 22.36 22.67 22.64 22.59 23.97 25.39 27.33 29.28 29.85 31.47 31.44 31.21 30.61 30.33 30.30 30.45 30.48
 1.70  1.90  3.65  5.41  6.84  8.44  9.36  9.60  9.20  8.81  8.70  9.79 11.65 12.74 14.11 15.41 16.09 17.86 18.16
traj-270:
23.68 23.48 22.12 21.37 20.06 18.33 16.37 15.22 14.25 13.24
 0.70  0.92  2.19  2.91  4.18  4.24  4.39  4.50  4.67  5.31
traj-271:
22.84 22.95 23.09 23.26 23.31 23.12 23.08 22.92 23.20 23.25 23.18 22.62 21.12 21.44 20.56 18.67 16.93 15.49 14.09 12.85 11.39 10.81  8.88  7.60  6.35
 1.42  2.77  4.45  6.18  8.08  9.68 10.48 12.31 13.74 14.32 16.23 17.99 18.89 20.74 20.84 20.98 20.97 20.84 20.66 20.79 21.77 21.92 22.20 22.40 23.12
traj-272:
22.91 23.19 22.48 22.09 22.01 21.42 22.26 23.51 25.05 26.99 27.58 29.50 30.47 30.46 30.47 30.40 30.31 30.33 30.27 30.43 30.45 30.60 31.14
 0.98  2.60  4.34  5.03  6.74  8.14  9.73  9.88  9.22  9.13  9.23  9.68 11.15 12.75 14.54 16.02 16.80 18.23 19.57 21.55 22.76 24.02 25.75
traj-273:
23.02 22.37 21.66 20.74 19.09 17.60 16.72 14.98 14.53 13.82 11.97 10.54  9.00  7.54
 1.65  2.24  3.38  4.08  4.48  4.63  4.76  5.43  6.16  7.37  6.79  6.25  5.65  4.61
traj-274:
21.52 22.14 22.43 22.63 23.09 22.98 22.88 22.36 21.60 21.64 21.98 22.13 21.23 20.02 18.13 16.25 15.95 14.06 12.89 11.18  9.27
 1.45  2.88  4.77  6.68  8.60 10.31 11.41 13.23 14.71 15.40 17.34 18.72 19.97 20.13 20.43 20.62 20.65 20.93 21.01 21.59 22.03
traj-275:
22.06 22.48 22.93 23.03 23.66 24.05 25.41 27.07 27.79 29.13 30.19 30.14 30.01 30.02 30.11 30.27 30.25
 1.65  3.22  4.75  6.31  7.91  8.24  8.44  8.68  8.80  9.59 11.09 12.79 13.68 15.39 16.88 18.68 19.51
traj-276:
22.30 22.08 21.26 19.36 17.61 16.19 14.40 13.08 11.52 11.14  9.30  8.57  7.00  5.72
 1.91  2.94  4.58  4.90  4.86  4.83  5.33  5.87  6.35  6.41  6.25  5.93  5.34  4.90
traj-277:
21.64 22.26 22.99 23.11 23.15 22.64 22.16 22.00 22.05 21.75 22.38 22.68 22.20 21.89 20.21 19.77 17.97 16.10 14.23 12.70 11.83 10.03  8.49  6.87  6.60
 1.30  3.04  4.57  5.11  7.00  8.87 10.40 11.98 12.28 14.10 15.10 16.92 18.50 19.10 20.19 20.24 21.09 21.08 21.00 20.99 20.99 20.99 21.76 22.65 22.77
traj-278:
21.45 22.04 22.73 22.65 22.37 23.84 25.51 26.79 28.26 29.85 31.54
 0.74  2.17  3.62  5.57  7.31  8.14  8.26  8.31  8.39  8.35  7.43
traj-279:
22.02 21.29 20.13 18.67 16.92 16.01 14.93 13.63 11.79  9.80  8.79
 1.92  3.10  4.21  4.17  4.29  4.74  5.83  7.26  7.70  7.51  7.93
traj-280:
21.30 21.80 22.23 22.08 22.06 22.03 21.95 21.93 22.26 22.88 23.03 23.05 23.06 22.52 20.59 18.94 18.67 16.68 14.74 14.44 12.55 12.04 10.19  9.05  7.40  6.01
 0.74  2.51  3.57  5.31  6.04  7.44  9.17 10.50 12.43 13.93 15.34 16.63 18.10 19.78 20.23 20.61 20.72 20.60 20.30 20.32 20.40 20.25 20.33 20.56 20.79 21.03
traj-281:
21.79 22.32 22.68 22.87 22.72 22.74 22.88 24.09 25.59 27.07 28.85 30.31
 1.63  2.78  4.20  6.04  7.39  8.15  8.41  8.87  8.65  8.64  8.41  8.48
traj-282:
22.24 22.05 21.70 21.12 19.51 18.65 17.19 15.74 14.11 13.87 12.15 10.50
 1.26  2.00  3.94  4.09  4.55  4.71  4.87  4.63  5.67  5.84  6.21  5.74
traj-283:
22.67 22.16 22.50 22.70 22.54 22.55 22.31 22.27 22.30 22.41 22.66 22.83 22.58 22.03 21.20 20.10 18.74 17.01 15.96 14.52 12.69 11.07 10.98
 0.76  2.67  3.76  4.63  6.01  6.66  7.97  9.95 10.52 12.16 13.78 15.36 17.29 18.93 20.44 20.59 20.60 20.51 20.57 20.63 20.61 21.74 22.60
traj-284:
22.54 22.74 22.87 22.84 22.97 23.73 25.48 26.89 28.36 29.21 30.06 30.60 31.28 32.26 33.03 33.82
 0.98  2.21  3.58  4.43  6.34  7.94  8.88  9.77  9.72  9.70 11.36 13.25 14.75 16.40 17.22 18.36
traj-285:
23.45 22.99 22.22 20.57 19.75 17.98 16.24 15.29 14.01 12.44 11.64
 0.91  2.09  3.90  4.98  4.94  4.79  4.77  5.27  5.80  6.31  6.53
traj-286:
21.45 22.30 22.76 22.70 22.54 22.36 22.06 21.85 21.70 21.85 22.65 22.21 21.74 21.49 21.01 19.99 18.04 16.11 14.43 13.48 12.20 11.98 11.68  9.78  9.24
 1.28  2.90  4.55  5.00  6.74  7.81  9.71 10.75 12.51 13.23 14.91 16.81 17.66 18.92 19.28 20.33 20.76 21.25 21.61 21.96 22.85 23.06 23.12 23.41 23.50
traj-287:
22.94 21.40 22.00 22.39 22.90 23.07 23.21 24.76 26.08 27.95 29.63 30.96 31.20 31.67 31.91 33.09
 0.55  1.67  3.44  4.19  5.44  7.08  8.66  8.32  8.13  8.46  8.83 10.29 11.11 12.55 13.34 14.85
traj-288:
21.66 21.61 20.23 19.08 17.17 16.00 15.05
 1.93  3.90  4.66  4.89  4.76  4.66  4.32
traj-289:
23.71 23.19 22.85 22.77 22.12 21.93 22.13 22.38 22.70 23.06 22.97 22.81 22.40 20.99 19.46 17.67 15.87 14.93 13.54 11.75
 1.87  3.70  5.51  6.05  7.92  9.11 10.59 11.85 12.74 14.70 16.55 18.14 19.82 20.60 20.87 20.99 20.64 20.38 20.04 19.16
traj-290:
21.35 22.41 22.87 22.78 23.23 24.53 25.84 27.31 29.08 30.25 31.37
 1.52  2.50  4.30  5.97  7.44  8.80  9.23  9.42  9.63 11.10 12.51
traj-291:
23.63 22.86 21.84 21.24 19.86 18.70 17.23 15.69 14.19 13.94 12.23 10.26  8.54
 1.18  2.09  3.11  3.76  4.18  4.46  4.68  4.89  6.07  6.24  6.77  6.92  6.70
traj-292:
21.66 22.10 22.48 22.57 22.75 22.04 21.70 21.68 21.74 22.95 22.54 21.99 21.43 21.24 19.37 18.36 16.91 15.70 13.85 13.57 12.58 11.01  9.96
 1.98  3.90  5.82  6.78  7.82  9.66 10.88 12.73 14.10 15.47 17.39 18.65 19.80 20.04 20.59 20.57 20.51 20.44 20.35 20.26 19.74 19.20 18.88
traj-293:
23.21 23.25 23.28 23.34 23.73 25.39 26.52 28.41 29.37 30.53 30.27 30.18 30.19 30.21 30.49 31.33 32.08 32.31 32.38 32.39
 1.29  3.24  4.92  6.89  8.36  9.13  9.11  9.04  9.24 10.67 12.24 14.17 16.16 17.97 18.98 20.66 22.31 23.65 25.43 25.73
traj-294:
23.53 22.75 21.72 21.66 19.91 18.17 16.72 15.64 15.28
 0.93  1.53  3.14  4.69  4.75  4.73  4.72  6.05  6.83
traj-295:
21.11 21.16 21.53 21.59 21.84 22.24 22.48 22.34 22.13 21.79 21.57 22.23 22.96 22.87 21.63 20.61 18.82 16.92 16.62 14.87 13.93 12.43 11.10  9.98  8.23  7.93  6.06  5.27
 1.57  1.87  3.59  3.96  4.76  6.10  7.82  8.96 10.67 11.73 13.62 15.30 16.95 18.78 19.68 20.68 20.78 20.71 20.71 20.66 20.70 21.12 21.71 21.83 22.75 22.72 23.30 23.34
traj-296:
22.46 22.69 22.65 22.28 22.43 22.53 22.98 23.41 24.65 26.55 27.94 28.78 30.69 32.05 33.23
 0.96  2.52  3.69  4.98  6.91  7.19  8.93  9.57  9.87  9.87  9.83  9.75  9.85 10.15 10.39
traj-297:
23.67 22.97 21.19 20.01 18.27 16.80 15.27 14.11 13.53 12.86 10.96  9.01  7.34  5.59
 1.77  3.60  4.33  4.23  4.46  4.69  5.69  7.11  7.84  8.73  8.95  8.99  9.05  9.12
traj-298:
23.41 22.14 21.22 21.58 21.97 22.35 22.40 22.47 22.23 21.81 21.88 22.47 22.54 21.50 20.30 19.16 17.70 15.99 15.69 13.73 12.18 10.80  9.08  7.70  5.87
 0.48  1.42  2.89  4.22  5.86  7.45  7.87  9.16 10.79 12.25 14.25 15.51 17.40 19.10 20.61 21.01 21.20 21.28 21.24 21.16 21.26 21.37 21.97 22.64 23.44
traj-299:
23.55 23.08 22.29 22.02 22.05 22.50 22.75 23.69 25.40 26.28 27.90 29.04 30.15 30.15 30.19 30.16 30.18 30.23 30.54 30.52 30.44 30.82 31.26
 0.68  1.01  2.35  3.71  4.49  6.00  6.80  8.53  8.84  8.98  9.56  9.65 11.25 11.55 13.37 15.23 16.68 18.40 19.73 21.59 22.92 24.13 25.81
