traj-0:
 9.04 10.66 12.42 13.99 15.88 17.09 18.60 20.49 22.37 24.13 25.44 26.40 27.87 29.60 30.46 31.92 33.40 33.31 33.43 33.59 33.84 34.06 34.20 34.28 33.99 33.76 33.42 33.22 32.73 31.56 29.88 28.57 27.74 26.46 25.01 24.30 22.54 20.96 20.14 18.56 17.51
26.27 27.16 27.91 28.59 28.54 28.30 29.12 29.11 29.05 29.20 29.50 29.42 29.27 29.32 29.28 29.35 28.65 27.82 26.48 24.73 22.89 21.38 20.27 18.79 17.36 16.21 14.60 13.43 12.72 12.26 12.05 11.81 11.97 11.79 11.48 10.25 10.51  9.36  9.12  7.94  7.38
traj-1:
23.33 23.88 24.98 26.47 27.43 29.02 30.72 32.42 33.22 33.37 33.53 33.71 33.85 33.89 33.82 33.74 33.57 33.43 33.22 33.19 32.24 31.35 29.61 28.45 27.28 25.82 24.37 23.78 22.30 20.37 18.56 16.60 15.05 13.92 12.85 11.24 10.24  9.06  7.93  5.95
 8.71  9.73 10.55 11.01 11.46 11.76 11.91 12.45 13.90 15.35 16.82 18.60 19.99 20.88 22.65 23.54 25.34 26.44 28.20 28.50 29.37 29.35 29.29 29.35 29.41 29.38 29.30 29.30 28.50 28.09 28.79 28.66 28.75 29.23 29.77 30.90 30.81 30.73 30.69 30.76
traj-2:
 7.37  7.91  9.72 10.38 12.30 14.00 15.66 16.92 18.43 20.06 21.04 22.72 24.66 25.54 27.30 28.47 30.23 31.72 33.50 33.70 33.68 33.68 33.68 33.68 33.78 33.84 33.97 33.91 33.41 32.80 31.26 30.47 28.48 26.52 24.70 23.33 22.20 20.34 18.74 16.80 15.34 14.49 12.88 11.33  9.44  8.39  6.74
27.95 27.90 27.81 27.78 27.77 27.82 27.79 27.80 28.52 29.11 29.42 29.81 29.81 29.81 29.77 29.74 29.76 29.75 29.15 27.16 25.96 23.98 22.01 20.63 19.57 17.81 15.91 15.39 13.66 12.76 11.79 11.92 12.01 11.97 11.89 11.87 11.82 11.62 11.75 11.76 11.76 11.87 12.00 12.13 12.30 12.37 12.56
traj-3:
20.36 20.76 22.43 24.19 25.99 27.16 28.69 30.02 30.82 32.56 33.41 33.90 33.93 33.92 33.96 34.04 34.11 34.13 34.15 34.23 34.36 33.83 32.33 31.44 29.66 28.21 26.35 24.87 24.29 22.56 20.75 20.17 18.53 17.05 15.60 13.88 11.93 11.31  9.90  8.90  7.28  6.44
11.14 11.26 11.45 11.85 12.25 12.21 12.07 12.15 12.13 12.50 13.46 14.01 16.00 16.82 18.58 18.98 20.74 22.53 24.50 26.30 27.43 28.89 29.78 29.88 29.97 29.98 29.81 29.77 29.80 29.60 29.46 29.36 28.46 28.05 27.84 27.41 27.42 27.36 26.89 27.23 28.06 28.45
traj-4:
 5.52  6.62  7.69  9.59 11.14 11.95 13.75 15.14 16.37 18.15 19.28 20.82 22.76 23.35 24.82 26.28 28.02 29.78 31.26 33.01 33.24 33.47 33.59 33.92 34.02 34.19 34.17 34.13 34.03 33.76 33.63 32.60 32.13 30.63 29.63 27.94 26.45 25.04 24.42 23.94 23.62
30.76 30.69 30.07 30.06 30.33 30.48 30.90 30.78 30.79 30.81 30.84 29.72 29.93 29.84 29.63 29.43 29.32 29.17 29.05 28.68 27.52 25.57 24.81 23.11 21.93 20.28 18.51 17.63 16.43 14.78 13.92 12.36 12.12 11.71 11.49 10.92 10.52 10.13  9.49  8.39  7.65
traj-5:
11.65 13.11 14.79 16.10 17.93 19.66 20.58 22.04 23.90 24.67 25.94 27.64 29.55 30.74 32.27 33.33 33.59 33.50 33.22 33.29 33.36 33.41 33.45 33.50 33.54 33.59 33.17 33.10 31.35 29.88 29.31 27.83 26.06 24.88 23.72 22.03 20.47 19.80 17.83 16.20 14.51 12.93
 7.93  8.43  8.78  8.97  9.22  9.01  9.18  9.52  9.93 10.17 10.42 10.61 10.93 10.95 10.96 11.68 13.57 13.86 15.76 17.26 19.16 20.88 22.78 23.95 24.85 26.31 28.16 28.45 29.26 29.19 29.18 29.17 29.17 29.17 29.18 30.16 31.18 31.26 31.29 31.51 31.73 31.88
traj-6:
18.55 19.13 20.84 22.49 24.23 25.97 27.15 28.90 30.65 32.14 33.41 33.44 33.68 33.54 33.74 33.90 33.87 33.78 33.59 33.36 33.13 32.75 31.44 29.62 28.57 27.48 25.79 24.36 23.93 22.69 21.06 19.56 17.95 16.13 14.55 12.70 10.75  9.76
28.31 28.46 28.90 29.64 29.61 29.55 29.46 29.31 29.30 29.22 28.04 26.64 25.50 23.54 21.89 20.05 19.19 17.27 15.76 14.51 12.67 12.04 11.27 11.86 12.22 12.54 12.92 13.79 14.21 14.15 13.61 13.25 12.78 12.64 12.97 13.25 13.18 13.59
traj-7:
 9.41 11.35 12.63 13.63 15.33 16.65 17.34 19.13 21.10 22.22 23.89 25.31 26.43 27.86 29.12 30.75 32.09 33.27 33.30 33.48 33.80 33.91 33.83 33.78 33.68 33.57 33.43 33.36 33.69 32.29 31.42 29.94 28.47 26.63 24.87 23.69 22.53 21.46 19.57 17.92 16.32 14.44
14.51 14.05 13.70 13.39 13.07 12.75 12.67 12.37 12.04 12.00 12.12 11.99 11.86 11.92 11.93 11.90 11.91 13.46 13.76 15.55 17.51 18.71 20.47 21.06 22.78 23.37 24.88 26.15 27.82 29.21 29.29 29.45 29.58 29.81 29.83 29.81 29.83 30.15 30.41 31.39 31.97 32.42
traj-8:
16.99 18.04 19.70 20.16 21.92 23.57 23.87 25.63 27.12 28.87 29.45 31.19 32.38 33.70 33.70 33.78 33.97 33.94 33.93 33.67 33.58 33.39 33.21 32.22 31.25 30.01 28.92 27.36 25.45 23.77 22.38 21.90 20.24 18.50
28.91 29.19 29.80 30.00 30.38 29.94 29.93 29.83 29.80 29.78 29.77 29.69 29.67 28.36 27.10 25.90 24.23 22.57 20.77 18.98 16.99 15.01 13.53 12.42 11.90 11.46 11.18 10.80 10.37  9.60  9.12  8.90  8.57  7.96
traj-9:
19.49 20.52 21.65 22.49 23.88 25.66 27.05 28.32 29.85 31.28 32.63 33.24 33.41 33.57 33.75 33.65 33.68 33.59 33.51 33.45 33.40 33.23 33.19 32.86 32.26 30.50 29.64 28.45 26.69 24.94 23.17 21.22 19.87 19.09 17.46 16.88 15.04 13.15 11.78
 8.06  8.35  8.70  8.89  9.25 10.14 10.48 10.83 11.29 11.95 12.57 13.48 14.35 16.17 17.91 19.44 20.72 22.69 23.78 24.96 26.05 27.58 28.45 29.89 29.90 29.87 29.88 29.88 29.89 29.89 29.89 29.70 29.41 29.64 29.96 30.06 30.54 30.73 30.80
traj-10:
17.85 19.65 19.99 21.73 22.64 23.65 25.12 27.12 27.70 29.44 30.63 32.07 33.75 33.80 33.86 33.95 33.96 34.11 33.92 33.84 34.07 34.06 32.79 32.57 31.07 30.35 28.94 27.48 26.57 24.98 23.83 22.24
26.81 27.29 27.36 28.09 28.68 29.41 29.47 29.45 29.44 29.33 29.29 29.30 28.36 27.47 25.67 23.71 23.41 21.45 19.67 17.88 16.05 14.17 12.95 12.75 12.00 11.82 11.83 11.66 11.99 12.98 13.55 14.49
traj-11:
23.32 23.92 24.67 25.98 27.43 28.73 30.71 31.86 32.18 33.00 33.40 33.82 34.12 34.03 33.88 33.80 33.78 33.75 33.97 34.10 33.27 32.04 30.26 29.08 27.60 26.43 24.48 22.99 21.88 21.01
15.26 14.08 12.32 11.78 11.72 11.60 11.42 12.10 12.12 13.06 15.01 16.69 17.86 19.30 21.03 22.99 23.29 25.22 26.94 28.12 29.40 29.64 29.79 29.87 29.90 29.87 29.82 29.83 30.13 31.88
traj-12:
21.40 21.86 22.36 24.18 25.93 27.39 28.86 30.64 32.10 33.51 33.55 33.69 33.73 33.72 33.85 33.94 34.01 34.12 33.95 33.68 33.14 31.35 29.93 28.71 27.57 26.23 25.05 23.51 22.41 21.58 20.07 18.43 17.59 16.07 14.57 12.89 11.75 10.19
26.16 27.88 29.63 29.88 29.87 29.81 29.69 29.61 29.40 28.24 27.30 25.33 24.73 22.75 21.03 19.36 18.53 16.69 15.66 14.10 12.61 12.17 12.15 12.09 12.30 12.60 12.66 12.77 12.19 11.72 10.92 10.57 10.48 10.22  9.97  9.70  9.46  9.13
traj-13:
 7.40  8.32 10.24 11.54 12.39 13.93 15.91 16.00 17.67 19.16 20.65 21.91 23.66 24.66 26.61 27.66 29.16 31.02 32.59 33.03 33.17 33.34 33.38 33.64 33.70 33.87 33.85 33.64 33.42 33.34 33.39 32.05 31.75 30.02 28.25 27.36 25.59 23.83 22.96 21.07 19.57 17.95 17.12 15.44 14.35 13.01 11.89 10.61  9.62  7.76  7.25
10.44 10.45 10.75 11.06 11.27 11.57 11.88 11.83 11.74 11.67 11.73 11.69 11.73 11.78 11.73 11.68 11.69 11.76 12.73 13.17 14.66 16.41 16.71 18.42 19.01 20.49 22.48 24.12 26.09 28.00 28.30 29.60 29.60 29.82 29.86 29.87 29.85 29.77 29.62 29.50 28.73 27.91 27.66 27.64 27.78 28.30 28.63 28.95 29.26 29.67 29.98
traj-14:
 6.92  8.51 10.32 10.62 12.50 13.89 15.11 16.43 17.54 19.24 20.17 21.47 23.04 25.02 26.48 27.91 29.66 31.42 33.09 33.34 33.30 33.29 33.25 33.25 33.19 33.12 33.09 33.09 33.08 33.10 32.43 30.64 28.94 27.51 25.59 24.35 22.70 21.00 19.68 18.09 17.42 15.88 14.65 12.80 11.46 10.00  8.95
33.31 32.76 32.21 32.20 31.69 31.63 31.49 31.48 31.40 31.17 30.88 30.42 29.91 29.71 29.56 29.52 29.53 29.79 28.97 27.26 25.49 24.89 23.17 21.72 20.05 18.58 17.70 16.07 15.49 13.55 12.29 12.17 12.42 12.62 12.86 13.64 13.96 14.21 14.80 14.36 14.21 13.81 13.45 12.86 12.51 12.07 11.77
traj-15:
 5.98  7.68  8.20  8.74 10.21 11.77 12.83 14.74 16.52 18.39 19.69 21.43 22.78 24.73 26.51 28.30 30.01 31.71 33.47 33.68 33.85 33.86 33.74 33.67 33.57 33.52 33.52 33.29 33.16 33.03 31.14 29.37 28.18 27.00 25.23 23.75 22.19 20.94 20.04 18.43 16.70 15.11 13.58 11.83 10.85  8.95  7.51  5.58  4.46
 9.32  9.56  9.64  9.66  9.70  9.95 10.01 10.35 10.53 10.75 10.83 11.05 11.14 11.34 11.60 11.73 12.09 12.05 12.86 14.60 16.02 16.32 18.13 18.97 20.86 22.46 24.38 25.82 26.80 28.60 29.12 29.15 29.24 29.33 29.42 29.47 29.34 29.39 29.36 29.60 29.58 29.52 29.43 29.87 29.95 30.23 30.56 31.06 31.31
traj-16:
21.44 21.84 23.47 24.35 26.09 27.55 28.43 29.60 31.09 32.28 33.80 33.79 33.70 33.66 33.74 33.66 33.62 33.55 33.65 33.61 33.33 32.08 31.20 29.89 28.19 26.33 25.86 24.41 22.68 20.91 19.66 18.44 17.38 15.60 14.89 13.24 11.55  9.99
30.44 30.32 29.82 29.85 29.89 29.90 29.84 29.74 29.64 29.54 28.26 26.27 25.25 23.29 21.53 19.54 18.09 17.13 15.32 14.43 13.20 11.98 12.00 12.04 11.49 10.97 10.84 10.36  9.78  9.44  9.38  9.27  9.12  8.90  8.70  8.31  7.79  7.34
traj-17:
11.75 13.75 14.25 16.14 17.80 19.73 20.36 21.98 22.93 24.62 26.23 27.75 29.40 31.17 32.16 33.15 33.34 33.47 33.53 33.57 33.60 33.62 33.64 33.66 33.40 33.32 33.19 31.55 29.82 28.35 26.59 24.85 23.45 22.12 20.99 19.73 18.01 16.86
 9.07  9.15  9.18  9.31  9.34  9.64  9.71 10.06 10.25 10.60 10.75 10.72 10.90 11.64 12.09 13.71 15.49 16.98 18.47 19.37 21.35 22.83 23.49 25.08 26.83 27.12 29.04 29.73 29.76 29.76 29.73 29.71 29.76 30.45 31.08 31.64 32.46 33.07
traj-18:
14.88 16.10 17.43 19.42 21.08 22.91 24.38 25.85 26.75 27.94 29.67 30.83 31.70 33.31 33.45 33.67 33.71 33.87 33.81 33.80 33.47 33.25 33.10 32.32 30.85 29.09 27.49 26.06 24.64 23.69 22.77 21.31 20.23 18.25 16.72 15.62 14.38
28.68 28.80 29.01 29.19 29.31 29.55 29.33 29.32 29.31 29.29 29.36 29.32 29.22 28.51 26.83 25.11 23.12 21.19 19.41 18.51 16.58 15.19 13.82 12.27 11.83 11.71 12.34 12.61 13.94 15.53 15.09 14.94 14.76 14.62 14.49 14.25 13.92
traj-19:
13.08 13.90 15.81 16.57 17.93 19.51 21.31 23.27 24.39 26.18 26.95 28.67 29.96 30.76 32.15 33.57 33.61 33.77 33.92 34.09 34.04 34.09 33.93 33.78 33.97 34.10 32.64 31.75 30.31 28.85 27.09 26.50 25.08 23.60 21.80 20.05 18.25 16.85 15.01 13.72 12.02 10.69  9.77  7.97  7.68  6.04
16.31 16.08 15.55 15.18 14.73 14.12 13.59 13.23 12.90 12.34 12.35 11.48 11.73 11.90 12.22 13.40 13.99 15.41 16.70 17.62 19.43 21.36 22.80 24.55 26.33 27.82 29.04 29.20 29.51 29.73 29.81 29.81 29.82 29.85 29.88 28.95 29.35 29.07 29.62 30.17 31.11 31.93 32.45 33.20 33.28 33.86
traj-20:
13.78 15.50 16.86 18.75 19.52 21.13 22.87 24.61 26.34 28.11 28.97 30.41 31.88 33.27 33.43 33.50 33.65 33.77 34.00 34.06 33.76 33.48 33.16 33.14 32.20 30.33 29.13 27.95 26.89 25.15 23.88 23.02 21.54 19.71 18.34 16.74 16.12 14.45 13.04 11.12  9.25  7.99  6.31
27.42 27.35 27.36 27.35 27.30 28.20 29.01 29.22 29.26 29.22 29.25 29.36 29.39 28.96 27.51 25.86 24.16 22.50 20.53 18.55 16.82 15.06 13.68 12.66 11.64 11.26 11.27 11.24 11.17 11.36 11.55 11.79 12.14 11.79 11.77 11.88 11.97 12.22 12.43 12.66 12.70 12.87 13.22
traj-21:
17.00 17.24 18.98 19.41 21.23 22.64 24.03 25.70 26.48 28.08 28.74 29.29 31.10 32.23 33.38 33.50 33.58 33.69 33.63 33.66 33.67 33.73 33.64 33.95 33.91 32.23 30.46 28.69 27.51 26.35 25.47 23.70 22.97 21.39 20.42 18.72
 8.22  8.42  9.23  9.54 10.03 10.34 10.63 10.98 11.15 11.43 11.48 11.55 12.08 12.10 13.62 15.11 16.30 17.48 19.36 21.27 22.89 23.66 25.07 27.00 28.00 29.03 29.33 29.53 29.68 29.72 29.76 29.88 29.91 29.96 29.94 29.97
traj-22:
 4.23  5.23  6.50  8.07 10.01 11.25 12.03 13.82 15.18 16.69 18.56 19.89 21.40 22.27 23.88 24.17 25.34 27.09 28.26 30.15 31.33 33.03 33.42 33.59 33.75 34.05 34.03 33.96 33.78 33.66 33.47 33.33 33.28 32.20 30.74 29.08 27.32 25.59 23.74 23.15
29.32 28.95 28.39 28.23 28.00 27.82 27.64 27.26 27.08 27.05 26.98 26.74 27.68 28.70 29.62 29.68 29.87 29.77 29.66 29.43 29.27 28.46 27.08 25.79 25.06 23.29 22.70 20.90 19.12 17.53 15.78 14.37 13.78 12.14 11.71 11.29 10.86 10.42 10.04  9.90
traj-23:
16.23 17.60 19.38 19.87 21.50 23.24 24.10 25.29 26.99 28.13 29.54 30.57 31.54 33.13 33.39 33.61 33.44 33.42 33.51 33.51 33.49 33.47 33.52 33.49 32.19 30.74 28.97 27.22 25.76 24.58 23.24 21.35 19.92 18.14 17.01 15.57 13.95
15.54 15.05 14.33 14.22 13.87 13.00 12.24 11.85 11.54 11.43 11.44 11.77 11.93 13.03 14.50 15.61 17.52 19.51 21.21 22.00 23.46 25.07 26.96 28.30 29.50 29.44 29.42 29.49 29.69 29.84 29.92 29.77 29.74 29.85 29.90 30.06 30.29
traj-24:
 5.35  5.83  7.45  8.96  9.98 11.14 12.05 13.79 15.38 16.53 18.04 19.91 21.85 23.44 24.32 26.09 27.84 29.04 30.52 31.12 33.01 33.13 33.33 33.50 33.77 33.90 33.76 33.76 33.77 33.71 33.63 33.23 32.13 30.58 28.66 26.97 25.15 24.64 22.74 22.58 20.66 19.67 18.17 17.32 16.35 15.08 14.24 12.96
28.94 28.86 28.62 28.41 28.40 28.41 28.29 28.28 28.31 28.34 28.37 28.48 28.41 29.13 29.18 29.22 29.33 29.34 29.36 29.37 28.82 27.87 25.90 24.69 22.88 22.00 20.16 18.46 17.27 16.10 14.91 13.18 12.16 11.69 11.93 12.38 12.94 13.38 13.83 13.93 13.54 13.42 13.23 12.96 12.08 10.66  9.82  8.58
traj-25:
18.90 19.76 21.55 22.65 24.17 25.65 26.99 28.54 29.62 31.23 32.19 33.12 33.53 33.80 33.83 33.99 34.07 34.18 34.34 34.07 33.93 33.78 33.38 33.34 31.77 30.32 28.53 26.59 25.62 23.70 22.77 20.84 19.26 18.23 16.35 15.73
15.91 15.61 14.91 14.46 13.44 12.48 12.33 11.97 12.07 12.09 12.10 13.82 14.97 16.83 17.47 19.16 19.93 21.48 23.18 25.09 26.28 26.67 28.42 30.36 29.78 29.78 29.77 29.76 29.76 29.90 30.51 30.92 31.34 31.48 31.79 32.03
traj-26:
13.46 13.77 15.19 16.54 17.96 19.29 20.98 22.14 23.62 25.36 26.74 28.51 29.68 31.46 33.29 33.52 33.75 34.21 34.32 34.45 34.19 34.19 34.13 33.79 33.70 33.03 31.14 29.45 28.31 26.60 24.87 23.19 21.30 20.10 18.41 17.40 15.91 15.28 13.62 11.78
31.50 31.25 30.40 29.71 29.06 28.36 27.35 28.62 29.62 29.78 29.83 29.65 29.54 29.34 28.89 27.36 25.67 23.86 21.89 21.02 19.49 18.08 16.94 14.97 13.33 12.41 11.85 11.19 10.84 10.65 10.42 10.40 10.34 10.35 10.55 10.75 11.00 11.04 11.36 11.85
traj-27:
11.68 13.11 14.96 16.11 16.83 18.29 19.65 20.71 22.25 22.93 24.59 26.11 28.02 29.50 31.15 32.31 33.50 33.51 33.66 33.70 33.76 33.99 33.99 33.88 33.82 33.67 33.50 33.45 32.18 31.00 29.23 27.49 26.60 25.15 23.38 21.98 21.28 20.39
 8.39  8.69  9.40  9.85 10.16 10.63 10.93 11.03 11.31 11.32 11.45 11.61 11.68 11.73 11.76 12.49 13.93 14.20 16.05 16.92 18.29 20.21 20.60 22.27 23.72 25.54 26.27 28.23 29.41 29.38 29.44 29.51 29.55 29.62 29.66 29.84 29.30 28.45
traj-28:
 7.93  9.55 11.28 13.02 14.52 15.64 17.09 18.24 19.67 21.63 23.48 25.14 26.86 28.47 28.89 30.64 32.11 33.15 33.45 33.46 33.43 33.47 33.44 33.53 33.55 33.55 33.24 33.32 32.17 31.00 29.23 28.02 26.97 25.14 23.33 21.70 20.38 18.58 17.05 15.70
27.80 27.93 28.06 28.43 28.68 28.79 29.00 29.04 29.22 29.20 29.11 29.24 29.31 29.35 29.36 29.46 29.48 28.58 26.89 25.69 23.80 21.91 21.61 19.63 17.85 17.01 15.33 14.05 12.70 11.92 11.82 11.81 11.73 11.70 11.67 11.70 11.65 11.75 11.64 11.89
traj-29:
12.24 13.75 15.61 17.42 18.91 19.90 21.38 23.23 24.79 26.53 28.28 28.79 30.56 31.54 33.03 33.27 33.38 33.59 33.87 33.70 33.70 33.83 33.68 33.58 33.37 33.27 31.58 29.81 28.07 27.18 25.39 23.63 21.81 20.20 19.37 17.44 15.58 13.71 11.78  9.86  8.60
13.72 13.50 13.24 13.09 12.80 12.71 12.43 12.24 12.11 11.96 11.67 11.60 11.84 12.00 12.83 13.50 14.99 16.47 18.31 19.93 21.50 23.45 24.79 26.56 27.99 28.74 29.31 29.29 29.28 29.28 29.16 29.07 28.29 28.01 27.78 27.48 27.08 26.92 26.67 26.35 26.17
traj-30:
 4.77  6.64  7.60  9.30 11.11 12.64 13.22 14.90 16.26 17.95 19.83 20.32 21.96 23.51 24.67 26.47 28.22 29.97 31.74 32.04 33.28 33.57 33.70 33.79 33.79 33.85 33.78 33.71 33.46 33.13 32.19 30.34 28.77 28.16 26.67 24.76 22.81 21.42 19.87 18.15 16.51
28.52 28.36 28.35 27.89 27.64 27.60 27.73 28.36 28.81 29.31 29.91 30.03 30.57 29.83 29.82 29.81 29.86 29.86 29.80 29.79 28.60 26.71 26.02 24.25 22.91 20.92 19.16 17.17 15.40 13.57 12.27 11.88 11.35 11.25 10.69 10.16 10.06  9.65  9.33  8.72  8.52
traj-31:
23.08 23.50 24.32 24.74 25.89 27.38 29.25 30.74 32.28 33.65 33.50 33.77 33.78 33.99 33.91 33.75 33.73 33.50 33.45 33.46 32.06 30.59 29.41 27.93 27.06 25.29 24.15 22.89 21.48 21.56 21.77 21.56
 7.28  7.91  9.01  9.67 10.41 10.87 11.31 11.79 12.68 13.96 15.13 17.08 18.77 20.28 21.89 23.24 24.72 26.29 28.09 28.68 29.95 29.92 29.91 29.91 29.88 29.87 29.83 29.84 29.52 29.23 27.39 27.17
traj-32:
 8.18  9.90 11.77 13.65 15.12 16.31 17.97 19.63 21.12 22.73 23.88 25.33 27.08 28.26 30.05 31.40 32.42 33.75 33.79 33.81 33.81 33.95 34.01 33.99 33.95 33.92 33.74 33.66 33.13 33.15 31.74 30.74 29.37 27.63 26.97 25.64 23.79 22.74 21.42 19.53 18.09 16.70 15.61 14.15 12.78 11.01  9.26  8.24
27.99 28.35 28.43 28.34 27.99 28.58 29.08 29.40 29.62 29.67 29.64 29.69 29.71 29.74 29.67 29.58 29.53 28.38 27.83 26.27 25.09 23.11 21.74 21.07 19.20 18.31 16.84 15.12 14.05 12.95 11.90 11.70 11.70 11.64 11.58 11.33 10.83 10.67 10.54 10.90 10.26 10.37 10.47 10.33 10.13 10.00 10.23 10.36
traj-33:
10.61 12.31 14.15 15.51 17.30 18.47 20.22 20.57 22.44 23.43 25.14 26.88 27.77 29.54 31.40 33.31 33.76 33.55 33.75 33.74 33.78 33.72 33.67 33.82 33.56 33.60 33.65 32.11 30.33 29.46 27.97 26.50 25.05 23.05 21.37 19.82 18.53 17.38 15.51
 7.47  8.09  8.78  8.95  9.12  9.61 10.31 10.23 10.39 10.54 10.53 10.85 11.05 11.30 11.88 11.81 13.62 15.37 17.28 18.27 20.23 21.99 23.32 24.61 26.34 27.12 28.66 29.76 29.89 29.88 29.94 29.95 29.93 29.97 30.79 31.27 31.94 32.04 32.31
traj-34:
14.23 15.33 16.67 18.38 19.37 21.03 21.99 23.16 24.77 26.53 28.29 30.05 31.49 33.01 33.27 33.43 33.71 33.86 33.72 33.70 33.64 33.26 33.23 33.15 32.20 31.90 30.29 28.98 27.19 26.34 24.66 23.18 21.68 19.77 18.58 16.76 15.02 13.86
32.16 31.88 31.49 31.08 30.76 30.18 29.91 29.79 29.62 29.44 29.36 29.19 29.21 28.49 27.86 26.11 24.25 22.91 20.94 19.74 18.45 16.70 14.82 13.69 12.62 12.57 11.88 11.91 12.00 11.93 12.69 13.23 13.65 14.15 14.47 15.01 15.48 15.79
traj-35:
 8.73 10.67 12.26 14.16 15.60 16.48 17.96 19.72 21.04 22.35 23.96 25.92 26.52 28.04 29.42 31.01 32.09 33.07 33.45 33.67 33.96 34.26 34.11 34.04 33.85 33.45 33.24 33.01 31.26 30.97 29.00 27.23 26.08 24.33 23.31 22.17 20.38 18.90 17.00 15.27 13.46 12.50
14.33 14.36 14.44 14.92 14.85 14.69 14.16 13.59 12.70 12.28 11.82 11.95 11.94 11.90 11.76 11.75 12.15 13.87 14.90 16.64 18.37 19.97 21.14 23.10 24.04 25.81 27.45 28.43 29.25 29.30 29.36 29.25 29.26 29.28 29.37 30.00 30.36 30.88 31.33 31.80 32.66 33.11
traj-36:
17.57 18.27 19.81 21.64 23.12 25.08 26.53 27.97 28.57 30.35 31.77 33.75 33.55 33.50 33.53 33.61 33.78 33.74 33.72 33.69 33.63 33.24 33.05 32.46 30.67 30.09 28.54 26.72 25.89 24.55 22.89 21.43 20.87 18.94 17.61
31.37 31.14 30.64 30.06 29.61 29.46 29.52 29.55 29.57 29.66 29.71 29.57 27.86 26.27 25.74 23.75 21.81 20.39 18.89 17.45 15.95 14.02 12.15 12.14 12.02 11.68 11.93 12.10 12.24 12.38 12.41 12.40 12.45 12.96 13.36
traj-37:
17.88 19.73 21.62 22.73 24.23 25.59 27.05 27.92 28.84 30.79 31.44 32.15 33.19 33.30 33.43 33.51 33.60 33.55 33.60 33.46 33.35 33.41 33.53 32.18 30.70 28.91 28.02 26.25 24.50 22.75 21.60 19.77 18.71 16.98 15.10
13.85 13.16 12.55 12.24 11.73 11.57 11.51 11.62 11.68 11.78 11.88 12.04 13.68 15.53 17.38 18.85 20.00 21.58 22.12 24.11 26.06 27.40 29.10 29.92 29.95 29.96 29.95 29.95 29.89 29.89 29.84 30.07 30.50 31.03 31.36
traj-38:
18.87 20.02 22.00 22.95 24.17 25.64 27.42 29.18 30.96 32.14 33.15 33.26 33.43 33.49 33.69 33.69 33.56 33.54 33.29 33.17 33.13 32.78 32.14 30.41 28.68 27.45 26.28 25.37 23.78 22.17 20.22 19.10 17.65 16.24 15.24 14.15 12.49 10.74  8.80  8.18  6.55
29.17 29.37 29.41 29.41 29.41 29.34 29.32 29.30 29.22 29.01 28.24 26.98 25.66 24.29 22.94 21.26 19.50 17.74 16.03 14.10 13.34 12.77 11.48 11.71 11.59 11.49 10.81 10.55 10.41 10.22 10.52 10.42 10.01  9.94  9.85  9.61  9.31  8.94  8.86  8.88  8.72
traj-39:
 8.46  9.61 11.58 12.10 14.05 15.80 17.68 19.37 19.90 21.74 23.17 24.31 25.36 27.21 27.22 27.85 29.31 30.15 31.96 32.11 33.29 33.37 33.58 33.60 33.84 33.97 34.02 33.72 33.66 33.63 33.31 33.41 32.06 30.28 28.80 27.62 26.16 24.39 22.54 21.82 21.31 20.58
15.52 15.37 15.12 15.17 14.83 14.51 14.31 13.77 13.65 13.19 12.79 12.38 12.06 11.94 11.90 11.85 11.90 11.88 12.36 12.36 13.91 15.68 17.58 17.86 19.63 20.51 22.30 24.25 26.24 26.54 28.25 28.53 29.71 29.71 29.70 29.76 29.83 29.89 29.94 28.73 27.87 26.64
traj-40:
 6.93  8.37 10.12 11.32 13.11 13.97 15.80 17.35 19.27 20.71 21.83 23.29 24.45 26.20 27.97 29.74 31.52 33.27 33.62 33.83 33.81 33.83 33.88 33.71 33.65 33.61 33.43 33.30 33.17 32.62 31.06 29.62 28.47 26.89 25.27 23.90 23.15
27.57 27.76 27.98 28.17 28.24 28.33 28.60 28.92 29.21 29.55 29.81 29.69 29.61 29.56 29.50 29.45 29.28 28.91 27.00 25.71 24.15 23.56 22.08 20.17 18.84 16.98 15.96 14.37 13.68 12.70 11.92 11.75 11.50 11.54 11.39 11.49 11.54
traj-41:
 5.43  6.78  7.75  9.63 11.22 12.68 14.64 16.05 17.51 19.47 21.27 22.58 23.59 25.47 26.00 27.76 29.21 30.66 32.59 33.26 33.42 33.76 33.98 34.13 34.19 33.92 33.73 33.52 33.41 33.25 33.22 32.26 30.53 28.76 27.27 25.51 24.15 23.44 21.52 20.04
10.83 10.89 10.91 11.51 11.82 11.93 12.15 12.15 12.30 12.44 12.54 12.50 12.59 12.35 12.28 11.99 11.88 12.04 12.34 13.56 14.42 15.79 16.85 18.27 20.05 21.76 22.82 24.61 25.50 27.27 28.47 29.34 29.62 29.64 29.63 29.65 29.61 29.48 28.91 28.35
traj-42:
10.51 11.16 13.06 14.71 16.30 18.06 18.90 20.72 21.77 23.47 25.12 25.69 27.45 28.90 30.64 32.12 33.14 33.33 33.51 33.54 33.55 33.66 33.62 33.53 33.47 33.29 33.18 33.12 31.99 31.55 29.74 28.08 26.21 25.56 23.70 21.76 20.09 18.23 16.74 15.09 13.20 12.04
30.71 30.69 30.82 30.50 30.45 30.99 30.88 30.60 30.46 29.93 29.94 29.93 29.93 29.78 29.63 29.42 28.63 27.60 26.08 24.23 22.65 20.96 19.86 18.21 17.21 15.70 14.28 13.38 12.00 11.91 11.86 11.67 11.99 11.99 12.30 12.60 12.90 13.26 13.77 14.16 14.63 14.97
traj-43:
 9.97 10.46 12.17 13.25 15.04 15.34 17.23 18.94 20.87 22.67 24.40 26.23 27.80 29.63 30.23 31.77 33.05 33.33 33.63 33.88 33.92 34.07 34.09 34.11 34.13 34.07 33.62 33.27 33.09 31.36 29.87 28.12 26.38 26.08 24.10 22.33 20.91 19.29 17.98 16.05 15.29 13.82
10.53 10.33  9.59  9.75  9.89  9.92 10.22 10.43 10.79 11.27 11.73 11.76 11.69 11.97 12.01 11.91 13.19 14.95 16.52 18.17 18.74 20.52 20.82 22.53 23.72 25.05 26.31 28.01 28.81 29.46 29.53 29.71 29.70 29.70 29.52 29.35 29.15 28.75 28.48 28.04 27.82 27.52
traj-44:
 6.89  8.16  9.40 10.81 12.39 13.91 14.64 15.91 17.11 18.27 20.24 21.94 22.54 24.29 26.06 27.23 28.97 30.44 32.42 33.62 33.82 33.89 34.12 34.11 34.09 33.98 33.78 33.60 33.39 33.34 32.42 31.35 30.75 29.18 27.65 27.09 25.17 24.08 22.32 21.18 19.29 17.29 15.37 13.88 13.08 11.09  9.49  7.92  6.97
33.65 32.93 32.10 31.33 30.72 30.16 30.11 29.97 29.76 29.81 29.76 29.59 29.60 29.54 29.41 29.31 29.22 29.17 29.06 28.69 26.76 24.92 23.59 22.84 21.39 19.40 17.93 16.45 14.68 14.38 12.67 11.74 11.54 11.58 11.57 11.68 11.63 11.70 11.33 11.30 11.74 11.61 11.68 11.79 11.84 12.00 12.30 12.11 12.01
traj-45:
14.23 15.56 17.11 19.06 20.92 22.09 23.01 24.65 26.33 28.23 29.58 31.28 32.34 33.26 33.44 33.60 33.62 33.70 33.70 33.80 33.87 33.54 33.55 32.06 31.47 29.70 27.91 26.77 25.34 23.60 23.01 21.39 19.73 18.78 17.23 15.90 14.67 13.71 12.21 10.70  9.60  7.92
13.04 13.18 12.63 12.56 12.23 11.90 11.92 11.86 11.96 11.93 12.10 12.22 12.40 14.17 16.11 17.63 19.16 20.98 22.82 24.02 25.31 26.91 28.39 29.52 29.60 29.82 29.85 29.89 29.88 29.96 29.93 29.76 29.48 29.31 28.78 28.55 28.27 28.12 27.82 27.30 27.14 26.70
traj-46:
 6.19  7.99  9.65 10.95 11.81 13.03 15.02 16.55 17.02 18.93 19.89 21.57 23.00 24.90 25.20 26.95 27.81 29.59 31.37 33.07 33.68 33.86 34.36 34.45 34.37 34.57 34.52 34.13 33.92 32.78 32.58 31.02 30.73 29.01 28.74 26.86 25.27 23.72 22.68 20.81 19.66
32.11 31.86 31.67 31.53 31.51 31.35 31.33 30.68 30.74 30.29 30.14 29.74 29.64 29.57 29.53 29.46 29.43 29.48 29.31 28.61 27.07 25.97 24.09 22.32 20.81 19.03 17.54 15.87 14.47 12.99 12.77 12.09 11.99 11.57 11.43 10.82 10.35  9.84  9.61  9.31  9.10
traj-47:
 7.48  9.17 10.40 11.15 11.54 13.08 14.81 15.50 17.15 18.86 19.95 20.87 22.78 24.64 26.50 26.96 28.51 29.88 31.48 33.00 33.30 33.74 33.73 33.49 33.13 33.29 33.34 33.44 33.47 33.19 33.07 31.25 30.65 29.17 28.58 26.84 25.11 24.25 22.53 20.77 18.99 17.94 16.10 14.31 12.79 11.58  9.88  8.46  6.94  5.14
16.51 16.24 15.62 15.04 14.64 13.61 12.76 12.88 13.05 13.26 13.26 13.32 13.36 12.87 12.67 12.63 11.92 11.83 11.87 13.11 14.52 16.47 17.83 18.98 19.30 21.29 22.17 23.36 25.11 26.86 28.38 29.19 29.23 29.31 29.35 29.46 29.43 29.33 29.23 29.10 28.87 28.62 28.73 28.52 28.40 28.26 28.23 28.25 28.20 28.08
traj-48:
15.56 17.24 18.36 19.36 20.44 22.29 23.76 24.36 25.84 27.30 29.05 30.21 31.68 32.86 33.16 33.49 33.66 33.94 33.90 33.86 33.56 33.32 33.03 32.11 30.26 28.48 26.75 24.96 22.99 21.64 19.75 18.41
27.01 28.02 28.63 29.19 29.78 29.52 29.38 29.34 29.36 29.39 29.33 29.23 29.15 28.93 27.14 25.19 23.82 21.92 19.94 18.75 17.29 15.47 13.70 12.22 12.03 11.86 11.55 11.45 11.19 10.99 10.35 10.00
traj-49:
 7.90  9.87 10.27 12.13 12.87 14.76 16.33 17.83 19.58 21.23 22.99 23.64 25.52 26.94 27.72 28.28 30.05 30.88 32.37 33.31 33.73 33.79 33.97 34.00 34.05 33.92 33.76 33.57 33.39 32.05 31.16 29.69 28.82 27.38 25.67 24.49 23.50 22.13 20.67 19.28
11.29 11.24 11.17 11.07 11.08 10.88 10.77 10.58 10.72 10.65 10.25 10.51 11.02 11.31 11.28 11.30 11.34 11.72 12.52 14.24 15.98 16.87 18.62 19.52 21.30 23.19 25.06 26.77 28.51 29.75 29.82 29.84 29.79 29.78 29.75 29.80 29.91 30.65 31.73 32.82
traj-50:
21.71 21.75 23.28 25.21 27.17 28.94 30.68 32.16 33.48 33.62 33.87 33.87 33.76 33.68 33.64 33.54 33.37 33.27 33.20 32.04 31.46 29.82 28.09 26.30 24.33 22.77 21.02 19.28 17.76 16.64 15.30 13.46 11.63  9.84  8.14  6.38
31.48 31.17 29.92 29.66 29.54 29.44 29.30 29.07 27.99 26.34 24.59 23.22 22.15 20.76 19.54 18.20 16.38 14.62 13.73 12.12 12.06 11.88 11.84 11.88 11.93 12.11 12.38 12.51 12.63 12.74 12.91 13.03 13.29 13.38 13.45 13.51
traj-51:
11.54 12.63 13.96 15.92 17.74 18.79 20.41 21.52 23.48 24.56 26.21 27.70 29.35 30.92 32.15 33.39 33.56 33.76 33.96 34.25 34.30 34.45 34.45 34.23 34.02 33.45 33.22 32.10 31.23 30.06 28.22 26.74 24.99 23.24 21.90 20.40 18.49 16.72 15.40 13.45 11.58 10.99
13.31 12.85 12.30 12.40 12.58 12.55 12.43 12.43 12.23 12.22 12.17 12.00 11.81 11.69 12.02 13.51 14.38 15.55 17.16 18.14 19.42 21.13 22.63 24.30 25.71 27.44 28.39 29.46 29.50 29.64 29.57 29.49 29.41 29.32 29.51 29.76 29.93 30.18 30.32 30.49 30.63 30.61
traj-52:
11.75 13.46 14.59 15.80 17.57 18.92 20.25 20.95 22.71 23.88 25.66 27.43 28.59 30.06 30.65 32.09 33.51 33.56 33.81 33.82 33.72 33.74 33.82 33.76 33.48 33.36 33.04 32.24 31.94 30.05 28.13 27.83 25.85 24.72 23.84 22.32 20.74 19.04 18.08 16.36 15.78 14.20 12.58 10.77  9.41
27.97 28.13 28.32 28.55 28.76 29.07 29.39 29.59 29.85 29.89 29.87 29.85 29.84 29.71 29.62 29.39 27.99 26.15 24.24 23.94 22.19 21.16 19.18 18.60 16.89 15.10 13.38 12.25 12.22 12.26 12.52 12.56 12.80 12.53 12.44 11.52 11.29 10.63 10.33  9.74  9.68  9.30  8.63  7.82  7.25
traj-53:
16.12 18.04 19.88 20.67 21.92 22.89 24.77 26.36 26.55 28.35 29.13 31.10 32.66 33.22 33.52 33.78 33.89 33.87 33.80 33.63 33.65 33.57 33.61 33.68 32.34 30.95 29.18 27.43 26.26 24.53 22.64 21.59 19.82 18.18 17.31 16.13 15.96
11.42 11.54 11.55 11.58 11.68 11.80 11.89 11.97 11.92 11.96 12.00 12.01 12.20 12.91 14.77 16.50 18.44 19.50 20.56 22.44 24.26 25.47 27.47 28.06 29.30 29.34 29.44 29.50 29.54 29.28 29.07 29.10 29.79 30.53 30.85 32.19 32.54
traj-54:
 4.72  6.15  6.76  8.01  9.99 11.59 13.19 14.27 16.21 17.82 19.31 21.16 22.79 24.56 26.33 27.83 29.29 30.73 32.38 33.70 33.79 33.65 33.65 33.77 33.61 33.74 33.65 33.49 33.23 32.26 30.48 29.42 27.83 26.80 25.15 24.20 23.06 21.51 19.70 17.79 15.83 14.27 12.53 11.29  9.87
30.34 29.43 29.12 28.59 28.37 28.34 28.35 28.28 28.56 28.76 28.76 29.07 29.33 29.27 29.41 29.39 29.28 29.25 29.24 28.49 26.94 25.36 23.61 21.72 19.79 18.43 16.97 15.55 13.80 12.36 11.92 11.92 11.85 11.79 11.67 11.37 11.05 10.70 10.43 10.14  9.85  9.80  9.51  9.43  9.20
traj-55:
13.67 13.96 15.70 17.21 18.68 20.24 22.07 23.97 25.89 27.38 28.89 30.43 31.83 33.21 33.33 33.56 33.73 33.87 33.84 33.87 33.76 33.40 33.48 33.46 33.30 33.17 32.04 30.31 28.55 27.40 26.25 24.49 22.77 21.57 19.89 18.56 17.67
 9.10  9.18  9.43  9.56  9.72  9.99 10.27 10.55 10.76 10.83 10.96 11.52 11.92 13.24 14.13 15.90 17.07 17.93 19.13 20.26 22.01 22.92 24.75 25.11 26.47 28.40 29.37 29.66 29.68 29.62 29.56 29.51 29.41 28.95 28.56 28.28 28.06
traj-56:
 6.22  7.30  8.89 10.85 11.96 13.49 15.21 16.95 18.68 20.50 21.90 23.58 25.36 27.12 28.89 30.38 32.17 33.13 33.20 33.56 33.65 33.83 33.88 34.00 33.96 33.88 33.65 33.51 33.48 33.39 33.08 32.86 31.27 29.96 28.31 26.78 24.89 23.14 22.10 20.44 18.53 17.07 16.15 14.29 12.37 10.81  9.22
30.32 30.02 29.94 29.70 29.46 29.37 29.58 29.68 29.76 29.74 29.83 29.96 29.97 29.97 29.95 29.94 29.81 28.88 28.29 26.84 26.21 24.49 23.10 21.64 20.39 19.30 17.88 16.44 14.62 13.97 12.31 11.78 10.87 10.91 11.37 11.75 12.01 12.26 12.48 12.97 13.32 13.69 13.91 14.41 14.41 14.68 14.81
traj-57:
13.08 14.05 15.81 17.30 19.04 20.61 22.34 23.86 25.03 26.96 27.96 29.25 30.78 32.45 33.12 33.17 33.12 33.09 33.09 33.38 33.40 33.61 33.46 33.30 33.23 32.15 30.51 29.24 28.05 26.57 24.82 23.04 21.15 20.34 18.51 16.84 15.47
 8.23  8.33  8.88  9.41  9.94 10.57 10.70 10.77 10.80 11.16 11.29 11.49 11.90 12.74 13.39 15.26 16.95 18.72 19.02 20.72 22.49 24.18 25.97 27.45 28.34 29.18 29.29 29.33 29.39 29.40 29.31 29.63 30.22 30.38 30.85 31.05 31.23
traj-58:
12.51 14.17 16.13 17.66 18.27 19.23 20.29 22.25 23.52 24.98 26.45 27.03 28.47 30.25 31.41 33.08 33.09 33.36 33.39 33.43 34.08 34.09 34.14 34.05 34.05 33.96 33.65 32.58 30.90 29.14 28.02 26.06 25.47 23.97 22.89 21.64 21.10 19.93 19.18
28.04 28.03 28.14 28.33 28.38 28.55 28.76 29.12 29.21 29.37 29.46 29.48 29.53 29.57 29.60 28.86 28.56 26.85 25.08 24.11 22.39 21.49 19.54 17.62 17.02 15.12 13.90 12.74 11.81 12.16 12.33 12.67 12.78 13.21 12.16 11.00 10.34  9.02  8.35
traj-59:
17.57 19.11 20.08 21.57 23.01 24.82 26.05 27.37 28.92 30.66 31.46 33.06 33.35 33.39 33.70 33.94 34.03 34.19 34.23 33.47 33.37 33.15 33.10 33.06 31.29 29.84 28.97 27.81 25.81 24.04 23.74 22.10 21.42 19.72 18.53 17.62 15.69 14.68 12.83 11.47 10.07
14.37 14.14 14.04 13.83 13.46 12.62 12.52 12.15 11.87 11.95 12.19 12.82 14.60 15.01 16.68 18.11 19.67 21.38 21.97 23.78 24.67 26.62 27.82 28.72 29.35 29.46 29.52 29.56 29.59 29.62 29.63 28.57 28.37 28.01 27.77 27.63 27.32 27.16 26.72 26.50 26.19
traj-60:
20.73 20.14 18.40 17.83 19.25 20.48 22.10 23.54 24.43 25.92 27.41 28.00 29.75 31.53 32.12 33.66 33.58 33.69 33.82 33.96 33.89 33.91 33.99 33.87 33.82 34.02 33.73 32.01 31.30 29.61 28.02 26.84 26.05 24.33 22.82 21.04
33.56 33.46 32.89 31.28 30.40 29.53 29.61 29.92 29.93 29.94 29.89 29.86 29.79 29.72 29.64 28.38 26.88 25.99 24.48 22.84 21.35 19.41 18.19 16.77 15.85 14.64 13.17 12.24 12.44 11.93 11.77 11.94 12.28 13.16 13.84 14.50
traj-61:
21.44 22.60 24.33 24.83 26.48 28.12 29.74 31.47 32.26 33.52 33.72 33.76 33.84 33.85 33.93 33.89 33.86 33.82 33.77 33.72 33.55 32.26 30.49 29.31 27.84 26.41 24.92 23.45 22.27 20.87 19.42 18.61 16.85 16.44 14.56 12.90
15.24 14.78 13.77 12.95 11.98 11.77 11.99 12.16 12.40 13.74 15.49 16.39 18.18 18.48 20.28 22.01 23.62 25.06 26.68 27.28 28.07 29.20 29.22 29.22 29.37 29.51 29.64 29.80 30.41 30.93 30.35 30.14 29.63 29.51 29.70 29.70
traj-62:
 5.33  7.02  8.88 10.63 12.10 13.15 14.53 16.39 17.72 18.45 19.79 21.28 23.02 24.66 26.42 27.61 28.50 30.28 32.04 33.52 33.84 33.83 33.90 33.96 33.86 33.76 33.71 33.64 33.51 33.32 33.16 31.38 29.70 28.07 26.25 25.87 24.10 22.46 20.67 19.96 18.21 16.75 15.45 14.03 12.13 10.41  8.56  7.38  6.52
27.06 27.22 27.67 28.02 28.10 28.21 28.33 28.62 28.76 28.93 28.90 29.41 29.65 29.45 29.44 29.40 29.36 29.45 29.44 28.82 27.34 25.69 24.02 22.30 20.99 19.50 18.31 16.59 16.19 14.32 13.39 12.67 11.87 12.45 12.67 12.69 11.92 11.36 10.93 10.77 10.35  9.95  9.65  9.45  8.98  8.57  8.11  7.91  7.81
traj-63:
13.98 14.22 16.05 17.69 19.52 19.82 21.32 22.65 24.35 24.95 26.70 28.38 29.96 30.63 32.25 32.55 33.43 33.80 33.99 34.22 34.26 33.79 33.68 33.49 33.41 33.37 33.44 32.02 30.85 29.39 27.62 26.64 25.47 24.04 22.58 21.46 19.91 18.25 16.45 15.14 14.12 12.70 10.76  9.62  8.24  7.28  5.57  5.27
13.88 13.85 13.75 13.50 12.84 12.80 12.21 12.16 12.07 12.00 11.99 11.84 11.88 11.87 12.77 12.75 14.45 16.28 18.05 19.88 20.13 21.55 23.17 24.65 26.64 27.20 28.09 29.24 29.34 29.49 29.59 29.67 29.74 29.85 29.93 29.84 29.73 29.21 28.53 28.08 27.84 27.48 26.97 26.76 26.65 26.62 26.60 26.63
traj-64:
 9.64 10.83 12.75 14.24 15.29 16.93 18.72 19.47 20.89 22.19 23.74 25.50 26.97 28.74 30.49 32.23 33.06 33.35 33.62 33.85 34.14 34.13 34.01 33.81 33.48 33.24 33.08 31.85 30.55 28.76 26.89 25.17 23.19 22.45 21.01 19.18 17.97 16.05 14.52 12.56 10.84 10.22  8.73  7.01
27.95 27.94 28.01 28.01 28.05 28.04 28.03 27.97 28.09 28.61 29.76 29.66 29.65 29.58 29.49 29.51 29.52 28.01 26.16 24.31 22.54 20.88 19.74 18.27 16.51 14.69 13.28 11.95 11.78 12.06 12.53 12.83 12.66 12.20 11.41 11.54 11.48 11.55 11.42 11.10 11.22 11.16 11.03 10.65
traj-65:
10.12 11.53 13.02 14.38 16.28 17.98 19.82 20.91 22.47 24.04 24.50 25.93 27.82 29.23 29.78 31.34 32.53 33.03 33.02 33.06 33.05 33.05 33.08 33.11 33.13 33.13 33.13 33.11 33.13 33.09 32.04 31.20 29.48 28.02 26.25 25.07 23.62 21.70 21.12
10.65 10.71 10.78 10.75 10.90 11.01 10.79 10.70 10.33 10.25 10.26 10.92 11.48 11.90 12.05 12.00 12.68 13.55 13.85 15.71 16.60 18.09 19.28 20.46 21.62 23.40 25.16 26.06 27.84 28.44 29.47 29.54 29.59 29.52 29.47 29.38 29.23 29.35 29.84
traj-66:
19.26 20.09 20.28 20.91 22.85 23.75 25.52 27.31 28.49 29.97 31.70 32.27 33.73 33.78 33.85 33.97 33.98 33.97 33.85 33.69 33.69 33.61 33.57 32.82 31.00 29.58 27.98 26.43 25.40 23.84 22.25
32.90 31.19 30.82 29.29 29.17 29.17 29.21 29.27 29.25 29.12 29.30 29.46 28.45 27.86 25.88 23.90 23.81 21.82 20.98 19.15 17.31 15.70 14.33 12.83 12.03 11.61 11.36 11.10 11.10 10.99 10.78
traj-67:
21.87 22.19 23.44 24.61 26.34 27.87 29.58 30.64 32.34 33.82 34.12 34.14 34.18 34.17 34.23 34.24 34.27 34.37 34.41 34.46 34.10 33.24 32.19 31.30 29.53 28.36 26.88 25.11 23.96 22.30 21.32 19.66 19.38 18.67 17.45 15.58 14.62
14.30 13.79 12.72 12.16 11.67 11.55 11.47 11.21 10.87 11.34 13.06 14.25 16.05 17.55 19.34 20.24 21.74 23.73 24.47 26.11 26.80 28.27 29.26 29.36 29.50 29.61 29.78 29.89 29.85 29.78 28.18 28.29 30.10 30.73 32.05 32.68 32.97
traj-68:
13.18 14.46 15.37 17.23 18.71 20.27 21.47 22.39 24.17 25.65 26.80 27.69 29.48 30.95 32.42 32.86 34.17 34.15 34.06 33.93 33.88 33.83 33.60 33.42 33.35 33.24 32.28 30.68 29.04 27.40 25.91 24.27 23.60 22.39 20.64 19.12 17.55 17.21
27.45 27.91 28.31 29.00 29.33 29.60 29.75 29.89 29.92 29.92 29.95 29.91 29.86 29.76 29.65 29.24 27.96 26.48 25.10 23.12 21.77 20.59 18.62 16.67 15.39 13.59 12.59 11.84 11.88 11.86 12.11 12.49 13.01 13.32 14.10 14.64 15.48 15.75
traj-69:
15.98 17.31 17.86 19.49 21.16 22.65 24.22 24.77 26.59 28.02 28.76 30.29 31.23 32.54 33.28 33.40 33.42 33.42 33.67 33.69 33.72 33.64 33.47 33.33 33.21 33.11 33.11 31.49 30.37 29.40 28.00 26.81 25.06 23.18 21.67 19.89 18.69 16.76 16.18 14.41
15.85 15.37 15.19 14.59 14.01 13.42 12.78 12.58 12.16 11.96 11.55 11.33 11.51 11.97 13.68 15.66 16.06 16.65 18.46 19.64 20.83 21.90 23.05 24.92 26.84 28.69 28.99 29.52 29.64 29.64 29.68 29.75 29.80 29.95 30.35 30.08 29.81 29.45 29.30 28.77
traj-70:
15.04 16.60 18.03 19.47 21.01 22.56 23.08 24.55 25.42 26.89 28.67 30.14 31.85 33.54 33.47 33.55 33.62 33.68 33.85 33.88 33.91 33.93 33.83 33.63 33.44 31.81 30.21 28.97 27.88 25.97 24.04 22.13 20.28 19.65 17.77 16.07 14.34 12.74 11.59 10.78
27.67 27.72 27.92 27.89 28.09 28.71 29.02 29.19 29.29 29.46 29.37 29.27 29.37 28.78 27.22 25.43 23.77 22.91 20.97 20.08 18.32 17.72 15.80 13.93 12.46 12.18 11.80 11.83 11.76 11.94 12.11 12.64 13.32 13.39 14.01 14.53 15.01 15.49 15.92 16.20
traj-71:
14.89 15.48 16.60 18.37 20.02 21.74 23.06 24.05 25.12 25.94 27.88 29.38 30.88 32.26 33.50 33.64 33.70 33.89 33.99 34.03 34.02 34.01 33.82 33.81 34.13 33.43 32.54 31.28 30.13 28.66 27.49 26.06 25.19 23.75 22.40 21.06 19.82
 9.29  9.69 10.43 10.72 10.64 10.60 10.56 10.68 10.84 10.80 11.15 11.63 12.02 12.36 13.90 15.30 16.45 17.32 18.82 20.74 21.63 23.28 24.32 26.20 27.71 29.33 29.69 29.25 29.21 29.13 29.12 29.26 29.35 29.46 28.71 28.07 28.43
traj-72:
 9.58 11.28 12.43 13.61 15.59 16.21 18.00 19.20 20.55 21.88 23.76 24.61 25.80 27.26 28.97 30.13 31.32 32.40 34.05 33.95 33.87 33.80 33.83 33.87 33.80 33.77 33.69 33.50 33.27 33.09 31.73 30.80 28.99 27.10 25.37 24.31 23.35 21.82 21.29 20.13
32.61 31.90 31.36 29.82 29.72 29.63 29.43 29.37 29.18 29.25 29.22 29.24 29.30 29.31 29.27 29.32 29.35 29.39 28.52 26.99 25.83 24.27 22.82 21.20 19.82 18.19 17.00 15.84 14.04 12.94 11.87 11.74 11.76 11.69 12.53 13.11 13.96 15.07 15.55 16.51
traj-73:
13.92 15.63 16.60 17.98 18.83 20.81 22.20 23.49 25.47 26.41 27.59 28.97 30.62 32.21 33.36 33.26 33.18 33.09 33.25 33.72 33.73 33.83 33.83 33.75 33.48 32.02 30.60 28.84 27.11 25.66 24.19 23.29 21.60 20.16 18.93 17.10 15.63 14.06 12.78 10.90  9.01  7.71
11.69 11.69 11.78 11.63 11.54 11.28 11.17 11.05 11.33 11.56 11.80 11.78 12.18 12.45 12.97 14.79 16.16 17.04 18.80 20.64 20.95 22.94 24.44 26.23 28.17 29.33 29.32 29.38 29.49 29.45 29.46 29.44 28.90 29.82 30.12 30.35 29.66 29.55 29.34 29.06 29.41 29.56
traj-74:
 7.73  8.93 10.51 12.07 13.78 15.40 17.04 18.24 20.15 21.58 22.50 23.78 25.75 27.50 29.28 29.87 31.32 33.08 34.28 34.38 34.36 34.19 34.33 34.37 34.33 34.31 33.88 33.68 33.24 32.28 30.44 28.47 26.62 25.33 23.62 22.41 20.48 19.09 17.52 16.12 15.25 13.56
33.09 32.55 31.89 31.02 30.36 29.69 29.64 29.54 29.45 29.86 29.84 29.80 29.70 29.82 29.76 29.68 29.52 29.35 28.57 26.78 25.58 23.66 22.05 20.26 19.07 18.17 16.43 15.18 13.86 12.19 11.99 11.83 12.00 12.00 12.25 12.07 11.82 11.64 12.15 12.79 13.19 14.00
traj-75:
 7.85  9.14 10.88 12.86 14.09 15.90 17.06 18.72 19.52 21.47 22.85 24.71 25.73 27.15 28.83 30.58 31.79 32.36 33.25 33.39 33.17 33.11 33.17 33.19 33.27 33.42 33.51 33.49 33.17 33.04 32.04 31.45 29.73 29.14 27.38 25.60 23.81 22.15 21.86 20.37 18.84 17.85 16.28 14.57 12.86 11.28  9.97  8.07  6.99  5.23  4.66
11.65 11.68 11.74 11.96 12.04 12.14 12.15 12.39 12.52 12.67 13.70 13.24 12.66 12.37 11.96 11.90 12.19 12.31 13.83 15.62 17.17 17.76 19.49 20.09 21.51 22.89 24.36 25.26 27.22 28.40 29.30 29.33 29.34 29.32 29.31 29.19 29.10 28.17 28.10 28.72 28.66 29.01 29.38 30.02 29.20 29.13 28.09 27.53 27.19 26.67 26.49
traj-76:
 5.21  6.63  8.40  9.84 11.15 12.64 13.65 14.98 16.36 18.01 19.78 20.98 22.67 24.58 26.06 27.82 29.58 30.15 31.60 33.35 33.67 33.81 33.84 33.88 33.67 33.56 33.53 33.43 33.32 33.17 31.89 30.49 28.64 27.73 26.10 24.36 22.49
26.43 26.62 26.76 26.98 27.18 27.55 27.64 27.77 27.94 28.24 28.52 28.63 29.01 29.16 29.22 29.33 29.21 29.18 29.35 28.51 26.86 25.07 24.77 23.03 21.18 19.69 18.33 16.50 15.01 13.22 12.00 11.32 11.28 11.25 11.34 11.43 11.38
traj-77:
14.64 14.71 16.49 18.03 19.33 21.09 22.63 23.63 24.79 26.36 27.48 28.65 29.79 30.67 32.35 33.19 33.11 33.08 33.05 33.11 33.23 33.29 33.28 33.28 33.23 33.18 33.15 31.40 29.64 28.29 26.69 25.53 24.37 22.65 22.35 20.60 19.25 17.75 16.91 15.59 13.77 11.83  9.86
13.65 13.68 14.52 14.81 15.07 15.25 15.44 15.45 13.85 12.68 12.51 12.28 12.09 11.98 12.34 12.84 14.53 16.27 17.95 19.09 20.79 22.58 23.71 25.15 26.64 28.12 28.72 29.47 29.61 29.74 29.73 29.65 29.72 29.75 29.74 29.50 30.13 29.85 29.71 29.73 29.68 29.62 29.62
traj-78:
18.33 19.95 21.82 23.24 24.13 25.32 27.07 28.85 30.31 32.03 33.02 33.13 33.28 33.46 33.58 33.73 33.71 33.64 33.50 33.41 33.28 32.27 31.30 30.16 28.62 27.73 25.83 23.97 22.04 21.04 19.87 18.05 16.34 14.43 13.41 11.93 10.31  8.61  7.33  6.09
30.99 30.36 29.69 29.52 29.58 29.62 29.64 29.80 29.86 29.84 29.03 28.13 26.65 24.70 23.60 22.51 20.85 19.27 17.60 15.70 13.91 12.25 11.92 11.87 11.82 11.79 12.07 12.43 12.70 12.67 12.91 13.13 13.41 13.46 13.28 13.11 13.48 13.93 14.19 14.19
traj-79:
14.98 16.36 17.73 19.48 21.07 22.82 23.64 25.34 26.96 27.51 28.01 29.92 30.46 32.19 33.07 33.35 33.49 33.73 33.80 33.86 33.95 33.95 34.03 34.04 34.09 32.58 30.79 29.30 27.55 26.07 24.92 23.14 21.42 20.08 18.42 16.95 15.49 14.30 12.65 10.85  9.88  8.10  7.80
10.72 11.02 11.41 11.84 11.78 11.90 11.95 11.95 11.97 11.88 11.95 11.82 11.95 12.56 13.74 14.52 15.77 17.34 18.11 19.90 21.69 23.48 24.63 26.54 28.42 29.62 29.71 29.80 29.87 29.93 29.93 29.93 29.88 29.83 29.54 29.53 29.37 29.52 29.75 29.95 29.98 30.03 30.03
traj-80:
 7.64  9.39 10.18 11.38 13.09 14.63 16.08 17.24 19.00 20.69 22.52 22.81 24.71 25.60 27.37 27.92 29.68 31.14 32.18 34.04 33.98 33.83 33.81 33.64 33.82 33.67 33.67 33.71 33.72 33.74 33.48 32.33 30.95 29.08 27.68 25.88 23.92 22.90 21.17 19.54 18.46 16.59 14.75 13.00 12.05 10.62
29.04 28.80 28.70 28.50 28.25 27.96 27.99 28.06 28.25 28.63 29.03 29.11 29.39 29.37 29.37 29.38 29.40 29.41 29.45 29.11 27.35 25.40 25.10 23.14 21.77 21.04 19.15 17.49 16.91 15.22 13.47 11.93 11.74 11.87 11.99 12.53 12.72 12.92 13.61 13.90 14.27 14.40 14.78 15.17 15.44 15.85
traj-81:
22.78 23.28 24.96 26.86 28.70 29.96 31.42 33.15 33.63 33.71 33.80 34.02 34.02 33.89 33.81 33.75 33.77 32.28 30.50 28.72 26.96 26.37 24.88 23.41 22.05 21.78 20.54 18.65 17.96 16.38 15.01 13.38
 9.32  9.62 10.16 10.53 10.99 11.46 11.99 12.83 14.66 16.65 18.56 20.38 21.69 23.23 25.09 26.93 28.21 29.53 29.67 29.79 29.87 29.89 29.88 29.91 29.90 30.03 29.63 29.55 29.17 28.21 27.46 26.41
traj-82:
20.75 20.76 22.65 24.36 25.82 26.69 28.18 29.95 30.55 32.07 33.56 33.65 33.40 33.37 33.58 33.73 33.68 33.83 33.66 33.56 33.49 32.68 32.33 30.82 29.30 28.78 27.18 25.51 23.74 21.84 21.41 19.65 17.86 16.47 15.13 13.76 12.85 11.11  9.61  8.16
29.58 29.28 29.04 29.31 29.31 29.30 29.34 29.37 29.34 29.38 28.25 27.59 25.87 24.11 22.32 20.97 20.11 18.33 16.47 14.78 14.08 12.71 12.23 12.05 11.81 11.80 11.78 11.43 11.22 11.14 11.20 11.10 11.08 11.23 11.01 10.47 10.15  9.40  8.72  8.08
traj-83:
21.95 22.75 24.26 26.07 28.04 29.33 31.18 32.40 33.10 33.31 33.59 33.85 33.89 34.01 34.10 34.25 34.43 34.25 33.76 33.51 33.14 32.04 30.26 29.96 28.24 26.79 25.02 23.28 22.79 21.23 19.62 18.64 16.70
10.67 10.71 10.86 10.82 10.85 10.93 10.77 11.04 12.53 14.00 15.76 17.49 18.09 19.73 20.48 22.45 23.44 24.21 25.46 27.04 28.55 29.43 29.57 29.60 29.49 29.53 29.55 29.83 30.10 30.60 30.85 31.05 30.83
traj-84:
18.88 20.68 22.46 23.70 25.43 27.20 28.05 29.54 31.27 33.14 33.37 33.64 33.77 33.91 34.05 34.03 33.82 33.77 33.69 33.62 33.64 32.58 31.32 30.14 28.61 26.82 25.45 24.43 23.06 21.35 20.82 18.92 17.22 15.75 14.40 12.71 12.04
28.17 28.83 29.67 29.69 29.65 29.53 29.48 29.45 29.47 29.00 27.71 26.49 24.98 24.21 22.24 20.35 19.04 17.25 15.79 13.97 13.70 12.02 11.25 11.19 10.88 10.87 10.78 10.40 10.52 10.34 10.13  9.75 10.08  9.94  9.78  9.73  9.67
traj-85:
 8.74 10.56 12.12 13.89 15.11 16.25 18.25 19.84 20.69 22.04 23.46 24.81 26.50 27.30 29.14 30.71 32.23 33.37 33.69 33.94 34.00 33.99 33.93 33.92 33.90 33.83 33.81 33.71 31.94 30.77 29.35 27.60 25.85 24.11 22.93 21.25 19.55 17.74 16.50 15.03 13.53
12.57 12.51 12.53 12.54 12.64 12.71 12.75 12.88 12.85 13.10 12.97 12.56 12.32 12.18 11.98 11.84 12.24 12.94 14.03 15.76 17.54 19.03 20.85 22.69 24.36 26.26 26.86 28.81 29.43 29.55 29.70 29.67 29.62 29.51 29.35 28.71 29.56 30.34 31.05 31.98 33.06
traj-86:
 4.64  6.51  7.98  9.80 11.20 12.40 13.83 15.25 16.91 18.65 20.60 21.59 22.97 24.72 25.32 27.08 28.52 29.69 31.44 33.06 33.21 33.28 33.46 33.67 34.10 34.27 34.26 34.01 33.84 33.76 33.62 32.58 30.91 29.36 28.34 26.77 25.92 24.48 22.55 20.80 20.13 18.73 17.62 15.71
31.25 30.56 29.85 29.27 29.39 29.25 29.22 29.15 29.10 28.96 29.15 29.38 29.68 29.67 29.64 29.68 29.63 29.57 29.68 28.87 27.70 26.21 24.76 23.73 21.95 19.96 19.07 17.86 16.37 15.48 13.99 12.41 12.08 11.89 11.91 11.84 11.80 11.74 11.91 11.96 12.04 11.82 11.53 11.04
traj-87:
17.79 18.25 20.21 21.17 23.10 24.71 25.31 25.96 27.62 29.13 30.20 30.95 32.43 33.32 33.27 33.25 33.45 33.37 33.53 33.64 33.61 33.67 34.19 34.23 33.07 31.37 31.12 29.34 28.19 26.46 25.32 23.57 21.76 20.32 18.58 17.42 15.69 14.29 12.59 11.52  9.60  8.83  7.15  6.47  5.00  4.81
10.08  9.89  9.92  9.84  9.82 10.29 10.42 10.92 11.24 11.65 11.80 11.94 12.81 14.10 14.76 16.25 17.91 18.79 20.74 22.33 23.36 25.26 26.95 27.25 28.67 29.19 29.21 29.21 29.20 29.17 29.16 29.14 28.55 28.37 28.12 28.10 27.91 27.68 28.02 28.05 28.08 28.10 28.93 29.09 30.40 30.63
traj-88:
21.25 21.53 22.99 24.44 25.84 27.31 29.07 30.83 32.31 33.97 33.84 33.94 34.05 34.07 34.20 34.14 33.97 33.72 33.65 33.42 33.33 32.05 31.21 29.63 28.04 26.34 25.22 23.67 22.72 20.75 18.91 17.35 16.63 14.88 14.19 12.24 10.43  8.78  7.02  5.32
31.34 30.94 29.85 29.81 29.75 29.79 29.84 29.81 29.66 28.60 27.42 26.27 24.76 23.63 21.64 19.86 18.18 16.73 16.14 14.39 13.80 12.41 12.11 11.61 11.35 11.09 10.91 10.50 10.30 10.17  9.92  9.71  9.56  9.42  9.39  9.39  9.09  8.69  8.37  8.07
traj-89:
18.60 20.07 21.03 22.86 23.68 25.58 27.45 27.72 29.48 30.20 31.40 32.47 33.65 33.95 33.96 33.99 34.05 34.06 33.94 33.79 33.70 33.66 33.64 32.19 30.41 29.52 27.73 25.98 24.27 23.40 21.73 19.95 18.46 16.69 16.43 14.76
12.09 11.94 11.79 11.67 11.36 11.70 11.53 11.55 11.94 12.08 12.23 12.47 13.66 14.31 16.07 16.97 18.71 19.01 20.72 22.42 24.36 26.22 28.14 29.30 29.39 29.46 29.59 29.74 29.76 29.64 28.88 28.29 27.66 27.08 26.99 26.40
traj-90:
11.92 13.67 15.44 17.39 19.15 20.97 22.86 23.76 25.52 26.41 27.57 29.29 29.89 31.79 32.39 33.74 33.85 33.91 34.09 34.24 34.23 33.90 33.77 33.62 33.54 33.37 32.43 30.89 29.21 27.36 26.91 25.05 23.26 21.47 19.88 18.49 17.49 15.74 15.06 13.24 12.72 10.93  9.38  8.43
28.70 28.59 28.57 28.67 28.72 28.89 29.22 29.11 29.28 29.32 29.36 29.46 29.52 29.62 29.63 28.29 26.99 25.56 23.91 22.54 21.75 19.84 18.30 16.84 15.08 13.90 12.22 11.83 11.91 11.95 12.00 12.17 12.91 13.26 13.40 13.69 13.86 14.17 14.30 14.77 14.94 15.32 15.69 16.02
traj-91:
15.80 16.36 17.86 19.75 21.40 22.92 24.51 26.50 28.25 30.12 31.89 32.39 33.38 33.56 33.64 33.91 33.97 34.05 34.07 34.01 33.75 33.53 33.26 32.24 31.06 29.57 27.80 27.21 25.34 23.85 22.07 20.29 19.22 17.47 16.15 14.74 13.63 11.84 10.37
13.09 13.01 12.77 12.68 12.30 11.97 11.75 11.63 11.66 11.78 12.02 12.03 13.57 14.44 15.03 16.93 18.22 20.00 21.62 23.03 24.85 26.52 28.20 29.13 29.23 29.30 29.39 29.43 29.30 29.28 29.01 28.38 28.32 28.28 28.04 27.93 27.88 27.76 27.68
traj-92:
13.97 14.91 16.55 17.75 18.07 19.86 21.30 22.59 24.37 26.02 27.45 29.19 30.39 32.17 33.20 33.21 33.34 33.37 33.54 33.72 33.77 33.79 33.82 33.47 33.16 31.39 29.53 27.93 25.98 24.61 23.33 21.65 19.94
32.22 31.62 30.83 30.07 29.85 30.19 29.81 29.86 29.67 29.63 29.75 29.75 29.72 29.65 28.69 28.20 26.60 24.63 23.14 21.66 19.80 18.09 16.30 14.72 12.99 12.11 11.97 11.70 11.78 11.92 12.32 12.64 13.14
traj-93:
21.12 22.43 23.59 24.35 25.46 25.95 27.40 28.74 29.08 31.07 32.72 33.83 33.86 33.90 33.87 33.98 34.12 34.14 33.75 33.63 33.20 33.10 32.11 31.03 29.46 27.68 26.21 24.73 23.48 22.54 21.29 19.82 18.08 17.78 15.99 14.37 12.89
16.55 15.43 14.38 13.60 12.11 11.44 11.45 11.71 11.86 11.81 12.64 14.17 15.44 16.86 18.81 20.73 22.65 23.78 25.62 26.45 28.24 28.37 29.36 29.38 29.48 29.50 29.58 29.61 29.68 30.25 31.59 32.52 32.70 32.65 32.96 32.99 33.17
traj-94:
12.89 14.49 15.53 16.97 18.42 20.16 21.88 22.17 23.88 24.76 26.50 27.98 29.72 30.58 32.35 33.24 34.12 34.01 33.87 33.90 33.83 33.77 33.74 33.61 33.56 33.48 33.32 32.41 30.65 28.77 28.48 26.54 25.15 23.49 22.17
31.32 31.33 31.26 31.19 31.26 31.24 30.80 30.70 29.74 29.77 29.83 29.88 29.92 29.92 29.96 29.94 28.22 26.29 25.14 23.68 22.28 20.63 19.74 17.79 16.89 15.09 13.65 12.72 11.79 11.27 11.23 11.05 10.88 10.62 10.38
traj-95:
16.62 18.58 20.16 22.05 23.71 25.57 27.11 28.48 29.51 31.16 32.13 33.55 33.75 33.90 33.96 34.03 34.13 34.13 33.98 33.93 33.70 33.42 33.31 32.22 30.41 28.67 26.91 26.13 24.26 22.58 20.76 20.39 18.52 16.97 15.88 14.17 13.18 11.39  9.67  8.24  6.96
11.61 11.21 11.28 10.88 10.68 11.05 11.37 11.53 11.66 11.95 12.15 13.39 15.18 16.79 17.38 19.28 20.89 22.08 23.74 24.76 26.40 27.67 28.38 29.23 29.61 29.65 29.67 29.72 29.64 29.63 28.86 28.82 28.69 28.27 28.25 29.15 29.24 29.60 30.12 31.32 31.83
traj-96:
 7.69  8.27 10.12 10.71 12.65 13.32 15.25 17.14 19.07 19.90 21.25 22.70 24.36 25.85 27.04 27.90 29.38 31.13 32.30 33.57 33.63 33.70 33.68 33.85 33.90 33.91 33.90 33.60 33.57 33.36 33.08 32.52 30.62 28.83 27.41 26.06 25.37 23.43 22.10 20.30 19.28 17.71 16.04 14.32 12.80 11.98 10.84
29.55 29.64 29.62 29.70 29.99 30.16 30.52 30.87 31.27 30.89 30.42 30.00 29.93 29.88 29.75 29.64 29.66 29.66 29.48 28.27 26.96 25.51 23.81 22.36 21.06 19.97 18.76 17.47 16.16 14.21 12.78 12.38 12.00 12.17 12.38 12.66 12.64 12.57 12.81 13.16 13.36 13.67 14.09 14.54 14.86 15.01 15.31
traj-97:
18.07 19.74 21.60 22.65 24.55 26.36 28.02 29.83 31.25 32.49 34.00 33.79 34.20 34.19 34.12 34.14 34.02 34.03 33.91 33.52 33.25 32.34 30.66 28.91 27.74 26.57 25.11 24.22 22.32 20.98 19.44 17.66 15.85 14.47 13.61 11.64  9.80  8.81
 9.85 10.23 10.52 10.70 11.16 11.75 12.18 12.03 11.96 12.39 13.47 15.28 16.44 18.24 20.15 21.35 23.34 24.35 26.31 28.19 28.81 29.54 29.64 29.56 29.47 29.41 29.31 29.25 29.08 28.82 28.32 27.93 27.36 27.50 27.65 28.00 28.22 28.43
traj-98:
14.36 15.75 17.56 19.13 19.81 21.10 21.67 22.18 23.69 24.84 26.59 28.36 29.25 30.72 32.49 34.02 34.09 34.02 33.89 33.85 33.68 33.70 33.68 33.69 33.44 33.42 33.34 33.26 32.18 30.72 29.16 27.56 26.24 24.47 23.78 22.64 20.95 19.09 18.85 17.01 15.35 14.83 13.14 11.33
33.58 33.23 32.56 31.98 31.67 31.11 30.83 30.62 29.70 29.74 29.81 29.88 29.88 29.91 29.97 29.00 27.60 26.55 24.97 24.00 22.10 21.84 19.92 18.95 17.16 16.51 14.82 13.80 12.81 11.89 12.11 12.23 12.34 13.23 13.64 13.43 14.00 14.03 14.06 14.19 14.37 14.39 14.39 14.72
traj-99:
11.27 12.99 13.87 15.03 16.08 17.44 18.61 20.23 21.92 22.95 23.79 25.41 26.68 28.51 30.29 30.59 32.06 33.29 33.44 33.74 33.81 34.02 33.97 33.79 33.58 33.89 33.60 33.50 32.28 30.51 28.71 27.56 25.80 24.91 23.71 21.86 20.78 19.40 17.79 16.51 14.94 13.42 12.65 10.97  9.23
10.70 10.64 10.62 10.54 10.47 10.40 10.39 10.30 10.20  9.97  9.96 10.42 10.71 11.19 11.60 11.62 12.17 13.66 14.83 16.52 18.11 19.72 20.57 21.86 23.75 25.16 26.95 28.21 29.37 29.60 29.53 29.48 29.38 29.40 29.44 29.42 29.09 28.59 28.95 29.48 30.27 30.89 30.70 30.15 30.75
traj-100:
12.53 13.68 15.49 16.51 18.08 19.99 21.60 23.00 24.73 25.61 27.06 28.80 30.56 32.12 33.49 33.73 33.95 34.05 34.13 34.17 34.15 34.04 33.73 33.61 33.47 33.32 32.43 30.50 29.43 27.62 26.16 25.64 23.67 22.73 20.94 19.15 17.31 16.22
28.50 28.29 28.19 28.33 28.68 28.99 29.25 29.54 29.62 29.54 29.52 29.46 29.36 29.21 27.88 27.70 25.75 24.30 22.96 21.56 19.95 18.77 16.89 16.00 14.82 13.40 12.05 11.84 11.72 11.99 12.54 12.77 12.89 13.12 13.61 14.36 14.69 15.97
traj-101:
14.42 15.40 17.30 18.95 20.87 22.49 22.95 23.45 25.21 26.13 27.83 29.73 30.82 32.25 33.33 33.38 33.64 33.71 33.85 34.19 34.24 34.27 34.32 34.10 33.89 32.43 31.83 30.34 29.48 28.30 26.52 24.74 23.87 21.98 20.88 19.47 18.58 17.25
 9.22  9.19  9.41  9.45  9.46  9.99 10.17 10.36 11.01 11.37 11.46 11.77 11.72 12.73 14.16 15.35 17.04 17.64 19.11 20.84 22.64 23.28 24.18 26.13 28.08 29.39 29.40 29.44 29.45 29.48 29.54 29.64 29.80 30.29 30.32 30.43 30.43 30.58
traj-102:
 4.29  6.01  6.60  8.05  8.52  9.70 11.21 12.32 13.43 14.82 15.39 17.30 17.77 19.69 20.25 22.18 23.97 25.96 27.95 29.70 31.45 32.04 33.04 33.51 33.72 33.89 34.04 34.04 33.86 33.75 33.50 33.32 33.20 32.46 30.72 29.77 27.84 26.82 25.14 23.20 22.15 20.75 19.79 17.96
32.36 31.76 31.59 31.10 30.85 30.68 29.52 29.00 28.69 29.23 29.42 28.97 29.11 29.32 29.47 29.54 29.59 29.59 29.64 29.64 29.43 29.34 28.34 27.06 25.45 23.68 22.09 21.29 19.35 17.94 16.20 14.42 13.23 12.49 12.08 11.94 11.62 11.50 11.35 10.99 10.86 10.46 10.18  9.81
traj-103:
17.65 19.52 21.32 23.29 24.79 25.87 27.36 28.24 30.08 31.40 32.10 33.18 33.34 34.01 34.25 34.54 34.17 34.06 34.13 34.13 33.98 33.89 33.73 32.03 31.44 29.70 28.82 27.03 26.14 24.37 22.91 22.54 20.68 19.82 18.64
13.57 13.11 12.51 12.28 12.05 11.84 11.70 11.68 11.86 11.95 12.07 13.06 13.69 15.22 16.97 18.78 19.58 21.32 22.57 24.00 25.65 26.81 28.67 29.24 29.36 29.62 29.72 29.81 29.83 29.94 29.81 30.02 30.50 31.53 32.06
traj-104:
12.56 14.33 16.09 16.59 18.40 20.08 20.80 22.26 24.07 25.85 27.32 28.21 29.65 30.54 32.01 33.21 33.28 33.57 34.12 34.15 34.05 33.96 33.81 33.25 33.35 32.22 30.26 29.00 27.24 25.65 23.71 22.23 20.31 19.27
32.11 31.67 31.06 30.94 30.40 29.33 29.23 29.08 29.34 29.36 29.37 29.31 29.27 29.21 29.11 28.03 26.84 25.03 23.28 21.71 20.17 18.65 16.76 15.00 13.27 12.20 12.07 11.81 11.41 11.33 11.31 11.22 10.80 10.57
traj-105:
11.88 13.50 14.71 16.27 16.96 18.88 20.12 21.27 22.95 24.55 25.83 26.94 28.64 29.36 30.81 32.35 33.05 33.73 34.12 34.16 34.43 34.48 34.44 34.42 34.34 34.12 33.79 33.53 32.38 30.59 29.13 28.24 26.51 25.62 23.85 23.01 21.42 19.79 18.73 16.89 16.32
13.43 13.12 12.90 12.53 12.29 11.98 11.86 11.98 12.13 12.33 12.43 12.27 12.01 11.89 11.79 12.74 13.29 14.20 15.86 16.52 18.29 19.48 21.18 21.78 23.38 24.84 26.78 28.50 29.07 29.38 29.33 29.36 29.48 29.54 29.63 29.77 29.87 29.96 30.08 30.34 30.24
traj-106:
 7.40  9.28 10.17 11.96 13.61 14.81 16.36 17.81 19.51 20.60 21.76 22.10 22.34 23.79 25.56 26.15 27.61 29.38 30.75 32.20 33.25 33.49 33.69 33.80 33.79 33.80 33.84 33.87 33.97 34.01 33.93 33.94 33.68 32.38 30.89 29.82 28.72 26.96 25.32 23.80 22.37 20.55 19.52 17.85
27.15 27.03 26.98 26.95 26.77 26.83 26.95 27.01 27.18 27.56 27.83 28.17 28.34 29.24 29.24 29.23 29.22 29.21 29.41 29.22 28.33 27.66 26.74 25.68 23.89 22.35 21.78 20.21 18.78 17.26 16.04 15.23 13.67 12.29 11.88 11.82 11.73 11.79 12.66 13.45 13.20 12.49 12.20 11.61
traj-107:
 8.88  9.17 10.98 12.51 13.30 14.92 16.90 18.68 20.41 21.78 22.98 24.74 26.10 27.95 28.76 30.23 31.35 33.08 33.60 33.89 34.05 34.16 34.16 34.16 34.04 33.62 33.42 33.31 32.28 30.53 29.07 27.32 25.54 24.06 22.39 20.80 19.06 17.62 17.06 15.40 13.80
 8.77  8.80  9.14  9.44  9.54  9.90  9.99 10.07 10.12 10.15 10.09 10.09 10.31 10.94 11.37 11.91 12.29 12.93 13.92 15.68 16.54 18.31 19.81 20.41 22.32 24.21 26.19 28.19 29.16 29.34 29.38 29.46 29.32 29.17 29.31 29.57 29.54 29.31 29.23 29.01 28.71
traj-108:
 4.26  5.46  6.96  7.84  9.26 11.08 12.45 13.29 14.92 15.88 17.59 18.95 19.83 21.78 23.10 23.40 25.14 26.88 28.65 29.25 30.99 31.57 33.21 33.61 33.73 33.74 33.75 33.88 33.97 33.81 33.59 33.41 33.33 32.96 31.24 30.14 29.24 28.15 26.36 24.73 23.97 22.23 21.05 19.73 17.76 16.01 14.54 13.04
27.05 27.12 27.17 27.22 27.40 27.55 27.60 27.61 27.61 27.60 27.82 28.12 28.27 28.69 29.08 29.09 29.13 29.21 29.31 29.37 29.50 29.37 28.66 26.89 25.11 23.17 22.03 20.32 18.85 17.43 15.81 14.34 13.45 12.73 12.00 11.69 11.49 11.43 11.14 11.22 11.17 11.10 10.92 10.79 10.89 10.84 10.79 10.88
traj-109:
19.48 20.48 22.03 23.20 24.55 26.05 26.95 28.62 29.73 31.03 32.41 33.12 33.45 33.55 33.69 33.86 33.97 34.00 34.16 34.20 34.17 34.09 32.55 32.25 30.47 28.63 26.88 25.14 23.82 22.53 20.85 19.36 17.66
 8.98  9.42 10.11 10.54 11.05 11.36 11.38 11.75 11.85 12.15 12.73 14.06 16.03 17.77 19.45 20.70 21.77 23.72 25.13 26.62 27.22 29.14 29.98 29.98 29.93 29.91 29.85 29.74 29.81 30.60 30.90 31.83 32.76
traj-110:
12.74 14.41 16.10 16.90 18.13 20.05 21.83 22.01 22.28 23.95 25.40 26.56 28.34 29.77 30.35 32.09 33.42 33.72 33.72 33.75 34.11 34.00 33.95 33.92 33.88 33.71 33.31 31.97 30.89 29.02 27.85 26.35 25.33 23.81 21.91 19.97 18.39 16.99 15.01 14.01 12.15 11.29
26.52 26.79 27.08 27.20 27.51 27.88 28.26 28.02 28.16 29.24 29.26 29.26 29.32 29.37 29.44 29.55 28.27 26.66 25.17 23.68 21.89 19.96 18.75 17.56 15.78 14.60 12.73 12.12 12.01 11.82 11.67 11.56 11.38 11.31 11.23 10.77 10.68 10.75 10.91 11.04 11.56 11.82
traj-111:
18.21 19.94 21.73 23.55 25.14 26.93 28.55 30.33 31.15 32.32 33.39 33.55 33.65 33.75 33.89 33.78 33.77 33.57 33.56 33.23 33.23 32.14 30.97 29.22 28.62 27.18 25.42 23.66 23.09 21.59 21.32
15.18 14.46 13.70 13.05 12.44 11.75 11.58 11.94 12.17 12.64 14.11 15.90 17.69 19.47 21.25 23.22 23.52 25.22 26.31 28.23 28.53 29.53 29.64 29.66 29.66 29.65 29.63 29.84 29.92 31.12 31.27
traj-112:
 7.62  8.01  9.20 10.57 10.89 12.33 13.75 15.63 16.90 18.83 20.32 22.00 23.58 24.46 25.63 27.11 28.28 30.03 31.47 32.06 33.31 33.79 33.74 33.99 34.17 34.08 34.05 34.01 34.00 34.01 34.03 32.38 31.34 29.43 27.87 26.40 25.32 23.84 22.35 20.87 19.29 17.34 15.88
32.97 32.61 31.61 30.55 30.30 29.26 28.81 28.55 28.34 28.29 28.81 29.52 29.81 29.84 29.80 29.75 29.71 29.62 29.65 29.74 28.76 27.02 26.41 24.63 22.67 20.89 19.98 18.51 16.71 15.22 13.43 12.34 11.19 11.37 11.66 11.82 11.71 11.70 11.96 12.05 12.03 11.95 11.94
traj-113:
 9.30 10.58 12.47 14.28 15.83 17.03 18.35 19.59 21.44 22.55 23.46 24.97 26.00 26.63 28.44 28.92 30.58 31.91 33.05 33.63 34.03 34.11 34.15 34.41 34.43 34.33 34.12 33.90 33.70 33.39 33.37 32.22 31.09 29.64 28.75 27.59 26.12 24.66 22.91 21.16 19.45 18.52 16.87 14.91 13.95
 9.93 10.17 10.68 11.05 12.04 12.71 12.91 13.01 13.26 13.38 13.81 12.88 12.55 12.37 11.72 11.59 11.14 11.30 12.16 13.54 14.26 15.73 16.62 18.57 20.39 22.36 23.70 24.73 26.43 28.11 28.40 29.53 29.55 29.64 29.71 29.77 29.76 29.72 29.84 29.79 29.51 29.50 29.44 29.26 29.38
traj-114:
14.89 15.99 17.49 18.20 19.98 21.67 23.61 25.37 25.95 27.71 29.50 30.39 31.88 33.68 34.30 34.34 34.18 34.24 34.24 34.18 34.12 34.08 33.86 33.58 33.53 32.66 31.86 30.04 28.49 27.12 25.87 24.37 23.35 21.62 19.74 17.86 16.29 15.21 13.31 11.57  9.66  8.02
29.68 29.58 29.62 29.64 29.61 29.73 29.78 29.70 29.72 29.75 29.85 29.90 29.96 29.96 28.15 26.38 25.13 24.24 22.44 20.46 19.26 18.36 16.58 14.84 14.54 12.84 12.59 11.92 11.66 11.34 11.30 11.63 11.89 11.82 11.55 11.75 11.90 12.07 12.39 12.52 12.26 12.14
traj-115:
13.21 14.04 15.53 16.60 17.82 19.51 20.93 22.09 22.58 24.44 25.51 27.22 29.15 30.96 32.50 33.42 33.62 33.95 34.00 33.90 34.07 34.05 33.85 33.62 33.56 33.11 32.88 31.18 30.00 28.24 26.49 24.70 23.55 21.63 19.79 18.49 17.05 16.32 15.06
16.59 16.44 15.37 14.83 14.25 13.48 13.08 12.68 12.55 12.29 12.19 11.94 11.77 11.98 12.76 13.50 14.90 15.98 16.88 18.60 20.49 21.80 23.66 25.24 26.74 28.61 29.74 29.35 29.41 29.46 29.54 29.63 29.57 29.43 29.61 29.86 29.98 30.05 30.44
traj-116:
 8.70  9.69 11.52 13.30 14.04 15.32 17.19 18.36 20.01 20.85 22.46 23.42 24.00 25.44 26.85 28.04 29.81 30.66 32.18 33.45 33.59 33.64 33.68 33.81 33.65 33.67 33.59 33.31 33.24 33.29 32.62 31.07 29.38 28.50 27.37 25.94 24.53 23.05 21.58 19.74 18.17 17.13 15.56 13.88 13.01 11.20  9.70  8.05  6.42
30.42 30.33 30.26 30.17 30.17 30.13 29.98 29.66 30.04 30.02 29.71 29.82 29.72 29.68 29.60 29.55 29.45 29.41 29.34 28.13 27.08 25.51 25.01 23.18 21.83 19.89 18.05 16.14 14.77 14.04 12.87 12.25 12.44 12.51 12.62 12.77 12.51 12.35 12.28 12.13 12.11 12.12 11.74 11.30 11.10 10.53 10.06  9.54  8.82
traj-117:
12.13 13.67 15.45 17.34 19.19 20.24 21.58 23.33 24.80 25.68 26.96 28.63 29.82 30.07 31.75 32.05 33.14 33.42 33.49 33.61 33.70 33.80 33.85 33.82 33.67 33.69 33.55 32.12 31.35 29.89 29.29 27.55 26.95 25.19 23.41 21.66 20.98
 8.41  8.55  8.86  9.15  9.58  9.80  9.95 10.24 10.39 10.64 10.96 11.45 11.84 11.82 12.25 12.33 13.45 14.78 16.13 17.63 19.36 21.27 21.95 23.40 25.37 27.21 27.94 29.32 29.42 29.55 29.60 29.74 29.80 29.93 29.89 30.68 31.02
traj-118:
20.54 22.20 23.74 25.47 26.94 28.41 30.15 31.59 32.89 33.06 33.29 33.29 33.58 33.70 33.73 33.88 33.84 33.77 33.76 33.59 33.56 32.53 30.67 28.71 26.85 25.08 23.18 21.35 19.46 19.20 17.43 16.71 15.32 14.13 12.66 10.93 10.75
29.24 29.13 29.13 29.25 29.32 29.41 29.37 29.27 29.16 27.87 26.00 25.70 23.92 22.86 21.24 19.38 18.48 16.73 16.43 14.65 14.06 12.43 12.16 11.93 11.86 12.18 11.94 11.71 11.90 11.75 11.65 11.82 12.02 12.17 12.57 13.22 13.29
traj-119:
 8.81 10.76 11.72 13.64 15.48 16.73 17.83 19.30 21.18 22.52 23.42 24.30 25.76 27.18 28.01 29.92 30.75 32.27 33.36 33.62 34.01 34.06 33.90 33.80 33.79 33.72 33.53 33.34 33.21 33.04 31.38 29.90 28.72 27.28 26.39 24.61 23.73 22.52 21.44 19.81 18.51 16.93 16.17 15.19
15.48 15.29 15.16 14.79 14.36 14.10 13.88 13.54 13.11 12.79 12.58 12.57 12.50 12.23 12.10 11.98 11.91 12.68 13.60 15.37 17.15 17.45 19.40 20.75 22.33 23.78 25.49 26.43 27.36 28.45 29.08 29.28 29.40 29.54 29.64 29.74 29.76 29.56 29.52 30.65 31.33 32.34 32.73 33.36
traj-120:
 4.93  6.27  7.93  9.35 11.25 12.59 13.82 15.03 16.82 18.04 19.14 20.40 21.54 22.72 23.50 25.38 26.14 27.57 29.34 30.53 32.27 33.62 33.73 33.87 33.85 33.88 34.02 34.04 33.99 33.68 33.42 33.26 32.34 30.47 28.51 27.24 25.61 24.20 23.01 21.87 21.02 19.42 18.27 16.56 15.40 13.68 11.76 11.05  9.45  7.96  6.62
32.04 31.69 30.95 30.42 29.82 29.50 29.25 29.14 28.86 28.36 28.05 27.62 28.29 28.70 29.22 29.21 29.28 29.43 29.50 29.58 29.68 28.38 27.50 26.31 24.44 23.25 21.47 20.58 18.67 16.79 15.46 14.10 12.34 11.71 12.02 12.14 12.18 12.42 12.69 12.64 12.43 12.02 11.51 11.52 11.50 11.34 11.31 11.13 10.69 10.26  9.74
traj-121:
18.76 20.17 21.89 23.21 24.44 25.45 26.90 28.53 30.05 31.44 33.11 33.14 33.54 33.66 33.77 33.88 33.64 33.59 33.43 33.35 33.31 33.25 32.50 30.57 29.68 28.52 27.11 25.93 24.19 22.99 21.19
10.58 10.94 11.24 11.14 11.28 11.53 11.82 11.83 11.88 11.86 12.86 13.16 15.11 16.90 18.35 20.15 22.01 22.76 24.11 25.36 27.09 28.96 29.67 29.40 29.37 29.31 29.17 29.13 29.14 29.08 29.01
traj-122:
16.64 18.63 20.50 21.03 22.43 23.85 25.33 26.48 28.29 29.95 31.72 32.32 33.94 33.93 34.09 34.23 33.72 33.76 33.81 33.80 33.83 33.66 33.60 33.27 32.09 30.54 29.30 27.89 25.93 24.55 23.49 22.15 20.35 18.74 17.07 15.97 14.34 13.46
31.17 31.18 31.32 31.32 30.09 29.07 29.21 29.32 29.51 29.53 29.25 29.18 28.17 27.87 26.11 25.08 23.22 22.33 20.84 19.65 17.78 16.30 15.71 13.90 12.53 11.87 11.93 11.84 11.63 11.76 11.80 11.97 11.80 11.46 11.31 11.16 10.92 10.86
traj-123:
22.18 23.79 25.54 27.19 28.80 29.51 31.25 33.05 33.27 33.68 33.76 33.80 33.88 33.81 33.90 33.74 33.53 33.17 32.06 30.88 29.12 27.35 26.47 24.71 23.82 22.15 20.51 18.84 17.46 16.56 14.75 14.15 12.55
10.41 10.77 11.08 11.40 11.66 11.70 11.87 12.74 14.32 16.24 17.99 19.78 21.53 23.32 24.94 26.59 27.75 28.73 29.65 29.75 29.78 29.84 29.86 29.92 29.93 29.98 30.47 30.32 30.47 30.88 31.35 31.37 32.06
traj-124:
21.58 22.28 23.04 24.97 26.75 27.33 28.76 30.24 32.02 32.61 33.96 33.82 33.95 34.01 33.96 33.83 33.86 33.74 33.64 33.29 33.19 32.15 30.91 29.69 27.81 26.98 25.27 23.33 21.50 19.68 18.39 16.67 15.56 14.70 13.64 12.35 10.93
30.94 30.42 29.98 29.94 29.87 29.84 29.77 29.64 29.44 29.38 28.07 26.25 24.35 23.52 22.19 20.37 19.09 17.89 16.70 14.76 13.57 12.01 11.96 11.83 11.94 11.93 11.96 11.55 11.33 11.09 10.76  9.83  9.35  8.95  8.47  7.78  7.28
traj-125:
 7.02  7.15  9.12 10.89 12.82 13.85 15.66 17.01 18.55 20.39 21.09 22.74 24.53 26.48 28.07 30.00 31.13 32.79 33.22 33.72 33.81 33.81 33.88 33.88 33.75 33.90 33.77 33.59 33.25 32.20 31.03 29.27 27.50 25.75 24.57 22.81 20.99 19.02 17.75 16.39 14.66 12.78
 8.94  8.90  8.96  9.10  9.20  9.10  9.56  9.56  9.78 10.27 10.55 11.09 11.22 11.46 11.98 12.01 12.10 12.25 13.01 14.51 16.33 18.24 19.01 20.71 21.99 23.37 24.97 26.88 28.61 29.63 29.81 29.86 29.90 29.92 29.92 29.96 30.65 31.02 31.02 30.78 30.55 31.02
traj-126:
 6.82  7.93  9.20 10.03 11.96 13.79 14.66 16.55 17.95 19.87 21.46 21.76 23.59 24.18 25.91 26.89 28.21 30.07 31.73 33.52 33.51 33.46 33.56 33.62 33.82 33.78 33.76 33.77 33.77 33.70 33.53 33.08 32.20 31.22 29.64 29.11 27.61 25.91 24.22 23.90 22.08 20.41 18.81 16.91 16.39 14.89 13.17 11.43
33.72 33.41 32.86 32.55 32.18 31.64 31.35 30.76 30.50 30.54 30.50 30.51 29.92 29.87 29.76 29.70 29.62 29.80 29.86 29.02 27.72 26.38 24.78 23.77 22.00 21.18 19.83 18.29 17.39 15.86 14.82 12.97 12.23 11.91 11.92 11.96 12.04 12.27 11.84 11.78 11.35 11.01 10.74 10.68 10.61 10.74 10.96 11.12
traj-127:
 7.52  7.82  9.60 10.11 11.77 13.71 14.28 16.16 16.84 18.52 19.90 21.33 22.52 24.31 24.70 26.28 27.60 28.54 29.23 29.43 31.40 32.24 33.14 33.31 33.49 33.65 33.74 33.76 33.71 33.71 33.73 33.75 34.02 34.27 33.31 31.92 30.16 28.41 27.53 26.34 24.89 23.15 22.86 21.05 20.33 19.32 17.67 16.51 15.15
14.95 14.90 14.82 14.72 14.61 14.18 14.09 13.65 13.52 13.47 13.12 12.77 12.44 11.73 11.68 11.34 11.19 11.42 11.86 11.95 12.16 12.14 13.73 14.92 16.69 18.53 19.03 19.63 21.56 22.16 23.95 24.25 26.09 27.59 28.80 29.25 29.44 29.36 29.32 29.28 29.27 29.16 29.10 29.13 29.21 30.22 31.33 32.29 33.37
traj-128:
11.44 12.59 13.95 15.18 16.09 17.59 19.51 20.81 22.71 24.18 25.92 26.81 28.60 30.38 32.16 33.53 33.31 33.33 33.51 33.73 33.89 33.99 33.83 33.56 33.41 33.36 32.42 30.62 29.80 27.88 27.01 25.07 23.76 21.98 20.64 19.46 17.76 16.53 15.42 14.20 12.50 11.31 10.01  8.92  7.33
26.51 26.78 27.15 27.49 27.87 28.53 28.94 29.46 29.61 29.72 29.92 29.92 29.94 29.94 29.94 28.72 27.19 25.29 24.22 22.46 21.20 19.91 18.14 16.28 14.89 13.72 11.97 12.04 11.99 11.86 11.89 12.30 12.60 12.77 12.80 12.85 13.08 12.83 12.81 12.72 12.94 13.24 13.62 13.85 14.24
traj-129:
 6.83  7.26  8.92  9.59 10.77 12.41 12.93 14.86 16.08 17.94 18.91 20.16 21.62 23.32 25.20 26.40 27.45 29.33 30.03 31.29 32.57 33.27 33.34 33.50 33.52 33.56 33.61 33.46 33.30 33.26 33.21 33.13 32.08 31.79 30.04 29.75 27.98 27.38 25.61 24.05 22.46 21.15 19.49 17.78 16.75 15.34 14.48 12.77 11.93 10.27  9.06  8.18  6.97  5.19  4.93
 7.04  7.25  8.17  8.54  9.21  9.82  9.93 10.41 10.47 10.53 10.43 10.37 10.25 10.74 10.93 11.00 11.18 11.73 11.76 12.12 12.69 13.93 14.53 16.30 16.60 18.59 20.14 21.46 23.34 24.95 26.54 28.39 29.15 29.19 29.46 29.52 29.74 29.79 29.88 29.87 29.72 29.97 30.55 30.97 31.24 31.53 31.74 31.57 31.81 31.90 31.64 31.44 31.15 30.55 30.70
traj-130:
 7.82  8.77  9.85 11.48 13.11 13.79 15.39 17.21 18.47 20.21 21.78 22.77 23.67 24.82 25.98 27.46 28.62 29.80 31.57 33.22 33.38 33.58 33.66 33.78 33.89 34.07 34.05 33.98 33.83 33.68 33.59 33.48 31.58 30.38 28.44 26.63 24.88 23.08 22.57 20.86 19.68 19.03 17.47 17.20
33.14 32.82 32.69 32.30 31.98 31.76 31.48 31.05 30.88 30.62 29.89 29.79 29.76 29.70 29.64 29.58 29.56 29.57 29.51 28.73 27.58 25.61 24.90 22.99 21.85 20.47 18.75 17.77 16.18 15.44 13.88 12.73 12.12 12.09 11.92 12.08 12.80 13.65 13.88 14.78 15.39 15.69 16.45 16.59
traj-131:
18.58 19.79 21.34 23.09 24.37 25.65 26.39 28.02 28.52 30.19 31.21 32.82 33.10 33.14 33.28 33.67 33.91 34.05 34.15 34.22 34.42 34.63 34.83 34.91 33.39 32.50 30.74 28.96 27.49 26.90 25.17 24.01 22.06 20.34 18.57 17.02 15.10 14.03 12.44 10.51  8.63
16.02 15.32 14.44 13.51 12.89 12.50 12.28 12.00 12.01 11.80 11.95 12.85 13.14 14.65 16.25 17.80 18.85 20.04 21.23 22.73 24.53 25.56 26.73 28.29 29.56 29.55 29.52 29.52 29.70 29.75 29.77 29.76 29.45 28.98 28.92 28.88 28.87 29.10 29.88 29.87 29.75
traj-132:
 6.85  8.42 10.24 11.70 12.33 14.29 15.28 16.61 18.07 19.89 21.65 23.41 24.88 26.65 27.54 29.29 31.06 32.89 33.07 33.25 33.53 33.69 33.84 33.96 33.85 33.71 33.47 33.13 32.30 30.51 29.15 27.26 25.60 24.96 23.12 21.22 19.99
29.57 29.84 30.01 30.19 30.24 30.42 30.49 30.60 30.78 31.03 30.35 29.88 29.83 29.78 29.77 29.81 29.94 29.16 27.38 25.74 23.89 22.48 21.54 20.18 18.34 16.76 15.51 13.65 12.39 12.02 11.70 11.25 10.87 10.70 10.35  9.91  9.64
traj-133:
 6.70  7.26  8.77 10.00 11.28 12.96 13.69 13.93 15.76 17.75 19.37 21.02 22.71 24.15 25.91 27.11 28.12 29.62 30.95 32.27 33.26 33.38 33.67 33.92 34.16 34.43 34.19 33.93 33.77 33.53 33.16 33.00 31.39 30.21 29.34 27.60 26.13 25.24 23.49 21.93 20.46 19.38 18.08 16.19 14.31 12.72 10.93
15.70 15.34 14.63 14.27 14.09 13.45 13.28 13.11 12.94 12.76 12.48 12.44 12.61 11.90 11.38 11.30 11.32 11.40 11.53 11.92 13.65 14.26 15.98 17.39 18.79 20.65 22.32 23.83 24.74 26.23 27.92 28.89 29.64 29.65 29.70 29.67 29.67 29.66 29.84 29.91 30.06 30.11 30.13 30.04 29.88 30.01 30.26
traj-134:
 4.53  5.58  7.31  9.18 11.06 12.57 14.03 15.90 17.54 18.55 20.07 21.82 22.21 23.66 25.15 26.57 27.75 29.53 30.70 32.10 33.75 34.04 34.19 34.29 34.34 34.45 34.46 34.45 34.42 34.41 34.39 34.38 33.44 31.82 30.07 28.18 27.53 26.10 24.41 22.62 20.84
30.08 29.67 29.06 28.43 27.94 27.78 27.61 27.71 27.61 27.74 28.02 28.49 28.62 29.35 29.39 29.37 29.39 29.37 29.29 29.10 28.21 26.91 25.93 24.32 23.39 21.72 19.92 18.14 16.64 15.74 13.95 12.46 11.29 11.16 11.40 11.41 11.54 11.65 11.66 12.18 12.75
traj-135:
14.02 15.67 17.36 19.01 20.66 21.52 23.34 24.47 26.25 26.72 28.51 30.46 30.97 32.69 33.37 33.51 33.72 33.81 33.71 33.65 33.78 33.61 33.39 33.02 31.31 30.53 28.75 27.00 26.11 24.63 22.87 21.37 19.78 18.47 16.58 15.47 14.44 12.51 10.81  9.32  7.73  6.68
15.12 14.49 13.95 13.36 13.11 12.92 12.53 12.25 11.98 11.91 11.98 12.40 12.29 12.70 13.91 15.70 17.07 19.04 20.55 21.81 23.14 25.10 26.69 28.64 29.27 29.38 29.63 29.85 29.87 29.91 29.97 29.64 29.85 29.36 29.01 28.67 28.53 28.42 28.15 28.09 28.16 28.18
traj-136:
14.13 15.04 16.67 18.20 20.06 21.80 22.39 23.53 24.43 25.61 26.48 27.97 28.85 30.33 31.51 33.18 33.23 33.29 33.30 33.33 33.59 33.90 33.96 33.70 33.53 33.37 33.22 32.18 30.88 29.03 27.29 26.25 24.77 23.94 22.96
31.46 31.27 30.86 30.56 30.16 30.03 29.78 29.68 29.71 29.73 29.75 29.69 29.62 29.44 29.41 28.60 27.62 26.44 24.56 23.08 22.92 20.96 19.77 18.05 16.59 15.13 13.64 12.06 11.76 11.48 11.91 12.13 12.76 13.10 13.96
traj-137:
 6.33  6.63  8.55  9.56 11.47 12.49 13.84 15.47 17.20 17.50 19.24 21.08 23.00 23.77 25.72 27.24 28.02 29.35 30.60 32.43 32.72 33.50 33.79 33.96 34.14 34.17 34.08 34.07 34.01 33.87 33.63 33.44 33.13 32.26 31.23 29.45 28.00 26.22 24.74 22.90 21.26 20.23 18.96 17.15 15.26 15.01 13.18 12.75 10.82  9.59  8.49
 9.63  9.58  9.35  9.26  9.14  9.86 10.27 10.84 11.44 11.44 11.50 11.50 11.60 11.60 11.96 11.90 11.84 11.94 11.93 12.54 12.73 14.14 15.88 17.07 18.24 20.01 21.72 22.02 23.85 25.72 26.72 27.57 28.43 29.16 29.26 29.21 29.33 29.47 29.68 29.92 30.40 30.63 30.87 31.21 31.54 31.49 31.76 31.83 31.91 32.01 32.23
traj-138:
10.50 12.37 13.84 15.41 17.06 18.54 19.59 21.32 22.75 23.52 25.35 26.74 28.22 29.08 30.84 32.74 33.27 33.32 33.45 33.66 33.83 33.96 33.93 33.87 33.79 33.74 33.67 33.30 31.51 30.01 28.23 26.92 25.64 23.97 22.09 20.23 19.60 17.68 17.30
29.71 29.46 29.19 29.09 28.58 28.46 28.11 28.23 28.73 29.11 29.17 29.12 29.12 29.13 29.26 29.11 28.84 28.24 26.29 25.27 23.86 22.70 20.91 19.14 17.95 16.13 15.04 13.29 12.41 11.87 11.55 11.46 11.62 11.81 11.52 11.63 11.81 11.79 11.48
traj-139:
10.59 11.16 12.85 13.91 15.74 16.57 17.82 18.95 20.80 22.43 23.92 24.83 25.66 27.65 28.57 30.08 31.61 33.47 33.48 34.02 34.05 34.04 34.04 33.91 33.92 33.86 33.62 33.51 33.04 31.25 30.95 29.21 28.34 26.86 25.41 23.97 22.78 21.14 19.81 18.01 16.89 15.98 14.19 12.61 11.16  9.36  7.64
 7.68  7.85  8.29  8.54  9.01  9.23  9.92 10.30 10.65 11.05 11.34 11.41 11.53 11.45 11.44 11.32 11.96 12.43 13.97 15.47 16.96 18.14 19.03 21.02 22.21 23.92 25.73 27.14 28.73 29.21 29.18 29.24 29.25 29.27 29.32 29.36 29.38 29.46 29.48 29.36 29.28 29.10 29.06 28.90 28.78 28.63 28.63
traj-140:
10.95 12.32 13.39 14.58 15.60 17.44 19.22 20.61 21.51 22.87 24.03 25.80 27.55 28.84 30.01 31.75 32.05 33.39 33.60 33.88 33.97 33.94 33.97 33.98 34.18 34.15 34.07 32.82 30.92 29.57 27.59 25.84 24.24 23.04 21.24 19.77 18.46 16.98 15.19 13.63
33.38 32.96 32.72 32.40 32.01 31.51 30.91 30.48 30.20 29.77 29.79 29.80 29.80 29.72 29.63 29.31 29.27 28.25 26.86 25.22 23.77 22.38 20.75 18.77 16.99 15.50 13.71 12.84 12.42 11.98 11.99 12.16 12.60 12.53 12.50 12.55 12.26 12.33 12.46 12.55
traj-141:
14.13 15.86 16.56 17.98 18.54 19.81 21.32 22.44 24.20 25.66 27.47 29.11 30.01 31.96 32.91 33.38 33.31 33.46 33.41 33.38 33.45 33.48 33.49 33.27 33.22 33.04 31.51 29.79 28.06 26.58 24.83 23.38 22.54 22.43 21.95 21.63
15.36 14.82 14.62 14.40 14.15 13.77 13.26 12.93 12.52 12.08 12.19 12.08 11.99 11.94 12.93 13.75 15.74 17.70 18.61 20.12 21.90 23.14 24.38 25.96 27.53 29.47 29.55 29.49 29.46 29.38 29.48 29.63 29.43 29.15 27.39 26.78
traj-142:
 6.55  8.21  9.44 10.46 11.89 13.71 15.62 17.32 18.78 20.62 22.41 24.33 25.04 26.52 27.99 29.75 30.92 32.11 33.23 33.14 33.70 33.76 33.89 34.07 34.22 34.26 34.33 34.20 34.40 34.52 33.84 32.22 30.61 28.95 27.20 25.25 24.53 23.52 21.82 20.27 19.49
33.60 33.07 32.32 31.45 30.35 29.94 29.63 29.12 29.11 29.12 29.13 29.34 29.40 29.46 29.47 29.55 29.56 29.55 28.63 27.46 26.97 25.67 24.36 22.54 20.77 20.17 18.40 16.90 15.18 13.44 12.23 11.84 11.61 11.41 10.96 10.75 11.57 12.61 13.54 14.52 15.07
traj-143:
12.76 14.38 16.09 17.14 19.07 20.62 21.97 22.50 24.45 25.46 27.33 28.89 30.04 31.20 32.06 33.33 33.73 33.95 34.19 34.36 34.42 34.51 34.53 34.53 34.34 34.08 32.47 30.76 29.54 28.45 27.27 26.41 24.64 23.45 21.72 20.01
13.04 12.62 12.29 12.11 11.81 11.65 11.42 11.24 11.45 11.45 11.99 11.96 12.37 12.52 12.72 14.16 15.89 17.33 19.10 20.95 21.59 23.36 24.72 26.02 27.92 29.49 29.81 29.47 29.44 29.44 29.53 29.68 29.88 29.87 29.88 30.07
traj-144:
 5.92  7.70  8.18  9.62 11.04 12.51 14.34 14.66 16.41 18.25 19.98 21.51 23.41 24.58 26.34 26.94 28.69 29.84 31.56 33.20 33.24 33.32 33.49 34.16 33.96 33.91 33.73 33.61 33.63 33.34 32.70 31.25 30.63 29.08 27.16 26.01 24.54 23.51 21.81 20.10 18.92 17.65 15.90 14.05 12.23
33.43 32.63 32.44 31.80 31.44 31.06 30.67 30.56 30.30 29.99 29.81 29.51 29.48 29.65 29.63 29.56 29.58 29.58 29.55 28.74 26.85 25.58 24.56 22.90 21.85 20.37 18.64 17.15 15.36 13.88 12.63 11.81 11.64 11.44 11.46 11.34 10.84 10.76 10.34  9.68  9.45  9.15  8.25  8.05  7.32
traj-145:
17.72 18.95 20.34 21.43 22.86 24.62 26.09 27.39 28.83 30.67 32.50 33.18 33.30 33.34 33.61 33.81 33.61 33.58 33.57 33.64 33.31 32.01 30.62 29.18 28.00 26.22 24.25 23.39 21.85 20.00 19.53 17.88 16.61 15.77 14.03 13.30 11.58 11.38  9.44  7.49  6.27
15.22 14.71 14.26 13.93 13.53 13.12 12.33 12.09 11.78 12.15 12.53 13.68 15.47 17.45 19.19 20.74 22.69 23.59 24.70 26.70 28.06 29.15 29.36 29.44 29.47 29.72 29.48 29.35 28.88 28.19 28.21 28.60 28.72 28.96 29.56 29.64 30.23 30.28 30.63 30.98 31.36
traj-146:
17.10 18.15 19.31 20.34 21.58 23.28 24.73 25.91 27.69 29.17 30.63 32.13 33.53 33.79 34.09 34.16 34.36 34.20 34.15 33.88 33.72 33.48 33.31 32.49 31.20 30.13 28.81 27.34 25.77 24.46 23.13 22.04
30.34 30.37 30.30 30.37 30.34 29.89 29.90 29.92 29.80 29.72 29.65 29.64 28.42 26.87 25.10 24.27 22.52 20.75 20.16 18.19 16.71 15.24 14.06 12.53 12.22 11.96 11.53 11.10 10.40  9.54  8.52  7.80
traj-147:
 7.53  9.43 10.16 11.68 13.17 14.80 16.00 17.74 19.36 21.30 22.75 24.44 25.93 27.72 29.55 30.25 32.04 33.25 33.72 33.84 33.94 33.87 33.83 33.68 33.60 33.46 33.63 33.80 32.58 30.69 29.80 28.05 26.58 24.59 24.29 22.47 21.29 19.69 19.11 17.44 16.04 14.86 13.22
12.23 11.93 11.80 11.75 12.03 12.05 12.29 11.90 11.78 11.63 11.72 12.50 11.69 11.57 11.36 11.20 11.89 13.24 14.63 16.12 17.60 19.31 21.08 22.78 23.78 25.16 26.96 28.74 29.68 29.46 29.47 29.51 29.49 29.40 29.46 29.39 29.28 30.07 29.97 30.96 30.45 30.14 29.50
traj-148:
16.19 16.48 18.18 19.94 21.92 23.84 25.03 26.50 27.66 28.83 30.30 31.72 33.46 33.63 33.80 33.76 33.80 33.67 33.61 33.64 33.59 33.20 32.13 30.80 28.84 28.45 26.65 24.75 22.96 21.53 19.84 18.27 16.41 15.60 13.74 12.91 11.85
27.85 27.94 28.18 28.40 28.63 29.16 29.26 29.38 29.37 29.30 29.20 29.20 28.39 26.81 25.06 23.26 22.60 20.64 19.23 17.33 15.50 14.00 12.59 11.78 11.81 11.78 11.80 12.12 12.19 12.21 12.27 11.57 11.60 11.44 11.26 10.07  9.53
traj-149:
 8.05  8.90 10.66 12.48 13.98 15.59 16.79 17.27 18.13 19.25 20.27 22.22 23.72 24.93 26.74 27.00 28.67 29.77 30.67 32.30 33.57 33.61 33.67 33.74 33.81 33.77 33.79 33.55 33.50 33.38 33.29 33.25 32.09 31.79 30.02 28.26 27.11 25.66 24.47 22.67 20.94 19.87 17.89 15.91 14.00 12.39 10.68  9.20  7.93  6.94
14.37 14.24 14.00 13.81 13.63 13.36 13.14 13.08 12.95 12.64 12.42 12.72 12.36 11.91 11.48 11.45 11.32 11.30 11.70 12.33 13.77 14.67 15.87 17.04 18.82 20.30 21.49 23.28 24.46 25.81 26.84 28.76 29.66 29.69 29.69 29.68 29.63 29.57 29.51 29.43 29.32 29.27 29.36 29.47 29.59 29.58 30.55 30.90 31.20 31.42
traj-150:
15.05 16.79 18.73 19.62 21.46 23.09 24.89 26.64 27.16 28.66 30.38 30.67 32.36 33.24 33.34 33.47 33.66 33.78 33.83 34.01 33.97 33.97 33.85 33.63 33.39 33.36 31.93 30.12 28.55 26.74 25.57 24.55 23.24 21.45 20.67 18.89 17.24 15.28 13.37 11.96 10.09
31.02 30.71 30.45 30.45 30.46 29.91 29.47 29.59 29.63 29.74 29.70 29.62 29.35 28.58 27.69 26.21 25.01 23.66 22.79 20.88 19.09 18.20 16.80 15.11 13.36 13.06 11.95 11.66 11.47 11.25 11.02 10.90 10.61 10.01  9.65  9.31  9.48  9.57  9.81  9.92 10.26
traj-151:
 8.81  9.74 10.81 12.28 13.74 14.23 15.39 16.76 17.56 18.17 19.71 20.22 21.77 23.56 24.81 25.49 27.04 28.67 29.34 31.10 32.71 33.08 33.15 33.32 33.67 33.93 34.02 34.08 33.73 33.56 33.41 33.44 32.01 30.24 29.94 28.17 27.29 25.53 24.67 22.83 22.19 20.30 18.48 17.14 15.16
12.71 12.65 12.57 12.54 12.57 12.50 12.57 12.62 12.62 12.55 12.41 12.55 12.34 12.01 12.17 12.03 11.78 11.93 12.01 11.97 12.69 13.17 14.02 15.33 17.16 19.00 20.49 21.16 22.64 24.54 26.24 28.15 29.34 29.42 29.43 29.56 29.68 29.80 29.73 29.51 29.43 29.25 29.33 29.40 29.70
traj-152:
 8.37  9.18 10.87 12.25 13.63 15.14 16.84 17.40 19.02 19.95 21.44 22.81 24.03 25.49 27.23 29.01 30.49 31.37 33.20 33.56 34.03 33.84 34.03 34.10 34.19 34.09 34.00 33.61 33.29 33.10 31.66 29.98 28.88 26.92 25.77 24.44 22.49 20.56 18.69 17.42 15.88 14.15 13.11
27.60 27.67 27.91 28.13 28.07 27.67 28.16 28.32 28.77 28.76 28.75 29.14 29.32 29.53 29.55 29.53 29.50 29.47 28.71 27.19 25.54 24.12 22.76 21.90 20.04 18.07 16.89 15.12 13.64 12.36 11.92 12.13 12.23 12.54 12.78 13.52 13.95 13.44 12.81 12.40 11.56 10.62  9.56
traj-153:
22.66 24.38 26.14 27.30 28.45 30.13 31.83 32.13 33.29 33.20 33.52 33.54 33.67 33.76 33.81 33.79 33.78 33.63 33.57 33.59 32.09 30.32 30.02 28.26 26.52 24.75 22.88 21.22 19.40 18.16 16.81 15.42
10.45 10.87 11.23 11.36 11.54 11.91 12.62 12.66 14.19 15.42 16.94 17.80 19.05 20.50 22.31 22.61 24.38 26.09 27.95 28.76 29.96 29.89 29.90 29.80 29.75 29.66 29.51 30.29 30.82 30.73 30.57 30.38
traj-154:
20.51 20.98 21.82 22.60 23.77 24.95 26.11 27.30 28.77 29.95 30.82 32.23 33.36 34.12 34.31 34.23 34.20 34.26 34.13 34.03 33.74 33.58 33.38 33.19 32.34 30.67 29.23 28.20 27.29 25.65 24.45 23.68 22.10 20.68 20.18
32.68 31.98 30.88 29.14 29.19 29.25 29.33 29.40 29.45 29.42 29.39 29.34 28.94 27.58 26.01 25.35 23.47 21.66 20.86 19.36 17.60 16.11 14.14 13.74 12.34 12.08 11.81 11.46 11.16 10.53  9.57  8.97  8.18  7.42  7.22
traj-155:
21.60 22.54 23.97 24.17 25.77 27.17 28.73 30.50 32.13 33.15 33.60 33.69 33.78 33.55 33.37 33.30 33.33 33.28 33.02 33.04 33.45 33.60 33.62 31.95 30.18 28.71 27.23 26.04 24.25 22.77 22.82 20.90 20.43 18.84 17.06 15.22 14.64
 7.06  7.91  8.94  9.17 10.12 10.73 11.21 11.59 12.12 13.83 15.28 16.47 17.44 19.16 21.04 23.01 23.54 24.97 25.12 25.42 27.08 29.02 29.32 29.71 29.90 29.85 29.86 29.91 29.93 29.76 29.54 29.28 29.20 28.76 28.24 27.85 27.66
traj-156:
21.31 22.72 24.51 25.97 27.74 29.51 31.00 32.20 33.29 33.51 33.69 33.84 34.00 33.90 33.65 33.59 33.48 33.37 33.30 32.21 30.65 29.82 28.31 26.55 25.12 23.42 22.24 21.11 19.17 17.40 15.94 14.63
28.84 29.76 29.83 29.69 29.49 29.47 29.42 29.38 28.30 26.52 25.45 24.11 22.16 21.27 19.46 18.28 16.49 14.72 13.52 12.13 11.93 11.75 11.81 11.48 11.34 11.51 11.82 12.10 12.39 12.80 13.27 13.57
traj-157:
22.28 22.77 23.64 24.30 25.80 27.12 28.82 30.63 32.28 33.07 33.36 33.68 33.72 33.73 33.77 33.79 33.80 33.87 34.11 34.09 33.37 32.18 30.42 28.94 27.95 26.22 25.63 24.18 22.42 20.72 19.55 18.59 16.90 15.49 14.73 13.33 11.54  9.97  9.38  7.83  6.10
16.18 15.84 14.50 13.47 12.71 12.41 12.15 12.03 12.16 13.48 14.40 15.52 17.31 17.61 19.32 20.24 22.17 23.80 25.53 27.44 29.12 29.28 29.45 29.58 29.62 29.73 29.70 29.68 29.42 28.99 28.71 28.54 28.19 28.20 28.15 28.26 27.91 27.74 27.70 27.42 27.06
traj-158:
 5.01  6.03  7.44  9.03 10.70 11.49 13.26 14.47 16.35 17.36 19.23 21.18 22.42 23.28 24.65 25.36 26.22 27.93 28.81 30.58 32.03 33.35 33.69 34.14 34.18 34.37 34.00 33.82 33.55 33.33 33.30 32.44 30.60 29.02 27.71 25.74 24.95 24.07 23.89 22.26 21.74
30.71 29.75 28.68 28.48 28.29 28.20 28.18 28.13 28.17 28.13 28.22 28.01 28.50 29.03 29.09 29.16 29.31 29.42 29.53 29.63 29.60 28.38 26.95 25.17 23.22 21.58 19.64 17.99 16.26 14.51 14.21 12.61 11.89 11.95 12.15 12.48 13.43 15.12 15.36 16.43 16.56
traj-159:
15.28 17.17 18.90 20.32 21.82 23.76 25.51 25.81 27.70 28.67 30.49 32.08 33.47 33.59 33.75 33.73 33.81 33.78 33.75 33.78 33.88 33.59 33.54 33.37 33.14 32.61 30.85 29.07 27.88 26.14 24.96 23.21 22.61 22.25 20.42 18.98 18.26 16.71 14.87
 8.46  9.11  9.42  9.64  9.80  9.96 10.51 10.58 10.94 11.26 11.73 12.17 13.38 14.34 16.09 17.97 19.01 20.27 21.81 23.67 25.31 27.18 27.58 28.25 29.56 29.87 29.95 29.97 29.98 29.90 29.88 29.89 29.93 30.15 30.76 30.58 30.40 30.04 29.38
traj-160:
 6.88  8.48 10.33 11.57 12.80 14.13 15.68 17.02 18.91 19.29 20.45 22.20 22.50 24.24 25.97 27.72 29.48 31.22 32.95 33.12 33.29 33.56 33.76 33.86 33.89 33.88 33.91 34.03 34.08 33.88 33.52 33.28 31.43 29.96 28.87 27.33 25.47 23.79 22.51 21.51 20.10 18.88 17.37 15.65 14.87 13.15 11.65
27.72 27.47 27.41 27.82 28.20 28.36 28.45 28.38 28.59 28.70 28.85 29.25 29.25 29.34 29.42 29.42 29.43 29.45 29.18 27.46 26.73 26.07 25.01 23.58 22.03 21.44 19.64 17.92 17.03 15.28 14.40 12.79 12.08 11.69 11.39 10.99 11.30 11.47 11.13 11.12 11.20 11.22 11.12 10.51 10.70 11.35 12.15
traj-161:
10.83 11.30 12.91 14.81 15.76 16.83 17.81 19.28 21.21 22.89 24.73 26.18 27.61 28.97 30.89 32.57 33.50 33.61 33.47 33.51 33.86 33.81 33.80 33.71 33.54 33.50 33.20 31.76 30.04 28.27 26.79 25.02 23.84 22.08 20.44 18.75 17.90 16.79
 8.59  8.63  8.95  9.34  9.53  9.79 10.07 10.31 10.72 11.05 11.22 11.36 11.51 11.63 11.98 12.81 13.92 15.87 17.38 18.10 20.03 21.43 23.42 24.44 26.15 27.06 28.93 29.33 29.60 29.79 29.86 29.84 29.81 29.90 30.24 31.13 31.51 31.92
traj-162:
14.47 15.81 17.69 19.24 20.90 22.01 22.50 23.80 25.56 27.29 29.06 30.51 32.18 33.70 33.72 33.54 33.66 33.78 33.76 33.73 33.64 33.55 33.54 33.42 33.05 31.56 29.75 27.91 26.41 24.71 23.27 22.00 20.13 18.14 18.06 16.11 14.21 13.18 11.25  9.65  8.38
28.34 28.19 27.89 27.60 27.42 28.11 28.47 29.13 29.17 29.23 29.28 29.39 29.65 28.46 26.69 24.81 22.95 21.96 20.65 18.79 17.21 15.58 14.82 13.06 12.61 11.91 11.40 11.04 10.72 10.49 10.30  9.98  9.90  9.80  9.86  9.91  9.59  9.49  9.35  9.04  8.89
traj-163:
11.70 13.50 15.23 16.84 18.39 20.24 21.69 22.84 24.70 25.34 27.24 28.66 30.23 32.12 33.22 33.72 33.92 33.92 33.93 33.86 34.00 33.97 33.91 33.68 33.81 32.43 30.66 28.88 28.00 26.23 25.06 23.58 21.90 21.28 19.55 17.98 16.04 14.91 13.12 11.25  9.58  8.53  7.14  6.23  4.26
10.32 10.52 10.76 10.95 11.11 11.18 11.31 11.42 11.40 11.41 11.30 11.29 11.63 11.93 13.28 14.95 16.43 17.79 19.76 21.57 23.48 24.24 25.94 27.82 28.37 29.66 29.55 29.68 29.78 29.89 29.84 29.96 30.67 30.96 31.26 30.99 30.76 30.70 30.63 30.57 30.44 30.31 30.20 30.21 30.19
traj-164:
21.59 21.90 23.37 24.85 26.61 28.09 29.84 31.04 32.93 33.16 33.25 33.25 33.20 33.82 33.80 33.83 33.90 33.89 33.71 33.56 33.25 31.38 30.01 28.78 27.03 26.74 24.96 23.48 22.04 20.04 19.46 17.76 16.84
30.99 30.48 29.86 29.58 29.63 29.71 29.63 29.53 29.22 27.61 26.26 25.08 24.20 23.66 22.15 20.99 19.53 18.03 16.25 14.79 12.82 12.12 11.98 11.88 11.74 11.66 11.46 11.00 10.53 10.51 10.52 10.52 10.24
traj-165:
13.46 14.77 15.78 17.55 19.37 20.25 21.62 23.10 24.99 26.85 28.76 30.46 30.94 32.46 33.37 33.42 33.49 33.68 33.76 33.82 33.95 33.91 33.90 33.87 34.10 34.10 32.34 30.43 28.98 27.51 26.37 25.20 24.33 23.19 22.27 21.25 20.71
14.17 13.57 13.30 12.76 12.55 12.51 12.32 12.05 11.64 11.73 11.90 12.03 12.11 12.34 13.49 14.69 16.18 17.89 18.79 20.78 22.12 23.34 23.92 25.46 27.24 28.91 29.56 29.60 29.64 29.59 29.59 29.67 29.75 29.82 30.36 31.58 32.22
traj-166:
21.01 21.94 22.15 23.70 25.17 26.93 28.68 30.42 31.44 33.20 33.29 33.63 34.06 34.24 34.21 34.09 34.00 33.83 33.68 33.37 33.07 32.78 31.24 29.39 27.82 27.27 25.81 24.53 22.72 21.10 20.45 18.56 16.75 15.09 13.45 12.02 10.10
33.25 32.40 30.69 29.63 29.49 29.34 29.21 29.15 29.25 28.49 27.98 26.34 24.55 22.72 21.11 19.14 18.25 16.76 15.88 14.13 12.99 12.96 11.94 11.99 11.93 11.96 11.98 12.53 13.25 13.86 14.08 14.40 14.34 14.19 13.96 13.85 13.71
traj-167:
 8.53  9.42 11.05 12.20 13.72 15.53 16.94 18.80 20.15 21.41 23.11 24.74 26.19 26.85 28.58 30.48 32.31 33.66 33.81 34.06 34.32 34.26 34.13 34.05 33.97 33.95 34.01 34.19 34.23 33.23 32.17 30.26 28.51 27.61 26.17 24.97 22.99 22.28 20.46 18.57 16.98 15.79
 9.87 10.16 10.15 10.18 10.22 10.35 10.40 10.43 10.65 10.76 10.95 11.25 11.61 11.68 11.74 11.34 12.07 12.54 14.03 16.00 17.63 18.75 20.16 21.71 23.25 25.21 25.96 27.87 28.16 29.61 29.55 29.31 29.18 29.19 29.20 29.20 29.40 29.07 29.03 29.06 28.61 28.36
traj-168:
12.37 13.94 15.14 16.46 17.60 19.43 20.39 22.26 23.18 24.96 26.45 28.22 29.98 30.87 32.35 33.70 33.82 33.95 34.09 34.12 34.27 34.33 34.35 34.27 34.28 33.95 33.89 32.34 31.33 29.59 27.98 26.35 24.45 23.65 22.08 20.12 18.57 17.21 15.51 14.70 12.96
27.71 28.24 28.58 28.94 29.31 29.74 29.77 29.99 29.96 29.92 29.88 29.87 29.82 29.77 29.68 28.33 27.36 25.47 24.02 23.17 21.42 20.02 18.24 16.47 15.58 14.00 13.60 12.34 12.15 11.96 12.08 12.19 12.09 12.02 11.95 12.23 12.53 12.80 13.16 13.26 13.39
traj-169:
22.25 23.10 24.60 26.41 27.54 29.30 30.79 31.31 32.25 33.53 34.17 33.99 34.17 34.32 34.51 34.44 34.18 33.83 33.61 33.15 32.15 30.96 29.19 28.00 26.53 24.77 23.15 23.03 21.07 19.61 17.94 17.41
 9.96 10.38 10.61 10.98 11.22 11.47 11.88 12.00 12.83 14.11 15.83 16.95 18.90 20.88 22.79 24.16 25.30 26.53 27.54 28.61 29.58 29.63 29.77 29.81 29.87 29.86 29.96 30.15 29.88 29.05 27.99 27.66
traj-170:
 9.18 10.34 12.15 12.96 14.60 15.99 17.61 18.49 20.36 22.22 23.23 24.71 26.18 27.89 29.67 31.43 33.26 34.37 34.26 34.09 34.20 34.16 34.22 33.99 33.90 33.84 33.77 33.70 32.41 31.23 29.32 27.45 25.50 24.25 22.35 21.64 19.69 17.82 17.33 15.73 15.14 13.40 11.48  9.71  8.56  6.83  5.96
29.98 30.04 30.09 30.12 30.26 30.18 30.16 30.11 29.60 29.81 29.91 29.95 29.94 29.87 29.87 29.60 29.14 28.07 26.57 24.79 23.86 22.14 20.97 19.20 17.52 16.95 15.38 13.59 12.37 12.01 11.92 11.78 11.46 11.25 11.07 10.97 11.06 10.97 11.04 11.25 11.22 11.35 11.38 11.04 10.55  9.90  9.50
traj-171:
22.12 22.79 23.61 24.85 26.36 28.01 29.74 30.63 32.49 33.06 33.12 33.32 33.64 33.64 33.68 33.63 33.79 33.79 33.73 33.55 33.31 33.22 33.00 31.12 29.39 27.64 26.46 24.68 23.21 21.94 21.42 19.70 18.89 17.38 16.31 14.40 13.20 11.74 10.19  8.67  7.07  5.80  4.30
16.24 15.64 14.71 13.41 12.15 11.75 11.71 11.83 12.21 12.59 12.67 13.55 14.99 16.86 17.27 19.10 20.40 22.15 23.72 25.06 26.49 27.22 28.69 29.29 29.35 29.48 29.43 29.24 29.07 28.74 28.75 29.03 29.18 29.47 29.52 29.40 29.35 29.00 28.66 28.58 28.48 28.83 29.49
traj-172:
19.46 21.05 22.53 23.72 24.91 26.70 28.48 30.23 31.39 32.54 33.99 34.01 33.93 34.14 34.13 34.33 34.25 34.22 33.96 33.60 33.45 32.46 31.82 30.32 28.70 27.22 25.37 24.08 22.20 20.23 18.31 16.84 15.07 14.43 13.07 11.43 10.81  9.11  7.49  6.35  5.45
31.48 30.32 29.40 29.49 29.53 29.53 29.54 29.49 29.48 29.43 28.07 27.77 26.05 24.45 22.97 21.29 19.45 18.14 16.98 15.03 13.98 12.35 12.07 11.90 11.80 11.96 11.53 11.26 11.31 11.40 11.72 11.55 11.22 11.13 10.97 10.75 10.63  9.80  9.15  8.65  8.24
traj-173:
19.95 21.21 22.74 23.66 24.97 26.11 27.02 28.10 29.52 31.05 32.23 33.06 33.53 33.64 33.81 33.98 34.10 34.32 34.58 35.05 34.86 34.75 33.24 32.05 30.60 28.82 27.62 25.83 24.07 23.19 21.54 20.36 18.59 17.40 15.57 13.78 12.27
 7.29  8.05  8.79  9.28  9.80 10.38 10.65 10.89 11.70 12.14 12.58 13.98 15.62 16.77 18.44 20.30 21.21 22.29 24.10 25.88 27.64 29.07 29.99 29.94 29.94 29.97 29.96 29.90 29.89 29.88 29.84 29.36 28.71 28.25 27.79 27.55 27.12
traj-174:
 6.46  7.16  8.95 10.74 12.28 14.09 15.18 17.06 18.94 20.09 21.61 23.28 23.87 25.32 27.05 28.78 30.25 30.85 32.30 33.42 33.36 33.38 33.43 33.48 33.51 33.47 33.24 33.16 33.09 33.09 33.11 33.13 32.69 31.09 29.83 28.34 27.72 25.98 24.42 22.91 21.72 20.63 19.01 17.44 15.59
31.99 32.05 32.10 32.33 31.86 31.60 31.32 30.75 30.32 29.88 29.32 29.37 29.40 29.48 29.63 29.65 29.62 29.57 29.43 28.46 26.64 26.34 24.56 22.79 22.19 20.70 19.09 18.04 16.29 15.69 13.99 13.41 12.81 12.08 11.58 11.18 11.01 10.51 10.10  9.61  9.24  9.03  8.75  8.53  8.12
traj-175:
22.11 23.91 25.64 26.01 27.94 29.61 29.90 31.76 33.03 33.62 33.71 33.54 33.56 33.57 33.61 33.44 33.26 33.10 33.06 32.83 31.34 29.67 28.80 27.32 25.58 25.29 23.55 22.42 20.88 20.16
10.14 10.38 10.73 10.80 11.12 11.47 11.53 11.98 13.50 15.36 16.85 18.62 20.46 21.64 23.56 24.64 25.64 27.44 27.92 29.87 29.90 29.88 29.89 29.91 29.78 29.76 29.90 30.70 31.70 32.09
traj-176:
15.09 16.43 16.63 17.49 19.00 20.74 21.60 23.32 25.09 26.85 28.30 29.75 30.63 32.53 33.36 33.48 33.66 33.68 33.77 34.05 34.13 34.19 33.99 33.76 33.54 32.28 30.91 29.08 28.29 26.52 26.28 24.73 23.97 22.24 21.34 19.87 18.60 17.40 16.15 14.27 13.06
33.14 31.96 31.75 30.59 30.09 29.19 29.61 29.69 29.55 29.49 29.52 29.52 29.52 29.43 28.92 27.37 25.65 23.73 22.71 20.82 19.97 18.78 17.04 15.50 13.83 12.33 12.21 12.01 11.95 12.28 12.47 13.45 13.89 14.25 14.62 14.95 15.33 15.56 15.59 15.68 15.75
traj-177:
15.62 16.43 17.75 19.51 19.95 21.53 22.44 23.93 25.70 25.98 27.90 29.88 31.46 32.33 33.28 33.51 33.61 33.92 33.98 33.99 33.98 33.95 33.76 33.64 33.42 33.19 31.34 29.88 28.46 26.68 25.54 23.78 22.79 21.29 19.62 17.90 17.53 16.14 14.58 13.81
16.01 15.89 15.61 15.20 14.95 14.26 13.28 12.15 11.74 11.73 11.70 11.48 11.78 12.06 13.81 15.27 16.94 18.83 20.49 21.98 23.13 24.14 25.79 26.79 28.48 30.39 29.73 29.76 29.60 29.40 29.29 29.16 29.23 28.32 28.66 29.08 29.59 30.59 31.49 32.73
traj-178:
16.15 16.98 17.75 18.54 20.38 21.52 22.63 23.22 24.99 26.78 27.97 29.16 30.33 32.10 33.59 33.69 33.79 33.86 33.83 33.80 33.76 33.65 33.63 33.60 33.50 33.19 32.28 30.70 29.61 28.31 26.37 24.56 22.91 21.46 19.53 18.37 16.56
33.18 32.35 31.21 30.34 30.37 30.23 29.85 29.87 29.89 29.93 29.90 29.83 29.74 29.63 28.42 26.69 24.97 23.62 22.42 20.95 19.29 17.87 16.97 15.77 14.55 13.54 12.45 11.89 11.79 11.25 10.86 10.29  9.28  8.57  8.29  8.13  7.68
traj-179:
 6.27  6.57  8.50  9.73 11.24 11.78 13.73 15.14 15.82 17.25 19.14 20.83 22.28 23.94 24.09 24.67 25.91 27.03 28.46 30.03 31.43 33.00 34.24 34.85 34.45 34.74 34.75 34.60 34.27 34.08 33.79 33.58 33.37 33.13 32.06 30.29 29.42 28.23 26.74 24.99 23.27 21.50 20.08 18.14 17.12 15.90 14.32 12.50 11.26 10.21  8.98
 7.55  7.60  7.76  7.95  8.15  8.22  8.49  8.61  8.74  9.03  9.35  9.60 10.03 10.52 10.57 10.71 11.03 11.21 11.44 11.75 12.17 12.89 14.28 15.20 16.94 18.89 19.48 20.89 22.23 23.32 24.84 25.88 26.80 28.34 29.20 29.32 29.36 29.46 29.59 29.57 29.88 29.77 29.95 30.26 30.35 30.32 30.48 30.62 30.78 30.96 31.21
traj-180:
 7.66  9.03 10.72 11.91 13.06 14.91 16.57 17.77 19.56 21.27 22.78 24.68 24.98 26.86 28.46 29.06 30.49 31.37 33.17 33.18 33.32 33.33 33.26 33.15 33.07 33.07 33.09 33.07 33.12 33.11 32.47 31.18 29.51 28.61 26.93 25.70 24.35 23.53 22.79
33.72 33.22 32.69 32.25 31.96 31.54 31.13 30.94 30.61 30.36 29.98 29.70 29.71 29.78 29.66 29.62 29.55 29.49 28.76 28.16 26.39 26.09 24.33 22.88 21.16 19.37 18.18 16.42 14.46 14.16 12.94 12.39 11.91 11.90 11.96 12.08 13.05 13.96 14.80
traj-181:
12.29 13.74 14.85 16.25 17.50 18.33 19.76 20.87 22.70 23.26 25.11 26.40 27.70 29.54 31.48 32.67 33.52 33.58 33.84 33.97 34.02 33.93 33.95 33.81 33.84 33.60 33.52 33.26 33.21 32.25 30.79 30.21 28.46 26.98 25.53 24.94 23.17 21.28 19.71 18.17 17.00 15.53 13.82
14.61 14.51 14.50 14.57 14.10 14.08 14.10 13.96 13.38 13.56 12.87 12.32 11.96 11.79 11.54 11.54 12.43 12.73 14.71 15.63 17.10 18.97 20.49 21.73 23.11 24.72 26.35 27.93 28.64 29.46 29.68 29.76 29.88 29.88 29.86 29.86 29.89 29.84 28.99 28.03 27.48 27.09 27.19
traj-182:
10.09 12.07 13.43 14.89 16.56 18.06 19.87 21.46 23.45 25.22 27.00 27.88 29.36 30.25 32.04 33.01 33.20 33.41 33.56 33.63 33.66 33.64 33.69 33.72 33.68 33.46 32.08 30.10 28.46 27.98 26.14 24.40 23.58 22.36 20.62 19.46 18.26
27.63 27.48 27.84 27.99 28.73 29.14 29.54 29.99 29.95 29.96 29.89 29.84 29.77 29.73 29.60 28.78 27.07 25.20 23.57 22.91 21.13 19.37 17.72 15.85 15.25 13.49 12.37 12.08 11.49 11.27 10.66 10.13  9.89  9.49  9.07  8.63  7.90
traj-183:
21.56 22.82 24.58 26.38 28.00 28.31 29.22 30.93 32.23 33.92 33.71 33.62 33.66 33.79 33.73 33.88 33.61 33.43 33.29 33.15 33.04 32.85 31.07 29.90 28.72 26.95 25.46 23.71 22.52 22.10 20.23 18.39 18.09 16.39 15.09 14.19 12.72 11.24  9.58
13.25 12.82 12.01 11.80 11.86 11.94 11.93 11.68 11.99 12.15 13.83 15.70 16.34 17.48 19.09 20.75 22.64 24.28 25.35 26.95 27.94 29.33 29.52 29.64 29.73 29.74 29.79 29.85 29.93 30.22 30.82 31.02 30.97 31.44 31.84 32.15 32.57 32.96 33.35
traj-184:
17.00 18.28 19.36 20.91 22.06 23.83 25.32 27.06 28.79 29.38 31.11 32.51 33.98 34.02 33.95 34.05 34.12 33.86 33.66 33.67 33.69 33.43 33.10 32.25 30.70 29.56 27.85 26.70 25.57 24.59 22.87 21.53 19.58 18.38 16.58 14.69 14.43
30.96 30.67 30.45 30.06 29.67 29.74 29.72 29.70 29.65 29.61 29.50 29.03 27.77 26.87 24.94 24.10 22.34 20.53 18.79 18.19 16.41 14.94 13.89 12.74 11.98 12.27 12.53 12.58 12.82 13.58 13.98 13.72 13.55 13.34 13.11 12.69 12.54
traj-185:
19.78 20.96 22.46 24.18 25.81 25.90 27.36 28.73 30.35 31.92 33.06 33.08 33.41 33.50 33.66 33.82 33.87 33.86 33.83 33.75 33.59 33.45 32.58 30.69 29.81 28.34 27.47 26.03 24.26 22.53 21.09 20.37 19.07 17.82 16.02 15.73 13.81 13.00
 9.33 10.00 11.18 11.42 11.92 11.81 11.52 11.35 11.07 11.24 12.52 12.82 14.75 15.94 17.39 19.32 21.22 21.93 23.61 25.56 27.30 28.92 29.48 29.15 29.22 29.33 29.39 29.37 29.42 29.45 29.41 29.35 29.16 28.92 28.62 28.54 28.05 27.82
traj-186:
20.36 20.84 22.78 24.16 25.93 26.50 28.26 29.16 30.92 32.06 33.41 33.24 33.52 33.67 33.81 33.96 34.21 34.24 34.04 33.97 33.56 33.23 32.23 30.36 29.80 27.90 27.02 25.86 24.19 23.23 21.39 20.20 19.12 17.28 15.53 13.55 12.98 11.03  9.52  8.56  6.63
30.47 30.35 29.99 29.75 29.67 29.65 29.71 29.76 29.50 29.34 28.29 27.13 25.36 24.03 22.70 21.66 19.86 18.84 17.11 16.51 14.57 14.17 12.71 12.26 12.14 12.14 12.27 12.42 11.60 11.48 11.17 11.03 10.84 10.45 10.44 10.22 10.15  9.78  9.49  9.35  8.92
traj-187:
23.22 24.11 24.70 26.04 26.88 28.16 30.15 31.89 32.41 33.37 33.66 33.67 33.73 33.81 33.92 33.83 33.77 33.73 33.81 33.82 33.95 33.89 32.50 31.33 29.56 28.70 27.85 26.38 25.48 23.72 22.35 21.94 20.28 18.71 17.29 15.76 13.90 13.35 11.66 10.68  9.54
15.32 14.02 13.19 12.25 11.92 11.62 11.70 12.00 12.24 13.69 14.22 14.52 16.30 17.79 19.74 20.46 21.92 23.57 25.37 26.12 27.26 27.90 29.14 29.26 29.54 29.68 29.85 29.92 29.91 29.95 31.39 32.19 31.89 32.08 31.98 31.32 31.19 31.12 31.02 31.06 31.06
traj-188:
14.43 16.17 18.06 19.75 20.83 22.64 24.14 25.89 27.48 29.25 29.85 31.63 32.22 33.63 33.77 33.82 34.05 34.05 34.05 34.23 33.95 33.81 33.50 33.33 32.26 31.30 29.71 28.92 27.47 25.54 23.79 22.56 21.80 19.94 18.18 16.53 15.19 13.83
28.08 28.29 28.72 29.18 29.42 29.54 29.76 29.85 29.80 29.77 29.76 29.70 29.68 28.32 27.35 26.12 24.15 22.22 21.03 19.32 17.40 16.55 15.10 13.93 12.33 11.99 12.02 11.89 11.81 12.00 12.61 12.82 13.09 13.59 13.59 13.98 13.98 14.03
traj-189:
20.53 21.96 23.25 24.81 25.82 27.74 29.58 31.43 33.09 33.02 33.04 33.13 33.17 33.21 33.24 33.41 33.54 33.61 33.37 33.20 32.03 30.29 28.56 27.14 26.28 24.56 23.40 21.75 20.74
15.82 15.06 13.82 13.29 12.73 12.38 12.01 12.22 12.48 14.36 15.15 16.74 17.97 19.74 20.86 22.56 23.99 25.45 27.15 28.34 29.44 29.34 29.33 29.29 29.29 29.33 29.17 28.75 28.47
traj-190:
12.91 14.60 15.20 16.32 17.52 19.38 20.67 22.05 23.21 24.40 26.14 27.01 28.76 30.24 32.16 33.24 33.33 33.42 33.45 33.55 33.63 33.53 33.53 33.60 33.31 33.08 32.06 30.55 29.37 28.51 26.60 24.88 23.99 22.18 21.47 19.77 17.91 16.57 14.68
32.49 32.10 31.95 31.62 31.31 30.68 30.34 29.93 29.93 29.94 29.88 29.85 29.85 29.81 29.78 29.02 28.15 26.31 25.19 23.51 21.66 19.78 18.36 16.75 14.82 13.55 12.63 11.82 11.91 11.74 11.61 11.57 11.45 11.14 10.99 10.69 10.36 10.10  9.82
traj-191:
12.30 13.27 14.97 16.41 18.37 20.20 21.96 23.79 25.61 26.84 28.37 28.42 30.16 30.84 32.58 33.46 33.69 33.84 33.86 33.72 33.76 33.95 33.85 33.56 33.51 33.21 33.16 32.09 30.37 29.47 27.70 25.94 25.05 23.29 22.49 20.78 19.29 18.74
 9.00  9.03  9.46  9.72  9.92 10.00 10.18 10.79 11.04 11.07 11.13 11.09 11.09 11.24 11.37 12.84 14.27 15.73 17.52 19.36 19.96 21.73 23.46 24.97 25.57 27.45 28.35 29.23 29.48 29.50 29.52 29.54 29.56 29.76 29.92 29.92 30.17 30.15
traj-192:
 6.26  7.63  8.81 10.37 11.88 13.06 14.14 15.28 16.97 18.26 19.90 21.32 22.00 23.66 25.43 27.20 28.92 30.70 32.14 33.24 33.31 33.43 33.52 33.79 33.81 33.81 33.75 33.64 33.41 32.55 32.40 31.26 30.08 28.61 26.71 25.01 23.84 22.51 21.29
32.64 31.82 31.11 30.19 29.00 28.82 28.54 28.57 28.54 28.55 28.54 28.45 28.71 29.29 29.14 29.20 29.33 29.38 29.37 28.26 27.37 25.57 23.97 22.14 20.95 19.19 17.99 16.20 14.45 12.80 12.55 12.04 11.69 11.18 10.58 10.17  9.58  8.92  8.41
traj-193:
 6.57  7.45  9.08 11.03 12.81 13.48 15.32 16.33 17.75 19.74 21.06 22.75 23.97 25.75 27.36 28.85 29.87 30.93 31.81 33.09 33.31 33.62 33.71 33.72 34.01 34.02 34.05 34.03 33.87 33.73 33.55 32.27 31.09 29.34 27.85 26.36 24.89 23.34 21.76 20.31 18.92 17.76 16.26 14.36
 9.44  9.83  9.93 10.19  9.92  9.91 10.30 10.58 10.96 10.75 10.50 10.46 10.58 10.85 10.80 10.79 10.87 11.01 11.37 12.66 13.77 14.73 16.66 17.73 19.32 20.81 22.27 23.17 25.08 26.73 28.60 29.53 29.50 29.52 29.57 29.67 29.76 29.81 29.79 29.81 29.76 29.69 29.58 29.66
traj-194:
 6.21  7.08  8.56 10.38 12.12 12.79 14.51 16.48 17.79 18.75 20.71 21.01 22.73 24.20 25.95 27.71 28.87 30.65 32.13 33.15 33.25 33.33 33.43 33.45 33.58 33.50 33.41 33.32 33.18 32.89 31.42 30.31 29.20 28.27 27.10 25.83 24.94 23.50 21.67 19.85 18.36 17.66 15.86 14.42 12.63 10.73  9.78
31.60 31.32 31.29 31.13 30.96 30.86 30.67 30.44 30.38 30.28 29.93 29.90 29.79 29.77 29.82 29.68 29.51 29.27 29.06 28.23 26.51 24.66 22.97 21.30 19.31 18.47 16.69 14.90 13.41 12.86 11.88 11.89 11.85 11.80 11.76 11.79 11.62 11.86 11.80 11.60 11.84 11.89 12.00 11.77 12.36 12.54 13.10
traj-195:
17.24 19.21 20.30 21.40 22.64 24.40 25.51 27.41 28.02 29.92 30.78 32.15 32.42 33.63 33.71 33.75 33.80 33.81 33.75 33.82 33.61 33.53 33.40 32.04 30.57 29.11 27.36 25.88 24.44 23.58 22.58 20.84 19.14 17.28 15.69
 8.59  8.75  8.86  8.95  9.10  9.61 10.21 10.23 10.26 10.69 11.21 11.95 12.45 13.90 14.80 16.57 18.35 20.27 21.92 23.42 25.34 26.62 28.59 29.71 29.88 29.86 29.81 29.81 29.84 29.86 30.45 31.35 31.46 31.65 31.57
traj-196:
 5.54  7.02  7.89  9.59 11.07 12.22 14.16 15.72 17.58 19.49 20.53 22.27 24.15 25.20 26.40 28.14 29.54 31.50 33.21 33.29 33.58 33.61 33.88 34.13 34.19 34.04 34.04 34.24 33.30 32.62 31.18 30.04 28.13 26.73 25.25 23.28 21.90 20.51 19.52 18.04 16.29 14.88 13.07 11.67  9.89  9.37
31.44 30.85 30.25 29.71 29.55 29.31 28.85 28.63 28.43 29.01 29.42 29.53 29.73 29.70 29.64 29.61 29.57 29.43 28.67 27.72 25.80 25.16 23.33 21.39 19.62 17.88 17.28 15.69 14.13 12.93 11.82 11.53 11.59 11.47 11.32 11.36 11.41 11.15 11.09 10.91 10.55 10.42 10.14  9.94  9.79  9.65
traj-197:
21.05 22.48 24.44 25.60 27.38 27.70 29.49 30.69 32.50 33.26 33.41 33.42 33.48 33.60 33.62 33.71 33.63 33.54 33.45 33.32 33.04 31.13 29.64 28.20 27.62 26.16 24.96 23.21 21.39
11.59 11.97 12.17 12.03 12.05 12.18 11.89 11.75 12.47 13.22 15.00 15.30 17.03 18.97 20.79 22.26 22.71 23.28 25.03 26.74 28.63 29.06 29.13 29.25 29.31 29.40 29.47 29.60 29.71
traj-198:
11.25 12.07 13.88 14.97 16.77 17.71 18.98 20.62 22.16 23.91 25.39 26.85 27.43 28.88 30.66 32.14 33.38 33.64 33.63 33.72 33.77 33.78 33.72 33.63 33.61 33.57 33.24 33.34 32.35 31.57 30.01 28.03 26.27 25.43 23.58 22.01 20.49 18.90 18.34
26.57 26.91 27.72 28.15 28.86 28.94 29.13 29.70 29.77 29.71 29.72 29.58 29.50 29.27 29.12 29.12 27.93 26.33 24.97 23.53 22.94 21.17 20.03 18.36 17.76 16.30 15.23 13.71 12.25 11.85 11.37 11.06 10.75 10.52 10.09  9.49  8.98  8.44  8.25
traj-199:
18.88 19.47 20.97 21.38 22.93 24.08 25.46 27.36 28.23 29.69 31.60 32.27 33.16 33.71 33.83 33.80 33.74 33.90 33.89 33.86 33.75 33.78 33.85 32.67 30.89 30.29 28.52 27.92 26.18 24.41 22.66 21.29 19.99 18.67 17.31 15.69 14.11 12.19 10.46  8.60  7.87  6.56
15.84 15.93 14.88 14.72 13.67 12.99 12.65 12.11 12.04 11.99 11.91 12.59 13.63 15.36 16.85 17.92 19.90 21.37 23.36 24.37 25.82 27.23 28.53 29.68 29.80 29.84 29.91 29.88 29.81 29.86 29.83 29.76 29.69 29.47 29.05 28.74 28.39 27.98 27.56 26.98 26.78 26.44
