traj-0:
33.87 32.15 30.67 29.01 27.58 26.45 25.73 24.94 24.94 24.93 25.00 25.14 25.25 25.20 25.10 23.99 23.82 23.61 22.43 20.47 19.42 17.52 15.64 13.81 12.13 10.92  9.56  7.71  6.36
24.89 24.81 24.65 23.55 23.35 23.05 22.48 20.85 19.22 17.26 15.54 14.14 12.34 10.79  9.66  8.01  6.34  4.73  3.50  3.34  3.53  3.66  3.70  3.73  3.74  3.81  3.78  3.80  3.86
traj-1:
36.77 35.40 34.23 33.06 31.07 29.90 27.96 27.12 25.50 24.69 23.17 23.09 23.13 23.18 22.61 21.60 20.04 18.54 16.73 16.14 14.45 13.02 11.58 10.07  8.55  8.04  6.10
24.66 24.84 24.80 24.74 24.71 24.59 24.63 24.84 25.70 26.55 25.63 23.86 22.96 21.76 20.64 19.76 19.13 19.22 19.30 19.21 20.03 20.72 21.16 20.79 20.54 20.45 20.04
traj-2:
36.00 34.53 33.36 31.61 29.94 29.10 27.23 26.93 25.89 24.91 23.64 23.60 23.40 23.47 23.53 22.08 20.81 19.27 18.16 17.40
24.56 24.40 24.41 24.48 24.54 24.58 24.77 24.78 25.30 25.93 27.16 27.88 29.58 30.77 31.65 32.85 33.16 33.50 33.97 35.15
traj-3:
39.10 37.40 35.43 33.68 32.01 30.54 28.84 27.14 26.27 25.85 24.97 24.97 24.96 24.96 24.76 24.81 24.65 24.66 24.69 24.68 24.47 24.04 23.66 23.04 21.23 19.76 17.98 16.38 14.64 13.00 11.83 11.03
24.32 24.60 24.86 24.85 24.85 24.89 24.91 24.90 24.91 25.32 24.09 23.08 21.49 20.37 18.55 16.93 15.64 13.95 12.07 10.30  8.92  7.22  5.49  3.86  3.14  3.36  3.61  4.79  5.68  5.54  4.84  3.61
traj-4:
34.78 33.64 31.66 29.80 28.57 27.60 26.28 24.43 24.19 23.02 22.81 20.91 20.33 18.60 17.26 16.45 15.56 14.39 13.23 13.60 14.13 14.31
23.03 23.10 23.15 23.26 23.28 23.31 23.28 22.74 22.55 20.97 20.75 20.35 20.45 20.71 20.75 20.76 21.25 21.92 20.48 19.79 17.93 17.69
traj-5:
38.04 36.07 34.41 32.42 30.97 29.22 27.81 26.40 24.93 25.29 25.53 25.59 25.65 27.16 28.91 29.08
24.28 24.49 24.61 24.74 24.80 24.88 24.88 24.94 25.32 27.03 28.79 29.94 31.13 32.09 32.88 33.13
traj-6:
34.35 32.65 30.65 29.26 27.61 25.70 24.80 24.25 24.37 24.66 24.78 24.84 25.37 25.39 25.25 24.71 24.64 24.09 23.00 22.22 21.92 20.15 19.57 18.14 16.78 15.18
24.27 24.35 24.30 24.31 24.35 23.84 22.21 20.48 19.12 17.15 16.10 15.99 14.07 12.13 10.13  8.49  7.88  7.05  5.49  3.96  3.94  3.85  3.83  3.70  3.57  3.68
traj-7:
38.22 36.23 34.51 32.53 31.95 30.21 28.51 27.09 25.69 23.98 23.03 23.06 22.16 20.98 19.79 18.05 17.75 15.81 14.14 14.33
24.31 24.43 24.60 24.74 24.73 24.74 24.77 24.88 25.00 25.40 23.78 22.30 20.60 20.62 20.61 20.55 20.53 20.53 19.66 17.97
traj-8:
38.87 37.23 35.34 33.77 33.05 31.58 30.70 29.54 27.59 26.52 25.91 25.06 24.66 24.15 24.03 23.83 23.66 23.47
23.77 23.47 23.25 23.25 23.24 23.31 23.50 23.54 23.71 24.05 24.87 26.67 27.33 29.25 30.95 32.58 34.15 35.08
traj-9:
35.75 34.88 33.42 31.48 29.49 27.77 26.31 25.97 25.52 25.09 24.79 24.79 24.51 24.30 24.25 24.01 23.92 23.73 23.54 23.53 23.25 22.24 20.46 19.59 17.84 16.29 15.14 14.96 13.87 13.52 12.04 12.62
24.87 24.85 24.84 24.86 24.89 24.89 24.80 23.34 22.31 21.14 19.86 18.04 16.22 14.63 14.13 12.50 11.62 10.33  8.48  7.05  5.47  3.85  3.83  3.83  3.84  4.83  6.39  6.62  8.09  8.53  9.87  9.91
traj-10:
38.78 37.66 35.69 34.25 33.07 32.19 31.01 30.13 28.45 26.45 25.53 23.77 23.41 23.21 23.06 22.43 21.72 20.29 18.57 17.12 15.14 13.70 12.58 10.94  9.79  8.73  7.00  5.52
24.24 24.53 24.77 24.85 24.90 24.90 24.89 24.86 24.82 24.91 25.47 25.90 23.95 22.85 21.47 20.23 19.86 19.21 19.18 19.41 19.62 19.24 18.92 18.72 18.37 18.19 17.95 17.84
traj-11:
35.34 34.77 33.25 31.65 29.84 29.04 27.38 26.79 25.21 25.02 24.37 24.86 25.00 26.51 28.10 29.63 30.79
23.71 23.77 23.86 23.91 24.12 24.42 24.62 24.65 25.80 26.29 28.00 29.83 30.95 32.24 32.88 33.79 34.77
traj-12:
36.47 34.60 32.74 31.03 29.20 27.81 26.78 25.21 24.97 24.76 24.50 24.43 24.31 24.26 24.05 24.04 23.98 23.90 23.78 23.65 22.56 20.65 18.88 17.13 15.19 13.24 11.55 10.22  8.78  8.18
24.02 23.87 23.73 23.59 23.46 23.31 23.10 22.06 20.66 19.54 18.02 17.11 15.25 13.41 11.43 10.61  9.17  7.88  6.57  4.95  3.42  3.42  3.50  3.84  3.97  3.76  3.52  3.32  3.07  3.03
traj-13:
37.37 35.68 34.69 33.46 32.39 30.80 29.36 27.49 26.89 24.98 24.59 23.59 22.16 20.53 18.96 17.47 15.91 13.99 13.16 12.75 12.52
23.63 23.44 23.51 23.55 23.49 23.45 23.28 23.06 23.01 22.50 22.09 20.58 19.19 19.13 19.10 20.09 20.07 20.26 19.04 17.56 17.03
traj-14:
37.15 36.02 34.34 32.49 31.32 30.35 28.39 27.13 26.92 25.64 24.92 24.56 24.11 23.84 23.62 21.62 20.04 18.18 17.88 16.09 14.75
23.58 23.40 23.25 23.16 23.14 23.18 23.37 23.48 23.70 24.47 26.18 28.15 29.69 30.73 31.90 32.03 32.12 32.18 32.16 32.18 32.26
traj-15:
34.47 33.59 31.67 30.71 28.74 26.81 25.51 25.47 25.48 25.10 24.97 24.96 24.96 24.92 24.84 24.65 24.36 24.29 24.31 23.85 23.31 22.72 20.92 20.33 18.56 17.97 16.61 15.30 13.84
24.52 24.62 24.84 24.79 24.65 24.64 24.46 23.20 21.97 20.25 18.53 17.77 16.43 15.27 13.52 11.94 10.65  8.84  7.59  6.55  4.73  3.83  3.62  3.65  3.75  3.80  4.54  5.64  6.89
traj-16:
39.02 37.81 35.95 34.49 33.79 31.92 31.40 29.44 28.29 27.44 25.62 23.88 23.52 23.47 22.46 20.79 19.42 17.76 16.36 14.86 13.37 11.47 10.43  8.75  7.50
23.75 23.81 23.53 23.34 23.25 23.27 23.28 23.28 23.45 23.63 23.76 23.95 22.12 21.82 20.17 20.16 20.21 20.40 20.49 21.06 21.48 21.01 20.42 19.55 18.95
traj-17:
34.38 32.64 31.83 30.41 28.96 27.49 26.35 24.57 23.11 23.08 23.06 23.02 23.70
24.64 24.72 24.75 24.82 24.87 24.92 24.89 25.62 25.77 27.42 29.23 30.43 32.03
traj-18:
36.04 34.35 33.79 32.07 30.11 29.25 27.29 25.47 25.01 24.62 24.47 24.44 24.35 24.17 23.89 23.64 23.53 23.41 24.09 24.12 23.21 22.35 21.02 19.57 18.13 16.64 15.75 13.78 12.02 10.40  8.96  8.14
24.57 24.56 24.56 24.51 24.58 24.60 24.46 23.65 22.88 21.27 19.93 18.01 16.27 14.56 12.86 10.99 10.43  8.67  7.11  5.36  4.40  3.63  3.61  3.61  3.70  3.80  3.86  4.13  4.52  4.89  5.60  5.93
traj-19:
36.16 34.41 34.11 32.14 30.67 29.31 27.34 25.49 24.25 23.15 22.31 20.41 19.33 17.43 16.49 15.28 13.92 12.27 11.10  9.77
24.42 24.29 24.22 24.17 24.14 23.99 23.66 23.21 22.79 21.58 20.34 19.83 19.33 19.62 20.14 20.94 20.80 20.66 20.26 19.23
traj-20:
36.84 35.81 34.33 32.75 32.13 30.16 28.81 26.93 25.31 24.80 23.18 23.12 23.71 24.18 24.68 25.23
23.83 23.54 23.39 23.31 23.26 23.23 23.15 23.36 24.25 24.79 25.78 26.38 28.00 29.67 30.86 32.20
traj-21:
38.84 38.54 36.64 36.04 34.34 32.72 30.85 28.86 28.29 26.76 25.79 25.56 25.49 25.53 25.51 25.47 25.47 25.00 25.02 25.01 24.75 24.31 23.26 22.76 20.93 20.64 18.87 17.70 16.98 16.23 15.28 14.17 12.56
23.23 23.27 23.25 23.21 23.25 23.32 23.55 23.50 23.38 23.16 22.67 20.73 19.26 17.54 16.37 14.43 13.27 11.71 10.27  8.29  6.85  5.00  3.68  3.60  3.39  3.42  3.57  3.70  4.10  4.90  5.72  6.34  7.37
traj-22:
34.82 33.03 31.56 30.43 28.66 28.08 26.12 25.99 25.95 25.23 23.86 22.31 20.71 19.86 18.10 16.34 14.53 14.23
24.93 24.91 24.87 24.91 24.74 24.66 24.52 24.25 23.95 22.72 21.55 20.69 20.94 20.90 20.82 19.99 19.21 18.67
traj-23:
38.45 37.59 36.42 35.55 34.12 32.95 30.96 29.30 28.72 26.93 25.51 25.57 25.61 25.74 25.90 25.93 25.01 24.21 22.48 22.19 20.49 18.74 17.89
24.53 24.58 24.70 24.76 24.80 24.81 24.82 24.84 24.85 24.70 25.52 27.25 28.43 29.32 30.48 31.67 33.34 34.35 34.00 33.92 33.31 33.28 33.25
traj-24:
38.97 37.27 35.30 34.12 33.23 31.49 30.35 28.89 27.45 25.77 25.30 24.82 24.54 24.26 24.33 24.46 24.37 24.25 24.18 24.19 24.42 24.16 23.97 23.30 21.50 20.04 19.44 17.69 16.12 15.87 14.73
24.39 24.62 24.91 24.93 24.92 24.89 24.85 24.87 24.74 23.92 22.30 20.79 19.67 17.93 17.34 15.63 13.67 13.01 11.32  9.95  9.10  7.18  6.16  4.29  3.61  3.68  3.70  3.83  4.80  4.97  5.36
traj-25:
38.47 37.94 36.17 34.25 32.80 30.90 29.90 28.13 26.73 24.99 23.51 22.18 20.19 19.30 17.81 16.08 14.90 13.06 11.74 10.28  9.57
24.08 23.93 23.29 23.09 23.07 23.09 23.09 23.02 23.00 22.06 21.22 20.40 20.46 20.50 20.52 20.77 21.10 20.56 20.16 19.90 19.79
traj-26:
34.49 33.08 31.20 29.32 28.07 27.79 27.01 25.12 23.41 23.14 23.13 23.46 23.60 24.47 24.57 25.97 26.66 28.43 30.31
23.17 23.20 23.23 23.27 23.25 23.61 23.91 24.32 24.17 26.05 26.35 28.08 29.28 30.94 31.73 33.03 33.27 33.88 34.48
traj-27:
36.74 35.78 34.43 32.97 31.52 29.83 29.75 27.89 26.22 24.43 23.69 23.40 23.54 23.75 24.10 24.20 24.55 24.69 24.60 24.46 24.30 23.97 23.45 22.38 20.94 19.18 17.60 16.44 15.57 14.17 13.73
23.86 23.74 23.82 23.70 23.85 24.15 24.15 24.64 24.74 24.66 23.31 21.92 20.67 18.91 17.08 16.10 14.54 12.78 11.14  9.43  8.55  6.79  4.87  3.44  3.47  3.70  3.91  4.55  6.06  7.45  8.17
traj-28:
35.88 35.60 34.59 33.40 32.53 31.02 29.88 28.09 26.19 24.62 23.20 22.52 20.95 20.48 18.70 17.00 15.10
23.01 23.12 23.35 23.30 23.25 23.18 23.07 23.07 23.32 22.67 22.03 20.98 20.78 20.77 20.78 19.74 19.30
traj-29:
36.55 35.40 34.53 32.56 30.87 29.14 27.43 26.54 24.73 24.60 24.35 23.33 23.36 23.34 23.27 23.37 24.31 25.58 26.75 27.93 28.22 29.09 29.65
24.40 24.48 24.57 24.81 24.86 24.90 24.90 24.89 25.73 26.00 26.16 27.53 29.38 31.36 32.24 34.20 35.38 36.02 36.20 36.41 36.47 36.66 36.89
traj-30:
36.46 34.81 33.14 31.42 30.08 28.73 27.06 25.52 25.24 24.79 24.66 24.23 24.31 24.40 24.60 24.72 24.69 24.53 24.45 24.39 24.53 24.65 23.99 23.88 22.41 20.71 19.83 18.35 16.54 14.67 14.38 12.55 11.61  9.92  9.35
24.05 24.27 24.48 24.51 24.56 24.66 24.61 23.85 22.91 20.97 20.71 19.76 18.68 17.71 16.18 14.97 14.67 12.77 10.97  9.00  7.03  6.37  4.90  4.48  3.60  3.36  3.34  3.34  3.54  4.16  4.23  4.61  4.96  5.70  6.03
traj-31:
38.03 36.85 35.43 33.97 32.02 30.62 29.14 27.17 25.33 24.62 23.70 22.76 21.04 20.18 18.44 16.68 15.06 15.01 14.95 14.52 13.58
24.83 24.81 24.81 24.72 24.62 24.66 24.73 24.77 24.54 23.32 21.74 20.14 19.28 19.29 19.41 19.29 19.49 21.00 21.85 23.69 24.28
traj-32:
36.26 34.93 33.84 32.28 31.24 29.88 28.12 26.39 24.63 23.21 23.40 23.85 24.84 25.90 26.53 27.68 28.69
23.27 23.22 23.24 23.25 23.20 23.22 24.06 24.71 25.36 26.01 27.73 29.54 31.18 32.32 33.16 34.59 35.83
traj-33:
34.98 33.26 31.29 30.10 28.33 27.56 25.88 25.33 24.91 24.77 24.67 24.45 24.41 24.33 24.29 24.12 23.84 23.65 23.47 23.35 22.31 20.79 19.87 18.68 17.52 16.77 15.27 14.16 12.54 11.32  9.72  9.03
24.91 24.85 24.68 24.41 24.46 24.42 23.97 22.65 20.89 19.23 18.27 16.56 14.60 13.64 12.47 11.09  9.11  7.71  6.76  5.37  3.79  3.41  3.42  3.46  3.58  4.06  5.34  5.85  6.69  7.20  7.96  8.31
traj-34:
34.88 34.58 32.60 31.73 29.73 28.31 26.84 25.28 24.39 23.19 21.48 20.15 18.37 16.65 15.34 13.49 12.17 11.42 10.30
24.92 24.92 24.88 24.91 24.88 24.87 24.89 23.92 23.01 21.49 20.75 19.84 19.57 19.30 18.62 18.22 19.49 20.18 21.52
traj-35:
33.95 33.35 31.62 29.74 28.60 26.71 26.21 25.41 24.77 24.59 23.14 23.16 23.11 23.11 23.94 24.23 25.89 26.19 27.97 29.76 30.95 32.42
23.42 23.39 23.28 23.28 23.29 23.30 23.81 25.25 26.80 27.22 28.40 29.83 31.24 32.42 34.18 34.97 36.04 36.08 36.20 36.32 36.42 36.59
traj-36:
34.28 32.39 30.66 28.69 26.74 25.43 24.92 24.18 23.42 23.61 23.51 23.44 23.40 23.57 23.80 23.84 24.11 24.05 23.83 22.83 21.04 19.58 17.81 16.70 15.71 14.55 13.55 12.08 11.85
24.20 24.65 24.84 24.89 24.96 24.00 22.99 21.28 19.61 17.96 16.54 15.12 13.66 11.86  9.92  9.32  7.51  6.58  4.95  3.77  3.37  3.40  3.47  4.21  5.69  7.10  7.99  9.25  9.44
traj-37:
34.64 33.39 31.51 29.82 28.13 27.13 26.94 24.95 24.43 23.65 22.94 21.20 19.26 18.43 17.25 16.07 14.17 12.36 10.58  9.31  7.77
23.02 23.11 23.10 23.06 23.43 23.62 23.85 24.03 22.97 21.97 20.82 20.21 20.13 20.21 20.23 20.14 19.57 19.23 18.98 18.86 18.17
traj-38:
37.51 37.02 35.33 33.81 31.98 30.38 29.34 27.50 26.17 25.97 25.65 25.20 25.31 25.51 25.73 27.48 28.18
23.85 23.83 23.60 23.52 23.28 23.34 23.30 23.33 24.03 24.25 25.25 27.02 27.89 29.60 31.25 32.21 32.62
traj-39:
35.56 35.33 33.35 31.88 30.04 28.65 28.05 26.36 25.59 25.40 25.23 25.19 25.06 24.92 24.81 24.74 24.66 24.60 24.56 24.37 24.06 23.83 22.51 21.28 20.98 19.84 18.10 16.32 16.11 14.26 13.90
23.78 23.60 23.40 23.23 23.14 23.06 23.01 23.04 21.29 20.41 19.41 17.99 16.53 15.35 14.26 13.19 11.56 10.43  8.69  7.54  6.11  4.98  3.81  3.32  3.39  3.60  3.77  3.96  4.18  3.87  3.42
traj-40:
34.93 34.08 32.69 31.26 29.83 28.09 26.64 25.49 24.77 23.65 23.12 22.06 20.91 19.79 18.07 16.65 15.71 14.93 13.63 12.19 11.19  9.69  8.08  7.20  6.39
24.55 24.62 24.78 24.85 24.80 24.75 24.79 24.73 23.58 22.63 22.01 20.36 20.51 20.64 20.86 20.92 21.42 23.16 23.73 22.35 21.63 20.70 19.63 19.01 18.51
traj-41:
35.62 35.32 33.44 31.80 30.02 29.42 27.43 25.87 25.11 24.41 24.16 23.47 23.90 24.92 25.97 27.06 28.02
23.66 23.64 23.06 23.07 23.08 23.09 23.24 23.34 24.08 25.47 26.09 27.60 29.52 30.73 32.04 32.42 32.24
traj-42:
37.78 36.19 35.03 34.14 32.36 31.77 30.00 28.52 26.82 25.75 24.69 24.64 24.56 24.43 24.35 24.27 24.24 24.04 23.85 23.83 23.78 23.66 22.56 21.67 19.91 18.60 16.63 15.12 13.32 12.64 11.01  9.87
24.46 23.92 23.97 23.96 23.91 23.85 23.69 23.54 23.22 22.57 20.97 19.91 18.23 16.64 15.52 13.95 12.22 10.53  8.55  7.23  5.53  4.93  3.37  3.48  3.62  3.67  3.72  3.96  4.39  4.60  4.85  4.99
traj-43:
34.62 33.18 31.56 30.76 29.11 28.55 26.57 25.97 24.51 23.68 23.25 21.74 20.07 18.20 16.65 14.84
23.96 23.74 23.21 23.39 24.26 24.34 24.42 24.41 23.39 21.89 20.49 19.22 19.60 20.08 20.08 19.81
traj-44:
37.29 36.18 34.66 33.06 31.10 29.52 28.49 27.43 25.49 24.70 23.08 23.14 23.48 23.66 23.93 23.82 21.95
24.10 23.79 23.31 23.27 23.48 24.02 23.84 23.59 24.04 24.19 24.92 26.69 28.36 29.20 31.18 31.93 32.63
traj-45:
35.12 33.41 31.45 29.70 28.30 27.13 25.64 24.98 24.41 23.89 23.91 23.92 24.02 24.20 24.44 24.37 24.13 24.07 23.88 23.51 22.19 20.24 19.36 17.58 16.05 15.16 14.18 13.10 12.26 10.32  8.38  7.98
24.81 24.76 24.87 24.86 24.86 24.69 24.00 22.20 20.85 19.32 17.87 16.70 14.84 13.98 12.05 10.60  9.21  7.47  6.00  4.57  3.37  3.32  3.32  3.46  4.43  5.17  5.95  6.97  7.60  8.10  8.44  8.20
traj-46:
36.57 36.27 34.56 32.84 30.87 28.94 27.05 25.85 24.47 23.37 22.15 21.41 19.63 17.80 16.66 15.71 15.45 14.66 12.82
24.62 24.60 24.83 24.88 24.78 24.80 24.77 24.67 23.64 22.17 20.83 20.61 19.85 19.62 19.62 21.33 22.64 23.98 24.42
traj-47:
34.78 33.07 32.77 30.93 29.73 28.65 26.87 26.68 25.31 25.23 24.18 24.10 23.35 23.73 23.99 22.69 21.38 20.15 18.95 17.10 15.89 14.52 14.27 12.65
23.69 23.38 23.36 23.30 23.21 23.04 23.14 23.37 24.35 24.64 26.09 26.38 28.02 29.75 30.88 32.14 32.68 33.17 33.62 34.29 35.03 36.13 36.29 36.87
traj-48:
35.03 33.79 32.38 31.50 30.20 28.26 27.96 26.22 25.99 24.62 24.33 24.14 23.69 23.92 24.39 24.91 25.12 25.37 25.16 24.99 24.56 24.21 22.72 21.06 19.90 18.21 17.15 16.89 15.13 14.87 13.29 11.53 10.05  8.97  7.72  6.49
23.28 23.23 23.15 23.27 23.26 23.11 23.10 23.07 22.87 21.60 20.92 18.97 17.12 16.01 14.28 12.60 11.43  9.98  8.22  7.05  5.35  4.24  3.48  3.52  3.55  3.72  3.98  4.13  4.82  4.97  5.70  6.03  5.94  6.14  6.14  6.17
traj-49:
35.07 33.63 31.70 29.95 29.37 27.39 25.74 25.29 24.73 24.15 22.42 21.41 19.73 17.78 16.68 15.23 13.90 13.06 11.80 10.07  8.69
24.33 24.50 24.77 24.75 24.76 24.61 23.93 23.59 21.75 20.21 19.28 19.69 20.13 20.39 20.37 20.32 21.05 21.70 22.49 23.31 24.04
traj-50:
39.10 37.34 35.75 34.06 33.76 32.04 30.78 29.42 27.79 26.49 25.17 25.00 24.36 24.94 25.26
23.80 23.54 23.35 23.15 23.15 23.23 23.31 23.36 23.36 24.17 24.98 26.09 27.79 29.62 31.02
traj-51:
36.46 34.71 32.96 32.11 30.37 28.92 27.22 25.44 25.09 23.99 23.64 23.33 23.39 23.69 23.89 23.84 24.18 24.05 24.11 24.13 23.79 23.52 23.26 23.20 23.06 22.22 21.92 20.15 18.97 17.35 17.14 15.51 14.35 14.09 12.92 12.32
24.75 24.77 24.85 24.88 24.97 24.99 24.98 25.87 26.35 25.17 25.12 23.23 22.84 21.19 19.30 17.59 15.73 14.11 12.87 11.20  9.64  8.43  7.38  5.70  4.58  3.10  3.13  3.17  3.02  3.42  3.63  3.76  5.31  5.57  7.03  7.59
traj-52:
36.72 36.12 34.70 33.55 31.59 29.87 28.14 26.68 25.13 24.01 23.11 22.34 20.60 19.29 17.55 16.43 15.05 14.81 13.65 11.85 11.43  9.44  7.90  6.83  6.49  5.57
24.98 24.92 24.81 24.70 24.68 24.71 24.73 24.56 23.58 21.93 21.10 20.69 19.86 19.43 19.51 20.19 21.25 21.44 20.49 19.84 19.76 19.87 20.68 22.03 22.74 23.51
traj-53:
35.40 34.57 33.38 31.98 30.12 28.64 27.23 25.55 23.88 23.29 23.30 23.41 23.47 23.47 23.44 22.86 22.18 20.66
24.29 24.27 24.26 24.21 24.26 24.35 24.44 24.47 25.21 25.76 26.32 27.79 28.62 30.18 30.78 32.22 33.97 35.22
traj-54:
33.60 32.11 31.28 29.42 27.55 25.82 24.86 23.57 23.15 23.08 23.09 23.18 23.17 23.37 23.30 23.40 24.14 24.87 24.91 24.53 23.93 22.49 20.78 19.00 17.80 16.23 16.03
23.63 23.53 23.64 23.78 23.76 24.00 24.34 23.15 21.81 19.99 18.39 17.65 16.63 15.05 13.34 11.46  9.90  9.37  7.46  5.51  4.24  3.43  3.57  3.71  3.75  4.89  5.10
traj-55:
38.92 37.21 35.72 34.53 33.23 31.32 30.13 28.18 26.70 25.38 23.75 22.31 21.46 20.03 18.33 17.44 15.58 14.03 12.12 10.14  9.60  7.99  7.06  5.42
23.36 23.10 23.08 23.12 23.12 23.10 23.11 23.04 23.01 22.31 21.41 20.04 20.25 20.31 20.39 20.38 20.10 19.71 19.18 19.14 19.28 20.09 20.62 21.32
traj-56:
35.45 34.42 32.46 31.37 29.65 28.84 27.39 25.73 25.32 25.07 24.76 24.08 22.39
24.03 24.36 24.71 24.81 24.88 24.88 24.89 25.74 27.67 29.37 31.25 32.95 33.50
traj-57:
36.19 35.89 33.99 32.36 31.22 30.08 28.13 26.71 25.58 25.31 25.44 25.61 25.72 25.85 25.79 25.79 25.80 25.48 24.81 24.33 24.00 22.41 21.83 20.06 19.76 17.79 16.29 15.15 14.08 13.80 12.54 11.40
24.14 24.08 23.76 23.54 23.16 23.12 23.04 23.05 22.36 20.50 18.99 17.00 16.17 14.49 12.75 12.17 10.72  9.07  7.28  5.35  4.23  3.24  3.37  3.47  3.45  3.58  4.68  6.20  7.75  8.15  9.40  9.43
traj-58:
34.30 33.43 31.96 30.49 29.04 27.33 26.44 24.66 24.35 23.88 22.64 20.90 19.05 18.45 16.95 15.02 13.44 11.54 10.33  9.26  7.71  7.15
24.86 24.86 24.87 24.88 24.86 24.78 24.68 23.79 22.80 21.39 20.10 19.45 19.35 19.30 19.20 19.25 19.36 19.87 19.60 19.27 18.79 18.80
traj-59:
37.16 35.44 33.44 31.45 30.05 28.28 26.56 25.30 23.90 23.47 23.99 24.70 25.46 25.60
24.85 24.80 24.79 24.79 24.88 24.90 24.90 25.00 26.06 27.78 29.10 30.91 32.71 33.26
traj-60:
34.47 32.84 31.15 30.32 28.87 27.26 25.94 24.82 24.03 23.15 23.12 23.66 24.13 24.29 24.50 24.49 24.82 24.91 24.99 24.73 24.59 24.38 24.20 22.61 21.26 19.52 17.76 16.68 15.47 15.36 13.45 11.75 10.68  9.31  8.07  6.96  5.98
24.09 24.50 24.81 24.82 24.85 24.82 24.82 23.18 22.13 20.86 19.91 18.07 16.30 15.33 13.88 13.58 11.83 10.01  8.69  7.23  6.38  5.24  4.38  3.55  3.59  3.62  3.82  4.46  6.05  6.04  5.46  6.06  6.44  6.27  6.06  6.11  6.20
traj-61:
36.99 36.44 34.46 32.69 30.94 29.77 27.82 25.88 25.58 23.78 23.34 23.02 21.25 20.66 19.21 17.27 16.97 15.60 14.48 12.70 10.98 10.74  9.36  8.59
25.00 24.97 24.97 24.89 24.81 24.58 24.77 24.51 24.50 23.93 22.17 21.18 20.55 20.55 20.59 20.83 20.85 21.56 21.99 21.59 21.21 21.17 19.86 19.13
traj-62:
35.06 33.36 31.67 30.85 29.37 27.91 25.96 24.19 23.10 23.20 23.34 22.77
24.55 24.73 24.80 24.88 24.83 24.81 24.76 25.24 26.75 28.65 30.28 32.00
traj-63:
34.04 33.03 31.73 29.91 29.11 27.14 26.84 25.66 24.90 24.56 24.02 23.94 23.86 23.41 23.36 23.48 23.20 23.14 23.01 22.21 20.73 19.01 17.74 16.71 14.89
23.18 23.20 23.17 23.13 23.15 23.15 23.14 22.44 21.20 19.79 18.04 16.19 14.56 12.68 11.33  9.70  7.93  7.35  5.52  3.94  3.79  3.58  3.54  3.77  4.55
traj-64:
38.05 36.85 35.70 34.25 32.56 31.16 29.44 28.29 27.40 25.43 25.14 24.86 24.18 23.14 22.81 21.04 19.37 18.01 16.59 15.20 14.05 13.29 13.03 12.78 12.49
24.52 24.46 24.52 24.51 24.70 24.85 24.72 24.57 24.46 24.19 24.11 23.65 22.40 20.91 19.96 19.10 19.35 19.48 20.03 20.29 20.74 21.50 22.58 23.97 24.06
traj-65:
35.17 33.43 32.60 30.87 29.47 27.54 25.81 25.68 25.29 24.61 23.19 22.16 20.62 19.85 18.33 17.30 16.26 14.47 13.43 11.91 10.69  9.38
24.85 24.86 24.89 24.90 24.92 24.94 25.90 26.45 28.10 29.75 31.09 32.69 32.84 32.90 32.93 32.99 33.06 33.25 33.50 33.85 35.11 36.26
traj-66:
36.47 35.62 34.57 33.83 32.22 31.63 29.99 28.02 26.48 24.79 24.47 24.53 24.36 24.19 24.09 24.22 24.28 24.39 23.78 24.46 24.27 24.51 23.98 22.69 20.95 20.08 18.34 17.29 15.47 13.75 12.21 11.18  9.59  7.92  6.06
23.08 23.18 23.41 23.51 24.12 24.21 24.46 24.76 24.62 23.80 22.21 21.92 19.93 18.44 16.57 14.67 13.00 11.29 10.28  8.60  7.16  5.78  3.86  3.33  3.08  3.21  3.44  3.63  4.35  4.53  4.50  4.73  4.63  4.52  3.99
traj-67:
37.25 35.77 33.92 32.78 30.84 29.02 27.20 26.15 24.94 23.86 23.36 22.24 20.86 20.00 18.79 17.92 16.20 14.78 13.44
23.27 23.33 23.38 23.38 23.47 23.35 23.19 23.04 22.72 22.22 21.95 20.55 20.26 20.16 19.92 19.92 20.12 21.02 21.63
traj-68:
36.66 34.93 33.67 31.73 30.16 28.81 27.54 26.13 25.22 24.73 25.02 25.13 24.62 23.67 23.39 21.56 22.26 23.84 25.02 26.51 27.70
23.06 23.06 23.08 23.13 23.19 23.31 23.62 24.10 25.44 26.37 28.11 29.86 30.93 32.59 32.70 33.36 35.18 36.16 36.35 36.53 36.67
traj-69:
36.48 34.49 33.33 31.37 29.63 28.36 26.65 25.75 25.24 24.48 24.12 23.46 23.50 23.47 23.37 24.03 24.24 24.62 24.17 23.43 22.88 21.21 19.58 18.71 17.38 15.57 13.97 12.38 11.88
23.07 23.03 23.03 23.05 23.04 23.09 23.19 22.64 21.61 19.87 19.11 17.44 15.52 14.27 12.31 10.47  9.42  7.69  6.28  4.73  3.63  3.34  3.38  3.52  3.73  4.32  4.42  3.92  3.41
traj-70:
34.01 32.12 31.26 29.46 27.90 26.43 25.53 23.86 23.41 23.02 23.13 22.01 20.28 18.80 17.38 16.27 14.99 14.89
24.19 24.46 24.58 24.76 24.84 24.80 25.41 26.40 24.84 23.41 22.08 20.76 20.88 20.92 20.96 20.97 22.27 22.80
traj-71:
35.35 34.48 32.50 30.79 29.33 27.63 26.31 24.65 23.54 23.34 23.72 24.15 24.60 25.56 27.11 28.78 30.57
24.65 24.66 24.83 24.86 24.84 24.86 24.89 24.86 25.72 27.04 28.24 30.13 31.27 32.46 33.19 33.58 34.05
traj-72:
38.35 37.16 35.58 34.47 32.55 30.59 28.78 27.52 25.73 25.19 24.90 24.76 24.68 24.56 24.45 24.34 24.06 23.91 23.85 23.72 23.80 23.65 22.85 21.18 19.43 17.95 16.90 16.01
23.34 23.34 23.40 23.40 23.44 23.52 23.56 23.63 23.41 22.21 21.41 19.76 18.54 16.55 14.84 13.37 11.69 10.02  8.81  7.52  5.83  5.25  3.82  3.29  3.49  3.61  4.29  5.70
traj-73:
34.11 32.12 30.39 28.67 26.93 25.36 24.45 23.76 23.16 21.67 19.76 18.27 16.59 15.02 14.29 12.57 11.01  9.87  9.28
24.81 24.80 24.79 24.85 24.89 23.96 22.94 22.10 21.24 19.90 19.55 19.59 20.36 21.21 21.68 21.38 20.22 19.36 18.85
traj-74:
36.49 35.36 34.27 32.85 31.42 29.70 28.83 26.89 26.11 25.11 24.74 24.19 23.33 23.47 23.03 22.32 20.72 20.12 18.44 17.99 16.34
24.22 24.48 24.74 24.88 24.80 24.74 24.76 24.89 24.91 26.17 26.89 28.27 30.07 30.33 32.07 32.22 32.46 32.76 32.88 32.96 33.63
traj-75:
36.27 35.09 33.64 32.21 30.24 28.25 26.32 25.49 24.91 24.68 24.56 24.51 24.19 24.04 24.06 24.06 24.41 24.27 24.00 23.37 23.10 22.25 20.59 18.85 17.50 16.77 15.25 13.70
24.70 24.73 24.77 24.80 24.83 24.78 24.74 24.69 22.89 21.79 20.16 19.44 17.63 15.86 14.68 13.27 11.54  9.62  8.36  6.65  4.69  3.90  3.69  3.79  3.84  4.28  4.75  4.97
traj-76:
34.71 32.75 31.02 29.57 28.97 27.52 26.10 25.51 24.01 23.28 22.03 21.74 20.02 18.58 16.90 15.03 13.31 11.37  9.74  8.22
24.87 24.89 24.86 24.88 24.88 24.84 24.60 24.49 23.52 22.10 20.60 20.54 20.21 19.92 19.97 19.72 19.74 19.43 18.79 18.07
traj-77:
37.25 35.48 34.04 32.67 31.82 30.43 28.97 28.40 26.73 25.06 23.36 23.12 23.30 23.38 23.57 24.15 24.63
24.40 24.22 24.37 24.58 24.71 24.82 24.88 24.90 24.90 24.92 25.65 27.48 29.34 29.92 31.63 33.20 34.58
traj-78:
36.07 34.11 32.47 31.41 29.49 27.66 27.06 25.73 25.35 25.15 24.96 24.61 24.59 24.51 24.47 24.58 24.30 24.10 24.07 24.01 23.02 23.13 21.43 20.28 18.55 17.67 16.35 15.46 14.27 13.42 11.75 10.86
23.45 23.19 23.25 23.18 23.14 23.16 23.19 22.43 21.38 19.96 18.61 16.65 16.51 15.87 14.07 12.34 10.82  9.99  8.39  7.34  5.69  3.82  3.57  3.48  3.71  3.88  5.24  6.89  7.46  7.86  8.66  8.86
traj-79:
36.13 34.43 33.01 32.17 31.01 29.25 28.95 27.22 26.92 25.59 25.14 24.49 23.71 22.02 20.31 19.17 18.12 17.88 16.07 15.93 14.01 13.05 12.36 10.74  9.60  8.11  6.71
24.54 24.65 24.83 24.87 24.87 24.83 24.82 24.69 24.66 23.86 22.94 21.32 20.04 19.62 19.17 19.22 19.25 19.53 19.94 20.20 20.35 19.04 18.64 18.69 18.50 18.40 18.28
traj-80:
35.54 33.86 33.01 31.91 30.17 29.74 27.84 26.54 25.95 25.74 25.14 24.99 24.80 24.59 24.44 23.08 21.32 19.77
24.34 23.82 23.60 23.25 23.12 23.15 23.33 24.67 24.78 25.28 26.74 27.91 29.53 31.29 33.07 34.24 35.05 35.67
traj-81:
33.94 33.42 31.75 30.30 29.73 28.28 26.55 25.02 24.40 23.86 23.88 23.88 24.12 24.32 24.38 24.43 24.87 25.13 24.75 24.41 23.74 23.71 22.46 20.52 19.62 17.89 16.66 15.50 14.53 13.32 12.05 11.48  9.99  8.59  7.62
24.61 24.74 24.85 24.75 24.77 24.76 24.80 23.89 23.46 21.68 20.23 19.14 17.36 16.25 14.70 12.80 11.13 10.32  8.37  7.25  5.37  5.07  3.61  3.65  3.68  3.72  4.34  5.70  7.20  8.32  6.89  6.30  5.33  5.44  5.58
traj-82:
37.80 36.37 34.48 33.35 31.51 29.67 28.43 26.98 25.43 24.92 23.80 23.61 21.92 20.08 18.54 16.77 14.90 13.71 12.00 11.52  9.77  8.62
23.48 23.42 23.25 23.13 23.23 23.18 23.12 23.04 23.02 22.29 20.82 20.59 19.63 19.21 19.39 19.60 20.11 20.51 21.43 21.91 22.45 22.89
traj-83:
38.88 37.43 36.57 34.58 32.66 31.19 29.45 28.61 27.17 25.68 25.21 25.16 25.13 25.16 24.94 24.45 23.10 21.24 19.44 17.90 16.55 15.74
24.92 24.90 24.88 24.93 24.93 24.92 24.92 24.92 24.94 25.86 27.46 27.98 29.63 30.21 32.10 33.09 34.42 34.41 35.19 35.92 36.45 36.76
traj-84:
34.93 33.50 32.04 30.14 28.35 27.18 25.56 25.33 25.24 24.90 24.48 24.40 23.93 23.83 24.39 24.67 24.03 23.97 23.42 23.17 22.22 20.24 19.05 17.87 16.28 15.52
23.70 23.50 23.34 23.19 23.16 23.03 22.13 20.41 19.24 17.52 15.66 15.37 13.52 12.13 10.61  9.79  7.94  7.64  5.92  4.54  3.34  3.40  3.55  3.70  4.87  5.97
traj-85:
36.76 35.89 34.11 32.82 32.71 30.77 29.02 27.36 25.62 25.35 25.39 25.47 25.53 25.25 25.16 24.29 23.82 23.62 23.39 23.07 22.45 21.10 19.43 17.84 16.69 14.95 13.06 11.19 10.25  9.19  7.76
23.61 23.33 23.31 23.27 23.28 23.26 23.16 23.08 22.18 20.90 19.13 18.56 16.58 15.12 14.66 13.19 14.61 15.71 17.45 17.74 19.08 19.41 20.04 19.40 19.36 20.05 20.00 20.44 20.92 21.67 22.68
traj-86:
34.70 33.61 31.79 30.83 29.44 27.45 27.15 26.04 25.36 25.47 25.49 25.54 25.62 27.08 28.55 29.14
24.20 23.76 23.26 23.30 23.37 23.46 23.51 24.80 25.72 27.42 27.72 29.47 31.24 32.19 32.06 32.00
traj-87:
37.68 36.36 34.45 33.64 31.65 31.00 30.03 28.65 28.41 27.21 25.67 25.65 25.68 25.56 25.48 25.40 25.29 25.14 24.93 24.89 24.74 24.39 23.94 22.45 20.56 20.27 18.52 16.58 15.10 13.36 11.92
23.76 23.53 23.40 23.40 23.35 23.33 23.19 23.10 23.05 23.05 22.22 21.07 19.89 18.72 16.94 15.23 14.33 12.56 10.78  9.06  7.90  6.18  4.31  3.52  3.19  3.23  3.36  3.60  3.83  4.20  4.59
traj-88:
38.61 38.32 36.45 34.54 32.76 31.53 29.56 28.36 26.60 26.13 24.83 23.51 22.90 21.12 19.35 17.35 15.68 15.10 13.52 12.22 11.03 10.04  8.63  6.66
23.67 23.59 23.06 23.17 23.29 23.41 23.70 23.92 23.52 23.15 22.25 21.27 20.61 20.06 19.67 19.54 19.80 19.80 20.44 21.82 22.56 22.61 22.61 22.56
traj-89:
36.60 35.48 33.74 31.76 30.85 29.67 27.96 26.44 24.88 23.69 24.07 24.06 23.99 24.03 22.32 21.05 20.11 18.83 16.88 15.17 13.28 12.98
23.73 23.55 23.51 23.59 23.51 23.52 23.27 24.18 25.06 25.66 27.05 28.89 30.48 31.37 32.22 33.13 33.16 33.27 33.23 33.28 33.27 33.28
traj-90:
36.61 34.73 32.86 31.18 29.23 27.29 25.60 25.55 25.47 25.25 24.89 24.52 24.31 24.20 23.85 23.36 23.23 23.01 21.35 19.59 19.30 17.54 16.39 14.44 12.60
23.29 23.30 23.27 23.19 23.24 23.02 22.00 20.25 19.66 17.90 15.95 14.16 13.10 11.22  9.44  7.59  6.03  4.57  3.83  3.75  3.82  3.89  3.66  3.40  3.12
traj-91:
35.67 34.28 32.86 30.86 29.09 28.21 27.08 25.09 23.67 23.17 23.06 22.43 20.61 19.22 17.49 16.00 14.83 14.44
24.54 24.75 24.86 24.84 24.80 24.75 24.73 24.70 23.99 22.30 21.76 20.78 20.55 20.93 20.84 20.75 20.66 20.20
traj-92:
38.44 37.27 35.45 34.43 32.71 31.29 29.65 28.53 26.91 25.41 25.25 24.21 23.23 23.13 22.22 20.53 19.07 17.96 16.38 15.84 14.05 12.47 11.37
24.40 24.67 24.67 24.62 24.43 24.44 24.68 24.79 24.93 25.87 27.49 29.08 30.77 31.21 32.24 32.44 32.55 32.72 32.95 33.26 33.55 33.81 34.04
traj-93:
37.62 36.53 35.23 33.28 31.61 30.18 28.71 26.84 25.89 25.33 24.86 24.76 24.65 24.68 24.75 24.71 24.73 24.56 24.38 24.17 23.86 23.42 22.38 20.41 18.93 17.74 16.92 16.32
24.06 23.90 23.71 23.46 23.27 23.33 23.15 23.12 22.58 21.03 19.46 18.07 17.23 15.54 14.43 13.42 11.43  9.97  8.51  7.37  5.41  4.97  3.40  3.53  3.67  3.71  4.61  5.90
traj-94:
38.40 37.45 36.12 34.39 32.92 31.52 30.08 28.92 26.92 25.32 24.32 24.12 23.50 21.69 19.71 19.11 17.28 15.49 14.31 13.05 13.48
24.51 24.64 24.82 24.87 24.86 24.80 24.69 24.62 24.64 23.50 21.87 21.37 19.99 19.30 19.18 19.26 19.41 19.69 19.82 21.34 23.16
traj-95:
34.39 33.80 31.84 29.91 28.19 27.89 26.04 25.79 24.76 24.86 25.08 25.08 23.89 21.96 20.12 19.52 17.92 16.46 14.90
24.45 24.45 24.44 24.47 24.36 24.34 24.68 24.84 26.46 27.88 29.60 31.59 33.15 32.94 32.91 32.86 32.84 32.85 32.78
traj-96:
36.33 34.40 33.57 32.15 30.43 29.01 27.03 26.25 24.50 23.34 23.24 23.38 24.09 24.38 24.46 24.66 24.88 25.07 25.17 25.17 25.10 25.08 24.91 24.47 23.82 22.83 21.33 20.44 19.28 18.11 17.82 17.67 16.63 16.43 15.13 13.82 12.44 11.06
23.91 24.31 24.56 24.68 24.76 24.80 24.90 24.96 25.81 24.30 23.96 22.18 21.06 20.61 18.97 17.59 16.30 15.15 13.43 13.13 11.34  9.84  8.32  6.68  5.03  3.79  3.39  3.39  3.50  3.73  3.80  4.06  4.83  5.06  6.51  7.92  9.19  9.72
traj-97:
36.57 35.68 34.22 32.84 30.85 29.27 28.73 26.78 25.24 24.31 23.32 21.68 19.92 17.95 17.65 15.87 15.28 14.96 14.06 12.30 10.79  9.88
24.26 24.19 24.14 23.95 23.72 24.15 24.30 24.60 24.46 23.02 21.59 20.77 20.86 20.92 20.93 20.72 20.57 20.21 20.11 20.91 21.53 21.76
traj-98:
36.36 35.20 33.49 31.49 29.77 28.05 26.93 25.88 25.26 24.53 24.05 24.20 25.29 26.85 27.87 29.38 31.06 31.18
24.80 24.80 24.82 24.83 24.79 24.78 24.99 25.85 27.63 29.36 30.22 32.21 33.28 33.07 32.58 33.39 34.47 34.89
traj-99:
35.51 33.92 33.35 31.69 29.92 27.98 26.00 25.86 25.45 25.06 24.82 24.70 24.57 24.36 24.25 24.28 24.21 23.83 23.52 23.12 23.07 22.22 21.64 19.90 18.15 16.49 14.65 13.94 12.17 10.41  8.87  7.08  5.61
24.43 24.59 24.69 24.84 24.87 24.82 24.75 23.93 22.63 21.04 19.16 17.44 15.51 13.96 13.17 11.32  9.63  7.88  7.55  5.63  4.96  3.39  3.42  3.50  3.58  3.78  4.43  4.42  4.93  5.39  5.61  6.13  6.57
traj-100:
38.43 37.53 35.91 34.59 33.45 31.62 30.70 29.94 28.08 26.48 25.48 23.70 23.01 23.03 23.06 23.07 21.37 19.94 18.17 16.31 15.27 13.71 12.03 10.45  8.61  8.12
23.65 23.45 23.34 23.35 23.42 23.37 23.37 23.48 23.85 24.43 24.83 25.63 23.90 23.31 21.70 21.10 20.28 20.59 20.79 20.94 21.83 22.73 23.13 22.84 22.29 22.13
traj-101:
34.02 33.81 32.04 31.33 29.88 27.91 26.73 25.77 25.25 25.16 25.02 23.99 23.56 21.82 21.32 19.84 18.10 16.61 15.25 14.28 12.87 11.16
23.27 23.48 24.00 24.26 24.74 24.83 25.00 25.55 26.99 28.70 29.52 31.00 31.52 32.14 32.37 32.62 32.95 32.98 34.24 35.18 36.34 36.85
traj-102:
38.78 37.44 36.02 34.53 32.59 30.66 29.27 27.57 26.74 25.11 24.16 23.31 23.42 23.64 23.95 24.43 24.85 24.90 24.89 24.64 24.53 24.24 23.59 23.02 21.34 19.56 17.80 16.33 14.60
23.68 23.61 23.46 24.16 24.58 24.77 24.69 24.63 24.57 23.82 22.32 20.66 19.77 18.92 17.73 16.31 14.69 12.74 12.44 10.54  9.37  7.61  5.78  3.94  3.13  3.25  3.42  3.68  4.09
traj-103:
35.39 34.10 32.33 30.95 29.11 28.20 26.36 24.61 23.56 23.02 22.27 20.35 19.46 17.75 16.86 14.93 13.13 12.38 10.60  9.05
23.52 23.53 23.58 23.40 23.30 23.17 23.34 24.20 22.62 21.77 20.82 20.70 20.66 20.69 20.74 20.77 20.83 21.18 21.64 21.96
traj-104:
36.04 34.69 32.79 31.51 29.56 28.98 27.37 25.91 24.45 24.57 24.67 24.71 24.86 23.90 22.15 21.55 20.14 18.16 16.27 14.66
23.86 24.02 23.90 23.53 23.41 23.33 23.13 23.05 24.11 25.81 27.00 28.95 30.11 31.69 32.38 32.37 32.51 32.54 32.60 32.51
traj-105:
38.71 37.35 36.52 35.09 34.22 33.04 31.29 29.91 28.15 26.23 24.77 23.68 23.65 23.62 23.33 23.17 23.17 23.24 23.45 23.63 24.27 24.31 23.84 23.36 22.11 20.71 19.25 17.81 16.67 16.12 15.88 15.43 13.98 13.18 11.67  9.86  9.23  7.43  5.75  5.41
24.64 24.71 24.78 24.87 24.92 24.81 24.75 24.75 24.72 24.62 23.98 23.05 21.09 19.21 17.37 15.64 15.09 13.32 11.61 10.10  9.14  7.41  6.00  4.63  3.29  3.48  3.59  3.57  3.63  5.44  5.62  5.96  7.22  7.67  8.53  8.67  8.53  7.80  7.71  7.81
traj-106:
38.12 36.95 35.75 34.17 32.30 30.31 28.55 27.82 26.04 24.66 23.29 22.85 21.25 19.47 17.61 17.59 16.20 14.68 12.95 11.61  9.80
24.07 23.91 23.85 23.78 23.61 23.39 23.24 23.04 23.11 22.01 21.15 20.85 19.99 19.24 19.39 19.66 20.56 21.60 21.98 20.73 20.45
traj-107:
38.64 38.07 36.35 34.41 33.56 31.84 30.97 29.32 28.20 26.31 24.73 25.18 25.21 25.25 25.61 26.83 28.53 30.52 31.60 32.81
24.12 24.17 24.29 24.36 24.35 24.49 24.57 24.80 24.83 24.98 25.57 27.44 28.90 29.50 31.30 32.01 32.00 32.11 32.09 32.08
traj-108:
36.81 35.91 34.01 33.42 31.67 30.21 28.48 26.68 25.47 24.90 24.56 24.36 24.13 23.66 23.41 23.43 23.37 23.39 23.52 23.81 23.88 24.02 24.11 23.09 21.35 19.44 18.41 17.54 16.48 16.25 14.76 13.99 12.95 13.26
23.09 23.09 23.08 23.12 23.08 23.10 23.15 23.03 22.37 20.61 19.35 18.31 16.97 15.24 14.33 13.07 12.07 11.68  9.88  8.41  6.85  5.43  3.73  3.39  3.20  3.40  3.49  3.59  4.38  4.57  5.79  6.58  7.25  8.51
traj-109:
34.97 34.68 32.71 30.72 29.86 28.19 26.76 25.28 23.79 23.65 23.37 23.02 22.05 20.87 19.18 18.25 16.30 15.59 14.25 12.66 11.43  9.48  7.99  6.55
24.25 24.33 24.50 24.59 24.65 24.75 24.86 25.66 25.96 25.70 23.93 22.11 20.74 20.58 19.56 19.40 19.43 19.55 19.65 19.99 20.20 20.45 20.70 20.93
traj-110:
38.52 37.41 35.72 35.15 33.15 32.04 30.64 28.92 27.54 26.66 25.46 25.27 24.79 24.48 23.66 23.38 21.73 21.07 20.94 19.45 18.30 17.42 15.54 14.07 12.34 11.51
24.38 24.49 24.65 24.69 24.84 24.85 24.87 24.89 24.82 24.86 26.44 26.97 28.79 29.80 31.47 31.58 32.35 32.68 32.95 33.81 33.90 33.88 33.89 33.70 34.32 34.64
traj-111:
33.61 32.19 31.42 30.02 28.84 27.02 25.32 24.68 24.08 23.57 23.22 23.31 23.36 23.40 23.42 23.43 24.06 24.26 23.98 23.59 22.23 20.78 19.34 17.87 17.00 15.37 15.14
24.23 23.94 23.88 23.71 23.43 23.05 22.20 21.11 20.11 18.23 16.96 15.21 14.37 12.83 11.07 10.77  8.98  7.90  6.14  4.71  3.26  3.34  3.38  3.52  3.65  3.25  3.06
traj-112:
34.42 32.43 30.71 28.96 28.14 26.65 24.88 24.15 23.45 23.24 21.54 19.71 17.90 16.37 15.51 13.89 13.24
24.91 24.81 24.81 24.72 24.67 24.57 23.92 22.38 20.80 20.59 19.64 19.66 19.75 19.43 18.87 17.87 17.38
traj-113:
34.92 33.61 32.28 30.76 28.90 27.11 26.81 25.70 25.14 24.79 24.50 24.37 24.31 23.51 21.63
23.27 23.44 23.34 23.30 23.28 23.31 23.28 24.11 25.22 26.59 28.44 30.38 30.98 32.52 32.93
traj-114:
36.68 35.59 34.10 33.07 31.22 29.85 28.06 26.07 24.54 23.49 23.46 23.46 23.18 23.15 23.20 23.12 23.21 23.32 23.63 23.80 24.05 24.18 24.43 23.38 23.23 22.19 20.31 19.43 17.95 16.89 16.43 15.35 14.38 12.77 11.40 10.12  9.28
23.96 23.72 23.30 23.29 23.25 23.35 23.32 23.47 23.54 22.23 21.68 21.38 19.53 18.49 17.08 15.55 14.32 13.34 11.46 10.35  9.07  8.36  6.49  4.98  4.72  3.16  3.41  3.56  3.72  4.87  5.63  7.24  7.35  7.41  7.17  6.67  6.32
traj-115:
36.87 35.14 34.58 32.62 30.92 29.11 27.29 25.67 25.52 24.90 23.94 22.12 20.95 19.48 18.59 16.80 15.48 15.00
24.73 24.70 24.72 24.71 24.73 24.74 24.77 24.68 24.10 22.29 20.61 20.49 20.39 20.26 20.19 20.46 21.27 21.62
traj-116:
36.82 34.88 33.11 31.34 30.14 28.41 26.81 25.58 24.10 23.77 23.61 23.35 23.25 22.70 21.64 19.89 19.32 17.46 15.59 15.13 13.22 12.08 10.79  8.94
24.27 24.24 24.12 24.06 24.02 23.95 23.67 24.22 25.06 26.96 27.91 29.58 30.18 32.07 32.49 32.71 32.76 33.20 33.71 33.75 33.93 33.99 34.12 34.47
traj-117:
36.83 35.99 34.23 33.67 32.21 30.43 29.33 27.35 25.60 25.43 24.92 24.44 23.74 23.49 23.46 23.46 23.50 23.53 23.67 24.08 24.22 24.17 23.84 22.74 20.89 19.13 17.66 16.21 14.65 13.51 12.93 11.18  9.49
24.63 24.83 24.83 24.85 24.86 24.83 24.75 24.70 24.42 23.72 22.06 20.29 18.44 17.56 15.68 14.16 13.68 11.89 11.62  9.97  8.00  6.55  4.59  3.47  3.27  3.49  3.59  4.55  5.68  7.15  8.33  9.18  9.68
traj-118:
35.93 34.79 33.62 31.87 30.72 28.76 27.88 26.18 24.33 23.46 23.09 22.26 20.84 19.47 18.58 16.85 15.30 14.10 13.98 12.36 10.50  9.55  7.59
24.64 24.56 24.58 24.62 24.71 24.69 24.55 24.41 24.24 22.87 22.08 20.69 20.43 20.33 20.23 20.10 20.61 21.89 21.88 22.87 22.71 22.56 22.24
traj-119:
38.59 36.71 35.15 34.26 32.51 30.58 29.10 27.16 25.68 25.46 24.62 24.17 23.65 23.54 23.20 22.27 21.18 20.01 19.14 17.17 16.87
23.28 23.31 23.43 23.50 23.75 24.27 24.15 24.03 24.69 24.90 26.62 27.90 29.44 30.30 31.21 32.05 33.11 33.77 34.05 34.06 34.11
traj-120:
38.07 36.09 34.46 32.53 30.85 28.93 27.28 25.70 25.43 25.38 25.38 24.77 24.78 24.80 24.78 24.71 24.55 24.54 24.28 24.13 23.28 21.37 20.78 19.02 17.84 16.24 15.72 15.45 13.69 11.95 10.14
23.33 23.13 23.17 23.10 23.14 23.04 23.12 22.26 20.81 19.34 17.89 16.20 14.55 13.15 11.98 10.81  8.93  7.62  6.21  5.65  4.07  3.50  3.38  3.36  3.54  4.61  4.89  5.00  5.78  6.60  7.32
traj-121:
34.77 34.47 32.70 31.45 29.80 28.26 26.97 25.86 25.48 24.97 22.99 21.62 20.87 19.46 18.12 16.54 15.77 15.58
23.65 23.64 23.46 23.44 23.26 23.19 23.17 22.34 21.56 20.04 19.97 20.10 20.17 20.32 20.51 20.81 21.88 22.67
traj-122:
34.61 33.46 31.75 29.77 28.07 26.36 24.87 24.05 23.49 24.22 25.28 26.56 27.38 28.66 30.18 31.87 32.93
24.92 24.94 24.83 24.76 24.71 24.66 25.24 26.68 27.88 29.69 31.27 32.12 32.16 32.21 32.87 33.91 34.83
traj-123:
34.51 33.33 31.60 29.80 28.02 26.73 25.61 24.88 24.90 24.79 24.63 24.37 24.25 24.18 24.25 24.09 23.96 23.57 23.30 22.31 21.43 19.95 19.35 17.88 16.70 14.72 12.91 11.93 10.17  8.31  6.83
24.78 24.59 24.37 24.16 24.16 23.94 23.55 21.77 20.14 18.21 16.37 14.46 13.42 11.64 10.30  8.60  7.84  6.42  4.82  3.21  3.24  3.38  3.43  3.55  3.55  3.64  3.73  3.86  4.16  4.47  4.84
traj-124:
38.99 37.57 36.72 35.02 33.88 32.16 30.42 28.71 27.88 25.91 24.15 23.53 23.12 21.36 19.88 18.14 16.42 15.16 13.31 12.73 11.69 11.58
24.48 24.51 24.54 24.61 24.67 24.74 24.89 24.86 24.84 24.75 23.88 22.41 21.75 20.88 20.66 20.73 20.80 20.67 20.58 21.26 22.76 23.76
traj-125:
39.09 38.16 36.55 35.25 33.51 32.47 30.64 29.88 27.91 26.76 25.59 25.40 24.67 23.99 23.64 23.37 22.64 21.81 21.05 19.72 18.44 17.13
24.03 23.77 23.15 23.29 23.40 23.38 24.02 24.49 24.81 24.92 26.17 26.73 28.44 30.07 30.80 30.92 32.69 33.70 34.69 35.11 35.55 36.20
traj-126:
39.00 37.28 35.31 33.33 32.14 30.15 28.43 27.14 26.13 24.75 24.41 24.18 24.32 24.65 24.49 24.35 24.27 24.37 24.62 24.89 25.02 24.52 24.15 22.83 21.34 19.88 18.41 17.22 16.44 14.52 13.66
24.47 24.50 24.70 24.90 24.88 24.85 24.85 24.79 24.64 24.42 22.53 20.68 19.91 18.19 16.45 15.29 14.17 12.31 10.91  9.58  8.07  6.44  5.33  3.84  3.42  3.50  3.60  3.78  4.18  4.72  5.19
traj-127:
34.87 33.44 32.01 30.82 29.12 27.70 26.53 25.17 24.97 24.54 23.81 23.20 21.71 20.01 18.31 17.43 15.95 15.06 14.17
24.57 24.68 24.83 24.82 24.88 24.86 24.82 24.49 24.26 23.89 22.62 21.32 20.73 20.58 20.69 20.76 20.67 21.40 22.83
traj-128:
36.82 35.07 34.32 32.46 31.12 30.03 28.75 26.90 25.32 24.93 24.20 24.35 24.91 25.05 25.27 24.01 23.06 22.13 20.53 19.19 17.69 16.79
23.09 23.13 23.16 23.25 23.24 23.34 23.51 23.73 24.54 24.75 26.41 26.67 28.52 29.10 30.87 32.29 33.13 33.40 33.29 33.15 32.51 32.12
traj-129:
37.35 36.77 35.04 33.22 31.34 29.50 28.75 27.06 25.48 25.46 25.38 25.44 25.45 25.39 25.31 25.01 25.01 24.83 24.72 24.33 24.24 22.54 20.66 19.20 18.32 17.73 16.76 15.90 14.41 13.09 11.40  9.41  8.41  6.61
24.01 23.85 23.61 23.48 23.29 23.20 23.21 23.19 22.33 20.89 19.14 17.39 16.39 14.78 13.02 11.10  9.65  7.71  6.46  4.77  4.48  3.59  3.36  3.52  3.65  3.77  4.94  5.95  5.87  5.90  5.80  5.95  6.02  6.17
traj-130:
34.76 33.35 31.91 30.53 28.58 26.89 25.29 24.06 23.04 22.12 20.39 18.62 16.65 15.34 14.04 12.84 11.00
24.33 24.35 24.41 24.65 24.71 24.78 23.63 23.00 22.35 20.67 20.62 20.55 20.70 20.95 21.35 20.22 19.92
traj-131:
34.62 33.49 31.50 29.81 27.82 26.36 25.63 25.80 25.70 25.56 26.35 28.02 29.70 30.83 31.87 32.71
24.91 24.88 24.87 24.85 24.81 24.75 25.17 26.96 28.94 30.36 32.01 32.66 32.48 32.23 32.79 33.61
traj-132:
37.69 37.14 35.27 33.76 32.20 31.38 29.66 29.20 27.37 26.98 25.22 24.44 24.16 23.79 23.42 23.53 23.73 23.90 23.86 23.88 23.53 23.37 23.22 23.30 23.34 23.36 22.49 21.10 20.20 18.72 17.03 15.66 14.50 12.71 11.23 10.68
23.65 23.69 23.79 23.87 23.98 24.09 24.30 24.38 24.70 24.70 23.98 22.18 21.65 20.10 19.06 18.26 16.62 15.02 13.25 12.70 11.01  9.56  8.15  7.05  5.51  4.79  3.32  3.20  3.20  3.23  3.43  4.11  4.66  5.55  6.26  6.50
traj-133:
38.14 36.28 35.02 33.15 31.44 31.14 29.16 27.25 26.36 24.93 23.74 22.41 21.04 20.28 18.57 17.00 15.71 14.46
23.52 23.32 23.26 23.26 23.22 23.23 23.12 23.13 23.08 21.89 20.90 19.87 19.53 19.34 19.17 19.32 19.39 19.43
traj-134:
38.92 38.11 36.68 35.50 34.06 32.48 31.50 30.38 28.39 26.94 25.83 25.73 25.84 25.92 25.67 23.95 22.45
24.71 24.74 24.78 24.84 24.82 24.80 24.78 24.84 24.90 24.92 26.41 28.15 29.91 31.70 33.25 33.90 35.22
traj-135:
36.08 34.62 34.08 32.16 30.41 28.42 26.86 25.71 25.33 23.99 23.70 23.43 23.39 23.46 23.70 23.80 24.08 24.30 24.28 24.28 24.29 24.53 24.33 24.41 23.08 21.31 20.41 18.94 17.18 16.88 16.47 15.45 14.83 14.37 13.96
23.46 24.12 24.33 24.82 24.78 24.86 24.90 26.25 26.87 25.41 24.23 22.55 21.12 19.37 17.44 16.00 14.13 13.31 11.68 10.43  8.51  6.66  5.32  3.72  3.16  3.09  3.04  3.09  3.16  3.16  3.77  4.46  5.76  6.65  8.35
traj-136:
36.69 35.82 34.14 32.19 30.22 28.23 26.80 25.48 24.43 23.57 22.18 20.56 19.39 17.90 16.25 14.75 13.89 12.23 10.60  9.50
24.64 24.69 24.77 24.75 24.75 24.77 24.68 23.70 22.74 21.76 20.54 20.54 20.55 20.55 20.84 21.68 22.17 22.93 23.63 24.06
traj-137:
33.72 32.58 31.42 30.23 28.47 27.06 25.33 25.36 25.43 25.62 25.66 26.30 27.95 29.37 31.30 32.32 33.30
24.88 24.90 24.86 24.84 24.81 24.80 25.74 27.74 28.33 30.10 30.40 32.02 32.07 32.11 32.63 33.12 33.57
traj-138:
38.99 37.67 36.08 34.52 33.14 32.09 30.32 30.02 28.07 26.30 24.96 24.84 24.71 24.67 24.65 24.57 24.70 24.79 24.79 24.87 24.90 24.13 23.07 22.19 21.62 19.71 17.95 17.36 16.26 14.92 13.71 12.43 12.13 10.32 10.18  9.09  8.70  7.67  6.72
23.55 23.44 23.35 23.26 23.08 23.08 23.04 23.05 23.05 23.08 21.84 20.46 18.55 17.08 15.95 14.73 12.93 11.18 10.16  8.99  7.10  5.40  4.19  3.35  3.38  3.36  3.51  3.57  5.03  6.33  7.18  8.00  8.40  7.82  7.56  6.10  5.69  4.66  3.55
traj-139:
33.85 32.99 31.10 30.29 28.69 28.18 26.34 25.53 24.21 23.62 22.23 20.36 18.64 16.69 15.10 13.78 11.88 10.08  9.84
23.73 23.82 23.94 23.81 23.51 23.42 23.08 22.67 22.25 21.63 20.38 20.31 20.20 20.28 20.59 21.11 21.59 22.37 22.56
traj-140:
37.12 36.82 35.05 33.25 31.38 30.07 29.06 27.19 25.49 25.00 23.46 23.44 23.45 23.44 24.31 25.03 26.67 28.09 30.03 31.77
23.50 23.52 23.43 23.43 23.37 23.30 23.29 23.22 23.13 22.90 24.01 24.98 26.56 28.50 29.86 31.10 32.13 32.18 32.24 32.23
traj-141:
37.69 35.98 34.53 33.65 32.22 31.37 30.20 28.21 27.06 25.36 25.14 25.01 24.92 24.31 24.38 23.68 23.71 23.37 23.38 23.28 23.34 23.36 23.37 23.06 22.22 21.05 19.27 18.09 16.90 15.01 13.59 11.85 10.97  9.19
24.59 24.68 24.74 24.79 24.81 24.84 24.83 24.79 24.72 24.59 22.85 21.24 20.67 19.21 18.94 17.19 16.04 15.14 13.20 11.26  9.29  7.38  5.76  4.62  3.07  3.11  3.17  3.21  3.24  3.18  3.13  3.24  3.28  3.33
traj-142:
37.38 35.93 34.47 33.30 31.59 30.76 29.01 27.53 26.93 25.46 24.90 23.93 22.91 21.60 20.19 18.92 17.67 16.23 14.74 13.46 11.82  9.90  9.26  8.11  7.25  5.69
24.83 24.84 24.83 24.83 24.88 24.91 24.93 24.83 24.77 23.80 22.15 21.23 20.39 20.23 19.92 19.59 19.36 19.58 20.17 20.98 21.10 21.15 20.71 19.84 19.15 17.91
traj-143:
35.19 34.43 32.93 31.19 30.89 29.45 28.11 27.29 25.68 25.29 24.48 25.00 26.49 28.21 29.56 30.83
24.04 23.75 23.22 23.19 23.19 24.22 24.70 24.97 25.86 27.53 29.26 31.19 32.14 32.91 33.74 34.35
traj-144:
34.54 32.87 31.16 30.31 28.58 27.72 26.05 25.21 24.16 24.37 24.57 24.59 24.62 24.78 24.86 25.00 25.17 25.12 25.07 24.39 23.67 23.00 21.33 19.57 18.98 17.26 15.91 14.52 13.37 11.85 10.44
24.45 24.70 24.83 24.78 24.79 24.81 24.78 24.80 23.15 21.36 19.49 17.88 17.41 15.62 15.03 13.10 11.40  9.91  7.93  6.13  4.60  3.89  3.35  3.57  3.69  3.89  4.32  5.48  6.22  7.52  8.65
traj-145:
37.20 36.33 34.62 33.44 31.74 30.03 29.44 27.51 25.98 24.83 23.89 23.01 21.42 20.55 18.82 18.52 16.67 14.80 12.90
24.88 24.88 24.90 24.86 24.83 24.74 24.68 24.62 23.86 22.56 21.10 20.37 19.37 19.31 19.51 19.51 19.55 18.89 18.27
traj-146:
37.62 36.03 34.09 32.20 30.28 28.71 27.48 25.88 25.85 24.98 25.34 25.46 25.54 26.71 27.25 28.66
23.02 23.03 23.12 23.07 23.25 23.30 24.05 25.11 25.40 26.95 28.37 30.36 31.39 32.01 32.11 33.35
traj-147:
33.88 32.33 30.65 29.43 27.88 27.01 25.72 25.51 25.34 24.98 24.43 24.13 24.06 23.67 23.58 23.52 23.47 23.42 23.37 23.39 22.08 20.60 19.72 17.99 16.40 14.73 13.07 11.85 11.46
23.95 23.72 23.53 23.25 23.07 23.01 22.26 20.48 18.74 17.56 16.08 14.87 13.50 11.86 11.41  9.50  8.90  7.03  5.87  4.57  3.10  3.30  3.42  3.70  4.57  5.56  6.30  5.26  4.02
traj-148:
38.12 37.54 36.00 35.45 33.60 31.95 30.12 29.01 27.01 26.71 25.00 24.09 23.08 21.26 19.51 18.02 16.57 14.99 14.75 12.77 10.86  9.37
24.12 23.97 23.64 23.52 23.35 23.12 23.33 24.13 24.23 24.22 23.78 22.71 21.59 20.94 20.93 20.95 20.95 21.92 22.10 22.07 21.84 20.73
traj-149:
37.29 35.58 35.03 33.32 32.45 30.47 28.75 27.30 26.43 24.98 24.59 24.38 23.70 23.18 22.20 20.74 20.49 18.83 17.21 16.08 14.70 13.92
24.26 24.54 24.62 24.76 24.79 24.87 24.95 24.97 24.97 26.24 27.52 28.36 30.24 31.35 32.22 33.20 33.36 33.94 34.66 34.85 35.28 35.51
traj-150:
37.57 35.97 34.58 33.55 32.25 31.25 29.35 29.05 27.32 26.10 24.78 23.64 23.58 23.51 23.44 23.13 23.20 23.30 23.37 23.27 23.19 23.43 23.37 22.42 20.65 18.90 17.15 15.36 13.47 11.68 10.03  9.36
23.29 23.24 23.26 23.30 23.29 23.29 23.22 23.21 23.27 23.03 22.33 20.91 20.09 18.70 17.59 15.95 15.08 13.18 11.45  9.46  7.58  5.66  5.37  3.78  3.58  3.60  3.73  3.91  4.13  4.33  3.98  3.85
traj-151:
36.07 34.16 33.03 31.35 29.42 28.22 26.25 25.66 24.04 23.21 21.51 19.74 18.91 17.12 16.42 15.34 15.29
23.92 23.57 23.25 23.18 23.10 23.02 23.06 23.12 22.66 20.86 19.88 20.15 20.25 20.47 20.86 21.99 23.69
traj-152:
34.05 32.32 30.60 28.61 27.42 25.69 25.31 24.43 23.31 23.06 21.65 19.90 18.74 17.86 16.40 15.13 13.24 12.36 10.48
24.77 24.84 24.83 24.87 24.84 25.70 26.99 28.74 29.76 31.74 33.05 32.63 32.40 32.39 32.55 32.70 33.03 33.17 33.49
traj-153:
37.19 35.74 34.91 32.98 32.69 31.03 30.36 28.68 26.70 25.35 25.07 24.66 24.38 23.94 23.69 23.44 23.41 23.50 24.38 24.84 24.59 23.72 23.10 21.46 19.69 17.95 17.65 16.35 15.97 15.56
23.93 23.67 23.59 23.38 23.40 23.37 23.26 23.11 23.20 22.12 20.79 19.39 18.34 17.34 15.61 13.88 12.11 10.90  9.50  7.83  6.26  4.98  3.93  3.29  3.48  3.71  3.74  5.21  6.58  7.95
traj-154:
39.19 37.26 36.02 34.28 32.83 31.09 29.14 27.51 26.15 24.71 23.57 23.02 22.07 21.18 19.40 17.65 16.59 14.88 13.10 12.43 11.24  9.33
24.49 24.60 24.72 24.64 24.54 24.51 24.57 24.58 24.62 24.00 23.23 22.30 20.77 20.85 20.76 20.81 20.87 20.94 21.28 21.59 22.23 21.81
traj-155:
37.82 36.46 34.73 33.61 31.88 30.18 28.77 27.07 25.41 25.45 25.55 25.57 25.70 27.34 28.66 29.86 30.65 32.19
24.00 24.62 24.85 24.80 24.72 24.67 24.54 24.37 25.45 27.22 28.71 29.57 31.01 32.14 32.33 33.45 34.30 35.39
traj-156:
38.65 37.56 35.86 34.52 33.10 31.35 30.18 29.31 27.86 26.73 25.83 25.41 24.18 23.95 23.14 23.41 23.56 23.78 24.14 24.36 24.67 24.75 24.80 24.83 24.96 25.04 25.08 24.81 24.43 24.15 22.75 22.45 20.71 19.83 18.08 16.91 15.33 13.98 12.26 11.29  9.69  8.10
24.65 24.68 24.70 24.70 24.73 24.80 24.82 24.88 24.93 24.98 25.52 26.25 27.64 27.44 25.78 24.24 23.00 21.56 19.67 18.97 17.52 16.03 14.60 13.13 11.69  9.94  8.74  7.02  5.30  4.49  3.35  3.39  3.52  3.53  3.64  3.73  4.82  5.49  6.32  6.84  7.90  8.69
traj-157:
38.77 37.05 35.61 34.16 33.02 31.28 30.69 28.97 27.85 26.24 24.97 23.21 23.12 23.11 23.12 22.95 21.24 19.53 19.23 17.35 16.17 15.00 13.44 11.95 10.45
24.62 24.62 24.79 24.88 24.87 24.88 24.88 24.94 24.93 24.97 26.17 25.29 23.55 22.68 21.19 20.95 20.19 20.36 20.42 20.74 20.75 20.80 19.66 18.43 17.12
traj-158:
34.97 33.17 31.53 30.51 28.55 26.81 25.67 25.06 24.38 24.97 25.77 26.23 27.10 28.55 29.08 30.64 31.83 33.58
23.49 23.15 23.15 23.15 23.27 24.06 25.68 26.94 28.27 30.15 31.94 32.63 33.92 34.94 35.53 36.28 36.44 36.72
traj-159:
34.52 33.31 31.37 29.71 28.33 26.69 25.04 24.62 23.99 23.98 23.80 23.48 23.37 23.31 23.28 23.28 23.31 23.42 23.49 23.55 23.44 22.55 21.06 19.29 18.15 16.70 14.91 13.24 11.42  9.74  7.77
23.73 24.00 24.31 24.64 24.75 24.67 23.59 22.31 20.75 20.20 18.45 16.62 14.88 13.82 12.29 10.90  9.93  7.97  6.60  5.76  4.70  3.05  3.12  3.13  3.13  3.11  3.34  3.69  3.97  4.40  4.54
traj-160:
34.45 32.47 30.72 28.99 27.27 26.69 25.19 24.57 23.79 23.10 22.05 20.51 19.12 17.48 15.85 15.05 13.68 13.94 14.15
24.82 24.84 24.82 24.64 24.73 24.76 23.76 22.87 21.72 21.07 20.17 19.24 19.46 20.03 20.29 20.54 21.51 23.39 23.92
traj-161:
37.75 36.30 34.35 33.17 31.74 30.34 28.37 26.91 25.77 25.66 25.68 25.72 25.73 24.73 23.41
24.12 24.27 24.46 24.53 24.69 24.87 24.93 24.93 26.08 27.82 28.72 30.19 31.67 33.20 33.97
traj-162:
39.17 37.39 35.47 33.76 32.16 30.48 28.55 26.80 25.53 25.30 24.45 23.90 23.70 23.66 23.66 23.54 23.61 23.61 24.05 24.18 24.29 23.31 22.84 21.07 19.91 19.02 17.83 16.60 15.70 14.26 13.35
23.87 23.54 23.45 23.40 23.34 23.20 23.12 23.08 22.38 21.88 20.10 18.37 17.43 16.13 14.39 12.74 11.15  9.26  7.47  6.99  5.37  3.96  3.76  3.55  3.63  3.68  3.71  5.04  6.54  6.98  7.50
traj-163:
35.27 34.10 32.34 30.59 28.92 27.28 25.99 25.76 24.26 23.33 23.22 23.12 22.29 20.45 18.97 17.33 15.49 14.64 12.72 12.18 10.46  9.26  7.82
24.65 24.75 24.93 24.94 24.94 24.87 24.95 25.15 26.38 24.87 23.12 21.99 20.51 20.08 19.64 19.40 19.59 19.73 19.64 19.44 18.63 18.55 18.97
traj-164:
33.63 32.44 30.73 29.99 28.15 27.02 25.48 25.47 25.59 25.69 25.72 27.28 27.87 29.55 30.58
24.33 24.20 23.98 23.97 23.97 24.17 25.02 27.00 28.79 30.79 31.09 32.17 32.10 32.67 33.50
traj-165:
36.05 34.21 33.22 31.91 30.92 28.93 27.09 25.39 25.22 25.34 25.54 25.73 25.77 25.53 25.47 25.05 24.92 24.83 24.69 24.62 24.14 22.46 21.00 20.42 18.67 17.78 16.67 15.97 14.29 13.04 11.76 10.00
23.29 23.37 23.33 23.25 23.19 23.07 23.08 22.20 20.78 19.30 17.54 15.59 13.94 12.19 11.90 10.08  8.63  7.74  6.30  5.43  4.05  3.20  3.38  3.47  3.65  3.69  4.39  4.91  5.02  5.05  5.09  5.22
traj-166:
38.00 36.89 35.02 33.54 32.70 31.42 29.61 28.13 27.21 27.10 25.39 24.14 23.14 23.03 22.04 20.27 19.97 18.02 16.11 15.82 14.65 14.08 12.70 11.60  9.75  8.08
23.89 23.75 23.62 23.51 23.44 23.26 23.23 23.11 23.30 23.58 24.20 23.78 22.32 21.75 20.17 20.20 20.21 20.41 20.26 20.20 21.66 22.79 24.10 24.22 24.53 24.84
traj-167:
38.77 37.33 35.56 35.26 33.48 32.62 31.06 30.14 29.89 27.99 26.80 25.17 24.06 23.31 23.51 23.27 23.23 21.67 20.95 19.44 17.70 15.99 14.48
23.73 23.53 23.49 23.49 23.40 23.37 23.38 24.03 24.20 24.54 24.60 25.46 25.87 27.49 28.91 30.84 31.43 32.20 32.34 32.69 33.40 34.00 34.40
traj-168:
37.74 36.05 35.37 33.84 31.85 31.09 29.77 27.94 26.34 25.31 24.84 24.42 24.38 24.09 23.99 23.66 23.42 23.17 23.11 23.23 23.02 23.04 22.09 20.36 19.77 18.33 17.48 16.31 14.67 13.46 11.63 10.82  9.62  8.21  6.50  5.17
23.13 23.18 23.21 23.24 23.35 23.33 23.41 23.50 23.68 22.40 20.62 19.10 17.91 16.24 15.71 13.79 11.98 10.90  9.34  8.68  6.71  5.15  3.84  3.75  3.71  3.69  3.73  3.80  3.90  4.01  4.28  4.40  4.20  4.12  3.64  3.41
traj-169:
33.78 31.89 30.07 29.05 28.87 27.12 26.53 24.97 24.02 22.81 21.00 20.41 18.63 18.05 16.33 15.04 14.17 12.61
23.88 23.52 23.24 23.41 23.65 23.86 23.93 22.86 22.01 20.88 20.47 20.45 20.41 20.37 20.52 20.79 20.91 21.96
traj-170:
36.20 34.45 32.72 31.60 30.44 28.47 26.72 25.77 25.41 25.30 25.22 25.43 25.48 25.19 23.45 21.77 20.56 18.76 18.07 17.01 15.81
24.97 24.96 24.96 24.98 24.95 24.94 24.89 26.46 27.45 28.63 29.96 31.33 32.61 33.62 33.59 33.57 33.59 33.62 34.25 35.55 36.65
traj-171:
35.06 35.36 34.08 32.61 30.82 28.96 27.31 25.68 25.25 25.06 24.99 24.92 24.88 24.79 24.44 24.17 24.08 23.85 23.68 23.38 23.22 22.27 20.50 19.03 17.87 16.71 16.37 15.94 15.87 14.77
24.86 24.80 23.89 23.86 23.79 23.72 23.60 23.02 22.24 20.36 19.30 17.51 15.99 14.44 12.85 11.07 10.26  8.96  7.29  5.53  4.73  3.31  3.50  3.74  3.84  3.97  5.50  7.29  8.18  9.25
traj-172:
34.07 32.63 31.60 29.62 28.80 26.83 24.96 24.52 23.27 22.50 20.74 19.44 18.31 16.32 14.90 13.00 12.20 11.25 10.73 10.58 10.85
23.06 23.06 23.10 23.16 23.10 23.06 22.40 22.04 21.12 20.49 19.87 19.58 19.39 19.39 20.03 20.28 21.07 22.03 22.48 23.94 24.06
traj-173:
36.88 35.45 33.76 32.02 30.26 28.56 26.61 25.17 23.34 23.15 23.12 23.28 23.31 22.71 21.23 20.66
24.25 24.32 24.32 24.29 24.29 24.58 24.66 24.69 24.97 26.81 27.40 29.15 30.59 32.23 32.53 32.59
traj-174:
38.23 36.24 34.27 32.34 32.26 30.53 29.13 27.43 25.76 25.00 24.39 24.07 23.64 24.07 24.51 24.65 24.81 24.97 24.96 24.90 24.67 24.45 24.42 24.17 22.95 21.76 19.99 18.25 17.95 16.31 14.78 14.02 13.08 11.72 10.01  8.93  7.04
24.38 24.52 24.78 24.72 24.71 24.65 24.40 24.19 23.71 22.59 21.45 20.68 19.22 17.82 16.01 14.97 13.80 11.90 10.71  9.54  8.17  6.94  5.47  4.53  3.13  3.20  3.37  3.52  3.58  4.58  5.60  6.23  6.80  7.06  7.49  7.81  7.96
traj-175:
37.84 36.25 35.65 34.22 32.57 31.00 29.06 27.31 26.56 24.88 23.15 23.04 21.24 19.79 17.80 16.05 15.00 13.87 13.02
23.27 23.24 23.22 23.24 23.23 23.50 23.26 23.12 23.18 22.51 21.54 21.25 20.68 20.78 20.91 20.77 20.66 21.02 22.44
traj-176:
39.17 37.42 35.65 34.80 33.05 31.88 30.98 29.81 28.41 27.23 25.26 24.16 23.61 23.97 23.94 23.85 23.18 21.94 21.37 19.74 18.41 17.32
24.58 24.79 24.85 24.86 24.86 24.87 24.86 24.83 24.73 24.65 24.54 26.17 27.47 28.88 30.07 30.90 32.43 33.65 34.20 35.06 35.74 36.26
traj-177:
38.34 37.34 36.21 34.58 33.13 31.95 30.48 29.59 27.86 26.22 25.96 25.91 25.65 25.38 25.35 25.27 25.29 25.29 25.28 25.20 24.26 23.39 23.28 23.15 23.04 22.06 20.59 18.81 17.67 15.81
23.60 24.17 24.50 24.88 24.86 24.91 24.89 24.89 24.89 23.90 24.04 23.75 23.24 21.50 20.91 19.18 18.88 17.15 15.37 13.65 12.01 10.26  8.45  7.18  5.26  3.58  3.77  3.89  3.75  3.46
traj-178:
36.09 34.92 34.06 32.60 30.87 28.90 27.71 26.84 25.63 24.38 23.65 22.35 20.42 18.99 18.10 16.96 15.39 14.73 14.45 12.82 10.95  9.72  8.08  6.86  6.52  5.39
24.95 24.91 24.91 24.90 24.85 24.85 24.80 24.80 23.94 22.43 21.52 20.65 20.72 20.74 20.77 20.79 21.68 22.30 22.20 21.55 21.00 21.26 21.87 22.92 23.22 24.33
traj-179:
38.49 38.01 36.24 35.45 33.72 31.97 30.52 29.34 28.50 26.74 25.21 24.86 23.49 23.55 23.48 23.15 21.68 20.63 19.06 17.40 16.37 15.26
23.49 23.70 24.32 24.61 24.92 24.89 24.87 24.86 24.86 24.86 25.90 26.64 27.75 28.34 29.76 31.38 32.07 33.16 34.16 35.06 35.69 36.37
traj-180:
35.01 33.24 32.08 30.63 29.39 28.12 27.19 25.56 24.89 24.32 24.15 23.79 23.68 23.59 23.65 23.61 23.41 23.13 23.15 23.10 22.01 20.27 19.04 17.37 16.17 15.85 15.48
23.03 23.14 23.11 23.21 23.22 23.19 23.16 22.28 20.68 18.80 17.56 16.38 14.56 13.18 11.78 10.32  8.35  6.78  5.52  4.95  3.44  3.40  3.45  3.71  5.23  6.94  8.74
traj-181:
37.77 36.31 34.59 32.88 30.88 29.42 27.97 27.13 25.35 24.23 23.07 22.40 20.83 19.71 18.20 16.64 15.04 14.04
24.58 24.56 24.67 24.78 24.80 24.87 24.82 24.79 23.97 22.46 21.19 20.30 19.17 19.23 19.52 20.07 20.42 20.58
traj-182:
35.09 34.27 33.09 31.65 29.78 28.14 26.34 25.52 25.62 25.47 25.21 24.62 23.85 23.20 21.44 19.95 18.08 17.11 15.53 15.30 14.31
24.05 23.90 23.68 23.46 23.28 23.59 23.88 25.52 27.21 29.11 29.94 31.65 33.20 33.11 32.85 32.69 33.30 33.52 34.61 35.27 36.23
traj-183:
36.28 34.58 34.02 32.38 30.95 29.31 27.67 27.06 25.52 24.48 23.68 23.54 23.48 23.54 23.64 23.54 23.80 24.23 24.00 23.52 23.30 21.62 20.14 19.85 18.10 17.51 15.91 14.93 13.58 12.33 10.63 10.02
24.07 23.96 23.87 23.62 23.35 23.23 23.14 23.13 22.32 21.01 20.01 18.17 16.39 14.47 12.68 10.95  9.10  8.05  6.61  4.95  4.09  3.32  3.55  3.62  3.71  3.67  4.20  4.78  5.17  5.57  4.54  4.07
traj-184:
34.19 32.25 30.83 28.86 26.89 25.26 24.40 23.05 22.32 21.57 20.21 18.99 17.81 16.95 15.37 14.52 12.71 11.98 11.01  9.88  8.93  7.21  5.76
24.13 24.39 24.56 24.66 24.70 23.81 23.18 21.72 20.55 20.21 19.48 19.35 19.21 19.25 18.41 17.68 18.47 19.44 21.06 22.28 23.40 24.33 24.46
traj-185:
35.24 33.56 31.57 29.81 27.83 25.94 25.39 24.05 23.35 23.50 23.30 23.03 22.83 22.70 23.44 25.08 25.67
24.84 24.84 24.80 24.81 24.79 24.73 24.83 26.04 27.38 29.12 30.72 32.26 33.16 34.38 35.74 36.20 36.28
traj-186:
36.49 35.26 33.41 32.41 30.95 30.40 28.41 26.58 24.77 23.75 23.98 23.93 23.87 23.64 23.50 23.18 23.22 23.24 23.05 23.04 23.12 22.07 20.59 19.13 17.40 16.94 15.59 14.26 12.70 11.15 10.39
23.64 23.55 23.38 23.32 23.22 23.16 23.21 23.22 22.44 21.00 19.15 17.41 16.37 14.55 12.77 10.88 10.42  9.04  7.37  6.58  5.19  3.59  3.52  3.64  3.90  4.18  5.34  6.58  7.37  8.50  8.86
traj-187:
38.72 37.59 36.15 34.24 33.16 31.28 29.65 27.71 26.53 25.17 24.95 24.16 22.97 21.38 19.62 18.07 16.16 14.98 13.21 12.93 11.21  9.50  8.69
23.66 23.56 23.43 23.13 23.22 23.29 23.45 23.56 24.17 22.82 22.29 20.75 19.38 19.10 19.25 19.53 20.12 21.46 20.86 20.94 21.33 20.68 20.32
traj-188:
36.93 35.53 34.93 33.17 31.84 30.67 28.92 28.01 26.08 25.47 24.03 23.10 23.07 23.08 23.77 24.73 25.78 27.01 27.93
23.33 23.18 23.15 23.06 23.10 23.16 23.16 23.12 23.10 23.12 23.15 24.58 26.54 27.42 28.98 30.35 31.89 33.32 35.00
traj-189:
35.03 33.15 31.68 30.55 28.56 26.83 24.88 24.83 24.64 24.60 24.26 24.41 24.67 24.72 24.51 24.52 24.52 24.33 23.98 23.52 23.02 21.18 19.19 18.21 16.74 14.96 13.40 11.79 10.22  8.80  7.27  5.53  5.02
24.44 24.80 24.81 24.84 24.81 24.81 24.60 22.83 21.01 20.71 18.87 17.00 15.32 15.02 13.08 11.39 10.49  8.54  7.44  5.76  4.08  3.36  3.58  3.68  3.84  4.59  5.25  5.90  6.48  6.94  7.51  7.75  8.06
traj-190:
34.22 32.34 31.23 29.34 28.48 26.56 25.40 23.74 22.39 21.27 20.98 19.26 17.46 15.80 14.60
23.35 23.28 23.24 23.15 23.12 23.02 22.40 21.54 20.59 20.08 20.01 20.02 20.39 20.20 20.24
traj-191:
35.80 34.04 32.32 30.35 28.37 26.89 25.60 25.32 25.14 25.14 25.11 24.03 22.54 21.08 19.92 18.25
24.93 24.89 24.90 24.94 24.99 24.98 26.49 27.58 28.54 29.92 31.79 32.87 33.55 33.47 33.24 32.90
traj-192:
37.78 36.89 35.73 33.79 32.34 31.18 30.03 28.66 27.04 25.87 24.79 24.31 23.60 23.38 23.42 23.47 23.49 23.63 23.62 24.29 24.03 23.99 24.12 23.80 23.55 23.09 22.23 20.31 18.57 17.99 16.27 15.83 14.59 12.80 11.37 10.78  9.21  7.93
23.05 23.09 23.11 23.14 23.20 23.24 23.30 23.30 23.32 23.23 22.24 21.74 20.41 19.79 18.22 16.41 15.59 14.22 13.92 12.09 10.26  9.67  8.18  6.81  6.15  4.62  3.16  3.35  3.55  3.63  4.62  5.13  6.67  7.43  7.91  8.11  8.39  8.45
traj-193:
38.24 36.37 34.82 33.35 31.89 29.92 28.77 26.77 25.65 24.87 23.21 23.23 23.14 23.04 22.05 21.10 19.15 17.23 15.39 14.64 13.05 12.05 10.76  9.63  7.67
24.48 24.70 24.89 24.70 24.57 24.58 24.61 24.70 24.80 25.05 24.18 23.88 22.06 21.48 19.96 19.53 19.36 19.09 19.01 18.78 19.89 20.90 22.36 23.08 23.38
traj-194:
36.92 35.91 34.03 32.26 31.18 29.46 27.75 26.57 25.38 25.38 25.47 25.74 27.04 27.59 29.26 30.31 31.83 32.07
23.53 23.70 23.65 24.36 24.64 24.79 24.80 24.94 26.24 27.89 29.64 31.28 32.04 32.10 32.66 33.47 34.55 34.73
traj-195:
38.02 36.26 34.71 32.98 32.08 30.33 28.41 26.77 25.79 25.39 25.17 24.58 23.85 23.52 23.66 23.51 24.29 23.88 23.23 23.01 22.04 21.74 19.97 18.20 16.57 15.34 14.42 13.01 11.37  9.68  8.95  7.75  6.89
23.12 23.07 23.05 23.16 23.16 23.15 23.14 23.20 22.05 20.47 19.00 17.22 15.42 13.72 12.51 10.64  9.14  7.48  6.02  5.51  3.82  3.83  3.90  3.88  3.85  5.21  6.44  7.10  6.99  6.83  6.62  6.29  5.98
traj-196:
37.91 37.11 35.40 33.47 31.64 29.74 27.77 26.52 25.01 24.78 23.50 22.01 20.59 18.91 17.35 15.45 15.15 13.44 11.88 10.21  8.33  7.22
23.41 23.46 23.43 23.54 23.52 24.08 23.97 23.06 22.13 21.95 20.59 19.47 19.33 19.54 19.79 20.17 20.13 20.80 21.21 21.20 20.60 19.08
traj-197:
36.40 34.86 34.33 32.40 31.48 29.51 27.64 26.01 25.64 23.85 23.08 23.18 23.18 23.31 23.16 22.66 21.25 19.33 18.03 16.49 15.92
23.47 23.39 23.34 23.31 23.29 23.58 24.19 24.47 24.52 24.95 25.42 27.39 28.26 29.97 31.16 32.86 34.26 34.39 35.32 36.21 36.35
traj-198:
35.11 34.30 32.84 32.00 30.39 28.53 27.34 25.87 25.29 24.88 24.87 24.65 24.73 24.51 24.57 24.55 24.66 24.58 24.57 24.32 23.84 23.46 21.70 20.22 18.46 16.78 15.86 14.45 12.46 11.34  9.85  8.43  6.47  5.26
24.29 24.54 24.61 24.58 23.96 23.66 23.41 23.14 21.26 19.49 18.92 17.00 16.12 14.93 13.88 12.57 11.46 10.38  8.60  7.14  5.50  4.20  3.41  3.62  3.80  3.99  4.35  5.36  5.30  5.08  4.84  4.61  4.40  4.29
traj-199:
35.78 33.85 32.17 30.96 29.27 28.83 26.90 25.23 24.21 23.16 22.91 21.70 19.96 18.16 16.51 15.93 15.32 13.71 12.26 10.95 10.32
23.02 23.12 23.39 23.54 23.77 23.83 23.99 23.44 22.36 20.82 20.65 20.05 19.74 19.35 19.17 19.07 18.62 18.22 19.26 20.18 21.15
traj-200:
39.08 37.64 36.78 35.13 33.14 31.70 30.25 29.09 27.10 26.52 25.44 24.64 24.50 23.63 23.62 22.88 22.63 20.80 20.50 18.58 16.74 14.88 13.65
24.54 24.60 24.64 24.71 24.79 24.83 24.85 24.81 24.67 24.70 25.49 27.17 28.01 29.70 30.58 32.23 32.38 32.69 32.67 32.95 33.40 34.02 34.15
traj-201:
38.39 37.34 35.37 33.50 32.09 30.59 29.25 27.87 26.86 25.22 24.83 24.33 24.28 24.27 23.94 24.04 24.18 24.12 23.98 24.07 24.00 22.56 21.02 19.55 17.77 16.68 15.82 15.15 14.43 14.24
24.09 24.00 23.82 23.53 23.59 23.54 23.71 23.55 23.39 22.42 20.53 18.64 16.91 15.09 13.33 12.11 10.24  8.89  7.56  5.66  4.64  3.50  3.19  3.39  3.62  3.78  4.03  5.23  6.79  7.36
traj-202:
35.80 34.18 32.75 31.02 30.72 28.77 27.92 25.95 24.61 23.81 23.21 21.69 19.95 18.24 16.49 15.65 14.18 12.23 11.04  9.60  9.04  7.68  6.32
24.42 24.82 24.79 24.68 24.66 24.73 24.74 24.41 23.81 22.69 21.35 20.61 20.61 20.59 20.46 20.44 20.44 20.45 21.29 22.44 23.13 24.41 24.69
traj-203:
35.89 34.18 33.02 31.86 30.21 28.49 26.50 24.65 24.17 23.11 23.08 23.07 23.68 24.43 25.15 25.63 26.34
24.85 24.84 24.85 24.82 24.79 24.67 24.54 24.41 24.40 25.98 26.86 28.04 29.92 31.13 32.16 33.21 34.80
traj-204:
36.91 35.46 33.72 32.54 30.81 29.66 27.94 27.06 25.90 25.82 24.94 24.59 24.29 24.29 24.09 24.13 24.08 24.23 24.40 24.52 24.20 24.02 23.65 22.77 21.14 20.26 18.53 18.23 16.44 15.26 14.43 13.17 11.82 10.36  9.63
24.95 24.80 24.81 24.71 24.72 24.72 24.81 24.82 24.85 24.56 22.78 22.21 20.88 20.04 18.10 16.54 14.60 12.62 11.01  9.65  7.76  6.61  5.23  3.94  3.40  3.60  3.77  3.78  3.85  3.93  3.75  3.54  3.36  3.06  3.10
traj-205:
34.46 33.09 31.49 30.57 29.44 28.27 26.69 25.17 23.95 23.36 21.47 19.91 18.18 17.58 15.91 15.30 13.58 12.77 11.51 10.58  8.74  7.81
24.15 23.71 23.51 23.31 23.10 23.11 23.03 22.06 21.38 21.03 20.76 20.82 20.47 20.37 21.27 21.91 22.83 22.48 21.97 21.58 22.21 22.05
traj-206:
34.48 33.07 31.68 30.80 29.66 27.95 26.83 25.32 25.12 25.00 25.80 27.18 28.35 29.44
24.81 24.77 24.86 24.87 24.89 24.91 24.93 25.71 27.63 29.56 31.32 32.13 32.12 32.27
traj-207:
38.11 36.76 35.46 33.72 32.89 31.26 29.57 27.82 26.24 25.03 24.67 24.20 24.05 24.01 23.76 23.73 23.60 23.64 24.10 24.89 24.65 24.42 24.31 23.32 21.91 20.44 18.70 17.25 16.69 15.42 15.25 14.82 14.92 14.81
24.99 24.94 24.90 24.90 24.89 24.83 24.91 24.93 23.93 22.63 22.01 20.28 18.30 17.41 15.47 14.96 13.24 11.98 10.28  9.03  7.34  5.58  4.99  3.58  3.31  3.37  3.52  3.68  4.24  4.70  5.10  6.86  8.65  8.93
traj-208:
36.34 34.83 32.95 31.44 30.60 28.70 27.55 26.57 25.15 24.63 24.01 22.86 22.35 20.47 18.50 17.08 16.94 15.14 14.25 12.53 11.45
23.54 23.42 23.32 23.25 23.22 23.52 23.71 23.91 23.29 22.46 21.58 20.05 19.49 19.16 19.09 19.14 19.41 19.47 19.43 19.49 19.80
traj-209:
34.13 33.25 31.84 30.13 29.28 27.86 26.71 24.91 24.39 23.16 23.13 23.68 24.00 25.40 26.47 27.06 28.52
24.47 24.57 24.72 24.82 24.84 24.88 24.92 25.72 26.55 27.48 28.75 30.28 31.00 31.46 32.17 32.15 32.68
traj-210:
34.27 33.10 31.67 30.88 29.44 27.47 25.55 24.95 24.85 25.03 25.21 25.36 25.33 25.26 25.13 24.97 24.85 24.79 24.25 24.16 23.09 21.27 20.10 18.93 17.27 16.21 15.39 13.74 12.19 11.16  9.55  8.09  6.86
23.61 23.66 23.64 23.59 23.42 23.40 23.29 21.76 20.49 18.73 17.88 16.16 14.21 13.62 11.88 10.14  8.79  7.04  5.38  5.09  3.61  3.36  3.52  3.64  3.95  4.51  5.55  6.54  6.97  7.36  7.84  8.41  8.98
traj-211:
37.53 36.81 35.35 33.88 32.18 30.43 28.74 26.96 25.49 23.79 23.13 23.08 22.09 20.63 19.78 18.06 16.30 15.65 14.18 12.39 11.75 10.23  8.52  7.40  6.80  5.71
24.40 24.48 24.69 24.75 24.82 24.84 24.88 24.80 24.44 24.32 22.56 22.00 20.40 20.47 20.60 20.87 20.82 21.21 21.75 21.44 21.34 20.69 20.22 18.96 18.35 17.32
traj-212:
38.81 37.64 35.90 34.19 32.74 31.01 29.58 28.70 27.25 25.74 25.02 23.65 23.55 23.36 22.62 21.03 19.12 17.25
24.70 24.64 24.68 24.87 24.89 24.85 24.85 24.84 24.80 25.95 27.20 28.61 29.86 31.22 32.37 32.96 33.54 34.07
traj-213:
35.14 35.08 33.16 31.37 29.93 28.31 27.42 25.92 25.87 25.84 25.73 25.65 25.60 25.62 25.61 25.55 24.81 24.50 24.08 23.40 22.26 20.31 18.84 17.96 16.93 16.28 15.68 14.97 14.79 13.45 12.67
23.95 23.94 23.60 23.50 23.29 23.16 23.15 22.17 20.41 19.81 17.83 16.64 15.75 13.86 13.03 11.05  9.28  7.89  6.76  4.94  3.33  3.36  3.58  3.74  4.27  5.13  5.99  7.77  8.39  9.45  9.83
traj-214:
37.70 37.41 35.68 34.16 32.27 30.83 29.38 27.68 25.81 25.59 25.43 23.99 22.58 21.41 19.75 18.81 17.47 15.88 14.76 14.51
24.84 24.81 24.84 24.82 24.78 24.70 24.74 24.86 24.88 23.26 23.00 22.05 20.78 20.25 20.25 20.25 20.25 20.27 21.73 22.21
traj-215:
37.01 36.12 34.39 32.67 30.97 29.30 28.46 27.00 25.59 25.11 25.06 24.88 25.02 25.03 24.01 23.14 21.78 20.60 19.78 18.19
24.84 24.87 24.89 24.88 24.87 24.87 24.86 24.86 25.62 27.49 28.37 29.57 31.04 31.63 33.33 33.27 33.17 33.10 33.04 33.99
traj-216:
35.01 34.47 32.65 32.01 30.38 28.40 27.88 26.18 24.69 23.71 23.95 24.12 24.27 24.28 24.19 24.17 24.27 24.43 24.38 23.85 23.46 22.17 20.39 18.91 17.73 16.53 16.25 14.95 13.07 11.18  9.60  8.41  7.83
23.37 23.34 23.34 23.33 23.30 23.25 23.24 23.18 21.89 20.73 19.04 17.06 15.11 13.34 12.45 10.72  9.32  7.61  6.03  4.97  4.15  3.26  3.48  3.57  3.73  5.26  6.52  7.81  8.49  7.93  7.25  6.03  5.34
traj-217:
36.40 35.30 33.61 32.14 30.79 29.04 27.57 26.23 26.00 25.21 24.49 23.57 23.16 22.61 22.22 20.80 19.25 17.50 16.74 15.10 13.82 12.51 12.17
24.33 24.53 24.77 24.81 24.84 24.85 24.74 24.48 24.46 23.68 23.15 22.48 21.20 19.95 19.33 19.19 19.14 19.23 19.25 20.04 20.51 21.95 23.47
traj-218:
34.40 33.25 31.56 30.75 30.08 28.26 26.93 25.03 24.73 23.48 23.94 24.18 24.43 25.28 27.00 28.45
24.11 23.76 23.34 23.36 23.50 23.37 23.32 23.42 23.87 25.11 26.70 28.16 29.65 31.13 32.11 33.13
traj-219:
34.38 32.99 31.29 29.35 27.42 25.63 24.40 24.33 23.99 24.01 24.37 24.52 24.59 24.49 24.54 24.58 24.73 24.86 24.75 24.31 23.68 23.35 23.06 22.31 20.35 19.18 18.59 17.72 16.91 16.73 15.63 14.07 12.43 10.52  9.20  7.32  6.17
23.91 23.89 24.14 24.55 24.78 24.78 24.66 24.41 22.70 22.31 20.47 18.95 17.42 15.98 14.12 13.87 11.95 11.40  9.61  8.53  7.72  5.97  4.73  3.38  3.37  3.62  3.75  3.92  5.31  6.69  8.03  8.09  7.76  7.29  5.99  5.44  5.34
traj-220:
36.64 36.08 34.47 33.57 31.79 29.83 27.87 26.68 24.92 23.53 22.76 21.92 20.13 18.53 17.48 15.86 14.91 13.17 11.63 10.69 10.04  8.76  8.53
23.54 23.37 23.15 23.14 23.13 23.12 23.12 23.13 22.60 21.49 20.53 19.84 19.20 19.33 19.51 19.73 19.48 19.13 20.35 21.85 23.16 24.42 24.62
traj-221:
36.72 35.84 34.02 32.19 30.21 28.76 27.61 26.73 25.30 24.33 23.95 23.20 23.31 23.88 24.69 25.30 26.64 27.50 28.83 30.39 31.41 32.38 33.52
23.39 23.41 23.48 23.32 23.39 23.23 23.12 23.04 24.11 25.03 25.59 26.17 27.55 28.72 29.69 31.22 32.08 32.13 32.23 32.65 32.99 33.48 34.24
traj-222:
33.95 32.19 30.28 29.99 28.07 26.76 25.20 25.37 24.30 24.22 24.33 24.37 24.63 24.81 25.04 24.98 24.90 24.81 24.73 24.18 23.60 23.14 22.50 20.54 19.37 17.92 16.39 15.21 13.92 12.08 11.44  9.81  9.12  8.05
24.28 24.10 24.07 24.12 24.53 24.61 24.53 23.14 21.53 21.24 19.36 19.07 17.31 16.23 14.27 13.37 11.93 10.16  9.57  7.87  6.21  4.49  3.78  3.75  3.75  3.75  4.77  6.17  6.58  6.99  5.34  4.91  4.66  3.66
traj-223:
38.53 37.63 35.84 35.54 33.66 33.36 31.60 30.01 28.72 26.98 26.05 24.36 23.07 22.00 20.05 18.52 16.55 14.69 14.17 12.51 10.57  8.87
23.47 23.42 23.39 23.37 23.27 23.26 23.24 23.23 23.18 23.15 23.02 22.43 21.04 20.13 19.72 19.78 19.54 20.08 20.80 21.53 21.37 22.06
traj-224:
35.93 34.63 32.79 30.91 28.96 27.37 25.92 24.88 24.85 24.75 24.58 24.45 23.48 22.34 21.01 19.02 18.43 16.95 15.65 15.35 14.75 13.24
23.20 23.15 23.15 23.21 23.27 24.05 24.42 26.06 27.13 28.56 30.46 31.32 32.74 32.69 32.58 32.52 32.43 32.24 33.21 33.64 35.15 36.31
traj-225:
35.15 33.74 32.67 31.15 29.23 27.56 25.85 25.40 24.04 23.89 23.86 23.84 23.83 23.45 23.53 23.66 23.70 23.51 23.59 23.52 23.00 22.24 20.77 19.02 17.08 16.73 14.81 13.72 12.17 10.26  9.38
23.08 23.03 23.05 23.08 23.11 23.13 23.10 22.51 21.11 19.49 18.50 16.88 15.95 14.48 13.03 11.87 10.57  9.13  8.44  6.59  5.18  3.71  3.74  3.71  3.99  4.20  3.89  4.19  4.68  4.37  5.04
traj-226:
38.36 37.78 36.08 34.34 33.76 32.06 30.88 29.22 28.37 26.73 25.12 24.91 23.36 23.13 23.11 23.33 22.33 21.53 19.78 18.05 17.22 15.88 14.16 12.28 11.00 10.26  9.29  8.80  7.70  7.23
24.81 24.68 24.50 24.68 24.72 24.80 24.85 24.87 24.87 24.99 25.87 26.08 25.32 23.92 23.04 21.58 20.04 19.75 19.11 20.08 20.29 20.60 20.47 20.84 21.16 21.54 22.64 23.17 24.10 24.46
traj-227:
38.44 37.63 35.94 34.47 32.71 31.84 30.41 28.41 27.01 25.77 24.88 23.27 23.21 23.43 23.75 24.06 24.90 25.49 26.79 27.08 28.86
24.49 24.62 24.94 24.91 24.88 24.84 24.81 24.76 24.64 25.37 26.14 26.76 27.99 29.77 31.31 32.75 34.35 35.24 36.19 36.23 36.45
traj-228:
34.98 33.36 32.16 30.16 28.40 27.91 26.19 25.60 25.34 25.34 25.51 25.55 25.31 25.24 25.17 24.99 24.77 24.58 24.23 22.79 21.03 19.29 17.81 16.09 14.96 13.29 11.33 10.91
23.13 23.12 23.13 23.15 23.16 23.17 23.10 21.56 19.58 17.81 16.41 15.30 13.81 12.09 10.32  8.57  7.10  5.93  4.81  3.73  3.20  3.40  3.64  3.88  4.09  4.28  4.48  4.51
traj-229:
37.68 36.18 34.20 32.30 31.17 29.28 27.85 26.73 25.56 24.61 24.24 23.86 22.53 21.85 20.08 19.33 17.95 16.07 14.46 12.72 10.87  9.47  9.04
23.07 23.40 23.62 24.09 24.38 24.80 24.85 24.85 24.91 23.45 22.36 21.31 20.01 19.51 19.73 19.78 19.88 20.03 21.12 20.83 20.59 19.85 19.68
traj-230:
37.29 35.35 33.96 32.52 31.36 29.37 28.26 26.33 24.81 23.90 23.67 23.56 23.27 21.93 20.31 19.30 18.23 17.77 16.03 14.93 13.80
24.40 24.87 24.86 24.83 24.83 24.81 24.82 24.87 26.06 27.42 27.91 29.45 31.31 32.74 32.96 33.61 35.27 35.50 36.30 36.61 36.98
traj-231:
36.49 34.87 34.57 32.84 31.48 30.04 28.87 27.76 25.97 25.68 25.06 24.72 24.69 24.70 24.73 24.71 24.68 24.63 24.44 24.31 24.08 23.91 22.64 20.91 19.72 18.21 17.61 16.73 15.39 14.20 12.53 11.21 10.42  8.99  7.78  6.55  5.47
23.50 24.09 24.10 24.22 24.30 24.43 24.56 24.69 23.83 23.30 22.22 20.84 19.05 18.45 16.71 15.59 13.73 11.94 10.01  8.64  6.91  5.11  3.75  3.42  3.48  3.57  3.65  5.35  6.79  7.42  7.41  7.46  7.43  7.41  7.41  7.45  7.28
traj-232:
39.16 38.60 36.91 35.22 33.48 33.18 31.19 29.26 27.84 25.99 25.95 25.71 24.74 23.62 22.52 20.91 19.82 17.84 17.56 15.87 14.67 13.65 12.36 11.38  9.52  8.41
23.97 24.09 24.56 24.84 24.78 24.78 24.74 24.80 24.83 24.63 24.03 23.85 22.42 20.89 19.75 19.46 19.25 19.11 19.46 20.28 20.63 20.86 20.87 20.92 20.49 20.52
traj-233:
38.03 36.86 35.12 33.33 31.69 30.02 29.81 27.82 27.54 25.88 25.12 23.63 23.94 24.31 24.52 24.30 24.05 23.87
23.02 23.11 23.24 23.32 23.34 23.44 23.65 23.57 23.48 24.29 24.76 25.82 27.10 28.78 29.89 31.44 32.63 33.66
traj-234:
33.66 32.47 30.76 28.85 27.53 26.13 25.92 24.98 24.83 24.88 24.92 24.93 24.82 24.69 24.31 24.14 23.90 24.43 24.17 23.43 21.55 20.96 19.05 18.75 16.85 15.12 13.41
23.79 23.71 23.59 23.40 23.26 23.07 22.81 21.45 19.88 18.39 16.69 14.93 13.55 12.11 10.18  9.33  7.87  6.36  4.46  3.85  3.44  3.35  3.50  3.53  3.80  4.24  4.38
traj-235:
38.41 36.43 34.44 33.86 32.42 30.71 29.54 27.83 25.85 24.22 23.59 23.40 22.68 20.82 19.81 18.33 16.93 15.55 14.01 13.74 11.97 10.68
24.25 24.40 24.55 24.57 24.71 24.89 24.88 24.80 24.74 23.78 22.51 21.17 20.14 19.50 19.65 19.88 19.57 20.12 20.87 21.00 21.92 22.63
traj-236:
35.83 34.10 33.10 31.30 30.00 28.27 26.39 24.66 24.43 23.66 23.51 23.09 23.07 23.19 23.23 23.88 24.31 25.10 26.72 27.32 29.09 30.57 32.05
23.48 23.34 23.27 23.32 23.40 23.39 23.32 24.15 24.61 26.31 27.02 27.38 28.12 29.88 31.76 33.43 34.08 35.36 36.15 36.23 36.47 36.68 36.88
traj-237:
36.00 34.05 32.37 30.98 30.19 28.22 27.04 25.91 24.39 23.01 23.23 24.02 24.44 24.83 24.67 24.48 24.63 24.66 24.75 24.74 24.81 24.75 24.38 24.21 23.83 22.38 20.91 19.48 17.73 16.64 16.06 15.19 14.47 12.55 10.93
24.71 24.86 24.84 24.87 24.89 24.89 24.90 24.88 25.41 24.28 22.50 20.70 20.04 18.18 17.32 16.10 14.73 13.70 11.96 11.66  9.96  8.78  7.05  6.18  4.45  3.22  3.36  3.54  3.70  4.36  5.30  6.80  7.85  8.39  9.06
traj-238:
34.14 32.72 31.07 30.34 28.34 26.70 25.07 23.26 23.14 22.25 20.49 19.60 18.44 16.65 15.94 15.28
23.28 23.17 23.24 23.28 23.22 23.28 23.17 22.45 22.18 20.57 20.20 20.04 19.83 19.68 19.30 17.67
traj-239:
37.51 37.21 35.48 34.06 33.18 31.45 29.73 28.28 26.82 25.30 24.92 24.35 23.91 23.68 21.89 19.95 18.23 17.67 16.15 14.28 12.50 10.97  9.33  8.67
24.79 24.79 24.82 24.84 24.85 24.95 24.98 24.94 24.95 25.89 26.35 28.17 29.94 31.91 32.66 32.48 32.09 32.16 32.47 32.58 32.51 32.60 33.42 33.28
traj-240:
39.16 38.28 36.33 35.04 33.15 32.31 30.99 29.37 27.43 25.83 24.39 24.10 24.09 23.96 24.22 23.96 23.82 23.76 23.58 23.60 24.06 24.44 24.11 22.67 20.78 18.79 18.49 16.58 14.80 13.71 11.90
23.49 23.66 23.83 23.84 23.80 23.71 23.67 23.43 23.28 23.33 22.50 22.24 20.66 18.97 17.18 15.26 13.51 12.56 10.87  8.89  6.97  5.75  4.62  3.83  3.48  3.59  3.64  3.87  3.95  4.03  4.34
traj-241:
36.22 35.23 33.48 32.29 30.61 30.22 28.48 27.05 25.38 24.24 23.57 22.98 21.28 20.99 19.29 18.41 17.29 15.58 14.53 13.27 12.39 11.07  9.79  8.34  7.38  5.68
23.07 23.06 23.07 23.09 23.12 23.12 23.23 23.35 23.60 23.74 21.96 20.79 20.30 20.23 20.03 19.89 19.73 19.18 19.01 19.54 20.05 20.68 21.16 21.84 22.26 23.27
traj-242:
35.12 34.40 32.48 30.55 29.36 27.97 26.61 24.93 24.70 23.27 23.38 24.36 24.93 25.63 26.87 27.88 29.22 30.41 31.01
23.66 23.71 23.64 23.28 23.34 23.55 23.75 24.44 24.97 26.10 27.73 29.45 30.29 31.39 32.08 32.28 33.38 34.63 35.14
traj-243:
38.03 37.50 35.69 34.84 33.26 31.53 29.71 27.98 26.05 24.71 24.00 23.50 23.20 23.21 23.10 23.19 23.24 23.63 24.20 24.08 23.73 23.51 22.56 20.73 19.57 17.84 16.56 16.39 15.29 13.79 12.87 11.38
23.97 23.89 23.96 23.94 23.71 23.54 23.38 23.38 23.14 21.73 21.11 19.77 18.83 16.86 15.12 13.69 11.95 11.10  9.36  7.38  5.94  5.10  3.58  3.37  3.63  3.88  5.36  5.61  7.20  8.01  8.63  9.23
traj-244:
38.39 36.62 35.17 33.61 32.62 31.00 29.19 27.80 26.04 24.51 23.77 22.29 20.90 19.48 18.59 16.69 15.33 13.98 13.60 12.04 11.46
23.51 23.46 23.64 24.04 24.06 23.65 23.73 23.70 23.47 22.63 21.80 20.52 20.29 20.30 20.36 20.69 20.93 19.46 19.19 18.10 17.29
traj-245:
35.33 33.80 32.00 30.93 29.41 28.14 26.39 25.96 24.48 23.75 23.56 23.32 23.27 23.50 23.95
24.10 23.39 23.39 23.53 23.52 23.51 23.28 23.82 24.50 25.09 26.84 27.99 29.74 31.55 33.13
traj-246:
34.19 32.47 31.00 31.72 29.93 28.21 27.03 25.84 24.83 24.81 24.77 24.73 24.68 24.51 24.49 24.52 24.46 24.38 24.12 23.77 23.25 22.33 20.65 18.89 18.60 16.85 16.22 14.82 14.30 12.95 11.30
24.64 24.73 24.68 24.02 24.04 24.14 24.27 24.41 23.00 21.53 20.37 18.56 17.21 15.32 13.88 12.53 11.25  9.65  7.85  5.96  4.04  3.39  3.37  3.49  3.54  3.78  4.11  5.13  5.35  5.90  6.53
traj-247:
38.67 37.23 36.14 34.67 33.06 31.30 30.22 28.84 27.48 26.60 25.83 24.19 23.85 22.36 20.76 18.96 17.71 16.86 15.45 13.84 12.42 11.55 10.17  9.10
23.49 23.27 23.15 23.19 23.15 23.17 23.13 23.13 23.12 23.11 22.68 22.02 21.68 20.35 20.00 20.17 20.40 20.56 20.80 21.53 22.77 23.34 24.39 24.54
traj-248:
34.34 33.74 32.33 30.48 29.72 28.64 27.60 25.71 25.11 24.80 25.24 25.29 25.56 26.33 27.51 28.41 29.53 29.73
23.58 23.54 23.43 23.39 23.43 23.65 23.89 23.96 25.40 27.13 28.82 29.11 30.51 32.12 33.28 33.87 35.37 35.58
traj-249:
34.47 32.73 31.32 29.37 28.51 26.90 26.36 25.09 24.78 24.56 24.43 24.50 24.59 24.76 24.92 24.65 24.63 23.97 24.04 24.18 23.26 21.55 20.96 19.23 17.28 16.74 15.09 13.38 13.10 11.39  9.87  8.73  7.91  6.19
24.63 24.42 24.46 24.51 24.57 23.94 23.77 22.84 21.68 20.41 19.29 17.68 15.94 14.98 13.62 11.81 10.54  8.70  7.07  5.77  4.38  3.62  3.61  3.47  3.35  3.32  3.34  3.62  3.73  4.30  4.69  4.94  5.12  5.46
traj-250:
34.87 34.36 32.88 31.92 30.56 29.61 27.93 26.79 25.61 24.71 23.59 22.53 21.25 19.54 17.58 16.39 14.53
24.01 23.87 23.63 23.42 23.46 23.55 23.67 24.05 24.91 23.59 22.00 20.81 20.50 20.28 20.20 20.05 19.63
traj-251:
35.44 35.16 34.86 33.13 31.70 29.72 29.00 27.19 26.60 25.14 24.36 24.07 23.51 23.05 21.46 19.95 18.75 17.38 16.06
24.97 24.86 24.81 24.67 24.73 24.87 24.89 24.93 24.93 25.96 27.55 28.28 30.19 31.84 32.32 32.34 32.58 33.01 33.57
traj-252:
38.20 36.74 35.12 34.03 32.58 31.04 30.44 28.63 26.71 25.40 24.82 24.29 24.05 24.11 24.17 24.04 23.96 23.86 23.84 23.54 23.08 22.29 20.51 19.04 17.86 16.73 16.39 15.26 13.62 13.32 11.40 10.05  8.91  8.76
23.16 23.25 23.21 23.16 23.14 23.09 23.08 23.10 23.13 22.39 20.53 18.77 16.83 14.88 12.90 11.75 10.38  8.45  7.43  5.79  5.22  3.92  3.85  3.75  3.69  4.48  5.64  7.26  8.36  8.43  8.81  8.93  7.54  7.28
traj-253:
34.25 32.71 31.56 29.74 28.58 27.29 26.40 24.72 23.86 23.00 21.39 20.26 18.59 16.73 14.84 13.12 11.41
23.25 23.31 23.31 23.21 23.21 23.26 23.19 22.16 21.10 20.09 19.36 19.20 19.34 20.01 20.47 19.92 19.62
traj-254:
37.02 36.87 35.12 34.25 32.78 30.92 28.98 28.09 27.37 25.91 24.97 24.81 23.15 23.95 24.69 25.80 27.19 28.65 29.99 31.42 33.15 33.42
23.88 23.63 23.12 23.09 23.04 23.05 23.05 23.04 23.89 24.60 26.23 26.49 27.37 29.11 30.62 32.20 32.85 33.69 34.70 35.56 36.25 36.38
traj-255:
35.93 34.53 32.75 32.49 30.76 29.09 27.63 25.74 25.64 25.59 25.40 24.67 23.80 23.73 23.73 23.68 23.66 23.55 23.25 23.46 23.44 24.04 24.32 23.76 22.36 21.23 19.46 17.72 16.76 15.84 14.07 12.18 11.82 10.55  9.26  8.07  6.99  6.12
24.50 24.50 24.38 24.36 24.56 24.84 24.76 24.54 24.26 23.96 23.73 21.96 20.55 18.90 17.22 15.76 15.00 13.43 11.78  9.90  9.60  7.82  6.53  4.89  3.68  3.66  3.71  3.75  4.33  6.01  6.40  6.31  6.61  7.48  7.91  6.38  5.06  4.64
traj-256:
37.90 37.06 35.42 33.50 31.63 30.44 28.95 27.09 26.06 24.62 23.49 22.83 21.04 19.60 17.68 16.24 14.38 12.68 11.37  9.55  8.14  6.70
23.74 23.67 23.56 23.31 23.07 23.09 23.08 23.13 23.17 23.22 21.71 20.78 20.22 20.06 19.66 19.38 19.66 20.37 20.77 20.72 20.50 20.33
traj-257:
38.59 38.19 36.45 34.64 32.70 30.93 30.33 28.47 26.84 25.14 24.64 23.30 23.60 23.87 24.17 24.28 24.54 24.59 24.52 23.97
23.45 23.44 23.28 23.29 23.30 23.14 23.12 23.40 23.54 24.27 24.61 25.88 27.52 29.45 30.59 32.12 33.58 34.81 35.67 36.17
traj-258:
38.76 37.33 35.72 34.08 32.76 31.54 29.71 28.74 26.84 25.96 24.97 24.81 24.62 24.39 23.98 23.81 23.30 23.34 23.44 23.46 24.06 24.08 23.48 22.29 20.46 18.69 18.33 17.83 16.78 16.38 14.96 13.27 11.85 10.70
23.99 23.95 23.84 23.69 23.52 23.50 23.42 23.36 23.57 23.57 22.31 20.68 18.88 17.55 16.12 14.18 12.66 11.48  9.60  9.21  7.54  6.67  5.07  3.53  3.46  3.64  3.78  3.88  4.56  4.98  6.34  6.86  6.03  4.61
traj-259:
37.03 35.85 34.15 32.43 30.99 29.28 27.59 25.89 24.39 23.01 22.24 20.65 20.06 18.33 16.36 15.78 15.49 15.17 13.53 12.17 10.24  9.00  7.42
24.51 24.56 24.75 24.78 24.74 24.62 24.44 24.20 23.16 21.77 20.78 20.58 20.60 20.72 20.83 20.80 20.19 20.04 19.65 19.74 19.28 19.44 20.25
traj-260:
36.50 34.70 33.20 31.54 30.46 29.06 27.24 26.26 25.69 25.33 24.83 24.87 25.68 27.01 27.83 29.28 31.03
23.60 23.13 23.10 23.20 23.29 23.57 23.82 23.89 25.63 26.74 28.30 30.23 31.40 32.12 32.46 32.95 33.72
traj-261:
33.76 32.63 31.25 29.54 27.85 25.90 25.71 25.36 25.13 25.09 24.98 24.96 24.97 24.74 24.75 24.68 24.44 24.21 23.81 23.31 22.22 21.34 19.56 17.79 16.33 15.18 14.26 13.07 11.66 10.64
24.23 24.46 24.73 24.84 24.82 24.67 23.79 22.54 21.55 19.59 17.61 17.02 15.04 13.08 12.21 10.75  8.81  7.37  5.95  4.88  3.32  3.41  3.52  3.59  4.40  4.82  4.95  5.38  6.13  6.76
traj-262:
35.02 33.10 32.49 31.08 30.51 29.07 27.34 26.74 25.02 23.96 22.71 20.85 19.11 17.38 16.79 14.96 13.21 12.71 10.91  9.97  8.57
23.97 24.32 24.47 24.69 24.74 24.84 24.74 24.75 23.96 22.35 20.81 20.54 20.72 20.88 20.93 21.50 21.60 21.64 21.59 22.29 23.70
traj-263:
37.60 37.01 35.61 33.76 31.92 30.20 29.03 27.87 26.79 25.49 24.14 23.11 23.12 23.14 23.13 23.13 22.25 21.07 20.87 19.71 18.08 16.52
24.35 24.26 23.99 23.67 24.03 24.35 24.40 24.46 24.48 24.56 24.62 24.67 26.41 28.18 29.77 30.36 32.16 33.02 33.24 33.86 34.72 35.72
traj-264:
39.15 37.46 36.03 35.15 33.60 31.69 29.98 29.68 27.85 26.98 25.44 25.32 25.19 24.77 24.32 23.81 23.71 23.63 23.57 23.38 23.62 23.85 23.90 23.53 22.66 21.29 20.09 18.32 17.17 16.27 14.64 13.81 12.18 10.74  9.16
24.11 23.88 23.57 23.43 23.19 23.03 23.28 23.22 23.14 23.02 22.22 21.03 19.54 17.61 16.32 15.00 14.01 12.63 10.83  9.39  8.36  8.17  6.98  5.55  3.94  3.30  3.42  3.60  3.72  3.84  4.35  4.55  4.68  4.53  4.62
traj-265:
34.88 32.94 31.74 30.10 30.08 29.81 27.94 26.77 25.20 24.24 23.11 21.92 20.56 19.85 17.92 15.98 14.63 13.15
23.73 23.56 23.27 23.58 23.88 24.02 24.61 24.72 23.73 22.30 20.70 19.80 19.37 19.30 19.40 19.70 19.90 20.20
traj-266:
38.48 37.50 35.83 35.24 33.28 31.86 30.88 28.96 28.77 26.96 26.66 24.82 24.53 23.78 23.62 23.46 23.59 23.24 22.43 21.18
23.74 23.55 23.40 23.30 23.07 23.12 23.18 23.22 23.45 23.70 23.67 24.05 24.12 25.79 27.07 28.92 30.36 31.55 33.06 34.26
traj-267:
34.45 32.76 31.07 29.64 27.88 26.73 25.15 24.94 24.56 24.28 24.14 23.36 23.16 23.19 23.26 23.46 23.59 23.79 23.66 23.26 22.24 21.36 19.89 18.14 16.97 15.61 14.40 13.37 12.37 11.59
24.28 24.51 24.73 24.77 24.84 24.84 23.86 22.35 20.47 18.51 17.57 15.83 14.77 13.07 12.18 10.44  9.37  7.48  5.78  4.84  3.27  3.29  3.19  3.17  3.30  4.71  5.76  6.79  7.79  8.48
traj-268:
34.66 32.98 31.55 30.11 28.95 27.25 25.96 24.29 24.07 23.13 23.15 22.81 21.03 19.05 18.75 17.03 15.30 13.86 12.94 11.41 10.24  9.66  8.20  6.53  6.09
24.56 24.96 24.91 24.83 24.76 24.67 24.52 23.61 23.40 21.65 21.35 20.68 20.50 20.73 20.77 20.90 21.77 22.56 22.74 22.23 21.14 20.74 19.70 18.90 18.81
traj-269:
37.84 35.96 35.39 33.67 33.08 31.33 30.18 28.73 27.00 25.43 25.11 24.68 24.18 23.77 23.84 24.53 23.48 21.60 19.98 18.95 17.03 16.32 15.22 14.96 13.54 11.97
24.17 24.55 24.71 24.88 24.89 24.94 24.77 24.56 24.36 25.23 25.95 27.46 28.80 30.64 31.17 33.05 33.78 33.63 33.16 32.89 32.92 33.32 34.92 35.26 36.30 37.00
traj-270:
34.20 33.90 32.17 30.95 29.17 27.70 26.58 24.87 23.09 23.17 23.25 23.75 24.13 24.44 24.59 24.59 24.50 24.47 24.42 24.16 23.94 22.60 21.10 20.22 18.74 16.96 15.79
23.94 23.91 23.33 23.37 23.74 24.11 24.36 23.98 23.11 21.91 19.95 18.25 16.30 14.84 13.33 12.49 10.50  9.32  8.13  6.37  4.89  3.67  3.50  3.47  3.61  3.77  3.87
traj-271:
36.06 34.91 33.18 31.23 30.25 28.80 27.20 25.60 24.28 23.19 22.05 21.76 19.97 18.60 17.81 16.33 15.37 14.15 13.18 12.30 11.20 10.20
24.55 24.72 24.75 24.84 24.82 24.77 23.94 23.93 22.63 21.53 20.34 20.28 20.13 20.10 19.79 19.89 20.43 20.49 21.22 21.82 22.65 23.44
traj-272:
36.24 34.82 34.27 32.65 30.65 29.79 27.84 27.01 25.53 25.08 24.72 24.17 23.25 22.72 21.07 19.25 17.62 15.69 14.51 13.17 12.96 11.83 10.63
23.80 24.14 24.28 24.61 24.65 24.60 24.78 24.85 25.98 27.73 29.08 30.11 31.53 32.48 32.49 32.40 32.45 32.29 32.19 32.31 32.53 32.79 33.09
traj-273:
34.64 32.98 31.62 29.64 28.50 27.33 25.55 24.86 24.58 24.11 24.05 24.06 23.71 23.40 24.04 24.34 23.90 23.38 23.03 22.14 20.69 18.91 17.02 15.80 14.77 13.41 12.16 10.90  9.33
24.73 24.79 24.79 24.80 24.82 24.75 24.63 23.33 21.90 20.25 18.59 16.82 15.25 13.32 11.48  9.61  8.05  6.29  4.93  3.71  3.55  3.47  3.80  4.22  4.60  5.05  5.40  5.83  6.23
traj-274:
38.76 38.24 36.34 36.04 34.29 32.36 31.35 29.86 28.01 26.67 25.38 24.41 23.03 21.18 20.60 19.10 17.77 16.73 15.55 14.44 13.45 12.21 10.48  9.35  8.06  7.25  6.35  5.14
23.59 23.49 23.20 23.19 23.15 23.06 23.06 23.08 23.23 23.28 22.62 22.07 21.44 20.85 20.90 20.90 20.91 20.93 21.85 23.44 23.59 23.80 23.31 22.47 21.51 20.83 20.17 19.26
traj-275:
36.33 34.42 32.96 32.02 30.29 28.34 26.76 25.97 24.27 24.43 24.56 24.42 24.12 22.78 21.29 20.26 19.26 17.59 16.76
24.11 23.77 23.62 23.51 23.58 23.68 24.06 24.34 25.10 26.35 27.50 29.01 30.95 32.40 32.97 33.25 33.63 34.18 34.33
traj-276:
35.51 35.21 33.34 32.06 30.28 29.98 28.16 26.18 25.06 24.48 23.81 23.54 23.38 23.25 23.38 23.68 23.63 24.01 24.39 23.86 23.67 23.52 22.01 20.26 19.97 18.51 17.91 16.24 15.82 15.20 13.77 13.27 11.38 10.45  8.62  7.74  6.21
23.07 23.08 23.23 23.32 23.49 23.49 24.09 24.13 23.56 21.76 20.18 18.67 16.73 15.06 13.83 12.08 11.54 10.09  8.20  6.29  4.73  4.16  3.21  3.42  3.46  3.75  3.80  4.71  5.96  7.50  8.19  8.27  8.87  8.68  8.15  7.54  6.57
traj-277:
34.03 32.09 30.65 28.79 27.50 26.19 24.24 23.27 22.30 21.46 19.67 17.69 15.87 14.18 12.55 12.10 10.37  8.90  7.93
23.71 23.38 23.28 23.48 23.74 24.13 23.76 22.06 20.72 20.43 19.96 19.76 19.98 20.15 21.01 21.05 21.86 21.37 21.03
traj-278:
37.97 37.14 36.02 34.57 33.42 31.96 30.01 28.55 27.11 25.51 25.17 25.28 25.34 25.41 25.44 24.67 23.20 21.65 20.49 19.61
24.21 24.43 24.79 24.85 24.86 24.89 24.92 24.90 24.90 25.74 26.75 28.49 29.39 30.87 31.47 33.22 34.24 34.53 34.71 34.84
traj-279:
34.75 33.60 32.73 31.15 29.29 27.33 25.55 25.51 25.22 24.68 24.53 24.57 24.85 24.82 24.77 24.58 24.41 24.10 23.92 23.78 23.40 22.94 21.10 20.50 18.75 16.97 15.18 13.40 13.11 11.37 10.55
24.59 24.63 24.63 24.72 24.80 24.73 24.44 24.14 24.09 22.24 20.67 19.03 17.20 16.01 14.31 12.39 11.04  9.19  7.52  6.27  4.53  3.61  3.23  3.24  3.28  3.37  3.64  4.03  4.09  3.82  3.75
traj-280:
35.57 33.87 32.76 31.58 29.63 28.31 27.40 25.98 24.39 23.20 22.10 20.31 19.52 18.27 16.68 16.10 14.33
23.18 23.20 23.16 23.09 23.04 23.02 23.06 23.10 22.68 21.54 20.20 19.31 19.39 19.69 19.75 19.65 19.84
traj-281:
36.57 36.07 34.35 32.58 31.03 29.39 27.85 26.19 26.02 25.10 24.83 24.34 24.09 23.63 22.80 21.99 21.34
23.83 23.72 23.46 23.13 23.34 23.56 23.65 24.12 24.36 25.88 26.73 28.60 29.85 31.45 32.77 33.78 34.56
traj-282:
35.98 35.12 33.41 31.94 30.02 28.27 26.87 25.28 24.29 23.02 23.11 23.52 23.84 24.14 24.34 24.56 24.69 24.84 25.07 24.98 24.93 24.22 22.38 20.41 19.26 17.51 16.59 15.17 13.22 12.67 11.13  9.21  7.32
24.89 24.85 24.91 24.87 24.95 24.86 24.82 24.78 23.11 21.60 20.91 19.06 17.19 15.70 13.82 12.05 11.08  9.51  8.12  6.32  5.46  4.11  3.37  3.50  3.55  3.67  4.13  4.66  4.39  4.32  4.27  4.03  3.93
traj-283:
38.51 36.83 35.79 34.05 32.13 30.55 28.70 26.80 24.89 23.48 22.27 20.55 18.89 16.96 15.03 13.86 12.14 10.23  8.84
24.06 23.87 23.76 23.62 23.55 23.39 23.28 23.07 22.48 21.26 20.45 19.99 19.74 20.12 20.29 20.43 20.71 21.15 21.43
traj-284:
35.78 35.03 33.76 32.75 30.78 29.05 27.15 25.35 25.10 24.34 24.47 24.25 24.15 23.44 22.00 20.50
23.20 23.26 23.30 23.44 23.27 23.67 23.78 24.28 24.81 26.46 27.90 29.87 31.78 33.36 34.08 35.16
traj-285:
34.87 33.05 31.25 29.95 27.96 26.78 25.66 25.21 24.94 24.90 24.94 24.70 24.72 24.66 24.65 24.59 24.46 24.18 23.41 23.03 21.26 19.48 17.73 16.59 16.27 15.52 13.93 12.50 10.65  9.25  7.78  6.73
23.13 23.00 23.04 23.05 23.10 23.02 22.42 21.16 19.60 18.72 17.18 15.37 13.50 11.57 11.27  9.51  8.03  6.62  5.07  4.28  3.60  3.74  3.89  5.22  6.63  8.42  8.51  8.35  8.38  8.48  8.41  8.29
traj-286:
37.71 36.75 35.38 33.77 32.53 30.68 29.43 27.79 26.68 25.58 24.43 23.23 21.56 19.63 17.69 15.86 15.56 13.73 13.14 11.60 10.01  9.81
23.45 23.56 23.54 23.63 23.62 23.43 23.33 23.25 23.29 22.46 20.85 20.18 19.80 19.51 19.45 19.43 19.42 19.71 19.83 20.23 21.21 22.46
traj-287:
38.77 38.18 36.75 35.33 34.16 33.31 31.92 29.94 29.38 27.65 26.63 25.15 24.97 25.19 25.33 25.28 25.16 24.26 22.56 21.12 19.28 17.87
24.49 24.53 24.68 24.67 24.71 24.75 24.77 24.84 24.86 24.91 24.94 25.79 27.63 28.66 30.15 31.32 32.48 34.02 34.86 35.15 35.22 34.94
traj-288:
36.71 35.29 34.70 33.02 31.59 30.48 28.52 27.08 25.60 24.78 23.72 23.48 23.64 23.51 23.54 23.61 23.87 24.03 24.16 24.31 24.59 24.20 24.00 23.66 23.44 23.28 23.37 22.49 21.70 19.91 18.16 16.86 15.36 14.01 13.45 11.65  9.75
24.25 24.35 24.38 24.38 24.40 24.54 24.79 24.90 25.83 26.56 25.63 24.43 23.41 21.51 20.07 19.19 18.07 16.61 15.40 14.42 12.53 10.77  9.67  8.57  8.02  6.17  5.42  3.70  3.47  3.39  3.41  3.61  4.69  5.14  5.33  5.73  5.99
traj-289:
39.02 37.56 35.87 34.43 32.70 31.84 30.45 29.60 28.21 26.31 25.82 24.43 24.37 24.20 23.88 22.65 20.78 20.49 18.58 18.07 16.38 14.70 13.81 12.04 10.84  9.63  8.92  8.50  7.73
24.56 24.62 24.72 24.80 24.83 24.86 24.85 24.87 24.87 24.96 25.21 26.30 25.54 23.75 21.98 20.51 19.98 19.90 19.80 19.70 19.35 18.57 18.43 18.52 18.80 19.78 21.07 21.96 23.60
traj-290:
34.81 33.49 31.95 31.45 31.20 29.25 28.07 27.09 25.29 25.06 24.35 24.26 24.74 24.88 24.49 23.49 21.82 20.41 18.91 17.59 15.86 15.56 13.86 13.50
24.20 23.84 23.53 23.37 23.43 23.59 23.61 24.00 24.26 24.44 26.26 27.93 29.42 29.96 31.91 33.49 33.68 33.83 33.77 33.95 34.06 34.03 34.99 35.32
traj-291:
36.74 35.55 34.14 32.15 30.69 28.75 26.84 25.35 25.22 25.38 25.40 24.93 24.18 24.46 24.99 24.75 24.57 24.29 23.85 23.07 21.68 20.53 19.36 17.89 16.97 16.26 15.57 14.23 12.30 11.28  9.34
23.00 23.26 23.22 23.15 23.14 23.07 23.01 22.06 21.18 19.23 18.10 16.43 14.88 13.11 11.77 10.10  9.49  7.59  6.20  4.55  3.86  3.86  3.91  3.92  4.44  5.35  6.19  7.49  7.90  8.19  8.56
traj-292:
34.40 34.10 32.30 31.71 29.71 28.13 26.83 25.24 24.09 23.09 23.01 22.36 21.26 19.51 18.64 16.66 15.54 13.89 13.16 11.59 10.88
23.52 23.47 23.42 23.37 23.32 23.69 24.13 23.80 23.70 22.19 21.90 20.74 20.51 20.61 20.65 20.79 21.74 22.57 21.69 20.61 20.21
traj-293:
34.05 32.13 30.42 29.42 28.08 26.55 25.80 25.19 25.14 25.13 24.37 24.02 22.40 21.82 20.06 18.35 16.78 15.09 13.24 11.30 10.38  9.01
23.37 23.30 23.43 23.46 23.42 24.08 24.55 26.38 28.31 29.74 31.50 32.31 33.39 33.21 32.84 33.41 33.70 33.98 34.02 33.95 34.41 34.92
traj-294:
39.08 37.67 37.10 35.66 34.49 33.62 32.17 30.43 30.13 28.40 27.52 25.95 25.74 25.11 24.33 23.61 23.95 23.94 23.84 23.67 23.67 23.73 23.83 24.23 24.93 24.37 23.56 22.72 20.81 19.03 17.86 16.97 16.28 15.30 13.73 11.76 10.96  9.14  8.06
24.47 24.78 24.81 24.82 24.85 24.87 24.86 24.88 24.86 24.66 24.47 23.74 23.53 21.80 20.27 18.60 17.80 16.46 14.55 13.03 11.91 10.02  8.34  7.76  6.64  4.84  3.51  3.28  3.37  3.59  3.70  4.65  6.20  7.50  7.50  7.83  7.98  8.76  8.57
traj-295:
37.48 36.02 34.55 33.06 31.78 30.75 29.02 28.22 26.51 25.93 25.88 25.00 23.79 22.21 21.14 19.48 18.02 16.83 15.81 14.42 13.57
24.84 24.92 24.94 24.89 24.83 24.74 24.79 24.80 24.75 24.64 23.75 22.64 21.46 20.90 20.49 20.34 20.23 20.17 20.17 20.19 20.18
traj-296:
34.83 33.66 31.86 30.17 28.76 27.35 25.59 24.05 23.34 23.33 23.14 23.05 22.83 22.76 22.72 21.43 19.69 18.59
24.91 24.87 24.82 24.81 24.81 24.78 24.64 25.87 27.37 28.52 30.09 30.68 32.36 34.11 35.00 36.24 36.54 36.96
traj-297:
37.61 37.32 35.33 33.66 33.26 31.48 29.51 28.92 27.18 25.51 25.49 25.44 25.50 25.54 25.35 25.40 24.98 25.23 25.14 24.97 24.56 24.12 23.86 22.42 20.43 19.54 17.77 16.76 16.57 15.42 14.50 13.25 12.03 10.23  9.15  7.25
24.29 24.33 24.14 23.97 23.97 23.82 23.49 23.38 23.13 22.27 21.67 20.20 18.73 17.58 15.73 15.53 13.70 11.92 10.50  9.04  7.37  5.65  4.52  3.23  3.32  3.40  3.55  4.92  5.48  6.83  7.30  7.54  7.93  8.44  8.74  9.08
traj-298:
37.11 35.83 34.48 32.64 31.74 30.13 29.08 27.34 26.03 24.42 23.78 23.13 23.09 22.25 21.08 19.90 17.99 16.24 14.55 14.09 12.98 11.16 10.58  9.26
23.19 23.18 23.13 23.32 23.39 24.07 24.56 24.71 24.64 24.66 24.59 23.02 21.85 20.31 20.33 20.34 20.29 20.27 20.96 21.34 22.45 23.22 23.38 24.00
traj-299:
37.50 36.15 34.28 32.51 31.28 30.01 28.15 26.49 24.95 24.52 24.06 23.07 23.10 23.90 24.94 25.66
23.62 23.66 23.58 23.42 23.33 24.25 24.67 24.92 26.13 27.18 28.23 29.72 30.60 32.31 33.62 34.35
