traj-0:
 2.53  4.26  5.98  7.75  9.45 11.22 12.14 13.60 14.92 16.07 16.37 18.14 19.43 21.17 23.15 24.62 25.23 25.41 25.28 25.26 25.13 25.07 25.01 24.01 22.28 20.31 18.89 17.65 16.17 15.76 14.09 12.41 11.05 10.04  9.19  8.67  7.53  6.31  5.33
36.65 36.44 36.46 36.34 36.28 36.40 36.32 36.00 35.78 35.75 35.74 36.04 36.29 36.55 36.43 35.15 33.57 32.57 31.28 30.10 28.65 26.98 25.63 24.23 24.42 24.31 24.25 24.24 23.42 23.16 22.09 21.14 19.91 18.97 18.06 17.37 15.94 14.56 13.30
traj-1:
13.48 13.82 14.15 14.79 15.18 15.66 16.26 16.36 16.53 17.80 19.57 20.46 21.91 23.66 25.29 25.63 25.85 25.78 26.17 26.08 26.05 26.02 25.20 23.36 22.17 20.61 18.74 17.06 15.08 13.42 12.05 10.64  8.66  7.38  6.06  4.40  3.17
11.60 13.16 14.21 16.05 17.46 18.86 20.50 21.69 23.43 24.22 24.30 24.39 24.50 24.55 25.30 26.29 27.57 29.55 31.02 32.81 34.57 35.46 37.26 37.26 36.90 36.59 36.01 35.54 35.34 35.35 35.37 35.50 35.63 35.80 36.00 36.07 36.18
traj-2:
 3.29  4.27  5.66  7.08  8.46  9.99 11.27 13.10 14.74 16.26 17.99 19.35 21.10 22.68 24.43 25.24 25.43 26.08 26.38 26.28 25.82 25.04 24.02 22.29 21.43 20.26 19.08 17.35 16.09 15.77 15.15 14.78 14.02 13.29 12.83 12.22 12.03 11.98 11.97
36.61 36.36 36.12 36.10 36.05 36.14 35.85 35.83 35.95 35.84 35.99 36.22 36.18 35.91 35.55 34.07 33.50 31.80 30.06 28.76 27.88 26.33 24.63 24.55 24.51 24.46 24.30 24.06 23.17 22.54 20.93 19.61 18.05 16.41 15.37 13.63 11.66 11.10  9.65
traj-3:
 4.13  4.26  4.89  5.64  5.82  6.76  8.22  9.34 10.87 11.73 13.20 13.95 14.68 15.45 15.74 17.47 18.64 20.40 21.88 23.65 24.24 25.12 25.50 25.74 25.96 26.04 26.06 25.02 23.52 21.58 20.71 18.74 16.76 14.86 13.46 11.98 10.05  8.44  7.33  5.51  3.78
 8.79  9.06 10.88 12.62 13.01 14.70 15.98 16.94 18.18 19.23 20.16 21.73 23.07 23.42 23.51 24.17 24.22 24.31 24.49 24.54 24.56 26.10 28.06 29.88 31.32 33.06 34.55 36.23 36.12 35.87 35.81 35.83 35.70 35.71 35.50 35.31 35.75 36.41 36.72 37.16 37.79
traj-4:
 3.66  5.61  7.60  9.25 10.93 12.75 14.27 16.19 17.04 17.60 18.43 20.22 21.38 22.98 24.03 25.25 25.30 25.44 25.72 25.72 25.67 24.23 23.50 21.59 20.13 18.97 17.18 15.47 15.35 15.43 15.69 15.76 15.83 15.99 16.09 16.20 16.27 16.34
37.05 36.87 36.89 36.78 36.67 36.46 36.28 36.24 36.18 36.14 36.18 36.30 36.31 36.01 35.22 34.29 32.99 31.24 29.45 27.70 25.98 24.78 24.68 24.42 24.20 24.12 24.09 23.49 21.52 20.16 18.29 16.38 15.55 13.66 12.95 11.22  9.56  8.86
traj-5:
14.00 14.13 14.18 14.17 14.15 14.17 14.29 14.30 14.38 15.00 15.13 15.59 16.00 17.37 17.96 19.75 21.52 22.67 24.16 25.20 25.45 25.56 25.51 25.48 25.22 24.25 23.33 21.83 20.67 19.38 18.12 16.75 14.93 13.50 11.83  9.86  8.68  7.51  6.07  5.91  4.16  2.87
 7.21  8.88 10.00 11.92 12.22 14.10 15.61 17.24 18.52 19.85 20.80 22.26 23.21 24.00 24.03 24.06 24.23 24.47 24.67 26.26 28.11 30.04 30.61 32.40 34.17 35.15 35.40 36.05 35.89 35.88 35.60 35.63 35.67 35.67 35.74 35.74 35.48 35.41 35.44 35.70 36.56 37.39
traj-6:
 3.19  4.23  5.92  6.64  8.60  9.62 10.94 12.30 14.04 15.00 16.59 18.38 20.32 22.12 23.03 24.20 25.54 26.18 26.63 26.48 26.39 26.36 26.39 26.13 26.10 25.02 24.52 22.83 21.65 19.92 19.62 17.84 16.09 15.13 14.51 13.71 12.84 12.15 11.28 10.64  9.61  8.50
35.76 35.70 35.60 35.56 35.44 35.46 35.53 35.61 36.13 36.30 36.71 37.10 37.22 37.16 37.14 37.18 36.34 35.48 34.14 32.59 30.69 29.73 28.67 26.80 26.50 25.07 24.76 24.34 24.35 24.38 24.38 24.38 24.19 23.69 23.03 22.19 21.06 20.14 19.16 18.57 17.43 16.23
traj-7:
15.30 15.13 15.54 15.53 16.03 16.16 17.56 19.33 20.22 22.21 23.65 24.62 25.73 25.88 26.04 25.66 25.51 25.40 25.15 24.80 23.15 21.93 20.35 18.93 17.67 15.80 13.81 12.39 10.60 10.12  8.45  6.52  5.52  3.59  2.23
17.54 19.52 20.97 22.92 23.45 23.18 24.15 24.19 24.24 24.11 24.28 24.51 25.81 26.50 28.48 30.10 31.64 32.53 34.14 35.54 35.56 35.67 35.94 35.91 36.14 36.36 36.28 36.34 36.48 36.40 36.13 35.71 35.85 35.94 36.01
traj-8:
 3.97  4.18  6.18  7.67  9.58 11.53 13.11 14.68 16.18 18.02 19.87 21.46 22.95 24.52 26.27 26.04 26.04 25.96 25.66 25.34 25.14 24.03 23.43 21.65 20.63 19.19 17.43 15.98 15.49 15.13 14.73 13.79 13.30 12.66 11.87 11.76 11.13 10.87 10.16  9.14  8.22
36.98 36.99 37.04 36.96 36.87 36.59 36.49 36.33 36.40 36.51 36.67 36.32 36.00 35.45 34.91 33.53 31.65 29.83 28.15 26.88 25.66 24.13 24.09 24.07 24.13 24.21 24.10 22.90 21.32 19.78 18.15 16.70 15.80 14.60 13.35 12.07 10.41  9.74  7.96  6.25  4.54
traj-9:
 8.55 10.01 11.11 12.28 14.03 14.33 16.12 17.59 19.35 20.82 22.29 24.04 25.02 25.31 25.90 26.09 26.09 26.06 25.80 24.52 22.86 21.47 20.33 18.38 17.29 15.54 13.88 12.17 10.34  9.34  7.59  5.62  3.93  2.69  2.29
22.34 23.41 24.06 24.23 24.34 24.36 24.33 24.24 24.19 24.17 24.15 24.05 25.48 26.64 28.26 29.97 31.64 32.76 34.43 35.74 35.90 35.97 36.04 35.89 35.89 36.35 36.71 37.09 37.36 37.44 37.55 37.76 37.70 36.99 36.09
traj-10:
 2.67  4.12  5.75  7.36  7.89  9.64 10.91 12.82 14.12 15.59 16.88 17.72 19.38 20.66 22.64 23.34 23.64 25.40 25.48 25.57 25.53 25.37 25.08 25.06 24.06 22.30 20.81 19.32 17.61 16.35 16.27
37.12 36.57 36.23 35.84 35.78 35.65 35.53 35.46 35.44 35.33 35.41 35.51 35.69 35.46 35.19 35.17 35.12 34.25 33.57 32.19 30.79 28.95 27.67 25.68 24.20 24.06 24.03 24.09 24.14 23.27 22.98
traj-11:
 4.50  4.68  5.90  6.73  7.33  8.24  8.80  9.87 10.81 11.67 12.81 13.66 14.75 16.20 17.66 18.24 20.20 21.18 22.34 24.07 25.33 25.36 25.43 25.50 25.45 25.11 23.95 23.21 21.83 20.50 19.75 18.17 16.46 14.46 12.68 12.13 10.56  9.22  7.56  6.03  5.46  3.76
11.48 11.72 13.30 14.45 15.24 16.39 17.06 18.74 19.86 21.11 22.18 23.15 23.65 24.16 24.34 24.45 24.59 24.59 24.71 24.89 25.84 27.05 28.87 30.86 32.60 34.01 35.31 35.66 35.76 35.74 35.71 35.59 35.52 35.40 35.58 35.62 35.73 35.65 35.93 36.00 36.02 36.12
traj-12:
 2.00  3.75  5.66  7.51  8.10  9.87 11.62 12.79 14.65 16.50 18.25 19.75 21.57 22.34 23.70 25.16 26.01 26.15 26.33 26.34 26.23 26.05 25.80 24.11 22.65 22.06 20.59 19.72 18.56 17.70 16.27 15.73 14.53 13.86 12.98 12.07 11.09  9.92
37.22 37.00 36.93 37.02 36.99 36.88 36.74 36.63 36.77 36.49 36.05 36.03 36.15 36.16 36.22 35.99 34.40 33.55 31.61 30.12 28.20 26.91 25.24 24.31 24.39 24.44 24.50 24.35 24.22 24.18 24.07 23.87 22.51 21.79 20.59 19.46 18.23 16.93
traj-13:
 4.67  6.39  7.17  8.33  8.99 10.76 11.95 13.13 15.11 16.72 18.05 19.55 21.28 22.17 23.87 24.17 25.61 25.68 26.00 26.05 26.06 25.49 25.41 25.14 24.08 23.79 22.97 21.31 19.87 18.01 16.30 14.88 13.45 12.27 11.28  9.91  8.16  6.45  4.65  3.17
21.21 21.56 22.24 23.17 23.76 24.27 24.38 24.52 24.43 24.58 24.57 24.68 24.68 24.73 24.81 24.84 26.17 26.76 28.44 28.74 30.52 32.11 32.55 34.14 35.63 35.71 35.91 35.69 35.47 36.03 36.54 36.52 36.69 36.74 36.66 36.56 36.49 36.43 35.83 35.36
traj-14:
 3.71  5.58  6.77  8.68  9.90 11.53 11.98 13.82 15.34 16.26 18.07 19.91 21.48 23.24 24.39 25.81 25.89 26.02 26.02 26.07 26.20 26.18 25.00 23.25 22.95 21.23 19.37 17.72 15.86 14.51 14.53
35.60 35.96 36.18 36.20 36.29 36.50 36.55 36.95 36.89 36.73 36.32 35.96 35.72 35.46 35.01 33.71 33.12 31.17 30.45 28.47 27.37 26.12 24.54 24.35 24.34 24.23 24.29 24.19 24.05 22.90 22.60
traj-15:
 6.34  7.62  8.91 10.16 11.28 12.20 12.92 13.66 14.85 15.99 16.20 17.54 18.61 19.78 20.68 22.14 22.73 24.20 25.03 25.27 25.47 26.13 27.03 26.94 26.93 26.77 26.24 24.66 22.71 21.97 20.69 19.96 18.41 17.33 15.39 13.69 11.99 10.17  8.61  7.98  6.04  4.17
13.02 13.91 14.84 16.12 17.55 18.66 19.60 20.70 21.75 22.99 23.38 24.16 24.17 24.33 24.36 24.24 24.20 24.10 25.43 26.08 27.52 29.31 30.52 32.28 34.03 35.77 36.44 36.49 36.63 36.51 36.46 36.67 36.59 36.59 36.63 36.92 36.69 37.50 37.86 37.96 37.63 37.54
traj-16:
 3.30  4.78  5.64  7.40  8.52  9.20 11.18 12.80 14.79 16.75 18.53 18.96 20.95 21.92 22.42 24.02 24.63 25.18 25.35 25.34 25.37 25.27 25.18 23.52 22.04 20.57 19.11 17.38 15.71 14.30 13.05 11.11 10.19  8.88  7.73  5.86
36.17 36.40 36.48 36.62 36.71 36.71 36.94 36.87 36.92 37.08 37.00 37.06 37.32 37.11 37.00 36.81 35.09 33.27 31.48 29.63 28.73 26.96 25.27 24.73 24.67 24.58 24.34 24.18 23.69 23.73 23.53 23.32 23.27 23.18 23.26 23.35
traj-17:
 8.66  9.14  9.51 10.18 10.83 12.00 13.03 14.27 15.08 16.62 18.11 18.67 19.27 20.72 22.66 24.15 25.05 25.10 25.18 25.23 25.38 25.27 25.21 24.01 23.57 22.17 21.20 19.22 17.47 15.86 14.31 13.20 11.82 10.21  8.28  7.11  5.68  4.20
14.35 15.65 16.49 18.16 19.53 20.65 21.50 22.58 23.43 24.15 24.37 24.29 24.28 24.23 24.16 24.28 25.95 27.27 28.61 29.32 30.62 32.25 34.01 35.18 35.65 36.53 35.64 35.85 35.79 35.83 36.07 36.19 36.31 36.56 36.96 37.10 37.35 37.46
traj-18:
 2.04  3.61  5.37  7.21  8.98 10.33 11.50 13.42 14.68 15.65 17.60 19.44 21.38 22.20 23.88 24.72 26.63 26.58 26.49 26.44 26.35 25.78 25.17 24.46 22.69 21.22 19.48 18.61 17.14 15.50 14.97 13.72 12.64 12.07 11.35 10.41  9.60  8.92  8.15
35.55 35.71 35.81 35.80 35.89 35.78 35.80 35.59 35.42 35.46 35.58 35.64 35.68 35.58 35.70 35.56 35.65 33.93 32.15 30.16 28.99 27.20 25.66 24.93 24.59 24.64 24.55 24.39 24.24 23.44 22.79 21.41 19.76 18.64 17.58 16.16 15.15 13.46 11.66
traj-19:
 5.63  6.72  8.05  9.01 10.31 11.54 12.65 13.65 14.96 15.69 16.16 16.43 17.93 18.23 19.99 21.65 23.42 24.29 25.24 25.71 26.00 26.50 26.47 26.10 25.59 24.39 22.86 21.30 19.89 18.57 17.28 15.85 14.29 12.75 11.44  9.62  8.37  6.45  4.75  4.07
11.88 12.92 13.65 14.24 15.30 16.34 17.32 18.99 20.33 21.39 22.05 23.20 24.23 24.21 24.17 24.17 24.43 24.60 26.24 26.99 28.94 30.78 32.00 33.92 35.13 35.69 35.75 35.96 36.14 36.16 36.09 36.09 36.12 36.05 36.08 36.16 36.03 35.81 35.66 35.60
traj-20:
 3.32  3.60  5.44  5.82  7.56  8.75 10.59 10.77 12.54 13.00 14.90 16.51 18.35 19.80 20.45 22.17 23.63 25.46 25.80 25.87 26.02 26.03 25.97 25.98 25.36 23.48 22.64 21.47 20.29 18.32 17.73 16.18 15.42 14.95 13.95 13.22 12.35 11.64 11.26 10.47 10.08
36.74 36.73 36.07 35.84 35.87 35.71 35.47 35.46 35.39 35.32 35.39 35.46 35.48 35.49 35.49 35.35 35.03 34.73 33.86 32.67 30.88 29.10 27.88 26.18 25.13 24.70 24.62 24.49 24.42 24.19 24.15 23.11 21.27 20.45 19.07 17.62 15.99 14.28 13.31 11.49 10.44
traj-21:
14.08 14.56 15.64 16.25 16.60 17.24 19.11 19.50 21.27 22.45 24.22 25.95 26.32 27.06 26.61 26.30 26.28 25.81 25.58 25.05 23.69 22.77 21.41 20.06 18.84 17.70 16.14 14.33 12.40 11.27  9.81  8.71  6.85  5.12  4.27  2.66
19.37 20.07 21.72 23.10 23.58 24.04 24.06 24.07 24.06 24.11 24.16 24.44 24.81 26.33 28.26 30.04 30.58 32.29 33.79 35.37 35.48 35.67 36.44 36.30 36.22 36.67 36.88 37.12 37.05 37.19 37.24 37.29 37.49 37.52 37.61 37.69
traj-22:
 2.65  4.32  5.90  6.86  8.41 10.32 11.45 13.29 14.10 15.39 17.35 18.15 20.03 21.74 23.10 24.87 26.09 26.45 26.59 26.66 26.71 26.68 26.51 26.40 25.84 25.42 23.56 22.10 20.36 19.47 17.72 15.95 14.07 13.66 12.40 12.00 10.78  9.32  8.35  7.52  6.58  5.57
35.48 35.43 35.37 35.42 35.59 35.74 35.90 35.90 35.96 36.03 36.10 36.03 36.08 36.33 36.42 36.76 35.83 34.41 33.22 32.35 30.55 30.25 28.30 27.01 25.26 24.36 24.51 24.52 24.49 24.47 24.39 24.12 23.89 23.81 23.01 22.66 21.20 20.11 18.49 17.05 15.68 14.07
traj-23:
13.95 15.11 16.39 17.57 19.31 20.48 22.19 23.07 24.40 25.33 25.61 25.38 25.21 25.76 25.92 26.08 24.74 23.01 21.07 20.05 18.18 16.39 15.27 13.63 12.02 10.09  8.32  7.03  5.27  4.68  3.18
21.60 22.90 24.13 24.21 24.33 24.31 24.32 24.33 24.60 25.85 27.67 29.63 31.50 33.20 33.75 35.59 36.76 36.16 36.05 36.16 36.12 36.29 36.12 36.20 36.35 36.30 36.24 36.10 35.95 35.86 35.64
traj-24:
 3.37  3.88  5.37  6.46  8.21  9.28 10.02 11.85 13.79 15.52 17.42 19.11 21.09 22.13 23.74 25.07 25.21 25.59 25.65 26.07 26.00 25.89 25.85 25.76 24.19 22.74 20.99 19.13 17.66 16.37 15.61 14.45 13.39 12.09 10.95
36.70 36.74 36.31 36.45 36.12 36.01 35.93 36.11 36.04 36.12 36.12 36.32 36.42 36.56 36.84 35.53 34.34 32.41 31.65 30.39 29.35 27.83 26.89 25.03 24.08 24.08 24.04 24.08 24.14 23.39 22.39 21.13 19.49 18.33 17.33
traj-25:
 8.72  9.26  9.69  9.92 10.29 10.68 10.98 11.58 12.15 13.10 14.26 15.08 15.56 17.09 18.85 20.34 20.93 22.69 24.35 25.17 25.40 25.61 25.57 25.58 25.36 24.02 23.73 21.74 20.88 19.21 17.93 16.79 14.83 13.30 11.33  9.69  7.74  5.86  4.50  2.68
 7.28  9.11 10.35 11.11 12.28 13.72 14.53 16.21 17.65 19.20 20.58 22.25 22.93 24.16 24.20 24.21 24.22 24.31 24.51 26.11 28.07 30.05 30.44 32.44 33.90 35.15 35.72 35.69 35.68 35.70 35.67 35.60 35.53 35.56 35.71 35.61 35.48 35.70 35.74 35.86
traj-26:
 4.23  4.40  6.36  7.52  9.39 10.24 11.42 12.84 13.12 14.87 16.73 18.44 19.51 21.09 22.64 24.55 25.39 25.91 26.04 26.10 26.14 25.99 25.69 24.50 22.83 21.67 20.78 19.01 17.41 16.08 14.29 12.52 11.11  9.61  9.25  8.54  7.95  7.71  7.53  7.46  7.38  7.33
36.88 36.64 36.31 36.43 36.25 36.10 35.93 35.65 35.63 36.13 36.83 36.95 36.92 36.91 37.13 37.10 35.39 33.71 31.92 31.05 29.34 27.60 25.63 24.53 24.38 24.32 24.36 24.42 24.48 24.54 24.41 24.17 22.79 21.49 19.55 17.74 16.45 14.77 13.15 11.88 10.55  9.59
traj-27:
 8.51  9.38 10.66 12.38 12.67 14.35 14.89 16.47 18.26 19.75 20.94 22.12 23.87 24.16 25.06 25.17 25.33 25.34 25.35 25.19 24.49 24.08 22.40 20.58 18.99 18.54 16.85 14.99 13.07 11.62 10.20  8.29  6.48  4.83  3.78
20.07 20.50 20.99 21.89 21.98 22.36 22.94 24.06 24.04 24.03 24.07 24.06 24.29 24.36 25.97 27.68 29.03 30.93 31.76 33.56 35.21 35.97 36.13 36.35 36.52 36.57 36.49 36.47 36.43 36.32 36.13 36.42 36.57 37.03 37.45
traj-28:
 2.89  3.45  4.67  6.41  8.37  9.86 11.50 13.42 15.29 17.10 19.02 19.69 21.53 23.07 24.32 25.30 25.72 25.63 25.39 25.14 25.09 24.32 24.06 22.60 20.68 19.23 18.34 16.57 15.27 14.56 13.72 13.19
35.86 35.80 35.55 35.67 35.88 35.94 35.88 36.03 36.06 35.92 35.85 35.96 36.07 36.07 35.12 34.46 32.66 31.50 29.57 27.62 26.18 24.87 24.37 24.16 24.30 24.37 24.48 24.34 23.43 22.37 20.91 19.45
traj-29:
 6.13  7.40  8.77  9.31 10.62 11.40 12.32 13.85 14.66 15.95 16.80 18.51 20.27 21.17 22.65 24.42 25.45 25.48 25.31 25.38 25.45 25.43 25.23 24.51 23.35 21.40 20.53 18.88 17.75 15.85 14.88 13.41 12.37 10.82  9.45  7.61  6.66  4.77  4.21
15.37 16.79 17.97 18.49 19.58 20.27 21.06 22.26 22.86 23.84 24.19 24.10 24.08 24.07 24.10 24.14 25.30 26.30 27.71 28.96 30.50 31.67 33.49 35.18 35.55 35.79 35.89 36.28 36.41 36.59 36.74 36.93 37.07 36.90 36.69 36.62 36.64 36.34 36.41
traj-30:
 3.51  5.18  6.95  8.69 10.14 11.76 13.63 14.43 16.15 16.93 18.90 20.79 22.72 24.16 25.56 25.54 25.56 25.61 25.65 25.46 25.35 24.46 23.62 21.87 20.98 19.23 17.78 16.16 15.77 14.58 13.64 12.63 11.89 11.49
35.52 35.46 35.38 35.42 35.38 35.34 35.33 35.31 35.48 35.54 35.49 35.84 35.66 35.33 34.13 32.50 31.62 29.66 29.07 27.43 26.58 24.92 24.76 24.54 24.51 24.41 24.19 23.13 21.73 20.24 18.85 17.41 15.67 14.69
traj-31:
 5.43  5.67  7.18  7.87  9.18 10.32 11.36 12.63 13.67 14.81 15.97 17.71 19.37 21.16 22.35 24.12 25.06 25.50 25.26 25.17 25.17 25.12 24.78 23.71 22.07 20.14 18.36 16.90 15.17 13.20 11.66  9.70  8.39  6.49  4.62  3.77
13.50 13.68 14.74 15.36 16.57 17.47 18.49 19.85 20.82 22.22 23.45 24.06 24.07 24.05 24.07 24.09 25.79 27.24 28.98 30.64 32.40 33.63 35.03 36.61 36.41 36.21 36.11 36.16 36.20 36.25 36.01 36.19 36.15 36.06 36.16 36.23
traj-32:
 2.86  4.62  5.60  7.13  8.41  9.82 11.34 13.10 14.36 15.07 15.54 17.35 19.24 21.01 21.97 23.33 24.25 25.20 25.50 25.69 26.08 26.22 26.07 25.80 25.63 23.70 23.40 21.67 20.53 19.34 17.82 15.82 14.63 12.88 12.45 11.69 11.28 10.29  9.79  9.33  8.73  8.24  7.58  6.89  6.23  5.44  4.99  4.50  4.27
37.73 37.63 37.56 37.63 37.47 37.09 37.00 36.62 36.24 36.02 35.97 36.06 36.12 36.05 36.02 35.83 35.52 34.02 32.27 30.87 29.60 28.13 27.07 25.60 24.66 24.47 24.45 24.39 24.33 24.31 24.29 24.23 24.25 23.93 22.90 21.06 20.62 19.07 17.82 15.94 14.54 13.14 11.86 10.45  9.28  7.65  6.51  5.30  4.56
traj-33:
 8.97 10.42 10.76 11.43 12.19 12.97 13.42 13.94 14.49 15.20 15.38 16.02 16.24 17.71 19.54 20.97 22.46 24.24 25.22 25.20 25.55 25.35 25.43 25.42 25.41 23.73 22.54 20.75 19.09 17.11 15.15 13.48 11.50  9.85  7.99  6.54  5.40  3.52  2.67
 6.72  7.74  8.50 10.12 11.85 13.55 14.77 16.19 17.66 19.47 19.83 21.46 23.44 24.19 24.06 24.11 24.18 24.27 25.91 27.03 28.61 30.53 32.29 33.78 34.38 35.06 35.20 35.48 36.31 36.32 36.13 36.14 36.09 36.14 36.50 36.80 36.94 37.32 37.31
traj-34:
 3.76  5.55  6.66  8.57  9.15 10.35 12.23 13.44 14.84 16.35 18.12 19.92 21.72 22.43 24.08 24.32 25.03 25.15 25.30 25.38 25.59 25.55 25.47 24.31 23.39 21.64 19.87 18.42 17.25 15.40 14.09 12.74 11.05 10.06  9.53  8.31  7.00  5.86
35.91 35.98 36.10 36.04 36.04 35.90 35.71 35.79 35.92 35.98 35.88 36.31 35.95 36.00 35.28 35.11 33.67 32.50 30.96 30.17 28.20 26.74 25.84 24.36 24.46 24.48 24.25 24.17 24.09 23.55 22.37 21.62 20.65 19.64 19.10 17.55 16.28 14.91
traj-35:
10.86 12.16 13.03 14.67 15.30 16.41 16.84 18.31 19.47 20.36 21.82 22.69 24.16 25.19 25.63 26.02 26.17 26.76 26.82 26.75 26.40 24.56 23.17 21.65 19.88 19.09 17.68 16.60 14.63 12.83 10.95  9.67  7.83  5.89  4.30  2.36
20.17 21.06 21.69 22.64 23.07 23.77 24.05 24.14 24.23 24.29 24.31 24.33 24.41 26.07 27.55 28.83 29.75 30.77 32.53 33.72 35.43 36.20 36.16 36.02 36.11 36.08 36.02 35.94 35.85 35.81 35.98 36.13 36.22 36.47 36.52 36.61
traj-36:
 1.86  3.29  5.13  6.77  7.81  9.12  9.85 11.82 12.07 12.88 14.59 16.21 17.58 19.16 21.10 21.89 23.81 25.60 26.17 26.27 26.38 26.36 26.21 25.90 25.09 24.12 23.82 22.06 20.28 20.03 18.27 16.29 15.41 13.73 12.10 11.68
37.26 36.54 36.30 36.20 36.20 36.20 36.34 36.17 36.19 36.06 35.62 35.52 35.60 35.67 35.80 35.81 35.97 36.10 35.74 33.89 32.54 30.80 28.87 27.41 25.62 24.32 24.26 24.09 24.10 24.09 24.05 24.06 24.09 23.48 23.07 22.96
traj-37:
 8.51  8.64  9.14  9.94 10.54 11.51 12.74 13.88 14.10 15.30 15.64 16.61 18.07 19.83 20.73 22.44 23.89 25.10 25.10 25.13 25.34 25.38 25.54 25.00 23.87 22.33 20.48 19.32 17.50 16.14 15.12 13.34 11.40 10.75  8.88  8.33  6.76  4.79  3.13
11.17 11.71 13.12 14.71 16.23 17.86 19.37 19.89 21.55 22.81 23.62 24.27 24.38 24.54 24.60 24.72 24.84 25.29 26.77 28.13 29.80 31.66 33.57 35.05 36.41 36.29 36.23 36.30 36.39 36.48 36.46 36.51 36.63 36.62 36.63 36.65 36.83 36.90 37.83
traj-38:
 2.01  3.20  4.68  6.64  8.42  9.99 11.33 12.44 14.26 15.42 16.78 18.55 20.06 21.84 23.77 25.41 25.73 25.71 25.65 25.61 25.60 25.59 25.28 25.26 24.04 22.25 21.96 20.23 19.35 17.90 16.61 15.45 14.76 13.40 12.12 11.11 10.50  9.57  8.65  7.73  6.48  5.88  4.69
36.01 35.98 35.88 35.74 35.73 35.98 36.07 35.90 35.71 35.62 35.45 35.25 35.29 35.13 35.09 34.44 34.03 33.73 31.81 31.03 29.45 27.92 26.34 26.23 24.83 24.66 24.63 24.41 24.27 24.09 23.19 22.18 21.75 20.84 19.79 18.77 18.17 17.39 16.61 15.81 14.65 14.07 13.00
traj-39:
13.35 12.99 12.66 13.48 13.78 13.67 13.39 13.28 14.69 15.86 17.73 19.00 20.49 22.26 22.81 24.27 25.12 25.16 25.29 25.45 25.51 25.57 25.77 25.98 26.05 25.13 23.32 21.43 20.70 18.98 17.67 16.01 14.25 13.07 11.92 10.28  9.28  7.88  7.02  5.58  4.00  2.81  1.97
13.60 14.56 16.39 17.65 18.21 20.09 21.42 22.98 24.16 24.21 24.30 24.35 24.32 24.23 24.26 24.27 25.80 26.62 28.07 29.53 30.12 31.56 32.51 33.86 34.90 36.17 35.93 36.12 36.13 36.74 37.17 37.23 37.36 37.50 37.45 37.05 36.91 36.60 36.47 36.25 36.05 36.14 36.45
traj-40:
 3.72  4.18  5.66  7.12  8.57  9.46 10.99 12.85 14.39 16.17 18.15 19.09 20.98 22.58 23.84 25.70 25.90 26.17 26.21 26.25 26.30 26.29 25.15 23.45 22.31 20.54 19.10 18.22 16.44 14.67 13.28 12.25 11.20 10.00  9.35  8.75
36.53 36.43 35.96 35.81 35.89 35.96 36.42 36.43 36.57 36.47 36.45 36.32 35.92 35.69 35.56 35.59 34.02 32.25 31.08 29.63 27.86 25.98 24.89 24.35 24.43 24.34 24.28 24.24 24.14 24.11 23.14 21.97 20.51 19.51 17.98 16.66
traj-41:
 4.08  4.63  5.33  6.36  6.77  7.96  9.20 10.03 10.95 11.70 12.97 13.88 14.68 16.18 17.66 18.81 19.82 21.58 23.35 24.23 25.15 25.39 25.47 25.79 25.96 26.06 25.67 24.50 23.87 22.33 21.50 19.57 17.80 16.40 14.75 13.10 11.85 10.15  9.08  7.62  6.55  4.95  3.72  2.97
10.27 11.14 12.02 13.05 13.45 14.71 15.96 16.76 17.73 18.72 20.00 21.17 22.03 23.18 24.21 24.14 24.05 24.27 24.51 24.62 25.95 27.14 28.42 30.10 32.05 34.00 34.44 35.51 36.12 37.21 37.05 36.78 36.50 36.27 35.88 35.66 35.74 35.90 36.21 36.43 36.61 36.92 37.16 37.29
traj-42:
 3.49  4.93  6.20  8.15  9.50 10.88 12.67 14.43 16.06 17.86 19.14 20.95 21.92 23.21 25.03 25.74 25.87 25.71 25.65 25.53 25.13 25.06 25.05 24.53 22.72 21.56 19.81 18.35 17.75 16.56 15.52 14.77 14.53 14.56 14.77 14.83 14.83 14.83 14.82
36.92 36.71 36.50 36.19 36.31 36.12 36.07 36.25 36.37 36.40 36.32 36.51 36.55 36.55 36.51 34.65 34.30 32.90 30.91 30.36 28.66 26.94 25.47 24.67 24.38 24.38 24.31 24.26 24.26 23.57 21.92 20.36 19.74 18.01 16.47 15.00 13.95 12.44 11.34
traj-43:
14.80 14.68 14.29 13.92 13.67 13.54 13.00 12.80 12.57 12.52 12.37 12.31 12.31 12.41 13.35 13.64 15.26 16.75 17.39 18.26 19.44 20.33 21.79 22.67 24.31 25.09 25.19 25.26 25.18 25.12 25.02 23.99 23.40 21.66 19.87 18.46 17.09 15.91 14.01 12.80 11.97 10.26  8.31  6.36  4.41  3.81  2.07  1.77
 4.64  5.16  6.69  8.47  9.43  9.85 11.35 12.37 13.52 15.19 16.29 17.85 19.30 20.94 22.42 22.58 23.23 23.76 24.13 24.20 24.28 24.37 24.54 24.59 24.75 26.06 27.78 29.48 31.16 32.34 34.09 35.14 35.76 36.33 36.33 36.20 36.01 36.03 36.42 36.53 36.43 36.63 37.02 36.83 36.65 36.68 36.59 36.58
traj-44:
 3.33  5.03  5.48  7.29  8.47  9.82 11.12 12.52 14.34 15.54 16.81 18.04 19.63 20.57 22.31 23.92 24.67 26.00 26.05 26.22 26.35 26.11 25.58 25.10 24.04 23.44 21.66 20.21 19.52 17.76 16.47 15.22 14.80 14.46 14.24 14.10 13.93 13.73 13.43 13.50
37.18 36.80 36.66 36.39 36.18 36.01 35.90 35.95 35.90 35.84 35.73 35.92 35.93 35.94 35.75 35.38 35.11 33.85 33.56 31.60 29.82 28.21 26.60 25.44 24.02 24.03 24.05 24.07 24.09 24.31 24.31 23.57 21.62 19.77 18.96 17.76 16.53 14.59 12.61 12.32
traj-45:
 8.89  9.49 10.18 10.81 11.38 11.78 12.61 13.36 14.25 14.45 15.15 15.69 15.78 15.91 17.42 19.15 20.89 21.48 23.22 25.00 25.20 25.33 25.49 25.75 25.57 25.62 25.27 24.80 22.84 21.87 20.51 19.43 17.54 16.23 14.68 13.23 11.48 10.89  8.90  7.72  5.97  4.50  2.73  2.44
 5.71  6.85  8.30  9.57 11.03 12.27 13.77 15.00 16.55 18.38 20.19 21.49 23.22 23.49 24.14 24.24 24.36 24.39 24.52 25.14 26.73 27.83 29.80 30.77 32.67 34.06 35.20 36.36 36.27 36.21 36.02 36.02 35.85 35.68 35.53 35.44 35.28 35.27 35.24 35.23 35.51 36.12 36.97 37.05
traj-46:
 2.51  4.34  5.12  6.81  7.79  9.54 10.75 11.80 13.65 15.46 16.80 18.57 20.12 21.47 23.35 25.35 25.65 25.47 25.49 25.45 25.29 25.09 25.08 25.00 24.06 22.89 21.11 19.64 18.16 16.27 15.23 13.44 13.04 11.27 10.18  9.33  8.57  7.54  6.77  6.02  5.69
37.40 36.94 36.75 36.32 36.09 35.68 35.54 35.43 35.34 35.29 35.27 35.41 35.31 35.24 35.08 35.01 34.57 34.42 32.94 30.96 30.38 28.67 27.79 25.86 24.16 24.12 24.05 24.04 24.04 24.04 23.69 22.97 22.68 21.91 21.16 19.43 18.11 16.44 15.46 14.22 13.69
traj-47:
13.74 14.31 16.03 17.23 18.68 19.55 20.82 21.70 22.86 24.04 25.22 25.37 25.49 25.52 25.49 25.49 25.13 24.89 23.20 21.29 19.56 18.89 16.97 16.40 14.93 13.59 12.42 10.58  9.71  8.10  6.21  4.30
23.00 23.67 24.25 24.24 24.21 24.20 24.33 24.48 24.69 24.90 26.39 26.81 28.52 29.74 31.44 32.01 33.49 35.00 35.66 35.92 35.88 35.94 35.91 35.91 35.95 35.99 35.99 36.08 36.12 36.47 36.83 37.11
traj-48:
 1.94  3.17  3.90  5.77  7.34  8.62 10.58 11.72 13.63 15.07 16.60 18.37 20.13 21.35 22.40 23.81 25.14 25.59 25.44 25.48 25.37 25.08 25.05 25.06 24.52 23.29 22.11 20.62 19.18 17.40 15.89 14.94 14.29 13.25 12.06 11.25 10.62  9.52  8.67  8.02  7.36  7.04
37.52 37.87 38.01 38.22 38.66 38.95 38.96 38.89 38.69 38.36 38.21 37.67 37.42 37.31 37.16 36.33 35.36 33.99 32.47 30.81 30.24 28.28 26.88 25.73 24.69 24.10 24.11 24.12 24.11 24.00 22.84 21.55 20.58 19.44 17.86 16.36 15.04 13.60 12.22 11.08  9.36  8.70
traj-49:
12.61 13.03 13.49 13.80 14.18 15.89 17.66 19.36 20.55 22.03 23.21 24.44 25.58 26.10 26.55 26.51 26.39 26.34 26.02 25.72 23.89 22.17 20.40 19.33 17.46 15.63 13.65 12.44 10.82  9.25  7.70  6.68  5.31  3.88
18.89 19.69 21.26 22.41 23.35 24.27 24.21 24.27 24.27 24.27 24.41 24.78 25.55 26.57 27.73 28.75 30.62 31.90 33.59 35.15 35.94 36.56 36.29 36.21 35.98 36.21 36.08 35.89 35.51 35.68 35.88 36.02 36.40 36.71
traj-50:
 1.83  3.06  4.00  5.14  6.76  8.25 10.08 11.86 13.39 15.08 16.89 18.07 19.98 21.00 22.67 24.61 25.99 26.05 26.28 26.17 26.04 26.01 26.03 25.93 24.55 23.66 21.93 19.95 18.19 16.43 15.35 14.43 12.95 11.77 10.88  9.03
37.08 37.03 36.92 36.82 36.53 36.46 36.41 36.19 36.20 36.03 36.08 36.11 36.14 36.17 36.29 36.45 35.65 34.34 32.92 30.92 30.45 28.76 27.01 25.55 24.10 24.11 24.08 24.25 24.26 24.15 24.02 23.70 23.27 22.92 22.67 21.97
traj-51:
 8.03  9.32 10.95 11.78 12.65 13.67 15.21 15.57 16.57 17.40 18.79 19.69 21.45 22.89 24.05 25.12 25.34 25.53 25.72 25.72 25.69 24.03 22.21 20.35 18.96 17.59 16.14 14.27 13.43 11.52  9.61  7.65  6.07  4.40  3.54
16.49 17.47 18.60 19.30 20.07 21.31 22.51 22.70 23.47 24.01 24.01 24.03 24.28 24.57 24.83 26.03 27.56 29.31 30.65 32.29 34.20 35.11 35.55 35.68 35.88 35.87 35.88 36.05 35.98 36.12 36.17 36.07 35.78 35.54 35.39
traj-52:
 1.79  3.34  4.37  5.78  7.04  8.57 10.21 11.83 13.78 15.26 17.19 18.75 20.71 22.00 23.57 24.51 25.03 25.04 25.31 25.56 25.47 25.23 25.04 24.09 22.31 20.53 18.74 17.54 16.59 15.37 13.83 12.50 11.23  9.79  8.27  6.94  6.18
36.17 36.14 36.08 36.18 36.15 36.24 36.15 35.99 35.79 35.71 35.72 35.88 36.08 36.31 35.91 35.43 33.54 33.45 31.54 30.19 28.91 27.00 25.96 24.23 24.12 24.05 24.02 24.01 23.41 23.07 22.38 22.08 21.74 21.06 20.25 19.63 19.19
traj-53:
14.34 14.29 14.12 14.00 13.91 13.91 13.96 13.90 14.36 14.92 14.24 14.70 15.57 16.12 17.29 19.05 19.93 21.40 22.28 23.44 25.02 25.56 25.43 25.37 25.28 25.26 25.33 25.36 24.73 23.28 21.76 19.82 18.17 16.44 16.15 14.32 14.02 12.04 11.45  9.72  8.16  7.34  5.57  5.07  3.42  2.27
 7.73  8.02  9.98 10.82 12.00 13.65 15.14 16.97 17.77 19.02 20.27 21.66 22.63 23.35 24.19 24.43 24.45 24.52 24.56 24.58 24.61 26.39 26.97 28.84 30.55 31.10 32.99 33.57 35.09 36.42 37.13 36.84 36.30 35.86 35.80 35.55 35.52 35.43 35.37 35.40 35.68 35.81 36.46 36.55 37.33 37.78
traj-54:
 4.21  6.17  7.33  8.74 10.63 11.93 13.85 15.68 17.10 18.97 19.47 21.43 23.38 25.11 25.89 25.86 25.52 25.39 25.32 25.32 25.37 24.12 22.69 20.96 19.35 18.89 17.19 15.73 15.48 14.51 13.56 12.49 11.74 11.01 10.14  9.55  8.67  7.72
35.39 35.46 35.49 35.54 35.56 35.63 35.85 35.91 35.96 35.81 35.76 35.63 35.39 34.77 33.06 32.76 30.93 29.46 28.24 26.80 25.23 24.20 24.20 24.23 24.01 24.03 24.14 22.99 22.54 20.96 19.36 17.95 16.56 15.42 14.06 13.12 11.93 10.82
traj-55:
 6.83  7.58  8.27  9.19 10.85 12.76 12.91 14.75 15.74 17.09 17.97 19.41 21.13 23.00 24.36 25.03 25.06 25.08 25.11 25.28 25.44 25.36 24.65 22.67 21.15 19.35 17.84 16.67 14.89 13.35 12.19 10.47  8.60  8.24  6.42  5.54  3.87  3.52
19.79 20.83 21.74 22.33 23.34 23.50 23.49 24.12 24.32 24.31 24.29 24.17 24.07 24.20 24.68 25.98 26.58 28.17 29.33 31.20 32.96 34.66 35.93 36.15 35.95 35.83 35.68 35.67 35.49 35.57 35.58 35.63 35.87 35.86 36.32 36.51 37.08 37.35
traj-56:
 4.09  5.67  6.60  8.53 10.07 11.55 12.37 13.60 15.13 16.09 17.76 18.34 20.10 21.04 22.51 24.27 25.84 26.15 26.18 26.16 26.04 25.74 25.44 25.33 23.42 21.94 21.35 19.59 18.71 17.85 17.40 15.79 14.93 13.75 12.96 12.10 11.46 10.59  9.81  9.35
37.40 37.09 36.98 36.69 36.40 36.19 35.95 35.95 35.83 35.78 35.82 35.87 35.92 35.77 35.66 35.59 34.50 34.18 32.41 30.62 29.12 27.46 25.50 24.04 24.56 24.64 24.63 24.68 24.53 24.32 24.13 23.40 22.59 21.36 19.76 18.01 16.75 15.04 13.26 12.58
traj-57:
 4.91  5.69  7.03  8.23 10.18 11.73 13.27 14.84 16.61 17.25 18.15 19.93 21.72 22.61 24.08 25.16 25.22 25.31 25.27 25.43 25.48 24.56 22.88 20.96 20.00 18.13 16.50 14.93 12.95 11.57 10.01  8.84  7.04  5.49  4.83  2.95  2.65
22.97 23.05 23.14 23.13 23.17 23.00 22.81 22.62 23.54 24.01 24.03 24.06 24.07 24.05 24.12 25.78 27.50 28.81 30.53 32.35 34.17 35.65 35.56 35.58 35.54 35.56 35.53 35.51 35.49 35.51 35.34 35.42 35.61 35.68 35.73 35.92 35.90
traj-58:
 2.17  3.06  4.71  6.50  8.33  8.63 10.49 12.41 14.38 15.64 16.62 17.62 18.75 20.41 21.85 23.04 24.46 25.71 25.78 25.60 25.47 25.33 25.14 24.11 22.64 21.52 20.07 19.20 18.01 16.26 15.09 13.35 13.27 12.97 13.26 13.37 13.37
36.51 36.57 36.72 36.60 36.41 36.37 36.18 35.98 35.79 35.85 36.04 36.26 36.38 36.77 36.49 36.37 35.40 34.02 32.14 30.43 28.51 26.70 25.96 24.26 24.32 24.40 24.47 24.54 24.58 24.46 24.30 23.92 22.21 20.46 18.66 16.79 15.09
traj-59:
 8.61  8.12  7.68  7.44  7.00  6.62  6.40  6.25  6.88  7.84  8.88 10.13 12.11 13.25 14.66 16.42 17.02 18.76 19.76 21.38 22.47 24.23 25.15 25.30 25.36 25.39 25.34 25.26 24.61 23.75 22.21 20.54 19.38 17.85 16.81 14.82 13.27 11.81 10.26  8.90  8.19  6.26  4.52  3.63  2.55
 8.00  9.91 11.54 13.30 14.86 16.02 17.50 18.22 19.84 21.14 22.53 23.97 24.14 24.33 24.54 24.64 24.64 24.59 24.56 24.54 24.55 24.81 26.55 28.42 29.53 31.28 32.43 33.61 35.15 35.52 35.76 35.88 35.74 35.61 35.57 35.49 35.39 35.39 35.39 35.47 35.44 35.69 35.89 36.40 37.01
traj-60:
 2.23  3.52  5.50  6.70  8.33 10.26 12.14 13.81 15.29 16.78 18.43 19.56 21.56 23.02 24.72 26.45 26.87 26.72 26.24 25.90 25.87 25.29 25.02 24.05 22.82 22.05 20.57 19.98 18.55 17.42 15.87 15.55 15.29 14.64 14.21 13.48 13.04
35.47 35.50 35.67 35.67 35.90 35.73 35.94 36.03 35.90 35.86 35.76 35.77 35.71 35.81 35.89 35.63 33.85 32.83 31.09 29.22 28.46 26.75 24.90 24.74 24.44 24.37 24.36 24.38 24.30 24.28 23.55 21.75 21.31 19.53 18.41 16.75 15.93
traj-61:
 5.69  6.77  8.53  9.72 10.62 12.09 13.25 15.00 16.19 17.66 18.51 19.93 21.71 23.47 24.05 25.22 25.32 25.44 25.65 25.62 25.47 24.17 23.59 21.72 20.73 19.38 17.53 15.98 14.51 12.80 11.35  9.48  7.55  5.84  4.24
22.27 22.54 23.06 23.61 23.72 24.10 24.35 24.68 24.73 24.77 24.80 24.67 24.62 24.72 24.82 26.37 28.11 30.06 31.83 32.13 33.89 35.06 35.13 35.07 35.15 35.11 35.22 35.36 35.36 35.41 35.47 35.55 35.57 35.46 35.39
traj-62:
 2.27  3.33  4.78  6.49  6.95  8.49 10.41 11.79 12.58 14.39 15.44 17.28 18.58 19.60 20.91 22.14 23.72 25.04 25.22 25.33 25.34 25.15 25.13 25.06 24.27 22.62 22.04 20.54 18.78 16.92 15.51 14.94 14.14 13.14 12.31 11.61 10.74 10.02  9.58  8.74  8.05  7.43  6.50  5.98
35.91 35.88 35.93 35.88 35.90 35.75 35.94 35.96 35.90 35.87 36.00 35.98 35.82 35.61 35.42 35.42 35.11 34.57 32.84 31.95 29.96 27.97 27.51 25.70 24.28 24.09 24.05 24.02 24.06 24.08 23.36 22.02 20.48 18.80 17.36 16.23 14.58 13.28 12.16 10.38  9.08  7.81  6.23  4.96
traj-63:
15.63 15.87 16.05 15.94 15.85 16.11 15.74 15.95 16.13 16.73 16.96 17.56 19.03 20.80 22.29 23.19 24.38 25.26 25.66 26.34 26.27 26.08 26.14 25.98 25.44 23.66 23.23 21.28 19.70 18.12 17.50 15.54 13.72 11.89  9.97  8.00  6.39  5.69  4.10
11.00 12.52 14.21 16.15 17.27 18.80 20.15 21.64 22.33 23.81 24.01 24.01 24.01 24.02 24.07 24.09 24.10 25.54 26.63 28.23 28.61 30.41 31.32 33.10 34.99 35.54 35.75 36.07 36.10 36.28 36.27 36.20 36.05 36.01 36.10 36.18 36.05 36.01 35.89
traj-64:
 3.95  5.19  7.11  7.50  9.40 10.39 12.00 13.64 15.10 16.61 17.43 19.11 21.07 22.93 24.31 24.66 25.25 25.25 25.25 25.09 25.02 25.02 25.00 23.26 21.81 20.06 18.32 17.00 15.81 14.59 13.26 11.57 10.60  9.79  8.39  7.53  6.32
36.25 36.15 36.02 36.11 35.95 35.85 35.73 35.68 35.75 35.72 35.52 35.73 35.93 35.74 35.59 35.26 33.70 32.52 30.78 29.06 27.33 25.90 24.78 24.44 24.36 24.25 24.18 24.06 23.71 22.96 22.08 21.11 20.25 19.59 18.45 17.91 17.05
traj-65:
 8.07  8.27  8.43  8.60  8.75  8.98  9.49  9.83 10.42 11.05 11.92 12.71 13.64 14.97 16.25 16.51 17.97 19.74 21.19 22.06 23.23 24.38 25.01 25.19 25.46 25.66 25.71 25.82 25.94 25.95 24.09 22.15 21.09 19.76 18.08 16.95 15.34 14.32 12.38 10.68  9.70  7.82  6.19  4.36  3.73
 5.93  7.23  8.97 10.22 11.34 12.37 13.82 15.37 16.87 18.55 19.30 20.72 21.52 22.65 23.99 24.15 24.15 24.25 24.31 24.37 24.45 24.64 25.72 27.11 28.72 30.43 31.01 32.44 33.90 35.68 36.38 36.42 36.72 36.22 35.84 35.66 35.66 35.70 36.14 36.11 36.13 36.26 36.28 36.41 36.46
traj-66:
 2.68  4.13  6.00  7.61  8.98 10.04 11.88 12.17 13.33 15.07 16.53 18.13 19.44 20.32 22.06 23.44 25.33 25.76 25.91 25.91 25.92 25.74 25.84 25.43 25.39 25.22 23.46 21.68 20.36 19.34 18.17 16.41 15.70 13.99
36.09 36.09 36.10 36.12 36.06 36.04 36.08 36.01 36.05 36.19 36.01 35.81 35.68 35.61 35.83 35.80 36.25 34.29 32.32 31.96 31.00 29.25 27.50 26.21 25.42 23.49 24.37 24.30 24.23 24.18 24.12 24.06 23.74 23.15
traj-67:
 5.08  5.72  6.51  7.57  8.81  9.89 10.60 11.32 12.32 13.18 14.04 14.73 15.51 15.92 17.39 18.83 20.30 21.19 22.35 24.10 25.09 25.37 25.36 25.40 25.55 25.48 24.06 23.36 21.43 19.97 18.72 17.62 15.99 14.53 13.77 12.36 10.77  9.28  7.43  6.10  4.17  2.93  1.83
 4.80  6.00  7.69  9.25 10.49 11.68 13.22 14.83 16.48 17.99 19.15 20.37 22.19 22.96 24.17 24.21 24.26 24.30 24.37 24.41 25.82 27.43 29.17 30.79 32.47 33.67 35.05 35.80 35.80 36.00 36.06 36.12 36.07 36.05 36.07 36.04 36.13 35.90 35.64 35.71 35.60 35.52 35.42
traj-68:
 3.63  5.58  7.39  9.05 11.02 12.30 13.83 15.73 17.10 18.28 19.60 20.59 22.40 23.35 25.15 26.30 26.26 26.18 25.91 25.65 25.36 25.05 24.29 22.83 21.96 20.06 19.17 17.97 16.31 15.21 15.01 13.69 12.62 10.90
35.93 35.80 35.56 35.49 35.59 35.55 35.64 35.83 35.89 35.98 35.90 35.99 36.31 36.40 36.35 34.93 33.17 32.02 30.32 28.39 27.59 25.91 24.57 24.35 24.21 24.05 24.08 24.09 23.11 21.54 21.32 20.09 19.95 19.57
traj-69:
13.17 13.43 13.84 13.99 14.45 14.74 14.95 15.28 15.73 15.95 16.88 17.80 18.13 19.88 21.64 23.12 24.01 25.24 25.64 25.72 25.77 25.91 25.88 25.91 25.84 24.80 23.03 21.65 20.52 19.01 17.71 16.29 14.45 12.47 11.05  9.93  8.72  7.13  5.79  4.88  2.89  2.43
10.23 11.64 13.43 14.12 15.76 17.09 17.92 19.20 21.06 22.17 23.42 24.03 24.04 24.10 24.26 24.38 24.46 25.28 26.95 28.04 29.32 30.91 32.76 34.06 35.01 35.95 36.02 35.94 35.86 35.82 35.72 35.63 35.56 35.69 35.67 35.53 35.47 35.47 35.38 35.31 35.18 35.13
traj-70:
 4.32  6.07  7.76  9.24 11.05 12.49 13.35 14.70 15.71 17.29 18.11 19.83 20.99 21.38 22.03 23.67 24.59 25.10 25.09 25.09 25.09 25.03 25.05 24.16 22.68 21.51 19.94 19.48 17.69 16.13 15.91 14.81 13.90 12.99 12.04 11.43 10.56  9.58  8.68  7.90
36.14 36.23 36.17 36.14 35.94 35.76 35.76 35.69 35.76 35.68 35.64 35.58 35.31 35.22 35.12 35.46 35.05 33.22 32.63 31.19 29.22 27.36 25.61 24.13 24.06 24.10 24.10 24.07 24.09 23.12 23.02 21.44 20.31 18.54 17.09 16.12 14.68 13.27 11.78 10.32
traj-71:
 5.22  6.19  6.86  7.55  7.72  8.12  8.91  9.63 10.98 11.91 13.31 14.37 15.78 17.56 19.31 20.79 21.69 23.18 24.07 25.06 25.26 25.39 25.49 25.68 25.62 24.77 23.34 21.40 20.19 18.50 18.04 16.47 14.79 13.99 12.78 11.12  9.14  7.50  6.14  4.73  3.95
 9.69 11.30 12.70 13.99 14.35 15.03 16.44 17.87 19.27 20.03 21.35 22.33 23.65 24.15 24.34 24.25 24.28 24.40 24.49 26.18 27.63 29.15 30.59 32.58 33.47 35.17 36.41 36.57 36.62 36.53 36.52 36.42 36.27 36.15 35.93 35.74 35.64 35.52 36.06 36.46 36.80
traj-72:
 1.93  2.62  3.93  5.71  7.58  8.14  9.60 10.90 11.95 13.70 14.70 16.40 18.12 18.70 20.35 22.02 23.95 25.15 25.42 25.57 25.71 25.63 25.43 25.11 25.06 24.21 22.23 22.13 20.23 18.75 17.59 16.72 15.32 14.50 13.09 12.45 11.29 11.20 11.01 10.83 10.66 10.59 10.63
37.86 37.80 37.62 37.37 37.19 37.04 36.80 36.79 36.71 36.55 36.16 36.09 36.24 36.21 36.09 35.66 35.27 34.05 32.71 31.73 30.34 28.44 27.68 25.87 25.57 24.08 24.08 24.08 24.29 24.26 24.29 24.28 23.27 22.26 21.88 21.60 19.98 18.39 16.46 14.58 12.99 11.63 10.82
traj-73:
 7.99  7.97  8.30  8.56  9.66 10.46 11.75 12.17 12.59 12.60 12.84 12.46 13.18 14.72 15.89 17.65 19.39 20.55 22.32 24.23 25.08 25.25 25.36 25.44 25.50 25.72 25.60 25.24 24.74 23.23 22.34 20.84 19.27 17.31 15.68 14.24 12.51 10.53  9.26  8.20  6.72  4.87  2.92
14.47 14.77 16.50 17.03 18.10 18.58 20.05 20.79 21.30 23.04 23.89 23.77 23.84 24.13 24.21 24.29 24.28 24.42 24.40 24.40 25.31 26.84 27.92 29.26 30.09 31.98 33.18 34.01 35.33 36.12 36.06 35.94 36.06 36.24 36.13 36.24 36.54 36.52 36.60 36.50 36.44 36.24 36.17
traj-74:
 2.36  3.91  5.63  6.14  7.94  9.02 10.77 12.76 13.04 13.34 15.21 17.02 19.00 19.32 21.16 23.02 24.12 25.61 26.11 26.23 26.31 26.17 25.65 25.17 24.25 23.21 21.45 19.69 18.80 17.65 16.04 15.53 14.73 14.27 14.08 13.39 13.72 13.74 13.54 13.47 13.38 13.39
36.43 36.35 36.20 36.14 35.83 35.75 35.90 35.88 35.88 35.88 35.82 35.90 35.63 35.48 35.38 35.09 35.02 34.34 32.93 32.35 30.59 29.54 27.65 26.20 24.64 24.27 24.14 24.20 24.16 24.12 23.18 22.02 20.39 18.54 17.99 16.27 14.69 13.95 12.24 11.29  9.50  7.88
traj-75:
13.05 12.97 12.88 12.79 12.76 12.73 12.62 12.48 12.76 12.91 13.55 13.86 14.57 15.11 15.51 16.30 17.91 19.70 20.90 22.39 24.28 25.19 25.24 25.59 25.62 25.49 25.29 25.14 25.14 24.11 22.25 20.31 18.35 18.04 16.49 15.05 13.51 11.51 10.49  8.78  7.16  5.88  4.19
 4.73  6.05  7.12  8.37  9.44 10.48 11.90 13.13 14.81 15.79 17.62 18.26 19.66 20.89 21.65 23.06 24.02 24.03 24.04 24.06 24.41 26.01 26.30 28.25 29.32 30.43 32.09 33.84 34.14 35.02 35.27 35.21 35.25 35.33 35.57 35.51 35.49 35.57 35.59 36.20 36.92 37.35 37.81
traj-76:
 2.28  3.71  4.84  6.57  8.30  9.53 11.02 12.81 13.98 15.46 16.78 18.64 19.89 21.77 23.49 23.99 25.61 25.71 25.78 26.00 26.21 26.01 25.28 24.04 23.44 21.68 19.93 19.03 17.28 16.39 15.93 14.90 14.18 13.17 12.78 12.18 11.63 10.64  9.87  9.07
37.57 37.35 37.18 36.95 36.67 36.55 36.39 36.25 36.00 35.79 35.67 35.45 35.35 35.16 35.03 35.02 34.24 32.89 30.89 29.18 27.97 26.88 25.42 24.60 24.54 24.33 24.11 24.08 24.01 23.34 22.39 20.73 18.92 17.24 16.35 15.29 14.35 12.82 11.61 10.50
traj-77:
10.49 11.53 12.30 13.08 14.63 15.26 16.82 18.59 20.34 21.78 22.67 24.61 25.36 26.15 25.63 25.40 25.30 25.18 25.08 23.35 23.05 21.12 20.82 20.19 18.66 18.19 16.43 15.24 13.38 12.10 10.58  9.33  7.98  7.34  5.85  5.21  3.59  2.41
19.44 20.73 21.51 22.05 22.98 23.40 24.10 24.22 24.23 24.19 24.17 24.49 25.61 27.19 29.11 30.27 31.44 33.15 34.35 35.09 35.03 35.15 35.15 35.43 35.67 35.81 36.31 36.71 37.02 37.38 37.55 37.69 37.47 37.43 37.20 36.89 36.16 35.91
traj-78:
 3.29  4.76  6.63  8.57  9.20 10.59 12.37 13.97 14.84 16.12 17.01 18.10 19.53 20.67 22.59 24.16 25.88 26.04 26.38 26.50 26.70 26.60 26.30 25.58 25.32 24.22 23.68 21.92 20.75 18.98 17.21 16.05 15.18 13.48 11.61 10.65  9.35  9.14  8.42  8.05  7.49
36.04 35.66 35.64 35.71 35.74 35.72 35.85 36.11 36.03 36.05 36.04 36.23 36.32 36.39 36.64 36.69 36.26 36.01 34.10 32.93 31.46 30.08 28.55 26.81 26.27 24.76 24.77 24.67 24.61 24.51 24.46 24.22 24.05 23.55 22.89 22.27 21.32 20.85 19.53 18.73 17.59
traj-79:
 4.75  5.38  5.57  5.99  6.85  8.30  8.97 10.16 11.41 12.01 13.47 14.71 15.90 16.10 17.67 19.44 21.17 22.93 23.53 25.33 25.22 25.16 25.28 25.43 25.62 25.50 24.47 23.19 21.19 19.59 18.10 16.21 15.13 14.02 12.34 11.05  9.33  8.73  7.45  5.68  3.96  3.57
12.02 13.79 14.56 16.28 17.99 18.64 19.05 19.76 20.58 20.82 21.48 22.28 23.16 23.38 24.21 24.43 24.36 24.26 24.26 24.95 26.71 27.30 29.03 30.68 32.63 34.10 35.63 36.30 36.39 35.85 35.86 35.62 35.53 35.54 35.50 35.51 35.34 35.30 36.12 36.20 36.95 37.33
traj-80:
 2.31  2.97  4.40  5.66  6.85  8.74 10.31 11.88 13.38 14.97 16.33 17.02 18.98 19.27 21.00 22.20 23.98 24.26 26.15 26.22 26.49 26.59 26.56 26.22 25.69 25.21 23.56 22.68 21.21 20.63 18.95 17.67 16.14 15.65 14.89 14.02 13.65 12.68 11.98 11.07 10.87 10.05  9.64  8.99  8.05  7.68  7.04  6.54  6.24
37.62 37.42 37.16 36.88 36.60 36.20 35.75 35.78 35.90 35.88 36.06 36.16 36.54 36.49 36.50 36.83 36.96 37.06 36.61 35.15 33.37 31.60 29.86 28.53 26.80 25.05 24.45 24.42 24.38 24.38 24.29 24.22 23.22 21.33 20.68 19.15 18.34 16.84 15.45 13.94 13.56 11.94 11.28 10.08  8.46  7.83  6.53  5.39  4.63
traj-81:
15.43 15.51 15.70 16.19 17.46 19.21 19.51 21.27 22.68 24.12 25.87 26.02 26.38 26.52 26.65 26.83 26.89 26.98 25.99 25.02 23.74 22.70 21.34 20.13 18.50 17.55 16.38 14.45 12.96 11.75  9.99  8.43  7.53  6.08  4.16  2.18
19.97 20.95 21.97 23.61 24.27 24.32 24.34 24.44 24.57 24.74 25.55 26.62 28.29 29.37 30.77 32.68 33.87 35.64 37.17 37.35 37.39 36.83 36.55 36.51 36.42 36.46 36.42 36.12 35.99 35.86 35.87 35.78 35.75 35.82 35.70 35.55
traj-82:
 4.34  4.97  6.77  7.94  9.67 11.03 12.67 14.10 15.86 17.21 18.91 20.89 21.74 21.94 22.61 23.32 25.15 25.29 25.43 25.49 25.65 25.42 25.40 24.63 23.88 22.44 20.68 19.53 18.35 17.18 15.87 15.23 13.72 12.18 10.62  9.27  7.63  6.61  5.23  4.41
35.26 35.24 35.11 35.18 35.24 35.28 35.33 35.42 35.48 35.46 35.46 35.51 35.48 35.25 35.12 35.01 34.22 32.36 31.03 30.13 28.17 26.21 25.59 24.21 24.53 24.79 24.77 24.51 24.31 24.13 23.55 23.07 22.04 20.77 19.54 18.70 17.59 16.85 15.82 15.17
traj-83:
 7.64  8.84 10.28 10.58 12.37 12.63 13.70 15.47 17.14 18.04 19.77 20.36 22.11 24.06 25.18 25.26 25.15 25.15 25.13 25.15 25.07 24.83 23.35 22.05 20.20 18.41 17.32 15.97 14.51 12.88 11.05  9.28  8.05  6.23  4.57  3.56
21.50 21.96 22.62 22.66 23.47 23.62 24.19 24.32 24.40 24.42 24.42 24.38 24.17 24.06 25.17 26.45 27.80 29.27 31.02 32.47 34.22 35.02 35.55 35.63 36.02 35.87 35.76 35.76 35.82 35.88 36.16 36.48 36.79 37.12 37.02 36.45
traj-84:
 2.13  2.55  4.40  6.28  8.16  9.03 10.81 11.63 12.35 13.18 15.05 16.63 18.43 20.39 21.43 23.06 23.99 25.77 26.10 26.26 26.51 26.68 26.84 26.62 26.64 25.65 25.43 23.64 21.94 20.21 19.06 17.87 16.29 15.20 14.05 13.72 13.77 13.59 13.58 13.48
35.90 35.79 35.56 35.34 35.51 35.66 35.68 35.66 35.65 35.61 35.67 35.50 35.65 35.86 36.23 36.76 37.17 36.30 34.96 33.49 31.72 30.27 29.11 27.93 26.64 24.95 24.74 24.60 24.59 24.40 24.29 24.19 23.22 21.56 20.07 19.03 17.06 15.59 14.09 12.49
traj-85:
 7.39  9.04  9.63 11.32 13.20 13.72 15.71 17.64 19.54 21.32 22.50 24.24 25.30 25.84 25.96 26.10 26.00 25.81 25.49 24.01 23.34 21.57 20.93 20.19 18.98 17.43 15.50 13.91 12.92 11.04  9.18  8.12  6.56  5.09  3.45
22.91 23.25 23.36 23.49 23.69 23.77 24.04 24.02 24.10 24.17 24.15 24.18 25.46 26.49 28.38 30.32 31.57 33.05 33.88 35.10 35.19 35.09 35.17 35.52 35.54 35.87 35.69 35.93 36.26 36.27 36.47 36.66 37.02 37.28 37.59
traj-86:
 4.32  4.78  6.31  8.13  9.61 10.81 12.46 13.45 15.31 15.89 17.36 19.28 20.18 21.31 22.13 22.85 24.69 25.86 25.83 26.07 25.92 25.94 25.66 25.24 24.44 22.49 20.74 19.84 18.66 17.20 15.56 14.04 13.34 13.00 11.78 11.22 10.10  9.24  8.25  7.74  7.09  6.56  6.17  5.87
37.84 37.56 37.28 36.81 36.31 35.99 35.73 35.60 35.50 35.66 35.89 35.90 36.01 35.46 35.28 35.20 35.19 34.15 32.96 31.49 29.55 28.98 27.28 25.90 24.69 24.28 24.31 24.34 24.38 24.28 24.19 22.92 22.16 20.42 19.05 18.25 16.76 15.07 13.41 11.54  9.86  8.35  7.27  6.43
traj-87:
16.12 17.80 19.29 21.12 22.83 24.28 25.13 25.84 26.08 25.81 25.62 25.47 25.32 23.53 22.00 20.18 18.45 17.73 16.14 14.99 13.66 12.82 11.33  9.58  7.95  6.06  4.27  3.02
23.19 24.09 24.07 24.17 24.29 24.53 25.57 27.00 27.82 29.31 30.93 32.76 34.70 35.20 35.37 35.46 35.63 35.70 35.62 35.57 35.77 35.82 35.82 36.08 36.11 36.35 37.08 37.70
traj-88:
 2.48  3.02  4.81  5.73  7.39  8.94 10.66 12.14 13.75 15.17 16.99 18.35 20.10 21.97 23.90 25.26 25.43 25.40 25.45 25.44 25.45 25.33 25.30 24.19 22.40 20.64 19.14 17.83 16.73 16.51 15.83 15.60 15.01 14.21 13.80 13.21 13.03 12.47 11.99 11.70
37.45 37.40 37.28 37.16 36.98 36.88 36.69 36.40 36.19 36.02 35.89 35.84 35.66 35.55 35.43 34.07 32.78 31.41 30.05 28.56 27.92 26.54 24.95 24.04 24.08 24.14 24.15 24.14 23.49 22.98 21.21 19.83 18.36 16.68 15.76 14.33 13.35 11.60  9.90  8.88
traj-89:
12.05 11.94 11.92 12.02 11.95 12.15 12.24 12.14 11.86 11.55 11.12 11.03 12.56 13.51 14.64 16.13 17.88 19.34 20.81 21.69 23.40 25.16 25.16 25.19 25.19 25.17 25.26 25.19 25.16 23.75 22.76 20.78 19.51 18.13 17.19 15.46 13.82 11.98 10.05  8.40  7.07  5.93  4.20  3.07
 4.95  5.74  7.20  9.00 10.59 12.38 14.37 16.27 18.07 19.62 20.98 22.95 24.17 24.26 24.30 24.33 24.40 24.43 24.43 24.50 24.74 25.41 25.99 27.69 29.14 29.74 31.44 33.22 34.98 36.23 36.20 36.43 36.63 36.93 37.29 37.09 36.80 36.20 35.84 36.30 36.62 36.84 37.21 37.44
traj-90:
 3.17  4.36  5.19  6.79  8.43 10.23 10.56 12.09 13.59 15.14 16.07 16.82 18.15 20.08 21.04 22.72 24.23 25.22 25.33 25.36 25.30 25.25 25.22 25.20 24.22 23.64 21.83 20.05 19.45 17.67 16.30 15.71 15.33 15.02 14.75 14.29 13.80 13.11 12.33 11.66 11.11 10.52 10.18  9.32
35.27 35.29 35.29 35.25 35.37 35.36 35.40 35.54 35.58 35.75 35.85 35.90 35.93 35.79 36.05 35.54 35.25 34.30 32.62 31.50 30.15 28.47 26.84 25.88 24.34 24.19 24.11 24.15 24.16 24.20 23.40 21.74 20.56 19.59 18.64 17.07 15.32 13.95 12.37 10.82  9.56  8.16  7.33  5.57
traj-91:
15.83 15.36 15.05 14.71 14.65 14.59 14.62 14.65 15.25 15.82 16.38 16.65 17.77 18.37 20.14 20.74 22.47 24.38 25.21 25.51 25.50 25.57 25.77 25.76 25.32 25.28 24.48 24.45 22.60 21.58 20.46 18.63 16.92 15.42 14.04 12.71 11.12  9.67  7.96  6.31  5.50  3.64  2.43
 9.95 11.51 12.47 14.36 15.66 16.41 18.21 18.51 20.29 21.71 22.87 23.41 24.16 24.19 24.24 24.26 24.31 24.32 25.36 27.32 28.07 29.98 31.80 32.10 33.98 34.28 35.87 36.88 37.35 37.24 37.05 36.73 36.49 36.41 36.25 36.16 36.17 36.01 35.90 35.81 35.66 36.06 36.26
traj-92:
 2.90  4.81  6.12  8.09  9.49 11.14 12.44 14.41 15.86 17.34 19.00 20.67 22.66 24.36 25.06 25.51 25.78 25.95 26.00 25.88 25.83 25.74 25.65 24.62 22.88 21.45 20.26 18.99 17.87 16.35 14.90 13.50 12.77 11.75 11.00 10.26  9.68  9.48  9.13  8.88
35.85 35.98 36.05 36.07 36.17 36.24 36.18 36.29 36.18 36.11 36.08 36.11 36.01 35.21 34.35 33.43 33.25 32.28 31.00 29.61 28.37 27.29 26.23 24.53 24.25 24.12 24.13 24.20 24.30 24.35 24.25 23.24 21.90 20.26 18.91 17.88 17.03 15.06 13.13 12.08
traj-93:
 7.76  8.06  8.34  8.62  9.14  9.50 10.12 11.38 12.49 14.26 14.85 16.64 18.10 19.00 20.76 22.22 24.10 25.04 25.20 25.37 25.58 25.61 25.58 24.15 23.06 21.89 19.97 18.39 17.51 15.69 13.76 11.87 10.36  8.83  7.15  5.73  3.90
16.40 18.13 19.24 20.91 22.84 23.05 23.44 24.12 24.25 24.42 24.41 24.47 24.53 24.56 24.59 24.54 24.53 25.91 27.61 29.25 31.22 31.77 33.77 35.07 36.21 36.09 35.89 35.82 35.77 35.65 36.07 36.47 36.71 36.92 36.98 37.14 37.73
traj-94:
 3.51  5.17  6.25  8.00  9.51 11.02 12.55 14.52 15.69 17.50 18.99 20.14 21.51 22.95 23.51 25.25 25.63 25.91 26.05 26.22 26.51 25.40 24.14 22.40 22.10 20.33 19.75 18.01 17.71 16.47 15.88 14.75
35.77 35.60 35.52 35.54 35.57 35.55 35.65 35.90 35.91 36.03 36.13 36.04 35.42 35.10 35.05 34.26 33.07 31.33 30.21 29.00 27.33 25.73 24.76 24.48 24.46 24.29 24.23 24.07 24.04 23.20 22.21 22.52
traj-95:
 9.48  9.77 11.52 12.71 14.44 15.50 16.68 17.52 18.69 20.15 21.89 22.19 24.16 25.25 25.83 26.16 26.15 26.11 25.83 25.80 25.50 24.03 22.09 20.55 19.83 18.03 16.05 14.38 12.57 10.71  8.92  7.68  6.86  5.02  3.91  2.73
23.30 23.36 23.51 23.80 23.93 24.03 24.18 24.19 24.31 24.38 24.42 24.44 24.70 25.67 26.59 27.55 29.33 29.63 31.37 32.57 34.21 35.10 35.04 35.25 35.30 35.54 35.71 35.74 35.76 35.66 35.56 35.58 35.77 35.88 36.35 36.82
traj-96:
 1.80  3.49  5.05  6.34  7.64  9.36 10.95 12.92 14.79 16.74 18.52 18.89 20.52 21.71 22.94 24.53 25.17 25.60 25.80 25.83 25.72 26.12 26.14 24.75 23.00 22.41 20.64 20.34 18.36 17.77 16.28 14.89 14.49 14.10 13.58 12.97 12.14 11.38 10.65  9.87  9.13  8.28
36.90 36.81 36.86 36.82 36.99 37.17 37.28 37.30 37.44 37.55 37.09 37.03 36.90 36.70 36.38 36.02 35.32 34.13 32.18 30.39 28.56 27.27 26.01 24.82 24.50 24.43 24.31 24.28 24.27 24.29 24.26 23.61 22.40 20.44 19.50 18.07 16.68 15.10 13.75 12.06 10.57  8.77
traj-97:
 4.73  5.47  6.72  8.59  9.86 11.28 12.85 13.65 13.77 15.48 16.38 17.54 19.23 20.42 22.22 23.11 24.33 25.12 25.11 25.23 25.38 25.40 25.15 24.80 24.41 23.36 21.42 20.05 19.29 17.49 15.53 14.08 12.64 10.77  9.98  8.09  6.26  4.67  4.25
19.94 20.07 20.19 20.66 20.79 20.72 21.72 22.33 22.46 23.21 23.46 24.04 24.04 24.05 24.01 24.01 24.55 26.02 28.01 29.46 31.29 31.87 33.48 35.11 35.74 35.86 35.98 36.11 36.15 36.05 35.99 35.84 35.71 35.50 35.53 35.79 36.09 36.44 36.85
traj-98:
 3.79  4.51  6.22  7.66  8.95  9.75 11.67 13.30 14.90 16.77 17.29 18.89 20.22 20.88 22.29 24.05 25.06 25.30 25.33 25.21 25.17 25.17 25.17 24.43 22.46 21.87 20.41 19.51 17.83 16.79 16.48 16.30 15.40 14.00 13.22 12.58 12.11 11.30
35.87 35.80 35.78 35.67 35.64 35.74 35.80 35.81 36.11 36.10 36.14 35.99 36.24 36.36 36.59 35.90 34.51 32.68 32.38 30.40 28.94 27.26 25.74 24.36 24.06 24.05 24.04 24.04 24.06 23.35 21.60 20.56 19.28 17.90 16.86 15.91 15.09 13.88
traj-99:
14.89 14.92 15.30 15.52 15.71 15.97 16.26 16.34 16.40 16.21 16.19 16.47 17.98 19.71 21.47 23.22 25.14 25.15 25.27 25.43 25.38 25.23 25.04 24.54 24.34 22.51 20.61 19.44 18.07 17.38 15.47 14.15 12.57 10.61  9.26  8.29  6.91  5.26  3.74  2.55
 9.16  9.81 11.67 12.49 13.33 14.75 16.21 17.40 19.39 21.12 21.42 23.37 24.15 24.19 24.46 24.64 24.90 26.68 27.99 29.42 30.60 32.37 33.51 35.25 35.81 36.58 36.08 36.01 36.09 36.14 35.85 35.65 35.79 35.52 35.49 35.55 35.49 35.40 35.37 35.37
traj-100:
 3.22  4.95  5.93  7.40  9.02 10.79 12.04 13.99 14.76 16.31 17.98 19.84 21.56 22.66 24.50 25.20 25.20 25.25 25.32 25.34 25.45 25.35 24.11 22.33 21.44 20.26 18.50 17.33 16.83 16.51 16.24 15.80 14.87 14.37 13.61 12.75 11.82 11.02 10.34  9.56  8.85  8.55
35.88 35.81 35.77 35.77 35.79 35.90 36.00 36.02 36.07 36.20 36.26 36.20 36.04 36.05 35.40 33.59 33.29 31.54 29.87 27.92 27.43 25.71 24.73 24.59 24.48 24.29 24.14 24.09 23.79 22.39 21.27 19.58 18.21 17.53 16.40 14.90 13.38 11.83 10.56  8.99  7.46  6.76
traj-101:
 7.72  9.14 10.86 12.16 13.43 14.46 15.84 17.53 18.99 20.77 21.94 22.81 24.19 25.13 25.32 25.50 25.59 25.40 25.21 25.12 23.77 22.20 20.60 18.89 16.98 14.99 13.22 12.16 10.48  8.62  7.47  5.92  5.07  3.47  3.10
19.20 19.94 20.81 21.54 22.39 22.94 23.79 24.23 24.20 24.17 24.16 24.16 24.29 25.99 27.00 28.56 29.97 31.76 33.24 34.11 35.49 36.18 36.08 36.09 36.58 36.69 36.87 36.92 36.73 36.49 36.60 36.70 36.78 37.60 37.83
traj-102:
 2.42  4.11  4.82  6.82  7.58  9.41 11.07 12.16 13.77 15.38 17.12 18.80 19.59 21.54 23.30 24.73 25.27 25.35 25.44 25.43 25.49 25.35 25.06 24.22 22.85 21.10 19.31 17.57 16.34 15.25 14.55 14.08 13.44 12.36 11.82
37.59 37.55 37.49 37.48 37.50 37.26 37.11 36.93 36.76 36.64 36.53 36.35 36.39 36.06 35.93 35.27 33.59 31.85 30.19 28.53 28.12 26.47 25.65 24.30 24.14 24.07 24.06 24.04 23.40 22.04 20.51 19.58 18.27 16.87 16.07
traj-103:
13.88 14.39 14.99 15.05 15.30 16.22 17.65 18.24 19.70 21.46 23.20 24.08 25.12 25.17 25.12 25.15 25.19 25.17 25.16 24.27 23.06 21.21 19.52 19.22 17.34 15.34 15.05 13.15 11.46 11.15  9.38  8.44  6.74  4.85  2.94  2.08
14.81 16.73 18.64 20.14 21.48 23.08 24.12 24.22 24.46 24.44 24.38 24.35 26.04 27.18 28.34 29.41 31.14 32.86 34.04 35.14 35.51 35.80 36.02 36.07 35.52 35.44 35.48 35.47 35.60 35.59 35.78 35.81 36.08 36.34 36.13 36.19
traj-104:
 2.95  3.78  5.18  6.77  8.53 10.08 11.72 12.70 13.86 15.35 16.96 18.77 20.72 22.62 22.77 23.27 25.06 25.34 25.59 25.83 26.04 26.01 26.06 25.55 24.73 22.96 21.48 20.90 19.14 17.40 16.96 15.59 15.79 15.98 15.80 15.88 16.11 16.15
36.49 36.11 35.79 35.91 36.01 36.02 35.95 35.92 35.88 35.94 35.93 35.95 35.76 35.59 35.61 35.02 34.52 33.93 32.29 31.25 29.29 28.69 26.83 25.02 24.55 24.37 24.24 24.21 24.18 24.06 23.76 22.52 20.98 19.86 17.90 16.97 15.03 14.59
traj-105:
10.93 11.28 11.40 12.08 12.43 12.67 12.75 13.29 14.47 15.77 16.00 17.40 19.14 20.88 21.18 22.95 23.25 25.02 25.52 25.60 25.66 25.44 25.29 25.01 23.61 22.18 20.52 18.61 16.90 15.71 13.82 12.06 10.27  8.92  7.69  5.85  4.13  2.62  2.09
11.89 13.58 14.27 15.92 17.46 18.72 19.56 20.98 22.23 23.51 23.70 24.09 24.18 24.19 24.20 24.16 24.14 24.89 26.58 28.20 30.13 31.89 33.88 35.31 36.43 36.76 36.58 36.31 36.16 36.33 36.69 36.50 36.33 36.00 35.91 35.96 36.19 36.87 37.06
traj-106:
 3.74  4.11  5.96  7.86  9.83 11.63 12.69 14.27 15.28 17.20 18.50 20.50 22.46 22.92 24.70 25.05 25.09 25.15 25.13 25.01 24.18 23.88 22.15 20.42 18.66 17.25 15.97 15.08 13.63 12.53 10.92  9.72  7.81  6.92
37.77 37.73 37.22 37.20 36.85 36.54 36.35 36.27 36.21 36.03 35.80 35.74 35.62 35.55 35.17 33.57 31.80 29.87 27.92 26.00 24.46 24.48 24.56 24.51 24.31 24.20 23.68 23.08 22.15 21.32 20.15 20.11 19.99 20.65
traj-107:
 8.28  8.56  9.36 10.22 10.56 11.04 11.65 12.02 12.73 13.21 13.85 15.26 16.44 17.98 18.87 20.57 22.32 23.79 24.39 25.42 25.96 25.97 25.93 25.98 25.66 24.18 23.52 21.84 20.33 18.42 16.69 14.90 13.03 11.20  9.31  7.97  6.23  4.32  3.73
 8.61  9.02 10.80 12.56 13.28 14.36 15.68 16.62 18.23 19.45 20.82 22.01 23.25 24.06 24.03 24.25 24.52 24.68 24.76 26.02 27.85 29.83 31.51 32.45 34.00 35.04 35.93 36.07 36.15 36.36 36.41 36.19 36.03 35.88 35.89 35.76 35.47 35.25 35.21
traj-108:
 3.98  4.75  6.05  7.18  8.97  9.49 11.00 12.33 13.21 15.19 16.68 17.89 19.75 21.24 22.69 24.40 24.74 25.06 25.32 25.12 25.12 25.09 25.02 24.05 22.58 20.81 19.31 17.81 16.93 16.70 15.67 14.36 13.03 12.03 10.74  9.73  9.28  8.33  7.33  6.54  5.63  4.56
37.20 37.01 36.58 36.28 36.07 35.97 35.83 35.68 35.76 35.75 35.91 35.96 36.15 36.19 36.25 35.38 35.06 33.44 31.46 29.71 28.30 27.43 25.71 24.05 24.04 24.02 24.03 24.06 24.07 23.88 22.18 20.94 19.50 18.51 17.07 15.77 15.13 14.08 12.53 11.44 10.19  8.78
traj-109:
14.11 14.17 14.23 14.25 14.31 14.30 16.07 17.53 19.26 21.03 22.79 24.45 25.68 25.45 25.58 25.61 25.37 25.62 24.90 22.97 20.99 19.06 18.42 17.05 15.32 13.45 12.03 11.19  9.47  7.93  6.29  4.58  3.96
16.81 17.90 19.26 20.81 22.33 23.64 24.26 24.38 24.33 24.27 24.22 24.19 25.73 27.49 28.33 29.97 31.50 33.38 35.12 35.23 35.38 35.48 35.41 35.37 35.45 35.54 35.76 35.79 35.85 35.84 35.60 35.29 35.18
traj-110:
 3.49  5.46  7.01  8.74 10.64 12.47 14.02 15.59 17.34 18.62 20.34 22.20 23.12 24.47 25.11 25.69 25.78 25.65 25.73 25.52 25.19 24.17 22.57 20.94 19.76 17.98 17.68 16.30 16.10
36.60 36.70 36.78 36.85 36.77 36.61 36.59 36.71 36.78 36.92 36.91 36.46 36.35 36.20 34.87 33.11 31.52 30.17 29.52 27.56 26.09 24.39 24.14 24.11 24.09 24.03 24.03 23.22 22.74
traj-111:
11.83 12.36 12.36 12.41 12.35 13.84 15.22 17.00 18.31 19.37 20.53 21.99 22.59 24.25 25.71 25.70 26.04 26.30 26.32 26.33 25.91 25.09 23.71 22.77 20.84 19.16 18.62 16.90 15.80 13.99 12.99 11.49  9.62  7.81  6.04  4.13
16.65 18.30 19.99 21.00 22.97 24.30 24.37 24.47 24.60 24.69 24.79 24.69 24.63 24.83 26.01 26.31 28.04 29.60 30.78 32.56 34.29 35.84 35.63 35.56 35.84 36.39 36.53 36.77 36.73 36.72 36.70 36.67 36.76 36.88 37.01 37.16
traj-112:
 3.96  5.38  7.21  8.73  9.85 11.52 13.41 14.46 16.11 17.36 19.10 21.08 22.07 23.47 24.21 25.79 26.15 26.39 26.58 26.79 27.00 27.03 26.21 25.10 23.64 23.04 21.27 19.54 17.78 16.07 15.48 15.29 14.98 14.77 14.52 14.35 14.22 13.99 13.71 13.61 13.29
35.73 36.42 36.58 36.62 36.54 36.38 36.23 36.35 36.04 35.92 35.83 35.86 35.85 35.62 35.49 34.75 33.53 32.58 30.74 29.83 28.98 27.53 26.32 24.84 24.45 24.40 24.32 24.23 24.05 23.04 21.60 20.64 18.79 16.95 15.26 14.28 13.04 11.75 10.08  9.67  7.97
traj-113:
14.63 15.80 17.41 18.29 20.07 20.62 22.31 23.86 24.44 25.63 25.74 25.81 25.87 25.86 25.62 25.22 24.34 22.41 20.87 20.01 18.40 16.65 15.13 13.35 11.72  9.80  8.57  7.43  5.73  3.77  3.06
23.26 23.66 24.18 24.17 24.13 24.11 24.14 24.17 24.21 25.81 27.13 28.26 29.38 31.35 33.12 34.11 35.54 35.95 36.46 36.53 37.09 36.82 36.54 36.20 36.28 35.92 35.92 36.17 36.31 36.38 36.40
traj-114:
 2.87  4.65  6.41  7.90  9.33 10.86 12.32 14.14 15.42 17.22 18.02 19.94 21.89 22.63 24.55 25.53 25.70 25.56 25.55 25.40 25.20 25.31 24.31 22.31 20.55 18.93 17.08 16.21 15.55 13.91 12.46 11.21  9.58
36.67 36.43 36.11 35.83 35.73 35.76 35.81 35.80 35.68 35.53 35.64 35.62 35.58 35.62 35.19 34.47 32.77 31.02 30.72 28.93 27.02 25.91 24.22 24.33 24.23 24.17 24.06 23.51 22.96 22.09 21.23 20.48 19.62
traj-115:
12.65 13.48 14.21 14.50 15.11 16.01 17.43 18.60 20.36 21.26 22.45 24.04 25.17 25.58 25.74 25.69 25.41 25.29 25.21 24.27 22.97 22.11 20.66 19.19 17.84 16.06 14.57 12.89 11.64  9.91  9.17  7.26  6.52  4.68  3.59  2.17
16.76 18.43 19.91 20.52 21.89 23.61 24.36 24.41 24.39 24.40 24.45 24.69 26.20 26.85 28.84 29.43 31.25 32.93 34.12 35.77 35.76 35.76 35.66 35.66 35.72 35.63 35.52 35.44 35.40 35.24 35.25 35.25 35.29 35.47 35.60 36.13
traj-116:
 3.89  5.63  7.56  8.41  9.76 10.09 11.94 13.88 15.07 16.74 18.44 20.18 22.06 23.99 24.81 25.64 25.91 26.03 26.09 25.95 25.79 24.59 22.76 21.00 19.54 18.36 16.63 15.08 14.19 13.44 12.64 13.13 12.90 12.71 12.47 12.00 11.79 11.35
37.54 37.46 37.40 36.82 36.17 35.59 35.15 35.32 35.45 35.52 35.65 35.54 35.55 35.54 35.18 34.18 32.22 31.34 29.57 27.66 25.83 24.42 24.30 24.32 24.32 24.27 24.19 23.14 22.22 20.41 18.74 16.97 15.61 14.58 13.61 11.72 10.99  9.63
traj-117:
 5.82  7.14  7.96  9.28 10.88 12.69 14.57 16.06 17.21 18.66 20.54 22.00 23.76 24.63 25.78 25.79 25.75 25.77 25.84 25.70 24.85 23.14 21.32 19.49 17.57 15.64 14.39 12.46 10.47  8.84  7.71  6.75  5.29  3.52
22.29 22.68 22.94 23.44 23.76 24.29 24.40 24.45 24.45 24.28 24.25 24.46 24.75 24.89 26.48 27.87 29.76 31.49 33.33 34.36 35.93 35.36 35.48 35.48 35.56 35.57 35.57 35.74 35.73 35.60 35.52 35.49 35.51 35.38
traj-118:
 2.88  3.75  5.28  6.07  8.00  9.75 10.64 11.81 13.77 14.12 16.11 16.71 17.31 19.13 20.32 21.44 23.20 24.05 24.16 25.63 25.57 25.55 25.49 25.47 25.28 25.25 24.08 22.35 21.18 19.42 17.69 16.54 15.96 15.53 15.33
35.32 35.49 35.75 35.85 36.30 36.31 36.26 36.28 36.40 36.46 36.43 36.40 36.32 36.28 36.24 36.01 35.95 35.66 35.02 33.80 32.03 30.04 28.45 27.84 26.15 25.85 24.55 24.42 24.40 24.26 24.15 23.49 21.68 19.83 18.82
traj-119:
14.23 14.30 14.24 14.28 14.30 14.18 14.26 14.60 14.69 14.88 15.05 15.50 15.94 16.26 16.51 17.79 19.56 21.34 22.48 24.35 25.27 25.93 26.50 26.45 26.39 26.35 26.16 25.77 23.78 23.71 22.38 21.09 19.17 18.24 16.74 15.02 13.28 11.43  9.50  8.06  6.74  6.00  4.24
 4.40  5.24  6.73  8.06  9.03 10.96 12.29 13.94 15.56 17.05 18.22 20.11 21.25 22.40 23.26 24.15 24.36 24.43 24.46 24.79 25.50 26.83 28.59 29.19 30.64 31.84 33.30 35.00 35.04 35.22 35.46 36.10 36.16 36.14 36.02 35.83 35.53 35.65 35.58 35.62 36.12 36.32 36.65
traj-120:
 4.22  5.62  7.18  8.86 10.38 11.27 12.47 14.03 15.60 17.44 18.58 20.38 21.64 23.59 23.90 25.71 25.85 26.05 26.09 26.01 26.03 25.92 25.46 24.42 22.68 20.89 19.71 18.23 17.04 15.49 14.28 13.27 12.62 11.85 11.31
37.87 37.28 37.07 36.98 36.78 36.63 36.62 36.47 36.39 36.38 36.27 36.21 35.94 35.67 35.61 34.94 33.61 32.26 30.63 30.23 29.29 27.53 25.97 24.38 24.12 24.04 24.07 24.09 24.11 22.88 21.64 20.65 19.98 18.75 18.26
traj-121:
11.97 12.87 13.75 13.98 14.57 14.78 14.96 15.31 15.40 15.92 16.09 16.42 16.55 17.82 19.30 21.09 22.59 23.18 24.63 25.00 25.17 25.34 25.49 25.72 25.51 24.75 23.88 22.75 21.27 19.64 18.10 16.95 15.18 13.50 12.34 11.42 10.30  8.31  6.33  4.76  4.12
 7.40  9.16 10.87 11.64 13.41 14.80 16.29 17.98 18.45 20.30 21.02 22.75 23.29 24.01 24.04 24.04 24.05 24.06 24.78 25.49 26.95 28.63 30.53 32.04 33.21 34.93 35.19 35.22 35.34 35.41 35.59 35.68 35.47 35.69 35.75 35.83 35.97 36.07 36.27 36.65 36.83
traj-122:
 2.01  3.75  5.52  6.94  8.05  9.84 10.70 11.99 13.85 15.66 17.49 18.14 19.80 20.65 22.22 23.84 25.18 25.37 25.39 25.39 25.59 25.50 25.43 25.31 24.10 22.92 21.13 20.53 18.96 17.21 16.24 16.08 15.44 15.12
36.09 36.05 35.87 35.72 35.69 35.55 35.60 35.67 35.76 35.69 35.63 35.68 35.60 35.48 35.33 35.16 34.53 33.19 32.02 30.36 28.47 27.75 25.86 25.17 24.01 24.03 24.04 24.05 24.11 24.15 23.63 22.64 21.45 19.63
traj-123:
16.23 15.95 15.44 15.10 14.41 14.15 13.28 14.40 14.90 16.01 17.93 19.11 20.59 21.47 22.94 24.32 25.12 25.13 25.26 25.31 25.47 25.28 25.26 25.16 23.36 21.76 20.68 19.03 17.58 15.90 14.48 13.27 11.99 10.16  8.23  6.87  5.34  3.57
11.77 13.46 15.37 16.51 18.38 19.46 20.96 22.00 23.84 24.18 24.09 24.14 24.15 24.21 24.40 24.58 26.17 26.71 28.69 28.99 30.71 32.46 34.19 34.52 35.09 35.30 35.52 36.02 35.91 35.85 36.23 36.15 36.13 36.15 36.19 36.46 37.52 37.51
traj-124:
 3.81  5.27  6.23  8.00  9.63 11.07 11.33 13.18 14.79 16.37 18.20 19.78 20.19 22.04 22.29 23.02 24.97 25.24 25.50 25.76 25.73 25.41 25.47 24.19 22.73 21.56 19.78 18.03 16.13 15.64 14.12 13.61 13.49 13.06 12.62 12.28 11.81 11.36 10.93 10.41 10.28  9.82  9.42  9.02
35.94 36.01 36.12 36.37 36.45 36.39 36.39 36.38 36.29 36.27 35.92 35.72 35.66 35.52 35.50 35.50 35.19 33.72 32.26 30.37 28.92 27.07 26.48 24.97 24.72 24.49 24.35 24.15 24.17 24.23 23.67 22.28 21.58 19.91 18.22 16.99 15.88 14.40 12.84 11.52 10.22  8.39  6.57  5.00
traj-125:
 8.59 10.16 12.01 13.06 14.97 16.09 17.20 18.10 19.29 21.08 22.74 24.21 25.10 25.14 25.28 25.38 25.41 25.57 25.66 25.27 24.10 22.82 22.59 20.77 19.36 18.39 17.17 15.99 14.75 12.82 11.51 10.05  8.29  6.71  5.51  3.96  3.07
22.69 22.33 22.09 22.14 22.06 23.39 24.03 24.04 24.07 24.09 24.11 24.44 26.00 27.10 28.20 30.13 30.67 32.46 33.34 34.59 35.47 36.40 36.60 37.13 36.87 36.75 36.79 36.52 36.24 36.20 36.01 35.89 35.99 35.91 35.90 35.86 35.81
traj-126:
 3.55  4.57  6.57  6.91  8.47  9.43 10.25 11.95 13.36 15.10 15.82 17.35 19.00 20.86 21.60 23.45 25.25 25.86 26.27 25.93 26.00 26.20 26.33 26.42 25.64 25.03 23.64 21.77 20.59 19.40 17.68 16.53 15.11 13.94 13.25 12.81 12.27 11.68 10.72  9.87  9.33  8.45  7.79
36.44 36.69 36.70 36.60 36.60 36.43 36.34 36.16 35.73 35.48 35.36 35.32 35.39 35.79 35.89 36.17 35.55 34.71 32.97 31.46 29.78 28.82 27.74 26.56 25.00 24.73 24.65 24.55 24.45 24.35 24.20 24.12 22.73 21.49 20.24 19.28 18.06 16.42 15.40 13.87 12.81 11.07  9.95
traj-127:
 5.62  7.03  7.72  9.27 10.80 12.02 13.61 14.98 16.48 17.92 18.57 20.33 20.92 22.36 24.12 24.42 25.66 25.70 25.67 25.50 25.23 25.09 23.93 22.59 21.52 19.54 17.56 15.77 14.19 12.56 10.62  9.14  7.87  5.89  4.03  3.17
17.54 17.88 18.06 18.46 19.69 20.29 21.42 22.37 23.25 24.14 24.15 24.38 24.47 24.62 24.88 24.91 26.40 28.29 29.94 31.70 33.51 34.09 35.55 35.87 35.83 35.79 35.64 35.69 35.59 35.47 35.42 35.38 35.36 35.55 35.66 35.66
traj-128:
 2.99  4.55  6.34  6.93  8.90 10.39 11.83 12.74 14.14 15.95 17.29 18.10 19.94 21.71 23.57 24.06 25.40 26.98 27.10 26.96 26.74 26.71 26.20 26.07 25.67 25.30 23.45 21.97 20.24 18.51 17.65 16.21 14.45 13.35 12.09 11.86 11.85 12.09
36.72 36.61 36.46 36.45 36.29 35.79 35.68 35.76 35.86 35.99 35.97 36.02 36.40 36.61 36.76 36.78 36.79 35.89 34.11 33.22 31.48 30.88 28.95 28.45 26.68 25.16 24.95 24.80 24.61 24.54 24.49 24.39 24.17 24.08 22.83 21.18 20.10 18.66
traj-129:
15.02 15.72 16.29 16.38 16.51 16.62 16.96 18.44 20.21 21.99 23.77 24.25 25.25 25.20 25.24 25.44 25.28 25.17 23.39 22.87 21.02 19.15 17.76 15.89 14.55 12.87 11.27  9.28  7.29  5.36  3.41  2.94
15.41 17.16 19.06 20.72 22.49 23.81 24.07 24.06 24.08 24.09 24.24 24.31 25.97 27.54 29.36 31.21 32.79 34.29 35.04 35.82 35.66 35.58 35.48 35.38 35.48 35.45 35.42 35.33 35.21 35.14 35.22 35.24
traj-130:
 2.41  3.41  4.81  6.61  8.28  9.89 11.44 12.85 14.29 15.74 16.62 18.50 20.26 21.97 23.56 25.16 26.00 26.24 26.10 26.11 25.88 25.82 25.92 26.02 24.79 24.15 22.72 21.52 19.80 18.06 16.90 15.56 15.47 15.33 15.24 15.10
37.15 37.05 37.05 36.64 36.70 36.74 36.79 36.76 36.83 36.78 36.81 36.84 36.67 36.67 36.45 36.25 35.39 33.45 32.88 31.27 29.41 28.81 27.04 26.18 24.84 24.58 24.38 24.34 24.29 24.26 24.24 23.26 21.51 20.13 18.92 16.94
traj-131:
 8.81  8.90  9.42  9.80 10.44 10.76 11.57 11.73 12.31 12.66 13.33 14.42 15.62 16.66 18.39 19.27 20.45 21.91 23.38 24.69 25.39 26.57 26.66 26.70 26.73 26.76 26.73 26.33 25.96 24.09 23.77 21.85 21.26 19.40 17.43 15.46 14.25 12.92 11.45  9.80  9.03  7.29  6.59  4.87  4.14
10.15 10.41 12.10 13.31 14.92 15.81 17.33 17.87 18.83 20.54 21.68 22.47 23.51 24.05 24.22 24.34 24.47 24.32 24.19 24.50 24.63 26.15 27.92 28.51 30.28 31.70 33.51 35.18 35.75 36.04 36.04 36.06 36.01 35.93 35.70 35.62 35.56 35.56 35.81 36.02 36.20 36.20 36.18 36.29 36.31
traj-132:
 4.26  5.84  6.75  8.50  9.84 11.60 12.74 14.54 15.93 17.77 19.34 20.61 22.46 24.14 25.16 25.11 25.13 25.13 25.15 25.13 25.13 24.75 23.51 22.03 20.83 19.35 17.86 16.29 15.64 14.72 14.38 12.50 11.57  9.95  8.36  7.39
36.88 36.68 36.58 36.38 36.14 35.86 35.73 35.63 35.45 35.41 35.48 35.38 35.30 35.10 34.14 32.66 31.17 29.19 27.34 26.48 25.32 24.58 24.12 24.05 24.05 24.05 24.08 23.07 22.12 20.48 19.64 19.52 19.59 19.67 18.70 17.51
traj-133:
 9.78 11.45 13.16 14.53 16.45 18.19 19.95 21.14 22.86 24.49 25.95 25.96 25.95 25.96 25.95 25.95 26.61 26.52 25.77 24.14 22.86 20.89 19.43 17.47 16.67 15.13 14.00 12.73 11.00  9.18  7.41  5.54  4.64  2.77
22.29 22.72 23.23 23.63 24.04 24.26 24.28 24.42 24.58 24.98 26.18 26.77 28.38 29.48 30.74 31.58 33.26 34.56 36.01 35.96 35.85 35.77 35.82 35.73 35.64 35.65 35.56 35.49 35.46 35.51 35.43 35.32 35.30 35.21
traj-134:
 3.75  4.55  6.41  8.40 10.15 11.74 12.68 14.45 15.82 17.10 18.52 20.24 21.23 23.01 24.87 26.19 26.16 25.99 25.86 25.72 25.48 25.07 25.04 24.07 22.32 20.84 19.12 17.66 16.22 15.07 14.78 13.50 12.89 11.89 11.49 10.97 10.50
37.77 36.87 36.45 36.49 36.35 36.44 36.55 36.81 36.96 36.69 36.55 36.53 36.59 36.94 36.80 35.39 33.90 31.96 30.63 29.86 28.27 26.58 26.14 24.51 24.53 24.57 24.62 24.69 24.66 24.46 24.40 23.63 22.42 20.70 19.76 18.27 17.00
traj-135:
 6.30  6.77  7.26  7.96  8.32  8.43  8.97  9.58 10.41 11.56 12.32 13.57 15.33 16.50 18.24 19.53 21.23 22.97 23.57 25.33 25.48 25.75 25.74 25.81 25.74 25.69 24.21 22.82 20.93 19.99 18.80 16.83 14.86 13.13 11.61  9.79  7.92  5.98  5.29  3.59  3.28
 9.71 10.89 12.17 13.66 14.68 15.23 16.35 18.15 19.47 21.04 22.88 24.06 24.32 24.39 24.47 24.57 24.74 24.86 24.92 25.72 27.38 28.62 29.76 31.44 33.17 34.45 35.36 35.51 35.54 35.50 35.34 35.38 35.40 35.31 35.36 35.34 35.29 35.31 35.32 35.27 35.21
traj-136:
 2.38  3.42  4.78  6.72  8.55 10.42 11.18 12.97 13.82 15.20 15.37 16.53 18.04 18.96 20.66 22.50 23.82 25.11 26.18 26.33 26.47 26.48 26.51 26.37 25.96 25.18 23.48 22.89 21.13 20.54 19.07 17.31 15.96 15.15 14.85 13.34 12.01 10.56 10.16  8.60  7.83  6.76  5.74
36.76 36.79 36.80 37.05 36.98 37.06 37.04 37.04 37.04 37.04 37.06 37.03 37.02 36.94 36.90 37.07 37.01 37.12 36.57 34.64 33.64 32.10 30.17 28.35 26.48 25.13 24.44 24.43 24.25 24.19 24.08 24.05 23.64 22.01 21.53 20.44 19.20 17.90 17.47 16.46 15.83 14.93 14.01
traj-137:
 5.79  6.88  8.33  9.68 11.03 12.57 13.99 15.33 16.86 17.73 19.22 20.41 21.56 23.32 24.28 25.02 25.03 25.08 25.17 25.21 25.26 25.28 24.79 23.06 21.08 20.34 18.53 16.80 15.79 14.44 13.03 11.50  9.87  8.41  6.65  5.00  3.51
17.94 18.75 19.96 20.75 21.60 22.47 22.98 23.19 23.65 24.08 24.10 24.11 24.19 24.32 24.36 25.83 27.83 29.73 31.19 32.35 33.23 34.40 36.12 37.12 36.90 36.81 36.46 35.96 35.69 35.46 35.37 35.32 35.35 35.33 35.50 36.63 37.37
traj-138:
 2.35  3.69  5.50  7.31  9.07 10.13 12.05 13.67 15.62 15.86 17.19 19.04 20.68 22.54 24.13 25.59 25.85 25.81 25.74 25.47 25.36 25.18 25.03 24.13 22.39 21.51 19.68 17.73 16.35 16.11 15.55 15.15 14.85 13.93 13.54 12.72 11.94 11.63 11.45 11.35 11.35
36.50 36.07 36.07 36.08 35.83 35.92 35.90 36.00 35.95 35.99 36.19 36.53 36.54 36.07 35.56 34.20 34.11 32.95 32.07 30.32 29.38 27.48 26.04 24.45 24.42 24.37 24.27 24.07 23.21 21.48 19.64 18.38 17.26 15.85 15.17 13.60 12.03 10.68  9.69  7.85  6.61
traj-139:
13.70 14.06 15.19 16.70 17.89 19.36 21.14 22.89 24.57 25.05 25.16 25.21 25.45 25.67 25.99 25.74 25.40 23.90 22.00 20.11 18.72 17.60 15.63 13.73 11.85  9.93  9.27  7.49  5.65  3.90
20.95 21.69 22.91 24.10 24.08 24.09 24.12 24.35 24.74 25.57 26.89 27.88 29.72 30.80 32.53 34.23 34.62 35.13 35.51 35.63 35.60 35.51 35.46 35.41 35.40 35.60 35.68 35.80 36.06 36.40
traj-140:
 2.41  4.06  5.18  7.03  9.00 10.99 12.74 14.59 16.56 18.45 19.98 21.93 22.99 23.58 24.86 25.19 25.30 25.34 25.34 25.34 25.28 25.05 23.36 21.91 20.45 19.56 17.67 16.34 14.79 14.73 14.36 14.28 14.02 13.83 14.09 14.21 14.04 14.07
37.46 37.44 37.47 37.13 36.94 36.81 36.44 36.58 36.56 36.50 36.48 36.81 36.57 36.62 35.26 34.68 32.96 32.36 30.63 28.73 26.80 25.02 24.40 24.44 24.47 24.53 24.51 24.46 23.69 21.95 19.99 18.16 16.23 15.43 13.78 13.19 11.54  9.80
traj-141:
16.13 15.30 14.98 14.11 13.49 13.63 13.54 15.18 16.66 17.52 19.28 20.55 22.30 24.11 25.23 25.41 25.42 25.46 25.43 25.46 25.01 24.06 22.87 21.92 20.00 18.20 16.80 14.82 12.99 11.02  9.06  7.13  5.63  4.30  2.86
16.12 17.73 18.14 19.68 21.14 23.02 23.42 24.24 24.19 24.18 24.11 24.11 24.03 24.45 26.01 27.10 29.08 30.19 31.39 33.11 34.23 35.28 35.55 35.67 35.98 35.94 35.91 36.11 36.34 36.54 36.65 36.82 36.97 37.04 37.10
traj-142:
 3.30  4.19  5.37  6.23  7.38  8.50  9.87 11.30 13.13 14.80 15.30 17.11 18.35 19.10 20.42 21.76 23.00 23.30 24.26 25.16 25.20 25.34 25.33 25.34 25.29 25.18 23.59 22.15 21.27 19.50 17.75 17.19 15.43 14.30 12.71 12.90 13.07 13.24 13.30 13.40 13.36 13.33 13.21
35.97 35.76 35.80 35.73 35.75 35.90 36.10 36.41 36.36 36.38 36.11 35.74 35.50 35.43 35.54 35.71 35.43 35.42 35.03 34.11 33.81 32.02 30.27 28.38 26.90 25.19 24.40 24.50 24.54 24.59 24.57 24.53 24.37 24.15 23.65 22.23 21.19 19.34 18.22 17.06 15.11 14.68 12.81
traj-143:
10.94 11.19 11.29 11.74 12.32 12.76 13.51 14.10 14.77 15.30 17.15 18.92 20.40 20.98 22.70 24.31 24.77 26.00 25.70 25.71 25.57 25.61 25.33 25.07 23.19 22.90 22.38 20.88 19.09 17.17 16.19 14.31 12.43 10.60  9.78  7.90  7.60  5.75  5.16  3.40
11.45 12.91 13.56 15.15 16.81 17.86 19.23 20.57 22.16 23.53 24.22 24.20 24.21 24.20 24.16 24.50 24.88 26.08 27.53 29.18 30.39 31.19 32.91 34.71 35.13 35.09 35.61 36.30 36.01 36.03 35.81 35.54 35.51 35.38 35.40 35.35 35.36 35.37 35.41 35.53
traj-144:
 2.49  3.77  5.63  7.43  8.53 10.16 11.18 12.61 13.66 14.21 16.06 16.77 18.17 19.72 21.36 23.16 24.09 25.32 25.77 25.86 25.98 25.97 25.91 25.58 25.49 24.13 22.38 20.92 19.06 17.63 16.91 15.99 15.92 15.39 15.28 14.89 14.67 14.43 14.23
35.35 35.69 36.19 36.45 36.10 35.41 35.59 35.85 36.01 35.91 35.93 35.86 35.84 36.28 36.70 36.93 36.93 35.69 33.93 32.16 31.28 29.51 28.02 26.51 25.77 24.35 24.26 24.10 24.25 24.11 23.67 22.40 20.55 18.78 18.50 16.67 15.46 13.94 12.02
traj-145:
13.77 14.45 14.83 15.22 15.32 16.71 17.31 18.77 19.95 21.40 22.27 24.20 25.22 25.19 25.19 25.29 25.13 25.02 24.68 23.21 21.60 20.67 18.68 16.79 16.49 14.73 13.89 12.00 11.07  9.40  8.35  6.85  5.48  4.14
17.68 19.55 20.80 22.11 23.44 24.29 24.31 24.32 24.31 24.30 24.31 24.55 26.16 27.47 28.90 29.73 31.57 33.51 35.23 35.79 36.55 36.75 36.85 36.56 36.56 36.19 36.04 35.77 35.93 35.92 36.01 36.02 36.05 36.14
traj-146:
 3.57  5.40  7.04  8.54  9.24 11.04 12.40 14.29 16.18 18.00 19.91 21.29 22.73 24.61 25.29 25.38 25.42 25.47 25.52 25.45 25.15 24.29 22.52 20.78 19.04 17.30 16.27 15.93 15.70 14.98 14.54 13.89 13.61 12.88 12.22 11.31 10.54  9.74  9.40
37.61 37.17 36.86 36.57 36.45 36.33 36.20 36.03 35.85 35.80 35.78 35.79 35.45 35.03 33.25 32.15 30.70 29.39 28.48 27.43 25.93 24.52 24.29 24.14 24.14 24.05 23.52 21.89 21.26 19.78 18.25 17.09 16.46 15.15 13.89 12.35 10.79  9.11  8.32
traj-147:
15.60 16.70 18.47 20.24 21.69 22.87 23.16 24.48 25.67 25.99 26.10 25.54 25.38 25.18 24.19 22.26 21.96 20.25 19.58 17.99 16.61 15.33 13.65 13.00 11.30 10.70  8.74  7.07  5.24  3.97  2.96  1.90
23.37 24.16 24.16 24.16 24.24 24.44 24.49 24.89 26.49 28.09 29.97 31.84 32.72 34.19 35.24 35.51 35.51 35.72 35.86 35.98 35.89 35.84 35.57 35.51 35.46 35.42 35.48 35.63 35.78 35.98 36.05 36.20
traj-148:
 4.31  5.44  7.10  9.07 10.96 11.26 13.09 14.50 15.87 17.56 18.78 20.57 21.48 23.44 24.26 25.93 26.02 26.02 25.53 25.26 25.09 25.11 25.10 23.24 21.48 20.04 18.85 17.10 16.29 14.97 13.51 13.02 12.64 11.98 11.47 10.91 10.33
35.85 36.28 36.83 36.86 36.75 36.71 36.59 36.42 36.55 36.37 36.24 36.19 35.98 35.74 35.87 34.99 33.51 32.64 30.97 30.12 28.38 26.40 24.85 24.13 24.15 24.14 24.13 24.14 24.16 24.21 23.26 22.51 21.07 19.48 18.12 16.65 15.14
traj-149:
 4.01  5.20  6.46  7.51  8.83 10.03 11.16 12.32 13.31 14.28 14.84 16.23 17.48 18.94 20.73 22.23 24.02 25.08 25.11 25.14 25.22 25.34 25.34 25.03 25.20 23.28 21.35 20.39 19.02 17.09 15.83 14.46 12.58 12.28 10.40  8.65  7.32  5.64  3.70  1.93
13.90 14.75 15.68 16.44 17.38 18.26 19.04 20.06 20.83 21.50 21.95 23.28 24.16 24.11 24.06 24.05 24.05 25.63 27.60 29.07 29.96 31.81 32.58 33.87 34.91 35.29 35.46 35.37 35.52 35.74 35.84 35.89 35.99 36.02 36.24 36.28 36.34 36.69 37.19 37.52
traj-150:
 2.12  3.92  5.61  6.32  7.72  8.31 10.04 11.94 13.90 15.87 16.45 17.99 19.72 21.61 23.28 23.78 25.42 25.64 25.70 25.80 25.79 25.82 25.97 24.90 23.77 22.36 21.78 20.01 18.82 17.63 16.30 15.28 14.88 13.91 12.86 12.24 11.86 11.16 10.73 10.28 10.05
36.61 36.35 36.23 36.30 36.31 36.21 36.32 36.47 36.55 36.43 36.38 36.10 35.77 35.53 35.28 35.08 35.05 33.59 33.00 31.22 29.59 28.27 26.44 24.99 24.66 24.37 24.25 24.04 24.06 24.05 23.31 22.11 21.56 20.05 18.72 17.48 16.65 15.18 14.50 13.24 12.43
traj-151:
16.00 15.85 15.53 15.46 15.54 15.52 15.78 15.56 15.44 15.15 14.97 15.10 14.88 15.32 15.62 17.09 17.66 19.42 20.45 22.32 22.89 24.66 25.15 25.18 25.24 25.42 25.69 25.82 25.08 23.64 22.22 20.49 18.59 17.10 15.27 14.60 12.91 11.11  9.28  8.69  6.98  5.37  4.87  3.19
 5.00  6.07  7.99  9.04 10.70 12.04 13.94 15.76 16.83 18.79 20.33 21.03 22.51 23.98 24.02 24.05 24.11 24.16 24.16 24.21 24.19 24.60 25.32 26.98 28.59 29.89 31.72 33.46 35.04 36.25 36.45 36.23 35.94 35.84 35.84 35.80 35.63 35.49 35.46 35.57 35.66 35.73 35.59 35.12
traj-152:
 4.08  5.53  7.00  7.92  9.48 11.34 11.64 12.77 14.70 16.15 17.91 19.86 21.64 22.32 24.20 25.65 25.69 26.01 26.13 25.95 25.49 25.31 24.44 22.54 21.36 20.46 18.99 17.53 16.66 15.69 14.05 12.27 10.69  9.79  8.45  6.89  5.68
35.24 35.40 35.53 35.66 35.82 35.71 35.70 35.70 35.69 35.65 35.56 35.65 35.51 35.49 35.11 34.03 33.73 32.00 30.20 28.44 26.83 26.09 24.59 24.28 24.24 24.17 24.11 24.08 24.06 23.80 23.15 22.86 21.93 21.51 20.81 20.06 19.43
traj-153:
12.16 13.00 13.37 14.40 15.35 15.88 16.74 17.98 18.88 20.67 20.97 22.76 23.65 25.05 25.18 25.40 26.16 26.22 26.28 26.10 25.76 25.15 23.16 22.17 21.07 19.33 18.10 16.35 15.03 13.86 11.87 10.63  9.81  7.86  6.10  4.24  3.02  2.05
15.62 16.93 17.50 18.99 20.57 22.12 23.30 24.08 24.07 24.08 24.08 24.07 24.11 24.71 26.50 27.05 28.81 29.61 31.04 32.26 33.40 34.82 35.05 35.14 35.28 35.45 35.34 35.33 35.35 35.36 35.40 35.37 35.42 35.40 35.48 35.46 35.49 35.49
traj-154:
 3.92  4.68  6.42  7.65  9.35 10.72 11.96 13.12 15.11 16.88 18.88 19.90 21.40 22.54 23.91 25.03 25.02 25.22 25.30 25.51 25.72 25.94 25.76 24.23 22.31 20.32 18.57 17.39 15.99 14.24 13.44 12.07 10.26  8.46  6.94
35.81 35.80 35.79 35.79 36.13 36.23 36.10 36.39 36.63 36.55 36.56 36.48 36.49 36.43 35.44 34.31 32.54 30.65 30.07 29.86 29.00 27.73 26.03 25.00 24.55 24.40 24.30 24.21 24.18 24.13 24.18 23.89 23.66 23.71 23.52
traj-155:
14.28 14.33 14.39 16.12 16.42 18.19 19.91 21.67 23.12 23.71 25.18 25.25 25.26 25.31 25.46 25.85 26.10 26.11 25.53 23.74 21.84 20.83 19.07 17.14 15.76 13.77 12.64 10.88  9.26  7.69  5.86  4.01  3.20
21.22 21.72 23.26 24.03 24.04 24.15 24.28 24.34 24.49 24.59 25.02 26.99 27.29 29.03 30.93 32.52 34.48 34.78 36.60 37.14 36.88 36.89 36.63 36.74 36.59 36.64 36.67 36.80 36.78 37.19 37.49 37.85 37.82
traj-156:
 1.76  2.26  3.89  5.73  7.26  8.48  9.17 10.22 11.89 13.35 14.74 16.32 18.24 19.64 20.70 22.57 24.01 24.49 25.24 25.46 25.66 25.92 25.49 25.29 23.73 22.55 20.78 19.01 17.55 16.95 15.55 15.38 15.07 14.73 14.46 14.26 13.84 13.83
35.48 35.48 35.61 35.51 35.53 35.58 35.62 35.54 35.53 35.55 35.45 35.66 35.70 35.65 35.84 36.25 35.33 35.04 33.45 31.67 30.19 29.12 27.36 25.49 24.71 24.65 24.51 24.38 24.25 24.22 22.94 21.10 19.54 17.88 16.22 15.26 13.33 13.03
traj-157:
14.41 15.93 16.12 17.72 18.89 20.64 22.40 24.16 25.13 25.15 25.14 25.14 25.12 25.12 25.04 23.21 22.51 21.53 20.50 19.06 17.22 16.25 14.93 13.70 12.25 10.71  9.04  8.37  6.41  5.31  4.26  2.41
23.09 23.42 23.19 24.06 24.23 24.37 24.36 24.28 25.27 27.01 28.75 30.50 31.66 32.95 34.29 35.07 35.19 35.39 35.41 35.39 35.40 35.39 35.34 35.35 35.40 35.29 35.57 35.53 35.82 36.20 36.46 37.19
traj-158:
 2.44  2.87  4.81  5.59  7.00  8.14  9.02 10.97 12.05 13.72 15.12 16.91 18.75 20.26 21.83 23.76 25.07 25.15 25.16 25.21 25.23 25.31 25.28 25.19 25.16 23.27 22.97 21.20 20.31 19.15 17.39 15.63 13.90 12.00 10.62  9.45
35.87 36.20 35.72 35.68 35.56 35.45 35.56 35.86 36.00 36.13 36.18 36.27 36.12 36.11 36.04 35.71 34.28 32.57 32.27 30.52 30.22 28.33 26.98 25.82 24.79 24.25 24.25 24.22 24.21 24.16 24.15 24.14 24.16 23.69 23.20 21.61
traj-159:
 8.50 10.34 10.83 12.75 14.56 16.19 17.19 18.95 20.78 21.24 22.97 24.14 25.87 26.09 25.54 25.43 25.75 25.74 25.68 25.10 23.46 21.51 19.53 18.76 16.85 15.26 13.34 11.46 10.57  8.92  8.33  6.41  4.48  3.53
21.98 22.29 22.36 22.79 23.29 23.65 24.35 24.41 24.50 24.52 24.48 24.51 24.57 26.40 27.97 29.91 31.86 32.16 33.87 35.73 36.85 36.85 36.73 36.71 36.50 36.28 36.20 35.98 35.89 35.65 35.60 35.51 35.57 35.65
traj-160:
 2.90  4.68  6.04  7.30  8.55 10.29 11.21 12.37 13.69 14.95 16.32 18.12 19.96 21.41 22.10 23.25 23.74 25.44 25.85 25.86 25.72 25.57 25.46 24.18 22.45 21.85 20.40 19.22 17.86 16.34 16.00 15.51 15.15 14.65 14.02 13.62
36.30 36.28 36.24 36.26 36.33 36.36 36.37 36.45 36.44 36.32 36.45 36.23 36.19 36.04 36.02 35.25 35.06 34.50 33.31 31.41 29.79 27.84 25.92 24.68 24.30 24.25 24.23 24.16 24.07 23.15 21.62 20.22 19.22 18.04 16.20 15.29
traj-161:
 5.79  7.18  8.31  9.30 10.50 11.41 12.42 13.44 14.12 15.38 15.65 16.39 17.83 19.02 20.78 21.68 22.87 24.26 25.28 25.33 25.59 25.48 25.26 24.78 24.13 22.35 20.61 18.75 16.90 15.91 14.68 13.06 11.71 10.45  9.05  7.82  5.86  4.86  3.13  1.84
13.25 14.59 15.54 16.48 17.60 18.52 19.31 20.24 20.92 21.94 22.32 23.18 24.07 24.07 24.06 24.06 24.09 24.35 25.82 27.64 29.50 31.38 33.32 35.10 35.84 36.27 36.60 36.62 36.74 36.73 36.55 36.52 36.94 37.62 37.70 37.79 37.80 37.80 37.64 37.48
traj-162:
 3.10  4.95  6.43  7.92  9.47 11.20 13.10 14.28 16.01 16.99 18.93 19.85 20.85 22.40 23.36 24.73 25.31 25.28 25.20 25.21 25.20 25.21 24.19 22.46 21.60 20.41 18.64 17.77 16.15 15.59 14.80 14.36 13.74 13.06 12.66 12.65 12.29 11.88 11.32 11.25
36.28 36.20 36.19 36.18 36.10 35.99 36.01 36.01 35.84 35.81 35.86 35.79 35.74 35.68 35.66 35.68 33.81 31.82 30.93 29.12 27.37 26.18 24.47 24.47 24.51 24.54 24.39 24.20 23.22 21.32 19.84 18.07 16.68 15.12 13.40 11.85 10.35  8.76  7.05  6.76
traj-163:
 8.63 10.08 11.60 12.99 13.95 15.39 16.38 17.81 18.96 20.71 22.46 24.22 25.02 25.15 25.28 25.40 25.37 25.10 24.09 23.04 21.39 20.36 18.79 16.96 15.22 13.91 12.81 10.94 10.42  8.91  6.93  5.10  3.15
20.06 20.93 21.60 22.18 22.17 22.30 23.29 24.18 24.15 24.39 24.64 24.88 26.30 28.28 30.13 31.55 32.89 34.24 35.64 36.32 36.32 36.33 36.33 36.39 36.28 36.36 36.45 36.40 36.47 36.44 36.47 36.43 36.54
traj-164:
 2.39  4.09  5.60  7.03  8.76 10.56 11.24 12.83 14.07 15.32 16.19 17.08 18.85 20.33 21.65 22.81 23.39 24.29 25.38 25.72 25.81 25.52 25.41 25.32 25.19 25.06 24.07 22.34 20.89 19.13 18.83 17.10 16.53 14.85 14.22 13.71 12.91 12.06 11.66 11.01 10.49  9.66  8.94
35.81 36.10 36.30 36.57 36.84 37.25 37.48 37.79 37.66 37.70 37.63 37.69 37.64 37.58 37.69 36.69 36.28 35.32 34.24 33.29 32.88 30.93 29.48 28.68 27.33 26.33 24.72 24.72 24.66 24.47 24.42 24.22 24.10 23.81 22.67 21.73 20.14 18.50 17.68 15.91 14.93 13.67 12.17
traj-165:
 4.64  6.10  7.82  9.19 10.83 12.42 14.12 15.30 17.27 18.15 19.90 21.07 22.83 24.26 25.37 25.68 25.75 25.83 25.72 25.30 25.22 24.22 22.73 21.12 20.45 18.92 17.50 16.05 14.71 13.58 12.28 10.73  9.12  7.56  5.66  3.82  2.56
22.39 22.16 22.79 23.04 23.42 23.89 24.09 24.18 24.21 24.35 24.44 24.51 24.65 24.71 26.03 26.97 28.89 30.88 32.87 34.62 34.91 36.43 36.38 36.68 36.71 36.73 36.76 36.75 36.78 36.77 36.82 36.79 36.72 36.61 36.22 36.54 36.71
traj-166:
 4.31  5.80  7.74  9.36 10.71 12.34 14.33 15.69 16.87 18.37 19.46 21.40 23.16 23.72 25.37 26.72 26.55 26.10 25.69 25.50 25.52 25.33 25.26 24.21 22.75 21.02 19.57 18.41 17.52 15.79 14.62 13.98 13.33 12.52 12.02 11.28 10.43  9.86  9.47  8.49  7.63  6.79  6.00
37.00 36.97 36.84 36.74 36.61 36.34 36.27 36.26 36.12 36.06 35.85 35.96 35.90 35.89 35.79 34.55 33.89 32.08 30.65 29.14 27.82 26.70 25.78 24.33 24.29 24.32 24.44 24.49 24.51 24.34 23.63 22.32 21.51 20.11 18.48 16.77 15.51 13.60 12.42 11.23  9.72  7.95  6.41
traj-167:
 9.15  9.38  9.88 10.08 10.59 10.96 11.37 11.73 12.68 13.57 13.99 15.34 16.08 17.04 18.49 19.68 21.15 22.60 24.08 25.01 25.07 25.11 25.14 25.15 25.27 25.34 25.10 23.79 22.23 20.52 18.98 17.02 15.08 14.11 12.45 10.97  9.34  7.38  5.43  3.89  3.50
10.32 10.81 12.70 13.38 14.83 15.79 17.36 18.36 19.96 21.25 21.84 22.99 23.55 24.17 24.22 24.24 24.24 24.30 24.35 25.38 26.72 28.09 29.53 30.40 31.82 32.98 34.71 35.21 35.35 35.34 35.26 35.29 35.38 35.28 35.42 35.56 35.89 36.09 36.33 37.14 37.33
traj-168:
 3.85  5.46  7.16  8.71 10.70 12.67 14.20 15.79 17.61 18.42 19.62 19.92 21.75 22.98 24.61 25.09 25.26 25.37 25.49 25.61 25.48 24.15 22.30 21.40 19.94 18.02 16.60 15.17 14.32 13.63 13.29
35.48 35.47 35.30 35.40 35.49 35.67 35.55 35.63 35.68 35.68 35.69 35.66 36.20 36.46 35.91 34.29 32.51 30.68 29.04 27.55 25.86 24.84 24.58 24.52 24.38 24.07 24.05 23.56 22.40 20.78 20.07
traj-169:
 8.75  8.89  9.20  9.25  9.52  9.96 10.44 11.26 11.69 12.33 12.50 12.71 13.23 14.35 14.81 15.99 16.71 17.72 18.60 20.38 22.14 23.57 24.48 25.27 26.07 26.02 26.07 25.51 25.45 25.00 23.22 21.70 19.99 18.13 16.61 14.97 13.30 12.66 11.03  9.33  8.08  6.35  5.57  4.25
 6.25  6.74  8.40  8.81 10.41 11.90 12.82 14.51 15.60 17.26 17.70 19.40 19.98 21.30 21.90 23.27 23.68 24.32 24.35 24.43 24.34 24.21 24.57 25.46 27.21 28.97 30.62 32.49 33.08 34.75 35.51 35.71 36.11 36.52 36.87 37.08 36.72 36.70 36.59 36.79 36.93 37.25 37.37 37.54
traj-170:
 1.83  2.82  4.75  5.95  7.64  8.39 10.19 10.93 12.29 13.67 14.48 16.42 18.20 20.06 21.87 23.14 24.01 24.65 25.14 25.32 25.33 25.22 25.20 25.13 24.06 23.46 21.73 20.32 18.86 17.66 15.88 14.39 12.98 12.44 12.04 11.87 11.33 10.64  9.98  9.00  7.92  6.77  5.65  4.90
35.29 35.52 35.60 35.51 35.50 35.57 35.90 35.98 36.25 36.24 36.23 36.45 36.51 36.57 36.75 36.73 35.96 35.32 33.82 32.13 30.16 28.20 26.76 25.54 24.11 24.12 24.22 24.32 24.34 24.37 24.36 23.43 23.08 21.18 19.61 18.66 16.85 15.00 13.94 12.97 11.29  9.75  8.14  6.94
traj-171:
 9.11  9.43  9.70 10.11 10.41 10.88 11.36 11.57 12.18 13.34 13.64 13.57 15.01 15.76 17.52 19.30 21.04 22.81 24.35 25.07 25.12 25.16 25.43 25.47 25.23 24.50 23.43 22.00 20.71 19.16 18.43 16.63 14.95 13.68 12.65 11.06 10.42  8.57  6.72  4.82  4.31
 5.27  7.06  8.69 10.59 11.90 13.62 15.53 16.29 17.99 19.60 21.14 22.71 23.52 24.13 24.19 24.28 24.43 24.53 24.66 26.08 27.27 28.97 30.44 32.34 33.81 35.46 35.42 35.38 35.43 35.67 35.79 36.16 36.21 35.97 35.82 36.19 36.33 36.57 36.84 36.88 37.35
traj-172:
 2.54  3.57  5.39  7.27  8.41 10.16 11.78 13.40 14.11 15.32 16.24 18.22 19.79 20.40 22.06 23.88 25.56 25.73 26.09 26.05 25.87 25.77 25.07 24.50 23.07 21.61 20.17 19.30 17.56 16.78 16.57 15.80 15.69 15.42 15.42 14.92 14.55 13.48 11.99 11.26
36.77 36.42 36.47 36.55 36.36 36.69 37.02 37.13 37.10 36.95 36.80 36.71 36.21 36.07 35.50 35.19 34.67 33.07 31.38 29.43 27.88 27.02 25.17 24.93 24.74 24.64 24.30 24.24 24.12 23.67 23.19 21.89 20.80 19.16 17.42 15.99 15.27 13.74 12.59 12.02
traj-173:
 7.19  8.51  8.81 10.06 11.37 12.82 14.26 14.95 16.40 16.73 17.25 18.72 19.89 21.67 22.56 24.33 25.61 25.65 25.61 25.54 25.39 25.26 25.00 23.14 21.86 20.43 18.53 17.10 15.71 15.10 13.20 11.49  9.68  7.73  5.74  4.29
13.77 14.97 15.22 16.51 17.81 19.17 20.51 21.24 22.49 23.77 24.07 24.09 24.13 24.16 24.16 24.07 25.45 27.16 28.32 30.09 31.23 33.16 34.62 35.10 35.22 35.45 35.56 35.79 36.05 36.13 36.31 36.25 36.12 36.08 36.07 36.02
traj-174:
 2.34  4.05  5.90  7.34  7.93  9.67 10.95 12.63 14.37 15.42 16.93 17.81 19.66 21.19 22.98 24.85 25.71 25.81 25.82 25.54 25.57 25.26 25.23 25.03 24.84 23.17 21.69 21.10 19.65 18.52 16.75 15.98 15.02 14.23 13.52 12.73
37.65 37.60 37.75 37.80 37.70 37.36 37.07 36.77 36.60 36.51 36.38 36.34 36.39 36.31 35.98 35.73 33.98 33.29 31.33 30.31 29.17 28.04 26.89 25.24 24.96 24.25 24.26 24.30 24.35 24.34 24.17 23.65 22.14 20.62 19.05 17.53
traj-175:
14.68 15.33 16.03 17.46 18.34 19.51 21.24 22.41 24.16 25.04 25.12 25.19 25.30 25.34 25.56 25.55 25.18 23.19 22.23 20.42 18.68 18.09 16.53 15.47 13.64 11.99 10.61  8.67  7.38  5.70  3.72  1.84
20.72 21.91 23.48 24.23 24.36 24.54 24.69 24.78 24.85 25.82 27.81 28.95 30.68 30.97 32.95 33.85 35.31 35.27 35.39 35.22 35.28 35.33 35.51 35.69 35.88 36.12 36.16 36.25 36.41 36.54 36.66 36.92
traj-176:
 2.30  3.56  5.55  7.47  8.91 10.81 11.88 13.02 14.79 15.91 17.77 19.06 20.78 22.25 24.02 25.16 25.46 25.66 25.66 25.56 25.59 25.17 24.18 22.43 20.67 19.19 17.72 16.23 16.06 15.34 13.87 13.15 11.56 10.49  8.87  7.71  6.65
35.65 35.57 35.71 35.69 35.69 35.76 35.86 35.93 36.18 36.23 36.46 36.61 36.75 36.79 36.01 34.52 32.76 30.85 29.87 27.99 26.10 24.27 24.34 24.42 24.41 24.32 24.22 23.19 22.32 21.22 20.14 19.86 19.19 18.60 17.45 16.75 16.12
traj-177:
15.19 15.25 15.43 15.70 15.86 16.24 16.43 16.56 17.23 17.09 18.88 19.18 20.93 22.11 23.84 24.12 25.08 25.54 25.72 25.95 26.22 26.35 26.17 24.39 22.72 21.95 20.05 18.15 16.49 14.67 12.91 10.93  9.01  7.11  5.59  4.01  2.63
12.35 14.25 15.93 17.79 19.56 21.24 21.81 22.39 23.99 24.03 24.05 24.05 24.06 24.09 24.36 24.47 26.07 27.68 28.57 29.68 31.64 33.59 34.70 35.53 36.10 36.28 36.49 36.45 36.38 36.21 36.33 36.37 36.55 37.00 37.64 37.38 37.41
traj-178:
 3.13  4.18  5.41  7.21  7.90  9.29 11.01 12.66 14.18 16.05 17.56 19.24 21.09 22.64 24.53 25.17 25.64 25.64 25.87 25.82 25.61 25.38 25.20 25.01 24.41 22.81 21.02 19.25 17.81 16.67 16.26 15.85 14.88 14.11
37.08 37.05 37.10 36.75 36.60 36.56 36.37 36.40 36.39 36.46 36.30 36.05 35.90 35.83 35.75 35.12 33.69 32.74 31.37 30.89 29.76 28.06 26.68 25.59 24.57 24.22 24.16 24.09 24.01 23.38 21.69 19.99 18.42 17.26
traj-179:
 7.99  8.27  9.82 10.91 11.99 12.41 12.48 13.64 14.52 15.49 16.93 18.43 19.91 21.40 22.30 24.09 25.23 25.29 25.36 25.35 25.22 25.13 23.76 22.41 20.48 19.81 17.89 16.22 14.42 13.07 11.93 10.50  8.72  7.81  6.25  4.52  3.50  2.37
15.85 16.13 17.21 18.40 19.56 20.02 20.14 21.64 22.70 23.32 24.08 24.01 24.03 24.03 24.05 24.05 25.59 27.29 28.98 30.93 32.89 34.09 35.52 35.53 35.17 35.18 35.33 35.51 35.67 35.79 35.96 36.22 36.34 36.43 36.60 36.94 37.22 37.60
traj-180:
 2.05  3.44  4.25  6.13  7.47  8.57 10.46 12.11 12.79 14.66 15.57 16.53 18.18 19.65 21.20 23.19 24.33 25.02 25.47 25.65 25.81 25.68 25.69 25.66 25.37 24.10 23.53 22.07 20.90 19.73 18.27 17.67 16.48 16.42 15.97 16.01 16.03
35.89 35.78 35.71 35.66 35.60 35.64 35.63 35.66 35.66 35.63 35.63 35.58 35.77 35.74 35.78 35.99 35.87 34.04 33.11 31.71 30.87 29.42 27.68 26.34 25.51 24.57 24.50 24.42 24.39 24.32 24.26 24.23 23.34 22.95 21.07 19.09 18.79
traj-181:
 8.70  9.13  9.53 10.18 10.81 11.25 12.34 13.43 14.49 15.38 16.56 18.33 19.79 21.54 22.73 24.61 25.83 26.17 26.35 26.27 26.15 25.87 25.26 24.42 22.51 21.35 19.41 17.89 17.08 15.23 13.77 12.12 10.20  8.34  6.46  4.84  3.60  2.19
14.58 15.74 16.71 18.39 20.02 20.90 22.16 23.76 24.24 24.35 24.43 24.48 24.48 24.49 24.55 24.93 26.36 27.98 29.41 31.15 31.74 33.19 35.05 35.79 35.78 35.92 35.68 35.68 35.68 35.74 35.82 35.78 35.67 35.51 35.55 35.69 35.80 35.88
traj-182:
 3.62  5.44  6.63  7.91  9.32 10.71 12.26 14.14 14.69 16.52 17.42 19.25 20.00 21.68 22.72 23.03 24.93 25.12 25.24 25.13 25.31 25.27 25.03 24.11 22.63 20.88 20.34 18.58 17.71 16.41 14.74 13.22 11.50  9.56  7.82
35.39 35.56 35.71 35.78 35.85 35.68 35.59 35.53 35.60 35.71 35.75 35.73 35.57 35.40 35.41 35.50 35.08 33.60 32.42 30.94 29.33 28.05 26.12 24.48 24.31 24.11 24.11 24.12 24.12 23.36 22.40 21.53 21.60 21.43 21.21
traj-183:
 5.43  6.78  7.93  9.37 10.83 12.48 13.98 14.91 16.39 17.16 18.11 19.22 20.67 21.55 22.81 24.30 25.37 25.95 25.88 25.75 25.70 25.57 25.31 25.16 23.63 21.65 20.19 19.98 18.54 16.94 15.54 13.56 11.86 10.20  9.70  7.78  5.93  4.29  2.64
17.21 18.16 18.95 19.86 20.72 21.68 22.80 23.36 23.80 24.19 24.28 24.37 24.27 24.18 24.27 24.36 25.74 26.66 28.42 29.37 31.25 32.46 33.80 34.79 35.36 35.35 35.48 35.70 35.78 35.95 36.08 36.27 36.18 36.16 36.32 36.50 36.90 36.93 37.01
traj-184:
 2.51  4.22  5.88  6.26  8.00  9.17 11.02 11.85 13.74 15.59 17.09 18.35 20.17 20.75 22.40 23.21 23.97 25.69 25.82 25.91 25.85 25.87 25.85 25.86 25.05 24.13 22.72 20.97 19.20 17.43 15.89 15.14 14.48 14.40 14.13 13.97 13.54 13.41 13.18 13.08 13.02 13.20
36.46 35.99 35.72 35.64 35.37 35.26 35.35 35.48 35.78 36.48 36.87 37.37 37.56 37.51 37.24 36.32 35.36 34.80 33.62 32.74 30.99 30.03 28.59 27.71 26.10 24.85 24.68 24.56 24.37 24.17 23.74 22.73 20.87 19.50 17.53 16.65 15.24 14.42 12.44 10.54  9.00  7.94
traj-185:
13.66 13.45 14.60 16.38 18.37 20.15 21.89 22.48 24.38 25.35 25.35 26.08 25.89 25.86 25.46 25.00 24.86 23.24 22.42 21.04 19.21 18.18 16.87 14.96 14.39 12.84 11.11  9.55  7.74  7.27  5.27  3.79  1.90
20.14 22.09 23.47 24.31 24.50 24.63 24.60 24.57 24.72 26.47 26.67 28.44 30.32 32.32 33.97 35.65 36.23 37.32 37.27 37.15 37.06 36.56 35.99 36.47 36.59 36.87 37.07 36.77 37.08 37.05 37.10 36.72 36.66
traj-186:
 3.37  4.14  5.44  7.41  8.65 10.63 12.58 13.60 15.01 16.54 18.37 18.84 20.62 21.71 23.28 24.49 25.08 25.30 25.53 25.70 25.79 25.22 25.11 24.01 22.51 21.34 19.59 17.82 16.15 15.83 14.49 13.66 12.46 11.12 10.46  9.60  8.55  7.86  7.15  6.29  5.71  4.89
35.94 35.87 35.75 35.57 35.57 35.68 35.71 35.81 35.81 35.85 35.89 35.91 36.02 36.05 35.69 35.24 33.57 32.23 30.34 28.57 27.68 25.79 25.31 24.08 24.05 24.04 24.05 24.07 23.15 22.65 21.30 20.01 18.49 17.14 16.26 15.36 14.12 13.32 12.36 11.24 10.04  8.86
traj-187:
12.35 12.52 12.65 12.79 12.89 13.40 13.83 14.09 14.33 14.55 14.88 15.83 16.83 17.09 18.86 20.65 21.25 23.03 24.83 25.12 25.07 25.06 25.12 25.13 25.12 25.05 24.92 23.65 22.73 20.76 19.03 17.13 16.28 14.78 12.91 11.64 10.75  9.01  7.85  6.08  4.80  3.55  1.86
 5.07  6.95  8.93 10.25 12.15 13.86 15.68 16.43 17.59 18.89 20.60 22.32 23.85 24.01 24.05 24.07 24.08 24.01 24.72 25.25 26.68 27.28 29.24 30.97 31.92 33.31 35.17 35.47 35.67 35.87 35.95 36.10 36.13 36.22 36.47 36.51 36.57 36.70 36.83 36.93 37.01 37.17 37.58
traj-188:
 3.54  5.21  6.53  8.49 10.24 11.31 12.78 13.86 14.48 16.21 17.98 18.68 20.52 21.95 23.90 24.41 25.12 25.43 25.52 25.41 25.27 25.16 24.11 23.25 21.77 20.01 18.11 17.81 16.60 15.87 14.67 14.37 13.36 12.31 11.68 10.87 10.01  9.20  8.82
35.51 35.50 35.58 35.53 35.48 35.43 35.48 35.51 35.51 35.65 35.64 35.61 35.61 35.52 35.26 35.06 34.16 32.70 30.76 29.35 27.68 25.77 24.32 24.26 24.18 24.11 24.07 24.06 23.32 22.54 21.09 20.73 19.34 17.91 16.15 14.73 13.26 11.67 11.06
traj-189:
 9.64 10.72 11.16 12.04 12.91 13.84 14.96 16.46 17.63 19.33 19.93 21.67 22.84 24.40 25.05 25.25 25.43 25.60 25.74 25.86 25.78 25.73 24.27 24.13 22.56 20.68 18.95 17.46 15.89 14.61 13.12 11.24  9.35  7.47  5.59  3.76
16.24 17.72 18.35 19.84 21.24 22.73 23.37 24.03 24.17 24.14 24.16 24.28 24.35 24.73 24.97 26.69 28.56 29.67 30.83 32.44 33.99 35.16 36.28 36.54 37.53 37.62 36.85 36.53 36.39 36.26 36.01 36.13 36.35 36.68 37.01 37.26
traj-190:
 2.07  3.15  4.65  5.47  6.89  8.23  9.99 11.78 12.08 13.98 15.92 16.22 17.98 19.01 20.97 21.42 23.07 24.88 25.17 25.20 25.17 25.11 25.09 25.13 25.12 24.24 22.46 20.68 19.23 17.46 16.46 16.28 16.11 14.97 14.63 14.50 14.71 13.98 12.89 12.71 11.82 11.16 10.63 10.11
37.38 36.88 36.36 36.16 35.54 35.50 35.39 35.28 35.29 35.35 35.51 35.54 35.68 35.80 35.91 35.94 35.87 35.50 33.78 33.18 31.30 29.81 27.87 26.77 25.89 24.44 24.33 24.25 24.16 24.04 23.53 22.05 20.74 19.59 19.23 17.32 15.37 14.46 12.85 12.61 11.04  9.39  7.55  5.91
traj-191:
 9.71 10.72 12.00 12.37 13.37 13.93 14.73 15.29 15.74 15.87 17.14 19.02 20.81 22.57 24.36 25.54 26.03 26.01 26.01 26.04 25.99 25.97 25.30 25.17 23.28 21.75 20.14 18.42 16.97 15.04 13.90 12.06 10.08  8.75  6.83  5.30  3.51
12.24 13.77 15.24 15.87 17.47 18.85 20.18 21.57 23.27 23.50 24.05 24.10 24.11 24.08 24.02 25.53 27.38 28.83 29.43 31.39 32.57 34.08 35.80 36.49 36.93 36.72 36.57 36.26 36.18 35.93 35.75 35.59 35.43 35.38 35.24 35.25 35.32
traj-192:
 2.73  4.31  5.70  7.25  7.74  9.58 11.42 13.37 14.50 16.34 18.29 19.76 21.54 23.50 25.03 25.21 25.67 25.74 25.64 25.45 25.24 25.02 24.56 22.69 22.40 20.65 18.87 17.41 15.63 13.66 11.81 11.11 10.21  9.95  9.08  8.11  7.70  7.28  6.88  5.87  5.67
37.12 36.57 36.35 36.10 36.03 35.84 36.09 35.76 35.65 35.54 35.82 35.87 35.94 35.92 35.55 35.31 33.54 32.65 30.67 29.02 27.11 25.38 24.78 24.68 24.66 24.55 24.54 24.49 24.39 24.27 23.57 21.75 20.31 19.53 18.15 16.45 15.19 14.03 12.92 11.23 10.40
traj-193:
11.60 12.86 13.99 15.23 15.45 15.67 16.33 17.92 18.79 20.52 22.28 24.18 25.31 25.32 25.28 25.29 25.23 25.22 24.45 23.02 22.44 20.48 18.54 17.65 15.78 13.92 11.97 10.38  9.47  7.71  6.29  4.33
16.79 18.06 19.31 20.35 20.73 21.64 23.05 24.17 24.38 24.52 24.51 24.88 26.18 27.06 29.04 30.96 32.66 33.55 35.38 35.59 35.58 35.85 36.32 36.84 37.02 36.47 36.10 35.98 35.91 35.59 35.55 35.32
traj-194:
 1.92  2.77  4.38  5.51  7.34  8.03  9.34 10.07 11.53 12.96 14.86 15.25 17.12 18.16 20.09 22.05 24.00 24.77 26.21 27.25 27.05 27.19 27.16 27.17 27.17 27.27 27.40 27.38 27.43 27.57 26.55 26.09 25.82 25.30 24.99 23.40 21.66 19.96 18.77 16.98 16.72 15.96 15.79 15.70 15.40 15.61 15.75 15.84 15.70 16.19 16.17
37.69 37.57 37.47 37.38 37.36 37.14 36.59 36.61 36.51 36.43 36.38 36.37 36.74 36.34 36.35 36.13 35.76 35.78 34.79 33.50 31.72 30.69 29.95 28.77 27.61 25.82 24.08 22.88 21.69 20.84 19.13 21.06 22.03 23.94 24.24 24.74 24.51 24.27 24.22 24.14 23.99 22.36 22.11 20.24 19.37 17.87 16.64 15.58 13.62 11.81 10.77
traj-195:
11.74 12.42 13.42 14.08 14.98 15.37 16.79 18.72 20.33 22.24 22.83 24.29 25.13 25.30 25.37 25.38 25.37 25.19 25.14 24.06 22.42 22.22 20.50 18.69 17.31 15.58 13.98 12.96 11.76 10.34  8.65  7.22  6.17  4.24  2.41
18.42 19.47 20.95 21.68 22.81 23.13 24.10 24.08 24.31 24.59 24.68 24.88 26.55 27.36 29.20 30.07 32.04 33.81 34.10 35.06 35.31 35.53 36.31 35.79 35.98 36.02 36.00 35.88 35.79 35.62 35.64 35.68 35.66 35.60 35.72
traj-196:
 2.52  3.33  4.58  6.12  7.89  8.88 10.70 11.81 13.54 15.31 17.20 18.18 19.77 21.34 23.19 25.04 25.13 25.35 25.37 25.20 25.08 25.02 24.30 22.84 21.60 20.44 19.01 17.84 16.90 16.44 15.93 14.40 13.09 11.22 10.32  8.76  7.26
37.33 37.03 36.63 36.13 35.47 35.35 35.23 35.17 35.11 35.07 35.12 35.16 35.19 35.34 35.42 34.72 33.24 31.27 30.98 29.04 27.11 26.01 24.75 24.49 24.41 24.34 24.27 24.18 23.65 22.34 20.95 20.20 19.89 19.37 19.15 19.15 18.98
traj-197:
15.16 15.25 15.12 15.16 15.31 15.35 15.32 14.87 14.80 14.93 15.87 16.90 18.67 20.14 20.74 22.46 24.23 25.21 25.43 25.44 25.53 25.81 25.41 25.23 24.73 24.33 22.73 20.84 20.37 18.66 17.66 15.67 14.11 12.40 10.49  9.29  7.34  5.36  3.76  1.82
13.53 14.42 15.86 16.48 18.13 18.71 19.63 21.43 21.69 23.52 24.07 24.18 24.16 24.17 24.21 24.24 24.21 25.15 26.87 27.23 29.23 31.17 32.80 33.67 35.02 35.36 36.52 36.48 36.53 36.23 36.10 36.14 35.93 35.82 36.00 36.11 36.47 36.68 36.82 36.95
traj-198:
 3.77  5.33  6.74  8.47  9.18 11.09 12.64 13.08 14.39 15.25 17.00 17.34 18.96 20.77 21.19 23.09 23.67 24.26 25.30 25.68 25.68 25.65 25.47 25.23 25.14 23.92 22.16 20.42 18.94 17.20 16.02 15.09 14.18
37.82 37.19 36.77 36.38 36.31 36.31 35.99 36.01 35.60 35.68 35.48 35.48 35.55 35.41 35.35 35.09 35.14 35.04 34.01 32.20 31.90 30.03 28.82 26.84 24.85 24.33 24.31 24.22 24.18 24.10 23.26 21.78 20.15
traj-199:
 9.28  9.64 10.19 10.50 10.78 11.37 12.49 14.01 15.16 16.68 16.89 17.47 19.21 20.35 21.51 23.25 24.43 25.22 25.23 25.32 25.41 25.38 25.22 24.49 22.71 22.16 20.63 19.47 17.79 16.75 15.50 14.30 12.87 10.92  9.25  8.16  7.08  5.22  3.63  2.44
12.13 13.56 15.03 16.17 17.22 18.71 20.29 21.59 22.68 23.94 24.14 24.24 24.50 24.52 24.55 24.61 24.84 26.40 27.96 29.22 30.58 31.84 33.60 35.36 35.33 35.37 35.49 35.52 35.58 35.62 35.69 35.69 35.70 35.67 35.63 35.64 35.71 35.72 35.74 35.80
