traj-0:
38.48 37.60 35.96 34.21 32.55 31.83 30.84 30.37 30.24 30.21 29.39 28.99 28.65 28.18 28.17 28.26 28.40 28.82 27.89 26.15 24.22 22.26 21.97 20.29 18.57 17.19 16.86
24.27 24.31 24.28 24.26 23.93 23.55 22.78 21.14 19.42 18.55 16.79 15.32 14.20 12.68 11.58 10.42  8.83  7.00  5.27  5.10  5.04  5.13  5.19  5.46  5.79  6.91  7.29
traj-1:
36.86 34.89 33.00 31.05 29.26 28.07 27.71 25.88 24.30 22.71 21.40 19.64 18.08 16.58 14.78 13.06 11.64
24.06 23.95 23.80 23.43 22.76 21.35 20.65 20.43 20.31 19.59 19.11 19.05 19.38 19.66 19.86 19.68 19.70
traj-2:
38.76 37.58 35.82 34.66 33.82 32.39 30.74 30.60 30.42 30.19 30.12 28.77 27.31 26.37 24.56 22.98 21.84 20.09 19.20 17.40 16.34 15.31 14.24
24.74 24.74 24.76 24.77 24.76 24.83 25.96 27.41 28.78 30.37 30.87 32.31 32.59 32.78 32.47 32.52 32.45 32.60 32.56 32.59 32.68 33.09 33.47
traj-3:
35.06 33.22 31.75 29.99 29.83 29.43 29.21 28.94 28.71 28.49 28.46 28.19 28.12 28.01 28.04 27.28 26.05 25.16 23.99 22.83 20.88 19.71 18.02 17.28 15.36 13.99 12.18 10.73  8.85  7.69  6.17
24.25 23.69 23.11 22.40 21.30 19.87 18.69 16.82 14.97 13.07 12.48 10.57  8.65  6.94  6.64  5.36  4.54  4.73  4.92  5.13  5.23  5.25  5.32  4.99  5.00  5.39  5.38  5.39  5.29  5.22  5.34
traj-4:
37.47 36.13 34.22 33.25 31.39 29.90 29.62 28.94 27.30 25.64 23.65 22.17 21.58 19.64 18.23 17.58 16.51 15.86 14.69 13.68 13.17
23.42 23.19 23.24 23.28 23.18 22.07 21.77 20.29 19.31 19.18 19.14 19.14 19.16 19.28 18.80 18.30 17.56 17.11 18.50 20.00 21.59
traj-5:
38.93 37.39 35.82 34.17 32.91 31.56 30.40 29.28 29.57 29.51 29.46 28.44 27.38
23.37 23.43 23.47 23.69 23.69 23.82 25.29 26.45 28.08 29.84 31.80 33.01 33.87
traj-6:
36.66 35.49 34.08 32.25 31.93 31.60 30.43 30.44 30.38 30.38 30.29 29.73 29.21 28.08 28.14 28.37 28.47 27.23 25.85 24.48 23.03 21.16 19.86 18.98 17.25 15.51
24.33 24.34 24.30 23.53 23.45 23.08 22.10 20.64 18.85 17.09 15.66 13.80 13.16 11.67  9.95  8.01  6.62  5.34  4.83  4.89  4.88  4.90  4.95  5.00  4.91  4.94
traj-7:
34.21 33.63 31.69 30.10 29.17 28.86 28.16 26.80 24.92 23.53 22.24 21.25 20.08 18.20 17.36 16.29 14.35 13.28
24.44 24.47 24.78 23.77 22.18 21.76 21.31 19.86 19.63 19.45 19.42 20.94 22.20 22.10 21.84 21.51 21.81 23.31
traj-8:
35.02 33.33 31.52 30.94 30.63 30.24 29.67 29.41 28.73 27.46 25.91 24.75
23.46 23.63 23.78 24.20 25.58 27.51 29.33 29.85 31.13 32.34 33.17 33.56
traj-9:
37.01 36.15 34.45 32.75 31.59 30.77 30.07 30.11 30.20 30.24 30.05 29.43 29.06 28.52 28.32 28.24 28.07 27.93 26.19 24.57 22.84 21.49 20.36 18.88 16.94 15.36 13.73 12.13 10.57  9.77
24.17 24.08 23.90 23.65 23.45 22.79 21.21 20.61 19.12 17.37 15.66 13.83 12.53 10.76  8.99  7.95  6.19  5.92  5.10  4.92  4.97  5.06  5.07  5.22  5.55  6.06  6.73  7.32  7.58  7.73
traj-10:
38.98 38.80 36.99 35.65 34.94 33.22 32.92 31.11 29.85 28.56 26.87 25.09 23.38 22.05 20.50 18.87 17.34 15.40 14.41 12.55 11.96 10.26  8.81  7.47
23.33 23.58 23.72 23.70 23.66 23.36 23.33 23.11 22.66 21.78 20.94 20.86 20.88 20.99 21.39 22.22 22.93 22.77 22.47 22.29 22.22 22.01 21.82 21.69
traj-11:
35.28 33.90 32.46 31.42 30.50 29.93 28.16 28.39 29.22 29.47 30.88 31.90
24.38 24.59 24.80 25.00 26.34 27.38 28.28 30.04 31.67 31.83 32.84 34.05
traj-12:
36.17 34.47 33.52 31.74 30.74 29.56 29.25 29.14 28.96 28.91 28.81 28.75 28.69 28.73 28.70 28.38 27.36 26.58 25.00 23.82 22.05 20.73 19.60 18.22 16.45 15.63 13.69 13.39 11.49
23.97 23.55 23.37 23.12 22.30 20.69 19.12 17.98 16.20 15.76 14.12 12.37 10.88 10.32  8.61  6.89  5.21  5.09  4.95  4.96  4.93  4.96  4.93  4.85  4.83  5.11  5.57  5.62  6.19
traj-13:
39.19 38.12 36.47 34.85 33.91 32.50 31.15 29.81 29.00 28.32 26.80 24.81 23.71 22.09 21.64 19.71 19.34 17.45 16.17 15.57 14.20 12.56 11.77 10.66  8.89  8.43
24.03 23.72 23.33 23.14 23.19 23.13 23.10 22.63 22.25 20.45 19.60 19.42 19.11 19.10 18.80 18.35 18.59 18.50 19.45 19.79 20.56 21.36 21.64 22.00 22.03 22.05
traj-14:
38.30 37.15 35.68 34.79 33.63 32.73 30.85 29.57 29.39 29.65 29.82 30.10 29.71 29.60 28.19 27.41
23.08 23.03 23.03 23.04 23.05 23.05 23.17 24.66 26.50 28.31 29.48 31.22 33.06 33.65 35.02 35.43
traj-15:
38.72 38.43 36.69 35.07 33.70 32.06 31.24 29.75 29.05 28.70 28.54 28.18 28.19 28.41 28.53 28.61 28.68 28.41 28.18 26.97 25.47 23.55 22.40 21.53 20.14 19.28 17.57 15.97 14.58 12.97 11.31 10.54
23.75 23.73 23.54 23.13 23.23 23.18 23.17 22.09 20.73 19.65 17.72 15.90 15.05 13.16 11.39  9.81  9.24  7.34  6.29  5.00  4.98  5.18  5.43  5.57  5.67  5.66  6.56  7.54  7.64  7.76  7.12  6.61
traj-16:
35.63 33.98 32.17 30.78 30.36 29.67 29.37 28.34 26.87 24.92 24.62 22.75 21.67 20.41 18.44 17.39 15.99 14.05 13.19 11.36  9.59  9.30  7.44
23.82 23.50 23.39 23.29 22.67 20.88 19.73 19.00 20.20 20.32 20.33 20.64 20.77 20.50 20.48 20.33 20.31 20.16 20.08 20.19 20.18 20.08 19.55
traj-17:
37.86 36.02 34.36 33.66 32.23 31.05 30.34 29.24 29.03 28.23 28.20 28.18 26.78 25.65 23.88 22.03
23.49 23.15 23.28 23.28 23.53 24.05 24.56 25.39 27.27 28.99 30.44 31.04 32.46 33.26 33.72 34.23
traj-18:
37.92 37.10 35.81 34.03 33.44 31.73 30.22 29.98 29.79 29.34 29.01 28.91 28.64 28.36 28.31 28.10 28.10 27.12 25.65 24.47 22.82 20.93 19.79 18.49 16.98 15.33 14.26 12.68 11.06  9.74  8.41  6.67
23.35 23.28 23.29 23.32 23.27 23.13 22.15 21.05 19.26 17.38 15.74 14.71 12.83 11.27 10.77  8.96  7.19  5.58  4.98  4.96  4.91  5.02  5.37  5.78  6.52  7.59  7.60  7.72  7.87  7.96  8.05  8.22
traj-19:
34.82 33.18 31.29 30.29 28.80 27.24 25.37 23.93 22.46 20.58 19.12 17.88 17.00 15.88 14.60 13.34 12.83 11.28  9.85
23.68 23.32 23.00 22.50 21.69 20.76 20.82 20.90 20.98 21.56 22.33 22.04 21.75 21.40 20.74 19.93 19.61 18.60 17.61
traj-20:
37.20 35.48 33.75 32.91 30.96 29.24 28.38 28.45 28.33 28.65 29.12 29.23
24.87 24.83 24.81 24.82 24.88 24.94 26.67 28.12 29.57 30.95 32.82 33.40
traj-21:
35.33 33.56 32.70 30.93 30.83 30.47 29.63 28.60 28.35 28.55 28.69 28.63 28.55 28.49 28.40 28.34 28.28 28.33 28.20 27.40 25.46 24.65 23.18 21.19 19.95 18.61 16.85 15.87 14.34 12.69 11.19
24.89 24.86 24.87 24.81 24.22 23.92 22.36 20.72 20.28 19.42 17.95 16.76 14.99 13.87 12.14 11.11  9.38  7.47  6.90  5.32  4.94  4.93  5.05  5.09  5.19  5.36  6.16  6.54  7.04  6.03  5.54
traj-22:
38.99 38.11 36.18 35.61 33.79 32.11 30.56 30.48 29.37 27.82 27.22 25.38 23.96 22.34 21.63 20.46 18.96 17.50 16.17 14.97 14.00
24.12 23.94 23.53 23.37 23.25 23.14 22.02 21.73 20.15 20.16 20.19 20.24 20.28 20.42 20.69 21.12 21.42 21.23 20.12 18.81 17.65
traj-23:
35.90 34.02 33.30 32.44 32.17 30.43 29.67 29.19 28.71 28.71 28.66 27.48
23.14 23.31 23.47 23.64 23.76 24.55 26.35 27.64 29.47 30.06 31.52 32.62
traj-24:
35.18 34.02 32.59 31.72 30.50 30.07 28.92 28.76 28.99 29.03 29.01 28.85 28.62 28.34 28.50 28.47 28.68 28.26 28.13 27.37 25.69 23.76 23.18 21.19 19.37 18.15 16.98 15.84
24.78 24.81 24.81 24.76 23.96 23.31 22.02 20.96 19.23 18.93 17.12 15.50 14.14 13.15 12.08 10.67  9.77  7.87  6.78  5.48  5.11  4.99  4.99  5.00  4.87  4.93  4.99  4.84
traj-25:
38.19 36.27 35.44 34.25 32.28 30.84 29.33 28.70 27.54 27.24 25.75 25.45 23.47 22.10 20.49 20.07 18.08 16.31 15.43 13.85 12.11 11.20  9.56  7.69  6.50
24.03 23.91 23.85 23.76 23.83 24.05 23.31 21.75 20.18 20.03 19.11 19.15 19.23 19.32 18.66 18.24 18.17 18.80 19.00 19.53 20.14 20.44 21.02 21.66 22.03
traj-26:
35.14 34.32 32.47 30.80 29.44 29.46 30.26 30.35 30.80 30.91
23.41 23.39 23.51 23.46 24.88 26.66 28.48 29.93 31.84 32.12
traj-27:
34.40 32.65 31.25 30.56 30.55 30.57 30.58 30.54 30.49 30.36 30.26 29.22 29.09 28.95 28.69 28.43 27.98 26.26 24.42 22.74 20.83 19.44 18.87 17.31 16.68 14.81 13.12 11.17  9.71  8.65
23.59 23.18 23.00 21.31 20.41 19.26 18.10 16.66 15.22 13.46 12.61 11.13 10.03  8.88  7.42  6.32  5.54  4.92  5.01  5.08  5.46  5.75  5.87  6.75  7.27  7.69  7.82  7.72  7.37  7.35
traj-28:
33.90 32.07 31.73 30.14 29.42 27.95 27.35 25.61 23.62 22.13 20.51 19.35 17.36 15.90 14.82 13.36 12.39 11.34 10.71 10.36
23.44 23.21 23.21 22.25 20.65 19.54 19.58 19.70 19.54 19.87 19.25 19.09 19.15 19.13 19.13 19.17 19.35 20.20 21.89 22.49
traj-29:
33.61 31.87 30.32 30.15 30.04 29.03 27.94 26.59 26.17 24.81 24.59
24.57 24.72 25.82 27.78 29.24 30.85 32.30 33.50 33.94 35.15 35.36
traj-30:
36.92 35.00 34.04 32.30 31.37 30.59 30.35 29.72 29.21 28.64 28.16 28.15 28.10 28.07 28.06 28.07 28.06 28.01 27.53 25.79 24.06 22.36 21.20 20.33 18.72 16.90 16.08 14.14 12.70 11.92 10.84  9.38
23.14 23.16 23.30 23.40 23.02 22.10 20.94 19.12 17.45 16.09 14.27 12.93 12.11 10.62  8.92  7.12  6.82  6.23  5.34  5.12  5.11  5.16  5.29  5.40  5.86  6.63  6.88  7.09  6.72  6.30  5.77  4.91
traj-31:
34.71 32.80 31.71 30.38 28.76 28.41 28.15 27.46 25.54 24.50 23.03 21.20 19.76 17.93 16.57 15.24 13.69 13.17 11.84
23.50 23.50 23.40 23.48 24.21 22.50 21.34 20.16 20.13 20.10 20.03 20.39 20.88 21.50 22.09 21.24 20.38 20.01 19.17
traj-32:
34.61 33.23 31.27 29.48 29.69 30.18 30.39 30.31 29.25 27.68 26.02 24.33
24.77 24.78 24.99 25.72 26.76 28.33 30.11 31.13 32.48 32.54 33.02 33.55
traj-33:
35.05 33.42 32.14 31.07 29.80 29.07 28.96 28.16 28.15 28.17 28.19 28.22 28.24 28.23 28.36 28.44 27.58 26.29 24.89 23.18 21.25 20.26 18.56 16.65 15.10 13.89 12.25 10.88  9.26  7.59
23.31 23.30 23.31 23.34 22.82 21.61 19.74 17.97 17.09 15.68 13.73 11.73 10.72  9.29  7.88  7.26  5.64  5.14  4.96  4.71  4.78  5.02  5.37  5.70  6.14  6.53  7.19  7.58  7.61  7.93
traj-34:
36.02 34.16 32.33 31.12 29.98 28.27 27.34 25.95 24.83 23.71 21.98 20.94 19.39 18.39 17.04 16.34 14.83 13.17 11.97
23.90 23.43 23.17 23.08 22.40 21.42 20.91 20.91 20.89 20.89 20.72 20.61 20.28 19.95 20.38 21.34 22.28 22.76 23.19
traj-35:
34.42 33.05 31.10 30.86 29.38 29.23 28.84 28.49 28.41 28.22
24.45 24.72 24.94 25.11 25.96 26.53 28.05 29.81 31.55 33.09
traj-36:
34.32 32.40 32.08 30.52 30.21 30.32 30.22 30.07 29.96 29.77 29.43 29.27 28.82 28.45 28.47 28.18 26.53 24.81 23.11 21.76 20.39 18.86 18.33 16.58 15.73 13.84 12.68 10.86  9.55
24.04 23.51 23.41 22.34 21.01 20.14 18.40 16.94 16.05 14.47 12.75 11.40  9.49  8.36  7.50  5.76  4.87  4.98  4.97  4.99  4.98  5.14  5.34  5.96  6.13  6.01  6.03  5.66  5.33
traj-37:
33.61 32.17 30.66 29.76 28.93 27.72 26.96 25.39 23.96 22.18 20.32 18.63 17.50 16.07 14.38
24.49 24.33 23.70 22.22 20.82 20.15 19.92 19.83 19.66 19.78 20.49 19.43 18.94 18.26 17.53
traj-38:
35.25 33.39 32.09 30.16 29.71 29.09 28.74 28.48 28.02 26.14 24.36 22.55 21.37
23.62 23.17 23.32 23.53 24.27 26.12 28.02 29.86 31.76 32.31 33.09 33.73 34.34
traj-39:
35.58 34.73 33.24 32.45 30.68 29.82 29.38 29.29 29.05 29.09 28.83 28.62 28.77 28.81 28.88 28.55 28.24 27.21 25.98 24.38 22.59 21.46 20.07 18.39 17.15 15.46
23.69 23.50 23.10 23.25 23.27 22.87 21.07 19.89 18.95 18.06 16.13 14.41 12.49 10.99  9.52  8.09  6.67  5.16  4.99  4.77  5.07  5.00  5.09  5.43  5.79  6.47
traj-40:
38.34 36.63 35.31 33.91 31.96 30.70 29.56 29.57 29.22 27.74 25.79 24.96 23.27 21.81 20.47 18.82 17.26 15.45 14.42 12.90 10.95  9.20
24.24 24.50 24.60 24.79 24.97 25.99 24.37 23.48 21.89 20.99 20.85 20.80 20.80 20.91 20.99 21.36 21.84 22.16 22.31 22.68 22.94 23.36
traj-41:
34.38 33.09 31.14 29.58 29.09 28.25 29.12 30.25 31.34 32.19
23.31 24.12 24.41 25.57 26.76 28.46 30.08 31.44 32.88 33.92
traj-42:
37.79 36.67 35.28 33.32 32.13 30.59 30.57 30.65 30.63 30.51 30.24 29.62 29.36 28.68 28.53 28.37 28.07 27.55 25.92 25.06 23.19 22.40 20.86 19.15 17.69 16.54 15.35 13.72 13.22 11.36 10.39
24.06 24.31 24.14 23.77 23.20 22.01 20.27 19.40 17.64 16.16 14.43 13.21 12.80 11.21  9.53  7.76  6.57  5.80  4.93  4.81  4.83  4.86  4.92  4.86  5.10  5.31  6.77  7.68  8.06  7.71  7.35
traj-43:
35.51 34.33 32.60 31.72 29.81 29.39 28.89 27.72 26.71 25.41 23.65 21.75 20.07 19.45 17.53 17.33 15.51 14.85
24.80 24.77 24.85 24.74 24.42 22.48 21.34 20.58 20.17 19.86 19.60 20.21 20.67 20.23 20.34 20.12 19.49 19.16
traj-44:
36.38 34.92 33.87 32.49 31.69 30.38 29.42 29.24 28.70 29.05 29.03 27.36 26.17 25.33 23.46 22.06 21.42 19.50 17.58 15.84 14.06 13.30
23.35 23.54 23.68 23.73 23.91 24.59 25.90 27.44 29.25 30.99 32.82 33.20 33.34 33.44 33.87 33.46 33.23 32.82 32.37 32.25 32.41 32.47
traj-45:
36.10 34.37 32.96 31.42 30.84 30.43 30.34 29.77 29.64 29.16 28.59 28.53 28.40 28.33 28.55 28.33 27.16 25.76 24.33 22.54 22.01 20.02 18.11 17.40 15.88 14.25 12.59 10.60  8.92
23.43 23.29 23.15 23.02 22.52 20.67 20.38 18.61 17.88 16.14 14.22 12.51 11.36 10.13  8.14  6.52  5.14  5.08  5.00  5.04  5.07  5.08  5.58  6.08  6.50  6.52  6.49  6.60  6.07
traj-46:
36.65 34.92 34.35 32.57 31.69 30.22 30.24 30.14 29.92 28.08 26.32 24.85 23.29 21.48 19.57 18.33 16.41 14.72 13.71 12.63 10.86  9.41  7.52
24.82 24.88 24.91 24.77 24.63 23.68 22.20 21.34 19.61 19.16 19.35 19.53 19.82 19.16 19.46 20.69 21.10 21.50 21.50 21.29 21.04 20.61 20.27
traj-47:
34.91 34.01 32.31 30.37 29.35 28.10 28.82 28.56 28.48 26.78 25.03
24.92 24.84 24.63 24.69 26.16 27.34 29.06 30.77 31.36 32.04 32.45
traj-48:
36.70 35.10 33.21 32.33 30.60 28.87 28.15 28.15 28.21 28.33 28.44 28.59 28.80 28.92 28.79 28.80 27.39 26.34 24.76 23.14 21.65 20.42 18.71 17.46 16.52 14.77 14.27 12.49 11.19  9.57  8.07  6.72  5.61  4.30
23.68 23.49 23.20 23.08 22.13 21.19 20.34 18.42 17.42 15.62 14.17 12.77 10.82  9.04  7.09  6.79  5.42  5.19  5.23  5.20  5.25  5.37  5.47  5.45  5.72  6.04  6.13  6.41  6.64  6.91  7.19  7.28  7.35  7.42
traj-49:
36.97 35.81 33.87 32.22 31.02 29.48 28.04 26.31 24.57 23.15 21.68 19.95 18.68 16.93 16.15
23.92 23.68 23.25 23.11 23.02 22.58 21.31 20.60 20.70 20.79 20.92 21.22 21.65 22.45 22.49
traj-50:
35.52 34.24 32.90 31.43 29.96 30.00 29.67 29.09 28.63 28.15 26.45 25.28 23.30 22.21 20.99
24.02 23.63 23.34 23.50 23.63 25.55 27.37 28.68 30.50 32.04 32.80 32.72 32.48 32.36 32.42
traj-51:
37.77 36.59 35.70 34.03 33.13 31.60 30.06 29.33 28.46 28.62 28.70 28.85 28.86 28.63 28.43 28.13 28.03 26.80 25.99 24.10 23.27 21.53 20.08 18.10 16.62 15.73 14.33 12.56 10.71  9.59  7.62  6.10  5.21
23.43 23.50 23.45 23.29 23.25 23.26 22.16 20.74 19.06 17.76 16.04 14.10 12.26 10.76  9.37  7.64  6.37  4.99  4.97  4.98  4.96  4.97  4.90  4.84  4.82  5.19  5.95  6.78  7.07  7.01  6.67  6.07  5.71
traj-52:
36.70 36.40 34.68 33.50 32.36 30.63 30.36 29.34 29.04 28.73 27.86 26.13 25.54 23.64 21.69 20.43 19.20 17.31 15.79 14.14 12.54 11.52  9.85  7.93  7.06
24.74 24.73 24.79 24.68 24.91 25.84 25.97 24.25 23.11 22.12 20.66 20.11 20.22 20.63 20.82 20.62 20.61 20.01 20.99 21.73 22.73 23.20 23.80 24.31 24.41
traj-53:
37.38 35.93 34.27 33.17 32.13 30.89 30.23 29.62 28.85 28.80 28.75 28.75 27.74 27.12 25.65 24.24 22.63
23.36 23.22 23.23 23.24 23.34 24.77 25.67 26.27 27.46 29.23 31.01 31.31 32.78 33.04 33.74 34.49 35.32
traj-54:
36.55 35.15 33.85 31.85 31.21 29.49 29.19 29.10 28.75 28.50 28.31 28.48 28.45 28.50 28.36 28.10 27.60 25.83 24.96 23.40 21.67 20.23 19.41 17.65 17.06 15.64 14.26 13.70 12.34
23.60 23.42 23.31 23.26 23.21 22.28 20.32 19.74 17.90 16.20 14.26 12.44 10.80  9.49  7.74  5.98  5.24  4.68  4.65  4.78  4.87  4.99  5.10  5.28  5.35  5.79  6.36  6.52  6.91
traj-55:
36.25 35.37 33.52 32.03 30.16 29.04 28.33 28.25 26.86 25.41 23.80 22.37 20.80 20.36 18.60 17.09 15.16 14.03 12.96 11.21 10.95
23.39 23.36 23.28 23.22 23.13 23.06 21.26 20.97 20.31 20.11 19.99 19.83 19.97 20.15 21.08 21.54 22.04 22.19 22.36 22.49 22.35
traj-56:
36.37 34.46 32.65 31.78 31.11 29.77 30.14 30.20 30.34 30.39 31.01 31.31 32.25 32.38
23.48 23.43 23.28 24.17 24.73 25.72 27.68 28.28 30.07 30.66 32.38 32.87 34.40 34.67
traj-57:
35.26 34.31 32.55 32.25 30.59 30.56 30.36 30.21 30.12 29.27 28.62 28.24 28.19 28.13 28.11 28.07 28.03 27.44 26.92 25.09 24.79 22.91 21.67 19.83 18.75 17.62 16.04 14.91 13.08 12.32 10.47  8.75  6.90  5.23
23.97 23.69 23.14 23.11 22.03 21.74 19.98 18.50 17.34 15.62 14.71 13.24 11.32  9.97  9.02  7.64  6.50  4.62  4.44  4.82  4.85  5.00  5.19  5.56  5.77  5.96  6.73  6.97  7.41  7.69  7.80  8.09  8.28  8.69
traj-58:
37.33 35.62 34.20 32.48 30.70 29.05 28.73 28.20 27.22 26.77 25.16 24.59 24.03 22.18 20.36 18.85 17.29 16.43 14.60
24.61 24.70 24.70 24.75 23.96 23.72 22.86 21.83 20.11 19.73 19.32 19.41 19.61 20.23 20.79 21.16 21.59 21.85 22.18
traj-59:
35.39 34.56 32.81 32.21 30.71 29.91 29.46 28.12 28.09 28.11
24.02 24.17 24.34 24.33 25.10 26.50 28.12 29.34 31.07 32.49
traj-60:
35.14 34.35 33.10 31.39 29.80 29.20 28.65 28.69 28.69 28.56 28.46 28.38 28.36 28.35 28.31 28.30 28.24 27.27 26.86 25.08 23.83 23.02 21.37 20.83 19.11 17.99 16.77 15.23 13.62 12.69 11.20
24.10 23.98 23.79 23.34 22.14 21.13 19.39 17.63 16.75 15.01 13.95 12.79 11.13 10.59  9.10  8.50  6.98  5.33  5.25  4.99  5.02  4.98  4.98  4.97  4.93  5.20  5.61  6.64  7.65  7.35  6.94
traj-61:
36.88 36.28 34.71 33.72 32.29 31.50 29.81 29.19 28.00 28.01 27.09 26.50 25.05 23.65 21.91 20.99 19.17 18.05 16.70 15.16 14.01 12.23 10.56  8.91  7.94
23.89 23.87 23.80 23.70 23.39 23.35 24.01 23.88 22.51 21.91 20.45 20.49 20.70 20.82 20.85 19.30 19.87 19.27 18.53 19.09 19.18 19.19 19.52 18.86 18.52
traj-62:
35.94 34.04 33.05 31.57 30.77 30.50 30.37 30.19 30.09 28.97 28.06 26.11 24.24 23.32
23.37 23.64 23.80 24.37 25.62 27.53 28.71 30.04 31.47 33.10 32.93 32.67 33.07 33.45
traj-63:
36.89 35.17 33.51 32.19 31.44 31.36 29.86 29.42 29.16 29.22 28.79 28.75 28.45 28.68 28.89 28.81 28.70 28.43 28.38 28.23 26.37 25.76 24.05 23.76 21.82 20.20 18.79 17.77 16.24 14.39 12.42 10.66  9.51
24.03 23.63 23.46 23.22 23.17 23.08 22.60 21.92 20.53 19.10 17.89 15.97 14.05 13.86 12.82 11.04  9.55  7.84  7.24  5.75  5.03  5.01  5.03  5.13  5.35  5.64  5.92  6.56  7.71  7.54  7.33  6.65  5.20
traj-64:
33.64 32.22 30.47 29.35 28.98 28.10 27.12 26.32 24.64 23.59 22.53 21.05 20.17 19.31 18.91
24.69 24.79 23.97 23.58 23.00 21.53 20.21 19.98 19.25 19.18 19.22 20.24 20.87 21.67 23.57
traj-65:
37.19 35.70 34.06 32.99 31.22 30.67 29.13 28.57 28.33 28.51 28.92 28.92
23.51 23.07 23.28 23.42 24.01 24.12 25.28 25.89 27.62 29.39 31.05 31.53
traj-66:
36.01 34.85 33.12 31.40 30.02 28.45 28.34 28.14 28.17 28.22 28.24 28.20 28.20 28.18 28.24 28.30 28.30 28.34 28.39 27.48 25.65 23.87 22.06 21.20 19.75 17.89 16.87 15.90 14.46 12.50 10.57  8.62  7.83
24.37 24.38 24.43 24.42 24.40 23.99 22.20 21.42 20.09 19.23 17.50 16.62 14.64 13.00 12.41 10.54  9.52  8.25  6.81  5.15  4.75  4.78  5.01  5.14  5.37  5.92  7.05  7.68  8.04  7.98  8.00  7.81  7.68
traj-67:
37.01 36.14 34.35 33.52 31.75 30.26 29.77 28.38 26.89 25.41 23.57 21.65 21.40 19.81 17.97 16.78 15.12 13.15
23.10 23.12 23.02 23.03 23.03 22.26 20.42 19.18 19.29 19.39 19.67 19.14 18.98 18.02 18.38 18.81 19.06 19.30
traj-68:
35.02 33.31 32.71 31.29 30.69 29.29 29.36 29.73 29.93 29.83 29.10 28.22 27.73
24.48 24.50 24.47 24.39 24.36 25.73 26.02 27.70 28.34 29.83 31.58 32.97 33.45
traj-69:
36.37 36.13 34.22 32.24 30.47 30.32 29.17 28.31 28.19 28.14 28.20 28.27 28.35 28.42 28.46 28.35 28.20 27.79 26.01 24.21 22.44 21.60 19.67 18.85 17.16 16.80
23.99 24.17 24.72 24.66 23.78 22.71 21.54 20.01 18.22 16.46 15.04 13.84 12.08 10.86  9.75  7.99  6.25  5.50  4.96  5.02  5.00  5.09  5.56  5.89  6.94  7.41
traj-70:
36.17 35.87 33.92 32.75 31.86 30.78 30.06 28.95 28.80 27.16 25.75 24.34 22.68 21.50 19.89 19.42 18.28 17.65 15.95 14.86 13.09 12.11
23.03 23.02 23.05 23.05 23.06 22.48 22.11 20.48 20.10 19.21 19.17 19.12 19.09 19.19 19.44 19.81 21.09 21.64 21.15 20.69 20.06 19.61
traj-71:
34.84 33.09 32.21 30.73 30.19 29.85 29.24 28.43 28.99 30.33 31.25
24.66 24.53 24.59 25.42 26.43 27.22 28.22 29.79 31.48 32.14 32.74
traj-72:
34.97 32.97 31.50 30.65 29.80 29.32 28.61 28.60 28.18 28.15 28.03 28.03 28.06 28.06 28.02 28.00 27.02 25.74 24.55 22.64 21.79 20.34 19.76 17.82 15.99 14.26 13.24
23.33 23.22 23.16 22.56 21.20 19.99 19.05 18.90 17.09 15.68 13.78 12.22 10.59  9.04  7.73  6.78  5.17  5.16  5.14  5.07  5.03  5.08  5.21  5.40  6.03  5.70  5.80
traj-73:
38.54 36.80 35.44 33.74 32.04 30.78 29.90 28.23 27.35 26.40 25.13 23.30 21.47 20.09 18.56 17.18 16.33 14.64 13.05
23.97 23.67 23.47 23.32 23.11 23.09 23.09 22.09 20.51 20.07 19.43 19.41 19.68 20.62 21.67 22.58 23.07 23.93 23.27
traj-74:
36.69 35.84 34.51 33.75 32.31 31.25 30.69 30.31 29.66 29.52 29.44 29.39 27.75 26.66 24.73
23.61 23.45 23.33 23.28 23.54 23.79 25.20 26.28 28.07 30.03 32.01 32.59 33.40 33.25 32.92
traj-75:
34.64 32.66 30.98 30.30 30.20 30.16 29.60 29.48 28.92 28.60 28.45 28.69 29.02 29.19 28.11 26.42 24.87 23.14 22.29 20.94 18.97 17.33 15.88 15.11
24.12 23.86 22.87 21.06 19.58 18.10 16.43 15.97 14.38 12.61 11.28 10.14  8.53  7.30  5.74  4.88  4.95  5.07  5.09  5.01  4.94  4.92  4.76  4.69
traj-76:
37.10 35.42 34.16 32.32 30.35 29.43 28.73 28.26 26.49 25.05 23.33 21.47 21.17 20.96 20.22 18.91 17.32 15.50 13.76 12.14 10.34 10.04
23.07 23.15 23.28 23.43 23.47 22.72 20.95 20.38 19.54 19.13 19.15 19.33 19.38 19.59 19.81 20.23 20.83 21.61 21.17 20.99 20.97 20.94
traj-77:
37.62 35.95 34.13 32.32 30.48 30.21 29.53 28.21 28.33 28.38 28.33 27.06 26.77 24.99 23.53 21.66
23.67 23.28 23.28 23.56 24.30 24.84 26.42 27.65 29.08 30.22 31.11 32.26 32.35 32.60 32.94 33.53
traj-78:
35.45 33.61 33.31 31.50 29.84 28.61 28.64 28.48 28.57 28.62 28.57 28.49 28.66 28.75 28.08 27.06 26.01 24.32 23.21 22.05 20.43 19.04 17.37 15.68 14.86 13.33 11.52  9.69  8.64  7.08
23.24 23.35 23.36 23.42 22.68 21.50 19.61 17.76 15.82 13.86 12.96 11.05  9.10  8.27  6.55  4.84  4.47  5.00  5.03  4.98  4.84  4.77  5.23  5.73  6.15  6.97  7.03  6.24  5.89  4.91
traj-79:
37.65 36.51 35.32 33.91 32.48 30.66 30.07 28.75 28.06 28.04 26.91 26.07 24.68 22.75 20.98 20.78 19.65 18.37 16.45 15.81 14.27
24.97 24.93 24.88 24.84 24.78 24.66 24.49 23.84 21.98 21.13 19.74 19.63 19.42 19.21 20.09 20.31 21.68 22.96 23.37 23.52 23.93
traj-80:
33.99 32.23 30.63 30.33 28.80 28.28 28.12 28.06 28.00 27.78 26.82 24.92 24.05
23.77 23.53 24.19 24.50 25.76 26.06 27.22 28.72 30.18 32.16 33.38 33.48 33.05
traj-81:
35.07 34.44 32.60 31.60 30.83 29.13 28.99 28.88 28.54 28.63 28.68 28.73 28.73 28.78 28.70 28.53 28.39 28.37 27.64 26.16 24.61 24.08 22.16 20.83 19.47 17.69 17.26 16.40 14.77 13.36 12.06 10.39  9.59
23.52 23.46 23.20 23.11 22.64 22.08 20.20 19.36 17.76 15.91 15.32 13.59 13.29 11.52 10.94  8.95  7.22  6.92  5.54  5.10  5.08  5.22  5.00  4.62  4.25  5.13  6.25  7.40  7.36  7.37  7.14  6.43  6.20
traj-82:
37.87 37.10 35.53 34.00 32.80 31.50 30.75 29.18 28.32 28.01 27.25 25.50 24.90 23.45 22.89 21.02 19.13 17.52 16.54 15.26 13.54 12.89 11.54
24.13 24.12 23.83 23.52 23.64 24.20 24.25 24.18 22.96 21.99 20.53 20.68 20.73 20.91 20.97 20.56 20.57 20.79 20.58 20.24 19.44 19.06 18.96
traj-83:
34.09 33.19 32.07 30.44 29.43 28.37 28.06 28.06 28.03 28.04 29.03 30.54 31.95
24.70 24.65 24.70 24.69 25.01 25.43 27.37 27.67 29.42 30.02 31.74 32.81 33.94
traj-84:
38.31 36.55 34.60 32.76 32.01 30.35 29.12 28.16 28.26 28.29 28.44 28.71 28.89 28.69 28.48 28.54 28.50 28.55 28.56 28.60 28.75 28.79 28.28 27.51 25.70 24.18 22.32 20.57 18.94 17.84 16.29 14.49
23.64 24.40 24.69 24.86 24.91 25.80 26.76 26.31 24.37 22.74 21.23 21.10 20.34 18.63 17.47 15.51 15.21 13.28 12.28 10.63  8.97  8.37  6.50  5.55  4.87  4.94  5.01  5.04  5.06  5.55  5.75  6.34
traj-85:
37.83 35.86 34.47 33.33 31.57 30.98 30.11 29.13 28.04 27.35 26.21 25.34 23.65 21.91 20.59 19.26 18.00 16.44 15.82
24.77 24.78 24.73 24.80 24.91 24.89 24.47 23.01 21.56 20.42 20.42 20.56 20.86 20.84 20.81 20.12 19.46 18.58 18.08
traj-86:
35.69 34.25 32.86 31.48 30.17 29.98 28.24 28.62 29.05 29.54 30.33 30.76
24.12 24.36 24.48 24.62 26.06 27.21 28.13 29.43 31.17 31.94 32.95 33.64
traj-87:
36.47 34.77 33.39 31.97 30.01 28.92 28.15 28.29 28.50 28.66 28.56 28.41 28.25 28.38 28.66 29.02 28.86 27.42 26.69 25.28 23.85 22.92 21.48 20.04 18.43 16.95 15.34 14.19
24.46 24.59 24.70 24.91 24.99 23.71 22.14 20.39 18.51 16.75 15.27 13.56 11.87  9.91  8.64  6.76  6.50  5.15  4.89  4.88  4.91  4.93  5.09  5.33  5.86  7.19  6.92  6.72
traj-88:
38.83 37.97 36.09 34.82 33.12 31.32 30.20 29.65 28.22 26.99 26.21 24.34 22.66 21.04 20.86 19.84 18.55 17.56 16.47 14.92 13.45 11.76 10.97
23.96 23.75 23.33 23.30 23.26 23.14 22.06 21.20 19.99 19.68 19.42 19.22 19.17 19.38 19.62 20.02 21.48 22.18 23.00 23.80 23.18 22.53 22.12
traj-89:
35.59 33.92 33.33 31.46 30.62 29.29 28.79 28.62 28.47 28.58 28.72 28.52 27.20 26.04 24.28 23.09 21.47 20.12 18.61 17.50
23.24 23.32 23.31 23.49 24.04 25.13 25.51 26.28 27.67 29.12 30.08 31.43 32.23 32.70 33.47 33.98 34.47 34.83 35.26 35.60
traj-90:
34.31 33.71 31.97 30.72 30.45 28.89 28.31 27.32 28.29 28.36 29.06 28.79 28.55 28.38 28.26 28.11 28.04 27.57 26.01 24.84 23.02 21.31 19.59 18.06 17.31 15.85 14.38
24.84 24.83 24.71 23.78 23.36 22.77 21.20 19.51 18.24 16.44 14.57 12.59 10.88  9.42  8.25  7.10  6.23  5.52  4.78  4.87  5.09  5.30  5.42  5.95  6.36  6.92  7.57
traj-91:
34.83 34.53 32.78 31.01 30.15 28.58 28.08 26.21 25.33 23.63 22.48 20.69 19.07 17.26 15.63 13.84 12.32 11.30 10.93
23.41 23.41 23.20 23.12 22.45 21.41 21.09 20.83 20.87 20.91 20.97 21.60 20.77 21.55 21.44 21.33 20.22 18.72 17.98
traj-92:
37.73 36.50 35.80 33.98 32.90 31.45 30.45 30.01 29.63 28.83 28.42 26.70 25.68 24.68 23.50 21.75 20.20 19.14 17.68 17.10 15.87 14.82 13.41
23.04 23.26 23.39 23.64 23.63 24.06 25.75 27.00 27.77 29.58 31.28 32.11 32.17 32.21 32.28 32.45 32.59 32.56 33.22 33.44 34.06 34.54 34.90
traj-93:
34.98 33.24 31.89 30.48 29.83 29.39 29.25 29.08 28.52 28.53 28.17 28.14 28.17 28.12 28.11 28.01 28.01 27.26 25.48 24.02 23.13 21.34 20.76 19.29 17.69 16.02 14.52 13.67 11.68  9.74  8.95  7.62  5.77
23.55 23.30 23.18 22.48 21.06 19.71 19.48 18.97 17.38 16.50 14.76 13.18 12.59 10.70  9.25  7.44  7.14  5.74  5.71  5.78  5.83  5.94  5.93  5.93  5.91  6.56  7.30  7.69  7.69  7.97  7.99  7.99  8.02
traj-94:
35.08 33.39 31.66 30.38 29.84 29.07 27.47 26.14 24.61 22.86 21.99 21.41 19.81 18.01 16.05 15.76 13.89 13.02 11.14 10.01  8.41  7.59
24.57 24.58 24.61 23.70 22.40 21.13 20.33 20.01 19.60 19.31 19.52 19.70 20.37 21.00 21.39 21.47 21.12 20.94 20.39 20.15 19.82 19.87
traj-95:
33.62 31.76 31.47 30.70 28.86 28.74 28.70 28.77 27.77 26.93
24.06 24.73 24.79 25.25 25.84 27.60 29.29 31.05 32.55 32.94
traj-96:
34.56 33.73 32.55 30.83 29.87 29.54 29.16 28.89 28.38 28.21 28.25 28.35 28.39 28.29 28.48 28.79 28.87 28.18 26.42 24.71 24.24 22.26 20.86 19.30 17.97 17.18 15.52 14.73 13.43 11.85 10.78  9.38  8.01  7.59  5.78  4.47
24.86 24.83 24.82 24.77 23.39 22.10 20.44 18.58 16.93 15.16 14.09 12.33 12.03 10.30  8.96  7.71  7.42  5.79  4.89  4.89  4.87  4.92  4.97  4.96  6.07  6.89  7.94  7.97  7.95  7.90  7.81  7.63  6.49  6.36  5.54  4.10
traj-97:
33.97 32.58 30.92 29.40 28.45 27.04 25.16 23.63 22.54 21.47 20.51 19.35 18.16 16.76 15.21 13.79 13.07
24.01 23.78 23.41 22.16 20.40 19.54 19.34 19.19 19.20 19.23 19.25 19.23 18.79 18.30 19.34 20.38 20.74
traj-98:
35.03 34.33 32.59 32.29 30.54 29.72 30.17 30.16 30.20 30.39 30.37 30.21 30.13 28.73
23.61 23.68 23.64 23.63 23.48 25.16 27.09 28.85 29.15 30.92 32.10 33.79 34.37 35.55
traj-99:
38.00 37.13 35.29 35.11 33.34 32.49 30.70 30.22 28.37 28.29 28.39 28.30 28.40 28.57 28.67 28.56 28.52 28.47 28.46 28.44 28.53 27.87 26.15 24.17 23.29 21.85 20.34 18.71 16.73 15.32 14.45 13.15 11.59
24.66 24.76 24.84 24.86 24.82 24.78 23.96 22.87 22.55 20.93 19.00 18.01 16.40 15.07 13.43 11.60 11.30  9.52  9.22  7.44  6.85  5.76  5.00  5.18  5.24  5.33  5.42  5.65  5.82  6.20  6.48  6.53  6.92
traj-100:
37.36 35.90 35.05 33.88 32.45 31.61 30.07 29.79 28.51 28.20 26.55 25.96 24.21 22.49 21.06 19.49 17.86 17.07 15.14 13.57 11.90
24.74 24.67 24.72 24.73 24.79 24.81 23.70 23.34 21.81 21.38 20.74 20.68 20.59 20.72 21.80 22.64 22.53 22.46 22.78 22.97 23.49
traj-101:
36.71 35.55 34.02 32.98 31.47 30.82 30.37 30.08 29.39 29.39 28.30 26.88 25.25 23.28 21.29 19.65 18.17 17.53 15.70 13.88 12.28 11.25 10.72  9.37
23.89 23.18 23.34 23.44 24.53 25.47 26.75 27.72 29.49 30.38 31.98 32.39 32.67 32.59 32.45 32.50 33.13 32.97 33.09 32.55 32.74 33.18 33.53 34.28
traj-102:
39.19 38.32 37.17 35.72 34.57 33.41 32.52 30.71 30.63 30.09 29.04 29.57 29.33 29.01 28.68 28.46 28.49 29.03 29.21 28.84 28.13 26.29 24.52 22.78 20.81 19.29 17.65 15.77 13.99 12.80
24.47 24.52 24.59 24.72 24.83 24.83 24.84 24.68 23.49 22.57 21.26 20.09 18.16 16.21 14.55 12.94 11.04  9.57  8.58  6.89  6.15  5.42  5.18  4.95  4.68  4.48  4.19  4.25  4.30  4.40
traj-103:
33.72 31.78 30.73 29.53 28.09 27.43 26.61 24.62 22.88 20.99 20.89 20.60 19.08 17.36
23.38 23.08 23.08 22.47 21.31 20.66 20.49 20.39 20.66 20.35 20.07 19.89 18.62 19.47
traj-104:
35.15 33.27 31.51 31.04 29.55 29.56 29.21 28.96 28.75 28.28 27.68 26.18 24.29 23.52 22.12 20.56
23.85 23.73 23.52 23.60 24.16 24.46 26.42 27.97 29.75 31.67 32.27 33.52 33.47 33.55 33.95 34.76
traj-105:
35.74 35.17 33.51 32.94 31.05 29.66 29.27 29.45 29.20 29.28 28.86 28.91 28.68 28.68 28.53 28.49 28.42 28.36 28.34 28.22 27.40 25.75 23.75 22.40 21.05 19.94 19.05 17.61 17.18 15.71 14.54
24.27 24.35 24.51 24.55 24.54 23.94 23.49 21.56 20.64 18.82 17.13 16.84 14.99 14.69 12.99 12.69 10.85  9.28  8.22  6.75  5.21  5.01  5.12  5.09  5.14  5.36  5.54  6.71  6.95  8.00  8.14
traj-106:
36.61 36.02 34.29 33.43 31.49 29.77 28.06 26.55 25.09 23.38 21.91 20.12 19.31 18.43 17.01 15.07 13.59 11.67 10.43  8.66
23.65 23.60 23.11 23.12 23.25 22.45 21.44 20.76 20.77 20.85 20.89 21.35 22.17 22.94 24.01 23.83 23.76 23.77 23.27 22.83
traj-107:
33.70 31.95 30.32 30.25 29.59 29.00 28.84 28.56 28.02 26.30
24.54 24.45 25.41 25.70 27.30 28.72 29.83 31.32 33.02 33.55
traj-108:
36.88 36.58 34.70 32.78 31.13 29.82 29.42 28.32 28.22 28.10 28.18 28.17 28.16 28.20 28.21 28.28 28.30 28.36 28.22 26.46 25.33 23.45 22.28 20.55 19.11 18.53 16.92 15.71 14.69
23.80 23.75 23.33 23.29 23.09 21.65 21.13 19.47 18.69 17.67 15.76 15.46 13.46 11.68 10.80  9.13  8.21  6.39  5.82  5.14  4.94  5.03  5.29  5.35  5.34  5.37  5.27  5.18  5.13
traj-109:
34.29 33.13 31.36 30.58 29.27 28.36 27.76 25.88 23.92 23.03 21.85 20.14 18.44 17.07 16.62 14.81 13.68 12.71 11.39  9.81  7.92  6.11
24.96 24.92 24.74 24.61 23.73 22.01 20.93 20.63 20.94 20.94 20.96 21.70 20.70 19.82 19.56 20.36 21.04 21.39 21.85 21.95 22.06 22.29
traj-110:
34.75 33.62 32.18 31.29 29.69 29.23 29.00 29.01 29.77 30.51
24.80 24.84 24.79 24.69 25.58 26.01 27.99 29.18 30.91 32.15
traj-111:
36.72 35.34 33.59 31.96 30.76 30.38 30.32 30.15 29.92 29.44 29.27 28.68 28.21 28.24 28.23 28.18 28.16 28.06 26.21 24.83 22.88 21.71 20.17 18.68 16.93
23.45 23.42 23.09 23.04 22.43 21.09 20.80 19.93 18.72 17.59 17.00 15.52 13.82 11.87 10.57  8.65  7.34  5.35  4.89  5.01  5.21  5.15  5.06  5.04  4.95
traj-112:
39.11 37.51 36.06 34.59 33.36 31.77 30.23 29.42 28.58 27.19 25.52 23.73 22.56 20.81 19.58 17.89 16.36 14.72 13.08 11.98 10.96
23.46 23.27 23.12 23.18 23.20 23.22 23.16 22.50 21.75 20.71 20.85 20.92 20.83 20.67 20.02 18.96 17.87 18.29 19.26 20.02 20.85
traj-113:
39.11 37.21 35.70 34.12 32.44 31.00 29.08 29.07 29.35 29.46 29.66 29.82 29.05 27.10 26.51 24.72 23.93 21.99 20.89 19.77 18.13 16.59 15.49 13.71 12.12 11.28
23.08 23.14 23.29 23.50 23.66 23.84 24.39 25.98 27.42 28.00 29.71 31.47 33.24 33.55 33.50 33.18 32.92 32.71 32.74 32.96 33.18 33.80 34.13 34.90 35.46 35.73
traj-114:
34.88 33.81 32.35 31.81 31.06 29.64 29.42 29.15 28.97 28.72 28.88 29.05 29.12 29.03 29.02 29.01 28.90 27.26 26.01 25.16 23.27 21.63 20.46 18.74 17.21 16.37 15.38 13.57 12.62 11.31 10.55  9.07
23.59 23.33 23.09 23.02 23.08 22.53 20.67 19.54 17.95 16.14 14.80 13.34 11.63 10.33  8.45  7.82  6.17  5.09  5.03  5.07  5.07  5.11  5.31  5.58  6.53  6.86  6.52  7.00  7.26  7.07  5.87  5.31
traj-115:
36.21 35.51 33.83 33.29 31.66 30.85 28.99 27.93 26.29 25.42 23.68 21.96 20.58 19.06 18.38 16.48 14.96 14.04
23.98 23.80 23.45 23.30 23.02 22.52 22.21 20.73 20.30 20.10 19.75 19.46 18.86 18.71 18.58 19.19 18.53 18.25
traj-116:
37.34 36.21 34.51 33.68 31.69 30.43 30.12 30.10 29.90 29.75 28.59 27.41 25.48 24.36
24.23 24.51 24.76 24.80 24.92 25.72 27.60 27.90 29.60 30.37 31.50 33.03 33.27 33.40
traj-117:
36.82 35.12 33.40 31.45 30.40 28.89 28.91 28.95 29.07 28.81 28.72 29.21 29.21 29.45 29.67 29.64 29.76 29.55 29.38 29.29 27.48 27.18 25.70 23.77 22.19 21.27 19.99 18.54 17.66 16.34
24.16 24.34 24.53 24.95 25.96 27.24 25.59 24.21 22.53 20.96 20.03 18.20 17.78 15.96 14.70 12.76 11.11  9.33  8.46  6.69  5.98  5.46  5.14  5.03  5.01  4.95  5.05  5.33  5.72  6.17
traj-118:
36.84 35.84 33.93 32.60 31.27 30.77 29.08 28.17 28.05 27.50 26.09 24.34 22.86 21.73 20.61 20.75
23.92 23.62 23.42 23.30 24.24 24.44 23.87 22.11 21.83 20.77 20.70 20.69 20.79 20.81 22.45 23.43
traj-119:
37.25 36.67 34.93 32.96 31.22 29.78 29.29 28.13 28.17 29.72 29.98 31.32 32.60
24.37 24.41 24.54 24.42 24.47 25.65 26.87 27.58 29.34 30.34 30.84 32.07 33.02
traj-120:
35.21 33.22 31.80 30.23 29.67 29.12 29.22 29.15 29.16 29.17 29.16 29.39 29.16 28.64 28.48 28.49 27.22 25.59 25.01 23.28 21.55 20.47 18.54 17.76 16.27 14.70 12.77 11.28  9.64  8.20
24.86 24.90 24.96 23.91 22.65 20.92 19.46 18.00 16.54 15.16 13.78 12.26 10.52  8.95  7.16  6.86  5.52  5.21  5.07  4.93  4.95  5.05  5.45  5.85  7.06  8.28  7.99  7.98  8.06  8.24
traj-121:
36.13 34.31 32.92 31.63 29.86 29.12 28.48 27.11 25.62 24.81 23.06 21.50 20.57 19.11 17.24 15.55 13.85 12.31 10.54  9.53  7.84  6.10  5.25
23.99 23.29 23.23 23.07 22.48 21.48 20.55 19.66 19.18 19.18 19.18 18.17 17.33 17.17 17.37 17.63 18.37 18.80 19.22 19.16 19.25 19.45 19.59
traj-122:
38.38 37.56 36.13 34.36 32.59 30.87 29.77 29.42 29.14 28.40 28.19 26.43 25.23 23.96 22.53 20.89
24.68 24.83 24.89 24.90 24.92 24.91 26.50 27.42 28.60 30.23 31.92 32.44 32.54 33.03 34.05 34.35
traj-123:
38.10 37.36 36.01 34.47 33.87 31.90 30.24 29.76 28.49 28.17 28.26 28.57 28.59 28.30 28.28 28.23 28.17 28.11 28.10 28.09 28.08 27.01 25.13 23.85 22.13 20.38 18.67 18.38 16.52 16.01
23.42 23.39 23.33 23.27 23.24 23.15 23.01 22.83 21.72 21.32 19.47 17.52 15.67 14.12 13.42 13.31 12.24 11.08  9.89  8.18  6.70  5.33  4.91  4.83  5.08  5.28  5.52  5.59  5.94  5.24
traj-124:
36.54 36.80 36.00 34.04 32.97 31.23 29.74 29.09 28.05 26.29 24.60 22.79 21.68 20.64 19.12 17.40 17.01 15.09 14.02
24.50 24.36 24.08 24.28 24.22 23.41 22.34 21.90 20.99 20.44 19.92 19.66 19.87 20.24 20.75 21.24 21.36 21.82 22.09
traj-125:
33.94 32.82 31.07 29.57 29.34 28.55 28.24 29.15 29.78 31.24
24.16 24.31 24.52 25.63 26.10 27.81 29.68 31.26 32.44 33.32
traj-126:
36.14 34.70 32.79 31.43 30.00 29.89 29.89 28.43 28.94 28.77 28.68 28.47 28.61 28.37 28.25 28.05 26.78 25.35 23.93 22.40 20.66 18.66 17.06 15.95 14.48 12.94
24.01 23.74 23.37 23.09 22.02 21.75 20.94 19.69 17.90 16.22 15.41 13.42 11.53  9.77  8.02  6.11  4.77  4.79  4.80  4.87  4.85  4.92  5.02  5.05  5.17  5.18
traj-127:
35.31 35.01 33.15 31.77 30.48 29.34 28.13 26.14 24.48 23.68 22.08 20.89 19.50 18.49 17.82
24.30 24.26 23.64 23.12 22.44 21.29 20.24 20.21 20.44 20.54 20.78 21.29 20.00 19.07 18.53
traj-128:
35.34 34.00 32.06 31.17 30.01 29.81 29.36 28.64 28.38 28.28 28.03 27.06 25.34 23.55 21.77 20.06 19.51 18.08 16.38
23.48 23.30 23.06 23.02 24.29 24.51 25.99 27.51 29.08 29.76 31.49 32.45 33.19 33.80 34.34 34.80 34.93 35.27 35.73
traj-129:
34.11 33.24 31.51 30.20 29.86 28.49 28.25 28.21 28.09 27.45 28.33 28.54 29.34 29.35 29.36 29.59 29.74 29.81 29.84 29.97 29.89 28.92 27.32 25.40 24.03 22.26 20.28 19.52 17.69 16.82 16.07 14.34
24.70 24.75 24.89 25.74 26.04 25.33 23.66 22.84 21.28 19.59 18.19 17.78 16.05 15.45 13.46 11.89 10.30  8.88  7.99  6.51  5.33  4.79  4.90  5.15  5.24  5.34  5.48  5.61  5.97  4.32  4.31  4.04
traj-130:
38.46 36.78 35.17 33.18 31.50 30.11 28.92 28.68 26.80 25.37 23.67 21.92 20.06 18.78 17.01 16.41 14.90 13.71 12.37 10.52  9.50  8.16  6.48  5.87
23.58 23.43 23.23 23.12 23.10 22.04 21.17 21.00 20.32 20.64 20.83 20.94 21.43 21.41 21.57 21.54 21.27 21.12 20.91 20.68 20.50 20.37 20.76 20.98
traj-131:
33.88 32.47 31.19 29.42 28.49 28.79 29.07 28.48 28.11 26.84 25.39 24.58 23.37 21.85 21.10 19.60 18.56
23.57 23.59 23.60 24.46 25.89 27.53 28.94 30.37 31.12 32.56 32.75 32.78 32.85 33.53 34.12 35.34 35.87
traj-132:
36.37 35.07 33.39 32.52 30.53 30.25 29.94 28.98 28.60 28.37 28.72 28.79 28.80 28.92 28.80 28.62 28.49 28.42 27.15 25.45 23.73 23.08 21.31 19.44 17.71 16.56 15.39
23.98 24.30 24.60 24.69 24.52 24.43 24.09 22.51 20.61 18.67 17.23 15.87 14.01 12.82 11.01  9.28  7.49  6.30  5.03  4.88  4.67  4.63  4.45  4.28  4.20  4.13  4.02
traj-133:
37.39 36.57 35.13 33.94 32.50 30.70 29.90 28.59 28.01 26.37 24.95 23.48 21.49 20.33 18.92 18.39 16.51 14.93 14.19 13.03 11.54 11.04  9.21  7.70
24.26 24.33 24.39 24.27 24.12 23.78 23.54 22.26 21.34 20.66 20.82 20.81 20.70 20.78 21.66 22.26 22.39 21.20 20.57 19.76 18.79 18.51 18.34 18.31
traj-134:
37.41 37.11 35.17 33.46 31.57 30.77 30.53 30.14 29.90 29.53 28.14 26.59 25.57 24.19 22.57 21.39 19.48 18.43 17.17 15.35 13.35 12.41 11.29 10.25  8.65
24.67 24.64 24.73 24.65 24.91 25.89 27.02 28.89 29.99 31.61 32.71 32.61 32.59 32.54 32.58 32.59 32.52 32.51 32.33 32.18 32.30 32.46 33.19 33.85 34.67
traj-135:
35.23 34.64 33.15 31.73 30.23 29.88 29.68 29.47 29.22 29.13 28.95 28.78 28.71 28.57 28.46 28.25 27.66 26.07 24.16 23.54 21.78 20.54 18.62 17.39 16.29 14.51 13.12 11.25 10.73  9.10
24.56 24.44 23.34 23.44 22.17 20.37 18.80 17.87 16.07 14.82 13.65 12.09 10.76  9.63  8.60  6.70  5.57  5.10  5.01  4.99  5.20  5.39  5.68  5.74  5.60  5.46  5.34  5.14  5.12  4.60
traj-136:
37.48 35.52 34.80 34.23 32.41 31.25 29.61 28.03 28.01 28.02 27.22 25.26 24.10 22.33 20.60 19.25 17.46 15.70 13.85 12.26 10.57  9.01  7.98
23.85 23.54 23.49 23.37 23.44 24.21 24.67 23.68 22.79 21.61 20.49 20.27 20.26 20.31 20.38 20.84 21.24 21.58 21.53 22.12 22.25 21.23 20.68
traj-137:
35.58 33.71 32.66 31.30 30.50 29.65 29.47 29.22 28.52 27.04 25.79 24.44 23.04 21.70 20.26 19.45 18.01 16.81 14.84 13.64 12.00 10.34  9.82
23.98 23.40 23.15 23.25 24.64 26.41 27.43 29.14 30.90 32.11 32.10 32.12 32.18 32.14 33.09 33.47 33.87 33.75 33.56 33.29 32.91 32.49 32.31
traj-138:
34.06 32.11 31.81 30.16 29.89 28.90 28.88 28.75 28.44 28.43 28.43 28.44 28.46 28.51 28.45 27.83 25.94 24.77 22.84 22.24 20.29 19.11 17.49 16.29 14.86 13.79
23.65 23.22 23.20 22.16 21.68 19.98 18.17 17.30 15.43 13.71 12.52 11.13  9.42  8.13  6.73  5.53  5.14  5.12  5.08  5.07  5.38  5.48  6.45  6.90  7.32  6.53
traj-139:
38.88 36.92 35.78 33.90 33.60 31.68 30.13 29.19 27.48 26.91 25.35 24.25 23.08 22.25 20.31 18.96 17.19 16.89 14.94 13.50 12.29 10.60  9.55  8.09
23.73 23.62 23.32 23.29 23.28 23.33 22.28 21.32 20.39 20.35 20.19 20.06 19.82 19.55 19.84 20.43 20.81 20.84 20.95 20.90 20.94 19.98 19.18 18.08
traj-140:
34.60 33.11 32.65 30.76 29.89 29.46 28.92 29.19 29.85 28.74 27.36 25.40 24.80
23.98 23.43 23.36 23.21 24.96 26.27 27.74 29.52 31.39 32.97 32.78 32.73 32.70
traj-141:
35.27 34.08 32.87 31.91 30.44 30.05 29.34 28.48 28.35 28.32 28.30 28.30 28.28 28.26 28.17 28.08 27.30 26.49 25.32 23.59 21.94 20.52 18.78 17.15 16.33 16.00 14.75
23.10 23.01 23.03 23.11 22.18 21.18 19.52 18.04 16.23 15.08 14.05 12.40 11.28  9.31  8.36  6.54  5.86  5.51  5.28  4.99  4.92  4.92  4.81  5.31  5.52  5.97  7.09
traj-142:
38.36 37.51 35.74 34.31 33.12 31.36 29.45 28.20 28.16 27.25 26.10 24.19 22.66 21.61 21.09 19.75
24.69 24.72 24.81 24.85 24.74 24.61 24.34 23.09 21.81 20.12 19.97 19.58 19.16 20.53 21.85 23.21
traj-143:
33.70 31.72 31.16 29.96 29.03 29.15 29.62 29.63 28.24 27.11 25.20 23.26 22.60 22.39 21.58 19.81 17.92 17.62
24.53 24.73 24.79 25.68 26.92 27.78 29.28 30.79 32.05 33.08 32.53 32.30 32.42 32.64 33.21 34.06 34.64 34.67
traj-144:
35.24 33.86 32.10 30.99 29.04 28.85 28.87 28.82 28.77 28.74 28.62 28.49 28.43 28.36 28.19 28.12 27.29 26.99 25.01 23.42 22.14 20.98 19.32 18.75 17.35 15.87 14.83 13.43
24.54 24.54 24.53 24.47 24.05 22.81 21.29 19.43 17.48 17.23 15.40 13.69 11.72 10.20  8.24  6.76  5.10  5.07  4.98  4.98  5.03  5.05  5.22  5.35  5.81  6.66  7.20  8.22
traj-145:
37.81 36.17 35.61 34.16 33.01 31.27 30.98 29.93 29.49 28.36 27.28 26.10 24.39 23.51 21.58 20.15 19.51 17.65 16.42 14.73 13.51 11.70 10.35  8.90  7.04  6.23
24.02 24.34 24.46 24.71 24.83 24.72 24.67 24.42 24.01 22.43 20.77 20.83 20.92 20.93 20.99 21.63 22.19 22.65 22.80 22.17 21.53 21.37 21.27 21.18 20.82 20.68
traj-146:
34.18 33.98 32.05 30.35 29.28 29.23 28.60 28.68 28.64 28.20 26.67 25.00 24.31 22.85
23.68 23.46 23.53 24.11 25.12 26.78 28.65 30.45 30.74 32.43 33.41 34.25 34.63 35.47
traj-147:
37.71 36.55 34.72 33.67 32.29 31.49 30.21 28.98 28.65 28.50 28.40 28.22 28.24 28.22 28.17 28.28 28.40 28.62 28.79 28.50 26.71 24.75 24.19 22.52 21.65 19.95 19.09 17.64 17.41 15.82 15.40
23.71 23.40 23.20 23.22 23.25 23.27 22.25 21.18 20.18 18.24 17.37 15.90 14.84 12.86 11.32  9.64  8.66  8.46  7.37  5.61  4.99  5.05  5.05  5.05  5.07  5.32  5.60  6.54  6.74  7.69  7.83
traj-148:
34.17 33.87 32.05 31.53 30.11 29.60 27.85 25.98 24.21 23.61 21.68 19.89 18.02 17.17 15.63 14.79 12.97 12.13 10.19  9.37
24.03 24.01 23.61 23.35 22.17 21.60 20.97 20.70 20.60 20.60 20.46 20.30 20.19 21.35 22.54 22.63 22.90 22.94 23.00 23.01
traj-149:
38.97 38.17 36.45 34.58 32.85 31.70 31.41 30.18 29.77 29.32 29.01 29.08 27.95 27.22 25.40 24.81 23.36 22.08 20.16 19.18 17.31 16.00 14.52 13.29 13.21 11.65  9.93
23.96 23.87 23.49 23.25 23.39 23.46 23.52 24.75 26.08 27.92 29.47 31.31 32.04 32.53 32.49 32.43 32.33 32.35 32.42 32.38 32.36 32.36 32.47 33.94 34.50 35.36 35.79
traj-150:
35.92 35.33 33.57 31.87 30.93 30.52 30.34 30.21 28.87 28.77 28.64 28.59 28.53 28.46 28.42 27.18 25.33 23.58 22.14 20.41 19.36 17.83 16.68 15.01 13.50
24.04 24.03 23.95 23.50 22.77 21.09 19.32 17.57 16.16 14.55 12.84 11.33 10.17  8.56  6.68  5.20  5.08  5.32  5.29  5.13  4.97  4.82  5.10  5.15  5.31
traj-151:
37.18 36.21 34.57 32.67 32.37 30.53 30.28 28.76 28.51 26.73 25.10 23.37 23.07 21.44 20.38 19.84 18.19 17.18 16.47 15.29 14.23 12.78 11.65  9.85  9.44  8.08  7.42  6.27
23.42 23.35 23.14 23.05 23.04 23.12 22.95 21.82 21.64 20.91 20.89 20.86 20.86 21.89 22.72 22.46 21.55 20.53 20.02 18.97 18.57 18.02 17.91 17.81 18.25 19.59 20.27 21.59
traj-152:
35.59 33.90 32.20 30.57 29.19 28.41 28.26 28.07 28.96 30.24 31.26
24.54 24.68 24.78 24.87 26.24 27.74 29.23 30.92 32.55 33.59 34.60
traj-153:
37.83 36.49 34.98 33.21 32.07 30.49 30.36 30.35 30.37 30.33 29.65 29.24 28.72 28.27 28.08 28.09 28.13 27.39 26.97 25.16 23.21 21.77 20.06 18.39 17.31 15.48 13.77 13.05
23.22 23.14 23.07 23.15 23.15 22.01 20.54 18.79 17.32 15.87 14.08 13.47 11.59 10.03  8.66  6.93  6.63  5.20  5.06  4.95  4.90  4.80  4.79  4.75  5.13  5.85  6.43  7.43
traj-154:
35.19 33.43 32.32 30.76 30.09 29.50 28.42 27.29 26.12 24.64 22.81 22.23 21.00 20.12 19.78 18.03 16.29 14.47 14.03 12.28 10.65
24.47 24.62 24.72 23.96 22.40 21.22 19.59 19.26 19.10 19.19 19.28 19.36 20.87 22.39 22.79 23.57 23.62 23.40 23.21 22.94 22.48
traj-155:
36.89 36.12 34.14 32.42 30.70 30.28 29.90 29.70 29.57 28.69 27.86 25.92 25.10 23.93 22.48 21.17 20.14 18.18 16.72 15.28 14.00 12.70 11.36  9.69
24.02 24.03 24.13 24.07 24.77 26.12 27.39 29.06 30.89 32.67 33.40 33.56 33.23 33.01 32.68 32.62 32.71 32.72 32.76 33.04 33.12 33.47 33.88 34.97
traj-156:
35.33 34.81 33.23 32.03 30.43 30.08 29.74 29.23 29.38 29.25 29.24 29.18 28.77 28.59 29.05 29.26 28.68 27.19 25.53 23.65 22.32 21.47 20.32 18.66 17.77 16.13 14.42 13.01 12.45 10.67  9.07  8.28  6.54  5.68  4.24
24.01 23.93 23.83 23.14 22.19 21.15 19.84 18.37 16.61 16.34 14.54 14.00 12.14 10.72  9.05  8.27  6.41  5.55  4.97  4.98  4.99  4.93  4.87  4.86  5.15  6.29  6.87  7.47  7.69  7.58  7.78  7.89  8.12  8.21  8.43
traj-157:
36.81 34.83 33.12 31.56 30.02 28.75 28.19 26.57 24.87 23.34 22.04 21.08 19.53 17.72 17.12 15.95
23.55 23.29 23.15 23.08 23.10 21.61 20.96 20.20 19.87 20.20 20.64 20.97 21.52 22.17 23.72 24.45
traj-158:
37.17 36.04 34.29 32.88 32.00 30.37 29.87 29.93 29.91 30.06 29.18 27.63 26.95 25.33 23.66 22.13 20.48
24.53 24.60 24.71 24.87 24.89 25.81 26.89 28.77 29.48 31.45 32.97 34.16 34.07 33.97 34.89 35.30 35.95
traj-159:
39.02 37.85 36.85 35.51 34.91 33.20 32.34 30.96 30.33 29.00 28.34 28.35 28.65 29.17 28.96 28.85 28.81 28.65 28.57 28.52 28.39 28.38 28.19 28.12 27.86 26.37 24.88 24.22 22.38 20.81 19.17 17.40 16.08 14.23
24.77 24.81 24.86 24.78 24.77 24.67 24.62 25.31 26.20 27.58 26.77 24.79 23.14 21.57 19.74 17.75 16.49 14.62 12.79 11.60  9.86  8.69  6.79  6.21  5.73  5.15  4.81  4.76  4.92  5.15  5.38  5.52  5.40  5.25
traj-160:
37.62 36.44 34.94 33.30 31.87 30.69 29.35 29.17 28.65 27.03 26.13 24.34 22.50 21.90 20.24 18.87
23.88 23.66 23.31 23.17 23.01 23.01 21.82 20.21 19.62 19.03 19.02 19.13 19.22 19.27 18.85 19.10
traj-161:
37.36 36.21 34.22 33.92 32.01 30.46 30.24 29.79 29.47 29.15 28.86 28.45 29.08 29.32
24.66 24.74 24.70 24.66 24.98 25.77 26.52 28.14 29.22 30.41 32.37 33.57 34.94 35.11
traj-162:
37.97 36.29 34.96 33.21 31.63 29.96 29.75 29.71 29.34 29.07 28.52 28.34 28.38 28.41 28.43 28.74 28.76 29.18 27.80 25.94 25.26 23.62 21.93 21.15 19.35 17.63 16.53 15.67 14.13 12.25 10.50  8.79
23.36 23.11 23.07 23.07 23.12 22.29 21.09 20.25 18.86 17.40 15.55 14.15 12.32 10.57  9.70  8.07  7.32  5.83  4.62  4.83  4.83  4.80  4.79  4.79  4.76  5.19  5.61  6.28  7.36  8.00  7.99  8.48
traj-163:
34.56 33.42 32.57 30.96 30.46 29.41 28.70 27.47 26.42 24.66 22.89 21.82 21.62 21.39 20.75
24.50 24.61 24.68 23.90 23.83 22.99 22.23 20.99 20.96 20.95 20.93 20.94 19.64 18.87 17.57
traj-164:
35.61 35.01 33.51 32.48 30.73 29.16 28.32 28.22 28.23 28.37 29.15 30.04 30.47
23.62 23.57 23.40 23.63 23.83 25.00 25.74 27.31 29.07 29.61 31.14 32.77 33.56
traj-165:
34.28 32.50 31.02 30.45 29.36 29.02 28.97 29.00 28.37 28.24 28.29 28.33 28.32 28.18 28.03 26.59 24.97 23.26 21.73 20.64 18.68 16.91 15.13 13.63 12.62
24.54 24.42 23.52 22.97 21.60 20.19 18.21 17.02 15.22 14.07 12.11 10.34  9.75  7.99  6.20  4.95  4.96  4.91  4.79  4.73  4.74  5.58  5.76  6.03  6.13
traj-166:
34.06 33.19 31.73 31.15 29.24 28.16 28.03 27.01 25.56 24.36 22.88 21.00 19.26 17.43 16.64 14.74 14.44 12.69 10.77  9.96  8.78  7.19  5.38  5.11
24.82 24.86 24.83 24.78 24.59 23.15 22.02 20.70 20.69 20.73 20.82 21.40 21.62 22.03 22.37 22.46 22.47 22.70 22.80 23.11 23.58 23.89 23.37 23.24
traj-167:
36.03 34.07 32.35 31.17 29.38 29.09 28.46 28.17 28.05 28.71 29.84 30.75
24.53 24.74 24.88 24.98 25.78 26.33 28.21 30.07 30.65 32.32 33.08 33.57
traj-168:
37.35 37.08 35.15 34.55 32.57 31.45 30.11 29.41 29.03 28.68 28.40 28.17 28.18 28.14 28.18 28.26 28.22 28.28 28.39 28.41 28.12 27.98 26.20 24.27 23.68 21.87 20.82 19.35 17.66 16.78 15.67 13.80 11.89
24.24 24.37 24.79 24.79 24.80 24.66 23.86 23.72 23.15 21.36 19.95 19.40 17.67 16.54 14.80 13.06 11.14 10.03  8.61  6.89  5.76  5.50  4.94  5.12  5.17  5.38  5.44  5.58  6.55  7.25  7.11  7.12  6.84
traj-169:
38.02 37.72 35.78 34.92 33.17 32.02 30.86 29.61 28.01 28.04 27.07 25.59 23.83 23.23 21.72 20.64 20.37 18.83 17.64
23.99 24.04 24.30 24.40 24.49 24.52 24.55 24.59 23.46 22.13 20.77 20.82 20.97 20.97 21.95 23.36 23.56 24.53 24.65
traj-170:
33.97 32.44 31.12 30.44 29.50 28.68 29.07 28.94 28.78 27.16 25.70 24.20
23.63 23.23 23.30 24.00 25.36 26.80 28.37 30.33 32.10 33.13 33.95 34.78
traj-171:
36.46 34.88 32.99 31.83 30.31 30.39 30.39 30.34 30.29 30.21 29.57 29.31 28.90 28.39 28.25 28.27 28.30 28.51 27.28 25.90 24.29 22.54 20.85 19.15 17.45 16.01 14.68 13.30
23.97 23.74 23.32 23.16 22.22 21.11 19.37 18.19 16.73 15.87 14.07 13.41 12.17 10.47  9.94  8.91  7.67  6.39  5.19  4.84  5.03  5.13  5.34  5.61  5.87  5.67  4.94  4.29
traj-172:
37.83 36.09 34.96 33.37 32.11 31.28 29.80 28.65 27.24 25.98 24.19 23.04 21.43 21.27 19.83 18.39 16.66 15.79 14.37 13.01 11.26 10.68  9.92  8.51  8.21
24.66 24.25 23.97 23.55 23.38 23.09 22.34 21.69 20.90 20.80 20.66 20.61 21.57 21.82 23.08 23.18 22.42 21.14 20.01 19.97 20.47 21.75 23.58 24.85 24.88
traj-173:
36.82 35.39 33.39 31.48 30.59 29.52 28.22 28.42 28.36 28.89 29.53 30.26 30.60
23.12 23.12 23.13 23.14 23.12 24.23 24.96 26.93 28.66 29.76 31.03 32.43 33.16
traj-174:
35.83 33.97 32.99 31.71 30.93 30.46 30.27 29.99 29.62 29.54 29.30 29.03 28.72 28.55 28.49 28.39 28.10 26.16 24.40 23.40 21.43 19.72 18.98 17.15 16.00 14.19 13.89 11.93 11.25  9.46  7.76  5.86  4.44
23.43 23.22 23.14 23.18 22.56 21.60 19.86 18.15 16.56 15.97 14.13 12.57 10.83  9.85  8.55  7.39  5.43  5.06  4.92  4.85  5.07  5.23  5.32  5.30  6.19  5.88  5.91  5.98  5.88  5.91  5.81  5.27  4.05
traj-175:
36.98 36.39 34.63 34.22 34.06 32.99 31.69 30.13 28.17 28.15 28.16 27.39 25.69 25.39 23.68 21.88 19.99 18.54 16.73 15.22 13.91 12.10 11.21
23.20 23.28 23.34 23.29 23.55 23.70 24.01 23.95 24.10 23.51 22.06 20.76 20.62 20.61 20.63 20.52 19.90 19.47 19.31 19.84 20.31 20.24 20.10
traj-176:
38.95 37.23 35.75 34.33 32.60 31.17 30.48 29.00 28.47 28.41 29.02 28.92 29.00 29.08
24.82 24.80 24.85 24.81 24.81 24.75 25.10 26.24 26.72 28.12 29.71 31.02 32.77 33.06
traj-177:
37.36 37.06 35.32 35.02 33.24 31.59 30.18 29.91 29.51 29.39 29.34 29.21 29.11 29.00 28.67 28.52 28.31 28.18 26.26 24.43 23.53 21.72 20.87 19.47 17.80 16.30 14.78 12.85 11.86 10.09  8.73  7.69  6.23
24.01 24.00 23.94 23.89 23.65 23.41 22.63 21.18 19.45 17.67 17.07 15.09 13.10 11.77 10.12  8.36  6.60  5.72  5.21  5.08  5.15  5.08  5.09  5.21  5.69  6.43  7.15  7.55  7.71  7.99  8.10  8.38  8.73
traj-178:
37.56 37.01 35.38 33.80 32.68 30.93 29.05 28.40 27.83 25.85 25.04 23.14 22.85 21.19 20.39 18.54 16.66 14.83 13.89 12.11
23.23 23.19 23.16 23.14 23.08 23.03 23.01 21.30 20.39 20.22 20.22 19.99 19.91 19.46 19.46 20.14 20.60 21.32 21.23 22.08
traj-179:
34.08 33.79 31.83 30.01 29.42 28.09 28.23 28.34 28.24 28.39 28.56
23.51 23.42 23.55 23.46 23.36 24.65 26.39 27.87 29.01 30.40 31.41
traj-180:
35.71 35.14 33.55 31.95 30.56 29.71 29.25 29.22 28.86 28.75 29.04 28.95 28.86 28.49 28.55 28.03 26.46 24.62 22.89 21.06 19.55 19.05 17.23
24.35 24.16 23.57 23.08 22.29 20.70 18.86 17.04 15.46 13.81 12.84 11.59 10.70  8.74  7.47  5.74  5.01  4.94  4.72  4.60  4.33  4.35  4.52
traj-181:
34.44 32.46 30.64 29.53 28.28 27.31 25.79 24.37 22.66 21.66 20.31 18.99 20.39 20.91
23.27 23.24 23.14 22.83 21.49 20.06 19.56 19.20 19.48 19.64 20.12 21.54 22.58 22.84
traj-182:
39.03 37.17 36.87 35.04 34.12 32.94 32.09 31.90 30.69 30.61 30.53 30.34 30.40 31.52
23.89 23.42 23.40 23.31 23.30 23.46 23.61 23.85 25.31 26.79 28.78 30.76 31.92 33.22
traj-183:
38.90 37.21 35.56 34.70 33.00 31.56 30.05 29.29 28.93 28.55 28.43 28.43 28.50 28.42 28.39 28.43 28.53 28.58 28.60 27.14 25.56 23.65 21.92 20.44 18.70 17.30 16.33 14.85 13.21 12.77
24.38 24.49 24.66 24.73 24.86 24.73 23.62 22.50 20.65 18.98 17.12 15.34 14.27 12.53 11.09  9.54  8.70  8.40  6.44  5.12  4.88  5.35  5.47  5.40  5.67  6.60  7.38  8.19  7.42  6.12
traj-184:
34.77 33.46 32.29 30.70 30.49 30.43 30.32 29.40 28.77 28.46 26.94 26.11 24.12 22.38 20.55 19.57 18.70 17.18 15.85 15.05 13.51 11.68
23.55 23.35 23.34 22.18 20.63 19.86 18.57 17.17 17.55 19.01 20.27 20.19 20.11 19.78 20.44 21.16 21.72 22.68 22.98 23.11 23.97 24.60
traj-185:
34.23 32.45 31.31 29.91 29.37 29.17 28.54 29.13 29.70 30.13 30.65
23.15 23.41 23.59 24.02 25.89 26.39 27.95 29.42 30.62 31.94 33.31
traj-186:
38.79 38.49 36.67 35.88 34.37 32.82 30.90 29.94 29.95 29.95 28.57 28.58 28.67 28.73 28.75 28.74 28.44 28.40 28.14 28.10 27.96 26.42 24.45 23.11 21.44 19.69 18.35 17.02
23.73 23.72 23.46 23.46 23.33 23.37 23.19 21.58 19.78 18.38 17.20 16.90 15.00 13.62 11.89 11.29  9.46  8.86  7.12  6.23  5.96  5.23  5.11  5.05  5.23  5.52  5.87  6.56
traj-187:
36.99 35.52 34.27 32.95 31.09 29.27 28.33 27.41 26.64 25.24 24.39 22.43 20.72 19.32 18.42
23.12 23.05 23.05 23.08 23.10 22.65 21.15 20.33 20.30 20.09 19.95 19.72 20.40 21.79 22.37
traj-188:
35.25 33.49 32.32 31.60 30.67 30.15 28.93 28.54 28.31 28.70 29.22 29.91 30.47
23.51 23.05 23.19 23.96 24.26 24.78 26.24 27.95 28.90 30.50 32.13 33.08 33.81
traj-189:
38.31 36.85 35.41 33.69 31.98 30.91 29.43 28.74 28.31 28.36 28.61 28.89 29.01 29.08 29.06 28.79 28.42 28.16 27.02 26.13 24.49 23.75 22.12 20.95 19.24 17.61 16.70 15.08 13.78 12.01 11.73  9.95  8.82
24.75 24.82 24.78 24.76 24.70 24.58 23.48 21.67 19.96 19.26 18.12 17.00 15.29 13.32 12.11 10.76  9.24  7.37  5.76  5.70  4.98  5.00  5.07  5.08  5.37  6.54  6.90  6.05  6.39  6.78  6.67  6.79  6.23
traj-190:
39.04 37.48 36.07 34.31 32.40 31.15 29.43 28.04 27.41 26.30 24.86 23.43 21.81 20.43 18.70 17.29 16.45 14.91 13.37 11.49
23.91 23.71 23.53 23.25 23.26 23.33 23.11 22.02 20.82 20.55 20.58 20.81 21.64 22.76 21.98 20.66 19.83 19.37 18.67 18.44
traj-191:
38.75 37.63 35.91 34.77 33.01 32.71 30.89 29.27 28.57 28.41 29.21 29.61 30.44 31.79 32.20
24.24 24.32 24.46 24.57 24.29 24.25 24.68 25.38 25.69 27.00 28.74 29.51 31.25 32.69 33.13
traj-192:
37.39 36.22 34.51 33.63 31.66 30.60 30.27 29.15 28.41 28.16 28.20 28.48 28.46 28.43 28.41 28.59 28.63 28.70 28.84 29.00 28.98 28.60 28.25 27.13 25.96 24.26 22.59 21.74 20.12 18.18 17.59 16.43 14.93 12.98 12.14 10.97
24.42 24.52 24.59 24.48 24.61 25.82 26.75 27.92 26.93 25.04 24.53 22.61 21.47 20.29 18.37 17.04 16.20 14.50 13.11 11.22 10.62  8.68  7.02  5.57  4.94  5.11  5.35  5.44  5.61  5.78  5.88  6.21  6.07  6.02  6.12  6.28
traj-193:
39.09 38.80 37.05 36.45 34.47 34.17 32.43 31.78 29.96 28.64 27.25 25.34 24.46 23.03 21.77 20.06 18.48 16.56
23.33 23.27 23.04 23.04 23.10 23.10 23.03 23.00 23.07 21.66 20.49 20.47 20.44 20.61 20.88 20.63 19.61 19.77
traj-194:
37.20 36.60 34.66 32.95 31.25 30.13 29.63 28.20 28.12 28.18
24.07 23.97 23.71 24.07 24.32 25.71 26.91 28.22 29.58 31.51
traj-195:
34.85 33.09 32.15 30.62 29.82 28.51 28.31 28.36 28.34 28.23 28.28 28.22 28.22 28.20 27.13 26.00 24.64 22.87 22.03 20.38 18.46 17.58 16.40 15.12 13.44 12.24 10.60  8.91  7.08
23.43 23.20 23.06 22.10 21.03 19.75 17.98 16.21 14.31 12.58 11.46  9.73  8.43  6.83  5.38  5.04  4.97  4.93  4.94  4.77  4.58  4.62  4.64  5.43  5.62  5.65  5.26  5.11  4.31
traj-196:
37.67 36.53 35.37 34.21 32.50 30.95 30.92 30.72 30.39 30.35 30.13 29.87 28.47 28.05 26.19 25.33 23.54 21.95 20.59 18.76 17.91 16.69
24.78 24.79 24.76 24.73 24.76 24.61 24.32 22.54 20.61 20.32 18.63 17.49 17.22 18.52 19.14 19.07 19.19 19.00 18.58 18.02 17.91 17.62
traj-197:
36.31 35.02 33.34 32.01 30.25 29.68 29.52 29.33 29.07 28.04 28.12 26.34 25.11 23.16 21.49 19.67 17.88 16.46 14.96 13.36 11.64  9.97  8.27
23.19 23.32 23.54 23.65 23.92 24.59 26.18 27.87 29.31 30.93 31.52 32.40 32.30 32.30 32.28 32.30 32.45 33.06 33.37 33.18 33.41 34.09 34.54
traj-198:
38.67 36.94 35.92 34.22 33.06 31.23 30.69 30.42 30.34 30.16 29.84 29.52 29.21 29.15 28.67 28.23 28.04 27.28 26.58 24.70 22.79 20.89 19.09 17.90 16.12 15.57
23.53 23.33 23.24 23.10 23.02 23.02 22.24 20.37 19.78 18.05 16.24 14.49 12.85 11.31  9.44  7.75  6.79  5.53  5.29  5.02  4.97  4.87  4.95  4.88  5.47  5.70
traj-199:
38.65 37.49 35.77 34.05 32.27 30.65 30.54 29.88 28.68 27.16 26.07 24.41 22.43 21.55 19.57 18.92 16.94
24.84 24.89 24.82 24.79 24.80 24.65 23.76 21.92 20.51 19.55 19.33 19.32 19.24 19.39 19.46 19.82 19.84
traj-200:
38.72 36.83 35.66 33.73 33.07 31.35 30.04 29.77 29.58 28.75 29.31 29.70 30.80 31.26 32.75
23.76 23.98 24.11 23.94 23.66 23.43 24.89 26.10 27.36 28.50 29.78 30.83 32.23 32.58 33.65
traj-201:
36.37 34.46 32.85 31.88 30.51 30.36 30.10 29.48 28.91 28.61 28.74 28.82 29.00 28.48 28.20 27.28 25.71 24.41 22.64 21.18 19.25 17.51 17.01
24.00 23.71 23.44 23.27 22.16 20.36 18.62 16.84 15.04 13.25 12.36 10.58 10.01  8.12  6.80  5.29  4.95  4.96  5.09  5.11  5.30  5.88  6.20
traj-202:
34.38 33.30 31.36 30.23 29.15 27.38 25.63 24.87 22.94 21.21 20.11 18.61 17.59 15.80 14.42 12.97 11.20  9.68  8.13  6.75
23.16 23.22 23.17 22.17 21.10 20.24 19.71 19.62 19.44 20.05 19.80 20.08 21.15 21.80 21.77 21.91 22.73 23.70 24.30 24.70
traj-203:
33.72 32.06 30.87 30.72 30.46 29.89 29.32 28.72 28.23 26.47 24.64 23.07 21.40 19.70 17.98 16.24
23.13 23.20 24.52 25.95 26.76 28.45 29.61 31.20 31.85 32.65 33.16 33.64 34.08 34.54 35.12 35.43
traj-204:
34.08 32.98 31.80 30.63 30.35 30.34 30.34 30.21 30.11 29.66 29.10 28.42 28.30 28.16 28.28 28.32 26.59 24.77 22.80 21.59 20.51 18.83 17.10 16.12 15.16 13.44 12.97 11.44  9.82  8.47  7.62
24.02 23.65 23.11 22.12 20.69 18.92 17.43 15.70 14.24 12.95 12.23 10.50  9.57  8.36  7.49  5.73  4.98  4.77  4.64  4.51  4.54  4.51  4.93  6.07  6.55  7.35  6.55  6.33  5.62  5.07  4.51
traj-205:
36.76 36.24 34.67 33.86 32.74 31.20 31.00 29.20 28.52 27.96 26.13 24.19 22.63 20.78 18.85
23.75 23.68 23.39 23.24 23.09 23.10 22.89 22.22 20.50 19.62 19.82 20.13 19.78 19.42 19.07
traj-206:
38.37 36.67 36.08 34.66 32.91 32.32 30.78 30.38 29.68 29.21 28.41 28.04 26.78 25.15 24.12
24.29 24.48 24.54 24.74 24.94 24.98 25.84 26.63 28.27 29.44 31.02 31.51 32.09 33.13 33.47
traj-207:
39.07 37.70 36.96 35.23 34.93 33.20 31.79 30.24 30.25 30.23 29.82 29.52 28.91 28.38 28.26 28.20 28.19 28.15 28.07 27.56 25.72 23.91 23.03 21.32 21.02 19.29 17.81 17.44 15.95
23.40 23.45 23.40 23.31 23.26 23.20 23.08 22.20 21.90 20.15 18.22 17.52 16.33 15.01 13.09 11.41  9.49  7.52  6.35  5.50  4.92  4.91  5.03  5.16  5.19  5.44  6.49  6.92  7.90
traj-208:
34.79 32.90 31.73 30.05 29.57 28.54 26.88 25.16 23.41 23.12 21.98 20.26 19.91 18.37 16.87 15.64 13.94 12.74
24.23 24.63 24.56 23.76 22.87 21.32 20.60 20.68 20.82 20.85 21.44 21.99 21.52 20.57 20.59 21.19 21.91 23.30
traj-209:
38.71 36.99 35.33 34.17 32.99 31.26 30.97 29.25 29.01 28.47 28.56 28.52 28.45 29.06
24.69 24.72 24.81 24.87 24.82 24.55 24.50 25.00 26.11 27.50 29.24 31.16 32.36 34.19
traj-210:
36.04 35.74 33.86 32.02 30.79 30.50 30.40 30.22 29.70 28.90 28.46 28.42 28.37 28.04 28.25 28.45 27.36 26.18 24.69 23.00 22.14 20.36 18.61 17.26 15.53 15.15 13.32 12.24 10.41  9.03  8.26  6.87  5.56
23.33 23.31 23.00 23.15 22.17 20.41 19.82 18.95 17.03 15.24 14.19 12.31 11.66  9.75  7.80  6.82  5.28  5.23  5.13  5.00  5.07  5.13  5.26  5.80  6.61  6.41  6.75  6.91  7.59  6.78  6.43  5.42  4.62
traj-211:
37.27 36.05 34.55 33.31 31.75 30.07 29.68 27.97 27.39 25.96 24.18 22.36 21.24 20.99
23.84 23.58 23.41 23.23 23.04 22.18 21.85 20.96 20.93 20.92 20.97 20.99 21.57 22.86
traj-212:
38.06 36.24 35.36 33.62 32.28 31.06 29.90 29.22 28.19 28.07 28.18 28.82 30.07
23.46 23.14 23.14 23.14 23.33 23.51 24.70 26.07 27.74 29.58 31.35 33.23 34.52
traj-213:
37.69 36.23 34.54 32.60 31.07 30.55 30.44 30.23 29.70 29.41 28.94 28.69 28.17 28.20 28.13 28.09 28.09 27.05 25.17 23.75 22.34 20.92 19.19 17.80 16.62 15.01 14.12
24.69 24.74 24.78 24.84 23.96 23.08 21.91 20.14 18.25 16.89 14.95 13.60 11.90 10.16  8.73  6.96  6.66  5.17  5.15  5.12  5.22  5.35  5.44  6.30  6.85  7.06  7.14
traj-214:
35.66 33.85 31.88 30.84 30.36 29.82 27.88 26.41 24.98 23.84 22.12 20.39 19.14 17.88 16.07 14.45 12.71 11.35 10.67  8.98  7.12  6.40  5.02
23.35 23.33 23.11 22.50 21.51 19.63 19.78 20.01 20.32 20.66 20.89 20.76 20.87 20.81 20.16 19.82 19.60 20.99 21.57 22.31 22.88 22.96 23.53
traj-215:
37.07 35.81 33.84 32.61 31.43 29.64 28.42 28.58 28.60 28.58 28.48 28.39 27.99 27.12 26.26
23.45 23.32 23.16 23.07 23.12 22.46 23.60 25.26 27.01 28.21 29.95 31.69 32.59 33.39 34.08
traj-216:
35.35 33.57 31.95 30.92 30.43 29.12 28.91 28.72 28.44 28.59 28.75 28.98 29.12 29.05 28.92 28.83 27.48 25.69 25.41 24.83 22.92 21.30 20.12 18.41 17.58 15.75
23.03 23.11 23.19 23.25 22.83 21.34 19.43 18.27 16.35 14.99 14.51 12.86 11.24 10.08  8.37  7.18  5.81  5.39  5.29  5.15  4.99  4.97  5.01  5.12  5.29  5.65
traj-217:
34.19 33.90 32.12 31.82 30.11 29.02 28.17 26.43 24.66 22.95 21.34 20.22 18.46 16.60 16.30
23.54 23.48 23.20 23.18 23.08 22.25 21.48 20.81 20.73 20.89 20.60 19.96 19.07 18.72 18.65
traj-218:
35.28 34.39 32.43 30.68 30.13 29.50 29.02 29.04 28.06 26.54 24.91 22.94 21.31 20.23 18.32 16.36 14.84 13.94 12.17 10.37
24.95 24.89 24.82 25.76 26.48 27.93 28.84 30.45 32.18 32.49 32.74 32.98 33.14 33.23 33.37 33.51 33.71 33.82 34.04 34.17
traj-219:
36.35 36.05 34.29 32.30 31.18 30.98 30.27 28.55 28.26 28.39 28.50 28.61 28.74 28.83 28.79 28.78 28.65 28.49 28.17 27.87 26.37 24.58 23.27 21.61 19.68 17.97 16.96 15.40 13.68 12.38 10.50
24.96 24.95 24.85 24.85 24.87 23.75 23.18 22.48 20.86 19.39 17.59 15.92 14.56 12.70 11.51 10.32  9.09  7.68  5.79  5.75  4.84  4.98  5.03  5.30  5.60  5.70  6.54  6.36  6.27  6.29  6.43
traj-220:
35.95 34.51 33.34 31.88 30.42 29.73 29.81 28.89 28.18 26.48 25.00 23.16 21.32 19.65 18.21 16.51 15.43 13.62 13.32 11.59  9.78
24.99 24.94 24.91 24.83 24.65 22.99 22.14 20.46 19.91 19.03 19.09 19.24 20.03 20.56 21.28 22.09 22.03 21.92 21.90 21.60 21.23
traj-221:
33.66 33.10 31.30 30.82 29.07 28.86 28.61 28.53 28.38 27.49 26.40 24.43
24.08 24.13 24.75 24.94 24.72 26.29 27.96 29.70 31.19 32.21 32.29 32.37
traj-222:
36.96 35.12 33.62 31.79 30.89 30.25 29.81 29.75 29.65 29.42 29.35 29.20 29.07 29.00 28.99 28.10 27.80 25.96 24.20 22.64 20.92 19.31 17.64 16.08 15.02 13.96 12.04 10.38  9.45  7.57  6.59  5.52
23.28 23.31 23.47 23.08 22.54 21.22 19.75 17.94 16.25 14.52 14.00 12.29 10.76  9.65  7.68  6.41  5.92  5.51  5.24  5.02  4.77  4.52  5.30  6.39  7.16  7.45  7.60  7.70  7.80  7.56  7.56  7.62
traj-223:
36.02 34.56 32.64 31.49 30.11 28.87 28.16 26.48 24.71 23.82 21.86 20.36 20.15 18.39 16.53 15.18 13.80 12.42
23.10 23.15 23.12 23.13 23.02 21.48 21.02 20.22 20.37 20.44 20.47 19.41 19.19 18.49 18.12 17.79 17.38 18.03
traj-224:
35.22 33.73 31.76 30.03 29.58 29.64 29.66 29.57 29.57 29.25 28.82 27.22 26.60
23.71 23.44 23.14 24.02 25.41 27.38 28.35 29.70 30.88 32.59 33.59 34.55 35.00
traj-225:
34.25 32.48 30.82 29.86 29.41 29.24 28.94 28.47 28.20 28.20 28.21 28.16 28.18 28.29 27.47 25.75 24.26 23.15 22.22 20.37 18.51 16.59 14.89 13.70 12.98
24.46 24.20 23.39 21.75 20.49 19.37 18.07 16.22 14.91 13.05 11.38  9.45  7.54  7.10  5.52  5.23  5.12  4.98  4.87  5.02  4.87  5.17  5.74  6.28  6.65
traj-226:
38.37 37.26 35.28 33.58 31.86 30.72 29.30 28.18 28.00 27.06 25.62 24.60 22.96 21.53 20.11 18.85 17.02 16.81 14.86 14.10 12.20 11.90  9.97  8.71
24.22 24.50 24.69 24.83 24.70 24.63 23.88 22.67 21.83 20.38 20.11 19.91 19.66 19.44 19.26 19.31 18.97 19.19 19.07 18.96 18.65 18.62 18.44 18.22
traj-227:
37.41 36.55 35.40 33.93 32.17 30.43 30.42 30.36 30.42 31.21 31.91 32.57
24.80 24.82 24.77 24.77 24.78 25.67 27.53 28.53 30.32 32.03 33.23 34.32
traj-228:
37.37 35.92 34.86 33.05 31.89 30.61 30.00 29.39 29.04 28.65 28.58 28.59 28.74 28.97 28.89 28.67 28.26 28.12 27.88 26.06 24.92 23.15 21.47 19.76 18.59 16.93 15.51 13.70 12.63 10.84 10.26  9.30
23.88 23.63 23.44 23.43 23.48 22.26 20.88 19.44 18.40 16.58 15.27 14.35 13.73 12.05 10.19  9.06  7.34  6.02  5.84  5.10  5.17  5.43  5.62  5.77  5.89  6.83  6.77  7.02  7.41  7.27  6.52  5.54
traj-229:
33.96 32.27 30.81 30.00 29.77 28.03 26.89 25.45 23.68 22.48 20.65 19.36 18.06
23.05 23.30 22.46 21.16 20.96 20.52 20.71 20.84 20.97 20.98 21.73 22.31 22.93
traj-230:
36.47 35.04 33.04 31.90 30.36 29.43 28.31 28.07 28.02 28.89 29.46 30.38 31.81 32.64
24.39 24.50 24.62 24.69 25.47 26.36 27.33 28.44 29.62 31.19 31.86 32.92 33.51 33.76
traj-231:
35.00 33.78 32.04 30.14 29.57 28.48 28.39 28.41 29.07 29.43 29.32 29.18 29.04 28.74 28.46 28.16 28.14 27.45 25.73 25.17 23.44 22.11 20.93 18.98 18.13 16.47 14.57 13.16 11.34 11.06  9.33
23.22 23.39 24.22 24.70 24.81 23.19 21.47 20.88 19.16 17.42 16.54 15.14 13.22 11.47  9.96  8.24  6.74  5.44  5.04  5.01  4.95  4.90  5.05  5.43  5.64  6.49  6.51  6.90  7.37  7.49  8.28
traj-232:
36.18 35.07 33.58 31.81 30.33 29.40 28.93 27.23 26.04 24.90 23.20 21.49 19.50 17.61 16.15 15.13 13.77 12.74 12.18
23.86 24.19 23.75 23.26 22.39 20.84 19.84 19.08 19.23 19.35 19.40 19.20 19.19 19.22 19.43 19.63 20.95 21.78 22.22
traj-233:
34.96 33.41 31.88 30.41 29.55 28.05 28.06 28.09 28.07 28.30
23.43 23.13 23.31 24.33 26.04 27.13 28.95 30.68 30.98 32.79
traj-234:
39.10 37.22 35.97 34.82 33.68 31.91 30.18 29.89 28.23 28.24 28.17 28.07 28.15 28.36 28.35 28.33 28.32 28.31 28.29 28.32 28.18 27.48 26.13 25.05 23.23 22.15 20.43 18.70 17.67 16.10 14.38 13.85
24.29 24.60 24.75 24.82 24.84 24.81 24.62 24.26 23.19 22.59 20.88 19.83 18.23 16.42 15.44 13.81 12.47 11.79 10.26  8.84  6.85  5.55  5.24  5.15  5.17  5.19  5.22  5.42  5.45  5.65  5.88  5.94
traj-235:
39.09 37.38 36.24 34.53 32.80 31.05 29.62 28.91 28.07 27.08 25.30 24.40 22.64 20.79 18.84 17.45 16.62
24.76 24.75 24.75 24.74 24.75 24.62 23.98 23.78 22.48 20.94 20.89 20.85 20.89 21.53 21.37 20.37 19.62
traj-236:
35.10 33.97 32.04 31.75 30.48 29.50 29.42 29.48 28.88 28.18 26.25 24.53 22.68 21.58 20.09 18.15 16.39 15.47 14.12 12.79
23.85 23.54 23.12 23.18 23.46 24.54 26.48 28.34 30.21 31.71 32.16 32.22 32.27 32.26 32.63 32.76 32.77 32.98 33.25 33.55
traj-237:
35.35 34.94 33.06 31.58 30.49 30.18 30.24 30.37 29.72 28.96 28.55 28.53 28.30 28.31 28.41 28.45 28.34 27.81 26.50 24.54 23.02 21.69 19.73 18.85 17.45 16.21 14.82 13.03 11.91 10.09
23.28 23.14 23.25 23.05 22.33 20.70 19.53 18.70 17.20 15.80 14.67 13.48 11.70 10.15  8.53  7.36  6.47  5.69  5.07  4.96  4.90  5.07  5.39  5.54  5.83  6.21  6.14  5.98  5.87  5.28
traj-238:
36.69 35.39 33.87 33.41 31.86 31.43 29.78 29.16 28.77 28.02 26.31 24.65 22.81 21.62 20.14 19.30 17.72 16.72 15.56 14.42 13.15 12.07
23.46 23.49 23.50 23.45 24.06 24.13 23.57 23.40 22.95 21.20 20.36 19.84 19.87 20.10 20.93 21.63 22.72 23.32 22.96 22.20 21.20 20.34
traj-239:
35.25 33.67 32.72 31.05 30.35 30.35 30.35 30.40 30.29 29.83 28.59 27.12 25.21 23.81 21.82 21.03 19.15 17.34 15.42 14.38 13.10 12.51
23.28 23.47 23.66 24.30 25.03 25.63 27.38 29.33 30.21 31.51 32.22 33.46 32.93 32.55 32.35 32.27 32.35 32.38 32.37 33.13 33.94 33.94
traj-240:
38.78 36.94 35.07 33.42 32.24 30.63 30.48 30.37 30.21 29.50 28.81 28.27 28.38 28.47 28.50 28.39 28.25 28.20 26.94 25.19 23.56 21.56 20.41 18.99 18.43 16.70 15.26 13.82
23.19 23.24 23.27 23.22 23.14 22.10 20.61 19.72 18.56 17.55 16.50 14.65 13.23 11.34 10.34  8.86  7.38  6.50  4.98  5.03  4.97  4.88  4.90  5.20  5.41  5.82  6.21  6.69
traj-241:
36.67 35.26 33.86 31.89 30.35 29.53 27.92 26.53 25.15 23.35 21.49 19.83 18.05 16.69 16.01 14.82 14.06 12.61 10.82  9.16  8.63
24.13 23.80 23.51 23.17 22.18 21.49 20.58 20.29 20.00 19.58 19.54 20.31 21.08 21.79 22.25 22.78 23.13 23.53 23.95 24.29 24.41
traj-242:
35.97 35.39 33.65 31.90 30.68 29.90 29.58 28.82 28.58 27.04 25.65 23.67 22.91 21.06 19.23 17.47 15.69 14.79 13.43 12.24 10.86  9.07
24.90 24.90 24.89 24.89 26.38 28.22 29.07 30.79 30.96 32.15 32.18 32.21 32.35 32.70 32.72 32.71 33.22 33.48 33.70 34.16 34.66 35.52
traj-243:
39.13 37.89 36.14 34.28 33.59 31.77 29.88 29.28 28.92 28.70 28.28 28.19 28.15 28.11 28.19 28.09 28.08 28.06 27.56 25.95 24.12 22.21 20.29 18.30 17.45 16.10 15.21 13.97 12.45 10.81 10.21  8.76  7.03  6.06
23.85 23.88 23.67 23.68 23.63 23.10 22.50 21.84 20.20 18.63 17.10 15.77 13.81 12.11 10.47  9.50  7.73  6.11  5.17  4.97  4.97  4.84  4.76  4.86  4.94  5.73  6.36  7.45  7.11  6.45  6.28  5.95  5.67  5.51
traj-244:
34.17 32.48 30.85 30.63 29.10 28.89 27.59 25.89 24.03 22.90 21.88 20.94 19.78 18.07 17.43 15.69 13.93 12.81
24.65 24.74 23.98 23.78 22.70 21.99 20.57 20.15 20.06 20.00 20.03 20.70 21.63 22.28 22.55 23.13 23.89 24.08
traj-245:
36.18 34.26 32.53 31.39 29.89 29.53 30.68 30.75 30.74 30.80 30.88
23.94 23.68 23.30 23.12 23.16 24.43 26.00 26.29 28.00 29.77 31.26
traj-246:
33.63 32.45 30.66 30.48 30.34 30.28 29.50 28.74 28.41 28.26 28.15 28.22 28.27 28.37 28.41 27.79 26.76 25.43 24.00 22.17 20.24 18.86 16.91 15.67 14.01 12.26 10.46  9.53  7.69  6.45
24.97 24.72 23.84 22.68 20.91 20.06 18.34 17.13 15.31 13.98 12.23 10.31  8.59  7.29  6.22  5.27  5.15  5.13  5.06  5.02  5.05  5.06  4.95  5.16  5.31  5.43  5.49  5.38  5.71  5.62
traj-247:
35.13 33.99 32.25 31.13 29.44 28.85 28.03 26.06 25.46 23.98 22.06 20.20 18.83 17.21 15.93 14.07 12.15 10.34  8.91
24.09 24.28 24.53 24.76 23.97 22.78 21.05 20.76 20.74 20.71 20.98 21.47 20.33 19.70 19.48 19.13 18.58 18.02 17.83
traj-248:
34.18 32.35 31.76 30.44 29.98 28.42 28.34 28.20 28.57 28.91 30.09
23.75 23.18 23.15 24.05 25.11 26.19 27.88 29.33 31.10 31.53 32.87
traj-249:
37.95 37.46 35.88 34.23 32.31 30.76 30.46 30.39 30.17 29.34 28.78 28.07 28.09 28.24 28.41 28.54 27.69 26.18 24.40 23.53 21.82 19.83 19.00 17.26 15.93 14.10 12.58 10.91 10.05  8.67
23.99 23.87 23.57 23.36 23.04 22.26 21.20 20.91 19.14 17.45 16.47 14.63 13.18 11.23  9.38  7.48  5.79  5.20  5.15  5.13  5.06  5.15  5.30  5.85  6.63  6.93  7.10  7.38  7.51  7.65
traj-250:
34.57 33.24 31.63 30.43 28.78 28.01 26.26 24.80 23.04 21.60 20.21 18.95 17.52 15.62 14.63
23.03 23.23 23.50 23.59 22.54 21.41 20.71 20.80 20.86 21.61 22.79 22.42 21.94 21.58 21.46
traj-251:
33.86 33.31 31.82 31.03 30.00 28.92 28.77 28.99 29.66 29.95 28.62 26.69 25.04 23.22 22.98 22.38
24.85 24.83 24.90 24.94 25.56 26.19 27.80 28.35 30.08 31.92 33.26 32.98 32.71 33.08 33.26 33.84
traj-252:
35.70 34.52 33.35 32.04 30.59 30.36 30.23 30.17 29.43 29.37 28.95 28.45 28.35 28.11 28.12 28.27 28.31 27.51 25.56 23.67 23.37 21.48 20.35 18.67 16.95 15.97 14.37 13.57 11.67 10.85  9.09  7.81
23.12 23.11 23.11 23.08 22.09 20.33 19.14 17.42 15.80 15.48 13.84 12.23 11.09 10.38  9.82  8.36  6.85  5.30  5.11  4.96  5.02  5.18  5.38  5.66  5.88  6.52  7.52  7.59  7.20  6.88  6.23  5.89
traj-253:
35.17 34.88 32.90 31.01 29.97 28.98 28.65 26.83 25.72 24.28 22.82 21.28 20.99 19.20 17.41 17.12 15.28 13.35 12.40
23.77 23.71 23.41 23.33 22.99 21.76 21.27 20.66 20.81 20.92 20.94 21.88 21.96 22.06 22.07 22.13 21.55 21.19 21.82
traj-254:
38.30 37.27 35.31 33.53 32.96 30.97 29.39 28.12 28.12 28.08 28.05 28.02
23.85 24.46 24.79 24.90 24.91 24.91 25.95 27.15 28.32 30.11 30.79 32.61
traj-255:
37.47 35.70 34.29 32.48 30.82 30.55 30.35 30.33 30.15 30.08 29.72 29.32 28.83 28.42 28.30 28.30 28.24 27.13 25.65 24.18 22.41 20.94 20.34 18.79 17.27 15.97 14.06 12.48
23.52 23.34 23.14 23.24 22.15 21.50 20.33 19.18 17.41 16.79 15.07 13.27 11.80 10.10  9.56  7.64  7.08  5.81  5.69  5.58  5.54  5.63  5.66  5.72  6.88  7.78  7.80  7.88
traj-256:
36.85 34.92 34.02 32.73 31.18 30.38 28.88 27.60 26.37 24.83 23.38 22.60 21.25 19.97 18.32 17.14 15.60 14.19 12.74
23.66 23.56 23.47 23.29 23.08 22.65 22.05 20.73 20.21 19.78 19.75 19.56 19.09 19.25 19.96 20.91 22.19 23.39 24.50
traj-257:
39.04 37.43 35.54 34.26 33.00 31.05 30.63 28.70 28.67 28.75 29.40 29.38 28.49 27.56 26.00 24.68 23.01 21.26 20.15 19.31 17.62
24.60 24.58 24.59 24.65 24.70 24.77 25.03 25.38 25.68 27.48 28.76 30.65 31.60 32.19 33.33 33.34 34.34 34.87 35.24 35.46 35.99
traj-258:
36.53 35.08 33.36 32.48 30.84 30.45 30.28 30.24 29.19 28.89 28.18 28.25 28.40 28.50 28.68 28.66 29.08 28.97 27.56 25.84 25.25 23.42 21.97 20.54 19.43 17.91 17.44 15.73 14.93 13.00 11.95 10.01  8.64  6.88  6.58  4.87
24.90 24.89 24.71 24.68 23.86 22.04 20.30 19.71 18.27 17.59 15.95 14.46 13.05 12.21 10.32  8.42  7.41  5.80  4.87  4.82  4.90  5.13  5.13  5.34  5.52  6.46  6.83  7.79  7.82  7.62  7.29  7.01  6.83  6.64  6.57  5.98
traj-259:
35.92 35.32 33.34 31.65 30.51 29.29 28.25 26.45 25.10 23.46 23.17 21.50 20.92 19.15 17.54 16.49 14.62
23.18 23.20 23.25 23.24 22.53 21.22 19.92 19.25 19.15 19.40 19.48 20.13 20.22 20.30 20.21 19.70 19.20
traj-260:
34.96 33.80 31.90 31.60 30.27 30.13 29.24 28.33 28.02 27.33 27.10 26.15
23.84 24.04 24.32 24.32 25.79 26.96 28.58 29.35 30.69 32.19 32.56 32.84
traj-261:
37.36 36.77 35.35 33.42 33.12 31.38 30.29 28.60 28.52 28.53 28.49 28.46 28.64 28.82 28.85 28.63 28.59 28.54 28.51 27.35 26.35 24.93 22.98 21.58 19.64 19.07 17.43 16.55 15.05 13.70 12.04 11.48  9.53  8.45  6.72  4.83
24.78 24.75 24.78 24.69 24.66 23.86 22.86 22.28 20.35 19.36 18.31 16.33 14.71 12.84 12.26 10.27  9.22  7.44  6.84  5.24  5.08  4.88  4.72  4.53  4.30  4.47  5.09  5.44  5.85  6.26  6.25  6.12  5.72  5.55  5.37  5.08
traj-262:
37.44 36.85 35.31 33.71 32.36 31.61 29.95 28.78 28.08 26.54 25.37 23.90 22.52 21.72 20.99 19.21 17.84 17.00 15.16 14.28 12.80 11.09 10.86  9.21
23.34 23.24 23.38 23.59 23.46 23.21 22.62 22.23 21.49 20.76 20.63 20.73 20.78 21.22 22.80 23.52 23.45 23.39 23.27 23.18 22.80 21.81 21.62 20.79
traj-263:
38.00 36.84 35.20 33.77 32.04 31.19 29.98 29.26 28.14 28.12 28.16 27.69 27.05 25.54 23.83
24.49 24.51 24.57 24.63 24.68 24.70 26.19 26.72 27.47 29.20 30.65 32.32 33.92 34.93 35.27
traj-264:
36.00 34.67 33.71 31.83 30.57 30.45 30.17 29.80 29.45 29.06 28.63 28.23 28.56 28.73 28.09 27.26 25.48 24.29 23.46 21.70 20.51 18.73 18.00 16.56
24.06 23.83 23.64 23.20 22.29 21.56 20.10 18.33 16.86 15.21 13.36 11.60 10.13  9.27  7.53  5.87  5.79  5.85  5.86  5.90  5.91  5.93  6.32  7.51
traj-265:
37.64 35.81 33.88 32.21 30.64 30.45 30.34 30.11 28.79 27.89 26.13 25.83 24.06 22.58 22.02 21.79 19.97 18.11 16.58 16.01 14.23 12.46 11.33 10.44
23.08 23.13 23.13 23.14 22.14 21.58 21.00 20.44 19.04 19.09 19.10 19.10 19.18 19.17 19.17 18.97 18.24 18.33 18.51 18.71 18.68 19.00 17.95 17.75
traj-266:
35.93 33.98 32.05 30.34 29.76 28.23 28.31 28.54 28.78 29.43 30.19 30.73
24.22 24.24 24.41 24.69 24.78 25.81 26.80 28.61 29.71 31.12 32.54 33.81
traj-267:
34.23 33.12 31.41 29.95 29.54 28.81 28.79 28.43 28.22 28.45 28.47 28.45 28.42 28.51 29.01 28.64 28.24 27.72 26.76 24.96 23.04 21.11 19.37 17.65 17.18 15.90 15.67
24.54 24.64 23.93 22.80 21.70 20.08 19.78 17.94 17.25 15.36 14.22 13.05 12.22 10.82  9.61  7.99  6.52  5.51  5.09  4.97  4.92  4.99  5.26  5.59  5.96  7.19  7.38
traj-268:
39.02 37.70 36.37 34.58 33.69 32.48 30.55 29.96 28.48 27.28 26.39 24.62 23.85 22.18 20.47 19.68 17.95 17.38
23.35 23.28 23.19 23.08 23.06 23.08 23.00 22.53 21.32 20.58 19.95 19.14 19.24 19.65 20.27 20.58 21.30 21.46
traj-269:
35.80 34.02 33.17 31.51 30.30 29.87 29.90 30.14 30.10 29.41 28.96 28.45
24.00 23.58 23.50 23.22 24.10 25.83 27.57 29.29 30.41 32.01 32.99 34.01
traj-270:
37.50 36.38 34.67 33.04 31.87 30.66 30.45 30.12 29.80 29.36 29.03 28.99 28.71 28.51 28.30 28.21 28.03 27.49 26.31 24.57 22.65 21.48 19.61 18.42 17.72 16.46 14.62 13.76 11.92 10.00  8.26  6.88  5.70
24.71 24.79 24.89 24.85 24.86 23.97 23.34 21.58 19.79 17.93 16.51 15.18 13.28 11.56  9.92  8.15  6.30  5.44  5.00  4.91  4.98  5.05  5.07  5.51  5.82  6.23  7.00  7.16  7.28  7.46  7.61  7.73  7.40
traj-271:
33.88 31.92 30.23 29.58 28.98 27.98 26.30 25.41 23.57 22.32 20.65 19.08 17.35 16.65 15.53 14.05
24.47 24.40 23.55 21.90 20.39 19.23 19.21 19.24 19.19 19.19 18.49 18.25 19.10 19.41 20.02 20.69
traj-272:
34.56 33.96 32.52 30.55 29.96 29.08 28.97 28.68 28.60 28.18 27.87 28.49 28.72
23.10 23.10 23.18 23.39 24.25 25.98 27.70 29.00 29.59 31.46 33.30 34.96 35.14
traj-273:
36.44 35.00 33.59 32.99 31.25 29.85 29.30 29.05 29.07 29.28 29.30 29.35 29.24 29.13 29.03 28.83 28.72 28.42 26.77 24.88 24.15 22.54 21.17 20.05 19.17 17.46 16.25 14.70 13.35 12.23 10.54
24.29 24.39 24.49 24.50 24.29 23.78 23.28 21.45 19.87 17.89 17.22 15.71 13.72 12.15 11.28  9.50  7.67  6.04  5.28  4.92  4.93  4.95  5.02  5.08  5.16  5.88  6.46  7.24  7.69  8.04  8.64
traj-274:
35.61 33.88 32.48 30.65 29.35 29.11 28.02 26.16 24.42 22.71 20.93 19.04 17.79 15.87 14.76 12.85 10.98 10.00  8.36  6.85  6.05
24.15 24.30 24.45 23.93 22.62 22.45 21.06 20.54 20.48 20.47 20.34 19.72 19.40 19.10 19.21 19.22 19.79 20.69 21.82 22.46 22.71
traj-275:
37.71 36.91 35.07 33.15 32.85 31.04 30.42 29.38 28.96 28.72 28.48 28.13 28.04 26.32 25.12 23.58
24.02 23.94 23.49 23.42 23.41 23.65 24.08 25.14 26.72 28.33 29.98 31.95 32.54 33.44 32.98 32.49
traj-276:
35.06 33.37 31.67 30.34 29.64 28.58 28.90 28.87 28.44 28.13 28.28 28.34 28.47 28.58 28.70 28.67 28.62 28.52 28.40 28.25 27.02 25.15 23.48 21.73 20.30 18.87 16.95 15.28 14.54
24.66 24.87 24.98 26.44 27.30 27.03 25.07 23.94 22.13 20.40 18.58 17.39 15.78 14.23 13.16 11.74 10.73  8.92  7.54  6.35  5.06  5.00  5.02  5.17  5.38  5.62  5.94  4.89  4.09
traj-277:
38.01 36.32 34.56 33.44 31.49 30.90 29.39 28.96 28.08 27.04 25.58 24.17 22.69 21.29 19.49 17.84 15.89
24.72 24.71 24.78 24.81 24.83 24.81 23.94 23.30 21.99 20.68 20.80 20.88 20.93 20.97 20.74 20.72 20.90
traj-278:
36.04 34.05 32.30 30.71 29.62 29.06 28.49 28.33 27.76 27.51 25.92 25.33
24.81 24.81 24.74 24.92 26.59 27.94 29.50 30.57 32.00 32.18 33.28 33.95
traj-279:
35.04 33.20 32.14 30.50 28.89 28.50 28.40 28.71 29.02 28.80 28.72 28.62 28.45 28.38 28.16 28.06 27.19 25.66 24.83 23.39 22.02 20.21 18.79 17.14 15.40 13.55 11.84 11.50
23.48 23.75 23.30 23.58 23.32 21.67 20.90 19.08 17.86 15.96 14.35 13.16 11.48 10.11  8.13  7.29  5.67  4.99  4.97  4.88  4.89  4.86  5.24  5.76  5.69  5.23  4.61  4.43
traj-280:
36.79 34.87 34.00 32.21 31.91 30.25 29.42 28.05 26.58 25.71 24.14 22.22 20.54 19.33 17.56 16.19 14.30 12.56
23.90 23.42 23.23 23.09 23.04 22.01 20.87 19.63 19.62 19.64 19.72 19.43 20.24 21.24 22.01 22.03 22.22 22.59
traj-281:
36.49 35.97 34.27 32.56 32.26 30.91 30.37 29.62 29.00 28.25 27.79 26.19 24.95
24.59 24.66 24.81 24.70 24.67 25.44 26.65 28.31 29.32 30.89 32.18 33.27 33.48
traj-282:
35.97 35.41 33.74 32.65 30.93 30.45 28.89 28.96 28.71 28.43 28.32 28.25 28.25 28.21 28.18 28.16 28.12 27.29 25.77 23.83 21.89 20.12 18.93 17.85 16.50 15.12 13.73 12.84
24.47 24.56 24.68 24.69 23.89 22.30 21.17 19.34 18.59 16.88 16.29 14.38 12.61 10.83  9.07  8.18  6.71  5.41  4.95  4.61  4.59  4.55  4.65  4.81  5.16  5.39  5.63  5.78
traj-283:
35.15 34.27 32.68 30.73 29.05 28.41 28.37 26.77 25.99 24.16 22.20 20.81 18.96 18.14 17.39
23.24 23.21 23.21 23.44 22.82 21.03 20.73 20.16 20.11 19.93 19.69 19.49 19.85 20.72 21.53
traj-284:
37.49 37.19 35.47 34.87 32.97 32.39 30.43 30.09 29.59 29.48 28.20 28.16 28.22 28.97 29.99 30.09
23.53 23.50 23.51 23.48 23.70 23.77 23.96 24.40 25.79 26.32 27.30 29.07 29.65 31.14 32.63 32.91
traj-285:
37.41 35.55 34.15 32.40 32.11 30.71 30.54 30.19 29.66 29.44 28.92 28.69 28.53 28.54 28.38 28.31 28.32 28.16 26.55 25.96 24.49 23.65 22.22 20.23 19.51 17.69 16.79 15.59 14.59 12.71 11.98 10.05  8.22  6.31  5.18
23.31 23.22 23.20 23.10 23.05 22.34 21.55 20.09 18.25 17.04 15.17 14.27 13.06 11.72 10.39  8.45  8.16  6.33  5.84  5.84  5.83  5.81  5.77  5.76  5.77  5.87  6.61  6.93  6.78  6.89  6.72  6.52  6.26  6.37  6.38
traj-286:
36.19 35.60 34.17 32.73 30.95 30.35 28.53 28.15 27.24 26.94 25.15 24.30 23.13 21.33 21.00 20.42 18.98 17.48 16.50 15.49 13.55 12.53 10.98 10.32
24.37 24.43 24.63 24.71 24.54 24.32 23.52 22.37 20.68 20.70 20.74 20.75 20.75 20.66 20.29 20.17 20.80 21.25 21.62 21.98 21.53 21.00 19.99 19.60
traj-287:
38.70 36.77 36.66 35.77 34.62 33.77 32.09 31.52 29.87 30.41 30.58 30.84 30.84 29.95 28.63 26.76 24.87 24.22 22.76 21.14 19.47
24.93 24.95 24.95 24.96 24.95 24.93 24.90 24.89 25.72 27.23 28.11 29.88 31.34 32.25 32.66 33.29 33.88 34.01 34.49 34.99 35.40
traj-288:
37.05 36.15 34.96 33.78 32.62 31.48 30.24 29.34 28.63 28.63 28.42 28.33 28.35 28.45 28.53 28.76 28.81 28.84 28.90 28.93 29.02 28.84 28.29 27.69 26.40 24.61 22.69 20.72 18.77 17.83 15.91 14.14 13.39 11.67  9.83  9.15  7.77  5.97
24.95 24.93 24.90 24.85 24.78 24.84 26.20 27.24 26.02 24.49 23.58 21.78 20.31 18.57 16.95 15.76 14.83 13.07 11.59 10.46  9.02  7.54  6.20  5.23  5.07  5.01  5.02  5.15  5.43  5.37  5.82  5.95  6.00  5.88  6.23  6.37  6.62  7.09
traj-289:
36.23 35.09 34.23 33.08 31.99 30.65 29.55 28.40 27.63 25.87 25.02 23.07 21.68 19.89 18.19 16.41 14.54 13.49 12.97 11.60 10.27 10.00
24.36 24.37 24.48 24.68 24.84 23.99 22.82 21.41 20.27 19.58 19.43 19.20 19.43 20.27 21.14 21.16 21.03 20.24 19.66 18.54 17.19 17.05
traj-290:
35.56 34.69 32.77 31.38 29.62 29.14 29.11 29.02 28.97 28.74 28.48 27.12 25.95
23.60 23.46 23.42 23.52 24.05 25.17 26.60 28.46 28.75 30.63 31.48 32.92 34.38
traj-291:
35.56 33.80 32.90 31.35 30.17 29.81 29.12 28.66 28.30 28.14 28.39 28.23 28.06 28.08 28.12 28.01 27.12 25.23 24.39 22.63 21.86 20.39 18.95 17.24 15.48 15.18 13.37 12.88 11.31
23.47 23.41 23.34 23.26 22.00 21.19 19.42 18.27 16.86 14.99 13.61 12.46 10.60  8.82  8.16  6.91  5.26  5.11  5.04  5.04  5.11  5.31  5.57  5.94  5.75  5.80  5.39  5.26  4.90
traj-292:
37.87 36.13 34.68 33.22 31.31 30.64 28.84 28.65 28.06 28.05 28.08 26.25 25.14 23.24 22.18 20.55 19.04 18.01
24.87 24.89 24.89 24.94 24.97 25.53 25.87 24.76 23.35 21.59 20.40 20.29 20.34 20.67 20.90 21.96 23.27 23.59
traj-293:
36.35 34.93 33.76 32.31 30.56 29.12 29.00 28.74 29.00 29.16 27.83 27.24 25.78 24.43 22.82 21.12 19.83 17.86 16.09 14.37 13.79
24.47 24.47 24.47 24.40 24.75 25.71 26.55 28.22 29.80 30.92 32.27 32.37 32.63 32.65 32.56 32.53 32.61 32.81 33.33 33.55 33.66
traj-294:
39.18 38.31 36.59 35.13 33.23 31.48 29.98 29.88 29.82 29.56 29.20 29.04 28.88 28.84 28.81 28.79 28.80 28.68 28.45 27.66 26.00 25.17 23.25 21.61 19.76 17.82 16.37 15.43 14.01 12.30 11.87
24.26 24.34 24.50 24.65 24.82 24.95 25.55 23.57 22.92 21.48 19.77 17.94 16.32 14.39 12.90 11.19  9.96  8.33  6.57  5.61  5.23  5.07  4.93  4.93  5.05  5.40  5.28  5.21  5.12  4.33  4.19
traj-295:
38.21 37.65 36.09 34.76 33.51 32.17 30.76 29.71 28.68 28.33 27.21 26.65 24.73 23.58 21.76 19.85 19.34 18.47 17.77
23.13 23.16 23.14 23.17 23.19 23.30 23.49 23.71 23.41 21.54 20.44 20.37 20.18 20.12 20.18 20.63 20.94 22.62 23.51
traj-296:
34.61 33.47 31.75 30.14 28.98 29.15 29.29 29.36 29.28 28.96 27.56 26.26 24.43 22.97 21.05 19.66
23.64 23.32 23.07 24.12 25.70 26.65 28.41 29.01 30.72 32.16 33.30 33.54 33.09 33.16 33.57 33.90
traj-297:
35.75 34.55 32.67 31.48 29.98 29.58 28.27 28.27 28.09 28.31 28.41 28.44 28.58 28.60 28.62 28.67 28.56 28.46 27.44 25.85 23.89 22.30 20.94 19.12 17.67 16.51 14.67 13.63 12.39
23.65 23.41 23.14 23.06 22.62 22.06 20.77 20.47 18.60 17.73 15.99 15.69 13.74 12.29 11.11 10.08  8.32  6.56  5.05  5.05  5.00  4.99  4.97  5.47  6.22  6.97  7.13  7.19  7.51
traj-298:
37.82 36.38 34.39 32.78 31.53 29.85 28.53 27.70 26.50 25.49 24.34 22.89 21.46 19.96 18.49 17.62 15.94 14.79
23.53 24.06 23.93 23.28 23.34 23.23 22.24 20.75 20.23 20.20 20.22 19.96 20.21 21.07 21.95 22.60 23.39 24.09
traj-299:
38.71 36.98 35.63 34.54 33.17 31.53 30.29 29.45 28.44 28.20 28.10 28.30 28.78 30.13 31.40 31.88
24.27 24.19 23.79 23.46 23.44 23.31 23.54 24.49 25.23 26.77 28.21 29.91 31.65 33.05 34.44 34.80
