traj-0:
33.69 31.73 30.56 29.81 27.90 27.60 27.67 27.46 27.05 27.08 27.07 27.11 27.09 27.16 27.33 27.38 27.60 27.73 27.20 26.60 25.12 24.52 22.79 21.33 19.63
21.29 21.67 21.91 22.31 22.83 22.88 23.17 22.07 20.38 18.49 17.91 15.93 15.06 13.29 11.68  9.76  8.54  7.04  5.82  4.66  4.48  4.53  4.70  4.85  4.97
traj-1:
36.90 35.00 34.71 32.99 32.01 30.14 28.88 27.11 27.18 27.24 26.16 24.28 23.53 21.94 20.41 19.45 18.38 16.59 14.79 14.07 12.42 12.19 10.62 10.41
20.55 20.45 20.41 20.21 19.83 19.40 18.97 19.46 20.75 22.24 23.30 23.54 23.66 23.73 23.76 23.58 23.22 22.49 21.84 21.45 20.43 20.24 19.01 18.80
traj-2:
37.64 36.81 35.09 34.49 33.04 31.27 29.57 29.23 28.92 28.90 28.96 29.01 29.01
21.37 21.65 21.93 21.93 21.97 21.85 22.87 23.68 25.29 26.83 27.81 29.49 31.47
traj-3:
38.90 38.26 36.38 34.81 32.85 31.44 29.84 28.65 28.55 28.28 27.95 27.83 27.90 27.92 28.00 27.80 27.41 26.53 25.06 23.32 22.74 21.12 19.58 18.45 16.63 15.86
20.52 20.45 20.43 20.42 20.31 19.89 18.99 17.37 16.22 14.62 13.04 12.25 10.29  8.89  7.35  6.02  4.11  4.08  4.20  4.34  4.37  4.53  5.03  5.34  5.85  6.08
traj-4:
34.39 33.04 32.22 30.25 29.05 28.24 27.42 26.02 24.30 22.49 21.11 19.18 17.61 17.11 16.36 15.47 14.37 12.95 11.07 10.78  9.10  7.96  7.25  6.26
20.22 20.21 20.17 19.98 20.50 21.28 22.82 24.15 24.22 23.95 23.96 23.87 22.99 21.68 19.88 19.46 19.22 18.71 18.19 18.13 19.19 20.09 20.85 21.91
traj-5:
37.06 36.54 35.00 33.24 32.38 30.71 29.06 28.72 28.43 28.51 28.10 28.34 28.24 27.86 26.14 24.34 22.86 21.22 19.54 17.97 16.47 14.73 13.36 12.75
20.05 19.89 19.64 19.63 19.48 19.71 20.54 21.54 23.02 24.98 26.80 28.00 29.49 31.20 32.21 31.97 31.87 31.44 32.09 32.57 33.38 33.99 34.54 34.81
traj-6:
36.82 36.27 34.54 33.94 32.49 30.77 29.14 28.85 28.37 28.25 28.71 28.60 28.29 28.20 27.99 27.74 26.45 26.26 24.35 22.90 21.46 20.48 19.14 17.64 15.69 14.16 12.41 11.13
21.57 21.71 21.93 21.91 21.88 21.89 20.84 19.70 17.95 16.02 14.14 12.40 10.74  9.86  8.12  6.36  4.93  4.69  4.41  4.42  4.50  5.63  6.81  7.31  7.05  5.81  6.01  6.63
traj-7:
36.60 35.23 34.14 32.28 31.25 30.80 29.31 27.61 26.33 24.95 23.32 21.93 20.26 19.23 19.07 18.55 17.07 15.22 13.85 12.55 11.39 10.21  8.58  7.25  5.95  5.48
19.40 19.48 19.63 20.27 21.23 21.56 22.84 23.78 23.86 23.71 23.65 23.42 23.09 23.28 23.53 23.49 23.66 23.79 23.83 23.95 24.04 24.09 23.58 22.35 21.13 20.14
traj-8:
34.93 33.81 32.16 30.79 29.68 29.39 29.11 28.32 27.44 28.15 29.09 30.75 32.42 33.18
19.76 20.23 20.74 21.21 22.82 24.25 24.98 26.01 27.60 28.68 30.17 31.04 31.82 32.17
traj-9:
37.91 36.80 35.14 34.11 33.16 31.46 30.94 29.05 28.52 28.35 28.11 27.56 27.25 27.28 27.41 27.54 27.63 27.21 26.10 24.54 23.00 21.83 20.56 19.39 18.31 17.09 15.18 14.95 13.58 12.69
19.05 19.14 19.29 19.40 19.59 19.59 19.50 19.30 18.86 18.63 16.76 15.17 13.73 12.56 10.83  9.38  7.50  5.87  4.64  4.49  4.69  4.84  5.55  6.93  8.36  8.69  8.15  8.34  6.92  5.36
traj-10:
36.28 35.05 33.15 32.88 31.30 29.76 29.26 28.97 27.35 26.89 25.04 23.44 22.08 20.33 19.08 17.54 16.20 14.33 12.80 12.27 10.65  9.28  8.56
20.62 20.57 20.78 20.73 21.50 22.70 24.05 24.87 23.97 23.91 23.79 23.79 23.65 23.72 23.83 23.41 22.88 22.21 21.30 21.02 20.10 18.95 18.18
traj-11:
37.53 35.57 34.12 33.54 31.89 31.03 29.96 28.88 28.34 28.52 28.84 28.85 28.98 29.25 29.19 29.19 29.04 28.89 27.54 26.75
19.11 19.10 19.14 19.25 19.43 19.49 20.88 22.11 23.72 24.28 26.17 27.30 28.71 30.42 31.01 32.97 33.96 35.11 36.30 36.71
traj-12:
37.73 36.09 34.92 33.80 32.91 30.96 30.10 29.80 28.25 27.39 27.21 27.19 27.22 27.30 27.47 27.59 27.75 27.43 26.54 24.81 23.04 21.43 19.90 19.23 17.70 16.17 14.55
21.77 21.86 21.86 21.91 21.93 21.72 21.61 20.26 19.00 17.21 15.31 13.93 12.93 11.09  9.21  8.07  7.03  5.33  4.89  4.73  4.61  4.79  4.91  5.03  6.05  7.21  8.33
traj-13:
38.70 37.75 36.45 34.97 33.88 31.90 29.93 28.16 27.53 26.28 24.47 22.61 21.25 20.46 18.72 18.12 16.67 14.85 13.70 12.69 11.29  9.65  8.83  7.30  5.56
19.97 20.27 20.34 20.53 20.68 20.85 20.82 21.28 22.08 23.18 24.02 23.98 24.02 24.08 24.12 24.13 24.07 23.50 23.30 23.01 22.66 22.21 21.84 20.76 19.86
traj-14:
34.30 33.76 31.86 30.61 28.73 27.86 26.74 27.18 27.51 27.89 27.98 27.63 26.15 24.31 23.54 21.70 19.98 19.13
20.81 20.86 20.75 20.77 21.30 22.31 23.81 25.48 26.60 27.61 29.48 30.57 31.72 31.88 31.74 31.66 31.15 31.12
traj-15:
39.17 38.59 36.90 35.04 33.83 32.45 30.95 29.53 29.32 29.32 29.34 29.31 28.66 28.45 28.07 27.68 26.40 24.55 24.27 23.98 22.24 21.94 20.94 20.81 20.48 19.99 18.40 16.56 15.67 13.95 12.65 11.25  9.83  8.26  6.89  4.99  4.70
19.39 19.33 19.16 19.11 19.08 19.05 19.06 18.30 16.71 15.28 14.69 13.25 11.43  9.69  7.97  6.22  4.73  4.31  4.40  4.47  4.87  4.94  6.38  6.97  8.88  9.90  9.96 10.20 10.04  9.83  9.62  9.79  9.88  9.93 10.20 10.71 10.80
traj-16:
35.10 33.95 33.08 31.45 30.73 29.51 28.45 28.11 27.05 25.75 23.79 22.44 20.62 19.63 17.94 16.79 15.08 13.25 11.43 10.13 10.05
19.50 19.26 19.21 19.41 19.49 20.20 21.13 21.50 22.90 23.19 23.49 23.71 24.21 24.15 24.09 24.01 24.13 23.35 23.00 21.51 21.22
traj-17:
33.96 33.13 31.60 30.79 29.83 29.30 28.35 28.07 27.04 27.97 28.77
20.13 20.41 20.73 21.12 22.59 24.44 26.10 26.22 27.81 29.51 31.22
traj-18:
37.27 35.99 34.70 33.31 31.44 30.34 29.75 29.38 28.69 28.78 28.79 28.75 28.61 28.56 28.12 27.56 26.25 25.04 23.30 22.56 20.59 18.98 17.19 15.68 13.83 12.37 10.62  9.72
21.47 20.98 20.18 19.98 19.39 19.06 19.07 18.81 17.21 15.79 14.06 12.31 10.57  9.09  7.27  5.79  4.64  4.25  4.26  4.43  4.73  5.19  5.70  6.24  6.88  7.48  8.06  8.41
traj-19:
33.93 33.41 31.95 30.50 28.81 27.72 25.98 24.26 22.32 21.05 19.40 17.45 16.08 15.04 13.71
21.63 21.77 21.90 21.97 22.65 22.88 23.29 23.60 23.55 23.75 23.27 23.38 22.03 20.90 19.59
traj-20:
36.64 35.09 33.21 32.41 30.60 28.97 27.88 27.62 27.75 27.99 28.33 28.54 28.67 29.00 29.01 27.82 26.12 24.18 23.59
20.92 20.70 20.38 20.27 20.68 20.82 22.30 22.92 23.76 25.70 27.57 29.11 30.36 31.96 32.85 34.44 34.78 35.24 35.33
traj-21:
34.35 32.61 30.91 30.61 29.65 28.98 28.33 27.52 27.48 27.36 27.27 27.28 27.18 27.14 27.15 25.42 23.68 21.77 20.71 18.84 17.50 16.09 15.27 13.93 13.27 11.99 10.67
19.72 19.34 19.02 19.03 18.51 17.88 16.40 14.93 13.55 12.59 10.93  9.45  7.88  6.19  4.43  4.15  4.30  4.44  5.00  5.69  6.36  6.82  7.10  7.60  7.72  8.19  8.70
traj-22:
33.74 32.82 31.20 29.62 28.67 28.68 27.07 25.74 23.92 22.29 20.35 18.43 16.81 15.68 14.00 13.18 11.70 10.17  8.70  7.64
19.66 20.26 21.30 21.79 23.41 24.10 24.85 23.77 23.78 23.89 23.71 23.49 22.95 22.27 21.56 21.05 20.24 19.73 19.32 19.01
traj-23:
38.00 36.59 34.63 33.48 32.01 30.54 30.20 28.87 28.15 28.71 29.38 29.33 29.30 29.24 29.31
19.32 19.30 19.19 19.18 19.11 19.16 19.53 20.04 21.26 22.85 24.72 25.89 27.07 28.81 29.95
traj-24:
33.63 32.62 31.30 30.13 28.76 28.95 28.86 29.17 29.34 29.29 29.26 29.27 28.59 27.63 27.31 25.53 24.10 22.94 21.80 20.90 20.28 18.98 17.64
19.92 19.53 19.12 19.17 17.79 16.71 15.23 13.91 13.02 11.56 10.67  9.20  7.41  5.77  5.26  4.39  4.50  4.57  4.63  5.77  6.40  7.57  8.52
traj-25:
33.69 32.43 31.06 30.31 28.52 27.78 27.37 27.01 25.90 24.01 22.39 20.59 18.74 18.19 16.41 15.62 14.55 13.35
19.73 20.09 20.17 20.32 20.59 21.67 22.50 23.09 23.35 23.70 23.82 23.75 23.63 23.30 22.70 21.70 20.68 19.42
traj-26:
38.17 37.05 35.34 33.58 31.82 31.02 29.89 29.30 29.05 28.45 28.09 28.30 28.61 28.25 26.77 25.86 24.39 23.16 21.38
21.52 21.75 21.86 21.89 21.96 21.99 22.71 24.22 25.56 27.46 28.52 30.45 31.34 32.80 33.42 33.86 34.40 34.81 35.64
traj-27:
33.79 32.13 30.50 29.37 28.86 28.62 28.17 27.79 27.07 27.17 27.33 27.57 27.67 27.51 25.68 24.21 22.76 21.23 19.46 18.51 16.70 15.25 14.18
19.65 19.38 19.17 18.51 16.92 16.25 14.63 13.01 11.32 10.14  8.16  7.97  6.88  5.52  4.86  4.84  4.84  4.79  5.25  5.41  5.74  5.91  6.01
traj-28:
36.04 35.20 34.28 32.43 31.06 29.40 28.89 27.05 25.47 24.21 22.58 20.94 19.09 17.51 16.11 14.43
19.19 20.15 20.49 21.14 21.61 22.63 22.94 23.41 23.50 23.65 23.68 23.89 23.72 22.72 21.66 21.03
traj-29:
38.20 36.54 35.21 33.46 32.09 30.37 28.99 27.80 27.56 27.53 27.29 27.48 27.47 27.69 28.31 29.64
20.69 20.28 19.63 19.39 19.28 19.11 19.07 19.54 20.85 22.84 24.48 25.98 27.39 29.18 30.36 31.38
traj-30:
38.07 36.76 35.76 33.79 32.23 30.35 29.83 28.99 28.78 28.74 28.58 28.61 28.46 27.83 27.83 27.66 27.22 26.66 24.85 23.67 21.94 21.64 20.13 18.44 17.50 15.91 14.60 13.71 11.83 10.59  9.39  7.53  7.28
20.16 20.09 20.01 19.78 19.81 19.23 18.97 17.40 15.97 14.12 13.83 11.87 10.49  9.22  8.43  7.11  5.88  4.80  4.47  4.56  4.74  4.74  5.86  6.84  6.11  5.81  5.90  5.73  5.29  5.03  4.82  4.45  4.29
traj-31:
39.00 37.19 35.73 34.32 32.63 32.14 31.56 29.81 29.62 27.98 26.65 24.89 23.84 22.07 20.15 18.97 17.55 15.79 14.30 12.94 11.29 10.11  8.57
20.20 20.35 20.57 20.82 21.17 21.15 21.29 22.25 22.49 23.45 24.49 24.12 24.07 24.09 24.16 24.18 24.17 24.16 22.98 22.17 21.26 20.61 19.73
traj-32:
37.68 37.13 35.27 33.56 32.08 31.01 29.83 29.19 28.62 28.13 27.61 27.30 27.23 26.37 25.92 24.23 22.47 21.35 20.16 18.71
19.76 19.58 19.29 19.21 19.24 20.73 22.02 23.21 24.39 25.17 26.93 28.83 30.02 31.16 31.29 31.62 31.78 31.81 31.75 31.78
traj-33:
36.19 34.84 33.48 32.56 31.18 29.55 28.90 28.40 28.02 27.51 27.28 27.35 27.35 27.48 27.25 27.28 26.98 25.09 24.20 22.43 20.60 19.43 17.91 16.53 16.23 16.00
21.08 20.49 19.99 19.58 19.30 18.19 17.52 15.61 13.81 12.33 11.29  9.50  8.86  7.43  5.62  5.24  4.83  4.52  4.58  4.65  4.87  4.88  4.92  5.68  7.45  9.34
traj-34:
36.75 35.03 33.29 31.34 29.36 28.19 26.63 24.91 23.57 22.37 20.49 18.61 17.42 16.16 15.11 13.53 12.92 11.90 10.93  9.19  8.34
21.76 21.83 21.79 21.79 21.90 21.91 23.06 24.08 24.01 23.96 24.10 24.02 24.06 23.29 22.65 21.90 21.33 20.41 19.63 19.02 18.87
traj-35:
34.84 34.54 32.76 31.33 29.77 29.49 28.45 28.03 28.10 27.41 27.44 26.15 24.29 24.02 22.24 20.52 20.00 18.30
21.76 21.76 21.84 21.88 22.72 23.21 24.85 26.64 27.27 28.61 30.35 31.56 32.28 32.41 33.25 33.42 33.37 33.48
traj-36:
33.84 33.27 31.31 30.45 28.64 28.35 28.26 28.10 28.11 28.14 28.08 28.12 28.16 28.08 28.10 27.71 27.66 27.03 25.11 24.52 22.76 20.81 20.28 18.35 16.54 15.69 13.89 13.12 11.40 10.12  8.99
21.44 21.58 21.82 21.83 21.81 21.90 20.55 18.85 17.36 15.91 14.15 12.75 11.55 10.66  9.78  8.04  6.16  5.33  4.77  4.77  4.81  4.91  4.93  5.30  5.39  5.52  5.29  5.18  4.92  4.68  4.03
traj-37:
37.56 35.91 34.50 33.36 32.25 30.48 29.43 29.25 28.36 27.04 25.90 24.06 22.67 20.79 18.81 17.18 15.97 14.13 12.69 11.65  9.86  8.38  7.48  5.91
20.94 21.29 21.51 21.67 21.85 21.96 23.63 24.17 25.69 24.91 23.88 23.99 24.02 23.99 24.00 23.77 23.34 22.82 22.11 21.60 20.86 20.31 19.83 19.06
traj-38:
34.31 33.80 32.47 30.52 29.11 27.63 27.83 27.89 27.99 28.19 27.70 27.56 27.26 27.01 26.70 25.58 24.58
19.81 20.01 20.92 21.30 21.59 22.93 24.77 25.66 26.98 28.78 30.57 31.13 32.57 33.74 35.36 36.28 36.92
traj-39:
34.87 33.68 32.00 31.71 30.01 29.55 28.22 28.09 27.80 27.54 27.60 27.43 27.58 27.52 27.57 27.75 28.29 26.94 25.55 24.08 22.33 21.30 19.86 18.24 16.75 15.00 13.89 12.72 10.94
20.29 20.06 19.53 19.58 19.33 18.91 17.48 16.75 15.38 14.38 12.58 11.47 10.30  9.22  8.62  6.68  5.59  4.25  4.08  4.16  4.24  4.49  5.07  5.57  6.77  7.54  7.59  7.66  8.46
traj-40:
35.74 34.16 32.49 31.40 29.68 28.15 27.01 26.99 25.29 23.98 22.33 20.38 18.49 17.67 15.99 14.36 12.79 11.52
20.67 20.05 19.49 19.30 20.13 21.36 22.44 22.74 23.50 24.09 24.13 24.12 23.80 22.77 22.03 20.99 19.90 19.10
traj-41:
36.02 34.86 33.15 31.68 31.10 29.56 28.90 27.53 27.17 27.17 27.18 27.36 27.56
21.51 21.68 21.91 21.93 21.95 22.96 24.26 25.30 26.96 28.23 29.79 31.41 32.82
traj-42:
35.49 35.76 34.14 33.01 31.54 30.67 29.01 28.83 28.94 28.96 28.92 28.79 28.52 27.94 27.74 27.39 26.40 24.80 23.65 22.50 21.05 20.00 19.24
21.25 21.12 20.19 20.04 19.91 19.81 18.73 17.38 15.38 14.51 12.72 11.61  9.93  8.32  7.08  6.12  4.59  4.23  4.35  4.49  4.80  6.41  8.18
traj-43:
37.62 35.77 34.52 32.85 31.10 30.04 28.31 27.11 26.55 24.91 22.97 21.70 20.77 19.27 18.07 17.36 15.59 13.61 11.98 11.16  9.79  8.32  7.62  6.01  5.75
20.39 19.77 19.30 19.44 20.17 20.34 21.00 22.41 23.01 23.29 23.61 23.60 23.53 23.39 23.10 22.56 22.16 22.19 21.73 21.86 22.15 21.45 21.16 19.99 19.84
traj-44:
33.89 33.33 31.87 30.84 29.17 27.85 27.68 27.49 27.42 27.21 27.09 27.03 26.94
20.99 20.81 20.94 21.13 21.39 22.79 24.15 25.89 26.63 28.10 29.98 30.57 32.27
traj-45:
34.33 33.46 31.69 30.01 29.61 28.93 28.34 27.55 27.48 27.27 27.20 27.29 27.26 27.10 27.11 26.09 24.83 23.37 21.89 21.12 20.04 18.49 17.72 16.20 14.90 13.93
21.69 21.68 21.72 20.66 19.44 18.89 17.14 15.47 14.34 12.79 11.82  9.85  9.59  7.64  5.81  4.18  4.09  4.27  4.44  4.79  5.54  6.42  6.87  7.90  8.84  9.55
traj-46:
34.96 33.10 32.48 31.44 29.59 29.27 28.02 27.10 25.37 25.07 23.30 23.00 21.12 19.24 17.79 16.69 14.88 14.03 12.45 10.85  8.88  7.97  6.62
19.26 19.65 19.78 19.95 20.43 20.92 22.42 23.44 24.05 24.05 24.02 24.06 24.31 24.17 24.00 23.83 23.40 23.28 22.97 22.62 22.33 22.15 22.70
traj-47:
37.10 36.81 36.61 34.86 32.98 31.90 30.22 29.06 29.12 29.18 28.30 28.12 27.23 27.11 26.58 25.30 23.68 23.26 21.41 20.16 18.16 16.25 14.38 13.29
19.11 19.18 19.40 20.07 20.70 20.87 21.81 23.19 24.44 25.31 27.00 27.52 28.73 30.59 31.12 31.57 31.65 31.70 32.10 32.20 32.21 32.21 32.33 32.36
traj-48:
38.89 38.03 36.49 35.32 33.66 31.93 30.02 28.87 28.82 28.76 28.41 28.11 27.93 27.78 27.29 27.23 27.09 26.32 24.44 23.85 22.41 21.54 20.18 18.95 17.32
20.77 20.52 20.33 20.16 19.91 19.69 19.39 18.46 17.62 16.45 14.91 13.06 11.93 10.55  8.69  7.76  6.40  4.89  4.56  4.56  4.57  4.62  5.56  5.79  6.26
traj-49:
37.12 36.01 34.17 33.11 31.65 30.25 28.42 27.01 25.17 24.87 23.31 22.11 20.22 18.61 17.22 16.76 16.24 14.75 13.38 11.81
20.56 20.71 20.62 20.60 20.55 21.14 21.81 22.68 23.15 23.21 23.47 24.01 23.71 23.64 22.36 22.08 21.80 21.15 20.30 19.36
traj-50:
35.91 35.04 33.17 31.66 30.18 29.14 27.69 27.08 27.65 27.92 28.21 28.25 28.49 28.20 26.58 26.28 24.39 23.93 22.36 20.70 19.76 18.36 17.23 15.46 14.00 12.73 11.00  9.72  8.08  6.77
20.24 20.42 20.58 20.65 20.83 20.87 22.01 22.86 24.75 25.79 27.08 28.87 30.81 30.87 31.88 31.88 32.23 32.20 32.32 32.31 32.32 32.39 32.55 32.61 32.93 33.63 34.48 35.08 35.87 36.50
traj-51:
36.55 34.71 32.83 31.68 30.16 28.71 27.74 27.18 27.16 27.14 27.16 27.23 27.27 27.33 27.37 27.48 26.08 25.49 23.78 22.34 21.76 20.93 19.49 18.74 17.66 16.92 15.11 13.65 12.10 11.48  9.56  7.69  7.13  5.41  4.09
19.74 19.47 20.01 20.40 21.14 21.43 20.53 18.62 17.15 15.15 14.25 12.36 10.37  9.45  7.74  5.92  4.51  4.45  4.46  4.56  4.59  5.62  6.76  7.13  7.87  8.35  8.91  9.65  9.77  9.84  9.87  9.58  9.61  9.02  7.57
traj-52:
37.13 36.38 34.57 33.06 31.37 29.49 28.33 27.16 25.44 23.49 21.85 20.19 18.26 17.17 15.44 14.56 12.92 11.02 12.38 13.37 13.12 12.93
20.92 20.88 20.71 20.56 20.29 20.62 21.80 23.40 24.38 24.56 24.62 24.68 24.74 24.77 24.85 24.80 24.73 24.57 23.45 22.19 20.33 19.36
traj-53:
34.86 33.31 31.61 31.07 29.62 29.07 28.11 27.54 27.68 28.70 29.58 31.05 32.22 32.31
20.68 20.82 21.29 21.48 22.50 23.15 24.61 26.02 27.82 28.95 30.31 31.24 32.56 33.38
traj-54:
33.89 32.43 31.30 29.71 28.21 27.66 27.44 27.39 27.21 27.18 27.10 27.30 27.41 27.50 27.74 27.87 27.86 27.77 27.18 25.37 23.91 22.17 21.27 19.98 18.61
19.95 20.35 20.69 21.32 20.68 19.03 17.43 17.03 15.96 14.53 13.39 11.78 10.37  9.00  8.82  8.55  6.63  6.22  5.67  4.94  4.93  4.89  4.90  5.22  5.43
traj-55:
35.55 35.25 33.51 32.69 31.39 29.85 29.57 28.37 27.01 25.05 24.50 22.91 21.81 19.94 18.00 16.71 14.99 13.21 12.35 10.96  9.87  8.24  7.16
21.56 21.54 21.54 21.69 21.82 22.71 23.13 24.68 24.27 23.94 23.91 23.93 23.87 23.52 23.14 22.80 22.38 22.48 22.08 21.49 21.23 20.65 20.31
traj-56:
38.74 37.63 36.81 35.11 34.13 32.38 30.84 29.95 29.45 29.07 28.82 29.31 29.40 29.90 31.26 32.33 32.71
19.94 19.65 19.38 19.63 19.59 20.27 21.16 21.93 23.66 24.97 26.70 28.37 29.53 31.43 32.64 33.79 34.25
traj-57:
34.71 33.03 31.31 30.18 28.32 28.13 27.63 27.45 27.44 27.39 27.27 27.18 27.16 27.18 27.15 27.09 26.24 25.95 24.18 23.88 22.15 21.13 19.60 18.11 16.27 14.55 13.68 11.97 10.09
21.20 21.40 21.68 21.98 22.45 21.06 19.51 17.76 16.89 15.21 14.39 12.41 10.52  9.92  8.18  6.18  4.65  4.62  4.55  4.57  4.75  4.96  6.23  6.85  7.24  7.61  7.90  8.29  8.67
traj-58:
35.37 33.76 32.62 30.95 29.24 28.45 26.47 25.35 23.57 21.97 20.01 18.75 17.19 16.34 15.03 14.15
20.63 21.25 21.44 21.68 22.54 24.10 24.38 23.87 23.87 23.91 23.69 23.64 22.81 22.02 20.57 18.98
traj-59:
36.03 35.31 33.67 31.71 30.13 29.16 28.06 27.09 27.26 27.21 27.26 27.28 27.30 26.75 24.90 23.62 22.02 20.44 18.58 16.75 15.30 13.79 13.09 11.54  9.87
19.78 19.69 19.30 19.53 19.77 20.28 20.82 22.21 23.57 25.22 26.56 27.92 29.68 31.19 31.07 31.07 31.10 31.20 31.08 31.22 31.54 32.04 32.33 33.23 33.99
traj-60:
33.71 34.31 35.70 34.41 33.64 32.98 31.43 30.86 29.11 28.47 28.47 28.77 28.74 28.50 28.25 27.95 27.53 27.13 25.35 23.60 21.70 20.54 18.79 17.30 16.23 14.60 13.89 12.16 11.45  9.51  8.77
21.56 21.52 20.26 20.14 19.71 19.49 19.13 19.07 18.15 16.28 15.30 13.35 12.76 10.82  9.11  7.97  6.25  4.86  4.29  4.47  4.52  4.60  4.83  4.93  5.02  5.25  5.32  5.37  5.37  5.60  5.63
traj-61:
34.70 34.54 32.60 30.68 28.70 27.32 27.18 26.32 25.82 24.08 22.37 20.67 18.90 17.68 17.20 16.01 14.79 13.34 11.78 11.18  9.43  8.29
20.07 20.32 20.69 20.44 20.22 21.50 22.27 24.00 24.10 24.12 23.88 23.55 23.29 23.10 22.06 20.46 19.86 19.27 19.12 19.17 19.53 19.69
traj-62:
34.36 32.46 30.50 29.32 28.98 28.99 28.45 27.71 27.36 26.01 25.40 23.46 22.27 20.53 19.79 18.42 17.09 15.80 13.83 12.14 10.96  9.33
21.03 21.63 21.96 23.29 25.12 26.75 28.26 30.11 30.59 31.72 32.09 32.10 32.27 32.43 32.50 32.55 32.32 32.13 32.12 32.10 32.07 32.12
traj-63:
39.04 37.42 36.71 35.05 33.54 32.54 30.74 29.56 28.40 28.60 28.77 28.78 28.81 28.72 28.35 28.03 27.93 26.16 25.59 24.13 23.84 22.40 21.24 19.59 17.77 17.52 15.98 14.14 12.86 11.42 10.45  9.00
19.02 19.12 19.17 19.22 19.22 19.29 20.13 19.43 17.94 16.02 14.65 13.01 12.32 10.95  9.24  7.81  5.84  4.97  4.97  4.73  4.67  4.37  4.31  5.07  5.18  5.58  6.39  6.67  6.61  6.20  5.78  5.34
traj-64:
34.39 32.71 30.76 29.62 29.45 28.62 27.81 26.12 24.82 22.94 21.22 20.38 18.76 17.11 15.62 14.07 12.38 10.74 10.24
21.16 21.51 21.86 23.50 24.32 25.74 24.78 23.95 23.77 23.95 23.98 24.00 23.62 23.01 22.42 21.91 21.31 21.91 21.99
traj-65:
36.93 35.46 34.77 33.33 32.28 30.65 29.38 28.68 28.03 27.17 27.14 27.25 26.03 24.30 22.95 22.15 20.63 19.27 18.07 16.77 15.33 13.55
19.94 20.22 20.40 20.71 20.97 21.42 21.77 23.34 25.00 26.74 28.11 30.08 31.20 31.20 31.14 31.15 31.13 31.15 31.22 31.28 31.33 32.07
traj-66:
37.19 35.81 34.82 33.16 32.61 30.85 29.35 29.09 28.64 28.38 28.26 28.18 27.87 27.59 27.07 27.26 26.35 24.67 23.79 22.04 20.59 19.61 18.18 16.97 15.39 13.61 12.13 11.04  9.61  8.33  6.76  5.25  4.72
20.02 19.84 19.67 19.47 19.36 19.06 18.28 17.43 16.09 14.66 13.76 11.93  9.95  8.67  7.08  5.45  4.88  4.66  4.61  4.53  4.56  4.55  4.09  5.49  6.01  6.88  7.59  8.34  8.79  9.21  9.77  9.49  9.33
traj-67:
38.41 37.60 35.85 34.45 32.95 31.47 29.68 29.38 27.74 27.14 25.33 25.05 23.18 21.23 19.69 17.85 16.76 16.07 16.07 16.23
21.60 21.76 21.95 21.96 21.95 21.94 21.99 21.98 22.29 22.42 23.24 23.32 24.00 23.86 23.67 23.23 21.68 20.76 18.99 18.73
traj-68:
37.56 36.53 35.06 33.60 31.71 29.91 28.43 27.58 27.42 27.29 27.24 27.66 27.89 28.88 29.14 30.47 31.33
19.30 19.26 19.30 19.28 19.37 19.63 20.21 21.79 23.42 25.33 26.19 27.98 28.45 30.02 30.49 31.78 31.82
traj-69:
38.40 37.06 36.85 36.02 34.79 33.02 31.46 30.12 29.36 28.69 28.17 27.49 27.09 27.24 27.42 27.41 27.62 27.78 26.11 24.65 24.08 22.33 20.68 18.92 17.26 16.04 14.15 13.04 11.20 10.91
19.11 19.39 19.44 19.80 19.82 19.86 19.94 19.08 18.21 16.71 15.59 14.27 12.73 11.24  9.62  7.96  7.05  5.10  4.41  4.37  4.38  4.42  4.50  5.05  5.62  5.88  6.11  6.20  6.35  6.41
traj-70:
38.43 38.32 36.53 35.06 33.18 31.36 30.32 29.35 29.38 29.32 29.19 28.96 27.62 27.17 26.75 25.43 23.51 23.21 21.24 20.45 18.55 17.23 15.58 14.36
19.03 19.31 19.45 19.44 19.43 20.11 20.82 22.54 23.13 25.07 26.19 27.85 26.47 25.43 24.64 23.51 23.71 23.76 23.91 23.85 23.38 22.32 21.49 20.93
traj-71:
38.95 37.80 35.92 34.49 32.55 30.84 30.33 29.20 29.25 29.33 29.44 29.51 29.47 29.40 29.86 30.75
19.86 19.76 19.65 19.25 19.19 20.03 20.33 21.75 22.70 23.87 25.59 26.76 27.63 29.41 31.15 32.48
traj-72:
38.42 37.37 35.62 34.43 32.71 32.41 30.59 29.16 28.99 28.74 28.38 27.99 27.54 27.43 27.40 27.59 27.82 27.92 27.61 26.14 24.38 22.93 21.76 20.11 18.97 18.24 17.37 17.25 18.97 19.86
21.54 21.83 21.93 21.83 21.67 21.64 21.52 20.75 19.89 18.74 17.04 15.47 13.70 12.41 11.29  9.90  8.23  6.97  5.04  4.10  4.12  4.14  4.16  5.27  6.54  7.31  8.92  9.36 10.37 10.44
traj-73:
37.43 36.26 34.60 32.96 31.73 29.93 29.61 28.56 27.55 26.31 25.18 24.01 22.03 20.75 18.78 17.08 15.72 13.80 13.52
20.97 21.21 20.94 20.63 20.42 20.01 20.24 21.88 23.16 23.78 23.86 23.87 23.94 24.05 24.24 23.96 23.32 22.75 22.64
traj-74:
38.31 36.69 34.88 33.59 32.12 31.00 29.91 28.79 27.68 27.56 27.85 28.40 28.47 28.83 28.40 27.01 26.50 24.53 23.21 21.47 20.88 19.20 17.35 16.76
19.06 19.11 19.15 19.21 19.29 19.36 20.13 21.37 22.55 24.37 25.16 26.73 27.03 28.93 30.66 31.54 31.86 31.78 31.28 32.05 32.03 32.10 31.66 31.62
traj-75:
34.16 33.16 31.62 30.70 29.83 29.23 28.82 28.37 28.04 27.61 27.65 27.53 27.43 27.24 26.02 24.84 23.68 21.92 20.73 18.91 17.34 16.18 15.35 13.88 13.13 11.92 11.09  9.58  7.81  6.50  5.25  4.61
19.44 19.37 19.28 19.28 18.76 17.46 16.61 14.85 13.31 11.46 10.91  9.10  7.81  6.33  4.86  4.87  4.86  4.88  4.93  5.75  6.29  7.07  7.66  8.39  8.71  9.35  9.65 10.00  9.23  8.63  7.49  6.79
traj-76:
36.96 35.25 34.10 33.21 31.44 29.96 28.42 27.90 26.04 24.59 23.42 21.54 20.92 19.13 17.33 16.43 15.47 14.20 12.33 11.81 10.10  9.33  7.57  6.55  5.60
21.68 21.87 21.87 21.87 21.88 21.87 22.35 22.46 23.00 23.09 23.09 23.32 23.40 23.75 23.21 23.27 23.59 23.82 23.83 23.88 24.03 24.10 23.28 22.68 21.91
traj-77:
35.53 34.11 32.65 31.21 29.70 29.14 28.38 28.21 27.82 27.74 27.75 26.19 25.49 24.93 25.87
21.51 21.77 21.80 21.93 22.75 24.05 25.69 25.94 27.85 28.45 30.34 31.31 31.51 33.36 34.77
traj-78:
37.66 35.82 33.98 32.42 30.95 29.74 28.89 28.66 28.82 29.02 29.16 29.30 29.20 28.70 28.19 27.52 27.29 25.66 24.51 23.07 21.32 20.28 19.01 17.29
21.07 20.32 20.31 20.26 20.17 19.87 19.78 17.94 16.50 14.53 13.35 11.91 10.15  8.61  7.09  5.21  5.02  4.43  4.55  4.66  4.87  5.47  6.43  7.38
traj-79:
36.64 36.07 34.11 32.42 30.48 28.68 27.02 26.49 24.92 23.61 21.66 20.30 18.36 17.75 16.11 14.32 12.50 11.85 10.26
21.14 21.27 21.51 21.71 21.96 22.64 23.29 23.50 23.55 23.37 23.20 23.18 23.41 23.40 23.50 23.53 23.01 22.69 22.15
traj-80:
39.04 37.56 35.72 33.83 32.50 30.95 29.55 29.62 29.73 29.75 29.76 29.65 29.51 28.49 26.75 25.52 24.17 22.58 21.18 19.74 18.34 16.64 15.28 13.98 13.20
19.62 19.68 19.91 20.10 20.29 20.47 21.02 22.22 24.01 25.66 27.39 29.17 30.89 32.46 32.63 32.98 33.85 34.60 35.21 35.30 35.43 35.62 35.79 35.97 36.10
traj-81:
37.46 35.75 33.98 33.44 31.94 30.23 28.46 28.02 27.59 28.08 28.25 28.44 28.49 28.51 28.53 28.56 28.60 27.92 27.45 26.44 24.56 23.12 21.65 20.35 18.70 16.87 14.94 13.30
21.64 21.98 21.98 21.98 21.99 21.98 22.81 22.06 20.32 19.05 17.96 16.10 14.25 12.87 11.41  9.62  9.03  7.22  6.16  4.51  4.32  4.28  4.43  5.10  5.76  6.17  6.63  7.15
traj-82:
36.44 34.72 34.12 32.35 30.57 29.20 27.99 26.46 25.78 24.18 22.41 21.05 19.50 17.86 16.46 14.63 13.18 12.11 10.77
21.69 21.75 21.79 21.93 21.99 22.78 23.46 23.29 23.25 23.25 23.51 23.78 24.13 23.45 22.43 21.64 21.25 20.52 19.65
traj-83:
37.03 35.22 33.50 31.52 30.64 29.91 28.94 28.56 28.50 28.52 28.39 28.57 27.54 26.59 25.26 23.38 21.47 19.53 18.39 17.39 15.65 14.38 13.31 11.38 10.35  9.12  8.23
19.25 19.28 19.31 19.26 20.22 21.11 22.32 24.23 24.52 26.41 28.40 29.77 31.21 31.93 31.63 31.61 31.59 31.56 31.51 31.66 31.80 31.85 31.61 31.57 31.80 32.09 32.15
traj-84:
35.94 35.15 33.46 31.58 30.82 29.79 28.91 28.61 28.63 28.67 28.52 28.31 28.15 27.89 27.41 27.00 25.39 23.62 23.32 21.56 19.93 18.05 16.25 14.62 13.02 11.30  9.88  8.45  6.49  5.50
21.04 20.70 20.04 19.44 19.16 18.55 17.38 15.76 15.45 13.49 12.56 10.74  9.66  8.68  6.98  5.52  4.87  4.74  4.73  4.73  5.35  5.65  5.98  6.15  6.67  6.89  7.22  7.45  7.70  7.95
traj-85:
36.00 35.10 33.68 31.98 30.79 29.14 28.91 27.40 25.49 23.90 23.13 21.53 19.70 18.62 16.99 15.31 14.23
21.74 21.75 21.77 21.72 21.70 22.73 22.91 24.15 24.37 23.94 23.79 23.89 24.08 23.77 23.00 21.94 20.86
traj-86:
37.86 36.03 35.23 33.51 31.60 30.64 29.79 29.32 28.78 28.38 27.72 27.64 27.38 27.11 26.21 25.40 24.15 22.39 20.51 18.67
21.12 20.84 20.66 20.49 20.89 21.14 21.91 23.69 25.57 26.44 28.06 28.35 28.49 30.13 31.05 31.25 31.47 32.16 32.57 33.07
traj-87:
33.89 32.47 31.10 29.47 29.26 27.69 27.17 27.46 28.23 28.59 28.92 28.94 28.95 28.91 28.89 28.50 28.06 27.99 27.35 26.59 24.83 23.39 21.76 20.77 19.32 18.19 16.67 15.03 13.30 12.20 10.32
21.24 21.51 21.74 22.70 22.92 23.97 22.34 20.52 18.84 17.81 15.88 14.47 13.06 11.32 11.02  9.32  7.61  7.32  5.73  4.73  4.35  4.53  4.71  5.22  5.98  6.92  7.45  6.65  5.79  5.58  4.92
traj-88:
35.81 35.29 33.35 31.52 30.78 29.47 28.02 27.03 25.31 23.44 21.56 20.69 19.06 17.28 16.73 14.78 13.11 11.43 10.11  8.57
20.23 20.26 20.24 20.28 20.28 20.24 21.37 22.85 23.34 23.44 23.45 23.47 23.38 24.15 24.06 23.86 23.80 22.79 21.30 20.07
traj-89:
34.51 33.82 32.35 30.87 30.19 29.58 29.08 28.26 28.12 27.31 27.23 27.62 28.27 28.52 29.27
19.41 19.28 19.46 19.42 19.74 20.61 22.40 24.17 24.34 26.03 27.46 28.30 29.99 30.17 30.64
traj-90:
39.19 37.48 36.35 34.61 33.44 31.97 30.58 29.77 28.60 28.13 27.99 27.95 27.81 27.98 28.11 27.73 27.64 27.54 28.09 28.08 27.73 27.17 25.65 24.20 23.33 21.40 20.72 19.18 17.88 16.68 15.66 14.66
21.40 21.66 21.83 21.85 21.91 21.89 21.90 22.32 23.34 22.19 20.31 18.74 17.63 15.98 14.67 12.77 10.89  9.37  7.89  7.00  5.71  5.50  4.86  4.82  4.83  4.97  4.96  5.74  6.43  7.07  7.60  7.86
traj-91:
38.44 37.42 35.67 35.10 33.33 31.52 30.66 29.87 29.79 28.32 27.87 27.61 27.55 27.03 25.12 24.04 22.64 21.05 19.62 17.91 17.06 15.77 15.04 13.23 12.02 10.88
19.46 19.61 19.79 19.69 19.16 19.35 19.47 19.58 19.87 21.19 22.58 23.69 24.27 24.57 24.00 24.00 23.97 24.00 23.96 23.19 22.03 20.52 20.20 19.69 19.27 18.91
traj-92:
33.69 32.31 31.67 30.22 29.95 29.63 29.16 28.39 27.43 27.18 27.06 27.07 27.41 28.08 28.65 29.47 30.53
19.47 19.70 20.08 21.06 21.26 22.35 24.13 25.49 26.95 27.11 27.72 29.30 31.17 32.04 32.90 34.30 35.99
traj-93:
33.73 32.02 31.72 30.38 29.60 28.91 28.52 28.16 27.86 27.44 27.24 27.28 27.13 27.43 25.49 23.73 22.62 20.87 20.15 19.19 17.39 16.82
21.50 21.84 21.90 20.99 19.54 17.74 16.14 14.58 12.63 11.04  9.22  7.47  6.36  4.52  4.11  4.19  4.24  4.44  4.71  4.90  5.47  5.64
traj-94:
36.90 35.50 33.71 32.41 30.47 28.86 28.02 26.35 24.48 23.33 22.33 20.42 19.28 18.41 16.43 14.50 12.97 12.17 10.34  9.21  7.27
21.68 21.67 21.79 21.88 21.95 21.70 22.16 23.22 23.66 23.71 23.91 24.16 24.28 24.22 24.15 24.11 23.80 23.61 23.20 22.92 22.50
traj-95:
36.73 36.16 34.77 33.16 31.54 30.12 28.93 28.54 27.97 27.87 27.76 27.68 25.83 24.10 22.46 21.22 20.39
20.96 21.14 21.52 21.79 21.82 21.87 23.38 24.13 25.97 27.62 29.24 30.74 31.40 31.67 32.36 33.02 33.25
traj-96:
34.11 32.66 31.71 30.60 29.79 28.77 28.59 28.14 27.81 27.97 28.03 27.75 27.64 27.51 25.84 24.42 22.68 21.50 20.13 18.65 17.85 16.10 15.08 13.57 12.39 11.50 10.19
19.96 19.82 19.75 19.74 18.92 17.53 15.83 13.90 12.19 10.70  8.98  7.51  5.69  4.35  4.53  4.69  4.78  4.80  4.87  4.85  4.81  4.93  4.95  5.02  5.00  4.98  4.96
traj-97:
38.25 36.55 34.57 33.67 32.18 31.01 29.40 28.61 28.38 26.55 25.21 24.39 22.89 21.51 19.80 18.37 16.62 14.97 14.47
21.71 21.73 21.86 21.88 21.93 21.97 22.97 23.63 23.63 24.37 24.06 23.97 24.02 24.03 23.99 23.99 24.04 22.94 22.61
traj-98:
38.37 36.98 35.06 33.63 32.13 31.28 29.55 28.40 28.39 28.52 28.80 28.80 28.23 26.94 24.98 24.53 22.77 20.94 19.12 17.32 16.27 14.59 13.50 11.72 11.18  9.81
21.23 21.41 21.78 21.95 21.91 21.88 21.96 23.22 24.74 25.77 27.68 29.16 31.02 31.28 31.54 31.67 31.88 32.28 32.33 32.13 33.68 34.73 35.43 36.16 36.39 36.90
traj-99:
38.22 37.09 35.10 33.24 31.47 30.56 29.44 29.07 28.58 28.43 27.73 27.37 27.12 27.22 27.23 27.22 27.22 26.20 25.63 23.85 23.55 21.78 20.38 18.95 17.66 15.81 14.33 12.35 12.06 10.31  8.91  7.10  5.89
20.64 20.62 20.53 20.16 19.68 19.23 18.49 17.07 15.53 15.10 13.30 11.91 11.06  9.65  8.77  7.61  5.85  4.98  5.00  4.96  4.97  4.96  5.79  6.60  7.32  7.34  7.62  7.84  7.87  7.83  7.69  7.05  6.67
traj-100:
34.61 32.65 31.84 29.89 28.72 28.02 26.65 24.84 23.30 21.79 20.34 19.03 17.29 15.94 15.10 14.31
21.41 21.65 21.68 21.91 22.37 22.75 23.21 23.62 23.65 23.74 23.77 23.55 23.25 22.14 21.05 20.11
traj-101:
36.96 35.57 34.14 33.55 32.18 30.83 29.48 27.67 27.21 27.09 27.04 27.03 26.88 27.02 27.29 27.55 27.63 27.73 26.25 24.28 22.85 21.48 20.18 19.08 17.83 15.93 15.26 13.89 12.84 11.67 10.20  9.32  7.87
20.99 20.66 20.37 20.27 19.84 19.55 19.15 19.25 19.63 20.57 22.34 22.64 24.47 24.74 26.58 28.33 29.48 31.22 32.26 32.58 32.99 32.58 32.33 31.99 31.75 31.92 32.02 32.14 32.55 32.94 33.21 33.52 33.99
traj-102:
38.47 37.42 35.89 34.50 32.70 30.85 30.28 29.50 28.62 28.05 27.60 27.29 27.16 27.03 27.10 27.01 25.62 23.84 23.54 21.84 19.97 18.98 17.42 15.69 13.78 12.34 10.54
20.53 20.39 20.22 20.05 19.77 19.31 19.33 17.74 16.02 14.46 12.77 11.33  9.51  8.11  6.35  5.47  4.91  4.77  4.76  4.70  4.80  5.11  5.53  5.29  5.20  5.06  5.09
traj-103:
37.36 36.18 34.33 33.76 31.91 30.12 28.79 28.61 27.25 25.71 24.54 22.77 21.09 20.52 18.90 17.75 16.37 14.87 14.23 12.39 10.56  9.11  7.45  5.72
20.37 20.41 20.66 20.79 20.89 21.35 22.60 22.84 23.94 24.83 24.86 24.80 24.61 24.47 23.85 23.13 21.92 20.69 20.20 19.97 20.22 20.63 19.92 19.38
traj-104:
35.94 35.42 33.52 32.57 31.32 30.45 28.89 28.49 28.24 28.06 28.08 28.39 28.96 29.44 30.89 32.00 32.93
19.05 19.17 19.47 20.53 21.19 21.97 22.45 23.39 24.87 26.83 28.81 29.62 31.23 31.64 32.95 34.16 35.07
traj-105:
34.51 33.71 31.97 30.41 29.08 28.10 27.71 27.28 27.26 27.43 27.66 28.13 27.87 27.17 26.04 24.27 23.09 21.91 20.95 20.62 19.64 19.08
21.35 21.71 21.92 20.80 20.31 18.85 17.88 16.37 14.37 12.41 10.50  8.97  8.43  6.58  5.00  4.92  4.87  4.81  6.30  8.02  9.14  9.88
traj-106:
36.46 34.71 33.07 31.08 29.76 28.37 27.74 26.06 24.35 22.54 21.74 20.33 18.96 17.28 16.17 14.41 13.18 11.33  9.61  7.86  6.95  5.71
21.52 21.68 21.78 21.85 21.99 23.10 23.65 23.97 23.96 23.90 23.93 23.93 23.93 22.85 22.03 22.51 23.09 23.60 23.23 22.74 22.50 21.97
traj-107:
35.46 33.73 32.89 31.55 30.13 29.33 29.33 27.75 27.61 27.34 27.19 27.19 27.29 26.83 26.18 24.76 23.96 22.58 21.51 19.77
21.12 20.60 20.39 19.90 20.91 22.47 22.77 23.74 25.24 26.52 27.28 28.74 30.36 31.40 32.99 34.17 34.39 34.81 34.94 35.15
traj-108:
38.02 36.87 35.18 34.01 32.82 31.92 30.38 29.57 28.45 28.26 28.16 27.95 27.66 27.42 27.72 27.90 28.20 28.76 27.62 25.67 25.37 23.60 23.30 21.32 21.03 20.89 19.19 17.68 16.34 15.21
21.55 21.71 21.86 21.88 21.87 21.86 20.73 19.97 18.99 18.41 16.45 14.53 13.03 11.63 10.35  9.61  7.64  6.23  4.69  4.35  4.35  4.35  4.36  4.59  4.62  4.89  5.78  6.99  8.11  9.07
traj-109:
34.95 33.72 32.68 30.77 29.29 29.20 28.22 27.51 25.83 24.40 23.19 21.30 19.96 18.07 16.57 14.80 13.21 12.97
20.30 20.01 20.39 20.04 21.38 22.38 24.09 24.21 24.13 24.00 24.06 24.21 24.21 23.56 22.95 22.09 21.41 21.23
traj-110:
34.58 32.78 31.01 29.66 28.32 28.09 28.50 28.64 28.94 29.38 29.67 29.94 29.27 27.66 26.23 24.51 22.84 21.96 20.49 18.84 17.51
20.51 20.72 20.88 21.20 21.39 23.14 24.88 26.71 27.90 29.32 30.54 31.52 33.08 33.33 32.76 32.15 32.48 32.20 32.76 32.97 33.38
traj-111:
37.06 35.13 34.27 32.54 31.57 30.04 29.27 28.25 27.53 27.67 27.77 27.80 27.71 27.60 27.84 28.06 28.65 28.64 27.18 25.43 24.27 23.39 21.89 19.99 19.80 19.53 18.65 19.45 18.93 17.35
21.31 21.81 21.82 21.84 21.76 20.70 19.25 18.60 16.77 15.70 13.76 12.70 11.46  9.95  8.38  7.37  5.47  5.17  4.05  4.12  4.19  4.24  4.29  4.58  4.81  4.94  6.61  8.40  9.78 10.78
traj-112:
36.93 35.57 34.74 33.03 31.65 30.47 29.11 28.43 27.60 25.91 24.47 23.34 22.36 20.61 19.11 17.59 16.43 14.60 13.87 12.39 10.44  8.71  7.41
19.79 19.68 19.79 20.14 20.39 20.61 21.68 22.52 24.21 24.64 24.58 24.43 24.23 23.60 23.41 23.41 23.23 23.01 23.01 22.31 21.90 21.48 21.13
traj-113:
34.53 33.54 31.72 29.75 29.10 28.14 28.14 28.03 28.52 28.96 28.95 28.47 28.26 27.34 25.60 23.74 21.85 21.04 19.67 17.80 16.09 14.54 12.90 11.47  9.71  8.57  7.65  7.51
19.42 20.08 19.97 19.87 20.37 22.06 22.36 24.15 26.00 27.52 27.96 29.73 30.46 32.06 32.24 31.62 32.19 32.23 32.35 32.08 31.74 31.53 31.54 31.33 31.30 32.61 34.21 35.65
traj-114:
38.96 37.88 36.00 34.30 32.73 30.83 29.00 27.76 27.49 27.30 27.13 27.16 27.24 27.31 27.55 27.66 27.29 27.06 25.40 23.63 22.62 21.47 20.17 19.23 18.41 16.94 15.78 13.88 13.24 11.54
19.58 19.61 19.83 19.82 19.98 19.98 19.36 18.24 16.52 15.65 13.93 12.45 11.01  9.97  8.64  7.81  5.95  5.75  4.97  4.93  4.89  4.79  6.14  7.37  8.63  8.99  9.16  9.72  9.89 10.17
traj-115:
35.50 34.78 33.47 31.48 29.53 28.89 28.33 27.36 26.10 25.83 23.92 22.22 21.36 19.94 19.07 17.13 15.95 15.88 15.20
19.99 19.55 19.29 19.38 19.67 20.49 21.36 22.61 23.92 24.03 24.39 24.51 24.42 24.28 24.19 23.71 22.33 22.12 20.38
traj-116:
35.63 34.46 33.06 32.47 30.83 29.99 29.76 29.56 29.35 29.18 29.17 28.91 27.46 27.29 25.99 24.19 23.01
21.20 21.30 21.42 21.44 22.00 23.12 24.25 25.39 26.21 28.20 28.79 30.50 31.76 33.04 34.55 34.97 35.07
traj-117:
35.01 33.78 32.10 31.05 29.69 29.37 29.21 28.70 27.32 27.16 27.18 27.18 27.11 27.10 26.18 24.72 23.54 21.78 20.52 19.99 18.69 17.74
19.31 19.34 19.61 19.72 18.34 16.92 16.35 14.61 13.38 11.45  9.60  8.30  6.54  5.98  4.29  4.53  4.68  4.88  5.67  5.94  7.10  7.78
traj-118:
35.43 34.72 32.88 31.25 29.53 28.46 27.51 26.78 24.98 23.81 22.92 21.50 20.63 18.99 17.63 17.22 16.11 15.32 14.07 13.43
19.78 19.73 19.69 20.36 20.74 21.54 22.87 23.63 23.95 23.97 23.97 24.08 24.11 23.71 22.69 22.25 20.76 20.00 19.05 18.58
traj-119:
38.66 38.32 37.45 36.03 34.32 33.75 31.98 30.50 29.27 28.36 27.91 27.82 27.68 27.45 27.13 26.04 24.70 23.38 22.78 21.28 20.10 19.31 18.22
19.15 19.55 20.11 21.36 21.73 21.85 21.90 21.96 22.64 24.42 25.56 27.40 28.80 29.74 30.58 31.84 32.62 33.45 33.81 34.77 35.24 35.55 36.01
traj-120:
34.33 34.17 33.13 31.18 30.60 28.86 28.42 28.17 28.07 27.76 27.43 27.42 27.52 28.16 28.43 26.88 25.98 24.79 23.61 21.65 21.07 20.60 19.79 18.45 17.71 16.00 15.48 13.94 12.18 10.79  9.26  7.85  5.90  5.17
19.09 19.35 19.58 19.19 19.05 18.38 16.93 15.71 14.15 12.24 10.45  9.10  7.40  6.51  5.01  4.01  4.08  4.19  4.34  4.63  4.80  5.05  5.61  6.25  6.53  6.98  7.13  7.51  7.94  8.23  8.96  9.41  9.11  9.16
traj-121:
36.10 34.97 33.28 31.35 31.24 29.32 27.47 25.80 24.70 23.21 21.79 21.12 19.32 18.58 17.30 16.14 14.43 13.98 12.32 12.14 10.64  9.37
21.30 21.55 21.84 21.85 21.87 21.63 22.38 23.10 23.25 23.42 23.57 23.63 24.06 23.69 22.99 22.53 21.80 21.51 20.47 20.23 19.03 18.04
traj-122:
35.44 33.53 33.06 32.77 31.53 30.11 28.78 28.51 27.25 27.38 27.64 28.02 27.97 27.41 26.73 26.29 24.81
19.54 19.53 19.46 19.52 19.76 20.58 21.97 22.25 23.50 25.37 26.65 28.35 30.31 31.99 33.86 34.95 36.24
traj-123:
37.77 36.94 35.48 33.75 33.05 31.55 30.29 28.86 27.73 27.94 28.21 28.05 28.00 27.81 27.60 27.61 27.85 28.30 28.86 28.08 26.91 25.21 24.05 22.58 21.05 20.96 19.84 18.54
19.01 19.02 19.06 19.12 19.12 19.16 19.05 18.42 18.02 17.96 16.09 14.55 13.46 12.00 10.29  9.40  7.49  7.10  6.28  4.68  4.51  4.31  4.44  4.62  4.81  4.97  6.49  6.69
traj-124:
37.99 36.10 35.80 33.93 33.63 31.70 30.87 29.60 28.48 26.66 24.77 23.08 21.86 20.46 19.08 18.25 16.70 15.04 13.62 12.63 10.91  9.19  8.15
20.94 21.16 21.18 21.30 21.35 21.78 21.89 23.35 24.52 24.19 23.80 23.82 23.86 23.92 23.94 23.90 22.75 21.92 21.11 20.61 19.82 19.18 18.89
traj-125:
36.93 35.52 34.70 32.71 31.26 30.67 29.55 29.48 29.45 29.41 29.50 29.69 31.10 31.98 33.20 33.58
21.53 21.64 21.70 21.84 21.94 21.98 23.45 24.89 25.74 26.89 28.63 30.07 31.31 32.04 33.46 33.93
traj-126:
36.42 36.14 34.30 32.39 31.72 30.55 29.56 29.26 28.74 28.29 28.05 27.84 27.39 27.41 27.07 26.14 24.67 23.19 22.02 20.27 19.23 17.66 16.26 15.38 13.78 12.53 10.72  8.92  7.33  6.19
19.43 19.53 20.04 19.82 19.35 19.12 18.31 16.94 15.07 13.24 11.44  9.56  8.08  7.14  5.44  4.07  4.15  4.31  4.48  4.57  4.74  5.20  5.77  6.92  7.96  6.85  6.13  5.81  5.61  5.57
traj-127:
36.55 35.03 33.14 31.96 30.36 29.90 29.61 28.07 27.26 27.07 25.37 24.64 23.48 21.56 19.79 18.62 17.11 15.81
19.70 19.48 19.40 19.29 19.57 19.64 19.71 20.61 21.96 22.46 23.29 23.40 23.66 24.12 23.86 23.93 23.55 22.74
traj-128:
33.79 32.00 30.55 28.91 28.77 28.30 28.18 27.98 27.87 27.71 27.67 27.02 25.27 23.61 22.39 21.58 19.76 18.84 17.42
20.32 19.73 19.36 20.13 20.40 22.21 22.80 24.23 25.52 27.33 29.08 30.87 31.61 32.24 32.77 33.05 33.82 34.45 35.47
traj-129:
35.21 34.72 33.33 31.67 31.60 30.32 29.17 28.86 28.91 28.80 28.48 28.40 28.28 28.21 28.11 27.80 27.65 25.89 24.45 23.56 22.11 21.22 19.85 18.26 16.50 15.18 13.82 12.15 11.03  9.26  8.60
19.09 19.20 19.50 19.76 19.83 19.72 18.97 18.35 17.14 15.67 13.88 12.18 10.42 10.13  8.22  6.50  4.75  4.11  4.19  4.26  4.35  4.39  4.50  4.54  5.02  5.07  5.23  5.43  5.27  5.11  5.06
traj-130:
35.75 35.30 33.32 32.09 30.26 30.03 28.13 27.77 27.68 27.05 26.04 24.37 22.99 21.08 19.34 18.35 16.65 15.36 13.71 12.84 11.39  9.53  8.11  7.57  6.23
19.96 20.23 20.28 20.16 20.04 20.24 20.28 20.77 21.50 23.39 23.71 24.16 24.09 24.11 23.58 23.25 22.36 21.14 20.27 19.74 19.37 19.66 20.92 21.49 22.80
traj-131:
36.46 34.47 33.30 31.77 30.80 29.30 28.78 28.23 27.43 27.21 27.03 25.95 25.14 23.67 23.43
21.41 21.61 21.72 21.89 21.97 22.83 24.71 26.33 28.01 29.41 30.59 31.67 32.47 33.56 33.73
traj-132:
35.26 34.46 32.85 31.02 29.59 28.75 28.45 28.15 28.00 27.84 27.40 27.13 27.01 26.16 25.59 24.11 22.93 21.21 19.37 19.02 17.20 15.92 14.97
19.97 19.86 19.74 19.26 18.36 17.18 15.21 13.26 12.16 10.90 10.04  8.15  6.35  4.93  4.93  4.93  4.92  4.86  5.60  5.75  6.54  7.22  7.61
traj-133:
35.53 35.11 33.15 32.30 30.32 29.25 28.16 27.11 25.75 25.45 23.54 23.27 21.38 19.48 18.16 16.50 15.34 13.79 12.97 11.53  9.79  8.14  6.42
19.58 19.34 19.13 19.13 19.32 19.48 21.08 22.47 23.89 23.88 23.92 23.89 23.96 23.85 23.82 23.08 22.42 21.33 20.72 19.45 19.48 19.53 19.72
traj-134:
33.82 32.14 31.29 29.74 29.10 28.14 27.37 27.20 27.19 27.23 27.58 27.78
21.41 21.74 21.92 22.74 23.60 24.89 25.66 26.68 28.23 29.64 31.54 32.65
traj-135:
36.94 35.40 33.49 32.99 31.64 30.57 28.99 27.83 27.39 27.40 27.27 27.29 27.28 27.45 27.66 27.72 25.98 24.49 22.99 21.24 20.52 18.74 17.46 15.91 14.12 12.85 11.13 10.24  8.47  7.51  6.06
20.09 19.99 19.92 19.91 19.90 19.42 18.50 17.88 16.01 14.84 12.95 12.08 10.91  9.30  7.75  5.82  5.00  4.99  4.98  4.99  5.52  5.88  6.28  6.66  6.87  7.25  7.63  7.58  7.16  6.75  6.20
traj-136:
34.62 33.43 32.56 30.61 29.84 28.66 27.58 26.79 25.27 24.01 23.11 21.31 19.33 19.08 17.29 15.86 14.16 14.61 15.41 16.81
20.76 20.55 20.46 20.03 20.37 21.13 22.16 23.51 24.19 24.29 24.24 24.15 24.33 24.33 24.33 24.11 23.10 21.65 20.62 19.22
traj-137:
37.27 36.97 36.54 34.75 33.69 31.77 31.20 29.61 27.96 27.14 27.36 27.40 27.17 27.12 26.30 26.21 25.71 23.92 22.85
19.46 19.48 19.92 20.67 20.40 20.88 21.00 22.17 23.09 23.92 25.49 27.46 29.21 29.50 31.16 31.45 31.68 32.10 31.94
traj-138:
33.94 32.53 31.44 29.58 28.22 27.51 27.55 27.48 27.50 27.47 27.32 27.35 27.60 28.27 27.31 26.47 24.75 23.57 22.10 20.15 19.15 17.42 15.68 14.16 13.12 11.24  9.86  8.20
21.32 21.61 21.84 21.55 20.59 18.76 16.89 15.32 14.41 13.21 11.79 10.63  9.27  7.42  6.00  4.92  4.75  4.61  4.74  4.93  5.31  6.12  6.93  5.65  5.47  5.39  5.20  4.99
traj-139:
37.40 36.01 34.81 33.90 32.03 30.64 30.09 29.07 28.97 27.36 25.90 24.78 23.06 21.92 20.53 18.55 17.44 16.28 15.17 14.75 14.44 14.21 14.07
20.03 19.70 19.34 19.31 19.21 19.30 19.93 21.48 22.60 23.73 24.98 24.97 24.85 24.79 24.68 24.76 24.63 24.42 24.00 22.10 20.86 18.97 18.39
traj-140:
37.61 35.85 34.11 33.34 32.11 31.04 29.83 28.95 28.36 27.68 27.58 27.45 27.28 26.14
19.90 20.06 20.39 20.62 20.76 21.07 21.40 23.20 23.68 25.33 27.04 28.66 30.06 31.49
traj-141:
34.13 32.89 31.14 29.92 28.85 28.93 28.71 28.10 28.11 28.20 28.28 27.99 27.27 25.59 23.81 22.62 21.46 19.66 17.82 17.54 15.72 15.36
20.27 20.63 19.96 19.39 17.96 16.58 14.87 13.24 11.71  9.74  9.26  7.34  5.58  4.94  4.96  4.96  4.97  5.75  6.42  6.52  5.70  4.99
traj-142:
34.23 33.80 32.07 30.62 29.82 29.49 29.32 28.88 27.23 26.19 24.34 23.50 21.70 20.16 18.70 17.57 16.59 15.70
20.47 20.39 19.82 19.39 20.48 22.38 23.24 24.34 24.83 24.12 23.49 23.67 23.87 23.92 23.65 23.28 22.85 22.47
traj-143:
37.40 36.82 34.88 33.12 32.55 30.78 29.30 28.35 28.15 27.52 27.83 28.18 27.90 26.60 24.83 23.53 21.71 19.76 18.52 17.40 16.09 14.28 12.65 10.95 10.10  8.59  7.39
21.35 21.45 21.79 21.89 21.86 21.87 21.75 23.49 24.58 26.13 27.85 29.53 30.94 32.43 33.22 32.85 32.58 32.73 32.94 32.96 33.22 32.58 31.82 31.33 31.74 31.94 33.21
traj-144:
36.63 35.02 33.31 31.46 29.78 29.15 27.42 27.52 27.44 27.22 27.24 27.24 27.23 27.37 27.37 28.20 26.71 25.83 24.08 22.33 20.84 19.41 17.71 17.39 16.44 15.37 14.15 12.93 11.05 10.28  8.37  6.44  5.59
19.28 19.24 19.12 19.35 19.38 19.50 18.52 17.03 16.10 14.65 13.08 11.56  9.61  7.90  6.63  5.12  4.10  4.10  4.26  4.39  4.37  4.27  4.32  4.83  6.57  7.96  9.20  9.26  9.86  9.94 10.32 10.72 10.84
traj-145:
37.46 36.28 34.69 32.85 31.80 30.31 29.25 28.92 27.99 26.17 25.50 23.67 21.76 19.90 18.10 16.34 14.42 13.55 11.73 10.39  9.32  7.36  7.11
20.62 20.60 20.56 20.72 20.90 21.28 22.61 23.03 22.44 23.03 23.04 23.18 23.39 23.54 23.71 23.90 23.96 23.86 23.37 23.26 23.01 22.76 22.78
traj-146:
35.89 35.35 33.51 32.03 31.58 29.77 29.45 29.22 28.91 28.80 28.38 28.04 27.61 25.99 24.50 23.90 25.02 26.70 28.19 29.97 31.45 32.05
20.03 20.23 20.49 20.99 21.09 21.62 23.28 25.02 26.75 27.43 29.36 30.24 31.81 32.71 32.81 34.63 35.83 36.25 36.41 36.61 36.76 36.84
traj-147:
33.95 32.16 31.05 30.09 29.29 28.61 28.62 28.21 28.08 28.13 28.26 28.20 28.22 27.15 27.04 25.37 25.07 23.33 21.86 21.26 19.64 17.93 17.09 16.07
19.99 20.39 19.86 19.29 18.84 17.06 16.71 14.85 13.07 11.21  9.38  8.64  8.48  6.81  5.64  4.98  4.95  4.98  4.95  4.96  5.41  5.88  6.56  7.17
traj-148:
36.65 35.75 34.09 32.23 31.07 30.08 28.91 27.29 25.57 24.20 22.25 21.34 19.46 17.52 16.10 15.29
21.36 21.37 21.46 21.00 21.07 21.13 21.71 22.70 23.48 23.57 23.66 23.84 23.58 23.32 23.14 22.98
traj-149:
36.96 35.06 33.37 32.27 31.17 29.90 29.32 29.03 28.99 28.38 27.28 26.86 26.16 24.71 23.21 22.17 20.51 19.14
20.77 20.97 21.35 21.63 21.91 22.56 24.41 26.35 26.91 28.45 29.93 31.01 32.04 32.87 33.79 34.12 35.07 35.64
traj-150:
36.19 35.59 33.62 31.77 30.16 28.18 27.45 27.44 27.34 27.41 27.34 27.43 27.41 27.52 28.02 27.98 26.60 24.84 23.08 22.49 20.71 19.63 18.46 17.74 16.17 14.65 13.31 11.34 10.17
21.61 21.66 21.84 21.87 21.80 21.53 19.80 18.12 16.37 15.14 13.34 11.98 11.04  9.12  7.54  5.71  4.40  4.35  4.44  4.47  4.58  4.76  5.04  5.91  5.66  5.51  5.17  5.51  5.10
traj-151:
35.49 34.33 32.62 30.85 29.38 29.18 28.55 27.71 26.02 25.76 23.92 22.38 21.31 21.20 20.25 18.73 17.45 17.07 17.08
21.49 21.75 21.81 21.76 22.97 23.51 25.04 25.07 24.13 23.98 23.58 23.09 23.30 23.58 23.80 23.56 22.78 21.09 20.57
traj-152:
38.30 36.72 35.08 34.21 33.41 32.05 30.52 29.39 28.89 28.83 28.78 28.78 28.03 27.33 25.56 23.77 22.46 21.29 19.35 17.76 16.73 14.79 14.23
19.23 19.34 20.13 20.25 20.61 21.15 21.93 23.20 24.91 26.63 27.66 29.30 31.05 31.54 31.73 31.68 31.67 31.56 31.70 31.68 31.72 31.27 31.07
traj-153:
34.58 32.73 31.40 30.27 29.64 29.50 29.31 28.89 28.90 28.89 28.52 27.85 27.54 26.23 25.02 23.85 22.12 21.25 20.07 19.29 18.92 18.31 16.87
19.09 19.06 19.12 19.01 17.36 15.62 14.45 13.06 11.09 10.19  8.50  6.88  6.05  4.63  4.53  4.54  4.61  4.70  6.10  7.73  9.07  9.52  9.97
traj-154:
35.20 34.80 32.93 31.55 30.01 29.58 29.26 28.34 26.84 24.91 23.09 21.46 20.10 19.05 17.56 17.06 15.46 13.73 12.65 11.49 10.45
20.73 20.89 20.96 21.15 21.80 22.56 23.63 25.16 23.94 23.49 23.53 23.52 23.58 23.67 23.14 22.88 22.21 21.77 21.60 21.42 21.18
traj-155:
36.16 34.42 32.64 32.04 30.58 29.20 28.12 27.73 27.62 27.30 27.01 25.39 24.93 23.35 22.18 20.90 19.58 18.33 17.08 15.80 14.35 13.02 11.37
21.61 21.87 21.98 21.99 21.99 22.73 24.35 25.50 27.24 28.77 30.53 31.15 31.26 32.01 32.58 33.14 33.59 34.12 34.61 35.08 35.50 35.90 36.45
traj-156:
34.39 32.84 31.19 30.60 29.50 28.83 27.57 27.39 27.52 27.55 27.51 28.03 28.37 28.68 28.29 26.51 25.91 24.15 23.57 21.60 20.98 19.82 18.53 17.42 16.21
19.58 19.37 19.14 19.15 18.40 17.66 16.22 15.04 13.50 12.24 10.47  8.88  8.47  6.61  4.97  4.45  4.42  4.53  4.56  4.84  4.89  6.29  7.53  8.44  8.97
traj-157:
35.93 34.20 32.26 30.52 29.39 27.52 25.73 24.55 22.87 21.08 20.11 18.48 16.64 16.03 14.37 12.72 10.95 10.14
21.44 21.55 21.76 21.88 21.98 22.51 23.11 23.23 23.49 24.02 23.94 23.27 22.59 22.30 21.63 21.18 20.69 20.44
traj-158:
33.65 32.86 31.63 29.99 28.13 27.50 27.26 27.31 27.31 27.14 27.50 27.81 28.36 28.66 29.51 31.00 32.19
20.80 20.60 20.29 19.95 20.26 21.83 22.45 24.19 25.06 27.01 28.19 29.30 31.06 32.31 34.09 35.07 35.65
traj-159:
37.56 35.88 34.17 33.57 31.79 30.07 29.84 29.49 28.71 28.33 28.15 28.08 27.83 27.97 27.92 27.96 27.85 27.70 26.17 24.70 23.81 22.33 21.50 20.32 19.59 19.02 18.42
21.39 21.71 21.89 21.90 21.88 21.49 20.27 20.03 18.60 17.84 16.88 15.18 13.30 12.29 10.29  8.59  7.05  5.66  4.57  4.59  4.56  4.55  4.56  5.79  7.47  8.64  9.67
traj-160:
35.32 33.88 32.19 31.70 30.50 28.67 28.58 28.31 28.17 26.33 25.54 23.58 22.73 20.75 19.59 18.10 16.64 15.77 13.93 12.05 11.02  9.70  8.44  7.24  6.48
19.56 19.73 19.73 20.04 20.62 21.12 21.40 23.20 24.14 24.33 24.19 24.06 24.05 24.01 23.96 23.80 23.54 23.35 23.03 22.64 22.33 22.07 21.78 21.50 21.27
traj-161:
37.11 36.52 35.09 33.63 31.77 29.90 29.26 29.00 28.59 28.25 28.01 27.49 28.09 29.81 31.61 32.85
20.49 20.54 20.56 20.66 20.90 21.38 23.06 23.88 25.56 26.84 27.58 29.49 31.19 32.20 32.88 33.44
traj-162:
36.70 36.12 34.68 33.14 32.31 30.49 28.93 27.95 27.50 27.40 27.27 27.51 27.88 28.20 27.73 27.19 25.41 23.93 22.49 21.32 19.41 18.07
20.99 20.83 20.42 20.11 19.65 19.06 17.82 16.22 14.47 13.83 12.70 10.90  9.27  7.52  6.74  5.73  4.99  4.90  4.80  4.93  5.47  6.16
traj-163:
38.26 37.97 35.99 34.13 33.00 31.41 29.44 27.78 26.52 24.59 22.97 21.97 20.09 18.35 17.18 15.87 14.73 13.42 11.57  9.64  9.13
21.45 21.41 21.55 21.68 21.77 21.87 21.88 22.65 23.38 23.65 23.48 23.38 23.25 23.18 23.16 22.85 22.74 22.64 22.56 22.19 22.02
traj-164:
38.78 36.96 35.64 33.91 32.62 32.16 30.97 29.15 28.48 27.20 27.18 27.43 27.87 28.79 29.67 30.51 31.69
19.44 19.35 19.21 19.13 20.46 20.82 21.71 21.78 23.57 24.82 26.22 28.15 29.89 31.21 31.79 32.50 33.28
traj-165:
36.99 35.28 33.44 32.76 31.27 30.32 28.82 27.04 27.12 27.18 27.22 27.25 27.26 27.26 27.38 27.62 27.41 26.63 24.82 23.36 21.88 20.27 19.24 18.17
20.55 20.16 19.77 19.69 19.33 19.08 18.29 17.47 16.29 15.13 13.73 12.34 10.50  9.12  8.41  6.43  5.87  4.65  4.22  4.33  4.43  5.52  5.96  6.54
traj-166:
33.74 31.99 30.28 29.52 28.17 27.04 25.35 23.61 21.74 20.22 19.65 18.06 16.96 15.58 14.13 12.29 11.00  9.26  8.99
21.09 20.54 20.03 20.44 21.42 22.67 23.37 23.39 23.29 23.13 23.14 23.13 22.84 22.51 21.65 21.12 21.03 20.22 20.14
traj-167:
33.90 33.32 31.59 31.33 29.82 28.98 28.80 28.63 28.46 28.14 27.72 26.75 25.28 23.41 23.11 21.23 20.00 18.03 17.24 15.80 14.13 12.93 12.51
19.07 19.19 20.03 20.18 21.45 23.21 24.71 26.18 27.61 28.66 30.39 31.03 32.28 32.20 32.19 32.10 32.13 32.20 32.31 32.56 33.02 34.25 34.67
traj-168:
38.01 36.54 34.85 32.98 31.24 29.54 28.67 28.22 27.85 27.67 27.44 27.36 27.28 27.22 26.15 25.85 24.10 22.91 21.46 20.17 19.80 18.70 16.86 14.98 14.12 12.50 11.02
19.33 19.31 19.29 19.20 19.05 18.01 16.27 14.37 12.44 11.56  9.97  8.71  7.25  5.28  4.01  4.05  4.14  4.18  4.23  4.33  4.76  4.96  5.60  5.96  6.24  6.75  7.19
traj-169:
36.80 35.88 33.99 32.25 30.58 29.32 27.92 27.18 25.74 24.09 22.69 21.75 19.83 18.50 17.02 16.78 15.33 13.77
20.75 20.78 20.95 21.28 21.60 21.97 22.67 23.07 23.53 23.94 23.97 23.91 23.72 23.46 22.62 22.44 21.22 20.87
traj-170:
35.61 34.75 33.11 31.97 31.09 29.88 29.79 29.81 29.70 29.55 29.35 29.26 29.20 29.12 27.15 25.52 24.78 23.29 22.04 20.57 19.36 18.95
19.52 19.37 19.19 19.20 19.43 21.01 21.92 22.78 24.75 26.31 28.03 29.47 30.60 31.89 31.87 31.68 32.05 32.71 33.43 33.93 34.83 35.54
traj-171:
35.39 34.23 32.59 30.87 29.44 29.18 28.78 28.30 27.96 27.74 27.46 27.26 27.19 27.17 27.19 27.02 26.54 24.81 23.34 21.86 20.78 20.47 19.62 17.89 17.10 15.28 14.44 13.16 11.36  9.73  8.21  6.24
21.33 21.55 21.84 21.82 20.98 19.32 17.56 15.80 14.26 13.24 11.89 10.81  8.82  8.33  6.61  4.92  4.90  4.69  4.72  4.87  6.19  7.31  8.57  8.22  8.07  7.91  7.82  7.70  7.64  7.61  7.42  7.29
traj-172:
36.49 34.61 32.69 31.01 29.43 27.94 26.51 24.79 23.33 21.62 21.32 19.52 18.13 17.28 15.86 14.14 12.19 10.68  9.28  7.86  6.22
20.66 20.64 20.66 21.15 21.88 22.79 23.99 23.81 23.74 23.91 23.94 24.05 24.03 24.02 24.07 24.02 23.63 23.21 22.77 21.82 20.69
traj-173:
34.05 34.35 32.62 30.86 29.10 27.47 27.50 27.77 27.99 28.00 28.31 28.38 28.35 28.37 28.60
21.69 21.62 20.75 20.90 21.33 21.98 23.53 24.76 25.79 27.37 29.16 30.99 31.56 33.14 34.85
traj-174:
35.83 35.56 33.71 32.29 30.74 29.37 28.91 28.38 27.88 27.81 27.40 27.39 27.46 27.31 27.19 27.21 25.61 24.44 22.98 21.78 20.79 19.99 19.11 18.82
20.93 21.08 21.68 21.76 21.60 21.00 19.19 17.47 16.30 15.10 13.71 11.75  9.85  8.29  6.70  5.05  4.78  4.79  4.90  5.00  5.54  6.98  8.56  9.03
traj-175:
35.69 34.24 33.67 32.24 30.46 28.62 27.03 25.17 24.65 22.69 21.66 20.17 18.44 16.84 16.43 15.84 16.23
21.24 21.55 21.65 21.90 21.87 22.42 22.96 23.48 23.43 23.51 23.62 23.62 23.71 23.03 21.57 20.17 18.63
traj-176:
33.97 32.72 31.08 29.60 29.38 28.49 27.69 27.41 27.20 27.16 27.08 26.79 25.13 23.32 21.72 20.16 18.66 17.58 16.21 14.46 12.74 11.14  9.64  9.06
21.15 21.12 21.08 22.20 22.76 24.51 25.62 27.35 27.96 28.25 30.01 31.72 32.82 32.09 31.27 32.07 32.71 32.55 32.34 31.96 31.71 32.70 33.85 34.74
traj-177:
37.41 35.82 34.09 32.22 30.42 30.12 28.66 28.46 28.42 28.41 28.07 28.01 27.95 28.02 28.67 28.82 28.63 26.80 25.04 23.58 22.71 20.73 19.68 18.73 16.85 15.14 13.87 12.01 11.78
20.13 20.45 20.81 20.49 20.12 20.14 18.81 17.93 16.33 14.84 13.18 12.22 10.26  9.42  7.59  7.01  5.09  4.30  4.21  4.34  4.44  4.63  4.72  4.81  4.82  4.80  4.75  4.46  4.27
traj-178:
35.93 34.35 33.33 31.53 30.51 29.13 28.62 27.81 26.52 24.60 22.70 20.96 19.85 18.06 16.99 17.12 17.29
20.36 20.20 20.02 19.46 19.58 20.97 21.95 23.24 23.62 23.55 23.21 24.03 24.09 23.62 22.31 20.84 18.89
traj-179:
36.01 34.62 33.80 32.11 30.70 28.83 27.66 27.73 27.70 27.76 27.85 27.89 27.72 27.85 27.81
20.72 21.22 21.52 21.91 21.99 21.69 22.72 24.58 25.52 26.77 28.66 29.81 31.45 32.99 34.79
traj-180:
35.07 34.84 32.93 31.80 30.10 29.99 29.40 28.77 28.50 27.82 27.45 27.12 27.12 27.10 27.14 27.20 27.29 25.52 24.67 23.48 21.73 20.21 18.60 16.62 14.65 12.98 12.41
21.22 21.40 21.84 21.78 20.79 20.51 20.28 18.45 17.69 15.83 14.19 13.02 11.39 10.28  8.39  6.65  4.72  4.75  4.77  4.78  4.67  4.56  4.51  4.52  4.41  4.25  4.17
traj-181:
36.65 35.81 34.05 32.86 30.90 29.23 28.79 27.13 25.34 23.61 22.55 20.93 19.03 17.09 15.45 13.64 12.40 10.93  9.31  7.76  6.37  5.46
21.52 21.71 21.94 21.94 21.89 22.80 23.35 24.32 24.12 23.85 23.75 23.59 24.12 24.09 24.10 23.68 23.28 22.71 21.89 21.12 20.30 19.76
traj-182:
36.75 34.87 33.15 31.27 29.59 29.33 28.63 27.94 28.05 28.30 27.73 27.58 27.10 25.76 24.30 22.60 22.01
20.21 20.48 20.70 21.04 21.76 22.30 23.92 25.77 27.34 28.53 30.08 30.62 32.31 33.49 34.27 34.54 34.60
traj-183:
38.56 38.02 36.06 34.29 32.55 30.81 29.58 29.38 28.21 27.40 27.07 27.93 28.01 28.21 28.22 28.26 28.32 28.22 28.21 28.13 27.95 27.54 26.63 25.20 24.32 22.86 21.10 20.85 19.80 19.03 17.77 17.11 15.51 14.54
21.27 21.38 21.78 21.86 21.85 21.95 23.47 23.70 24.93 24.30 22.94 21.15 19.88 17.92 17.33 15.38 14.06 12.44 11.27  9.77  8.60  6.67  4.96  4.29  4.43  4.66  4.91  5.26  6.57  7.10  8.14  8.72  8.93  8.98
traj-184:
34.39 33.09 31.32 29.73 28.71 27.16 25.83 24.13 23.84 22.00 20.73 19.44 18.56 16.83 15.32 14.29 13.05 12.11 10.31
19.67 20.15 20.70 21.32 22.66 23.85 24.09 23.85 23.78 24.05 23.84 23.78 23.68 23.42 22.59 22.00 21.44 20.97 20.18
traj-185:
35.60 34.28 32.38 31.10 29.29 28.46 28.20 27.76 28.21 28.74 29.19 29.30 29.70 28.90 27.16 26.28 24.29
20.27 19.84 19.42 19.53 19.44 20.91 21.41 23.35 24.80 26.49 28.15 28.43 30.17 31.80 32.12 32.07 32.18
traj-186:
37.94 36.51 35.06 33.25 31.82 29.99 28.92 28.45 27.73 27.06 27.08 27.31 27.35 27.54 27.55 27.57 27.68 27.42 26.09 24.64 23.74 21.78 20.65 19.39 18.41 16.91 16.44
19.56 19.84 20.26 20.06 19.73 19.31 18.35 17.84 16.68 15.09 14.79 12.97 12.14 10.18  8.94  8.16  6.19  5.81  4.66  4.65  4.71  4.89  6.53  7.88  9.36  9.16  8.79
traj-187:
38.92 38.62 36.67 34.99 33.88 32.20 30.79 29.76 29.54 29.52 28.11 28.03 27.09 26.92 25.39 23.80 21.93 19.95 18.17 16.32 15.40 14.39
19.16 19.21 19.51 20.31 21.27 21.65 21.91 23.02 24.95 25.55 26.97 26.68 25.13 24.88 24.14 23.97 24.05 24.21 24.25 23.60 23.05 22.46
traj-188:
38.23 36.61 35.57 34.37 32.44 31.43 30.05 28.62 28.16 27.75 27.48 27.61 28.46 28.18 26.76 25.45 23.86 24.25 25.13
20.00 19.96 19.93 19.94 19.83 19.95 20.29 20.89 22.35 24.12 25.34 27.18 28.94 30.81 31.96 32.79 33.77 35.60 36.18
traj-189:
36.91 35.67 34.62 32.88 30.95 29.61 29.51 28.96 28.62 28.36 28.03 27.74 27.28 27.10 26.12 24.94 23.23 22.94 21.17 20.27 19.12 17.82 16.92 15.54 14.09 13.23
20.53 20.27 20.00 19.56 19.19 18.16 16.98 15.23 13.49 11.60 10.00  8.36  7.27  6.61  4.90  4.84  4.73  4.70  4.73  4.74  6.09  6.98  7.60  8.63  9.66 10.31
traj-190:
37.81 35.90 34.24 32.49 30.74 29.48 28.47 26.99 25.77 23.93 22.29 21.10 20.14 18.88 17.78 17.28 16.98 15.24 13.47 11.55 10.13  9.48
20.90 21.43 21.90 21.94 22.00 23.35 24.57 24.16 23.80 23.28 23.08 23.15 23.29 23.32 22.67 21.63 19.71 19.53 19.88 20.07 19.73 18.25
traj-191:
33.96 32.07 31.50 30.12 28.95 28.27 28.48 28.23 28.66 28.97 28.96 27.70 26.63 25.69 23.81 22.64 21.18 20.45 19.16 17.53 16.50 14.80
20.90 21.40 21.56 21.93 23.47 24.67 25.98 27.40 28.95 30.87 32.64 33.61 33.70 33.46 33.07 32.94 32.50 32.16 32.45 32.80 32.93 33.07
traj-192:
38.42 37.43 35.85 34.17 32.62 31.44 31.15 29.82 28.89 28.64 28.43 28.00 27.69 27.25 27.05 27.04 27.01 26.36 24.47 22.70 21.54 20.29 18.50 16.90 15.05 14.07 12.39 11.38  9.65
20.74 20.70 20.53 20.49 20.33 19.35 19.26 18.11 16.44 15.57 14.22 12.55 11.38  9.70  8.17  6.19  5.51  4.45  4.55  4.56  4.64  4.90  5.47  6.12  6.60  7.01  7.73  8.23  9.06
traj-193:
37.99 36.57 34.66 33.62 32.29 30.80 30.64 28.98 27.51 26.41 24.94 23.08 21.46 19.60 17.99 17.81 16.38
21.65 21.88 21.86 21.89 21.91 21.92 22.17 22.86 23.00 23.07 23.17 23.43 23.70 23.99 22.88 22.64 21.34
traj-194:
36.05 34.50 32.53 30.82 30.52 29.20 27.78 27.85 28.13 28.43 28.55 27.87 26.84 26.20 24.62 23.03 21.36 19.52 17.75 17.46
21.04 21.60 21.86 21.90 21.88 22.55 23.61 25.19 26.33 27.51 28.51 30.17 31.04 31.79 32.01 31.78 31.53 31.33 31.09 31.02
traj-195:
35.57 34.51 33.04 31.65 30.25 29.64 28.80 28.25 28.06 27.72 27.48 27.42 27.56 27.53 27.28 27.30 27.34 26.91 25.97 24.25 22.33 21.63 20.00 18.69 17.06 16.54
21.13 20.91 20.57 20.04 19.35 18.97 17.50 16.48 15.29 13.37 12.17 11.16 10.57  9.76  7.88  5.99  5.65  4.94  4.52  4.56  4.66  4.71  5.45  6.12  6.96  7.26
traj-196:
38.55 37.13 36.27 34.33 32.58 30.84 29.02 28.18 26.87 24.94 23.57 22.36 20.59 18.81 16.95 15.16 13.29 12.08 11.07  9.25
21.24 21.36 21.48 21.76 21.95 21.90 21.88 22.41 23.04 23.48 23.65 23.49 23.56 23.60 23.11 22.64 22.02 21.59 21.02 20.20
traj-197:
34.25 32.85 31.21 29.82 29.07 28.52 28.38 28.81 28.27 26.73 25.29 23.55 22.98 21.60 20.05 18.72 16.76 15.52
20.91 21.23 21.46 22.77 24.55 26.37 27.90 29.49 31.29 32.49 32.72 32.41 32.25 31.80 31.48 31.46 31.60 32.20
traj-198:
34.71 34.33 32.39 31.85 30.35 29.35 27.75 27.35 27.46 27.28 27.60 27.68 27.84 27.87 27.96 28.05 28.30 28.17 26.46 24.96 23.82 22.94 21.20 19.49 18.23 17.02 15.20 14.94 13.20 11.24
19.94 19.98 19.59 19.58 19.83 20.10 19.38 18.31 16.55 14.85 13.38 12.11 11.02 10.51  8.65  8.08  6.55  4.66  4.57  4.35  4.30  4.25  4.56  5.25  6.36  6.68  7.18  7.34  7.64  7.88
traj-199:
38.22 37.00 36.32 34.62 34.17 32.42 31.06 29.44 28.14 26.24 25.62 24.06 22.96 21.06 19.51 18.73 16.91 15.26 14.25 12.66 10.88  9.95  8.10
19.05 19.24 19.48 20.14 20.52 21.27 21.50 22.45 23.89 23.37 23.53 23.12 23.27 23.72 23.95 23.92 23.66 23.13 22.80 22.20 21.51 21.23 20.79
traj-200:
37.89 36.73 35.60 34.15 32.39 31.22 30.36 29.11 28.95 29.15 28.96 28.94 28.64 28.02 26.96 25.33 24.90 22.99 21.11 20.22 18.55 17.12 15.27 14.52 12.67 10.86
21.57 21.70 21.83 21.87 21.90 21.90 21.88 22.65 23.46 25.30 27.29 28.07 29.62 30.60 32.26 32.61 32.74 33.13 32.63 32.49 32.09 31.89 31.80 31.63 31.62 31.41
traj-201:
38.36 37.55 36.36 35.16 33.38 32.10 30.74 29.13 28.56 28.83 28.79 28.62 28.14 28.08 27.47 27.26 27.22 27.06 27.03 25.30 24.41 22.93 21.74 20.42 19.22 18.30
20.85 20.67 20.47 20.18 19.95 20.10 19.89 19.58 18.22 16.73 15.52 13.90 12.06 10.17  8.54  8.21  6.41  5.74  4.02  4.16  4.20  4.27  4.32  5.22  6.13  7.00
traj-202:
36.29 35.00 33.43 31.67 29.91 28.81 28.00 26.65 25.87 24.07 23.65 21.94 20.29 18.36 17.64 17.29
21.78 20.91 20.85 21.16 21.46 22.27 22.56 23.11 23.13 23.51 23.53 23.67 23.36 23.61 22.40 21.13
traj-203:
34.77 35.60 33.96 32.09 31.49 29.50 28.53 27.95 27.57 28.41 29.31 29.49 29.68 31.32 31.83 33.56
21.70 21.44 20.66 20.77 20.77 20.79 22.48 23.01 24.81 26.22 27.69 28.88 30.04 31.11 31.38 32.19
traj-204:
39.06 37.19 35.41 34.11 32.65 31.33 29.74 29.34 28.87 28.85 28.58 28.20 27.89 27.61 27.34 27.19 26.15 24.69 23.51 21.62 20.57 19.32 17.83 16.94 15.81
20.68 20.49 20.27 19.93 19.57 19.48 18.32 17.25 15.71 15.21 13.34 12.10 10.75  9.11  7.83  6.33  4.75  4.72  4.64  4.69  6.24  7.70  7.86  8.17  9.06
traj-205:
37.37 35.97 34.57 33.86 32.16 30.26 29.97 28.62 28.32 26.35 24.99 23.38 21.53 21.12 19.57 17.96 16.45 15.16 13.65 12.45 11.38
20.49 20.27 20.58 20.78 21.26 21.82 21.89 23.14 23.09 23.06 23.05 23.17 23.38 23.52 24.06 23.37 22.26 22.07 21.57 20.20 18.71
traj-206:
38.71 37.00 35.39 34.49 32.98 31.00 29.68 28.11 27.42 27.26 27.30 27.36 27.39 27.39 27.29 26.66 25.91 25.60 25.77
19.55 19.31 19.39 19.42 19.36 19.46 19.47 20.08 21.14 22.98 24.96 26.91 28.77 30.25 30.83 32.13 33.39 35.21 35.45
traj-207:
37.20 36.90 36.54 36.49 35.99 34.41 33.46 31.90 30.63 28.84 28.70 28.64 28.40 28.17 28.15 28.07 27.72 27.44 27.71 28.01 27.17 26.80 25.03 24.45 22.72 21.83 20.21 18.84 17.92 17.16 15.54 13.74 13.47
19.01 19.06 19.18 19.33 19.41 20.11 20.42 20.94 21.23 21.29 20.17 19.05 17.47 16.03 14.73 12.94 11.31  9.66  8.28  6.56  5.34  4.85  4.65  4.66  4.69  4.74  5.59  6.53  7.19  7.65  7.67  7.01  6.88
traj-208:
36.14 35.03 33.27 31.80 30.90 29.29 28.46 27.30 26.10 24.30 22.56 20.81 19.16 17.42 15.96 14.96 14.31
21.70 21.80 21.84 21.91 21.85 20.80 20.58 22.19 23.59 24.09 23.99 24.17 24.39 24.51 24.26 23.65 21.82
traj-209:
37.50 36.13 34.73 33.87 32.37 30.60 29.46 29.40 29.34 29.26 29.23 29.20 28.74 26.92 25.14
21.72 21.78 21.88 21.94 21.96 21.84 22.66 24.41 26.13 27.91 29.39 29.96 31.68 32.40 33.31
traj-210:
37.58 35.69 34.37 32.41 30.97 29.52 28.55 28.07 27.17 27.08 27.31 28.04 28.56 27.82 27.54 26.26 24.49 23.03 21.25 20.34 18.80 18.03 16.95 15.43 14.89 12.98 12.26 10.90  9.32  8.03  7.41
20.04 20.00 19.93 19.60 19.20 18.16 16.54 16.45 14.91 13.59 11.67  9.91  8.29  6.77  6.15  4.89  4.75  4.87  4.89  5.50  6.74  7.61  8.85  9.97  9.61  9.66  9.56  9.17  8.89  7.37  6.43
traj-211:
37.66 35.77 33.84 32.04 31.40 30.01 28.58 27.88 26.96 25.20 23.82 22.98 21.39 20.60 19.19 18.10 16.67 15.34 13.92 12.61 11.28 10.37
19.85 19.68 19.60 20.24 20.33 21.08 22.32 22.22 23.75 23.97 24.03 23.99 23.97 23.97 24.01 24.01 22.84 21.46 20.51 19.68 19.86 19.92
traj-212:
38.78 37.15 35.71 34.84 33.10 31.92 30.63 29.75 29.50 29.14 28.63 28.34 28.98 29.14 28.83 27.11 25.93 24.76 22.91 21.11 20.06 18.19 17.91 16.11 15.11 13.66 12.97
21.49 21.83 21.88 21.83 21.84 21.88 21.91 23.19 24.05 25.17 26.90 28.34 30.14 30.83 32.62 33.57 33.42 33.25 33.00 32.59 32.40 32.76 32.86 33.61 34.05 35.38 36.02
traj-213:
36.32 36.58 35.07 33.34 32.23 30.39 29.83 29.10 29.04 28.99 28.81 28.69 28.49 28.05 27.58 27.13 25.34 25.04 23.29 22.11 20.98 19.41 18.00 17.13 15.67
21.65 21.50 20.55 20.15 19.72 20.01 19.72 18.38 17.62 15.82 13.94 12.04 10.25  8.34  6.60  5.21  4.48  4.44  4.56  4.67  4.73  4.77  4.77  4.78  4.86
traj-214:
37.49 36.92 35.16 34.86 33.16 31.45 30.85 29.16 27.98 27.19 25.30 24.46 22.66 20.91 20.36 18.41 18.15 16.36 14.66 13.97 12.05 10.35  9.54  8.33  6.94
21.62 21.77 21.94 21.90 21.90 21.95 21.97 21.79 22.14 22.57 23.14 23.09 23.19 23.26 23.19 23.44 23.29 22.52 22.29 22.13 21.97 21.70 21.60 21.40 21.22
traj-215:
35.75 34.41 32.64 30.67 28.92 28.30 27.78 27.77 27.84 27.86 28.35 28.48 27.44 26.95 25.04 23.56 22.60 20.94 19.01 17.59 16.71
20.52 20.30 20.10 20.36 20.67 21.93 22.77 24.68 26.15 26.73 28.67 30.63 32.06 32.54 32.98 32.26 31.73 31.90 32.22 33.03 33.06
traj-216:
35.08 33.41 31.51 30.43 29.28 29.15 29.01 28.79 28.36 28.04 27.57 27.49 27.19 27.02 26.05 24.60 22.84 21.15 19.42 17.45 16.28 15.03 13.43 11.72 10.24  8.64
19.90 19.59 19.29 19.09 18.35 16.48 14.49 12.73 12.45 11.66  9.72  8.70  7.16  6.22  4.85  4.82  4.82  4.99  5.51  5.80  6.11  6.43  6.91  7.15  7.41  7.80
traj-217:
37.01 35.27 33.48 33.18 31.38 29.57 28.10 27.21 26.27 25.38 23.76 21.97 21.09 19.15 18.02 16.39 14.63 13.56 12.55 10.84  9.36  8.56  6.69
19.22 19.37 19.55 19.48 19.55 20.11 20.61 22.24 23.14 23.18 23.29 23.17 23.13 23.32 23.35 23.02 22.92 22.89 22.82 22.60 22.11 21.92 21.49
traj-218:
36.77 35.24 33.57 31.60 30.73 29.31 29.11 28.46 28.21 27.31 27.58 27.57 26.58 25.30 23.97 22.98 21.83 20.07 18.26 16.38 14.53 12.89 11.45 10.08
20.48 21.26 21.61 21.84 21.94 23.00 24.13 25.89 26.27 27.53 29.44 30.04 31.65 32.16 32.18 31.96 31.71 31.98 32.13 32.28 32.57 33.09 33.64 34.15
traj-219:
37.44 35.75 34.08 32.81 31.48 30.29 28.96 28.52 28.17 27.76 27.50 27.49 27.35 27.03 27.07 25.30 24.13 22.37 21.77 19.96 19.16 17.60 15.77 15.12 13.37 11.80  9.84  8.41
20.84 20.48 20.22 20.02 19.66 19.22 17.84 16.86 14.95 13.39 11.72 10.98  9.31  7.50  5.71  4.93  4.95  4.94  4.96  4.99  5.35  5.73  5.87  5.98  6.28  6.38  6.46  7.47
traj-220:
35.27 34.59 32.97 31.29 30.72 29.51 29.20 28.90 27.37 26.19 24.40 22.64 20.72 19.45 18.45 16.59 15.25 13.39 12.27 11.07 10.22
20.12 20.50 21.47 21.80 21.94 23.33 24.75 26.11 24.91 24.26 23.99 23.61 23.50 23.59 23.60 23.14 22.08 21.45 21.11 20.65 20.48
traj-221:
36.48 35.43 33.55 31.72 29.78 29.52 29.44 29.39 29.29 29.27 28.38 28.12 27.49 26.97 26.00 24.63 23.30 22.56 20.85 19.17 17.74 16.13 15.85
20.87 20.83 20.83 20.93 21.33 22.20 23.62 24.76 26.44 27.03 28.61 29.06 30.90 32.25 32.72 33.37 34.06 34.51 35.10 35.53 35.88 36.45 36.55
traj-222:
38.28 37.48 36.20 34.69 33.25 32.56 30.70 29.51 29.41 28.19 27.83 26.83 27.35 27.51 27.88 28.11 28.51 28.79 29.04 29.14 29.14 29.05 28.78 28.47 27.95 27.22 25.32 23.89 22.14 21.84 20.46 18.55 16.75 14.91 12.97 12.01
20.89 20.85 20.86 20.83 21.10 21.26 21.95 23.41 23.93 25.45 24.61 23.10 21.44 20.68 19.11 18.32 16.70 15.57 14.13 13.54 12.08 10.31  8.87  7.75  6.05  4.82  4.30  4.26  4.36  4.42  5.30  5.75  6.41  6.70  6.92  7.07
traj-223:
35.85 34.09 32.38 30.90 29.35 28.53 28.13 27.86 26.02 24.20 22.46 20.49 18.50 16.99 15.48 13.90 12.31 10.39  9.84
19.32 19.32 19.17 19.18 19.56 20.75 22.29 23.03 23.79 23.94 23.93 23.90 23.96 23.74 23.31 23.19 23.23 23.06 22.87
traj-224:
35.98 34.69 33.45 32.73 31.26 30.45 29.35 28.75 28.64 28.47 28.16 28.09 27.35 26.23 24.88 23.49 21.61 20.92 19.13 17.43 15.72 15.53
20.79 20.47 19.88 19.69 20.72 21.21 22.85 23.79 25.26 26.62 28.54 28.83 30.64 31.70 32.09 32.36 32.48 32.43 32.52 32.58 33.57 35.44
traj-225:
34.47 33.61 32.12 31.26 29.75 28.69 27.51 27.21 27.26 27.25 27.33 27.43 27.45 27.61 27.70 27.82 28.08 28.15 26.42 24.65 22.89 20.95 19.79 18.92 17.73 16.29 15.07 13.23 11.58  9.90  8.24  7.16  5.74
21.80 21.87 21.87 21.85 21.75 21.70 20.75 19.40 17.54 16.21 14.96 13.83 12.09 10.63  9.52  7.83  6.81  5.43  4.62  4.54  4.71  4.99  6.01  6.65  7.76  8.70  9.57 10.19  9.98  9.29  8.57  8.16  7.57
traj-226:
37.07 35.12 33.39 31.41 29.73 28.88 27.68 25.71 25.15 23.35 22.04 20.68 18.73 17.45 15.73 14.34 13.90
21.61 21.76 21.80 21.94 22.91 24.14 23.99 23.76 23.62 23.32 23.61 23.80 23.55 23.13 22.43 21.34 20.94
traj-227:
37.51 35.84 34.02 33.44 31.69 30.76 29.79 29.28 29.03 28.70 28.38 28.09 27.87 26.24 24.72 22.79 21.07 20.49 18.62 17.52 15.82 15.44 13.86 12.29 12.15 11.34
19.78 19.49 19.24 19.17 20.01 21.12 22.20 23.68 25.64 27.36 28.74 30.68 32.61 33.14 32.88 32.44 31.92 31.78 32.24 32.84 32.82 33.05 34.14 34.95 35.68 36.37
traj-228:
36.77 35.45 34.42 32.52 30.56 29.20 29.22 28.63 28.05 27.71 28.00 28.13 28.11 28.00 27.24 26.07 25.24 24.06 22.32 21.42 20.81 20.41 19.57 18.74 16.97 15.64 14.12 12.29 10.95  9.14
19.80 19.70 19.61 19.29 19.04 18.23 17.45 15.57 13.84 12.74 11.45  9.86  9.22  7.65  6.26  4.69  4.81  4.84  4.90  4.93  5.82  7.74  8.74  8.56  7.98  6.62  6.18  5.46  4.89  4.04
traj-229:
36.96 35.61 33.86 32.67 30.69 29.10 28.43 27.51 25.76 23.93 22.31 20.40 19.05 17.46 17.28 15.84 14.68
19.21 19.14 19.16 19.19 19.37 20.14 21.41 23.14 23.85 23.62 23.73 23.90 23.93 22.91 22.67 21.30 20.17
traj-230:
34.32 32.44 31.36 29.98 29.82 29.79 29.72 29.67 29.72 30.36 32.14
20.97 21.57 21.93 22.66 24.43 25.85 27.25 28.13 29.29 31.12 31.56
traj-231:
36.12 34.40 32.91 30.99 29.25 28.88 27.84 27.70 27.77 27.73 27.57 27.48 27.37 27.46 27.45 27.57 28.02 26.66 25.34 24.47 22.72 21.83 20.71 19.59 19.26 17.68 16.50 15.60 14.12 12.82
21.76 21.93 22.00 22.00 22.87 23.34 21.79 20.01 18.81 16.82 14.95 13.56 11.68  9.69  9.06  7.10  5.84  4.41  4.23  4.15  4.35  4.53  5.16  5.84  6.03  7.01  7.33  8.14  8.22  8.32
traj-232:
37.00 35.31 33.32 31.53 30.63 28.98 27.65 25.71 24.72 23.46 22.65 21.13 19.22 18.62 17.19 15.39 14.22 12.77 11.11  9.85  8.71  6.78  5.60
21.80 21.81 21.89 21.93 21.95 22.71 23.37 23.59 23.72 23.83 23.90 24.00 24.37 24.40 24.28 23.64 22.95 22.29 21.32 21.42 21.49 21.72 21.22
traj-233:
34.10 32.16 30.64 29.40 28.02 27.71 27.66 27.47 27.13 27.57 27.80 28.47 30.18 30.97
19.50 19.31 19.40 20.31 21.26 22.65 23.25 25.00 26.54 28.32 29.46 31.19 31.69 31.83
traj-234:
34.59 33.11 31.73 30.86 29.58 28.11 27.95 27.63 27.15 27.26 27.35 27.45 27.37 27.48 27.11 25.34 24.19 23.90 22.46 20.98 19.30 18.86 17.87 17.31 15.56 14.02 12.31
20.92 20.48 20.07 19.73 19.50 18.62 17.78 15.91 14.99 13.03 11.44  9.73  8.60  6.80  4.98  4.17  4.39  4.46  4.69  4.68  5.34  6.08  7.77  8.69  9.11  9.39  9.76
traj-235:
39.04 38.21 36.61 34.95 34.47 32.74 30.96 29.45 29.24 28.11 26.16 24.46 23.44 21.92 20.69 19.14 17.31 15.46 13.66 12.00 10.90  9.40  8.54  7.46  5.96
19.74 20.10 20.77 21.50 21.62 21.89 21.87 22.82 23.38 24.52 24.38 24.23 24.06 24.03 23.93 23.88 23.81 23.94 24.04 24.16 23.86 23.44 23.20 22.89 22.55
traj-236:
34.32 33.87 32.39 31.00 29.57 29.15 28.96 29.06 29.21 28.19 26.46 24.56 22.76 21.89 20.35 18.69 17.32 15.47 13.61 12.26 11.61 11.27 11.19
20.14 20.39 21.22 21.68 22.92 24.58 26.51 28.31 29.45 31.08 31.93 32.21 32.88 32.91 33.08 33.14 32.40 31.81 31.61 32.36 33.53 35.36 35.65
traj-237:
37.38 36.50 34.84 33.11 31.94 30.81 29.26 28.76 28.11 27.84 27.67 27.39 27.39 27.17 27.24 27.48 26.56 24.95 24.36 22.59 21.73 20.56 19.20 17.46 16.38 14.55 14.25 12.33 10.60  8.73  7.40  5.89  4.10
21.01 21.13 21.29 21.56 21.70 21.95 20.82 18.98 17.28 16.75 14.86 12.97 12.09 10.15  8.28  6.50  4.84  4.62  4.63  4.81  4.92  5.77  6.89  7.39  7.86  8.42  8.48  8.70  8.85  8.85  8.82  8.80  8.80
traj-238:
37.14 35.49 34.66 33.09 31.19 29.30 28.02 27.01 25.75 24.91 22.97 21.15 19.15 17.77 15.88 14.36 12.60 10.86 10.52  9.29  8.08
20.66 20.67 20.64 20.66 20.69 20.88 22.25 22.89 23.46 23.58 23.61 23.32 23.26 23.27 23.03 22.99 22.82 22.44 22.04 21.16 19.84
traj-239:
34.20 32.78 31.00 29.49 28.46 28.35 27.85 27.53 27.28 25.48 24.80 23.18 21.48 19.87 18.03 16.06
21.66 21.83 21.97 22.75 24.33 26.07 27.95 29.85 30.40 31.02 31.15 31.40 32.05 32.40 32.73 33.02
traj-240:
35.77 34.14 32.47 30.65 29.15 29.00 28.64 28.37 28.29 28.02 27.82 27.70 27.43 27.38 27.26 27.01 25.83 24.34 22.57 21.97 20.74 20.30 19.96 18.95 17.59 15.65 14.50 13.43 12.12 10.66  9.05  8.03  7.01  5.93
19.36 19.36 19.32 19.34 18.15 17.24 15.58 14.18 12.72 11.42  9.64  8.66  6.90  6.55  5.95  4.08  4.06  4.13  4.21  4.26  4.53  6.25  7.06  7.06  6.84  6.41  6.06  5.79  5.50  5.20  4.80  4.55  4.31  4.10
traj-241:
38.08 36.78 35.72 33.77 31.91 30.76 29.14 28.26 27.58 26.03 24.23 22.60 20.71 19.40 17.88 16.97 16.38
19.90 19.56 19.62 19.50 19.35 19.23 20.28 21.84 22.70 23.51 23.60 23.83 23.99 24.20 23.55 22.45 21.57
traj-242:
37.42 36.89 34.92 34.46 32.58 31.54 29.98 28.11 28.60 28.74 28.68 28.47 28.34 28.10 27.25 26.12 25.08 23.38 21.52
20.30 20.24 20.11 20.23 20.60 20.62 20.58 20.79 22.29 24.08 26.05 27.75 28.57 30.31 31.30 31.60 31.93 31.78 31.49
traj-243:
34.86 33.53 31.88 30.45 28.85 27.55 27.57 27.40 27.10 27.14 27.08 27.05 27.07 27.03 25.28 23.50 22.34 20.89 19.15 18.30 16.59 15.32 14.27 13.42 12.00 10.30 10.02
19.24 19.42 19.65 19.00 18.24 17.24 15.85 14.98 13.14 11.41  9.56  8.03  6.95  5.62  4.91  4.78  4.82  4.88  4.85  4.95  4.59  4.88  5.96  6.57  7.53  8.25  8.34
traj-244:
38.35 36.95 35.10 33.48 31.62 30.59 29.75 29.60 29.33 28.28 27.57 26.68 26.30 24.54 23.72 22.00 20.58 19.46 17.49 16.34 15.93
19.97 20.14 20.37 20.82 21.36 21.77 23.38 24.38 26.09 27.46 25.81 24.64 24.25 24.03 24.03 23.97 24.01 24.02 24.11 23.87 22.73
traj-245:
34.83 33.57 31.98 31.50 30.10 29.00 28.46 28.36 28.98 29.00 29.40 29.72 30.77 32.08 32.95 33.77
19.34 19.15 19.32 19.54 20.10 21.34 23.03 24.52 26.31 28.05 29.92 30.73 31.71 32.88 33.71 34.44
traj-246:
37.13 35.98 34.47 34.03 33.09 31.15 29.65 29.29 28.79 28.16 27.35 27.51 27.54 28.24 28.56 28.12 27.24 25.91 24.14 22.97 21.24 20.19 19.16 18.60
21.09 20.51 19.95 19.76 19.40 19.01 18.20 17.43 16.37 14.86 13.30 12.54 10.71  9.02  8.12  6.41  5.40  4.95  4.78  4.80  4.79  6.03  7.74  8.82
traj-247:
35.32 34.73 34.38 32.64 31.70 30.42 29.82 29.48 29.05 28.74 27.86 27.09 25.29 23.37 21.67 19.70 17.93 16.23 14.52 13.39 11.73 10.67  8.70  6.73
19.04 19.08 19.49 20.25 20.86 21.67 22.66 23.90 25.29 26.65 26.10 24.95 24.14 24.10 24.16 24.22 24.19 24.15 23.30 23.00 22.64 22.63 22.86 23.08
traj-248:
33.63 31.96 31.07 29.42 29.45 29.41 29.42 29.46 29.48 29.47 29.26 29.26 27.87 27.01
21.48 21.88 21.96 22.93 24.40 26.40 27.59 28.74 29.93 31.72 33.41 35.40 36.47 36.68
traj-249:
36.68 35.82 34.67 33.51 32.65 30.88 29.90 29.36 28.84 28.34 28.06 27.93 27.73 27.61 27.36 27.23 27.16 25.18 23.44 21.68 21.48 19.95 19.19 18.83 18.80 17.79
21.20 21.30 21.41 21.48 21.59 20.73 19.32 17.52 15.98 14.41 12.49 12.02 10.48  8.54  6.80  5.24  4.56  4.43  4.71  4.88  5.11  6.34  7.55  9.50  9.80 10.73
traj-250:
35.80 34.09 32.50 31.53 29.92 28.20 27.07 26.24 25.30 25.00 23.27 21.38 20.04 18.91 17.21 16.92 15.78 14.61 14.70
19.32 19.69 20.16 20.44 20.99 21.66 22.59 23.46 23.85 23.83 23.77 23.86 23.84 23.83 22.94 22.53 21.07 19.52 19.08
traj-251:
36.16 34.66 33.29 32.27 31.92 30.74 30.12 28.92 28.66 28.29 28.18 27.61 27.60 27.21 25.54 24.83 22.98 21.55 20.43 18.90 18.36 16.71 15.44 14.44 12.70 12.37
19.88 19.59 19.32 19.38 19.77 20.95 21.20 22.61 24.53 25.99 26.59 28.47 29.22 31.04 32.09 32.24 32.33 31.97 31.85 31.98 32.09 32.69 33.18 33.40 34.15 34.47
traj-252:
34.40 32.71 31.70 29.76 28.58 27.80 27.41 27.45 27.43 27.44 27.36 27.45 28.13 28.28 27.67 25.81 24.92 23.75 22.03 21.45 19.70 18.68 17.89
21.58 21.84 21.86 21.68 20.86 20.05 18.13 17.27 15.60 14.71 12.74 10.81  9.03  7.45  5.61  4.92  4.93  4.95  4.88  4.92  5.58  6.10  7.66
traj-253:
36.96 36.22 34.41 33.60 32.22 30.58 29.41 28.59 27.15 25.41 23.98 22.57 20.99 19.64 18.22 16.69 15.61 14.57 14.13
19.39 19.73 20.41 20.87 21.32 21.88 23.33 24.67 24.71 23.90 24.01 23.92 23.90 23.97 23.87 22.87 21.47 19.87 18.20
traj-254:
38.70 36.83 34.88 34.13 32.16 31.95 30.66 29.55 28.83 28.77 28.73 28.86 28.66 27.42 25.63 24.61 22.80 20.90 19.27 17.68 16.14 14.32 12.87 12.30 10.45  8.68
19.14 19.31 19.36 19.40 19.47 19.69 20.99 22.23 24.08 24.49 26.23 28.10 29.55 31.11 31.18 31.27 31.29 31.30 31.31 31.17 32.02 32.19 32.47 32.62 32.99 33.03
traj-255:
36.49 34.60 33.37 31.63 29.75 29.00 28.49 27.82 27.42 27.20 27.24 27.46 27.72 27.75 27.98 27.71 27.03 26.34 24.36 23.49 22.35 20.79 19.98 19.12
21.53 21.69 21.84 21.93 21.65 20.59 18.83 17.33 15.88 14.13 13.24 11.78  9.98  8.85  8.37  6.78  5.54  4.19  4.08  4.16  4.20  4.45  6.14  7.84
traj-256:
34.82 34.61 32.74 31.23 29.42 29.15 27.79 27.32 26.10 25.01 24.25 22.81 21.99 20.03 19.19 17.60 16.94 15.93 14.96 14.61
19.14 19.35 19.64 19.93 20.75 20.87 22.01 22.38 23.19 23.52 23.70 23.88 23.88 23.95 23.91 22.97 22.36 20.80 19.62 19.18
traj-257:
33.85 32.93 31.36 30.36 29.26 29.55 29.70 29.81 29.93 29.92 29.84 29.71 29.48 27.72 26.50 24.62 23.25 21.83 20.80 19.20 18.61 16.87 15.00 14.29
20.86 20.32 19.61 19.15 20.51 22.30 23.49 24.38 26.15 27.54 29.25 30.96 32.11 32.61 32.53 32.39 32.31 32.49 32.52 32.55 32.75 33.60 34.21 34.64
traj-258:
38.77 38.32 36.96 35.24 33.81 32.02 31.12 29.36 28.70 28.14 27.63 27.46 27.35 27.25 27.17 27.13 27.14 27.09 27.05 26.10 24.62 22.85 21.08 20.78 19.67 18.71 17.06 15.50 14.01 13.14 11.21 10.63  8.71  7.05  5.30
19.99 20.25 20.90 21.46 21.69 21.71 21.65 21.40 20.15 19.17 17.29 16.39 14.84 13.77 12.16 11.31  9.62  7.81  6.53  4.79  4.82  4.92  4.87  5.06  6.42  8.09  8.73  9.67 10.17 10.09 10.02 10.12 10.20  9.85  9.33
traj-259:
37.12 35.58 34.36 32.97 31.07 29.26 28.54 27.16 26.43 24.65 22.68 21.21 20.13 18.59 17.84 16.46 15.47
19.82 19.66 19.32 20.74 21.14 21.68 23.21 24.35 24.27 24.05 24.01 24.05 24.11 23.68 23.41 23.23 22.99
traj-260:
36.31 36.01 34.26 33.16 31.28 29.64 28.89 28.73 28.41 28.34 28.21 27.21 26.07 25.51 24.51 22.75 22.06 20.43 18.67 16.82 15.27 13.46 11.83
20.33 20.33 20.50 20.69 21.32 21.77 23.46 24.61 26.11 28.09 29.07 30.03 31.14 31.34 31.58 31.83 31.84 31.57 31.23 31.28 31.58 31.74 31.78
traj-261:
38.15 36.89 35.02 33.70 32.11 30.56 29.91 29.43 29.44 29.42 29.46 29.44 29.44 29.29 28.13 27.07 26.22 24.27 23.98 22.09 20.49 19.19 17.87 15.90 14.98 13.11 11.91  9.96  9.66  7.84
19.31 19.37 19.48 19.32 19.25 19.15 18.74 17.23 16.63 14.84 13.47 11.57 10.14  8.97  7.36  5.93  4.67  4.51  4.57  4.67  4.75  5.08  5.13  5.40  5.37  5.23  5.28  5.33  5.34  5.25
traj-262:
35.35 33.68 31.92 30.45 28.98 28.73 26.88 25.25 23.86 22.21 20.97 19.28 17.32 15.91 14.74 13.30 11.53 10.81  9.03  8.25
21.65 21.81 21.92 21.89 22.96 23.25 23.87 23.57 23.31 23.68 23.86 24.00 24.09 23.51 23.09 23.17 22.66 22.64 22.66 22.72
traj-263:
38.47 36.79 34.99 33.15 31.99 30.90 29.22 28.77 28.15 26.87 26.62 27.15 27.18 27.70 28.23 29.04 30.58 31.73 32.52
19.70 19.65 19.35 19.14 19.10 19.07 20.09 21.15 22.26 23.68 23.84 25.59 27.31 28.97 29.71 30.72 31.53 32.07 32.54
traj-264:
36.34 34.92 32.93 31.49 30.41 29.65 29.32 28.99 28.68 28.44 28.33 27.95 27.31 27.05 27.06 26.13 25.83 24.08 22.91 21.05 19.97 18.39 17.34
21.77 21.70 21.82 21.78 21.00 19.39 18.75 17.26 15.72 14.28 12.91 11.35  9.82  8.38  6.39  4.73  4.77  4.68  4.59  4.89  4.79  4.58  4.76
traj-265:
36.55 35.67 33.88 33.58 31.63 30.73 29.15 28.92 28.22 26.24 25.68 23.92 22.20 20.49 18.57 17.39 15.40 14.28 13.08 11.44  9.54  8.23
21.77 21.90 21.95 21.94 21.98 21.99 22.87 23.07 23.14 23.36 23.57 23.70 23.94 24.04 23.97 24.03 23.97 23.91 23.67 23.24 22.66 22.55
traj-266:
36.37 35.53 34.26 33.32 31.46 29.89 28.30 28.00 27.21 27.22 27.38 27.55 27.60 27.62 27.38 26.25 24.29 23.99 22.29 21.41 19.96 18.65 17.92
20.99 20.89 20.80 20.68 20.15 19.58 18.75 18.77 20.38 22.35 24.27 25.11 27.01 28.51 30.09 31.12 31.35 31.32 32.25 32.66 33.29 33.40 33.58
traj-267:
38.04 36.25 34.38 33.08 31.21 29.70 28.96 28.78 28.62 28.22 27.96 27.68 27.62 27.31 27.07 26.09 24.32 23.15 21.37 20.19 18.41 17.16 16.14 14.36 13.44
19.80 19.65 19.55 19.43 19.19 18.02 16.37 15.12 14.29 12.49 11.17  9.83  9.29  7.62  6.51  4.80  4.81  4.83  4.88  4.93  5.52  6.26  6.83  7.68  8.13
traj-268:
37.68 37.38 35.40 35.06 33.17 32.65 30.82 29.55 28.65 28.15 27.38 25.72 24.91 23.57 22.03 21.27 19.99 18.60 17.84 16.41 15.50 13.76 13.57 11.85 11.03  9.48
20.26 20.29 20.51 20.56 20.86 20.93 21.49 22.29 23.18 24.09 24.56 24.34 24.23 24.21 23.99 23.95 23.92 23.58 23.42 22.46 22.12 21.48 21.39 20.74 20.54 19.68
traj-269:
35.17 33.76 33.19 31.30 30.51 29.52 28.50 28.71 28.21 27.27 27.62 28.25 28.71 28.95 29.87
20.16 20.46 20.58 20.93 21.31 21.91 23.46 24.55 26.38 27.68 29.14 30.50 32.31 34.03 35.56
traj-270:
37.18 35.55 34.47 32.76 31.08 30.19 28.92 28.26 28.45 28.18 28.57 28.91 28.55 28.07 28.07 27.72 25.91 24.18 22.69 20.94 20.06 18.94 17.11 15.76
19.57 19.52 19.57 19.56 20.23 20.08 18.65 17.62 15.66 14.07 12.66 11.06  9.41  8.00  7.32  5.42  4.93  4.99  4.99  4.96  6.59  7.83  7.38  7.26
traj-271:
38.40 37.32 35.46 33.98 32.55 31.09 30.49 28.73 28.63 26.97 25.79 23.84 21.99 20.34 19.64 18.22 17.03 15.91
21.20 21.52 21.87 21.89 21.95 21.97 21.97 21.94 22.10 23.05 23.57 23.25 23.16 23.16 23.23 23.05 22.10 21.08
traj-272:
36.01 34.96 33.14 31.24 29.98 29.79 29.28 28.92 28.05 27.98 27.74 27.98 28.64 30.12 31.50 32.40 33.63
19.16 19.23 19.62 20.19 21.73 22.59 24.24 24.72 25.97 26.31 28.26 28.77 30.06 31.14 31.80 32.30 32.82
traj-273:
33.68 31.82 30.33 29.21 28.75 28.19 27.97 27.49 27.28 27.18 27.19 27.19 27.17 25.42 23.65 21.94 20.30 19.89 18.66 16.80 15.03 13.58
19.03 19.10 19.14 18.43 16.89 15.41 14.04 12.90 11.21  9.51  8.35  7.12  5.35  4.55  4.69  4.89  5.83  6.50  6.42  6.53  6.57  6.59
traj-274:
35.39 33.76 32.68 30.73 29.78 29.30 28.98 27.12 26.17 24.24 22.27 20.71 19.07 17.48 16.63 14.81 14.51 12.79 10.97 10.07  8.25  7.96
20.99 21.37 21.64 21.96 22.51 24.33 25.10 24.89 23.87 23.91 23.79 23.72 23.32 22.34 21.18 21.72 21.68 21.94 22.34 22.39 22.63 22.71
traj-275:
38.33 36.57 35.41 33.93 33.05 31.66 30.51 29.32 28.99 28.82 29.01 29.14 29.38 28.48 26.91 26.48 24.67 24.26
21.78 21.91 21.93 21.95 21.95 21.93 21.95 23.37 25.22 26.38 28.08 28.96 30.83 32.40 32.61 32.76 32.59 32.43
traj-276:
38.80 37.86 36.79 34.89 33.28 31.32 30.46 28.59 28.48 27.62 27.32 27.23 27.13 27.13 27.19 27.14 27.09 27.16 27.54 26.53 24.64 22.87 21.53 20.51 20.10 19.58 17.81 15.84 14.18 13.21 11.93 11.22 10.29  9.56
20.21 20.35 20.56 20.88 21.09 21.26 21.40 20.92 20.64 18.95 18.17 16.88 15.01 14.45 12.53 10.65  9.17  7.93  6.28  4.76  4.49  4.51  4.81  6.48  7.85  8.78  8.75  8.71  8.77  8.77  7.25  7.10  5.92  4.32
traj-277:
39.09 37.57 36.55 35.23 33.51 32.23 31.45 29.47 28.00 26.86 25.06 24.47 24.21 23.91 23.49 21.75 20.39 18.50 16.83 15.60 14.81
19.39 19.31 19.27 19.38 20.06 20.23 20.27 20.39 21.57 22.80 23.50 23.59 23.73 23.78 23.91 23.91 23.92 23.78 23.13 21.71 20.74
traj-278:
36.09 34.75 34.02 32.68 30.89 29.87 29.57 29.16 28.58 28.82 28.71 28.66 28.14 27.13 25.21 23.32 23.02 21.14 19.45 19.18 17.31 15.90 13.96 12.78
19.18 19.40 19.53 19.68 19.84 21.38 23.32 24.71 26.37 27.76 29.67 30.49 32.19 32.49 32.99 33.35 33.36 32.68 32.19 32.27 32.30 32.38 32.48 32.54
traj-279:
38.40 37.23 35.48 34.34 32.86 31.39 29.91 29.69 29.49 29.35 29.36 28.75 28.77 28.66 28.64 28.56 28.38 28.22 27.25 25.38 24.50 22.74 21.89 20.58 19.36 19.57 19.85
21.55 21.67 21.92 21.91 21.88 21.81 21.64 20.16 18.81 17.25 16.65 14.84 13.10 11.35 10.76  9.30  7.53  6.65  5.21  4.52  4.58  4.73  4.75  5.72  6.89  8.44  9.12
traj-280:
35.58 34.03 32.08 30.34 29.07 28.71 27.60 26.46 24.64 22.79 21.62 20.69 18.71 16.92 16.06 14.58 13.06 11.75
19.97 19.70 19.46 19.55 20.85 21.31 22.79 23.01 23.35 23.65 23.62 23.41 23.59 23.53 23.53 22.95 22.09 21.16
traj-281:
38.46 36.56 35.19 33.50 33.21 31.43 30.66 29.52 28.93 28.36 28.75 29.03 28.45 27.85 26.85 27.25 27.59
19.52 19.49 19.46 20.26 20.32 20.66 21.56 23.16 24.82 26.39 28.18 29.87 31.59 32.11 33.75 34.75 35.71
traj-282:
37.19 36.19 34.61 33.31 32.52 31.94 30.19 28.59 27.48 27.28 27.17 27.13 27.30 27.42 27.47 27.68 27.66 27.23 27.24 26.25 24.78 23.01 22.71 20.98 19.08 18.42 17.29 16.68
20.55 20.39 20.66 20.85 21.10 21.32 20.99 19.83 18.59 17.05 15.47 14.73 13.55 11.99 10.82  8.84  8.54  6.67  6.37  4.80  4.70  4.61  4.62  4.76  5.36  5.77  6.86  7.51
traj-283:
37.24 35.37 33.81 32.21 30.69 29.86 28.10 26.71 24.79 23.49 21.88 20.65 19.70 18.17 17.29 15.49 14.19 12.77 11.83 11.17 10.13  9.48
20.95 20.82 20.66 20.81 21.37 21.66 22.53 23.01 23.31 23.24 23.27 23.25 23.26 23.26 23.40 23.28 22.10 21.09 20.26 19.75 18.90 18.36
traj-284:
39.12 37.13 35.53 34.31 32.41 32.25 30.41 29.68 28.25 27.75 27.74 27.57 28.05 27.72 27.30 25.67 24.95 23.14 21.59 21.10 19.53
19.23 19.22 19.44 19.51 19.71 19.96 20.54 20.65 21.93 22.85 24.78 26.49 28.31 30.25 31.18 31.92 31.93 31.63 31.36 31.28 31.52
traj-285:
38.98 37.60 36.11 35.97 34.09 33.19 31.36 30.43 28.86 28.20 28.40 28.81 29.03 29.05 28.96 28.69 28.14 28.03 27.12 25.98 24.25 23.38 21.67 20.66 19.26 17.48 16.56 14.87 12.89 11.22 10.26  8.39
21.09 21.31 20.32 20.38 20.08 19.73 19.43 19.19 18.04 16.33 14.70 12.96 12.09 10.33  8.57  8.15  6.29  6.01  4.44  4.48  4.69  4.76  4.77  6.02  7.42  7.73  7.96  8.16  8.24  8.38  8.36  8.34
traj-286:
37.37 36.89 35.12 34.14 32.78 30.78 29.42 27.76 27.40 26.55 24.84 22.92 22.44 20.58 18.90 17.00 16.29 14.90 13.32 11.94 11.27  9.82
20.12 20.00 19.50 19.38 19.40 19.36 20.35 21.45 22.22 23.89 23.98 23.80 23.86 23.98 24.10 23.76 23.51 22.94 22.30 21.43 20.99 20.11
traj-287:
38.95 37.10 35.31 34.02 32.15 30.44 30.25 28.87 28.61 27.17 27.62 27.90 27.97 28.00 27.10 26.24 25.12 24.00 22.97 21.17 20.23 18.82 16.92 15.25 14.23 13.23
19.25 19.36 19.62 19.68 19.67 20.31 20.54 21.95 22.10 23.26 24.97 26.79 27.70 29.23 30.52 31.69 33.19 32.50 32.33 32.23 32.31 32.53 32.67 32.12 32.06 32.05
traj-288:
34.66 33.09 31.52 29.81 29.39 28.98 28.99 28.79 28.72 28.37 28.25 28.21 27.88 27.28 25.58 25.28 23.57 21.84 20.61 19.98 18.99 18.18 16.46 14.78
20.91 20.32 19.80 19.28 17.73 16.92 15.31 13.53 12.34 10.46  9.19  7.22  6.39  5.04  4.27  4.30  4.44  4.68  6.05  6.96  8.45  9.68 10.27  9.69
traj-289:
34.97 33.79 31.83 30.18 29.14 27.73 26.90 25.24 24.35 22.43 21.56 20.10 19.29 17.79 15.89 14.20 12.40 10.66  8.72
19.30 19.45 19.75 20.47 21.30 22.13 23.20 24.15 24.13 23.99 23.93 23.80 23.68 23.61 23.61 23.50 23.48 23.40 23.10
traj-290:
34.48 32.62 32.19 30.45 28.96 28.50 28.01 28.06 28.03 27.68 27.38 27.01 25.50 24.38 23.55 21.68 20.04 18.31 16.43 14.77
21.43 21.75 21.83 21.93 22.97 24.52 25.85 27.34 28.03 29.83 29.89 31.00 31.48 32.05 32.16 32.03 31.91 31.89 31.55 31.23
traj-291:
37.87 37.58 35.98 35.44 33.63 32.00 30.10 29.48 28.49 28.23 28.08 27.37 27.33 27.30 27.34 27.55 28.25 28.61 27.76 26.12 25.53 23.76 22.89 20.96 20.18 19.87 18.92 18.11 16.21 15.42 13.84 11.89 10.20
20.94 20.84 20.27 20.06 19.53 19.60 19.04 18.39 16.71 16.35 15.38 13.51 11.81 11.28 10.25  9.28  7.56  6.75  5.25  4.34  4.41  4.60  4.70  4.83  5.26  5.90  7.38  9.00  9.46  9.64 10.01 10.36 10.68
traj-292:
35.16 33.91 33.05 32.47 30.99 29.19 29.13 27.59 26.25 24.34 23.21 22.84 21.12 19.46 18.19 16.22 14.45 13.40 11.63 10.53 10.27  9.63
19.10 19.22 19.64 19.63 20.09 20.79 20.84 22.04 23.09 23.46 23.70 23.72 23.93 23.97 23.99 24.15 23.72 23.51 23.06 21.54 21.02 19.56
traj-293:
37.96 36.24 35.64 33.88 33.28 31.80 29.91 28.89 28.32 28.54 28.49 28.36 28.53 29.32 30.16 31.43 31.06 29.92 28.04 26.17 25.59
21.75 21.93 21.92 21.87 21.86 21.82 21.98 22.51 24.22 26.20 27.48 28.98 29.46 30.79 31.46 33.00 34.19 35.19 35.65 36.23 36.37
traj-294:
34.51 32.74 31.35 29.62 28.35 28.35 28.21 27.71 27.28 27.12 27.19 27.15 27.12 27.20 26.02 25.44 23.67 21.75 20.19 19.34 18.22 16.38 14.77 13.30 11.81 10.43
19.89 19.74 19.50 18.57 17.18 16.88 16.39 14.48 13.11 11.22 10.93  9.13  7.15  6.39  4.84  4.77  4.69  4.76  5.58  5.86  6.27  6.32  6.49  6.59  6.63  6.89
traj-295:
37.11 35.38 33.60 31.92 30.47 29.79 28.61 28.29 27.81 26.02 24.87 23.75 21.78 19.84 17.86 16.16 14.72 13.16 11.87 11.36
20.56 19.71 19.11 19.25 19.56 20.33 21.54 22.90 23.96 24.75 24.73 24.67 24.69 24.48 24.28 23.95 23.50 22.77 22.08 21.38
traj-296:
33.81 32.44 30.56 28.87 28.57 27.47 27.46 27.56 27.43 27.40 27.22 26.78 24.94 23.10 22.05 20.13 18.92 17.00 15.09 13.32 12.11 10.47  8.79  7.78  7.04
21.61 20.65 20.67 20.87 20.87 22.46 22.76 24.67 26.52 28.32 30.15 31.63 31.76 32.07 32.23 32.48 32.83 33.35 33.45 33.26 33.35 33.48 34.06 34.98 35.70
traj-297:
38.75 36.81 34.95 33.67 31.70 29.95 28.71 28.15 28.00 27.65 27.84 27.44 27.36 27.38 27.40 27.20 27.11 26.29 24.49 22.72 20.92 18.99 17.17 15.88 14.06 12.83
21.29 21.54 21.75 21.80 21.70 21.51 21.28 19.58 17.95 16.23 14.73 13.44 11.60 10.07  9.14  7.71  5.83  4.32  4.40  4.45  4.41  4.26  4.42  4.59  4.56  4.60
traj-298:
34.35 33.04 31.32 29.46 27.87 26.18 25.61 23.89 22.08 20.44 19.47 17.78 16.05 15.38
19.45 20.41 20.95 21.63 22.69 23.12 23.30 23.43 24.05 23.88 23.74 23.25 22.42 21.92
traj-299:
37.23 36.93 34.99 34.22 32.59 30.91 30.34 28.93 29.17 29.42 29.60 29.65 29.71 29.74 30.42 30.91 32.14 32.81 33.86
19.21 19.25 19.25 19.35 19.49 20.27 20.93 22.10 23.68 25.16 26.85 27.44 29.23 30.10 31.91 32.57 33.88 34.37 35.32
