traj-0:
21.72 20.20 18.47 16.73 15.14 14.61 13.36 12.45 11.03  9.98  8.61  7.45  6.05  5.20
 1.92  2.65  3.11  3.39  3.75  4.31  5.70  6.51  7.80  8.91  9.00  9.08  9.14  9.20
traj-1:
22.08 21.86 22.05 21.91 21.65 21.33 21.03 20.46 20.73 20.90 21.48 19.72 19.18 17.59 16.43 15.26 13.66 12.08 11.21
 1.75  3.70  5.66  6.69  8.28 10.18 11.00 12.77 14.38 14.95 16.65 17.46 17.49 17.36 17.49 17.70 17.96 17.86 18.06
traj-2:
21.76 21.65 21.54 21.46 21.43 21.46 21.64 21.40 21.58 21.68 22.12 22.28 22.23 22.14 22.11 22.07 22.28 23.43 24.57 26.57 27.42 29.31 30.89 32.30 32.95
 1.41  2.64  4.42  6.36  7.39  8.71 10.64 12.57 14.47 15.61 17.26 18.70 19.89 21.79 23.59 24.94 26.48 27.07 27.14 27.18 27.09 27.17 27.50 28.37 29.24
traj-3:
20.89 20.36 19.12 17.95 16.49 15.61 14.45 12.83 11.82 10.94  9.55  8.00  6.65
 1.47  2.64  3.04  3.22  3.40  3.52  3.74  4.46  4.90  5.35  6.00  4.90  3.72
traj-4:
21.51 21.54 21.56 21.64 21.84 21.87 21.86 21.66 21.44 21.41 20.91 20.53 19.18 17.71 16.91 15.47 13.84 12.26 11.51 10.21
 0.89  1.47  3.37  5.29  7.25  9.07 10.40 11.58 13.38 13.98 15.46 16.24 17.39 17.67 17.80 17.85 17.97 18.40 18.54 18.63
traj-5:
21.16 21.51 21.94 22.04 22.21 22.29 22.33 22.40 22.05 21.64 21.01 21.44 21.95 22.06 22.07 22.09 22.18 22.90 23.15 24.02 25.19 26.37 28.08 29.81 31.37 32.75 34.08 34.60 35.27 35.29 35.51 35.57 35.69
 0.92  2.12  3.38  4.05  6.04  8.01  9.41 11.35 13.30 15.18 16.96 18.53 19.64 21.20 22.68 23.25 25.21 26.96 27.12 27.23 27.31 27.36 27.42 27.44 27.75 28.00 28.62 29.05 30.81 31.11 32.86 33.16 33.44
traj-6:
21.65 21.70 21.43 19.80 18.65 17.78 16.60 14.80 13.08 12.79 11.00  9.39
 0.69  2.31  3.97  3.63  3.44  3.27  3.19  3.47  3.48  3.56  4.05  4.46
traj-7:
20.53 21.38 22.06 22.03 22.13 21.97 21.99 21.92 21.85 21.75 21.64 21.21 19.47 18.03 17.17 15.72 14.57 12.69 11.88 11.10  9.74  8.79  7.64  6.71  5.67
 0.69  2.14  3.94  4.24  6.17  8.02  9.40 10.27 12.16 13.45 15.44 17.07 17.53 17.27 17.26 17.20 17.21 17.36 18.99 19.94 20.30 20.66 21.05 21.37 21.75
traj-8:
20.76 20.94 21.12 21.19 21.21 21.15 21.19 21.29 21.83 22.07 22.16 22.14 22.17 22.12 22.14 22.08 22.10 23.78 24.63 25.21 26.65 28.11 29.53 30.94 31.06 31.75 31.48 31.63 31.67 31.57 31.53 31.49 31.36 31.29 31.19 31.09 31.03 30.94
 1.63  3.56  5.05  5.91  7.68  9.62 10.95 12.70 14.60 15.98 17.25 18.71 18.95 20.74 22.64 24.63 26.06 27.08 27.29 27.39 27.63 27.87 28.31 27.14 26.86 25.31 24.30 22.51 20.60 18.97 17.24 15.35 13.97 12.74 11.04 10.14  8.82  7.16
traj-9:
21.58 20.64 19.21 17.46 15.70 14.07 13.10 12.09 10.84 10.38  8.86  7.25
 0.92  2.27  3.28  3.23  3.43  3.69  4.17  4.71  5.58  5.86  6.28  5.29
traj-10:
22.74 22.28 21.94 21.84 22.03 22.10 21.95 21.87 21.89 21.27 20.08 18.28 16.80 15.62 14.73 13.29 11.47 10.39  8.92  8.27
 1.75  2.44  4.22  6.12  7.61  9.57 10.60 12.45 13.81 15.56 16.92 17.03 17.08 17.12 17.18 17.29 18.03 17.67 17.29 17.11
traj-11:
21.85 21.86 22.01 22.00 21.98 21.97 21.98 21.99 22.12 22.17 22.20 22.24 22.25 22.20 22.14 21.91 22.86 23.85 25.60 27.33 28.50 29.94 30.08 30.42 30.75 31.19 31.67 31.87 32.32 32.86 33.47
 1.98  3.29  5.22  6.92  7.37  9.21 10.88 12.41 13.98 15.87 17.59 19.46 20.36 22.11 22.83 24.80 26.50 27.15 27.34 27.48 27.50 26.16 25.26 23.76 22.09 20.27 18.53 17.57 15.65 13.78 11.89
traj-12:
22.21 21.74 20.24 19.07 17.63 16.19 15.03 13.84 13.21 12.03 10.35  8.58  8.10  6.63
 1.80  2.12  3.29  3.43  3.60  3.81  3.95  5.17  5.53  6.46  6.74  7.39  7.03  6.29
traj-13:
20.54 21.32 21.74 22.05 22.23 22.36 22.35 22.21 22.23 22.01 21.15 20.38 20.06 18.15 16.68 16.11 14.48 12.80 10.82 10.22
 0.56  2.30  3.27  5.22  6.08  7.48  9.19 10.89 12.08 14.02 15.65 16.09 17.63 17.51 17.47 17.46 17.61 18.40 18.46 18.45
traj-14:
21.86 21.90 21.72 21.72 22.08 21.99 22.04 22.14 22.26 22.24 22.18 22.26 22.35 22.23 21.56 21.20 20.90 22.26 23.36 24.52 25.70 27.47 29.15 31.00 32.74 34.06 35.32 35.87
 1.67  2.85  4.32  6.30  8.24  9.94 11.82 13.57 15.02 15.62 17.40 18.79 20.51 22.28 24.03 24.66 26.48 27.03 27.05 27.08 27.10 27.15 26.97 26.63 26.48 26.49 25.01 23.32
traj-15:
21.78 21.48 20.03 18.56 16.80 15.36 14.15 13.91 12.30
 1.61  2.73  3.77  3.91  3.93  3.95  4.65  4.82  5.41
traj-16:
21.14 21.63 22.25 22.17 22.11 22.07 22.14 21.94 21.47 21.28 21.63 22.06 21.18 19.38 18.03 16.26 14.50 13.05 12.18
 0.59  2.06  3.15  5.08  6.38  7.45  9.03 10.88 12.57 13.29 14.93 16.52 18.16 17.65 17.71 17.63 17.51 18.33 19.60
traj-17:
20.51 20.88 20.94 21.00 21.06 21.16 21.25 21.53 22.02 22.13 22.19 22.25 22.22 22.18 22.13 22.10 22.55 22.78 23.43 24.92 26.66 27.82 29.59 30.14 30.29 30.49 30.80 31.10 31.25 31.38 31.49 31.62 31.75 31.96 32.13
 1.76  3.35  4.96  6.52  7.65  9.44 10.58 12.56 14.47 16.28 18.22 19.11 19.68 21.34 23.11 24.47 26.28 26.64 27.04 27.08 27.23 27.50 27.18 25.33 23.35 22.20 20.30 18.49 17.43 16.48 15.22 13.64 12.37 10.64  9.03
traj-18:
22.69 21.05 20.10 19.04 17.59 16.73 15.71 14.94 14.11 13.84 12.65 10.77 10.14  8.43  6.97  6.01  4.62
 1.49  2.33  2.81  3.20  3.47  3.62  3.86  4.34  6.06  6.88  7.91  8.04  7.86  7.87  7.33  6.91  6.35
traj-19:
22.06 22.10 21.93 21.93 21.67 21.41 21.62 21.80 22.17 21.33 20.74 20.60 19.11 18.25 16.50 14.77 12.98 12.18 10.82  9.29  7.68
 0.81  1.92  3.85  4.36  5.85  7.16  8.48  9.84 11.77 13.31 14.28 15.90 17.13 17.14 17.28 17.40 17.64 18.64 19.64 20.77 21.18
traj-20:
20.90 21.52 22.18 22.21 22.08 22.06 21.92 21.83 21.87 22.22 22.38 22.25 22.22 22.13 22.12 22.06 22.04 22.17 22.65 23.18 24.88 25.46 27.20 27.50 29.27 29.37 29.66 29.75 30.11 30.53 30.70 30.97 31.20 31.38 31.55
 1.12  2.84  4.55  6.07  7.83  8.43 10.12 11.32 12.80 14.19 16.16 17.62 19.21 20.40 20.86 22.46 23.34 25.10 26.75 27.04 27.37 27.47 27.59 27.57 27.50 26.02 24.13 23.52 21.62 19.76 18.74 17.22 15.63 13.91 12.81
traj-21:
21.37 21.16 20.49 18.80 17.04 15.87 14.89 13.00 11.36 10.33
 1.60  1.81  3.19  3.67  3.66  3.62  4.26  4.71  4.44  4.25
traj-22:
21.86 21.90 21.96 22.03 22.14 22.18 22.26 22.08 21.62 21.10 21.19 20.01 19.04 17.61 16.44 15.29 13.84 12.40 10.74  9.03  7.73
 1.42  2.71  3.54  4.91  6.85  7.40  9.10 11.01 12.67 14.44 16.28 17.45 17.50 17.41 17.37 17.51 17.66 18.06 17.79 17.52 17.38
traj-23:
21.24 21.49 21.75 21.82 21.86 21.67 21.66 22.21 22.29 22.28 22.16 22.22 22.15 22.06 21.98 21.24 21.63 21.88 23.68 25.15 26.89 27.32 28.94 30.56 32.17 33.09 33.97
 1.38  2.54  4.37  4.89  6.73  8.55 10.40 12.07 14.01 14.88 16.72 18.47 19.60 21.30 22.85 24.40 26.35 26.52 27.32 27.51 27.71 27.75 27.95 27.77 27.86 28.34 28.89
traj-24:
20.13 20.23 20.05 18.38 17.79 16.33 15.73 14.61 13.94 12.16 10.40  9.54  8.10  6.44
 1.32  1.90  3.83  3.81  3.87  3.91  3.93  5.41  7.26  7.38  6.87  6.53  5.78  4.92
traj-25:
21.05 21.23 21.86 21.79 21.97 22.03 22.04 21.98 21.96 22.04 21.90 21.39 19.59 17.82 16.07 14.89 13.41 12.20 11.15 10.31  8.72  7.04  6.46
 1.67  1.91  3.71  4.99  6.98  8.29 10.15 10.98 12.53 14.30 16.27 17.20 17.11 17.13 17.31 17.30 18.16 19.35 19.86 20.30 20.48 20.74 20.82
traj-26:
20.13 20.28 20.78 21.04 21.16 21.32 21.58 22.15 22.03 22.03 21.99 21.88 21.59 21.72 21.65 21.78 22.03 21.85 23.71 24.86 26.62 27.50 29.20 29.49 30.90
 0.65  1.41  3.02  4.53  5.32  7.00  8.87 10.70 12.40 13.58 15.38 17.25 18.94 20.27 21.79 23.67 25.01 26.41 27.04 27.07 27.08 27.07 26.29 26.22 25.01
traj-27:
20.61 21.16 20.19 18.37 17.18 16.03 14.10 12.39 10.99  9.64  8.54  8.44
 1.12  2.19  3.85  3.68  3.67  3.70  3.70  4.45  4.98  5.61  7.04  8.65
traj-28:
20.57 20.57 20.55 20.55 20.78 20.86 20.91 20.95 20.93 21.05 20.84 19.44 18.61 18.56 17.36 16.17 14.99 13.52 11.95 10.66  8.76  7.10
 1.92  2.30  4.17  6.03  7.86  9.60 11.42 13.06 14.53 16.28 16.83 17.90 17.92 17.94 17.93 17.91 17.90 18.87 19.93 20.18 20.42 20.60
traj-29:
22.32 22.32 22.17 22.19 22.26 22.23 22.08 22.09 22.14 22.12 22.15 22.10 22.11 22.16 22.17 22.20 22.16 22.04 22.73 23.23 24.66 25.51 27.25 29.15 30.03 30.27 30.32 29.91 30.02 30.18 30.19 30.22 30.10 30.02 29.99
 1.62  2.06  3.84  5.30  6.17  7.76  9.50 10.37 12.29 13.80 15.06 16.45 18.04 19.76 20.06 21.78 23.37 25.26 26.80 27.14 27.30 27.42 27.67 27.45 26.24 24.33 22.43 20.77 18.87 17.17 15.29 14.06 12.22 10.95  9.62
traj-30:
21.96 21.39 19.85 19.55 17.82 16.63 15.74 14.99 13.78 12.87
 1.32  2.75  3.58  3.64  3.76  3.84  3.91  4.30  5.55  6.80
traj-31:
22.67 22.04 21.61 21.77 21.95 21.56 21.19 20.84 20.62 20.66 20.33 19.19 17.46 15.98 14.16 12.57 10.94  9.28  7.45  5.94
 1.25  2.80  4.53  5.68  7.10  8.86 10.80 12.29 13.28 14.83 16.76 17.09 17.26 17.37 17.42 18.16 17.88 17.87 17.77 17.74
traj-32:
21.94 21.92 21.77 21.64 21.56 21.38 21.40 21.61 21.71 21.71 22.05 22.29 22.39 22.14 22.06 21.90 21.42 23.16 24.92 26.70 28.17 29.90 30.21 30.43 30.81 30.52 30.62 30.50 30.35 30.40 30.35
 1.81  2.93  4.53  5.75  6.74  8.65 10.39 12.30 14.28 14.69 16.62 18.29 19.46 21.41 22.87 24.75 26.39 27.22 27.20 27.22 27.22 26.49 25.78 23.96 22.20 20.79 18.80 16.89 15.96 14.84 12.86
traj-33:
22.12 20.39 18.49 17.05 16.49 15.91 15.64 14.04 13.71 12.64 12.00 10.37  9.37  7.73
 1.90  2.62  3.16  3.32  3.45  3.55  3.68  4.58  5.25  6.67  7.31  8.41  8.55  8.88
traj-34:
22.14 21.19 21.12 21.38 21.53 21.94 22.01 22.04 22.01 22.10 22.18 22.31 22.25 21.64 20.88 20.07 18.83 17.07 16.47 14.52 13.00 11.94 10.51  9.04  7.91  6.63  5.78
 1.41  2.64  4.43  5.87  7.45  9.38 10.44 12.16 12.96 14.45 15.33 17.11 18.79 20.68 19.52 17.77 17.83 17.79 17.78 17.92 18.96 19.52 19.98 20.45 21.08 21.67 22.02
traj-35:
20.37 20.49 20.86 20.90 21.16 21.46 21.66 22.04 22.16 22.32 22.46 22.46 22.33 22.17 22.06 21.96 22.15 22.55 23.51 24.09 25.81 27.28 29.11 29.43 29.67 29.97 30.30 30.43 30.73 31.00 31.19 31.22 31.32 31.60
 0.73  1.76  3.59  3.83  5.74  7.27  9.09 11.00 12.59 14.31 16.09 17.84 18.75 20.37 21.54 23.40 24.56 26.32 27.01 27.03 27.06 27.11 26.30 24.83 22.93 21.27 19.36 18.67 16.84 15.17 13.31 11.87 10.22  9.46
traj-36:
21.09 21.16 21.25 21.38 20.77 20.58 19.09 17.34 16.76 14.86 13.85 12.93 11.58 10.26
 0.56  1.37  3.13  4.18  5.27  5.14  3.99  3.82  3.85  3.91  5.18  6.80  7.80  8.88
traj-37:
22.65 22.13 21.88 21.88 21.71 21.84 21.94 22.01 22.12 22.17 22.18 22.30 21.08 20.42 18.77 17.17 15.83 14.54 13.46 12.47 11.22
 1.63  3.56  3.96  5.93  7.92  8.83 10.49 11.23 12.68 13.53 15.47 17.22 18.51 18.54 17.86 17.90 17.91 17.92 18.47 18.94 19.09
traj-38:
20.34 20.70 21.27 21.76 21.98 22.05 22.13 22.31 22.40 22.32 22.19 22.04 21.96 21.81 21.83 21.99 21.91 21.97 22.05 22.17 22.52 24.25 25.98 26.87 28.04 29.08 29.92 30.16 30.76 31.18 31.97 32.61
 1.74  3.02  4.59  6.47  7.76  8.52 10.13 11.76 12.33 14.19 15.89 17.37 18.26 20.11 21.63 22.32 24.16 24.67 25.78 26.99 27.16 27.35 27.51 27.61 27.76 26.79 25.08 24.06 22.20 21.44 19.82 18.25
traj-39:
22.71 20.97 20.80 20.16 18.60 17.12 15.65 13.92 13.66 12.03 10.59  9.04  7.07
 1.51  2.19  2.43  2.60  3.05  3.10  3.18  4.03  4.18  5.12  5.96  6.51  6.68
traj-40:
21.29 22.18 22.08 21.74 21.52 21.27 20.90 20.66 20.98 21.65 22.03 22.08 21.32 19.70 17.84 16.38 14.80 13.04 11.95 11.98 11.82 11.03  9.69
 1.86  3.64  4.20  6.07  7.32  8.41 10.14 11.73 12.53 14.30 15.36 15.65 17.23 17.19 17.28 17.34 17.49 17.75 19.33 20.38 21.99 22.34 22.84
traj-41:
22.10 21.89 21.82 21.98 22.04 22.15 22.16 22.15 22.21 22.24 22.27 22.22 22.17 22.16 22.13 22.03 22.08 23.56 24.44 26.15 27.62 28.21 29.95 31.83 32.91
 1.86  3.53  5.31  6.47  7.78  9.25 10.58 12.15 14.11 15.29 16.66 18.39 19.67 20.73 22.21 24.09 26.06 27.16 27.12 27.10 27.07 27.03 26.82 26.91 28.26
traj-42:
22.35 21.00 20.07 18.17 16.70 15.23 13.57 12.71 11.36  9.97  9.79
 1.07  1.98  2.59  3.20  3.31  3.29  3.26  3.21  4.17  5.18  5.42
traj-43:
22.11 22.07 22.10 22.09 21.98 21.90 22.07 22.25 21.93 21.85 21.25 20.02 18.87 17.43 15.69 14.55 13.11
 1.89  3.03  4.95  5.55  7.40  8.19  9.73 11.46 13.41 14.65 16.32 17.27 17.73 17.76 17.65 17.57 17.47
traj-44:
20.07 20.63 21.52 21.95 22.03 22.06 22.13 22.14 21.99 21.76 21.58 21.49 21.56 21.95 21.98 22.13 21.99 21.91 22.10 23.71 25.70 27.47 29.40 30.33 30.75 31.19 30.90 30.34 29.83 29.35
 1.48  2.45  3.68  4.33  6.03  6.61  8.44  9.21 10.93 12.81 14.11 15.58 17.12 19.02 19.53 21.46 23.08 24.40 26.08 27.07 27.12 27.08 26.73 26.56 25.12 23.43 22.28 20.62 18.93 17.04
traj-45:
21.06 21.25 21.90 20.88 19.35 17.67 16.49 15.59 14.28 12.42 11.06  9.46  8.34  6.84  6.28
 1.13  1.67  3.20  4.79  3.87  3.75  3.77  3.76  4.48  5.00  4.89  4.90  4.92  5.06  5.11
traj-46:
21.33 21.88 21.77 21.73 21.55 21.55 21.42 21.14 20.82 21.43 21.67 21.96 20.10 19.36 17.58 16.12 14.67 13.24 12.18 10.73 10.06  8.31  6.76
 0.93  2.76  4.32  5.60  7.41  9.34 10.61 11.36 13.34 14.17 16.07 17.59 17.40 17.34 17.39 17.51 17.48 18.46 19.34 19.93 20.40 21.15 21.51
traj-47:
22.71 21.78 21.02 20.62 20.94 21.11 21.31 21.40 21.50 21.24 20.90 20.71 20.55 20.22 20.18 20.13 20.04 20.43 21.13 21.39 22.85 23.72 25.17 26.35 27.76 29.19 30.88 31.93 32.87 34.01
 1.39  2.48  4.02  5.79  7.51  8.07  9.90 10.53 11.46 13.10 14.03 15.38 17.33 18.88 19.17 20.97 22.94 24.40 26.01 26.16 27.26 27.41 27.62 27.72 27.91 28.40 29.37 30.86 32.20 33.42
traj-48:
20.54 21.47 22.06 21.22 19.43 18.56 17.39 15.92 14.58 13.79 12.17 11.00  9.74  8.63
 0.64  1.81  3.00  4.43  3.86  3.84  3.88  3.91  4.73  5.80  5.28  4.87  4.46  4.19
traj-49:
22.11 21.85 21.47 21.49 21.59 21.77 21.95 22.01 22.09 22.21 22.35 22.32 22.09 22.09 21.42 19.45 17.74 16.85 15.69 14.29 14.02 12.59 12.35 10.88
 0.52  1.55  2.72  4.57  5.32  6.66  8.49  9.54 10.80 12.35 14.06 14.36 16.07 16.37 18.04 17.75 17.46 17.40 17.42 17.73 17.85 19.03 19.22 20.51
traj-50:
22.27 21.55 21.38 21.47 21.57 21.83 21.85 21.86 22.12 22.25 22.22 22.21 22.15 22.15 22.18 22.15 22.13 22.16 22.48 22.77 23.03 24.47 25.62 27.08 28.53 30.19 30.65 31.35 31.75 32.18 32.40 32.69 32.91
 0.40  1.97  3.95  5.61  6.28  7.79  9.39 10.34 12.21 13.86 15.03 16.86 18.05 18.91 20.90 22.74 24.39 24.91 26.39 26.96 27.12 27.38 27.58 27.73 27.91 27.30 25.67 23.82 21.98 20.34 19.08 17.42 16.33
traj-51:
22.61 21.44 20.19 19.36 17.65 15.89 15.13 14.39 12.81 10.91  9.36  8.26  6.96  6.20
 1.93  2.66  3.14  3.48  3.76  3.85  3.82  4.24  4.85  5.43  6.45  6.05  5.52  4.29
traj-52:
21.96 22.13 22.29 22.22 22.03 22.11 22.29 22.35 22.18 21.91 20.91 19.10 17.93 16.48 15.88 14.44 13.20 12.36 10.93  9.45  7.51  5.55
 0.68  2.46  3.61  5.59  6.99  8.53 10.25 11.86 13.29 15.22 16.90 17.38 17.55 17.67 17.72 17.82 19.23 20.32 21.47 21.91 22.13 22.39
traj-53:
20.85 20.88 20.73 20.60 20.13 20.14 20.08 20.12 20.34 20.38 20.41 20.48 20.54 20.74 20.67 20.80 20.76 20.73 21.75 23.03 24.29 26.25 27.98 29.15 29.88 30.50 30.89 31.31 31.91 32.25
 0.77  2.31  4.28  6.19  6.63  7.51  9.07 10.87 12.62 13.97 14.90 16.70 18.60 20.07 21.27 22.35 23.67 25.24 26.45 27.06 27.24 27.35 27.41 27.10 26.45 24.96 23.12 21.90 20.30 19.04
traj-54:
22.04 20.55 20.10 18.42 17.53 15.76 14.44 13.97 12.87 11.31  9.67  8.47
 1.39  2.61  2.93  3.76  3.73  3.85  4.79  5.16  5.25  5.31  5.92  5.26
traj-55:
20.41 20.79 21.68 22.20 22.27 22.07 21.71 21.46 21.21 21.31 21.87 21.12 20.56 20.30 18.59 18.30 17.14 15.69 14.33 13.21 12.56 11.75 11.19
 0.48  0.79  2.12  4.02  5.96  7.05  8.72  9.84 10.81 12.30 13.54 15.24 17.00 17.15 17.78 17.69 17.42 17.30 17.34 18.99 19.90 20.86 21.38
traj-56:
20.88 21.03 21.82 22.25 22.35 22.14 22.04 22.18 22.29 22.27 22.06 22.05 22.04 22.02 21.99 22.01 22.08 22.26 22.52 24.28 25.47 27.33 29.11 30.06 31.23 32.11
 1.64  1.90  3.71  5.09  6.21  7.77  9.40 11.22 12.98 14.31 16.03 17.64 18.23 20.22 22.07 23.75 25.33 26.95 27.11 27.28 27.31 27.04 26.99 26.61 25.02 23.56
traj-57:
20.93 20.80 20.19 20.08 20.35 18.55 17.36 15.90 14.45 13.51
 1.37  1.64  2.11  2.39  4.16  3.47  3.37  3.47  4.36  5.26
traj-58:
20.45 21.20 21.73 21.89 22.01 22.16 22.21 22.30 22.33 21.34 20.73 19.47 17.72 15.95 14.36 13.37 12.41 12.20
 1.84  3.64  5.28  6.62  8.14  9.31 11.06 12.91 14.34 15.90 16.35 17.25 17.47 17.66 17.88 18.38 19.92 20.35
traj-59:
22.32 22.13 21.96 22.00 21.86 21.91 22.08 22.25 22.13 22.02 22.06 22.11 22.12 21.60 20.67 20.08 20.02 20.54 20.71 21.87 22.90 24.32 26.06 27.21 28.09 29.27 30.85 32.73 34.51 34.93 35.13
 0.56  1.79  3.58  4.57  5.89  6.76  8.38  9.61 11.61 12.70 14.14 15.60 16.46 18.35 19.60 19.98 21.68 23.38 25.17 26.43 27.18 27.38 27.62 27.75 27.72 27.68 27.97 28.19 28.87 29.26 29.48
traj-60:
21.71 21.45 20.98 19.05 17.61 16.72 15.00 13.25 11.95 10.17  8.40  6.98
 1.58  2.55  3.89  3.69  3.51  3.42  3.44  3.84  4.19  4.29  4.30  3.72
traj-61:
22.57 22.09 21.81 21.86 22.06 22.10 22.11 22.24 22.21 21.32 20.49 19.17 17.43 16.54 15.07 13.62 12.61 10.79  9.18  7.41  6.53
 0.81  1.48  3.23  4.64  6.59  8.34 10.08 11.26 13.00 14.53 16.32 17.53 17.43 17.44 17.46 17.44 17.44 17.50 17.43 17.39 17.45
traj-62:
20.40 20.74 21.12 21.30 21.49 21.74 21.98 22.16 22.14 21.86 21.92 22.03 22.18 22.19 22.10 22.10 21.97 23.72 25.19 26.91 27.79 29.54 31.35 32.32 33.97
 0.92  2.76  4.51  6.26  8.07  9.68 11.61 13.51 15.37 17.23 17.95 19.60 20.94 22.68 23.57 25.30 26.58 27.25 27.30 27.46 27.51 27.65 27.49 27.22 26.58
traj-63:
22.04 21.44 20.76 19.04 17.29 15.82 14.99 14.53 13.40 11.92 10.01  8.42  6.93  6.03  4.36
 1.78  2.33  3.42  3.95  3.77  3.81  4.99  6.89  8.40  7.93  7.40  6.39  5.95  5.56  5.04
traj-64:
21.69 21.50 21.42 21.33 21.32 21.17 21.38 21.65 21.68 21.74 21.79 21.87 21.08 19.97 18.61 17.15 15.40 14.53 13.36 11.63 10.64  8.99  8.07  6.98  6.04
 0.65  1.94  3.22  5.08  5.80  7.09  8.03  9.88 11.35 12.52 13.85 14.93 16.72 17.23 17.34 17.37 17.34 17.41 17.48 18.17 18.55 19.14 19.57 20.06 20.27
traj-65:
20.57 20.71 20.89 20.93 21.14 21.01 20.95 20.71 20.82 21.55 22.10 22.21 22.16 22.10 22.17 22.15 22.08 22.36 23.30 24.16 25.85 27.60 29.37 31.18 31.32 31.95 31.88 31.66 31.51 31.50 31.55 31.70 31.75 31.85 32.58 33.16
 1.84  3.16  5.13  6.36  7.97  8.69  9.95 11.83 12.38 14.10 15.26 16.39 18.13 19.95 21.35 23.06 24.96 26.73 27.42 27.42 27.50 27.26 26.85 26.18 24.36 22.48 21.72 20.13 18.32 16.56 15.22 14.00 12.03 10.65  8.88  7.34
traj-66:
21.47 20.96 19.97 18.08 17.78 16.02 14.54 12.72 12.44
 1.85  3.02  3.94  3.64  3.60  3.51  3.49  4.01  4.13
traj-67:
22.35 22.22 22.09 21.97 21.84 21.88 21.76 21.76 21.45 20.97 19.51 18.32 16.54 14.75 14.45 13.44 12.60 11.31  9.44  7.86
 1.75  3.64  5.57  7.28  8.42  9.83 11.05 13.00 14.78 16.46 17.52 17.65 17.84 17.94 17.93 18.45 18.96 19.53 20.11 20.76
traj-68:
20.97 21.32 21.55 21.64 21.84 21.92 21.84 21.86 21.80 21.99 22.08 22.23 22.23 22.14 22.03 21.98 22.10 22.23 23.88 24.47 25.89 26.47 27.04 28.47 30.15 31.73 32.36 33.56 34.66 34.90
 0.52  2.44  4.23  5.05  6.42  8.41 10.19 11.46 12.49 14.35 16.15 17.88 18.18 19.93 21.71 23.03 24.16 26.15 27.12 27.19 27.43 27.54 27.67 27.95 27.11 26.12 25.37 23.87 22.23 22.04
traj-69:
20.13 20.35 20.17 20.18 19.65 17.84 16.10 15.80 14.62 13.27 12.83 12.37 10.73 10.25  8.40  8.11  6.56  6.28
 0.56  1.07  2.60  3.20  3.70  3.60  3.50  3.56  3.78  5.24  6.06  7.03  8.06  8.11  8.25  8.20  7.35  7.24
traj-70:
21.51 21.70 21.99 22.12 22.13 22.09 22.17 22.10 21.83 21.96 21.72 21.37 20.58 18.90 17.17 16.58 14.70 14.25 13.76 12.51 11.96
 0.40  1.27  3.10  4.64  5.45  6.84  8.02  9.40 10.87 12.83 14.80 16.02 16.73 17.35 17.50 17.50 17.68 17.78 18.07 19.46 20.24
traj-71:
22.72 22.41 22.19 22.04 21.99 21.93 21.88 21.84 22.25 22.18 22.11 22.07 22.09 22.09 22.13 22.24 22.46 23.60 24.76 26.47 27.65 29.25 30.26 30.90 30.98 31.26 31.70 31.93 32.28 32.54 32.81 33.66
 1.70  2.77  4.68  6.68  7.77  9.74 10.95 12.20 13.79 15.41 16.20 18.18 20.06 21.61 23.58 24.77 26.46 27.08 27.10 27.20 27.17 27.51 26.92 25.05 24.76 23.02 21.42 20.34 18.60 17.05 15.44 13.91
traj-72:
20.82 20.32 19.15 18.28 16.54 15.94 14.64 13.74 12.15 10.51  9.07
 1.39  2.54  3.52  3.66  3.76  3.81  4.60  5.59  6.60  6.68  5.83
traj-73:
22.11 22.10 22.17 22.17 22.16 22.19 22.15 22.18 22.16 22.38 21.66 21.15 20.26 20.02 18.14 16.99 15.22 13.31 11.40  9.49  8.73
 0.48  1.85  2.72  4.63  5.61  7.32  7.62  9.43 10.33 12.29 13.97 15.19 16.92 17.09 17.69 17.76 17.85 17.82 17.76 18.19 18.12
traj-74:
21.30 21.38 21.20 21.07 21.09 21.05 21.30 21.54 21.68 21.98 21.91 21.68 21.44 21.35 21.09 21.44 21.69 22.05 21.37 21.81 23.54 24.13 25.59 27.32 28.48 30.22 31.39 31.04 30.67 30.65 30.46 30.20 30.62 30.88 31.42 31.90 32.06 32.60 32.97
 0.86  1.86  3.26  4.41  5.51  5.77  7.59  9.30 10.12 11.95 13.00 14.75 16.31 17.98 19.44 20.62 22.56 24.00 25.47 26.30 27.06 27.20 27.39 27.44 27.35 26.54 25.00 23.11 21.22 20.33 18.40 16.99 15.06 14.03 12.12 10.20  9.27  7.72  5.90
traj-75:
20.34 20.86 19.86 18.46 17.30 15.84 14.48 13.30 12.57 11.16 10.44  8.79  7.84  6.03  5.64
 1.03  2.59  3.39  3.74  3.76  3.71  4.49  5.94  6.44  5.64  5.60  5.80  5.79  5.32  5.13
traj-76:
22.17 22.14 22.10 22.06 21.92 21.91 21.77 21.65 22.01 22.15 21.14 20.28 19.28 17.74 16.60 15.46 13.84 12.10 10.17  8.92  8.12
 0.97  1.96  3.95  5.73  7.60  8.23 10.19 11.41 12.80 14.26 15.74 16.63 17.46 17.37 17.37 17.41 17.49 17.70 17.89 18.14 18.24
traj-77:
21.42 21.72 21.88 22.22 22.27 22.23 22.14 22.00 21.86 21.78 22.24 22.44 22.65 22.80 22.56 22.35 22.13 22.11 22.43 22.77 23.33 25.05 26.47 27.05 28.81 29.02 29.03 29.22 29.38 30.18 30.33 30.82 31.28 31.74 31.84 32.45 33.01 33.32 33.75
 0.96  2.60  3.47  5.44  6.02  7.72  8.75 10.61 12.05 13.62 15.55 16.42 17.27 18.71 20.43 22.12 23.74 24.62 26.21 26.78 27.19 27.45 27.66 27.75 27.97 25.98 24.89 23.45 21.71 20.00 19.37 17.88 16.06 14.31 13.87 12.02 10.27  9.02  7.52
traj-78:
22.64 21.77 20.67 19.89 17.94 17.64 15.70 15.10 13.15 12.43
 0.93  2.61  3.31  3.43  3.69  3.69  3.89  3.95  3.71  3.23
traj-79:
22.70 22.48 21.52 21.90 21.97 22.01 21.98 22.21 21.59 21.15 19.77 19.48 17.74 16.07 14.81 13.54 11.95 10.18  8.98
 0.57  2.34  3.84  5.27  7.24  8.92 10.74 12.63 14.47 15.80 17.12 17.20 17.59 17.79 17.93 18.74 19.61 20.28 20.59
traj-80:
22.70 22.41 22.10 21.84 21.56 21.54 21.59 21.64 21.76 21.97 22.00 22.05 22.00 21.99 21.91 22.08 23.44 24.61 25.48 26.95 28.74 30.16 31.04 32.12 33.69 34.70 35.04
 1.84  3.49  5.07  6.81  8.47 10.34 12.00 13.54 14.98 16.64 18.36 20.09 21.47 22.95 24.43 26.40 27.12 27.12 27.08 27.02 27.11 27.77 28.10 28.91 30.02 30.59 30.94
traj-81:
22.22 21.05 20.19 18.45 16.98 15.01 13.42 11.56 10.59  8.78  6.97  5.42
 1.78  2.53  3.01  3.83  3.89  3.96  4.43  4.15  4.02  4.44  4.17  3.53
traj-82:
21.03 21.16 21.36 21.83 22.14 22.23 22.16 22.17 21.73 21.45 20.61 19.05 17.28 16.12 14.19 12.49 10.86  9.52  8.39  7.25
 1.61  2.78  4.66  6.49  7.28  9.15 11.06 11.60 13.54 15.21 16.63 17.33 17.37 17.45 17.67 18.24 18.23 18.25 18.26 18.34
traj-83:
20.67 20.69 20.85 20.97 21.03 21.25 21.26 21.34 21.63 21.70 21.78 22.21 22.16 22.13 22.24 22.28 22.18 22.14 22.19 22.19 23.57 25.31 27.09 28.67 30.28 31.91 33.70 34.77
 1.48  1.78  3.57  5.00  5.73  7.43  8.30  9.47 11.40 12.11 13.13 15.04 16.13 17.98 19.45 21.15 22.93 23.95 25.36 26.17 27.17 27.26 27.32 27.81 28.47 29.08 29.95 30.34
traj-84:
22.49 22.59 22.23 21.80 20.92 20.22 18.65 16.87 15.40 14.81 14.27 13.81 13.16 12.49 12.73
 1.65  2.81  4.64  5.24  4.58  3.92  3.59  3.68  3.84  3.89  4.16  5.87  7.24  8.87  9.04
traj-85:
21.47 20.97 21.06 20.99 21.56 22.30 22.30 21.74 21.41 21.21 20.89 19.28 17.30 16.14 14.16 13.96 13.70 12.80 12.44 11.97 11.73
 1.21  2.35  3.94  4.61  5.59  7.37  9.26 11.17 12.74 14.59 16.53 17.57 17.67 17.73 17.89 18.12 18.27 19.99 21.17 21.89 22.07
traj-86:
21.90 21.86 21.56 21.43 21.78 21.88 21.83 22.01 22.18 22.15 22.01 22.00 22.01 22.02 22.12 22.18 22.05 22.08 22.11 22.08 22.61 24.08 25.52 27.28 29.02 29.67 30.01 30.37 30.69 31.46 32.03 32.23 32.89 33.49 34.12 34.37
 1.57  1.83  3.76  4.91  6.75  7.84  9.30 10.04 11.79 12.39 14.32 15.98 17.16 18.75 20.19 21.57 22.74 24.48 25.72 26.75 27.03 27.09 27.14 27.32 26.52 25.05 24.27 23.17 22.39 20.79 19.23 18.81 17.04 15.17 13.34 12.66
traj-87:
21.03 20.62 19.31 17.89 17.03 15.25 13.50 11.73  9.99  9.42
 1.66  2.45  3.66  3.37  3.30  3.33  3.56  3.59  3.69  3.73
traj-88:
21.73 21.91 21.94 21.97 22.00 22.11 22.15 22.12 22.13 22.11 22.03 22.00 21.97 20.88 19.11 17.40 16.53 15.10 13.20 11.96
 1.57  2.90  4.78  5.56  7.50  9.43 10.53 11.68 13.37 15.14 16.52 18.46 18.76 18.26 17.73 17.72 17.75 17.77 17.86 17.98
traj-89:
20.11 20.68 21.34 21.68 21.83 21.91 22.03 22.03 22.17 22.27 22.30 22.34 22.37 22.18 21.08 20.25 20.49 21.32 21.61 23.42 24.00 25.43 26.28 27.72 28.60 30.37 30.60 30.88 31.01 31.45 31.63 31.81
 1.64  3.54  5.27  6.86  8.76  9.98 11.32 12.40 13.81 15.75 16.05 17.99 18.59 19.99 21.65 23.39 24.97 26.63 26.72 27.35 27.48 27.76 27.78 27.77 27.70 27.15 25.55 23.99 22.91 21.26 20.48 18.63
traj-90:
22.43 22.24 20.56 19.07 18.80 17.65 16.78 14.91 13.63 12.77 12.07 11.56
 1.23  1.46  2.47  3.33  3.46  3.68  3.84  3.78  5.08  6.40  7.62  8.40
traj-91:
22.56 22.54 22.30 22.00 22.07 22.10 22.03 21.96 21.46 21.20 20.17 20.01 19.71 18.36 16.60 14.95 13.45 13.13 11.98 10.14
 1.18  2.03  4.01  5.72  7.11  9.10 10.00 11.51 13.45 13.59 14.96 16.24 17.95 17.94 17.89 17.84 18.91 19.40 20.86 21.53
traj-92:
20.91 21.05 21.11 21.27 21.56 21.86 21.88 21.87 21.83 21.86 22.16 22.23 22.16 22.15 22.14 22.11 22.09 22.06 21.73 22.84 24.03 25.72 27.07 28.35 29.98 30.09
 0.85  1.43  3.20  4.59  5.86  7.59  8.41 10.26 11.48 13.14 15.10 16.52 17.88 19.29 20.44 21.87 23.53 24.75 26.46 27.24 27.32 27.40 27.53 27.61 26.87 25.18
traj-93:
22.76 22.48 21.50 20.85 19.34 17.56 16.38 15.20 13.42 12.00
 1.93  3.23  4.30  4.49  3.99  3.84  3.93  3.92  4.49  4.85
traj-94:
22.12 21.95 21.81 21.82 21.84 21.79 21.88 21.48 21.03 20.71 19.88 18.45 17.57 16.45 14.70 13.21 12.76
 1.67  2.83  4.66  5.85  7.68  9.46 11.43 13.17 14.49 16.45 17.09 17.66 17.60 17.47 17.29 18.35 19.70
traj-95:
20.92 21.12 21.11 21.11 21.26 21.43 21.50 21.88 21.89 21.92 21.95 21.93 22.00 22.15 22.18 22.20 22.15 22.14 22.09 22.09 22.90 23.16 24.35 26.10 27.87 29.33 30.59 30.48 30.71 30.82 30.89 31.03 30.98 31.09 31.07 31.31 31.97 32.68 33.47
 1.19  2.69  3.47  4.76  5.93  6.96  8.42 10.26 10.85 11.45 13.01 14.33 16.02 17.54 19.39 20.53 21.97 22.97 24.71 25.25 26.90 27.06 27.07 27.11 27.05 27.00 25.45 23.99 22.37 21.36 20.01 18.75 17.02 15.17 14.65 12.85 11.33  9.60  7.99
traj-96:
21.00 20.32 19.97 19.67 17.93 16.78 15.62 14.74 13.22 11.93 10.90  9.50  7.88
 1.88  2.51  3.97  3.93  3.72  3.67  3.63  3.58  4.43  5.20  5.84  6.34  7.17
traj-97:
21.05 20.94 20.52 20.92 21.19 21.61 21.75 21.98 22.07 22.14 22.23 22.17 21.96 20.32 19.37 17.70 16.85 15.12 14.82 13.54 13.40 11.54 10.29  9.47  7.80
 0.41  0.69  2.57  4.00  4.96  6.72  7.53  8.90 10.32 11.66 13.47 14.58 16.55 17.41 17.34 17.24 17.26 17.18 17.19 17.48 17.74 18.17 18.29 18.39 18.45
traj-98:
21.53 21.97 22.56 22.32 22.18 22.18 22.19 22.06 22.02 21.73 21.68 21.52 21.42 21.26 21.05 21.19 21.27 21.44 21.51 22.05 22.14 22.35 22.66 23.71 24.00 25.76 27.49 29.29 29.50 29.77 29.82
 0.61  0.96  2.15  4.03  4.60  6.45  7.05  8.97  9.27 11.16 11.35 13.32 14.72 15.43 16.52 17.76 18.62 18.87 20.19 21.79 23.48 24.94 26.30 27.01 27.07 27.15 27.17 27.20 25.49 25.35 24.51
traj-99:
20.81 20.56 19.52 17.85 17.00 15.82 14.21 13.99 13.15 11.90 10.45  8.93  7.62  6.52  5.41  5.14
 1.90  2.70  3.45  3.72  3.82  3.96  4.93  5.13  5.25  5.48  6.51  7.43  6.46  5.33  3.78  3.08
traj-100:
21.08 21.56 21.75 21.87 21.88 21.66 21.31 21.25 22.12 22.05 21.06 20.11 18.33 16.57 14.85 13.52 11.68 10.13  9.53  7.99
 1.85  3.60  4.54  6.46  8.06  8.77 10.38 12.34 14.11 14.61 16.31 17.04 17.77 17.75 17.84 17.88 18.27 19.07 19.40 19.99
traj-101:
21.09 21.36 21.63 21.87 22.08 22.17 22.10 22.07 22.10 22.18 21.89 22.03 21.99 21.81 22.19 22.26 22.29 23.72 24.01 25.72 27.42 28.56 30.42 30.51 31.12 30.78 30.33 29.78 29.25
 2.00  3.54  5.38  7.19  8.60 10.28 12.18 13.27 15.02 15.31 17.11 18.04 19.81 21.10 22.98 24.40 26.31 27.12 27.17 27.49 27.77 27.85 27.59 27.24 25.39 24.17 22.69 20.86 19.07
traj-102:
22.32 21.50 20.57 18.87 17.10 16.51 15.04 13.24 11.43 10.11  9.00
 1.81  2.29  2.81  3.54  3.69  3.78  3.98  4.73  4.71  4.04  3.48
traj-103:
22.21 21.54 21.58 21.63 21.60 21.71 21.73 21.98 22.17 22.20 21.97 20.35 18.74 18.16 16.16 14.25 12.42
 1.87  3.65  5.59  6.79  8.26 10.04 11.28 13.26 14.09 15.66 16.46 17.03 17.41 17.47 17.54 17.75 18.51
traj-104:
20.77 20.99 21.21 21.37 21.75 21.80 21.80 21.81 21.62 21.98 22.00 22.12 22.22 22.25 22.26 22.17 22.36 23.95 24.25 25.94 26.81 28.24 29.54 29.45 29.51 29.69 29.75 29.75 30.58 31.07 32.00 33.15 33.63 33.89 34.04
 1.80  3.45  5.20  6.52  8.48 10.17 11.23 12.83 14.47 16.39 17.23 18.67 20.45 22.20 23.65 25.52 26.27 27.07 27.07 27.23 27.16 27.08 26.04 24.26 22.27 20.63 19.56 17.93 16.37 15.33 13.58 12.06 10.51  9.03  8.46
traj-105:
21.67 21.12 20.07 19.31 18.12 17.23 15.75 13.85 13.28
 1.78  2.48  3.52  3.87  3.89  3.92  3.85  4.46  5.06
traj-106:
20.72 21.12 21.43 21.63 22.01 22.10 22.10 22.08 21.78 21.97 21.89 21.33 21.04 19.38 18.26 17.10 15.69 14.40 12.68 11.11 10.63  8.70  6.77
 0.93  2.80  4.54  5.22  7.14  8.28 10.18 11.74 13.66 14.20 15.88 16.72 17.16 17.45 17.33 17.37 17.50 17.81 18.63 19.24 19.38 19.85 20.32
traj-107:
22.00 22.02 22.06 22.06 22.00 22.21 22.15 22.14 22.09 22.12 22.13 22.14 22.05 22.02 21.21 21.54 22.48 23.68 24.27 25.74 26.62 28.58 29.18 29.68 29.91 30.10
 1.83  2.97  4.91  5.39  7.00  8.75 10.45 12.40 14.10 15.25 16.69 17.84 19.29 21.22 23.03 24.84 26.38 27.08 27.11 27.19 27.19 27.43 28.40 30.24 32.21 33.37
traj-108:
22.70 22.56 20.86 19.41 17.93 16.16 15.86 14.77 14.13 12.68 12.12 10.69  8.69  8.15  6.53  5.48
 1.73  1.99  2.63  3.02  3.10  3.15  3.17  4.31  5.62  6.93  7.12  7.09  7.03  6.86  6.02  4.86
traj-109:
21.57 21.49 21.56 21.60 21.55 21.73 21.68 21.75 21.98 22.08 21.69 21.21 20.31 18.67 17.23 15.50 14.61 13.31 11.72 11.19  9.39  8.25  6.62
 0.72  2.68  3.71  5.03  6.49  8.42  8.82 10.07 12.03 13.17 14.13 15.64 16.89 17.49 17.81 17.91 17.96 18.77 19.63 19.78 19.81 18.67 17.66
traj-110:
21.27 21.69 22.01 21.98 21.97 21.96 21.95 21.95 22.13 22.14 22.10 22.04 21.99 21.79 21.64 22.00 22.23 22.27 22.23 22.93 23.38 24.83 26.01 27.78 29.51 29.61 30.41 30.71 32.62 33.86
 0.64  1.81  3.18  4.85  5.89  7.88  8.72  9.91 11.58 13.56 14.15 15.65 16.86 18.47 19.37 21.08 22.81 23.93 25.11 26.80 27.12 27.15 27.12 27.10 26.89 26.10 24.36 24.36 23.81 22.87
traj-111:
22.49 22.27 21.34 19.77 17.78 15.99 15.40 14.46 13.70 12.16 10.76  9.94
 1.01  1.39  2.73  3.93  3.82  3.90  3.94  4.43  5.45  6.39  6.65  6.66
traj-112:
22.44 22.34 22.26 22.08 21.85 21.72 21.32 21.21 21.27 21.25 21.12 19.72 17.82 16.09 14.16 13.30 11.70 10.63
 1.17  2.51  4.44  5.79  7.76  9.24 10.99 11.41 13.39 13.91 15.76 17.09 17.43 17.50 17.72 18.28 19.30 19.68
traj-113:
20.11 20.59 20.89 21.16 21.18 21.54 21.67 21.93 22.11 22.07 22.07 22.07 21.63 21.22 21.02 20.53 20.21 20.90 21.73 23.59 25.06 26.50 27.38 28.55 30.26 30.83 31.38 31.17 30.89 31.15 31.54 31.87 31.78 32.17 32.45 32.99 33.14 33.41 33.66
 1.56  3.39  5.36  6.31  6.92  8.61  9.47 11.21 13.16 15.03 15.76 17.08 18.23 19.90 20.42 22.01 23.51 25.15 26.30 27.04 27.13 27.21 27.20 27.19 26.90 26.77 25.04 23.12 21.22 20.03 18.65 16.92 16.52 14.71 13.22 11.41 10.03  8.08  6.60
traj-114:
22.38 21.83 20.28 18.56 18.00 16.27 15.98 14.69 13.56 12.11 10.47  9.56  8.37  7.40  5.81
 1.48  1.69  2.39  3.12  3.16  3.42  3.48  4.38  5.39  6.00  6.31  6.04  5.56  5.15  3.97
traj-115:
20.25 21.17 21.68 21.79 21.86 21.70 21.57 21.61 21.65 21.37 21.14 20.76 19.90 18.02 16.26 14.46 13.26
 1.45  2.78  3.63  5.01  6.99  8.53  9.98 11.07 12.23 14.12 15.28 16.83 17.25 17.70 17.78 17.81 18.53
traj-116:
21.91 22.05 22.26 22.48 22.47 22.54 22.31 22.06 21.76 21.78 21.66 21.38 21.31 21.24 21.13 21.54 22.07 22.16 22.19 22.89 23.14 24.85 26.32 27.51 29.16 30.26 31.11 31.78 32.43 32.98 33.50 33.91 34.39 34.55 34.98 35.08 35.34
 1.17  2.01  3.17  5.14  5.44  7.29  8.76  9.83 10.95 11.47 13.28 14.50 16.26 17.18 19.15 20.62 22.30 23.68 25.17 26.91 27.07 27.08 27.12 27.06 26.31 25.09 23.43 21.98 20.69 19.33 18.00 16.93 15.20 14.39 12.61 12.03 10.57
traj-117:
21.98 20.99 19.45 18.09 17.21 15.76 14.57 13.15 11.82 10.36  9.68  8.22
 1.89  2.30  3.04  3.61  3.74  3.86  4.63  5.77  6.17  6.63  6.87  7.99
traj-118:
22.05 21.02 20.23 20.26 20.65 20.97 21.15 21.26 21.36 21.58 21.87 22.13 22.00 21.83 20.06 19.32 17.39 16.82 15.04 14.74 13.48 11.96 10.96 10.06  8.88  7.31  6.90
 0.44  1.99  3.68  3.98  5.72  7.33  8.73  9.80 11.14 12.90 13.71 15.44 17.42 18.27 17.83 17.58 17.27 17.36 17.44 17.46 18.24 19.29 19.79 20.24 21.08 21.97 22.18
traj-119:
20.43 20.76 20.94 20.95 20.96 21.03 21.40 21.53 21.78 22.11 22.21 22.39 22.21 22.19 22.23 22.24 22.22 22.24 22.49 23.02 23.48 25.24 26.98 27.84 29.74 29.92 30.19 30.41 30.59 30.66 31.23 31.86 32.09 32.15 32.32 32.51 32.61
 1.07  2.75  4.15  4.76  5.77  6.97  8.92  9.41 10.81 12.67 13.18 15.14 16.85 18.60 20.33 22.27 24.05 24.94 26.83 27.13 27.08 27.09 27.25 27.35 26.86 25.17 23.32 21.57 20.38 18.82 17.18 15.67 14.31 12.64 11.04  9.21  7.59
traj-120:
20.89 20.73 19.65 18.26 16.51 15.63 14.17 13.70 12.35
 1.03  2.55  3.57  3.82  3.67  3.61  4.68  5.18  6.36
traj-121:
21.94 21.87 21.87 21.74 21.81 21.89 21.92 21.98 22.00 22.09 22.13 21.46 19.76 18.03 16.57 15.68 13.77 11.83 10.06  8.10  7.81  6.30
 1.56  2.38  3.68  5.22  7.17  8.84  9.60 11.00 12.20 14.15 15.41 17.07 17.06 17.29 17.43 17.49 17.73 17.80 17.69 17.67 17.74 18.00
traj-122:
20.21 20.83 21.54 22.16 22.06 22.01 21.96 21.97 21.94 22.03 22.05 22.00 21.92 21.81 21.55 21.49 21.32 21.38 22.77 23.33 24.80 25.38 27.13 28.76 29.71 31.38 32.68 33.57 34.24
 1.96  3.26  4.80  6.07  7.81  9.06 11.02 12.93 13.63 15.37 16.47 18.22 19.69 20.65 22.39 23.43 25.22 26.25 27.19 27.25 27.46 27.56 27.80 27.48 27.21 27.15 25.75 24.67 23.75
traj-123:
21.03 21.05 20.13 18.40 16.63 15.16 13.36 11.51 10.03  9.06  7.19  6.50
 1.99  2.29  3.15  3.82  3.90  3.91  4.44  4.85  5.54  6.36  6.97  7.10
traj-124:
21.06 21.61 22.11 22.16 22.17 22.15 22.15 22.10 22.03 21.84 21.67 20.09 18.29 17.43 15.68 14.50 13.30 11.99 10.88  9.11
 1.75  2.91  4.15  6.10  7.47  9.46 10.66 12.11 13.21 14.20 15.74 16.93 17.51 17.66 17.85 17.98 18.60 19.27 19.14 19.76
traj-125:
22.05 21.32 20.51 20.41 20.33 21.02 21.49 22.19 22.16 22.13 22.15 22.18 22.17 22.19 22.19 22.24 22.28 22.97 23.23 24.70 25.87 27.64 28.92 30.84 32.60 33.83
 0.66  1.99  3.74  5.56  6.45  8.17  9.52 11.36 13.32 14.80 16.65 18.39 20.10 20.85 22.24 24.16 25.04 26.85 27.01 27.03 27.04 27.02 27.12 27.43 27.78 28.13
traj-126:
22.31 21.44 20.01 19.13 17.42 15.79 14.52 13.75 12.85 11.79  9.88  8.07  6.63
 1.60  2.06  2.80  3.39  3.57  3.78  4.42  4.70  5.24  5.92  6.10  6.10  6.23
traj-127:
21.71 21.69 21.49 21.47 21.41 21.31 21.39 21.72 21.79 21.93 22.04 21.22 21.18 20.15 18.41 18.11 16.36 14.48 12.98 11.02  9.04  7.47  6.47  5.01
 0.65  1.32  3.25  4.38  5.62  6.84  7.77  9.59 10.62 12.24 13.12 14.74 15.04 16.70 17.51 17.50 17.40 17.46 18.05 18.04 17.96 17.97 17.98 17.93
traj-128:
20.11 20.31 21.07 21.20 21.47 21.80 22.02 21.84 21.35 21.02 20.41 21.01 21.53 22.07 22.07 22.13 22.09 22.10 21.20 22.64 24.40 26.15 27.30 29.00 29.85 30.37 30.83 31.86 32.52 33.12 33.46 33.78 34.36
 1.20  1.73  3.53  4.25  5.77  7.23  8.70  9.51 11.07 12.28 14.06 15.40 16.55 17.76 19.67 21.41 23.14 24.21 25.86 27.14 27.24 27.28 27.42 26.75 26.35 24.45 23.07 21.74 20.18 18.82 17.66 16.51 14.60
traj-129:
20.37 20.61 20.34 19.22 17.24 15.47 13.96 12.89 11.66 11.15  9.91  8.48  6.87  5.21
 1.29  1.84  3.62  3.84  3.74  3.64  4.03  5.11  6.56  6.93  8.45  8.58  8.44  7.92
traj-130:
21.30 21.36 21.42 21.80 21.91 21.88 21.79 21.83 22.24 22.27 21.91 21.15 20.01 19.30 17.86 16.05 14.37 13.55 12.29 11.04 10.10  8.21
 0.50  2.44  3.15  4.70  6.02  7.59  9.41 10.13 11.95 12.25 14.11 15.37 16.83 17.54 17.84 17.62 17.79 18.93 20.30 20.80 21.08 21.72
traj-131:
20.04 20.73 21.41 21.63 22.06 21.96 21.87 21.61 21.53 21.16 20.89 20.84 21.66 22.16 22.26 21.13 20.28 20.54 21.02 21.81 23.66 25.38 26.27 28.02 29.51 30.16
 0.71  2.20  3.83  4.85  6.27  7.08  8.37 10.01 11.15 12.77 14.51 14.89 16.17 18.07 18.96 20.43 21.64 23.30 25.18 26.45 27.05 27.13 27.13 27.22 28.53 30.29
traj-132:
22.50 21.50 20.59 18.99 17.25 16.95 15.21 14.91 13.22 12.34 10.72
 1.74  2.30  2.81  3.41  3.52  3.55  3.62  3.64  4.38  4.93  3.90
traj-133:
20.71 21.41 22.26 22.16 21.97 21.88 21.81 21.58 20.76 20.55 20.42 18.64 18.34 16.57 14.65 13.15 12.94 11.42  9.94  8.20  7.08
 0.42  1.67  3.44  5.37  7.13  8.43  9.74 11.67 13.36 15.32 16.70 17.43 17.46 17.65 17.87 18.85 19.07 19.68 20.34 21.23 21.98
traj-134:
20.97 21.01 21.23 21.47 21.65 21.73 21.70 21.61 21.85 21.90 22.18 22.11 22.13 22.12 22.09 22.07 22.06 22.17 22.28 22.26 23.28 24.99 25.29 27.00 28.17 29.99 31.51
 1.39  3.30  5.23  7.11  8.69  9.54 10.25 12.10 13.07 14.10 15.75 17.50 17.54 18.39 19.56 21.49 22.75 24.17 25.34 26.54 27.16 27.34 27.39 27.45 27.48 27.70 28.16
traj-135:
21.54 21.30 20.37 18.62 16.90 15.59 14.70 14.23 13.15 13.81
 0.64  1.94  2.45  3.27  3.52  3.84  4.49  5.19  6.87  8.70
traj-136:
22.19 22.07 22.02 21.92 21.80 21.99 21.99 22.05 22.01 21.89 21.96 21.99 21.06 19.21 17.75 16.28 14.81 12.98 11.46 10.30  9.05  7.38  6.04
 1.50  3.08  3.68  5.29  6.53  8.47  8.77 10.51 12.03 13.50 15.14 16.00 17.72 17.87 17.83 17.75 17.80 18.50 18.15 17.75 17.32 17.48 17.48
traj-137:
22.09 21.85 21.26 21.69 21.95 22.15 21.89 22.15 22.28 22.32 21.73 21.76 21.01 21.06 21.08 21.28 21.70 21.94 22.22 23.72 25.46 26.60 28.34 30.13 31.49 33.13
 1.13  2.86  4.66  6.40  6.86  8.47 10.19 11.24 13.19 14.05 15.83 15.85 17.38 18.91 19.71 21.39 23.03 24.43 26.02 27.11 27.37 27.61 27.96 28.40 28.89 30.00
traj-138:
22.75 21.86 20.26 20.13 18.33 16.57 15.24 13.90 12.13 10.98 10.47  9.93
 0.71  1.44  2.55  3.73  3.35  3.60  3.74  4.35  4.99  5.36  6.79  8.38
traj-139:
21.66 21.98 22.14 22.10 22.05 22.10 22.29 22.29 22.11 21.08 20.63 20.73 18.95 17.78 16.05 15.18 13.53 12.14
 1.50  3.42  4.87  5.75  7.55  9.18 10.32 12.10 13.12 14.46 16.29 17.10 17.81 17.79 17.86 17.83 17.86 17.92
traj-140:
22.42 22.08 21.03 20.99 21.12 21.15 21.28 21.07 21.25 21.47 21.73 21.94 21.91 21.93 21.95 21.88 21.83 21.81 22.20 23.68 25.46 26.34 28.09 29.20 29.93 30.97
 1.70  2.62  4.23  5.04  6.75  7.89  9.09 10.33 12.23 14.21 15.73 17.61 19.23 20.08 21.49 22.35 23.52 24.66 26.19 27.03 27.09 27.12 27.21 28.87 30.33 32.00
traj-141:
21.43 20.60 19.26 17.33 15.39 14.52
 1.11  2.62  3.91  3.57  3.63  3.56
traj-142:
20.09 20.46 20.71 21.14 21.68 22.12 21.88 21.87 21.98 21.95 21.17 20.60 19.04 17.56 15.84 13.89 12.49 11.23  9.79  7.98  6.23
 1.13  2.54  3.29  4.71  6.52  8.32  9.65 11.49 12.36 14.21 15.54 16.00 17.08 17.19 17.39 17.62 17.78 17.87 17.97 17.59 17.17
traj-143:
21.92 21.85 21.83 21.85 21.77 21.82 21.67 21.47 21.74 21.72 22.27 22.10 22.14 22.06 21.99 21.25 21.25 21.85 22.40 23.94 25.41 27.14 28.91 30.07 31.50 32.85 33.97 34.97 35.20
 0.71  2.39  4.04  5.21  7.14  8.41  9.78 10.91 12.85 13.54 15.43 17.36 18.89 20.56 21.69 22.96 23.56 25.17 26.28 27.11 27.08 27.05 27.08 28.54 29.63 30.62 31.77 32.61 33.12
traj-144:
22.56 22.03 20.17 18.39 16.90 16.01 14.84 13.68 13.51 11.85  9.95  8.75  7.47
 1.48  1.67  2.36  3.18  3.13  3.15  3.20  4.47  4.72  5.47  5.85  5.09  4.15
traj-145:
22.14 22.19 22.11 22.00 21.95 21.97 21.84 21.65 20.54 20.38 19.26 17.84 16.36 14.62 13.35 12.71 10.95  9.04  8.24  6.91
 1.11  2.50  4.49  6.30  8.10 10.02 12.02 13.08 14.68 16.30 17.38 17.54 17.55 17.64 19.15 19.79 20.35 20.93 21.15 21.34
traj-146:
21.68 21.77 21.85 21.88 21.98 22.01 22.05 22.01 22.00 21.92 22.01 22.03 21.81 21.75 21.70 21.70 22.04 22.12 22.17 22.23 22.34 22.87 23.12 24.84 26.01 26.90 28.08 29.50 30.89 32.16
 0.88  1.37  3.13  4.18  5.19  6.68  8.36 10.11 10.81 11.88 13.70 14.56 16.41 17.26 18.67 19.52 21.47 22.12 22.81 23.68 25.05 26.96 27.11 27.07 27.07 27.06 27.09 25.88 24.63 23.46
traj-147:
21.97 20.17 18.54 17.07 15.89 14.22 13.76 11.83 10.30  9.11  7.35  6.08
 1.91  2.57  3.09  3.16  3.25  4.11  4.76  5.24  5.11  4.96  4.73  4.72
traj-148:
22.64 22.59 22.41 22.34 22.27 22.15 22.07 22.08 22.08 22.07 22.05 21.92 20.10 18.13 17.53 15.53 14.94 13.32 11.52 10.15  8.80  7.55
 0.99  2.40  4.32  5.90  7.60  8.79 10.21 11.85 13.19 14.05 16.02 17.36 17.35 17.44 17.39 17.37 17.35 18.16 18.82 18.59 18.45 17.71
traj-149:
20.14 20.13 21.49 22.16 22.17 21.86 21.65 21.92 22.05 22.38 22.50 22.58 22.53 22.56 22.47 22.31 21.23 21.09 20.19 20.88 21.82 22.39 22.97 24.44 25.60 26.44 28.17 29.95 31.26 31.43 31.50 31.64 31.84 32.10 32.45 32.83
 1.97  2.51  3.87  5.74  6.36  7.95  9.45 10.53 11.14 12.57 13.15 15.14 16.81 18.27 20.14 21.19 22.61 22.84 23.69 25.27 26.97 27.12 27.07 27.14 27.33 27.54 27.76 27.37 26.03 24.72 23.56 21.85 20.40 18.58 17.00 15.15
traj-150:
21.80 22.11 20.95 19.20 17.54 16.67 15.49 13.77 11.99 10.57
 1.23  3.11  4.54  3.80  3.69  3.60  3.44  3.65  3.83  3.40
traj-151:
21.17 21.39 22.09 22.27 22.02 21.91 21.71 21.60 21.26 21.02 21.16 20.60 18.99 17.54 16.67 15.49 14.62 13.14 12.96 12.43 12.42
 0.51  1.48  3.16  4.62  6.50  7.51  9.29 10.61 12.43 14.28 16.21 16.89 17.64 17.51 17.59 17.69 17.81 18.66 19.54 21.24 21.54
traj-152:
22.20 22.09 21.93 22.07 22.15 22.12 22.10 22.09 22.10 22.11 22.13 22.15 22.19 22.18 22.21 22.13 22.06 22.07 22.27 23.76 24.35 25.91 27.64 29.12 30.00 31.24 31.27 31.15 30.94 31.07 31.21 31.30 31.48 31.73
 0.42  1.73  2.69  3.85  4.84  6.43  8.10  9.75 11.45 13.23 14.43 16.24 17.92 19.70 20.28 21.84 23.49 25.38 26.19 27.15 27.21 27.37 27.56 27.72 27.76 26.78 24.99 23.44 21.72 19.85 18.38 16.89 15.60 13.63
traj-153:
22.66 22.31 21.96 20.11 18.41 16.93 14.97 14.57 14.33 13.32 11.51 10.08  8.77  6.85  5.24  4.64
 1.51  2.73  3.92  3.71  3.66  3.59  3.86  4.70  6.32  7.68  7.56  7.55  7.61  7.54  7.22  7.20
traj-154:
21.91 22.64 22.62 22.45 22.37 21.60 21.37 20.71 20.46 20.27 20.55 20.60 20.55 20.70 19.09 17.94 16.23 15.64 14.04 13.09 11.25  9.30  8.45  6.72
 0.96  2.64  3.20  5.15  5.94  7.64  8.52 10.18 10.96 11.71 13.50 13.80 15.51 16.70 17.69 17.59 17.37 17.41 17.57 18.22 18.81 19.15 19.25 19.55
traj-155:
20.74 20.80 20.83 21.03 21.05 21.20 21.30 21.40 21.49 21.75 22.14 22.28 22.28 22.29 22.20 22.13 22.18 22.46 23.83 24.43 25.90 26.48 28.23 29.58 29.86 30.03 30.25 30.52 30.86 31.14 31.45 31.72
 0.48  2.36  3.90  5.78  6.27  8.19 10.11 11.55 12.94 14.42 16.34 17.72 19.00 20.75 21.94 23.89 24.77 26.19 27.15 27.14 27.12 27.13 27.25 26.13 24.35 23.42 22.36 21.02 19.37 17.64 15.91 14.59
traj-156:
22.28 22.05 20.63 19.19 17.72 16.86 15.14 13.99 13.48 12.89 11.38 11.08  9.10  8.25
 0.85  1.05  2.43  3.48  3.67  3.74  3.82  5.21  6.79  8.06  9.11  9.11  9.14  8.97
traj-157:
22.41 22.30 22.31 22.32 22.19 22.20 22.24 22.18 21.78 21.89 22.04 21.45 19.78 18.63 17.16 15.93 14.31 13.70 11.85 10.08  9.53  8.05  7.02
 0.79  2.75  3.83  5.54  6.05  7.64  9.64 10.59 12.44 13.49 15.14 16.87 17.43 17.72 17.85 17.99 17.98 18.39 18.99 19.52 19.53 19.50 19.54
traj-158:
22.36 21.68 21.68 21.98 22.11 22.14 22.05 22.02 22.01 22.15 22.21 22.22 21.45 21.15 20.58 20.69 21.61 22.99 23.24 24.94 26.42 28.16 29.03 29.43 29.79
 1.41  3.08  4.80  6.20  7.09  8.68  9.96 11.35 13.29 15.25 17.24 18.10 19.94 20.39 22.28 24.15 25.60 26.89 27.06 27.17 27.24 27.50 28.92 30.52 32.29
traj-159:
20.95 21.20 20.19 18.37 16.94 15.48 14.88 13.08 12.60 10.90 10.17
 1.18  2.47  3.86  3.76  3.67  3.68  3.72  4.39  4.73  4.79  4.21
traj-160:
20.19 20.75 21.57 21.63 21.91 22.13 22.29 22.07 21.63 21.07 20.34 19.02 17.86 16.16 14.28 12.49
 1.66  2.61  4.24  6.07  7.60  9.58 11.47 12.90 14.37 15.55 16.60 17.78 17.79 17.69 17.70 17.74
traj-161:
22.75 22.29 22.21 22.43 22.29 22.13 22.01 21.90 21.91 22.00 22.15 22.15 22.17 22.20 22.14 22.17 22.19 22.58 22.87 23.12 24.00 25.74 27.19 28.04 29.47 30.43 30.67 31.25 31.98 32.54 32.99 33.46 34.07 34.51 35.24
 0.65  2.00  3.40  5.08  6.43  7.82  9.26 10.89 12.07 13.10 15.08 16.84 18.44 19.99 21.02 23.00 24.70 26.53 26.85 27.01 27.12 27.40 27.58 27.62 26.57 24.94 24.25 22.90 21.39 19.67 18.48 17.15 16.08 15.33 14.18
traj-162:
20.26 20.03 19.44 17.68 16.51 15.19 13.95 12.87 12.56 13.13
 1.83  3.56  3.48  3.40  3.60  3.91  5.24  6.18  7.98  8.99
traj-163:
20.85 21.25 21.93 22.02 22.14 22.17 22.28 22.22 22.03 21.88 21.34 20.29 20.27 19.10 17.63 16.74 15.27 14.37 13.20 12.99
 1.48  2.57  4.36  6.35  7.53  8.39  9.55 10.88 12.84 13.97 15.19 16.58 16.88 17.78 17.86 17.89 17.82 17.82 19.28 20.00
traj-164:
20.97 21.28 21.56 21.71 21.79 21.76 21.77 21.73 21.71 21.68 21.69 21.71 21.76 21.80 22.09 21.61 21.13 20.39 21.40 22.69 24.67 26.44 27.86 29.78 31.06 32.43 33.86 34.97 35.14
 1.40  2.67  3.84  5.12  6.67  8.28 10.01 11.54 12.87 13.62 15.38 16.97 18.43 18.78 20.52 22.39 23.42 24.82 26.32 27.16 27.41 27.54 27.68 27.70 29.21 30.05 31.30 32.57 33.13
traj-165:
21.14 21.20 21.34 19.50 17.50 15.76 14.64 14.08 13.57 11.71 10.54  9.00  7.57  7.01  5.32  4.59
 1.73  2.43  3.99  3.86  3.83  3.74  4.55  5.70  6.97  6.64  6.67  6.14  5.55  5.33  4.31  3.65
traj-166:
21.92 21.55 21.61 21.51 20.43 20.52 20.65 21.31 21.82 21.91 21.99 21.18 20.83 19.49 18.00 16.00 14.39 14.21 13.51
 0.65  2.10  2.89  4.86  5.91  7.47  8.04  9.55 10.62 12.45 14.12 15.75 16.21 17.47 17.53 17.47 17.70 17.94 18.45
traj-167:
20.49 20.60 21.21 21.32 21.35 21.22 21.42 21.39 21.41 21.46 21.58 21.92 21.98 22.18 22.12 22.05 22.11 22.24 23.83 25.58 26.76 28.50 30.28 31.28 31.91 32.23 32.41 32.64 33.03 33.11 33.24 33.26 33.50 33.66 33.83 34.10
 1.68  1.96  3.86  5.04  6.48  7.68  9.59 11.00 11.92 13.69 14.51 16.45 18.42 19.86 20.74 22.49 24.21 26.04 27.12 27.14 27.13 27.07 27.03 26.05 25.10 24.01 22.12 21.22 19.35 17.44 15.59 15.15 13.32 12.51 10.81  9.13
traj-168:
20.99 20.63 19.20 17.43 16.84 15.09 14.20
 1.50  2.64  3.26  3.53  3.58  3.80  4.32
traj-169:
20.65 21.00 21.24 21.43 21.86 21.98 21.79 21.75 21.88 21.95 22.16 22.30 22.13 21.85 20.54 20.07 18.28 17.13 15.37 13.53 11.98 10.03
 1.26  2.65  3.79  5.12  6.68  8.55  9.68 10.71 12.20 12.76 14.20 15.63 17.37 18.82 18.08 17.81 17.40 17.36 17.40 17.68 18.06 18.42
traj-170:
21.90 21.94 21.98 21.98 22.17 22.04 21.98 21.88 22.02 21.95 21.95 21.88 21.70 21.61 21.65 21.64 22.06 23.52 24.69 25.85 27.32 29.23
 1.99  3.21  4.59  6.57  7.70  9.47 10.16 11.61 13.37 15.36 15.80 17.69 19.67 21.32 22.90 24.34 26.14 27.06 27.12 27.15 27.18 27.22
traj-171:
22.20 21.94 20.45 19.09 18.51 17.05 15.27 13.84 12.66 11.27  9.98  8.66
 1.57  1.71  2.77  3.83  3.81  3.76  3.77  4.42  4.85  5.40  5.45  5.50
traj-172:
20.13 20.43 20.67 20.83 20.99 20.89 20.95 20.76 20.72 20.63 20.95 20.85 18.88 17.14 15.15 14.85 13.78 13.19 12.88
 1.56  2.91  4.80  6.61  8.16  9.62 10.76 12.53 14.14 15.12 15.70 17.67 17.74 17.68 17.63 17.62 18.91 20.68 21.60
traj-173:
20.56 20.61 20.91 21.27 21.49 21.70 21.93 21.95 22.11 22.11 22.21 22.22 22.15 22.13 22.07 21.95 21.88 21.76 21.99 22.40 22.65 24.39 25.58 26.46 28.20 29.26 30.59 31.58 32.97 33.17
 1.44  1.74  3.57  5.29  7.17  9.00 10.29 10.89 12.31 13.35 15.24 15.54 17.44 18.26 19.88 21.58 23.02 24.10 25.13 26.90 27.08 27.04 27.11 27.14 27.25 28.41 29.81 30.75 32.16 32.31
traj-174:
22.28 20.51 20.01 18.19 16.43 15.84 14.48 13.00 12.23 10.67
 1.83  2.53  2.69  3.14  3.30  3.35  4.23  4.87  4.61  3.98
traj-175:
20.40 20.90 21.40 21.80 22.02 22.12 22.24 22.26 21.85 20.86 20.58 19.05 17.30 15.55 14.89 13.29 12.84 11.95 10.20  9.06  8.16
 1.51  3.41  5.10  6.79  8.12  9.45 11.13 12.87 14.36 15.99 16.10 17.12 17.48 17.65 17.68 18.84 19.35 21.12 22.03 22.04 22.02
traj-176:
21.23 21.08 21.10 21.27 21.42 21.82 21.90 21.80 21.95 21.93 21.98 22.06 22.05 22.05 21.06 20.14 20.08 20.20 21.67 23.09 24.57 26.04 27.79 29.40 30.13 31.73 32.69 33.70
 1.05  2.10  3.83  5.66  7.47  9.22 10.02 11.81 13.54 14.46 16.35 18.29 19.69 20.81 22.44 23.71 25.00 26.37 27.25 27.48 27.54 27.54 27.58 26.95 26.91 26.52 24.85 23.26
traj-177:
20.80 20.86 20.84 19.42 17.52 17.22 15.47 14.40
 0.93  2.26  3.26  3.87  3.75  3.77  3.73  4.46
traj-178:
21.54 22.23 22.32 22.29 22.34 22.37 22.49 22.56 22.57 22.54 22.06 21.24 19.30 17.62 15.85 13.93 13.17 11.50 10.61  9.45
 1.52  3.36  3.64  5.36  6.92  7.80  9.57 11.33 11.81 13.52 15.18 16.95 17.30 17.39 17.43 17.50 17.78 18.10 18.17 18.36
traj-179:
21.03 21.07 21.15 21.37 21.57 21.76 21.82 21.98 22.19 22.16 22.07 22.01 21.81 21.86 21.88 21.96 21.93 21.73 21.36 22.34 22.58 24.35 25.82 27.26 29.19 30.09 31.95 33.80
 1.59  2.61  3.83  5.64  7.33  9.05  9.61 11.42 13.19 14.29 15.81 16.60 18.10 19.21 20.89 22.30 23.10 24.48 25.49 26.92 27.10 27.14 27.15 27.16 26.72 27.02 27.62 27.74
traj-180:
21.56 21.06 20.12 20.03 19.00 17.27 15.81 14.07 12.64
 0.71  1.02  2.52  3.39  3.80  3.45  3.21  3.16  3.16
traj-181:
21.52 21.46 21.46 21.48 21.36 21.26 21.19 20.96 20.80 20.92 21.06 20.08 18.38 17.80 16.08 14.92 13.00 11.46 10.41  8.47  7.01
 1.22  3.05  4.02  5.07  6.13  7.64  8.87 10.28 12.02 13.84 15.30 16.88 17.36 17.49 17.73 17.84 17.98 18.19 18.38 18.79 19.17
traj-182:
21.39 21.50 21.78 21.99 22.10 22.03 21.92 21.85 21.84 21.83 21.90 21.91 21.96 21.98 22.09 22.07 22.06 22.80 23.42 24.48 25.66 27.34 29.10 30.66
 0.67  1.97  3.54  5.15  6.72  8.53  9.97 11.60 13.01 14.66 15.95 17.22 18.63 19.94 21.92 23.31 25.24 26.86 27.23 27.12 27.08 27.03 26.55 26.28
traj-183:
21.62 21.26 20.71 19.96 18.93 17.47 16.59 15.43 14.76 14.29 12.94 11.92 10.19  9.13
 0.93  1.28  2.09  2.98  3.46  3.59  3.59  3.65  4.52  5.47  4.09  4.06  3.94  4.00
traj-184:
21.25 21.57 21.83 21.85 21.90 21.93 21.92 21.92 21.88 21.87 21.38 20.38 20.26 20.16 19.13 17.36 15.58 14.13 12.84 12.22 10.89 10.38  8.90  8.04
 0.75  1.82  2.86  4.65  5.46  6.68  8.55  8.85 10.80 11.10 12.82 13.60 15.23 16.69 17.56 17.54 17.47 17.46 18.81 19.72 21.19 21.57 22.59 22.80
traj-185:
22.60 22.32 21.82 21.69 21.28 21.16 20.60 20.28 20.22 20.28 20.22 20.35 20.33 20.44 20.46 20.47 20.62 20.81 21.17 21.21 23.01 24.48 25.38 27.12 28.98 30.63 30.92
 0.96  1.79  3.51  4.00  5.00  5.67  7.23  8.74 10.30 11.80 13.06 14.57 16.46 18.29 20.07 20.62 22.20 23.68 25.33 26.46 27.20 27.07 27.07 27.09 27.44 28.05 28.14
traj-186:
20.45 20.04 19.84 18.19 16.74 15.87 15.66 14.81 14.29 13.70 12.51 11.61
 0.80  2.62  2.84  3.46  3.67  3.80  4.02  4.65  5.65  6.96  7.93  8.47
traj-187:
20.55 20.83 21.31 21.67 22.12 22.19 22.29 22.32 22.38 22.23 22.15 21.20 19.47 18.00 16.54 14.73 13.59 11.76 10.49  8.54  6.74  5.48
 1.31  3.16  5.07  6.15  7.93  9.68 11.14 12.52 13.70 15.10 15.69 17.32 17.40 17.63 17.86 17.82 17.74 18.27 18.42 18.74 18.88 19.02
traj-188:
21.90 22.16 22.05 22.00 22.10 22.19 22.27 22.36 22.34 22.35 22.19 22.22 22.18 22.23 22.34 22.29 23.51 25.22 26.70 28.19 29.52 30.27 30.86 30.89 31.02 31.23 31.42 31.72 31.95
 0.65  2.52  4.35  6.27  8.27 10.13 12.09 13.80 14.89 15.98 17.36 19.08 20.86 22.82 24.56 26.56 27.19 27.07 27.04 27.03 26.04 24.46 23.33 22.08 20.74 19.45 18.15 16.56 15.46
traj-189:
20.71 19.25 17.47 16.00 14.84 13.89 12.55
 1.84  3.06  3.19  3.29  3.37  4.47  4.52
traj-190:
21.64 21.62 21.57 21.63 21.77 21.72 21.82 21.38 21.48 21.48 20.68 20.50 19.04 17.87 16.12 14.96 14.02 12.80 12.20 11.11  9.97  8.04
 0.86  1.37  3.16  4.64  6.58  8.57 10.56 11.91 13.83 14.20 15.71 16.11 17.29 17.17 17.35 17.48 17.90 19.36 20.20 21.86 22.05 22.38
traj-191:
21.80 21.86 22.07 22.08 22.06 22.18 22.39 22.46 22.56 22.45 22.32 22.17 22.03 22.04 22.06 22.08 22.05 21.53 22.50 23.49 24.89 26.37 27.21 28.69 30.32 29.47 30.07 30.23 31.06 31.30 31.34 31.64 31.88 31.90 32.47 32.43 32.79 33.19 33.57 33.83
 1.28  1.96  3.81  4.78  6.44  8.04  9.99 10.57 12.35 14.30 15.87 17.01 17.94 19.50 20.10 21.81 23.17 25.08 26.44 27.01 27.16 27.13 27.19 27.34 26.27 24.65 23.01 22.29 20.62 19.67 17.85 16.69 14.77 13.94 12.39 11.45  9.78  8.52  6.84  5.64
traj-192:
22.36 21.57 20.68 19.09 17.61 15.86 15.00 14.81 14.29 13.27 11.94 10.27  9.17  7.59  6.09  4.22
 0.87  1.91  2.58  3.52  3.51  3.58  4.83  5.29  7.18  8.33  8.58  7.99  7.47  7.12  6.75  6.29
traj-193:
20.54 20.56 20.57 20.51 20.53 20.49 20.44 20.38 20.41 20.39 20.32 20.00 19.82 19.11 17.80 16.63 15.45 14.58 12.71 11.51  9.81  8.09  6.88
 1.05  2.34  3.65  5.30  6.83  8.23  9.48 11.32 12.13 14.06 14.63 16.35 17.37 17.58 17.77 17.88 17.91 17.94 18.54 19.05 19.65 20.37 20.69
traj-194:
20.95 20.65 20.62 20.55 20.42 20.45 20.67 20.79 20.97 21.00 21.15 21.49 21.60 22.14 22.12 22.23 22.48 22.75 23.00 24.72 26.47 27.34 29.09 30.96 31.75 33.18
 1.93  3.91  5.45  6.32  7.89  9.68 11.64 13.00 14.13 15.48 17.15 18.76 19.89 21.74 23.45 24.97 26.23 26.96 27.13 27.42 27.62 27.72 27.83 27.99 28.01 28.07
traj-195:
20.53 20.36 18.63 16.85 15.36 14.48 12.85 12.05 11.24  9.87  9.06
 1.77  3.70  3.21  3.24  3.30  3.34  4.14  4.82  5.42  6.08  6.53
traj-196:
20.29 20.75 20.89 21.48 21.68 21.70 21.62 21.61 21.32 21.20 20.95 19.55 19.00 17.27 15.53 14.48 14.30 14.01 12.31 11.34  9.45  7.58  6.08
 1.59  3.53  4.31  6.03  7.88  9.46 11.02 11.99 13.55 14.32 16.12 17.27 17.26 17.27 17.28 17.44 17.67 17.74 18.31 18.50 18.95 19.49 20.05
traj-197:
20.57 20.52 20.70 20.93 21.14 21.74 22.10 22.05 21.99 21.99 21.96 21.92 21.95 22.12 22.09 22.14 22.19 21.83 23.13 24.58 26.34 27.22 28.94 29.21 29.40 29.72 29.86 29.90 30.00 30.19 30.49 30.64 30.90 31.08
 1.54  2.77  4.10  5.46  7.16  9.04 10.47 11.46 13.22 14.60 16.59 18.33 19.75 21.19 21.94 23.57 24.87 26.57 27.21 27.16 27.27 27.43 26.79 26.52 26.33 24.95 23.73 21.88 20.54 18.61 16.78 15.22 13.30 12.12
traj-198:
21.37 21.20 20.42 20.35 19.54 17.89 16.15 14.61 13.44 11.99 11.37  9.90  8.38  7.32
 0.40  0.82  2.42  2.71  3.46  3.54  3.54  3.62  4.30  4.70  5.10  5.61  6.09  6.49
traj-199:
20.26 20.48 20.99 21.66 21.69 21.49 21.38 20.76 20.45 21.02 21.41 21.44 20.06 19.02 17.29 16.15 14.20 13.75 12.32 11.15
 0.90  1.87  3.70  5.44  5.73  7.53  9.21 11.09 12.74 13.77 14.80 16.44 17.66 17.54 17.50 17.62 17.79 18.07 18.65 18.60
traj-200:
21.10 21.39 21.59 22.13 22.05 21.99 21.68 21.21 20.68 21.04 21.61 22.00 22.19 22.23 22.20 22.18 21.97 22.75 23.02 24.77 26.52 27.98 28.79 29.94 31.27 31.58
 0.54  2.11  3.51  5.42  7.38  8.95 10.78 12.67 14.49 15.46 16.90 18.51 20.21 21.07 22.72 24.06 25.90 26.96 27.10 27.07 27.10 27.15 27.52 28.35 29.44 29.70
traj-201:
21.06 20.23 18.64 16.89 15.21 14.48 13.10 12.24
 1.46  2.84  3.57  3.35  3.49  4.01  5.38  5.24
traj-202:
21.55 21.70 21.81 22.02 21.85 21.66 21.54 21.51 21.67 21.74 21.09 20.82 19.04 17.58 16.12 14.18 13.92 13.43
 0.82  2.64  3.50  5.48  7.38  9.18 10.53 11.96 13.82 14.49 15.93 16.42 17.19 17.24 17.24 17.37 17.73 17.94
traj-203:
22.07 22.06 22.12 22.18 22.26 22.39 22.35 22.37 22.34 22.34 22.34 22.41 22.46 22.36 22.33 22.21 22.17 22.13 21.89 23.74 25.18 26.64 28.13 30.09 30.39 32.19 32.55
 1.08  1.82  3.16  4.15  5.31  6.72  8.30 10.21 11.63 13.34 14.80 16.74 17.55 19.00 19.60 21.36 22.74 24.54 26.39 27.09 27.14 27.01 27.05 26.71 26.65 26.06 25.98
traj-204:
21.54 20.61 20.10 18.35 16.89 15.73 14.60 13.41 12.08 10.39 10.11  8.19  6.66  5.39  4.04
 1.68  2.87  3.13  3.31  3.32  3.41  4.59  5.92  7.12  7.34  7.43  7.06  6.30  6.31  6.20
traj-205:
21.72 21.57 21.32 20.91 20.52 20.60 20.73 21.23 21.61 21.26 21.01 20.34 19.41 17.69 15.92 14.77 13.88 12.08 10.76
 1.34  2.52  3.59  5.14  6.81  8.15  9.02 10.93 12.82 13.89 15.04 16.83 17.54 17.89 17.90 17.88 17.85 17.97 18.37
traj-206:
20.71 20.92 21.56 21.75 21.83 21.96 21.95 21.92 21.87 21.92 21.89 21.86 21.78 21.78 22.04 22.06 22.07 22.76 23.52 24.40 26.15 27.62 29.19 31.01 31.92 32.80 33.34
 1.42  1.97  3.86  5.49  6.68  8.43  9.38 11.31 13.21 14.82 15.45 17.01 18.75 19.86 21.76 23.23 25.06 26.70 27.11 27.31 27.54 27.44 27.44 27.04 26.85 25.28 24.30
traj-207:
22.69 21.26 19.79 19.20 17.22 16.93 15.01 13.16 12.34 10.50 10.28
 1.65  2.52  3.52  3.55  3.51  3.58  3.94  4.61  4.97  4.48  4.27
traj-208:
20.68 21.41 22.06 22.15 22.09 22.03 22.00 21.99 22.03 21.99 21.24 20.28 18.66 16.92 15.19 14.90 13.00 11.21  9.68  7.92  7.35
 0.80  2.15  4.00  4.88  6.77  8.63 10.34 10.94 12.65 13.19 14.85 16.52 17.15 17.29 17.39 17.42 17.68 17.91 18.25 18.70 18.83
traj-209:
21.07 21.56 21.90 21.91 21.85 21.88 21.90 21.90 21.88 22.00 22.14 22.09 21.92 21.59 20.93 20.82 21.51 22.37 24.00 25.78 27.26 28.60 29.71 30.66 31.33 32.31
 1.11  2.35  4.26  5.68  7.49  9.08 10.44 12.40 13.03 14.59 16.06 17.43 18.86 20.53 22.38 24.33 25.15 26.21 27.05 27.11 27.27 27.77 29.43 30.78 31.81 33.44
traj-210:
22.41 21.72 20.41 19.14 17.37 15.65 14.21 13.02 11.62  9.93  8.32
 0.73  1.43  2.91  3.93  3.85  3.95  4.80  5.96  6.06  6.28  6.02
traj-211:
22.57 21.78 21.86 21.93 22.01 21.99 21.90 21.89 21.95 21.71 20.45 19.71 18.84 17.08 15.89 14.31 13.56 11.84 10.63  9.36  7.97  6.57  5.36
 1.16  2.89  4.72  6.34  8.14  9.46 11.36 11.66 13.40 15.12 16.58 17.07 17.23 17.52 17.60 17.84 17.86 17.93 17.90 18.04 18.15 17.94 17.18
traj-212:
20.69 20.88 21.21 21.38 21.54 21.65 21.82 22.09 22.06 22.09 22.07 22.03 22.06 22.05 22.06 22.09 22.04 22.01 22.70 22.96 23.26 24.65 25.23 26.96 28.42 30.03 30.79 31.33 31.51 31.80 32.13 32.26 32.53 32.91
 0.71  2.40  4.32  5.61  7.52  9.44 10.49 11.84 13.27 15.10 15.30 16.67 18.13 18.93 20.30 22.27 23.34 25.30 26.86 27.01 27.03 27.36 27.49 27.72 27.86 27.68 26.61 25.23 23.62 21.96 20.52 19.71 18.41 16.63
traj-213:
20.75 20.59 20.32 19.99 18.19 16.20 15.91 15.30 14.14 12.76 11.31  9.79
 1.48  1.90  2.03  3.65  3.29  3.29  3.33  3.94  4.61  5.69  6.92  8.21
traj-214:
20.46 20.79 21.22 21.57 21.77 21.87 21.85 21.90 22.07 22.13 22.14 21.59 20.85 19.57 19.00 17.29 16.41 14.79 13.33 11.90 10.78 10.16
 0.57  1.63  3.05  4.73  5.58  7.52  7.82  9.72 10.28 12.04 12.34 14.17 15.84 17.08 17.15 17.37 17.45 17.71 18.78 19.84 20.81 21.17
traj-215:
21.89 21.95 21.98 22.00 22.15 22.14 21.95 21.94 21.76 21.75 21.73 21.76 21.62 21.62 21.97 22.02 22.03 22.06 22.24 22.47 23.36 25.08 26.82 28.58 30.29 31.46 31.90 32.35 33.06 33.82 34.19 34.75 34.92
 0.79  2.72  3.86  4.63  6.61  7.98  9.82 11.56 13.42 15.37 16.25 17.00 18.63 19.22 21.08 23.02 23.49 25.20 26.90 27.08 27.28 27.52 27.79 27.98 27.33 25.71 24.50 23.03 21.22 19.58 18.44 16.57 15.96
traj-216:
22.23 21.97 20.33 18.58 17.10 15.32 13.49 13.24 11.76 11.23 10.52  8.58  6.78
 1.73  1.88  2.85  3.61  3.77  3.83  4.43  4.59  5.62  6.51  7.90  7.53  6.72
traj-217:
20.22 20.67 21.31 22.10 22.20 22.08 22.09 21.89 22.02 22.11 22.14 21.18 19.49 18.34 16.58 14.85 12.94 11.95
 0.63  1.64  2.51  4.23  6.13  8.04  9.90 11.71 13.40 14.16 15.86 17.22 17.65 17.62 17.60 17.65 18.13 18.59
traj-218:
22.20 22.13 22.13 22.03 21.93 21.82 21.96 22.09 22.16 22.35 22.12 21.98 22.07 22.15 22.21 22.20 22.26 22.32 23.65 25.05 26.51 28.27 29.16 30.25 30.70 30.41 30.47 30.60 30.79 31.02 31.21 31.72 32.49 32.58
 0.58  1.94  2.86  4.57  5.93  7.77  9.42 10.27 12.18 13.94 15.64 17.55 18.68 20.43 22.18 23.34 24.91 26.30 27.08 27.08 27.08 27.06 27.05 25.99 25.19 23.26 21.38 19.84 18.39 16.63 15.23 13.50 11.95 11.06
traj-219:
22.14 20.81 19.16 17.71 15.95 14.57 13.88 12.56 12.51
 1.98  2.65  3.58  3.57  3.68  4.49  5.37  6.83  7.10
traj-220:
22.54 22.15 22.13 22.02 21.91 21.73 21.84 22.02 22.25 22.12 21.56 21.30 19.72 18.49 17.34 16.17 14.27 13.98 12.19 10.28  9.74  8.06  7.85
 1.25  2.49  3.29  4.74  5.84  7.38  8.91 10.49 12.20 13.70 15.32 16.23 17.35 17.55 17.50 17.38 17.34 17.36 17.50 17.23 17.08 17.32 17.54
traj-221:
20.43 20.88 21.63 21.65 21.66 21.79 21.92 21.99 21.97 22.18 22.14 22.34 22.19 22.20 22.02 21.82 21.75 22.09 23.73 24.89 26.67 28.36 29.52 31.09 31.66 33.37 34.39 35.70 35.74
 0.85  2.34  4.06  4.90  6.88  8.45  9.51 10.89 11.86 13.66 14.49 16.36 18.23 19.97 21.05 22.86 24.84 26.01 27.10 27.11 27.11 27.07 26.89 26.22 25.96 25.05 24.09 22.75 22.46
traj-222:
21.76 20.48 18.97 17.23 15.29 14.99 13.66 12.71 12.27 11.32 10.39  8.43  6.78  4.84
 1.83  2.67  3.40  3.47  3.74  3.79  4.68  6.09  7.04  8.79  8.69  8.68  8.60  8.81
traj-223:
21.59 21.54 21.07 21.24 21.61 21.86 21.95 21.91 22.04 21.93 21.76 20.30 18.40 17.52 15.77 15.20 14.91 13.14 11.43  9.90  8.11
 1.81  2.55  4.34  5.02  6.56  8.44  9.29 11.17 12.82 14.21 15.77 17.00 17.58 17.63 17.58 17.41 17.37 17.58 17.64 17.64 18.05
traj-224:
21.31 21.55 21.71 21.81 21.94 22.14 22.31 22.55 22.41 22.24 22.11 22.08 22.07 22.08 22.13 22.08 21.96 22.25 22.91 23.77 24.65 26.10 26.66 28.13 29.46 30.15 30.49
 0.56  2.04  3.70  4.38  6.31  8.24  9.41 11.07 12.70 14.43 15.62 17.36 18.83 20.20 20.99 22.36 24.13 25.06 26.61 27.21 27.18 27.15 27.14 27.15 26.03 24.94 23.94
traj-225:
21.92 20.32 19.12 18.30 17.51 15.58 14.86 13.00 12.36 10.46  8.71  7.98
 1.90  2.74  3.35  3.76  3.88  3.91  3.93  4.28  4.36  4.66  4.90  5.01
traj-226:
22.46 22.18 21.97 21.88 21.19 20.77 21.12 21.59 20.95 20.66 21.46 21.67 20.16 18.29 16.82 15.65 14.21 12.87 11.65 10.76
 0.56  2.09  4.07  5.18  6.90  7.89  9.43 11.30 12.45 14.26 16.06 18.02 17.84 17.34 17.32 17.27 17.19 18.59 20.15 21.79
traj-227:
22.10 22.05 21.75 21.72 21.57 21.69 22.17 22.00 22.07 22.19 22.24 22.15 22.14 22.14 22.16 22.15 22.03 22.05 21.99 23.86 25.85 26.14 27.87 29.32 30.23 31.08
 1.50  2.08  4.00  5.29  6.64  7.52  9.18 10.45 11.62 13.55 15.31 16.69 18.14 18.96 20.54 22.21 24.13 24.71 26.49 27.15 27.30 27.36 27.51 28.12 29.08 29.75
traj-228:
22.02 21.22 20.26 19.71 18.28 17.40 15.65 14.82 13.70 12.19 10.35  9.38  7.41  6.01
 0.95  2.05  3.39  3.58  3.70  3.80  3.87  4.31  5.75  6.66  6.47  6.30  6.13  5.35
traj-229:
20.46 20.61 20.84 20.94 21.02 21.16 21.37 21.44 21.18 20.57 20.38 20.32 19.21 17.46 16.29 14.52 13.09 12.15 11.10
 0.45  2.24  3.95  5.14  6.85  7.98  9.28 10.76 11.64 13.27 15.01 16.03 17.11 17.45 17.60 17.68 18.51 19.40 20.78
traj-230:
21.72 21.75 21.77 21.87 22.00 21.93 22.41 22.51 22.56 22.57 22.63 22.46 22.18 22.13 22.15 22.13 22.15 22.56 23.82 24.41 26.16 27.05 28.58 29.20 30.44 31.72 32.23 32.50
 1.82  3.06  4.93  6.41  8.24  9.98 11.64 13.57 14.00 14.45 16.16 17.34 19.04 20.74 22.64 24.50 25.09 26.57 27.24 27.27 27.35 27.41 27.91 28.32 29.21 28.01 26.44 25.90
traj-231:
22.11 21.04 19.62 18.84 17.11 15.92 14.46 12.98 11.14  9.60  8.94  7.06  6.86
 1.28  2.18  3.42  3.71  3.85  3.78  3.73  4.27  4.99  5.50  5.71  5.66  5.89
traj-232:
20.87 20.70 21.02 21.04 21.41 21.54 22.13 22.06 22.05 22.00 21.94 22.11 21.43 19.91 18.43 16.66 14.71 14.48 13.18 12.97 11.71 10.63  8.89
 0.78  2.60  4.52  5.52  7.14  8.61 10.45 10.85 10.97 11.88 13.86 14.71 16.56 17.77 17.90 17.92 17.90 17.89 19.39 19.60 19.39 19.65 20.09
traj-233:
21.50 21.70 21.78 21.92 22.14 22.31 22.39 22.30 22.09 22.02 21.97 21.96 21.94 21.96 21.94 22.03 22.31 22.71 23.93 25.42 26.87 28.34 29.96 31.32
 0.53  2.08  2.64  3.91  5.80  7.73  9.46 10.29 11.84 13.64 15.16 16.30 17.95 19.83 20.95 22.73 24.68 26.39 27.12 27.08 27.07 27.05 26.04 25.15
traj-234:
20.34 20.15 19.92 19.16 17.42 15.67 13.96 13.42 11.88 10.72  8.95
 1.61  2.02  3.18  3.80  3.83  3.79  3.99  4.01  4.38  4.82  5.43
traj-235:
22.50 21.81 22.03 22.01 22.02 22.08 22.13 22.15 21.52 20.56 19.28 17.50 16.05 15.15 13.79 12.85 12.50 12.09 12.86
 1.56  3.29  5.25  7.08  8.50 10.35 11.68 13.14 15.02 16.33 17.35 17.22 17.15 17.18 17.30 18.41 19.90 21.62 22.18
traj-236:
20.26 20.64 21.09 21.56 22.04 22.12 22.04 22.11 21.99 21.94 21.89 21.82 22.03 22.10 22.14 22.13 22.11 22.09 22.09 22.72 23.87 24.65 26.37 27.55 29.44 30.54 30.33 30.88 31.15 31.51 32.07 32.48 32.70 33.15 33.19 33.58 34.33 34.69 35.10 35.31
 0.97  2.32  3.38  4.48  6.13  7.04  8.82 10.48 12.00 13.90 14.23 14.48 16.31 17.47 18.91 20.58 22.13 23.32 25.25 26.63 27.24 27.30 27.24 27.35 26.71 25.19 23.57 21.73 20.51 19.37 17.91 16.44 15.46 13.65 13.31 11.48  9.77  8.49  6.84  5.98
traj-237:
21.24 21.05 19.96 18.25 16.80 14.98 14.35 13.41 12.65 11.62 12.80 13.07
 1.77  2.00  3.04  3.43  3.46  3.55  4.06  5.43  6.42  7.83  8.95  9.08
traj-238:
21.74 21.80 21.91 21.97 22.09 22.18 22.21 21.63 21.24 21.07 20.85 20.83 18.97 17.21 15.43 14.54 13.78 12.71 11.43 11.26 12.14
 1.79  2.27  4.09  5.46  7.15  9.13 10.21 11.95 12.55 13.88 15.65 17.51 17.76 17.81 17.92 17.93 18.33 19.41 20.82 21.85 22.25
traj-239:
21.04 21.23 21.55 22.03 22.02 22.01 22.02 22.03 22.10 22.15 22.10 22.08 22.07 22.10 21.10 20.22 20.82 21.71 22.83 23.77 25.26 26.69 28.16 29.10 29.77 30.23 30.46
 1.05  2.85  3.64  5.08  6.46  7.53  8.60 10.07 11.20 12.37 14.03 15.80 17.20 18.97 20.46 21.91 23.44 24.93 26.46 27.01 27.13 27.29 27.47 28.31 29.51 31.44 33.31
traj-240:
21.69 21.46 20.79 20.41 18.46 17.29 15.84 14.98 14.57 13.31 13.01 11.53 10.05  8.11  7.06
 1.79  2.10  3.01  3.33  3.74  3.73  3.73  5.06  6.56  8.09  8.11  9.11  9.03  8.94  8.51
traj-241:
21.06 21.01 20.93 20.85 20.81 20.80 20.76 20.79 20.94 21.03 20.34 19.42 17.47 15.73 13.76 12.61 11.60  9.99  8.30  7.31  5.85
 1.82  3.17  4.87  6.60  7.49  8.74  9.75 11.70 13.21 14.72 16.32 17.10 17.29 17.19 17.42 18.03 18.53 19.39 20.14 20.52 21.09
traj-242:
21.74 21.77 21.68 21.95 22.12 21.99 22.14 22.19 22.16 22.14 22.22 22.33 22.58 22.61 22.44 22.18 21.17 22.68 24.13 25.28 26.46 28.19 28.97 30.50 31.49 33.15 34.71
 1.84  2.59  4.31  6.26  7.22  9.16 10.76 12.58 14.06 15.54 17.51 18.08 19.53 21.29 22.72 24.64 26.25 27.30 27.34 27.40 27.43 27.32 27.41 27.96 28.24 29.26 30.04
traj-243:
21.12 19.83 18.96 17.23 16.65 15.57 13.92 13.08 12.37 13.26 11.79 11.26
 1.87  3.02  3.09  3.35  3.49  3.71  4.28  5.28  6.87  8.04  9.26  9.37
traj-244:
22.29 22.23 22.25 22.20 22.04 21.94 21.95 21.87 21.62 21.23 20.84 20.82 20.77 19.28 17.57 16.72 15.27 14.38 13.16 12.71 12.50 10.65  8.83  7.71  6.85  5.01
 1.27  2.96  4.10  5.72  7.66  8.24 10.01 11.33 12.09 13.71 14.59 16.17 16.82 17.71 17.65 17.66 17.65 17.65 18.28 18.61 18.82 19.38 19.95 20.28 20.41 20.71
traj-245:
22.29 22.13 21.93 21.38 21.68 21.78 21.98 21.98 22.02 22.07 22.08 22.09 22.20 22.17 22.09 22.18 22.23 22.07 22.84 23.36 25.00 25.87 27.31 29.10 29.63 31.32 32.46 33.59
 0.47  1.45  2.55  4.30  6.07  7.18  9.09 10.46 11.05 12.99 14.97 16.82 18.57 19.16 20.95 22.07 23.52 25.17 26.98 27.28 27.56 27.65 27.79 28.44 28.58 29.10 29.56 30.10
traj-246:
21.73 20.60 19.28 18.69 17.21 15.74 13.91 12.53 11.96 11.15  9.35  8.09  7.03  5.56  4.52
 1.38  2.76  3.93  3.91  3.92  3.80  4.57  5.31  6.47  7.97  8.35  8.07  7.88  7.66  7.31
traj-247:
20.36 20.51 20.94 21.05 21.17 21.25 21.74 21.91 21.84 21.52 20.62 20.64 19.52 17.55 15.85 14.21 12.71 10.77 10.49  8.73  6.90
 1.74  2.00  3.79  5.30  6.85  8.58 10.38 12.37 13.74 14.69 16.44 16.74 17.65 17.71 17.69 17.92 19.04 18.89 18.77 18.67 18.45
traj-248:
20.55 21.54 21.63 21.71 21.83 22.26 22.61 22.60 22.40 22.17 22.23 22.20 22.17 22.13 22.12 22.13 21.06 21.78 22.82 23.07 23.95 25.69 27.48 28.37 29.95 30.58 31.76 32.95 34.18 34.70
 1.77  3.47  4.34  5.56  6.64  8.18  9.69 11.05 12.41 14.33 16.32 17.21 18.65 19.52 21.22 22.97 24.45 25.58 26.88 27.05 27.06 27.08 27.13 27.18 27.95 28.48 29.78 31.22 32.55 33.27
traj-249:
21.44 20.12 19.46 17.72 16.84 15.17 14.40 13.32
 1.67  2.57  3.12  3.33  3.43  3.84  4.26  4.91
traj-250:
22.19 22.17 22.10 22.10 22.07 21.99 21.87 21.80 21.95 21.96 21.75 21.51 20.64 19.19 17.73 16.02 14.27 12.92 12.38
 1.24  1.84  3.63  5.58  6.48  7.95  9.26  9.99 11.75 12.51 14.48 16.15 17.01 17.46 17.67 17.77 17.88 19.30 19.53
traj-251:
21.69 21.70 21.69 21.69 21.85 21.67 21.76 22.19 22.18 22.23 22.23 22.21 22.18 22.16 22.16 22.15 22.30 22.37 23.65 25.39 26.58 27.46 29.17 29.49 30.29 31.04 31.68 32.38 32.69 33.28 33.73 33.85
 0.60  2.10  4.01  5.53  7.39  8.73 10.54 12.44 13.30 15.30 17.14 18.70 19.56 21.22 22.11 23.98 25.68 26.41 27.12 27.08 27.06 27.09 26.65 26.16 24.40 22.92 21.79 20.40 19.13 17.66 15.78 15.50
traj-252:
21.54 21.01 19.57 17.82 16.94 15.01 13.30 11.45 10.49  8.68  7.71
 1.40  1.96  3.09  3.24  3.31  3.40  3.64  4.26  4.41  4.69  4.53
traj-253:
20.08 20.38 20.81 21.11 21.42 21.83 21.44 21.34 21.11 20.85 20.61 20.80 20.15 18.31 16.85 15.67 14.35 13.41 12.15 12.03 11.34
 1.34  2.02  3.27  4.61  6.31  7.66  9.49 10.26 11.51 13.41 14.63 16.60 17.22 17.57 17.70 17.82 17.98 18.57 20.08 20.15 21.94
traj-254:
21.23 21.44 21.36 21.49 21.59 21.72 21.70 21.75 22.08 22.18 22.22 22.15 22.10 22.07 22.07 22.05 22.43 22.68 24.42 25.86 27.58 29.47 30.27 30.80 31.69 32.50 33.42 34.04 34.24
 1.93  3.84  4.95  6.28  7.83  9.74 11.47 13.31 14.09 15.86 17.61 19.57 20.75 22.45 24.39 25.07 26.87 27.04 27.14 27.25 27.24 26.61 25.17 23.97 22.32 20.93 19.32 17.75 17.11
traj-255:
22.41 21.43 20.12 18.51 16.74 15.76 14.08 13.59 12.10 10.52  8.81  7.09
 0.63  1.59  2.88  3.67  3.71  3.92  4.77  5.15  5.77  6.49  7.14  8.01
traj-256:
22.51 21.16 20.89 21.05 21.22 21.59 21.76 21.86 21.93 21.98 22.10 22.05 21.97 21.85 20.02 19.72 17.76 16.04 15.14 13.44 12.05 11.18 10.24  8.98
 1.12  2.08  3.12  4.91  5.48  7.27  8.86  9.43 11.04 12.06 13.48 15.15 16.26 17.34 17.56 17.57 17.58 17.48 17.42 17.67 18.70 19.54 19.98 20.48
traj-257:
22.19 22.17 22.12 22.08 22.06 22.06 22.03 22.01 21.80 22.07 21.89 21.82 21.83 21.92 22.09 22.33 22.73 23.65 24.24 26.17 27.60 29.41 30.92 32.40 34.01 34.93 35.08
 0.78  2.77  3.81  5.26  7.13  8.57 10.57 12.06 13.76 15.57 16.85 18.45 20.25 21.92 23.86 25.72 26.58 27.12 27.24 27.53 27.82 28.27 28.66 29.09 29.43 29.50 29.76
traj-258:
21.23 20.72 19.35 18.49 17.34 15.60 15.02 13.59 11.89 10.45  9.32  8.10  6.36
 1.59  2.22  3.21  3.34  3.47  3.70  3.78  3.96  4.32  4.68  4.71  4.90  5.11
traj-259:
22.40 21.76 21.80 21.85 21.88 21.83 21.92 21.98 22.20 22.17 22.07 22.01 21.89 20.19 18.22 17.03 15.84 14.09 12.92 12.56 11.98
 0.69  2.15  3.83  5.52  6.05  7.89  9.49 10.89 12.52 14.24 15.72 16.52 17.97 17.82 17.51 17.45 17.37 17.43 18.95 20.08 21.34
traj-260:
22.45 22.30 22.22 22.08 21.92 21.89 21.83 22.02 22.03 22.08 22.08 22.03 21.97 21.95 21.99 22.02 22.19 22.17 22.53 23.32 25.06 26.80 27.67 29.03 30.86 32.28 33.13 33.76
 1.11  1.65  3.46  5.17  7.00  7.44  9.33 10.17 12.14 13.55 15.53 16.85 17.89 19.29 20.71 21.78 23.68 25.62 26.71 27.12 27.14 27.34 27.51 27.60 27.61 26.20 24.65 23.78
traj-261:
21.11 20.30 20.03 18.36 17.49 16.02 15.14 13.90 12.12 11.74 10.24  8.58  7.42  6.08  4.18
 1.93  2.60  4.22  3.93  3.80  3.86  3.98  4.51  5.04  5.19  5.82  6.60  7.16  7.61  8.08
traj-262:
22.53 21.67 21.57 21.04 20.73 20.51 20.49 21.06 21.26 21.47 21.65 20.41 19.20 18.03 16.84 15.95 14.00 13.70 13.21 11.32  9.93
 1.99  3.14  3.87  5.41  7.34  8.63  9.78 11.52 12.97 14.95 15.65 16.68 17.60 17.57 17.58 17.58 17.56 17.60 17.83 17.80 17.56
traj-263:
20.76 20.93 21.26 21.67 21.87 21.89 21.93 21.93 21.91 21.94 21.99 22.17 22.17 22.10 22.19 22.19 22.18 22.03 23.20 24.06 25.51 27.20 28.96 30.53 32.37 33.82 34.84
 0.76  1.32  2.78  4.69  6.57  8.28 10.12 11.77 13.06 13.91 15.43 17.12 18.85 20.32 21.87 23.45 24.53 26.31 27.07 27.12 27.18 27.38 27.60 26.67 26.25 25.72 25.23
traj-264:
22.28 21.90 20.76 20.48 20.49 19.39 17.41 15.65 13.99 12.45 11.22  9.82  8.56  7.42
 0.60  0.62  2.19  2.54  2.84  3.70  3.70  3.67  4.37  5.18  5.78  6.55  5.41  4.58
traj-265:
21.23 21.11 20.74 21.30 21.83 21.85 21.80 21.74 21.61 21.55 21.67 20.29 20.05 18.40 17.21 16.32 14.58 13.32 12.46 10.51  9.20  7.91  5.94
 1.44  1.72  3.67  5.02  6.92  8.44  9.21 10.52 11.96 13.29 14.89 16.19 16.67 17.37 17.38 17.36 17.43 18.17 18.56 18.87 19.15 19.42 19.20
traj-266:
20.64 20.80 21.26 21.41 21.46 21.49 21.67 21.69 21.71 21.74 21.93 21.98 22.00 22.02 21.97 21.91 22.00 22.09 22.75 22.97 23.56 25.30 27.06 28.87 30.32 31.35 31.82 32.00 31.91 31.93 32.01 32.19 32.40 32.54 32.64 32.82 33.15
 1.66  2.33  4.03  4.97  6.39  7.92  9.81 10.11 11.85 13.45 15.07 16.97 18.10 19.81 21.36 22.91 24.84 25.13 26.88 27.08 27.19 27.28 27.46 27.91 28.29 27.15 25.55 23.59 21.69 19.95 18.61 17.71 15.73 14.23 12.44 11.68  9.83
traj-267:
21.20 19.79 18.90 17.17 15.40 13.65 12.47
 2.00  3.00  3.14  3.21  3.25  3.47  5.01
traj-268:
22.20 22.12 22.08 22.03 21.99 21.94 21.87 21.89 21.88 21.85 21.85 21.58 20.18 18.89 17.17 15.40 14.80 13.26 12.12 10.65  9.56  8.22  6.47  6.19
 1.68  2.50  3.80  4.97  6.69  7.63  8.99 10.30 12.22 14.09 14.69 16.45 17.64 17.41 17.23 17.17 17.19 18.13 19.24 19.94 20.17 20.45 20.47 20.37
traj-269:
21.94 21.93 21.88 21.79 21.81 22.08 22.06 22.10 22.17 22.02 21.80 21.89 21.96 22.01 22.04 22.03 22.06 23.58 25.32 27.06 28.49 29.83 29.82 30.28 30.89 30.93 30.94 30.83 30.80 30.90 30.91 30.87 30.74 30.64
 1.78  3.13  4.53  6.28  8.09  9.78 10.72 12.56 13.75 15.74 16.86 18.71 20.36 21.77 23.33 24.31 26.09 27.07 27.17 27.29 27.44 27.53 25.67 24.67 23.44 21.74 20.74 19.48 18.07 16.39 15.83 14.38 12.41 11.89
traj-270:
21.81 20.42 18.62 17.75 15.82 15.06 13.73 12.42 10.78  9.48 10.04 11.61 13.59
 1.57  2.63  3.37  3.42  3.66  3.86  4.34  5.20  6.02  7.39  8.55  9.64  9.49
traj-271:
21.10 21.71 22.28 22.32 22.26 22.31 22.33 22.30 22.22 22.08 21.66 19.90 18.06 16.64 15.16 13.51
 1.61  2.17  3.49  5.47  6.80  8.78 10.46 11.86 13.81 15.76 17.49 17.72 17.56 17.36 17.13 17.40
traj-272:
20.50 20.75 21.43 22.17 22.18 22.06 22.05 21.96 22.25 22.49 22.33 22.29 22.30 22.30 22.25 22.23 22.20 21.35 20.67 20.43 20.23 20.01 21.40 22.81 24.55 26.30 27.44 28.29 29.37 30.62 31.40 32.02 32.93 33.65 34.60
 0.82  1.66  2.77  4.29  5.39  6.79  8.47  9.93 11.62 12.67 14.37 14.97 16.73 17.03 19.00 20.86 21.16 22.68 24.16 24.33 24.75 26.39 27.35 27.48 27.64 27.60 27.35 27.21 26.72 25.73 24.00 23.07 21.75 20.89 19.66
traj-273:
21.48 21.33 19.93 18.28 16.82 15.93 14.48 13.94 12.47 11.05  9.46  8.92
 1.75  2.60  3.95  3.70  3.49  3.44  4.18  4.43  5.46  6.44  7.48  7.72
traj-274:
21.82 21.91 21.91 21.52 21.42 21.40 21.36 21.07 21.22 21.33 21.66 20.51 18.66 17.49 16.04 14.57 13.31 12.40
 1.32  1.74  3.66  5.32  6.73  8.65  9.83 11.46 13.43 13.99 15.95 17.04 17.51 17.56 17.64 17.82 18.69 19.39
traj-275:
21.35 21.46 21.65 21.81 21.71 21.57 21.27 21.13 21.10 21.01 21.26 21.42 21.66 22.16 22.09 22.15 22.45 23.34 25.32 26.47 27.92 29.34 29.51 30.34 30.65 31.00 31.64 32.08 32.51 33.12 33.70 34.48 35.22 35.55
 1.90  3.67  5.58  7.21  9.06  9.65 11.10 12.48 14.02 15.45 17.35 18.64 19.93 21.84 23.80 25.61 26.53 27.11 27.16 27.14 27.03 26.49 26.19 24.51 22.64 21.21 19.55 18.23 17.04 15.47 14.04 12.22 10.45  9.61
traj-276:
20.76 20.51 18.88 17.45 16.01 15.42 14.30 13.13 11.35 10.09
 1.77  2.62  3.14  3.44  3.63  3.69  4.89  6.07  6.70  5.92
traj-277:
21.47 21.27 21.14 20.94 20.76 20.70 20.61 20.55 20.44 20.40 20.38 19.17 17.71 15.93 14.74 13.92 12.95 11.67
 1.66  2.72  4.15  6.01  7.52  9.42 11.37 12.97 14.29 14.71 16.69 17.82 17.85 17.97 17.99 18.47 19.47 20.50
traj-278:
22.48 22.37 22.32 22.22 22.04 21.81 21.88 21.83 21.63 22.13 22.05 21.90 21.89 21.89 22.03 22.17 22.21 22.68 23.96 25.70 27.16 28.04 29.08 30.01 30.32 30.81 31.37 31.95 32.46 32.79 33.21 33.81
 1.62  3.61  4.14  5.77  7.70  9.01 10.47 11.28 13.25 15.05 16.49 18.45 20.28 22.13 23.20 24.96 25.40 26.63 27.30 27.13 27.10 27.09 26.10 24.36 23.27 22.49 20.93 19.02 17.20 16.29 15.31 13.93
traj-279:
22.65 22.48 21.41 19.85 18.11 16.94 15.77 13.93 12.86 11.43  9.80
 1.17  1.41  2.82  3.83  3.90  3.93  3.99  4.57  5.09  6.00  6.29
traj-280:
21.37 20.98 21.09 21.34 21.38 21.49 21.08 20.85 21.24 21.38 22.00 21.23 20.94 19.63 18.11 16.64 14.87 13.35 11.45  9.65  8.80  7.15
 1.51  3.18  3.94  5.31  6.53  7.90  9.25 10.15 12.05 12.61 13.51 15.31 16.08 17.05 17.64 17.78 17.65 18.54 18.93 19.09 18.94 18.57
traj-281:
20.68 20.82 20.93 21.01 21.33 21.38 21.39 21.57 21.91 22.33 22.43 22.72 22.55 22.37 22.22 21.99 22.50 22.58 23.62 24.48 25.90 26.75 27.33 29.08 30.79 32.49 32.88 34.60
 0.60  1.97  3.64  5.54  7.42  9.17 10.24 11.23 13.16 15.09 16.17 18.04 19.53 20.91 22.36 24.29 26.09 26.55 27.30 27.27 27.37 27.52 27.63 28.00 28.34 28.63 28.73 29.18
traj-282:
22.58 20.94 20.17 18.26 17.21 15.74 14.91 14.35 13.25 11.58 11.28  9.36
 1.72  2.44  2.65  3.20  3.43  3.61  4.19  4.84  5.96  5.38  5.34  5.46
traj-283:
22.70 22.39 21.92 21.95 22.05 22.24 22.44 22.26 22.08 21.33 21.10 19.83 17.97 16.23 14.28 13.56 13.26 12.99 12.21 10.48  8.50  7.06
 1.66  2.58  4.35  6.18  7.22  8.57 10.49 12.21 14.04 15.83 16.34 17.47 17.21 17.35 17.58 18.72 20.49 21.91 22.02 22.09 22.08 22.09
traj-284:
22.60 22.43 22.17 22.02 21.93 21.94 22.03 22.11 22.35 22.57 22.58 22.12 21.39 20.26 20.22 20.33 20.48 21.38 22.73 24.46 25.62 26.50 28.26 29.20 29.67 30.52 30.99 31.86
 1.80  3.69  5.29  6.93  7.92  9.50 10.92 11.52 13.29 15.04 16.64 18.28 19.33 20.42 21.76 22.79 24.23 25.99 27.17 27.12 27.09 27.09 27.17 28.59 29.30 30.81 31.58 33.14
traj-285:
20.91 20.55 19.42 18.29 16.52 14.66 13.08 11.62  9.77  8.02  6.91
 1.22  2.05  3.16  3.20  3.22  3.30  3.44  4.14  4.70  4.92  4.71
traj-286:
22.01 21.67 21.44 21.17 20.93 20.76 20.59 20.47 20.40 20.28 20.21 20.02 19.22 17.50 17.10 15.16 14.30 12.83 11.33  9.95
 0.90  2.76  3.80  5.54  7.10  8.82 10.04 10.52 12.26 14.02 14.85 16.53 17.17 17.60 17.69 17.91 17.96 18.37 18.86 19.25
traj-287:
20.19 20.64 21.16 21.78 22.30 22.57 22.61 22.38 22.13 21.90 21.53 21.52 21.69 21.65 21.83 22.05 22.52 22.75 24.50 25.56 27.31 28.18 29.78 30.35 30.44 30.32 30.42 30.41 30.37 30.71 30.83 31.11 31.47 31.72
 0.51  2.07  3.90  5.51  7.10  8.86 10.60 12.50 14.38 16.22 18.16 18.90 20.80 22.23 23.56 25.20 26.97 27.16 27.15 27.21 27.26 27.45 26.33 24.43 22.48 20.96 19.38 17.62 15.84 14.10 12.31 10.90  9.46  8.73
traj-288:
22.75 21.60 20.49 19.16 17.68 17.10 15.66 14.64 14.07 13.71 12.45 11.90 10.25  8.26  6.99  5.12  4.25
 0.90  1.99  3.01  3.94  3.85  3.82  3.77  4.51  6.13  7.53  8.61  8.71  8.62  8.57  8.53  8.34  7.94
traj-289:
22.77 22.16 21.63 21.35 20.90 20.71 20.51 20.45 20.54 20.39 20.25 19.09 18.97 18.50 17.02 15.53 14.94 13.36 13.03 12.68 11.74
 1.26  3.00  4.88  5.86  7.80  8.90  9.80 11.33 13.28 14.91 16.76 17.91 17.95 17.86 17.95 17.92 17.91 18.72 20.08 21.66 22.35
traj-290:
21.67 21.95 22.11 22.32 22.41 22.42 22.37 21.94 21.82 21.97 21.76 21.42 21.28 21.63 21.68 21.96 22.01 22.09 22.52 23.68 24.58 26.27 28.04 29.91 31.62 33.38 33.81 34.46 35.28
 0.58  2.43  3.92  5.69  6.26  8.21  8.72 10.31 12.16 13.92 15.42 17.35 18.13 19.87 21.35 22.74 23.54 24.89 26.67 27.42 27.45 27.46 27.65 27.16 26.81 25.90 24.03 22.42 20.63
traj-291:
21.43 20.28 19.03 18.54 16.93 15.74 14.28 12.40
 1.12  2.57  3.56  3.62  3.74  3.67  3.56  3.53
traj-292:
20.46 20.90 21.66 22.13 22.09 22.02 22.06 21.56 21.12 20.68 20.56 20.49 20.84 19.46 17.59 16.99 15.24 14.94 13.20 11.42 10.46  8.99  7.15  5.64
 0.45  1.55  3.22  4.07  5.46  7.30  8.37 10.20 10.59 11.25 12.72 14.35 15.87 17.21 17.54 17.60 17.58 17.56 17.58 17.55 17.67 18.03 18.55 19.11
traj-293:
21.65 21.48 21.36 21.40 21.47 21.53 21.48 21.41 21.32 21.52 21.62 21.76 21.92 22.28 22.10 21.97 21.83 21.50 22.63 23.83 25.55 27.02 27.90 29.59 31.45 32.30 33.01 33.67 34.47
 1.11  2.85  4.44  5.68  7.46  9.27 11.18 11.90 13.84 15.35 16.64 17.56 18.07 19.85 21.14 22.75 24.23 26.05 26.37 27.04 27.16 27.20 27.26 26.92 26.60 25.63 24.80 23.61 21.99
traj-294:
20.35 20.35 20.11 19.11 17.32 15.44 13.95 12.08 10.82
 0.66  0.88  2.69  3.21  3.25  3.22  3.23  3.36  3.44
traj-295:
21.12 21.31 21.50 21.66 21.63 21.69 21.83 21.76 21.69 21.48 21.41 20.86 19.19 18.32 16.52 14.75 13.55 12.75 12.40
 0.70  2.61  3.97  4.71  6.40  7.36  8.89 10.79 12.20 14.07 15.77 17.49 17.89 17.91 17.94 17.88 18.70 20.16 21.16
traj-296:
22.39 21.74 21.61 21.65 21.74 21.77 21.77 21.95 21.97 22.10 22.17 22.15 22.10 22.13 22.11 22.16 22.03 21.45 21.15 22.97 23.56 25.31 26.97 28.67 29.84 30.22 30.44 30.36 30.86 31.14 31.90 32.76 33.66 34.16 34.28 34.47 34.87 34.97 35.03
 0.87  2.72  3.51  4.47  6.39  8.02  9.39 10.81 12.23 14.16 15.60 17.09 18.44 19.61 21.46 22.99 23.80 25.46 26.71 27.39 27.39 27.38 27.31 27.07 26.56 24.89 22.90 21.24 19.31 18.76 17.13 15.85 14.54 12.71 10.83 10.22  8.46  6.94  6.44
traj-297:
21.34 21.17 21.48 21.11 19.48 17.52 15.80 14.29 13.25 12.65 11.84
 0.79  1.21  3.14  3.85  3.82  3.58  3.70  4.73  6.08  6.84  8.23
traj-298:
21.65 21.50 21.65 21.81 21.87 21.95 21.96 21.59 21.98 22.01 21.61 19.76 18.45 16.77 15.31 13.97 13.09 11.56
 1.92  2.77  4.57  6.53  7.40  9.32 10.66 12.61 14.52 15.53 17.31 17.37 17.40 17.49 17.58 17.73 18.26 19.48
traj-299:
21.99 21.97 22.03 22.01 22.01 22.09 22.07 22.07 22.14 21.98 21.94 22.12 21.82 21.98 22.11 21.92 21.89 22.54 22.78 23.04 24.62 26.39 28.17 29.99 30.62 31.96 33.25 34.88 35.62 35.69 35.82
 0.83  1.43  3.41  4.84  6.63  7.21  9.09  9.17 10.91 12.82 14.78 16.56 17.89 19.64 21.39 22.87 24.56 26.40 26.89 27.03 27.02 27.07 27.17 27.36 28.17 28.80 29.28 29.80 30.92 30.77 31.66
