traj-0:
20.09 18.71 17.62 16.12 14.99 13.32 12.50 10.96 10.50
 1.53  2.55  3.47  4.66  4.79  5.83  6.61  7.65  7.81
traj-1:
19.71 20.36 20.35 20.24 20.05 19.86 19.84 20.17 20.38 20.45 20.44 20.43 20.51 20.42 20.27 18.99 17.10 15.93 15.05 13.29 12.14 10.43  8.95  8.04
 0.64  2.22  3.98  5.04  6.64  8.24  8.63 10.32 12.05 13.52 15.21 16.39 18.06 19.81 21.28 22.74 22.71 22.74 22.72 22.47 22.22 21.62 21.35 21.24
traj-2:
20.44 20.29 20.05 19.88 19.75 19.50 19.90 19.95 20.13 20.21 20.24 20.25 20.07 20.05 20.27 20.34 20.41 20.29 20.06 20.04 19.44 20.32 21.86 22.71 24.46 25.35 27.12 28.22 29.64 29.44 29.25 29.35 29.44 29.59 29.79 30.29 30.45
 0.46  1.26  3.06  5.03  6.80  7.68  9.36  9.94 11.85 12.71 14.68 15.28 17.22 17.52 19.37 20.23 22.20 23.37 25.10 26.44 28.20 29.23 30.09 30.06 30.09 30.09 29.34 27.68 26.68 24.89 23.33 21.60 19.71 18.72 16.89 15.10 14.56
traj-3:
19.44 18.85 18.50 16.74 15.32 14.34 13.34
 0.95  2.15  2.75  3.38  3.59  3.78  4.06
traj-4:
18.77 18.96 19.95 19.96 19.98 20.05 20.04 19.89 19.80 19.80 19.79 19.47 19.10 18.84 19.06 18.71 17.44 15.67 13.89 12.14 10.25  9.37  7.81  6.90
 1.00  1.23  2.86  3.43  5.40  6.94  8.75 10.69 12.33 12.95 14.65 16.61 18.41 20.22 20.75 22.34 22.91 22.79 22.66 22.50 21.92 21.17 21.02 20.82
traj-5:
20.30 20.19 19.91 19.93 19.88 19.90 19.92 20.01 20.03 19.84 19.82 19.86 19.98 20.09 20.09 20.06 19.94 19.92 19.94 20.25 20.47 21.40 22.40 24.05 25.82 27.29 28.73 29.87 29.58 29.91 30.51 30.88 31.21
 1.74  2.77  4.29  5.66  7.25  8.93 10.66 12.32 13.05 14.98 15.62 17.29 18.31 19.78 21.19 22.36 24.35 26.31 27.60 28.91 29.62 30.09 30.46 30.92 30.87 30.86 30.88 29.67 27.71 26.91 25.64 24.60 23.50
traj-6:
20.58 20.05 19.16 17.66 16.09 14.63 13.30 11.79 10.35
 0.67  1.49  2.72  3.36  3.86  4.31  5.14  6.39  7.12
traj-7:
18.83 19.09 19.17 19.38 19.62 19.74 19.99 19.95 19.71 19.63 19.33 19.58 19.18 19.19 18.94 18.97 18.45 18.04 16.26 14.52 13.36 11.65  9.82
 1.73  3.51  4.24  5.07  6.58  7.12  8.76  9.87 11.73 12.19 14.00 15.42 17.32 17.45 18.69 20.16 21.28 21.71 22.40 22.30 22.08 21.28 20.50
traj-8:
18.88 19.10 19.32 19.50 19.81 19.88 20.05 20.00 19.99 20.04 20.12 20.10 20.07 20.05 20.04 20.04 20.06 20.07 20.01 20.06 20.40 22.10 23.48 24.35 26.23 27.69 28.71 30.23 31.66 32.95 33.04
 1.84  3.26  4.72  5.58  7.21  7.63  9.42 10.19 12.00 13.88 15.49 16.55 17.69 19.69 20.88 22.57 24.27 25.15 27.03 28.48 29.26 30.13 30.38 30.39 30.18 30.01 29.70 29.34 28.81 27.58 27.30
traj-9:
18.51 18.78 18.77 17.34 15.61 14.78 13.06 12.66 11.55 10.81
 0.78  1.77  3.19  4.40  4.35  4.41  5.41  5.99  6.94  7.82
traj-10:
19.98 19.80 19.53 19.56 19.68 19.80 19.91 19.95 19.81 19.61 19.39 18.90 18.07 18.84 19.08 19.30 17.54 15.79 14.93 13.14 11.39  9.49  7.51
 1.80  3.44  4.16  6.04  7.33  9.26 10.91 11.39 13.00 14.84 16.76 17.48 18.29 20.08 20.27 22.14 22.54 22.27 22.27 22.26 22.55 22.69 22.61
traj-11:
19.87 19.85 19.81 19.82 19.91 19.98 19.92 19.95 19.94 19.97 20.14 20.16 20.29 20.04 19.89 19.98 20.02 20.05 20.67 22.33 22.98 23.81 25.76 27.32 27.84 29.22 29.53
 1.89  3.81  5.57  7.36  9.34 11.33 12.85 14.84 16.80 17.09 18.95 19.25 20.99 22.72 24.01 25.49 26.85 28.23 30.13 30.44 30.50 30.58 30.30 29.69 28.61 27.27 26.81
traj-12:
18.76 18.12 16.38 16.08 14.24 13.20 12.56 11.25 10.23
 1.60  3.32  3.92  3.90  4.45  6.16  7.26  7.48  7.04
traj-13:
18.39 18.52 18.68 18.83 19.43 19.52 19.75 19.79 19.85 19.81 19.84 19.87 19.63 19.15 19.31 18.30 16.65 15.20 14.62 12.88 11.71  9.91  8.61  6.74  6.44
 1.37  2.56  4.00  4.55  6.14  6.89  8.45  9.22 10.92 12.80 14.50 15.36 17.26 18.62 20.56 21.44 22.16 22.37 22.48 22.56 22.36 22.37 22.72 23.42 23.45
traj-14:
19.77 19.92 19.64 19.60 19.35 19.39 19.33 19.34 19.49 19.68 19.69 19.70 20.12 20.30 20.37 20.29 20.24 19.45 19.09 19.31 19.83 20.80 21.65 22.80 24.51 26.27 27.78 29.51 29.79 31.55 31.87
 1.43  1.98  3.76  4.05  5.94  6.37  6.95  7.99  9.91 11.33 13.28 14.89 15.80 17.19 18.96 19.55 20.99 22.62 24.56 26.11 27.72 29.39 30.05 30.05 30.02 30.11 29.33 29.71 29.80 29.43 29.71
traj-15:
19.24 19.06 18.22 16.94 16.38 14.83 13.57 12.66 11.84 10.14  8.41  6.71  5.78  4.22
 1.19  1.43  3.04  4.20  4.41  4.83  5.66  6.36  6.30  7.17  7.88  7.16  6.55  5.67
traj-16:
18.52 19.66 19.83 19.80 19.83 19.80 19.84 19.91 20.02 19.99 19.67 19.71 19.65 19.63 18.62 18.14 16.56 14.78 12.99 12.74 12.16 12.20
 1.44  2.99  4.42  6.04  7.14  8.55  9.29 10.92 12.05 13.51 15.40 17.25 18.17 19.47 21.12 21.40 22.17 22.11 22.06 21.89 20.06 19.60
traj-17:
19.24 19.26 19.57 19.69 19.55 19.48 19.08 19.31 19.68 19.94 19.93 19.90 19.73 19.61 19.90 19.88 19.89 19.94 20.06 20.12 21.07 23.05 24.50 25.36 27.14 28.28 28.06 28.13 28.41 29.03 29.64 30.25 30.51
 1.88  2.48  4.39  5.09  6.98  8.47 10.35 12.09 13.05 14.79 16.64 17.10 18.78 19.55 21.41 21.71 23.62 25.50 27.46 29.09 30.17 30.22 30.20 30.28 29.96 28.75 27.63 26.46 24.50 22.88 21.28 19.63 18.09
traj-18:
20.64 20.54 20.46 20.50 19.56 18.66 17.16 15.73 15.15 13.40 13.15 11.65 10.02  8.85
 1.31  3.11  4.71  5.82  7.30  5.74  4.52  4.67  4.70  5.66  5.87  6.69  6.23  5.95
traj-19:
18.32 19.50 20.11 20.21 20.04 19.90 20.06 20.04 19.87 19.96 20.02 20.06 20.12 20.12 19.40 19.24 17.29 16.72 15.26 13.81 12.55 12.32 12.46
 0.52  1.39  2.29  3.74  4.58  6.16  7.78  9.47 11.27 12.92 14.20 15.25 17.01 18.51 20.17 21.74 22.19 22.20 22.27 22.31 21.57 19.70 19.43
traj-20:
19.18 19.25 19.35 19.43 19.58 19.69 19.72 19.88 19.98 20.17 20.14 20.29 20.22 20.25 20.37 20.13 19.90 20.03 20.11 20.35 21.51 23.49 25.45 27.14 27.90 28.60 29.15 29.66 30.17 30.66 30.97 31.38 31.91 32.29 32.77 33.01 33.12 33.45 33.43
 0.91  2.20  3.99  5.25  7.02  8.77  9.67 11.48 13.28 15.10 15.40 17.13 17.68 19.66 21.41 23.16 25.04 26.70 28.45 29.31 30.14 30.22 30.33 30.02 28.22 26.71 26.02 24.85 23.25 21.71 20.63 19.07 17.59 15.77 14.00 12.43 11.59  9.80  8.90
traj-21:
20.27 19.83 19.36 18.35 17.16 15.72 14.01 13.41 11.60 10.41  9.03  8.31  7.55  6.04  5.08
 0.47  2.00  3.32  4.14  4.67  4.78  4.88  4.94  5.35  5.44  6.58  8.11  9.33  8.71  8.08
traj-22:
20.74 20.70 20.69 20.55 20.54 20.48 20.36 20.11 19.80 19.38 19.37 19.36 19.85 19.87 19.88 18.98 18.18 16.41 15.27 14.40 12.52 11.66 11.00
 1.81  3.49  4.58  6.19  6.73  8.42 10.35 11.39 12.81 14.42 14.39 14.71 16.51 17.75 19.36 21.05 21.94 22.50 22.50 22.39 22.48 22.68 22.89
traj-23:
18.07 18.36 18.90 18.98 19.56 20.00 20.04 20.11 20.22 20.13 20.06 19.94 19.97 20.05 20.11 19.57 19.19 19.75 19.99 20.45 21.90 23.12 24.85 26.07 27.11 28.02 29.59 30.34 30.36 29.35 28.89 28.44 27.54
 1.47  2.56  4.33  5.45  7.20  8.49 10.33 12.31 14.03 15.99 16.28 18.24 18.54 20.23 21.97 23.64 25.39 27.16 28.22 29.26 30.04 30.07 30.34 30.45 30.22 29.93 29.20 27.81 25.99 24.44 23.27 21.52 20.23
traj-24:
20.22 19.18 17.91 17.32 16.22 14.62 14.35 13.20 12.75 11.32  9.64  8.01  6.96  5.93
 0.99  1.90  3.12  3.50  4.22  4.82  4.95  6.34  7.42  8.68  7.84  7.75  7.76  7.68
traj-25:
18.49 18.67 18.83 18.99 19.14 19.40 19.44 19.61 19.85 20.12 20.34 20.21 20.22 20.13 20.09 20.02 19.33 18.15 16.31 14.54 12.86 11.48 10.61  9.11
 1.30  1.77  3.65  4.97  6.29  8.21  8.25 10.12 11.94 13.75 15.51 17.46 18.66 20.42 21.01 22.47 23.61 23.08 22.48 22.58 22.74 22.81 22.91 23.90
traj-26:
19.14 19.32 19.65 19.87 20.01 20.03 20.23 20.41 20.16 20.09 19.95 20.01 19.83 19.72 20.13 20.07 20.05 20.00 20.00 19.94 19.86 21.65 23.37 24.52 26.27 27.78 29.06 29.19 29.47 29.62 29.44 29.27 28.79 28.70 29.34 29.31 29.32 29.37 29.47 29.54 29.61
 1.21  1.44  3.35  3.93  5.87  7.43  9.24 11.20 13.18 14.37 15.90 17.33 19.04 19.32 20.75 22.24 23.41 25.36 26.82 28.75 29.38 30.03 30.37 30.59 30.82 30.47 29.05 27.73 26.74 25.47 24.13 22.58 21.27 20.49 18.87 17.24 15.42 14.07 12.36 11.84 10.27
traj-27:
20.61 19.71 18.20 16.63 15.51 14.61 13.35 12.49 11.04  9.51  8.75  8.69
 1.66  2.63  3.32  3.40  3.40  3.46  3.50  3.50  4.11  5.32  6.82  8.77
traj-28:
18.48 18.67 18.88 19.12 19.27 19.59 19.76 20.16 20.16 20.21 20.44 20.46 20.21 20.10 19.05 17.62 15.93 14.17 13.58 12.63 11.20 11.06
 0.70  1.64  2.69  4.39  5.49  7.33  8.55 10.49 12.18 13.98 15.42 16.58 18.53 20.23 21.87 22.15 22.29 22.40 22.32 22.10 20.93 20.34
traj-29:
19.21 19.25 19.47 19.65 19.65 19.75 20.23 20.35 20.53 20.53 20.43 20.41 20.44 20.49 20.43 20.45 20.44 20.48 20.46 20.22 20.43 21.94 23.70 25.41 27.11 28.30 29.51 29.84 30.11 30.40 30.73 30.98 31.35
 0.74  2.56  3.96  5.65  6.10  6.88  8.68  9.37 11.09 13.05 14.70 15.90 16.77 18.25 19.66 21.45 23.22 24.35 25.79 27.52 29.19 30.32 30.74 31.09 30.91 30.28 29.57 28.52 26.73 25.06 23.38 21.82 20.03
traj-30:
20.69 19.02 17.45 16.34 15.63 14.53 13.59 13.14 12.86 12.27 10.67  9.49  7.52
 1.29  2.23  3.27  3.57  3.73  4.00  4.95  6.38  7.68  9.11  9.97 10.10 10.08
traj-31:
20.33 20.06 19.77 19.98 20.06 20.04 20.03 20.05 20.07 20.08 20.07 20.08 20.09 19.51 18.25 16.52 15.65 14.49 13.31 11.77 11.31  9.78  9.52
 1.59  2.06  3.98  5.67  7.43  8.33  9.69 11.35 13.10 14.74 16.08 17.75 18.35 20.09 21.61 22.42 22.33 22.22 22.15 21.67 21.38 20.13 19.98
traj-32:
18.48 18.74 19.48 20.18 20.15 20.05 19.94 19.96 19.93 19.94 20.01 20.21 20.19 20.30 20.36 20.30 20.23 20.17 20.06 19.89 20.22 20.77 21.45 23.15 24.03 25.19 26.96 27.00 27.07 27.18 27.30 27.39 28.07 29.20 30.05 31.05 32.02 32.39 32.99
 1.61  2.06  3.36  5.14  7.04  7.95  9.59 11.32 12.46 13.87 15.66 17.25 18.85 20.32 21.21 22.36 23.49 24.42 25.86 26.43 28.28 29.64 30.94 31.22 31.23 31.24 31.14 29.43 28.46 26.61 24.99 23.61 21.74 20.55 18.77 17.07 15.79 14.69 12.81
traj-33:
20.23 20.75 20.84 20.61 20.29 19.24 17.66 15.73 15.15 13.62 13.39 12.31 11.51  9.82  8.07  7.32  5.50
 0.80  1.01  1.59  3.57  4.07  5.53  4.88  4.59  4.57  5.66  6.21  7.34  7.00  6.33  5.75  5.48  4.82
traj-34:
20.50 20.34 20.10 20.27 20.37 20.48 20.33 20.30 20.28 20.22 20.04 19.43 19.19 19.19 19.25 19.10 17.64 15.69 14.81 13.65 12.18 11.89 11.34  9.93  8.02  7.37  5.52  5.24
 1.09  1.92  3.60  5.49  6.08  7.68  9.03  9.86 11.43 13.30 14.36 16.05 16.55 18.12 19.17 20.94 22.19 22.26 22.29 22.19 22.07 21.99 21.86 21.49 21.83 22.29 23.05 23.15
traj-35:
18.99 19.33 19.55 19.99 20.12 20.21 20.30 20.36 20.36 20.28 20.23 20.14 20.04 20.16 20.32 20.31 20.24 20.19 20.36 21.83 23.51 25.36 26.73 28.26 29.14 30.50
 1.80  3.28  4.38  5.63  7.12  8.56 10.16 11.21 12.91 14.90 16.04 17.74 19.43 21.29 22.73 24.45 25.94 27.37 29.23 30.15 30.47 30.54 30.49 29.39 27.98 27.10
traj-36:
20.22 19.54 18.38 16.88 15.73 14.95 13.45 12.11 10.52  9.46  7.56  7.31
 1.07  1.62  2.77  3.28  3.48  3.64  4.07  4.46  5.29  5.76  5.63  5.46
traj-37:
19.14 19.31 19.67 20.03 20.03 20.07 20.10 20.06 20.16 20.16 20.19 20.09 19.97 19.96 19.85 19.69 19.63 18.18 16.63 15.18 13.43 11.67 10.71 10.02  8.19
 0.71  1.63  3.08  4.79  5.31  7.15  7.97  9.53 11.32 12.52 13.59 15.00 16.45 17.83 19.01 20.11 22.05 22.97 22.65 22.79 22.95 22.81 22.16 21.60 21.02
traj-38:
20.00 20.02 20.07 20.14 20.10 20.06 20.06 20.05 20.15 20.19 20.15 19.98 20.02 20.07 20.08 20.09 20.14 19.92 19.89 19.89 20.50 22.19 22.66 24.32 26.05 27.86 29.30 30.57 31.75
 1.11  2.26  3.77  5.54  7.18  7.96  9.89 10.26 11.83 12.31 14.07 14.95 16.86 18.05 19.75 21.06 22.80 24.28 26.01 27.38 29.22 30.13 30.05 30.03 30.17 30.22 30.68 30.86 31.45
traj-39:
19.83 19.68 19.23 18.69 17.01 15.56 14.73 13.36 11.67 10.00
 0.57  2.41  4.33  5.26  4.81  4.84  4.82  4.81  4.75  4.61
traj-40:
20.14 19.59 19.56 19.68 19.80 19.88 19.76 19.83 19.82 19.90 19.16 18.29 18.46 18.42 16.63 16.06 14.58 12.84 10.85  9.80  8.45
 1.95  3.41  4.88  6.42  7.57  8.78 10.66 12.48 12.93 14.80 16.61 18.38 19.89 21.42 22.18 22.33 22.37 22.15 22.26 22.50 22.80
traj-41:
19.08 19.26 19.87 20.47 20.49 20.46 20.44 20.23 20.09 19.98 19.91 19.98 20.05 20.15 20.16 20.09 20.13 20.08 20.12 20.23 20.33 20.90 21.53 22.80 23.98 25.17 27.02 28.26 28.91 30.14 31.25 32.45 33.73 34.11
 1.01  1.25  2.92  4.43  5.51  6.11  6.41  8.34  9.88 11.79 13.26 14.73 15.73 17.17 18.95 20.41 22.09 23.98 25.08 26.74 28.19 29.67 30.13 30.15 30.07 30.01 29.62 28.27 27.68 26.54 25.48 24.57 23.31 22.84
traj-42:
18.52 18.27 16.82 15.34 13.56 13.29 11.67 10.17  8.49  7.52
 1.96  3.82  4.96  4.96  4.97  5.12  5.71  6.15  6.68  7.63
traj-43:
19.11 19.57 19.97 20.12 20.08 20.03 19.85 20.05 20.04 20.13 20.31 20.35 20.00 18.87 17.06 15.32 13.60 11.99 10.98  8.99  7.45  6.48
 0.65  2.26  4.00  5.98  7.10  8.79 10.77 12.48 14.17 16.13 17.84 18.44 20.40 21.57 22.27 22.26 22.08 21.65 21.59 21.67 22.17 22.53
traj-44:
18.52 18.34 18.35 18.74 19.15 19.40 19.69 19.83 20.04 20.17 19.35 18.98 19.03 19.08 19.35 19.60 19.73 20.32 20.25 20.87 21.73 22.86 24.31 24.86 26.38 27.84 29.72 31.29 31.74 32.87 34.02
 0.41  2.03  2.52  4.15  6.04  7.92  9.52 10.85 12.67 14.44 16.07 17.12 19.09 20.19 21.66 23.11 25.10 26.96 28.15 29.41 30.15 30.09 30.19 30.36 30.19 30.14 29.76 28.92 28.59 27.66 26.37
traj-45:
19.05 19.19 19.48 19.27 17.57 15.76 13.87 11.94 11.15
 0.94  1.52  3.27  4.67  4.90  4.79  4.56  5.05  4.80
traj-46:
18.07 18.58 18.98 19.02 19.53 19.74 19.79 19.83 19.97 19.90 19.89 19.13 18.61 18.37 19.15 19.62 19.97 18.84 17.03 16.46 15.00 13.27 12.97 11.24
 0.59  1.97  3.52  4.06  5.94  7.67  8.05  8.86 10.75 12.38 14.18 15.95 16.25 18.07 19.76 20.13 21.95 22.80 22.63 22.60 22.58 22.57 22.62 22.67
traj-47:
19.61 19.69 19.87 20.03 20.16 20.05 20.03 20.10 20.04 20.01 19.94 19.76 19.75 19.82 20.12 20.09 20.07 20.17 20.14 20.40 21.69 22.97 24.69 26.43 27.99 27.97 28.19 28.65 28.46 28.26 28.06 28.01 28.20 28.43 28.72 28.96
 1.54  3.34  4.35  5.32  7.10  8.45  9.71 11.16 13.12 14.35 15.76 17.70 19.38 20.45 21.88 23.33 24.37 25.66 27.63 29.21 30.05 30.62 30.91 31.15 30.29 28.45 27.78 26.32 24.37 23.28 22.10 20.95 19.35 17.40 15.49 14.18
traj-48:
19.91 18.68 18.50 16.62 14.87 13.72 12.52 11.15 10.89  9.86
 1.41  2.69  4.53  4.13  4.14  4.15  5.15  6.27  6.43  8.11
traj-49:
19.49 19.77 19.75 19.46 18.96 18.98 19.13 19.43 19.57 19.82 19.40 19.10 18.33 18.66 18.57 17.02 15.61 13.84 12.32 11.09  9.71  8.31
 1.05  1.81  3.12  4.48  6.28  8.10  9.77 11.37 12.69 14.34 15.86 16.50 18.15 19.66 21.47 22.17 22.26 22.35 22.70 23.08 23.32 23.37
traj-50:
19.78 19.85 19.89 19.84 19.84 19.87 19.80 19.69 19.63 19.58 19.45 19.09 18.62 18.35 18.36 18.67 19.45 20.06 20.04 19.98 21.41 21.98 23.42 25.16 25.45 27.12 28.87 30.01 31.39 32.38 32.73 32.87 32.94
 1.02  2.61  4.05  5.25  6.98  8.54 10.37 12.36 14.33 14.86 16.59 18.49 19.77 19.91 20.21 22.01 23.62 25.23 27.22 29.20 30.16 30.15 30.14 30.38 30.44 30.83 30.31 29.53 28.18 26.55 24.72 23.80 22.07
traj-51:
19.09 18.80 17.96 16.60 15.60 14.08 12.80 12.57
 1.42  1.51  3.20  3.76  4.16  5.00  6.21  8.06
traj-52:
19.55 19.54 19.75 19.92 20.02 19.89 19.69 19.50 19.60 19.79 20.05 20.11 19.02 18.23 18.15 18.02 18.14 17.15 16.26 14.56 12.81 11.03  9.39  7.73  5.83
 0.55  1.62  3.57  5.49  7.19  9.08 11.03 12.52 14.07 15.66 16.54 17.13 18.50 20.00 20.03 20.50 22.33 22.44 22.30 22.40 22.29 21.51 20.55 19.91 19.32
traj-53:
20.76 19.68 19.51 19.18 18.85 18.97 19.03 19.13 19.29 19.18 18.88 18.73 19.03 19.20 19.74 19.49 19.22 19.02 18.53 19.47 19.97 20.10 20.02 21.67 22.56 24.48 25.47 27.17 28.41 28.63 28.86 29.11 29.33 29.73 30.23 30.95
 1.22  2.60  4.12  5.98  7.90  9.51  9.52  9.76 11.73 13.36 14.05 15.60 16.52 17.89 18.93 20.28 21.68 23.10 25.03 26.15 26.99 27.27 29.14 30.04 30.09 30.30 30.10 29.40 28.17 27.08 26.01 24.37 22.94 21.16 19.62 18.06
traj-54:
19.71 18.63 17.40 16.00 14.10 12.43 11.16  9.53  7.74  7.29  5.64
 0.74  2.33  3.71  4.13  4.70  5.32  6.12  6.86  6.56  6.27  5.45
traj-55:
20.68 19.78 19.80 20.13 20.13 20.24 20.35 20.38 20.36 20.22 20.15 20.13 20.12 20.09 20.05 19.92 18.34 16.42 15.53 14.08 13.20 12.18 10.80  9.06  8.11  6.36  5.02
 0.89  2.07  3.11  5.05  5.35  7.08  8.83 10.31 11.78 13.74 15.50 16.10 17.50 19.28 19.57 21.39 22.23 22.46 22.35 22.19 22.05 21.53 21.24 21.12 21.16 21.12 21.08
traj-56:
20.70 20.06 19.84 19.92 20.05 20.06 20.07 20.15 20.05 20.37 20.42 20.22 20.02 19.95 19.90 19.97 19.99 20.12 20.08 20.12 20.49 22.04 23.75 25.01 26.35 28.23 29.86 31.36 32.10
 1.05  2.65  4.57  5.83  7.53  9.06  9.89 11.24 13.03 13.87 15.32 16.69 18.11 19.97 20.55 21.71 23.30 24.71 25.59 27.36 29.22 30.02 30.06 30.47 30.64 30.06 31.13 30.81 30.64
traj-57:
19.50 19.67 19.05 17.27 15.39 14.37 13.35 12.60 11.48  9.67  8.12  7.16
 1.74  2.92  4.45  4.63  4.37  4.73  6.15  7.24  8.82  9.41  9.15  8.96
traj-58:
20.65 20.38 20.09 20.23 20.37 20.46 20.33 19.99 19.70 19.22 18.71 19.39 19.80 19.92 19.37 18.86 16.88 15.41 14.24 13.08 11.33 10.31
 1.38  3.07  5.01  6.71  8.46  9.64 11.56 12.66 13.82 15.46 16.96 18.34 20.15 20.68 22.28 22.68 22.79 22.69 22.65 22.61 23.24 23.71
traj-59:
19.26 19.40 19.95 20.10 20.07 20.05 20.02 19.97 19.82 19.70 19.66 19.42 19.26 19.13 19.49 20.12 20.07 20.08 19.97 19.40 20.89 21.87 23.59 25.36 27.10 27.98 27.93 28.61 29.00 30.03 30.69 30.89
 1.59  2.47  4.32  5.34  6.76  7.90  9.25 10.65 11.98 13.49 15.40 17.16 18.20 19.35 20.64 22.45 24.45 26.21 27.29 28.82 30.09 30.09 30.06 30.21 29.83 29.08 28.79 27.11 25.16 23.98 22.66 21.64
traj-60:
18.56 18.43 18.33 16.94 15.19 13.49 12.60 11.04  9.36  7.95  6.64  5.87
 1.84  2.63  3.85  4.75  4.85  5.83  7.12  7.74  6.86  6.24  5.81  5.52
traj-61:
20.68 20.68 20.78 20.44 20.37 20.22 20.07 19.81 19.61 19.19 19.05 18.76 18.65 19.24 19.90 19.91 18.32 16.38 15.50 13.73 12.58 10.86 10.31  8.53  6.72
 0.97  1.27  2.98  4.87  5.46  7.13  8.19  9.61 10.71 12.51 13.48 15.40 16.82 18.69 20.41 21.54 22.44 22.85 22.85 22.76 22.60 22.45 22.20 21.33 21.81
traj-62:
20.13 19.99 19.80 19.82 19.81 19.98 19.95 19.89 19.88 19.89 20.03 19.69 19.44 19.12 18.94 19.34 19.83 20.06 19.90 20.03 20.13 20.15 21.43 22.82 24.21 26.17 26.64 27.95 29.03 28.81 28.88 28.74 29.81 30.08 30.78 31.10 31.86 32.72 33.44 33.81
 0.90  1.19  3.08  4.25  5.33  6.98  7.71  8.98 10.08 11.08 13.05 14.71 15.60 17.52 19.05 20.57 22.30 23.12 25.04 26.93 28.40 29.02 30.07 30.38 30.74 30.96 30.71 29.68 28.27 27.77 25.82 24.20 22.62 21.96 20.25 19.49 17.93 16.16 14.37 13.10
traj-63:
18.79 18.77 18.29 18.09 16.51 15.63 13.77 12.83 11.61  9.63  8.73
 0.92  1.22  2.85  3.31  3.64  3.68  4.02  4.66  5.45  5.22  4.84
traj-64:
18.16 18.46 19.13 19.11 18.92 19.38 20.12 19.98 19.77 19.88 19.96 20.00 20.09 20.09 19.64 19.41 18.51 16.86 16.29 14.50 12.59 10.97 10.44  9.15  8.53
 0.47  1.64  3.51  3.95  5.31  6.54  8.06  9.59 10.80 11.95 12.94 14.92 16.46 18.12 20.00 20.39 21.95 22.75 22.68 22.57 22.35 21.71 21.43 20.73 20.32
traj-65:
19.32 19.29 19.44 19.94 20.09 20.17 20.16 19.98 19.86 19.80 19.95 20.05 20.09 20.02 20.00 19.26 19.22 18.86 18.84 19.71 20.14 21.61 23.09 24.79 25.67 27.46 27.65 29.36 29.34 29.22 29.12 29.01 28.89 28.62 28.39 28.14 28.03
 1.69  2.13  3.99  5.86  6.52  8.01  9.85 11.41 13.31 15.02 15.88 17.80 18.39 20.18 21.64 23.29 23.74 25.54 27.41 28.39 29.17 30.22 30.30 30.40 30.43 29.77 29.54 28.64 27.38 26.29 24.73 22.98 21.45 20.01 18.04 16.27 14.32
traj-66:
20.05 20.09 19.34 18.94 17.79 16.15 14.72 13.34 12.24 11.30  9.63  8.16  7.62
 0.78  1.59  3.11  3.74  3.94  4.23  4.55  5.73  7.11  8.13  9.11  9.57  9.75
traj-67:
18.12 18.52 19.09 19.71 20.16 20.11 20.05 20.15 20.16 20.19 20.35 20.36 20.43 20.41 20.06 19.99 18.72 18.29 16.68 14.92 13.18 12.30 10.50  9.40  7.45  5.73  5.13
 0.56  1.64  3.31  4.55  6.19  7.92  8.73 10.31 12.10 14.07 15.99 16.47 18.24 18.54 20.24 20.53 21.93 22.17 22.51 22.55 22.58 22.62 23.03 23.23 23.47 23.60 23.60
traj-68:
19.53 19.92 20.26 20.14 20.05 20.05 19.97 20.17 20.34 20.31 20.25 20.09 19.89 19.81 19.95 19.73 19.35 19.51 19.65 19.96 21.18 21.76 23.33 25.09 26.54 27.20 28.34 28.92 29.01 28.93 28.68 28.76 29.58 29.33 29.48 29.71 30.26 31.91 32.89
 0.69  1.92  3.58  4.94  6.57  7.37  8.98 10.82 12.26 13.98 14.86 16.78 18.45 20.20 21.64 23.52 24.52 25.69 27.19 28.69 30.08 30.12 30.11 30.04 30.01 28.63 27.56 26.38 25.20 23.86 22.04 20.39 18.97 17.26 15.41 13.50 12.06 11.40 10.01
traj-69:
20.49 19.47 18.22 16.43 14.97 14.25 12.55 11.78 10.48  8.78  7.03  6.46
 1.31  1.75  2.48  3.20  3.26  3.58  4.38  4.64  5.39  6.41  6.41  6.23
traj-70:
20.51 19.51 19.26 18.89 19.14 19.49 19.89 19.98 20.05 20.16 20.19 20.16 20.14 20.15 20.07 20.02 19.53 18.49 17.58 15.99 14.41 13.52 11.63 10.99  9.41  7.44  6.41
 0.45  1.59  2.02  3.94  4.68  5.43  6.43  8.06  9.10 10.78 12.68 14.35 16.08 16.95 18.33 19.74 21.46 21.92 22.06 22.24 22.17 22.13 21.50 21.54 21.34 21.34 21.48
traj-71:
19.15 19.19 19.30 19.36 19.53 19.82 19.98 20.16 20.06 20.10 20.09 20.11 20.13 20.12 20.09 20.07 20.10 20.06 20.08 20.08 20.48 21.33 22.56 23.10 24.98 26.33 28.06
 1.55  1.85  3.66  4.42  6.03  7.71  9.38 11.06 11.97 13.36 15.03 16.12 17.59 18.47 20.20 21.65 23.62 25.41 27.18 27.48 29.42 30.03 30.92 31.00 30.39 30.08 29.32
traj-72:
18.46 19.22 18.53 16.70 14.99 13.79 12.14 11.38  9.68
 1.94  3.69  5.39  4.72  4.70  4.83  5.80  5.66  5.47
traj-73:
20.76 20.65 20.60 20.67 20.35 20.11 20.07 20.06 19.91 19.85 20.08 19.49 18.94 18.53 17.11 15.35 13.40 12.51 10.89  9.61  8.36  6.37
 1.74  3.43  4.70  5.50  7.43  8.78 10.76 11.38 13.01 14.71 16.50 18.36 20.14 21.29 22.37 22.27 22.11 21.56 20.54 20.28 20.18 19.93
traj-74:
20.11 19.80 19.80 19.81 19.99 20.13 20.27 20.15 20.08 20.00 19.99 19.90 19.86 19.81 19.80 19.86 19.99 19.98 19.98 21.00 22.40 24.36 26.17 27.68 28.73 29.55 28.99 28.53 27.82 27.59
 1.63  3.57  5.02  5.62  7.26  9.21 10.58 12.27 13.37 15.28 17.28 18.04 19.76 20.65 22.19 23.59 25.00 26.96 28.44 30.03 30.20 30.46 30.35 29.15 28.40 27.29 25.64 24.58 22.81 22.05
traj-75:
20.01 19.50 19.26 18.35 18.28 16.35 15.19 13.76 12.76
 0.70  2.19  3.04  4.27  4.29  4.14  4.05  3.49  3.19
traj-76:
20.17 19.63 18.93 19.20 19.06 19.22 19.44 19.89 20.19 20.11 20.03 19.61 19.13 19.13 19.23 19.19 17.83 17.33 15.61 14.46 13.00 11.43  9.68  9.09  7.42
 0.66  1.62  3.34  4.86  5.13  5.99  7.60  9.40 11.13 13.12 14.32 16.15 17.38 19.35 20.65 21.39 22.52 22.53 22.48 22.53 22.42 22.59 22.95 23.04 23.39
traj-77:
20.05 19.19 18.62 19.06 19.66 19.70 19.52 19.65 19.52 19.89 19.99 20.04 19.40 18.82 19.18 19.98 19.88 19.77 19.73 20.56 21.23 22.19 23.59 24.84 25.99 27.73
 1.23  2.96  4.18  6.02  7.82  9.36 11.28 12.86 13.75 15.43 17.01 18.06 19.72 21.56 22.29 23.94 25.30 26.39 28.03 29.69 30.13 30.18 30.20 30.19 30.47 30.99
traj-78:
19.51 19.76 19.98 18.28 16.52 15.68 13.95 12.01 11.41  9.59  7.67
 0.85  2.61  3.43  4.10  4.07  4.13  4.13  4.31  4.37  4.47  4.98
traj-79:
18.12 18.79 19.27 19.62 19.78 19.81 19.75 19.74 19.77 20.02 20.12 20.04 19.97 19.51 18.70 17.24 15.27 13.82 13.23 12.54 10.89  9.32
 0.54  2.02  3.44  4.82  5.45  7.35  9.13 10.70 11.79 13.22 14.40 16.11 17.85 19.69 21.32 22.32 22.35 22.18 22.09 21.66 21.24 20.99
traj-80:
18.78 18.95 19.09 19.41 19.42 19.45 19.50 19.65 19.84 19.94 20.05 20.13 20.14 20.16 20.17 20.13 20.10 20.11 20.16 20.16 20.16 20.66 21.95 23.73 25.46 27.14 27.92 28.70 29.02 29.14 29.49 29.70 29.74 29.85 29.99 29.84
 1.27  3.11  4.06  5.68  6.21  7.69  8.23  9.67 11.50 12.35 14.04 15.96 17.36 19.28 20.54 21.73 23.50 24.10 25.55 27.01 28.19 29.39 30.13 30.06 30.02 29.49 28.71 26.88 25.20 23.32 21.48 19.68 19.10 17.26 15.53 13.84
traj-81:
18.73 18.64 18.00 17.38 15.87 14.06 12.65 11.28 11.05  9.06  7.89  7.41
 1.02  1.59  3.07  3.53  4.16  4.91  5.74  6.88  7.00  6.96  5.52  4.96
traj-82:
20.43 20.61 20.67 20.72 20.66 20.69 20.42 20.13 20.06 19.95 19.95 19.87 19.96 20.05 20.09 19.97 18.14 17.53 15.64 14.76 13.58 12.71 11.37
 1.13  2.59  4.02  5.49  6.39  8.34  9.94 11.50 13.49 15.27 15.57 17.50 18.61 20.31 22.29 23.48 22.91 22.80 22.62 22.52 22.35 22.15 21.64
traj-83:
19.03 19.19 19.65 19.93 19.97 20.06 19.82 19.69 19.77 19.73 19.83 20.02 20.16 20.19 20.08 20.09 19.94 20.00 19.95 19.97 21.13 22.56 24.23 25.94 27.02 27.34 27.71 27.93 28.37 28.24 28.01 28.11 28.03 28.01 27.95 27.87 27.75 27.71 27.59 27.48
 1.38  2.16  3.91  5.68  7.66  9.59 10.73 12.57 13.85 15.14 17.12 18.02 18.60 20.08 21.21 22.08 23.55 25.10 26.86 28.78 30.20 30.54 30.69 30.94 29.66 29.42 27.86 27.30 25.62 23.81 22.30 20.70 19.62 18.66 16.77 16.31 14.59 13.29 11.38  9.82
traj-84:
19.05 19.61 20.06 19.98 18.30 17.21 15.23 13.66 12.10 10.32 11.47 12.19
 1.37  2.68  4.34  5.14  4.76  4.30  4.14  4.78  5.38  5.90  7.37  8.24
traj-85:
18.22 18.97 20.12 20.09 19.90 19.76 19.57 19.39 19.35 19.23 19.06 18.72 18.72 19.13 19.50 19.39 19.11 17.32 15.37 13.64 12.16 10.59 10.49 10.56 10.61
 0.43  1.18  2.70  4.46  6.28  7.80  9.11 10.69 11.22 13.03 14.78 16.74 17.04 18.77 20.67 21.98 22.75 22.64 22.69 22.61 22.33 21.94 21.23 19.30 19.00
traj-86:
20.02 20.10 20.11 20.11 20.16 20.21 20.05 20.02 20.00 19.93 20.03 19.95 19.93 19.93 20.07 20.12 19.87 19.91 20.10 20.10 20.88 22.63 24.50 25.62 27.52 28.60 29.94 30.37 30.57 31.27 31.27 31.56 31.66 31.87 31.94
 0.61  2.06  3.23  4.10  6.04  8.01  9.12 10.05 11.75 13.74 15.62 16.80 18.64 18.95 20.70 22.31 23.97 25.13 27.08 28.44 30.25 30.41 30.67 30.84 31.31 30.99 29.55 27.62 26.99 25.47 24.88 23.03 21.66 20.06 19.47
traj-87:
20.16 19.29 17.99 16.51 14.66 13.37 12.69 11.22  9.52  9.04  7.54  5.76
 1.96  2.79  3.65  4.51  4.96  6.39  7.99  8.56  8.72  8.67  8.33  7.90
traj-88:
20.36 20.58 20.41 20.26 20.15 20.14 20.12 20.11 20.08 19.74 19.13 19.09 19.61 20.09 19.01 17.31 15.53 14.06 13.19 11.40
 0.72  2.67  4.60  6.52  8.29 10.21 11.26 12.69 13.66 15.42 16.74 18.16 19.67 21.19 22.69 22.94 22.86 22.87 22.66 23.42
traj-89:
18.96 19.02 19.08 19.13 19.11 19.19 19.21 19.35 19.11 18.57 18.48 18.67 19.06 19.17 19.49 20.10 20.07 20.16 19.99 19.95 19.99 20.14 20.68 21.38 22.97 23.54 25.20 26.51 28.13 28.51 29.02 29.42 29.24 28.61 28.43 28.13 27.62 27.45 27.35 27.20
 0.51  2.27  3.37  4.88  6.66  8.36  8.66 10.51 11.41 13.28 14.32 15.89 17.58 18.39 19.77 21.33 22.77 24.50 26.29 26.97 27.52 28.33 29.66 30.06 30.38 30.47 30.83 31.09 30.22 29.11 28.06 26.36 25.61 23.78 22.62 20.88 19.23 17.63 16.67 15.25
traj-90:
19.12 19.03 18.46 17.21 15.53 14.99 13.88 12.68 11.34 10.24  9.06
 1.30  2.57  4.10  4.63  4.87  4.96  5.61  6.90  5.63  4.39  3.31
traj-91:
19.54 19.63 19.47 19.47 19.47 19.66 19.73 19.80 19.72 19.84 19.94 19.97 19.39 19.29 18.93 18.36 17.35 15.35 14.16 12.48 11.84 10.25  9.34  7.84  6.02
 0.40  2.31  3.74  4.60  5.92  7.49  8.45 10.29 11.40 13.04 14.55 15.58 17.42 18.82 20.04 21.69 22.57 22.57 22.57 22.34 21.47 20.39 20.02 19.38 18.82
traj-92:
18.51 18.48 18.73 18.98 19.06 19.12 19.44 19.65 19.71 19.70 19.79 19.90 20.09 20.19 20.24 19.93 19.85 19.97 20.17 21.64 23.50 25.44 27.15 27.34 27.47 28.52 29.03 29.65 30.48 31.15 31.91 32.26 33.44 33.88
 1.84  3.00  4.80  6.08  7.83  8.86 10.67 12.57 13.81 15.06 16.06 17.84 19.71 21.50 23.19 24.94 25.48 27.34 29.27 30.04 30.19 30.18 29.39 29.16 28.89 27.26 26.17 24.65 23.42 21.84 20.57 19.94 18.47 17.23
traj-93:
18.07 18.32 16.53 15.10 13.46 12.78 11.28 11.02  9.42  8.93  7.75
 1.96  3.29  4.11  4.38  5.46  6.01  7.02  7.18  6.14  5.47  4.47
traj-94:
18.46 18.50 18.94 19.32 19.59 20.03 19.98 19.97 19.71 19.65 19.60 19.50 19.46 19.27 18.39 16.92 15.72 13.73 11.98 11.01 10.51
 1.83  2.30  3.95  5.62  6.52  8.24  9.93 11.53 13.46 14.53 15.94 17.13 18.94 20.70 22.46 22.45 22.46 22.42 21.89 20.27 18.39
traj-95:
19.43 19.88 20.22 20.28 20.42 20.49 20.54 20.59 20.48 20.28 20.16 20.09 20.10 20.02 19.94 19.93 19.89 19.88 20.81 21.79 23.67 25.12 26.25 27.44 28.99 29.90 30.10 31.17 32.41 33.05
 1.96  3.57  5.29  7.08  8.84  9.65 11.64 13.11 15.10 16.82 18.81 20.59 21.73 23.42 24.99 26.43 27.76 28.53 30.30 30.39 30.74 30.97 31.15 30.26 29.38 27.73 27.51 25.95 24.45 23.35
traj-96:
18.64 18.55 18.51 18.49 16.69 14.97 13.27 12.33 10.75  8.86
 0.42  1.14  2.77  3.98  4.81  4.61  4.93  5.20  5.93  6.12
traj-97:
18.32 18.61 19.03 19.10 19.60 20.04 20.15 20.24 20.21 20.19 20.08 20.05 20.07 20.03 18.65 17.10 16.80 15.10 13.90 12.50 10.82  9.20  7.79  5.97  5.45
 1.05  2.72  4.66  4.92  6.84  8.43  9.61 11.58 13.31 15.07 16.79 17.68 19.32 20.22 21.61 22.62 22.60 22.50 22.59 22.73 22.75 21.68 21.21 22.00 22.21
traj-98:
20.21 20.16 20.11 20.11 20.31 20.16 20.09 19.82 20.16 20.26 20.21 20.13 20.11 20.06 19.52 20.07 20.13 19.43 18.87 19.91 20.57 22.16 24.12 25.86 27.59 28.18 29.27 29.50 29.75 29.94 29.70 29.55 29.50 29.38 29.36 29.27 29.23 29.03 28.79
 1.11  2.13  3.69  4.45  6.30  7.68  8.81 10.68 12.52 13.10 14.81 15.61 17.38 19.19 20.15 21.72 23.50 25.28 27.16 28.59 29.66 30.83 31.12 31.07 30.94 30.83 29.55 28.22 26.34 24.41 22.82 21.06 20.48 18.80 17.84 15.97 15.44 13.96 12.85
traj-99:
19.00 19.06 18.24 17.36 15.53 13.82 12.26 11.11  9.85  8.26  7.06  5.67
 0.72  2.25  3.83  4.43  4.04  3.55  4.46  5.39  6.32  7.36  7.14  6.80
traj-100:
20.62 20.47 20.13 20.08 20.00 19.94 19.97 19.96 19.88 19.94 20.12 20.21 20.23 20.29 20.30 19.64 17.80 15.84 14.09 12.62 12.12
 0.85  1.42  2.90  3.95  5.46  7.02  8.48 10.25 11.91 13.83 15.51 17.48 18.08 19.86 20.76 22.48 22.56 22.34 22.25 22.04 21.71
traj-101:
18.15 19.05 19.62 19.70 19.91 19.94 19.96 19.99 20.20 20.27 20.32 20.27 20.21 19.94 19.64 19.42 19.56 18.56 18.11 18.25 19.57 20.03 20.29 21.85 23.26 25.00 26.15 27.49 28.85 30.43 30.72 32.42
 1.40  2.68  3.77  5.46  7.04  7.81  9.33 11.05 13.04 14.52 15.41 16.53 18.23 19.35 20.93 21.88 23.30 24.91 25.31 27.21 28.68 29.04 29.17 30.13 30.13 30.22 30.33 29.25 28.25 27.15 27.12 26.27
traj-102:
19.31 18.84 17.24 16.78 15.19 13.56
 1.94  2.16  3.24  3.45  4.07  4.69
traj-103:
20.57 20.29 19.14 19.30 19.44 19.60 19.63 19.68 20.06 20.06 20.05 20.02 20.07 19.69 19.23 18.69 18.32 16.50 14.72 13.26 12.10 11.93 10.91 10.67
 0.77  0.86  2.49  3.34  4.68  5.82  7.52  9.52 11.46 12.06 13.86 15.62 16.48 17.64 18.96 20.49 21.37 22.07 22.08 22.09 21.38 21.14 19.73 19.56
traj-104:
18.38 18.78 19.01 19.39 19.70 19.80 19.87 19.99 20.13 20.19 20.10 20.02 20.00 19.96 19.99 20.04 20.05 20.08 20.02 20.15 21.39 22.23 23.97 25.53 26.74 27.83 28.90 29.10 29.45 29.60 29.79 29.93 29.94 29.95
 0.92  2.76  3.58  5.28  7.14  8.74  9.80 11.49 13.47 15.45 17.22 18.70 19.78 21.74 23.66 24.55 26.51 26.80 28.75 29.03 30.11 30.12 30.29 30.34 30.49 30.68 29.12 27.68 25.77 24.85 23.15 21.43 20.77 18.90
traj-105:
18.48 18.60 18.20 18.02 16.18 14.43 12.63 12.48
 1.12  2.52  3.39  4.32  4.45  4.39  5.04  5.30
traj-106:
19.33 19.80 20.19 20.25 20.30 20.25 20.25 20.19 20.07 19.94 19.58 19.21 19.41 19.66 19.22 17.44 15.53 14.93 13.18 11.79 11.63 10.74 10.78  9.27  7.36  6.54
 1.25  2.76  4.41  6.06  7.23  8.34 10.02 11.12 13.08 14.78 16.64 18.26 19.33 20.80 22.29 22.53 22.72 22.74 22.80 22.57 22.19 20.52 20.22 19.03 18.64 18.47
traj-107:
19.91 19.92 20.00 20.06 20.17 20.24 20.31 20.29 20.21 20.28 20.35 20.38 20.39 20.33 20.19 19.99 20.08 20.10 20.03 19.19 20.10 21.74 22.71 24.46 25.01 26.72 28.46 29.83 29.23 28.47 27.99 27.49
 0.99  1.29  3.18  4.31  5.79  6.67  8.39  8.69 10.44 11.62 12.74 14.53 16.49 17.15 18.80 20.49 22.10 23.85 25.84 27.62 29.20 30.12 30.39 30.75 30.98 31.22 31.02 29.84 28.24 26.62 25.79 24.83
traj-108:
19.61 19.33 17.88 16.11 14.48 12.57 11.01  9.99  8.46  7.19
 1.35  1.98  3.12  3.94  4.52  4.76  4.85  4.92  4.91  3.49
traj-109:
19.54 19.48 19.65 19.74 19.78 19.88 20.15 19.63 19.33 19.54 19.57 19.92 19.92 20.07 19.18 18.09 18.13 17.98 16.06 15.76 13.97 12.82 11.00 10.21
 0.72  2.65  4.00  4.88  6.64  8.42 10.16 11.96 13.26 14.98 15.28 17.05 17.49 19.15 20.60 21.76 22.06 22.06 22.32 22.32 22.24 22.09 21.71 21.61
traj-110:
19.55 19.57 19.55 19.72 19.73 19.72 19.68 19.62 19.56 19.55 19.47 19.32 19.32 19.41 19.31 19.38 19.38 19.22 18.82 19.42 20.00 21.78 23.60 25.35 27.03 27.54 28.96 29.85 29.73 29.73 29.67 29.74 29.83 29.93 30.13 30.35 30.49 31.63
 0.88  1.74  3.69  5.33  6.76  8.50  9.28 11.27 13.10 14.02 15.53 16.90 18.07 20.05 21.59 23.37 23.67 25.49 26.86 28.28 29.45 30.05 30.00 30.03 29.65 29.37 28.38 26.95 25.13 23.47 21.49 20.69 18.80 18.11 16.72 15.04 13.94 12.90
traj-111:
19.72 19.83 19.52 19.18 17.55 15.83 13.86 12.79 11.63 10.87  9.12  8.83
 1.31  1.59  3.51  5.48  4.86  4.48  4.68  5.13  5.82  6.18  6.32  6.41
traj-112:
19.66 19.33 19.56 19.58 19.53 19.51 19.63 19.92 20.02 20.08 19.95 19.88 19.44 19.23 17.52 15.75 14.88 13.15 12.27 12.02
 1.22  2.69  4.14  5.95  7.55  8.66 10.65 12.59 13.73 15.16 17.14 18.26 20.13 21.36 22.36 22.28 22.22 22.11 22.06 21.89
traj-113:
19.43 19.71 19.79 20.03 20.01 20.00 20.03 20.06 20.10 20.22 20.25 20.28 20.24 19.66 19.39 18.68 19.47 19.89 20.11 20.21 20.31 21.55 22.94 23.84 25.00 26.33 27.79 28.94 29.96 30.06 30.24 30.40 30.32 30.18 30.32 30.62 30.68 30.94 31.32 31.51 31.69 32.06
 1.64  3.39  4.29  6.23  7.07  8.76 10.51 11.40 12.60 14.47 15.36 17.13 17.43 19.03 19.67 21.54 23.28 25.12 27.09 27.95 29.17 30.01 30.04 30.10 30.13 30.09 29.40 28.86 27.62 26.29 25.29 23.35 21.65 20.00 18.76 17.88 16.64 15.17 13.22 11.91 10.76  8.92
traj-114:
19.62 18.76 18.01 17.10 15.38 14.82 13.26 12.63 11.28  9.99  8.01  6.59  5.30
 1.74  3.19  3.70  4.32  4.67  4.79  5.80  6.40  7.84  8.48  8.27  6.87  5.46
traj-115:
20.61 20.45 20.48 20.41 20.41 20.37 20.19 20.12 20.08 20.02 20.13 20.12 20.04 19.94 18.68 17.45 15.96 14.20 13.03 11.67  9.89  8.68  6.97
 1.69  3.65  5.05  6.97  8.68  9.87 10.97 12.69 14.34 15.22 16.65 18.04 20.04 21.19 22.08 22.14 22.23 22.31 22.38 22.24 22.30 22.34 22.52
traj-116:
20.13 19.65 18.87 18.73 18.40 18.63 18.84 19.12 19.47 19.62 19.92 20.11 20.31 20.15 20.00 19.85 19.98 20.11 19.76 19.96 20.23 20.34 20.69 21.90 23.80 24.50 26.17 27.85 27.92 28.64 29.10 29.20 29.46 29.76 29.66 30.46 31.00 31.05
 0.56  1.32  2.76  4.22  5.70  6.93  8.05  9.36 11.07 11.64 13.03 14.78 16.41 18.11 19.18 21.06 22.19 23.57 24.79 26.19 27.96 28.54 29.28 30.03 30.18 30.23 30.24 29.74 27.74 26.55 25.11 24.60 22.64 20.96 19.29 17.60 15.68 15.39
traj-117:
20.44 20.15 19.15 17.92 16.34 15.76 14.18 13.63 11.89 10.15  8.54  6.77  6.28
 0.90  1.65  3.09  4.11  4.50  4.64  4.95  4.94  4.83  4.90  4.95  4.90  4.76
traj-118:
18.84 19.28 19.76 19.66 19.57 19.64 19.70 20.08 20.14 20.08 20.15 19.93 19.85 19.99 18.17 16.23 15.36 13.59 12.06 11.32
 1.01  2.37  3.85  5.15  6.73  8.13  9.62 11.31 12.82 14.81 16.56 17.98 19.96 21.77 22.18 22.44 22.34 22.14 21.29 19.66
traj-119:
18.81 18.83 19.27 19.43 19.61 19.93 19.82 19.95 20.13 20.16 20.16 20.15 20.14 20.12 20.10 20.20 20.06 19.97 19.86 20.50 20.74 22.70 24.16 25.49 27.28 27.88 29.39 29.64 30.10 30.15 31.00 31.15 31.72 31.42 31.12 30.95 31.39 32.13 32.39
 0.86  2.27  3.95  5.35  6.75  8.54  9.18 10.19 12.12 13.31 14.74 16.31 18.23 19.96 20.85 22.81 24.57 26.24 28.05 29.84 30.03 30.10 30.13 30.14 30.22 30.18 29.15 27.80 25.94 25.34 23.58 22.37 20.63 19.45 18.34 17.23 15.44 13.63 13.15
traj-120:
18.88 18.66 18.37 16.52 15.95 15.03 14.26 12.35
 1.61  2.11  2.48  3.07  3.21  3.64  3.80  3.71
traj-121:
19.83 19.80 19.88 19.91 19.93 19.96 19.96 19.97 20.07 20.03 20.05 20.05 20.08 20.05 19.90 18.90 18.68 17.07 15.08 13.38 11.40  9.73
 1.72  2.01  3.77  4.11  6.03  7.20  8.54  9.55 11.28 12.63 14.09 14.98 16.77 17.35 19.05 20.70 21.24 22.34 22.42 22.63 22.92 23.00
traj-122:
19.03 19.43 19.81 20.14 20.09 19.81 19.71 19.65 19.70 19.65 19.68 19.83 19.92 20.12 20.17 20.19 20.08 19.98 19.90 20.09 20.62 22.14 23.57 24.72 26.36 28.04 28.51 28.95 30.00 31.36 32.31 33.20 33.89
 0.69  1.80  3.04  4.31  6.22  7.33  8.62 10.46 12.09 13.79 14.76 16.08 17.83 19.44 20.47 22.18 23.63 24.76 26.67 28.02 29.41 30.19 30.45 30.62 30.48 30.23 29.35 27.83 26.51 25.12 23.98 22.61 21.76
traj-123:
19.69 18.83 18.28 17.43 16.59 14.61 12.75 11.86 10.15  8.18  7.38
 1.20  2.74  3.63  4.42  4.56  4.77  5.35  5.62  6.25  5.93  5.68
traj-124:
20.48 20.27 20.07 19.67 19.39 19.04 18.61 18.39 18.28 19.08 19.68 19.84 20.04 20.08 20.04 19.19 18.54 16.77 15.04 13.57 11.80
 0.48  1.62  2.56  4.15  5.19  6.98  8.88  9.08 10.43 12.03 13.89 15.03 16.58 18.35 19.81 21.59 21.79 22.31 22.47 22.54 22.67
traj-125:
20.67 20.49 20.20 20.20 20.13 20.01 19.89 19.81 19.86 19.72 19.53 19.84 20.02 20.09 20.17 20.12 20.11 19.33 20.04 21.29 22.72 24.37 25.84 26.71 27.90 28.97 30.66 31.35 32.83 34.06 34.27
 1.13  3.06  4.97  6.32  8.28  9.59 11.50 12.78 14.23 15.75 16.64 18.58 20.47 21.62 23.09 24.79 26.70 28.34 29.19 30.43 30.62 30.82 31.01 30.92 30.03 28.59 27.74 27.19 26.54 28.05 28.92
traj-126:
18.01 18.74 18.76 17.16 15.42 13.73 12.80 11.46 10.36  9.26  8.34
 0.80  2.56  2.86  4.06  3.78  4.28  5.25  5.25  5.25  4.52  4.06
traj-127:
19.20 19.13 19.06 18.92 18.85 18.97 19.10 19.26 19.33 19.28 19.23 19.50 19.85 20.00 19.82 19.72 19.62 17.98 17.42 15.68 14.26 13.66 11.73 10.70
 1.22  2.22  3.81  5.49  6.09  6.67  8.45  9.80 10.45 11.47 12.91 14.77 16.63 17.57 19.43 20.19 21.73 22.75 22.70 22.63 22.62 22.61 22.50 22.54
traj-128:
19.65 19.88 19.31 19.47 19.87 20.11 20.03 19.94 19.87 19.83 19.78 20.06 20.03 20.01 19.95 19.91 19.79 20.67 22.27 23.67 24.36 26.00 27.66 28.12
 1.98  3.20  4.55  5.60  7.03  8.94 10.74 12.29 13.76 15.60 17.55 19.48 21.26 22.99 24.39 26.09 27.40 29.17 30.06 30.45 30.62 30.51 30.11 29.99
traj-129:
19.24 18.15 17.54 15.78 14.68 13.29 11.49
 1.80  2.64  3.37  4.23  4.52  4.40  3.57
traj-130:
18.70 19.17 19.94 19.99 19.97 19.92 19.92 20.05 19.18 19.15 18.34 19.02 19.60 20.05 19.55 18.50 18.35 16.58 15.40 13.66 12.77 11.60  9.80  8.24  7.38  5.42
 1.29  2.29  4.04  4.85  6.69  8.05  9.43 10.73 12.41 12.79 14.42 15.59 16.81 18.25 19.60 21.25 21.51 22.03 22.09 22.24 22.13 21.80 21.64 21.43 21.39 21.29
traj-131:
19.88 19.93 20.08 20.09 20.09 20.00 19.92 19.86 19.58 19.61 19.69 19.77 19.61 19.64 19.76 19.83 20.07 20.01 19.14 18.49 18.63 19.23 20.09 20.18 21.89 23.02 24.73 25.89 27.36 28.81 30.18 31.04 30.74 30.69 31.03 31.48 31.98 32.30 32.77 33.47 33.96 34.40
 0.91  1.44  3.35  5.12  6.37  7.68  8.52 10.20 11.98 12.28 14.19 15.12 16.50 16.97 18.46 19.01 20.99 21.88 23.43 24.35 25.95 27.20 28.71 29.04 30.03 30.20 30.34 30.39 30.34 30.24 30.04 28.40 27.40 25.69 24.52 23.32 21.43 19.50 18.03 16.23 14.88 13.58
traj-132:
19.23 19.04 18.79 17.05 16.16 14.99 13.83 12.12 11.15  9.45  9.16
 1.54  2.44  4.41  4.69  4.74  4.86  4.98  5.44  4.96  4.34  4.27
traj-133:
19.87 19.95 19.89 19.67 19.50 19.62 19.60 19.73 19.76 19.93 20.07 20.12 19.78 19.48 18.19 16.39 15.50 13.73 13.15 11.48  9.62  9.33  9.78
 1.66  3.56  4.42  6.01  7.98  9.75 11.06 12.18 13.10 13.66 15.65 17.23 19.07 20.30 21.43 22.10 22.15 22.25 22.35 22.08 21.68 20.54 19.20
traj-134:
20.77 20.60 20.27 20.23 19.87 19.91 19.92 20.01 19.94 20.01 20.08 20.17 20.24 20.22 20.15 20.13 20.30 20.21 20.17 20.17 20.71 21.78 22.13 24.09 25.85 26.73 27.98 28.64 28.60 28.98 29.28 29.86 29.93 30.01 29.90 30.02 30.30 30.47 30.96
 1.29  2.43  4.30  4.60  6.47  8.12  9.11 10.63 12.36 14.01 15.33 17.28 18.81 19.32 21.10 21.40 23.38 25.37 26.78 28.22 29.83 30.39 30.46 30.76 31.09 31.22 30.86 29.15 28.19 26.41 25.04 23.21 22.29 20.95 19.71 18.66 17.27 16.36 14.76
traj-135:
19.58 19.04 18.48 16.88 16.40 14.43 12.68 12.40
 0.74  1.88  3.12  4.07  3.94  4.07  4.26  4.36
traj-136:
19.20 19.13 19.05 19.15 19.73 20.35 20.30 20.20 20.12 20.14 20.15 20.04 20.05 20.02 19.33 18.16 16.58 16.04 14.56 12.77
 0.75  2.51  4.19  5.89  6.83  8.12  9.20 10.95 12.04 13.83 14.13 15.84 16.61 18.59 20.10 21.60 22.24 22.25 22.25 22.26
traj-137:
18.11 18.56 18.84 19.19 19.43 19.62 19.88 19.97 20.28 20.10 19.97 20.02 20.06 20.08 20.06 20.18 20.17 20.16 20.17 20.01 19.93 20.53 21.56 22.12 23.63 25.02 26.17 27.91 28.80 30.05 31.63 31.35 30.96 30.61 30.28 30.01 29.64 29.20 28.90
 1.03  2.86  3.88  5.33  6.72  7.80  9.16  9.50 11.20 13.11 14.30 15.55 16.41 18.38 18.68 20.39 20.98 22.46 24.17 25.90 27.52 29.35 30.33 30.33 30.63 30.66 30.90 31.06 30.65 30.17 29.37 27.55 26.06 24.34 22.83 21.28 19.37 17.62 16.22
traj-138:
18.66 18.49 18.22 16.64 16.07 14.43 12.59 10.80
 0.77  1.85  3.70  4.24  4.39  4.76  5.32  5.61
traj-139:
20.78 20.54 20.35 20.24 20.27 20.35 20.44 20.49 20.47 20.54 20.36 20.20 20.16 20.07 19.69 18.05 16.72 15.29 14.39 12.64 10.71  8.97  7.42  6.26  5.42
 1.64  3.55  5.27  6.85  7.71  8.87 10.32 11.69 13.28 14.16 15.85 17.58 18.48 20.25 21.95 22.51 22.50 22.46 22.43 22.40 22.35 22.21 21.96 21.80 21.66
traj-140:
19.70 20.27 20.53 20.55 20.57 20.32 20.00 20.02 20.06 20.00 19.88 19.85 19.81 19.74 19.68 19.74 19.67 20.06 20.27 20.31 20.46 20.56 22.03 23.72 24.87 25.87 27.18 28.32 30.32 32.02 33.42
 1.30  2.12  3.86  5.58  7.28  8.68 10.51 10.81 12.81 13.62 14.90 16.26 18.10 18.56 20.55 21.83 23.25 24.46 26.18 26.47 28.24 29.06 30.02 30.04 30.06 30.06 29.77 29.52 29.40 29.18 30.21
traj-141:
20.70 20.39 20.14 18.91 17.41 15.51 13.93 12.89 11.05 10.51  8.66  7.02
 1.27  3.02  4.15  5.41  4.32  4.01  4.41  4.78  5.54  5.79  5.36  4.52
traj-142:
19.99 19.83 19.68 19.54 19.68 19.76 19.84 19.97 20.04 20.09 20.10 20.20 20.27 20.07 19.98 18.71 17.50 15.51 14.61 13.43 11.55 10.21  8.50  7.96
 0.61  2.05  3.38  5.23  6.40  7.99  9.96 11.90 13.64 15.56 17.52 19.28 20.17 21.90 22.19 22.88 22.36 22.18 22.13 22.07 21.46 21.18 20.51 20.38
traj-143:
18.12 18.44 18.76 19.25 19.46 19.65 19.76 20.07 20.08 20.15 20.19 20.17 20.13 20.09 20.14 20.20 20.19 20.16 20.12 19.97 19.98 19.98 21.24 22.10 23.47 24.63 26.40 27.85 28.12
 0.58  1.99  3.72  5.61  6.98  8.44  9.29 10.98 12.84 14.43 15.32 17.09 17.84 19.54 20.29 22.04 22.92 24.36 25.24 27.17 27.47 29.23 30.16 30.59 31.09 31.16 31.33 30.08 29.82
traj-144:
18.30 18.28 18.14 16.51 15.35 13.65 12.31 10.89  9.07  8.01
 1.87  2.59  4.24  4.42  4.56  4.82  5.35  6.69  7.40  6.64
traj-145:
19.16 19.42 19.94 20.46 20.11 19.87 19.52 19.33 19.08 18.76 19.28 20.00 19.68 19.60 19.39 19.13 18.57 18.44 17.56 15.86 14.68 13.79 12.36 11.30 10.40  8.76  8.22
 0.70  0.84  2.07  3.52  5.22  6.32  7.90  8.70  9.89 11.40 13.01 14.67 16.12 17.46 18.44 18.92 20.74 22.55 22.63 22.67 22.68 22.66 22.63 21.90 21.27 20.32 20.05
traj-146:
20.56 20.44 20.30 20.27 20.31 20.31 20.13 20.09 20.14 20.16 20.15 20.15 20.13 20.16 20.12 20.05 19.99 19.96 19.83 20.22 21.65 23.35 24.49 25.65 27.48 28.04 29.22 30.39 31.10 31.87 33.18 33.30 34.49 34.68
 1.96  2.97  4.66  5.26  6.94  7.54  9.48 10.55 12.40 14.36 16.24 16.54 18.52 20.15 21.93 23.70 25.16 25.73 27.43 29.24 30.15 30.18 30.15 30.17 29.36 28.98 27.67 26.32 25.48 24.28 23.03 22.76 21.25 21.02
traj-147:
18.35 19.06 17.56 17.01 15.34 13.59 12.90
 1.80  2.87  4.10  4.09  3.98  3.73  3.62
traj-148:
19.67 19.61 19.95 20.13 20.26 20.24 20.29 20.36 20.45 20.22 20.09 20.03 19.13 18.43 17.19 15.45 14.28 12.82 10.87  9.55
 1.97  3.74  4.57  6.27  8.04  9.72 11.17 12.88 14.35 16.27 17.38 19.15 20.79 22.51 22.49 22.51 22.56 22.59 22.83 23.17
traj-149:
19.08 19.92 20.04 19.92 19.82 19.70 19.64 19.66 19.69 19.83 19.92 20.01 19.94 19.98 19.98 20.22 20.24 20.26 20.29 19.96 21.62 22.45 23.77 25.50 27.30 28.53 30.19 30.77 31.32 32.06
 1.50  2.76  3.64  5.62  7.36  8.86 10.02 11.69 12.98 14.23 15.16 17.11 18.89 20.12 21.48 23.46 24.35 26.32 27.19 29.10 30.09 30.14 30.13 30.18 29.39 28.82 27.94 27.11 25.63 23.93
traj-150:
18.80 19.00 19.19 18.35 16.47 14.52 13.37 12.25 11.33 10.34  8.44  6.85  5.03
 0.52  1.75  3.08  4.88  4.43  4.72  6.03  7.62  8.50  9.05  8.92  8.83  8.81
traj-151:
20.26 20.22 20.11 20.02 20.04 20.04 20.16 20.13 20.12 20.08 19.98 19.95 19.57 18.66 18.58 17.02 16.72 15.02 13.42 12.36
 0.62  1.12  2.80  4.66  5.83  7.73  9.34 11.02 12.10 13.70 15.39 17.35 19.13 20.82 21.11 22.23 22.25 22.32 22.42 22.56
traj-152:
20.34 20.16 18.88 18.27 18.11 18.49 18.90 19.61 19.61 19.66 19.66 19.63 19.72 19.88 19.99 20.02 19.90 19.88 19.83 19.84 19.98 21.41 21.70 23.41 24.53 25.67 27.58 28.97 29.58 31.49 33.18 33.87 34.15
 0.73  0.97  2.34  3.21  5.04  6.14  7.55  9.33 10.18 11.99 12.29 14.20 15.75 17.09 19.03 21.01 22.46 24.44 25.48 27.32 28.80 30.04 30.12 30.39 30.36 30.22 29.93 29.81 29.64 29.86 29.56 30.20 30.71
traj-153:
18.59 18.27 17.58 16.36 15.80 14.26 12.83 12.08 10.90  9.85  8.97  7.34
 1.90  2.60  3.30  4.17  4.38  4.98  5.61  5.86  6.27  7.42  7.67  6.56
traj-154:
18.16 18.36 18.90 19.18 19.46 19.75 20.23 20.14 20.09 20.22 20.04 20.00 20.02 20.16 20.15 18.74 16.80 15.62 14.73 13.29 12.41 12.04 11.98 11.86
 1.06  1.56  3.34  4.96  6.79  8.51 10.27 11.51 12.11 13.90 15.66 15.96 17.80 19.64 21.38 22.79 22.45 22.48 22.50 22.51 22.64 21.00 19.64 18.40
traj-155:
18.46 18.70 19.05 19.35 19.49 19.58 19.72 19.89 19.93 20.10 20.15 20.26 20.16 20.18 20.15 19.89 20.00 20.09 20.66 21.17 22.58 24.26 26.24 27.71 28.60 29.77 30.64 31.45 31.84 32.48 32.79
 0.64  2.28  4.09  5.50  6.39  7.53  9.44 11.26 13.05 14.65 16.18 18.13 20.08 21.49 22.98 24.81 26.53 28.25 29.61 30.00 30.06 30.33 30.60 29.39 28.78 27.24 25.91 24.86 23.63 22.28 21.54
traj-156:
20.47 20.10 19.96 18.54 17.42 15.56 13.81 13.26 12.06 10.90  9.29  7.80  6.29
 0.47  2.39  3.85  5.15  4.44  4.82  5.71  7.33  8.70  8.18  7.55  6.99  6.27
traj-157:
20.44 19.40 18.54 18.56 18.80 18.91 19.33 20.17 20.27 20.18 20.07 19.94 20.06 20.17 19.59 19.29 17.37 15.90 14.15 12.68 11.51 10.10  8.40  6.57  6.10
 1.84  2.97  3.84  4.86  6.59  7.79  9.64 11.32 12.47 13.85 15.28 16.96 18.71 19.59 21.49 22.53 22.66 22.71 22.70 22.62 22.48 22.52 22.45 23.01 23.02
traj-158:
19.56 19.86 19.96 20.18 20.05 20.10 20.06 20.02 19.98 20.04 19.39 19.03 19.22 19.16 19.28 19.71 19.76 19.86 20.03 21.51 22.97 24.52 26.42 27.28 28.34 29.00 30.22 30.43 30.60 30.97 31.55
 1.94  3.65  4.23  6.16  7.84  9.74 11.22 12.38 13.66 14.52 16.29 18.19 18.93 20.36 22.34 24.12 25.93 27.76 29.34 30.23 30.16 30.16 30.08 29.15 28.05 27.06 25.59 24.19 23.37 21.53 19.71
traj-159:
18.19 18.14 17.32 15.85 14.10 12.51 11.57  9.71  8.59  7.76
 0.89  1.64  3.31  3.35  4.01  5.19  5.89  5.73  4.22  3.24
traj-160:
18.01 18.56 19.09 19.41 19.47 19.40 19.61 19.55 19.88 19.65 19.40 18.42 18.33 18.00 17.85 15.89 15.59 13.86 12.37 11.97 10.17  8.45  7.25  6.41
 1.54  3.20  5.04  6.08  8.00  9.46 10.17 11.97 13.39 15.22 17.02 18.54 19.44 20.96 22.40 22.16 22.22 22.32 21.53 20.58 19.91 19.85 19.94 20.08
traj-161:
19.68 19.70 19.68 19.75 19.91 20.01 19.97 19.92 19.93 19.95 19.97 20.00 20.16 20.30 20.35 20.26 20.20 20.11 20.17 20.64 21.66 23.20 24.54 25.71 27.22 28.42 29.36 30.20 31.55 31.97 32.18 32.66
 0.78  1.08  2.94  4.17  5.89  7.28  8.60 10.52 12.01 12.87 14.50 16.42 18.33 19.73 21.49 22.95 24.08 25.81 27.23 29.13 30.10 30.57 30.55 30.33 29.68 28.43 27.21 26.42 25.02 23.84 23.11 21.51
traj-162:
20.44 20.13 19.73 18.10 16.23 14.76 13.69 12.98
 1.98  3.05  4.48  4.74  4.38  4.63  5.77  7.30
traj-163:
18.80 19.51 19.47 19.45 19.49 19.50 19.24 19.18 19.38 19.61 20.02 20.04 20.04 19.89 19.03 18.35 16.57 14.82 13.80 12.26 10.38  9.56
 1.35  2.65  4.47  5.72  7.25  7.76  9.55 11.51 12.84 14.44 16.34 18.24 18.54 20.38 21.73 22.27 22.47 22.54 22.71 22.96 23.60 23.87
traj-164:
19.09 19.50 19.97 20.53 20.54 20.13 19.51 19.17 19.43 19.79 20.03 20.27 19.40 18.88 19.16 19.71 19.44 19.28 18.94 19.40 20.18 20.83 22.12 23.91 25.36 27.09 28.14 29.77 30.01 29.92 29.77 29.89 29.96 29.98 30.14 31.06
 0.83  1.10  1.90  3.59  4.69  6.58  7.92  9.86 10.69 12.01 13.13 14.29 15.93 17.69 18.77 20.48 22.46 24.07 25.57 26.90 28.67 30.12 30.08 30.10 30.11 29.61 29.32 28.29 26.77 26.24 24.52 22.85 21.94 20.11 18.13 16.44
traj-165:
19.19 19.31 19.49 18.25 16.33 15.74 13.94 13.37
 1.53  2.97  4.03  5.07  4.49  4.46  4.75  4.90
traj-166:
19.88 19.77 19.91 19.94 20.01 20.01 20.04 20.06 19.93 19.94 19.99 20.06 20.09 20.11 19.02 17.83 16.14 14.38 13.21 12.89 12.18 10.98 10.68
 1.27  3.09  4.96  5.98  7.55  9.16 10.55 12.06 13.78 14.39 16.05 17.93 19.52 20.69 22.36 22.43 22.55 22.75 22.76 22.03 21.62 20.02 20.01
traj-167:
19.87 19.78 19.85 19.82 19.88 20.00 19.91 19.87 19.67 19.60 19.38 19.23 19.36 19.52 19.90 19.93 19.89 19.85 19.96 20.10 20.55 21.71 23.40 25.04 26.72 28.24 29.04 29.02 29.15 28.68 28.30 28.02 28.15 28.54 28.49 28.42 28.43 28.43
 1.68  3.37  4.08  6.00  7.05  8.97 10.03 11.29 13.10 13.70 15.63 17.08 19.00 20.80 21.75 23.49 24.03 26.03 27.43 28.37 29.41 30.10 30.45 30.77 30.58 30.52 29.02 27.73 26.64 24.78 23.17 21.70 20.89 19.11 17.17 15.92 14.56 13.23
traj-168:
19.40 18.87 17.97 16.27 14.79 13.42 12.95 11.58  9.96  8.95  8.01  7.40
 0.83  2.26  3.91  4.79  4.96  5.78  6.16  6.64  7.19  6.29  5.20  4.39
traj-169:
19.67 19.24 19.64 19.74 19.95 20.06 20.06 20.15 20.19 20.24 20.21 20.14 20.31 20.11 19.98 19.29 18.70 17.30 15.92 14.75 13.73 11.92 11.13  9.16  7.28
 0.52  1.50  3.18  4.11  5.45  6.31  8.24  9.82 11.38 12.55 13.66 15.46 17.16 19.12 19.68 21.04 21.24 22.08 22.38 22.58 22.74 22.93 23.00 23.10 23.12
traj-170:
18.09 18.36 18.47 19.07 19.34 19.53 19.82 19.98 20.19 20.29 20.36 20.22 20.11 20.09 20.09 20.09 20.15 20.11 20.11 20.28 21.94 22.53 23.98 25.51 27.20 28.98 29.21 30.21 29.66 30.05 30.48 30.26 30.04 28.98
 0.80  1.95  2.95  4.76  6.35  7.78  9.63 11.46 13.18 14.36 15.46 17.14 18.17 19.90 21.23 22.68 24.59 25.90 27.26 29.22 30.09 30.19 30.44 30.51 30.48 30.01 29.83 28.34 26.48 25.14 23.98 22.31 21.49 20.47
traj-171:
19.20 19.70 18.76 17.14 15.18 13.62 11.98 10.18  8.64
 1.86  3.17  4.66  4.06  4.27  4.72  5.53  6.21  6.94
traj-172:
20.79 20.66 20.14 19.89 19.93 20.17 20.02 19.95 20.06 20.08 20.17 20.25 20.29 20.33 20.36 19.80 18.23 16.35 14.57 12.69 11.63 10.18  8.71  7.29  5.67
 1.95  2.69  4.61  5.64  7.53  8.96 10.95 12.66 13.60 15.08 17.07 17.65 19.13 20.55 22.32 24.08 23.22 22.57 22.73 22.89 23.20 23.19 23.20 23.34 23.56
traj-173:
18.61 19.04 19.20 19.33 19.50 19.84 19.89 20.00 20.09 20.09 20.14 20.17 20.09 20.10 20.11 20.14 20.10 20.09 21.81 23.74 25.71 26.87 28.27 29.52 31.18 32.45 33.74
 1.95  3.81  5.67  7.23  8.99 10.93 12.72 14.51 15.65 17.11 18.98 20.74 22.51 23.08 24.82 26.81 27.92 29.14 30.09 30.34 30.62 30.49 30.25 30.13 29.97 29.99 29.95
traj-174:
19.96 19.84 18.80 17.39 15.65 14.14 12.82 11.15  9.71  9.15
 0.41  0.79  2.26  3.18  4.01  4.71  6.18  6.80  5.43  4.54
traj-175:
20.15 20.15 20.29 20.41 20.53 20.47 20.29 20.24 20.25 20.37 20.62 20.70 20.77 20.81 20.47 20.37 19.20 17.75 16.37 14.65 13.77 12.44 11.89
 1.06  2.59  4.08  4.35  6.33  7.21  8.91  9.99 11.71 11.99 13.71 15.09 16.55 17.96 19.92 20.34 21.91 22.14 22.25 22.28 22.16 21.31 20.51
traj-176:
18.04 18.25 18.71 19.42 19.75 19.96 20.03 20.04 20.08 20.06 20.03 20.02 20.07 20.08 20.16 20.13 20.06 19.87 20.29 21.92 23.36 25.08 26.22 27.48 28.50 29.79 30.49 32.19 32.88 33.12
 1.87  2.71  4.50  6.24  8.21 10.13 11.87 13.66 15.42 16.02 17.71 18.59 20.33 20.63 22.35 24.10 26.07 28.06 29.14 30.04 30.12 30.25 30.34 29.04 28.40 28.69 28.87 29.75 31.17 31.63
traj-177:
19.17 18.13 17.48 15.50 14.46 14.25 13.95 13.47 12.17 11.16  9.91  8.07  7.78
 0.41  1.43  3.21  3.50  3.62  3.84  3.85  4.48  5.87  6.78  7.78  7.72  7.41
traj-178:
20.58 19.97 19.78 19.86 19.88 19.88 19.91 19.81 19.87 19.88 19.85 19.94 20.01 20.14 19.89 18.07 16.21 15.05 13.29 11.89 10.15  8.26  6.96
 1.81  3.43  4.73  6.29  7.35  8.60 10.27 11.94 13.47 14.77 16.44 17.95 19.76 21.46 23.30 23.00 22.50 22.45 22.32 21.92 21.66 21.63 21.71
traj-179:
18.27 18.60 19.10 18.99 19.40 19.68 20.00 20.11 20.12 19.89 19.68 19.61 19.61 19.65 19.60 19.64 19.73 19.77 19.99 20.06 20.07 21.76 23.49 24.09 25.99 27.88 28.39 28.90 29.13 30.05 31.21 32.30 32.81 33.04
 0.43  1.45  3.25  3.95  5.81  7.25  8.94 10.87 12.47 13.48 15.20 16.14 17.48 19.10 20.66 22.26 24.06 24.65 26.39 27.90 29.24 30.21 30.18 30.19 30.23 29.66 28.59 27.01 26.19 24.76 23.18 22.13 20.71 20.09
traj-180:
18.84 17.98 16.79 14.83 13.28 12.46 11.11 10.29  8.50  6.85
 1.80  3.60  3.63  3.70  4.67  5.39  6.56  8.29  9.13  9.06
traj-181:
18.97 19.17 19.46 19.61 19.73 19.97 19.96 19.96 19.96 19.89 19.81 19.77 19.76 18.70 18.54 16.69 16.10 14.63 13.73 11.92 10.37  9.51  7.88  6.02  5.80
 1.23  2.67  4.47  6.15  7.07  9.02 10.58 11.83 13.51 15.15 16.63 18.57 19.76 21.20 21.46 22.11 22.10 22.07 22.06 21.24 20.84 20.68 21.10 21.34 21.54
traj-182:
18.23 18.46 18.65 19.02 19.29 19.48 19.82 19.92 19.95 20.05 19.83 19.50 20.17 20.18 20.19 20.22 20.22 20.14 19.99 21.78 23.09 24.81 26.56 28.03 29.15
 1.12  2.92  4.28  5.91  7.81  9.61 11.28 13.05 14.70 16.04 17.66 18.59 20.43 21.82 22.96 24.44 25.62 27.36 29.22 30.07 30.25 30.45 30.59 30.71 30.82
traj-183:
19.43 18.96 17.62 16.73 14.74 13.84 12.09 11.19  9.41  9.20
 1.34  2.52  3.88  4.04  4.12  4.16  4.32  4.32  3.54  3.33
traj-184:
18.14 18.44 18.49 18.56 18.74 19.13 19.44 19.59 19.65 19.85 19.84 19.96 20.14 20.24 20.25 20.27 18.90 18.08 16.21 14.63 13.87 12.16 11.87 10.03  8.35  7.14
 0.55  2.17  2.72  4.67  5.48  7.31  9.23 10.11 11.43 13.17 13.91 15.62 17.59 19.28 20.72 22.16 23.60 23.30 22.63 22.50 22.42 21.42 21.34 20.97 20.44 20.13
traj-185:
19.02 19.10 19.18 19.19 19.26 19.34 19.44 19.58 19.64 19.73 19.94 20.06 20.05 20.03 20.03 19.96 19.95 19.89 20.02 20.04 20.46 22.00 23.76 25.47 26.35 28.08 29.79 29.78 29.78 30.10 30.45 30.88 31.11 31.56 31.67 32.16 32.24 32.69
 1.84  3.47  5.11  5.66  7.24  9.00  9.76 11.30 12.51 13.37 15.34 16.43 16.73 18.50 20.25 21.97 23.23 24.51 26.47 27.48 29.21 30.16 30.64 31.08 30.95 30.10 29.22 28.50 26.78 25.80 24.46 22.76 21.88 20.51 19.78 17.90 17.17 15.55
traj-186:
20.24 18.92 18.22 17.07 15.33 14.08 13.00 12.68 12.52
 0.41  1.87  2.44  3.35  4.23  4.97  6.33  7.94  8.82
traj-187:
20.76 20.39 20.23 20.09 20.18 19.67 19.28 18.91 18.85 19.26 19.48 19.83 19.92 19.32 19.12 18.05 17.75 16.01 14.53 13.34 12.18 10.46
 1.99  3.94  5.57  6.92  8.87 10.53 11.96 12.70 14.12 15.91 17.12 18.59 19.26 20.97 21.31 22.99 22.97 22.83 22.79 22.75 22.52 21.84
traj-188:
18.07 18.44 18.70 19.28 19.44 19.78 20.08 20.02 19.84 19.94 19.99 20.35 20.13 19.94 20.02 20.02 19.95 20.00 20.13 20.44 20.53 20.77 22.20 23.37 24.68 25.42 26.95 28.50 29.96 31.77 32.62
 0.55  2.22  3.39  5.15  5.94  7.39  8.96 10.08 11.83 13.48 15.39 17.09 18.19 20.07 21.82 23.07 25.02 26.23 27.03 28.86 29.29 29.55 30.67 30.63 30.66 30.65 30.64 30.59 30.91 30.82 31.07
traj-189:
20.62 19.63 19.12 17.69 15.72 13.88 12.97 11.88
 1.41  2.80  3.49  4.49  4.66  4.79  4.88  5.58
traj-190:
20.01 20.21 20.30 20.31 20.26 20.20 20.15 20.05 19.98 19.95 19.99 19.94 19.95 19.43 19.05 18.23 16.39 14.64 12.88 11.69  9.81  8.22  6.97
 0.79  2.03  4.03  4.33  6.23  7.57  8.65 10.40 12.10 13.29 14.13 16.06 17.93 19.69 20.36 21.39 22.02 22.13 22.06 22.02 21.38 20.21 19.34
traj-191:
18.16 18.43 18.53 18.84 19.25 19.51 20.07 19.34 18.87 19.61 19.69 19.88 20.05 20.28 20.39 20.48 20.49 20.40 20.32 20.16 19.97 20.33 21.91 23.26 24.67 25.55 27.41 27.87 28.81 28.48 28.32 28.16 28.04 27.85 28.42 28.84 28.88 28.98 29.54 31.23 31.78
 0.92  2.34  3.40  4.56  6.34  8.04  9.76 11.54 11.92 13.71 14.96 15.96 16.67 18.10 19.44 20.44 21.34 23.06 24.78 25.90 27.36 29.16 30.05 30.35 30.66 30.79 30.11 29.51 28.48 27.21 25.93 24.31 23.17 22.26 21.03 19.24 17.64 15.69 14.90 13.95 13.49
traj-192:
18.42 18.26 18.16 17.12 15.14 13.48 12.73 10.92  9.85  8.27
 1.23  2.14  4.12  4.12  3.96  4.74  5.52  6.29  6.13  5.74
traj-193:
20.67 20.11 19.87 19.87 19.69 19.74 20.06 20.00 19.97 19.71 19.70 19.99 20.15 19.44 17.79 16.05 14.27 12.64 10.68 10.18
 1.25  2.79  4.48  5.17  7.11  8.73 10.11 11.77 12.93 14.72 16.58 17.96 19.71 21.31 22.35 22.39 22.46 22.65 22.74 22.26
traj-194:
19.41 19.56 19.64 19.67 19.78 19.88 19.84 19.83 19.94 19.99 20.10 20.19 20.18 19.80 19.84 19.87 19.58 19.70 19.68 19.81 19.90 20.24 21.50 22.98 24.94 26.68 28.45 29.94 30.68 31.78 32.58 33.28 34.37 34.86
 0.54  1.64  3.11  4.94  6.40  8.08  9.50 10.39 11.73 13.14 15.05 16.84 17.14 18.89 20.05 20.24 22.18 23.35 25.25 26.01 27.61 29.41 30.19 30.38 30.56 30.68 29.91 29.03 28.17 27.12 26.26 25.73 24.33 22.65
traj-195:
20.58 20.13 19.07 18.51 17.09 15.18 13.55
 0.54  1.47  3.09  3.31  3.73  3.79  3.03
traj-196:
18.06 18.62 19.26 19.54 19.94 20.00 19.80 19.88 20.07 20.12 20.16 20.13 20.18 20.14 20.01 19.18 18.07 17.00 15.52 14.36 13.19 11.59
 1.48  2.14  3.42  4.03  5.12  7.11  7.94  9.91 11.56 12.99 14.02 15.91 17.09 18.78 19.59 21.15 21.99 22.14 22.13 22.12 22.14 21.36
traj-197:
18.58 18.76 18.90 19.03 19.14 19.32 19.38 19.55 19.57 19.69 19.81 19.99 20.03 19.78 19.73 19.65 19.57 19.11 19.48 19.96 20.84 22.05 23.12 24.74 26.17 27.53 28.39 28.96 29.43 29.63 30.22 30.64 30.99 31.52 31.63
 0.70  2.14  3.69  4.66  6.53  8.40  9.00 10.70 11.25 12.71 14.53 16.47 18.11 19.85 21.63 23.37 23.66 24.99 26.80 27.91 29.40 30.18 30.44 30.80 31.12 31.21 30.53 28.65 27.03 26.49 24.64 23.43 21.75 19.90 19.31
traj-198:
19.96 19.83 18.26 16.67 14.71 13.32 12.21 11.41  9.61  8.91  8.96
 0.96  1.23  2.44  3.13  3.33  3.66  4.04  4.31  5.09  3.41  3.11
traj-199:
18.49 18.97 19.75 19.97 19.91 19.91 19.94 19.72 19.63 19.36 19.14 18.95 19.18 19.92 19.86 18.22 16.25 15.95 14.22 12.75 11.18  9.47  8.01  6.43  5.59
 0.79  1.55  2.78  4.75  6.06  7.67  9.53 11.35 11.99 13.51 15.18 16.68 18.61 20.18 21.68 22.61 22.44 22.41 22.23 22.13 21.40 20.75 20.15 19.57 19.17
traj-200:
19.15 19.34 19.41 19.66 19.68 19.59 19.59 19.49 19.46 19.44 19.23 18.93 18.88 18.87 19.27 19.44 20.11 20.09 20.10 20.12 20.07 20.04 20.11 21.83 22.43 24.21 25.62 27.40 28.23 29.22 29.52 29.69 29.50 29.59 29.56 29.51 29.51 29.54 29.54 29.49
 1.18  2.04  3.26  4.96  5.65  6.64  8.10 10.04 10.61 12.52 13.67 14.72 16.18 17.37 19.26 19.80 21.41 21.71 23.48 24.29 26.21 28.07 29.20 30.09 30.08 30.18 30.37 30.10 28.42 27.10 25.32 24.26 22.34 20.54 18.86 17.58 15.59 15.43 13.47 12.87
traj-201:
18.96 19.19 19.37 17.71 16.38 15.27 13.60 12.06 10.34  9.28  7.59  6.49  4.96
 0.46  2.09  3.45  4.50  4.56  4.68  4.91  5.52  6.11  6.62  7.54  7.83  8.22
traj-202:
19.79 19.88 19.93 20.04 20.11 20.17 20.17 20.28 20.38 20.54 20.47 20.19 20.01 19.19 19.03 18.67 17.07 15.91 14.43 12.95 11.74  9.99  8.87  7.24  6.67
 1.51  2.95  3.83  5.77  7.16  8.34  9.45 10.71 11.58 13.03 14.75 15.85 16.83 18.51 19.30 21.06 22.11 22.12 22.08 22.12 22.30 21.84 21.31 20.87 20.72
traj-203:
18.55 18.90 19.10 19.20 19.48 19.77 20.03 20.02 20.02 20.01 19.96 19.93 20.09 20.26 20.18 20.13 20.08 20.05 20.08 19.19 18.97 19.77 21.46 22.35 23.81 24.38 25.84 27.03 28.05 29.01 29.79 30.30 30.83 31.41 32.18
 1.06  2.00  3.65  4.45  6.19  7.87  9.65  9.95 11.72 13.39 15.11 15.41 17.22 18.93 20.66 21.55 22.97 24.89 25.78 27.41 27.86 29.69 30.17 30.13 30.12 30.13 30.11 29.52 28.41 27.30 25.47 23.67 21.75 20.17 18.50
traj-204:
20.11 20.25 20.17 19.23 18.28 17.19 15.23 13.55 13.33 11.99 10.64  9.34  7.57  6.58
 0.77  2.06  3.77  5.04  4.86  4.64  4.62  5.52  5.96  7.35  7.73  7.03  6.25  5.78
traj-205:
19.51 19.76 19.78 19.91 19.94 20.12 19.64 19.79 20.03 19.99 19.88 19.95 19.44 18.83 17.34 16.76 15.04 13.55 12.01 11.04 10.27
 1.81  2.97  4.56  6.26  7.88  9.76 11.69 12.87 14.18 15.88 17.64 19.35 21.25 22.32 22.74 22.79 22.68 22.62 21.63 20.27 18.74
traj-206:
19.33 19.21 18.33 18.46 18.98 19.42 19.63 20.01 19.46 19.36 18.95 19.21 19.45 19.56 18.91 18.89 18.73 19.27 19.29 19.79 20.09 20.29 21.50 23.38 25.19 26.74 27.84 28.53 29.07 29.61 30.07 30.23 30.67 30.78 31.00 31.20
 1.91  2.19  3.87  4.54  6.45  7.58  9.45 10.17 12.05 12.46 14.21 14.94 16.47 18.28 19.71 21.36 22.82 24.70 24.83 26.65 27.81 29.54 30.15 30.36 30.47 30.97 30.12 28.35 26.73 24.83 23.50 22.47 20.54 19.80 18.46 16.86
traj-207:
19.47 19.81 20.04 18.87 17.30 16.48 15.31 14.15 12.97
 1.54  2.73  4.15  5.69  4.57  4.26  4.11  4.18  4.27
traj-208:
20.03 19.95 19.92 19.89 19.93 20.04 19.86 19.62 19.58 19.50 19.26 19.48 19.87 20.03 20.11 20.17 19.03 17.15 15.41 14.09 12.49 11.52 11.42
 0.92  1.74  3.24  4.35  4.64  6.39  8.06 10.01 11.05 11.47 13.43 14.63 16.43 17.87 19.66 20.82 22.30 22.42 22.50 22.57 22.61 21.03 20.79
traj-209:
18.91 19.37 19.86 19.94 19.97 19.90 19.88 19.95 19.95 20.07 20.00 19.94 19.82 19.87 19.98 19.98 20.02 20.07 20.13 20.24 20.44 21.69 23.64 24.77 26.50 27.69 29.21 29.97 30.47 30.63 30.81 31.10 31.29 31.49 31.76 32.07 32.36 32.80 33.17 33.76
 0.46  1.96  3.59  4.65  6.17  7.79  8.09  9.90 11.89 13.85 15.51 16.86 18.37 19.47 19.98 21.96 23.94 25.89 26.48 28.33 29.36 30.09 30.21 30.30 30.63 30.52 29.34 28.06 26.30 25.16 23.80 22.31 21.36 19.70 18.64 16.85 15.77 14.37 13.32 11.66
traj-210:
19.68 20.18 18.89 17.02 15.58 13.90 12.19 10.62 10.64
 1.59  3.28  4.80  4.40  4.33  4.81  5.73  6.69  6.99
traj-211:
18.45 19.29 20.25 20.13 20.00 20.00 19.99 19.98 19.92 19.89 19.95 19.75 19.91 19.23 18.43 17.33 15.37 13.60 11.99 11.57  9.74  9.18  7.31  5.80
 1.59  2.42  3.86  5.48  7.17  9.00  9.30 11.27 13.05 14.62 16.55 18.43 19.56 21.39 22.59 22.64 22.46 22.24 21.57 21.18 20.62 20.81 21.36 21.88
traj-212:
20.13 19.30 19.74 19.70 19.82 19.82 19.78 19.80 19.81 20.05 20.05 20.11 19.63 19.86 20.26 20.27 20.33 20.28 20.23 20.20 21.53 22.48 24.17 25.94 27.70 29.05 29.00 28.80 28.83 28.84 28.93 29.49 29.67 29.71 29.48
 1.01  2.72  4.43  5.56  7.32  9.14 10.92 11.55 12.95 14.09 15.76 17.61 19.47 20.57 22.52 23.71 25.16 26.56 27.87 29.07 30.25 30.91 31.20 31.19 31.11 30.17 28.77 26.91 26.04 24.35 23.61 22.15 20.44 19.02 17.10
traj-213:
18.08 18.12 17.48 16.18 15.30 13.77 12.75 10.99  9.54  8.04  6.66  5.20
 1.62  1.84  3.54  4.74  4.63  5.53  7.08  6.78  5.89  5.09  4.24  3.26
traj-214:
19.50 19.57 19.75 19.65 19.96 19.94 19.94 20.06 20.05 19.95 20.00 20.10 19.96 19.55 19.36 18.33 18.12 16.31 14.59 13.45 12.69 11.97
 1.02  2.98  3.22  5.09  7.01  7.14  9.02 10.95 11.25 13.23 14.79 15.62 17.29 19.07 19.56 21.16 21.69 22.39 22.32 22.14 21.60 20.61
traj-215:
18.59 18.84 19.25 19.61 19.71 19.84 20.06 19.91 19.84 19.84 19.95 20.12 20.23 20.18 20.16 20.10 20.08 20.00 19.95 19.89 20.56 22.21 23.68 24.55 26.01 26.57 27.71 28.96 30.52 31.60 32.59 33.40
 0.87  1.70  3.05  4.65  5.67  6.87  8.59 10.26 11.20 13.08 15.04 16.84 18.32 19.77 20.37 22.36 24.07 25.51 26.60 27.85 29.34 30.20 30.08 30.15 30.26 30.09 29.08 27.84 26.74 27.65 28.71 29.56
traj-216:
18.95 19.35 17.94 16.61 14.91 13.17 12.46 12.20
 1.70  3.33  4.70  4.26  3.79  4.11  4.59  4.95
traj-217:
20.31 20.12 20.10 20.21 20.22 19.88 19.42 19.68 19.73 20.09 19.75 19.48 19.36 19.07 19.07 18.94 18.83 17.16 15.44 13.95 12.50 10.54 10.31
 1.25  2.96  3.50  5.49  5.79  7.66  9.12 10.85 11.50 13.17 14.60 16.04 16.73 18.48 19.64 20.87 22.15 22.37 22.58 22.61 22.49 22.45 22.26
traj-218:
19.69 19.73 19.39 19.21 19.17 19.21 19.45 19.80 19.87 19.99 19.98 20.08 19.88 19.98 19.75 19.71 19.53 19.19 19.01 18.87 19.28 20.49 21.62 23.35 24.81 26.52 28.10 28.87 29.22 29.38 29.52 29.79 30.04 30.26 30.52 30.70 30.93
 1.78  3.16  4.81  6.00  7.22  7.85  9.30 11.23 11.47 13.21 15.16 16.24 17.82 19.61 21.44 21.82 23.65 25.08 25.85 27.80 28.15 29.38 30.11 30.21 30.29 30.16 29.07 27.47 25.87 25.40 23.52 21.97 20.39 18.52 16.97 15.38 14.21
traj-219:
19.08 18.99 18.19 16.57 15.23 13.53 13.24 12.03 11.18  9.30  7.72  6.09  4.63  4.36
 1.40  2.31  3.44  4.38  4.77  5.82  6.64  8.12  9.13  8.66  7.91  6.96  6.00  5.89
traj-220:
19.22 19.78 20.10 20.05 19.81 19.63 19.66 19.28 19.69 19.87 20.09 20.07 20.00 19.99 18.70 17.13 16.25 14.80 13.03 12.73 11.44  9.68  8.75  7.05  5.62
 1.25  2.20  4.15  5.44  7.16  8.80 10.53 12.27 13.84 15.21 17.17 18.06 19.75 21.18 22.15 22.46 22.36 22.19 22.16 22.14 21.81 21.68 21.60 21.57 21.80
traj-221:
18.38 18.43 18.60 18.71 18.85 19.14 19.44 19.67 19.79 20.01 20.09 20.09 20.12 20.20 20.08 20.06 20.06 20.08 20.11 20.11 20.03 21.27 22.71 24.19 25.75 27.39 28.71 30.06 30.15 30.45 31.00 31.48 31.85 32.49 33.01 33.41
 1.33  1.73  3.56  4.79  5.56  7.20  9.17 10.98 12.68 14.10 15.85 16.75 18.15 19.33 21.07 22.83 23.43 24.92 26.35 27.74 29.35 30.02 30.07 30.15 30.18 29.60 28.14 26.79 25.85 24.15 22.57 20.71 19.75 17.95 16.15 14.55
traj-222:
18.25 17.89 17.19 15.63 15.10 13.60 12.50 11.61 10.78  9.96  9.20
 1.97  2.95  3.42  4.02  4.22  4.73  5.71  6.58  7.39  8.60  9.76
traj-223:
18.68 19.28 19.71 19.87 19.58 19.51 19.71 19.58 19.60 19.62 19.46 19.61 19.57 19.55 18.97 17.43 15.68 13.90 12.19 10.51  9.23  9.28 10.24 11.60
 0.68  2.11  2.90  4.90  6.46  7.21  8.47 10.41 11.52 12.72 14.54 16.41 18.37 19.75 21.66 22.94 22.73 22.58 22.51 22.49 22.21 20.74 19.14 18.57
traj-224:
19.89 19.97 19.96 20.03 20.13 19.91 19.78 19.55 19.61 19.51 19.29 18.63 18.97 19.11 19.37 19.93 19.95 20.03 20.45 21.81 23.22 24.64 26.39 28.16 29.79 30.95 31.29 31.90 32.38 33.74
 0.73  2.47  4.47  6.28  8.27 10.18 12.02 13.76 14.39 16.09 17.67 19.34 21.12 22.33 23.23 25.06 25.85 27.30 29.07 30.27 30.75 31.14 31.49 30.93 30.39 28.84 27.30 25.59 24.47 23.76
traj-225:
18.98 18.50 18.07 16.51 15.37 14.19 13.12 11.40  9.86  8.01  7.20  5.27  4.40
 1.33  2.65  3.89  4.80  4.83  4.87  4.92  5.42  6.01  6.66  7.84  7.53  7.02
traj-226:
18.58 18.57 18.52 18.68 18.96 19.23 19.47 19.68 19.88 19.88 19.88 19.95 20.06 20.16 20.21 19.11 18.29 16.30 15.14 13.37 11.69 10.10  9.85
 1.10  1.97  3.21  4.17  5.22  6.36  7.47  9.21 11.10 11.70 13.60 15.28 17.18 18.86 20.81 22.47 22.44 22.28 22.28 22.11 21.67 22.87 23.04
traj-227:
20.25 20.13 20.12 20.06 19.93 19.91 19.88 19.87 19.78 19.66 19.67 19.72 19.80 19.97 20.07 20.23 20.03 19.92 19.88 19.60 20.22 21.65 23.34 24.10 25.80 26.36
 1.24  2.54  4.45  6.08  8.04  8.59  9.68 11.26 12.60 14.59 16.42 17.51 18.51 20.16 21.03 22.46 24.20 25.99 26.29 28.25 29.36 30.12 30.22 30.27 30.34 30.44
traj-228:
19.59 19.65 19.84 19.88 18.41 16.65 15.23 13.87 13.17 12.30 11.00  9.70  7.93  7.64  5.91
 0.72  1.47  2.98  3.55  4.77  4.17  4.45  5.34  6.19  7.29  7.69  7.35  6.82  6.74  6.43
traj-229:
20.11 20.14 20.10 20.01 19.46 19.08 19.00 19.01 19.29 19.33 19.79 19.99 20.12 20.18 19.41 17.81 16.50 14.77 14.19 12.44 11.85  9.96  8.58  7.81
 1.02  2.52  4.19  5.59  7.50  9.26 11.08 11.38 13.35 13.65 15.58 17.33 19.24 20.38 22.12 22.54 22.40 22.47 22.53 22.56 22.58 22.76 22.99 23.12
traj-230:
18.10 18.35 18.95 19.29 20.12 19.94 19.97 20.06 20.04 19.98 20.03 20.04 20.07 20.08 20.05 20.03 19.71 19.38 20.26 21.78 23.42 24.29 26.26 27.65 28.67 29.21 29.93 29.78 29.31 29.21 29.99 30.66 30.92
 1.73  2.52  4.37  6.14  7.94  9.82 10.82 12.34 13.58 15.46 17.10 18.86 20.34 21.50 22.65 23.92 25.77 27.73 29.15 30.05 30.26 30.47 30.73 29.55 28.60 26.80 25.07 23.37 21.93 20.21 18.64 17.47 16.47
traj-231:
19.82 18.88 18.14 17.21 15.89 14.49 13.57 11.84 10.17  8.58  7.05  6.37
 1.53  2.32  2.74  3.51  3.80  3.82  3.69  4.00  3.87  4.45  3.86  3.52
traj-232:
18.54 18.67 19.29 20.02 19.98 20.01 20.00 19.89 19.85 19.88 19.94 20.12 20.20 19.18 18.52 18.13 16.19 14.47 12.72 11.88 10.77  9.72  8.24  6.32  5.86
 1.00  1.27  3.05  4.70  5.88  7.57  9.42 10.93 11.77 13.74 14.77 16.48 17.97 19.42 20.35 21.95 22.15 22.20 22.12 21.83 21.39 20.93 20.82 21.19 20.83
traj-233:
20.31 19.92 19.86 19.81 19.94 20.12 20.14 20.13 20.11 19.65 19.56 19.15 19.15 19.75 20.22 20.27 20.14 20.14 20.09 20.19 20.21 21.72 23.15 24.42 26.01 27.51 28.45
 1.17  3.11  3.89  5.16  6.33  8.14  9.40 10.60 12.19 14.08 15.64 17.14 17.67 19.26 20.65 22.55 24.49 25.62 26.98 28.94 29.03 30.05 30.18 30.26 30.32 29.24 27.97
traj-234:
20.14 19.70 19.31 17.59 15.65 14.52 13.23 11.65 10.40  8.92  7.85
 1.26  2.78  4.30  4.69  4.60  4.70  4.98  5.29  5.56  4.90  4.54
traj-235:
20.54 20.38 20.09 20.07 19.93 19.89 19.80 19.72 19.72 19.26 19.24 19.17 18.96 18.85 17.26 16.28 15.13 13.95 12.49 11.91 10.17  9.61  8.57  6.74
 1.74  3.03  4.91  6.79  8.77  9.51 11.06 12.92 14.18 14.86 16.82 17.32 19.20 21.17 22.37 22.48 22.40 22.30 22.33 22.28 22.01 21.93 20.34 20.27
traj-236:
18.86 19.36 19.77 20.21 20.17 20.14 20.06 20.00 20.07 19.99 19.84 19.78 19.91 19.92 19.78 19.96 19.96 19.99 20.17 21.81 23.26 24.41 25.51 27.34 28.53 30.33 31.34 32.77 33.10 33.55 33.69
 1.85  3.24  4.43  6.08  8.06  9.91 11.25 12.77 14.71 15.30 17.20 18.23 20.16 20.73 22.41 24.30 25.33 27.06 29.02 30.08 30.16 30.19 30.30 29.70 29.37 29.24 28.66 27.46 26.05 24.16 23.60
traj-237:
18.76 19.50 20.12 20.09 18.89 17.46 15.49 14.07 12.37 11.60 10.27
 0.42  1.22  2.65  4.12  5.63  4.71  4.64  4.90  5.60  5.15  4.22
traj-238:
20.78 20.85 20.86 20.87 20.88 20.85 20.80 20.73 20.74 20.74 20.77 20.75 20.73 20.79 20.73 20.68 19.60 18.40 17.03 15.37 13.60 11.96  9.99  8.88  7.15  5.31
 1.94  3.37  4.21  5.38  6.55  8.02  8.92 10.37 12.08 14.08 15.22 16.62 17.44 19.20 20.58 22.25 23.37 23.06 22.88 22.80 22.66 22.42 22.07 21.87 21.66 21.64
traj-239:
18.73 18.82 19.26 19.33 19.51 19.55 19.66 19.54 19.16 18.91 19.10 19.37 19.79 20.04 20.02 20.03 19.99 20.04 20.10 20.22 21.42 22.27 23.57 25.29 27.03 27.52 28.86 28.88 29.13 29.18 29.73 30.13 30.51 31.11 31.79
 1.75  2.69  4.25  5.20  6.35  7.85  9.16 10.76 12.55 13.41 15.35 16.56 18.27 19.99 21.39 22.29 24.23 26.14 27.64 29.05 30.00 30.14 30.29 30.39 30.56 29.89 28.47 27.11 25.34 24.55 22.70 21.07 19.26 17.80 16.40
traj-240:
20.06 19.04 18.15 16.24 15.14 13.44 12.63 10.94 10.23  8.66  7.16
 1.56  3.03  4.48  4.87  4.89  5.86  7.41  7.49  7.40  6.96  6.44
traj-241:
19.71 20.16 20.29 20.55 20.35 20.14 19.91 19.88 19.92 19.89 19.70 19.74 19.67 19.59 18.02 16.93 15.20 13.43 11.55  9.77  8.42
 1.39  3.31  3.89  5.63  7.58  9.31 10.90 12.52 13.58 15.12 17.10 18.85 20.76 21.39 22.15 22.36 22.50 22.33 22.41 22.82 23.23
traj-242:
20.25 19.98 19.82 20.03 19.98 20.01 20.07 20.16 20.17 20.17 20.02 19.98 19.94 20.05 20.09 20.06 19.96 20.00 20.19 20.51 21.72 23.66 25.38 27.16 29.02 29.61 30.81 30.59 30.45 30.23 29.89 29.45 29.21 29.96 30.90 31.50 32.11 32.70
 1.90  2.64  4.57  6.28  7.27  8.80 10.58 11.91 12.79 14.77 16.66 18.12 19.66 21.34 23.08 24.50 25.64 26.52 27.71 29.46 30.07 30.45 30.67 30.69 30.57 30.49 28.93 27.51 26.69 24.75 23.56 22.03 20.59 19.41 17.98 16.41 14.88 13.44
traj-243:
19.23 18.99 18.76 17.32 15.53 14.05 13.81 12.23 10.67  8.79  7.88
 0.52  2.30  3.73  4.97  4.99  4.94  5.12  5.77  6.56  6.40  6.47
traj-244:
18.44 18.62 19.16 19.48 19.73 19.83 20.02 19.72 19.43 18.99 19.56 20.12 19.64 19.28 18.23 16.47 14.72 12.91 12.61
 1.98  2.22  4.01  5.73  7.45  8.24  9.81 11.39 12.58 13.97 15.89 17.49 18.81 20.19 21.61 22.24 22.24 22.37 22.40
traj-245:
20.63 20.38 20.19 20.19 20.11 20.11 20.03 19.87 19.87 19.81 19.61 19.62 19.78 19.80 19.78 19.81 19.82 19.82 19.88 20.03 20.16 21.68 22.52 24.51 26.06 27.84 28.72 28.80 29.23 29.44 29.65 29.80 30.37 30.91 30.96 31.92 32.79 33.42
 1.40  2.77  4.67  5.27  7.11  8.58 10.30 12.23 12.53 14.37 16.34 16.87 18.86 20.19 21.95 23.19 24.14 25.52 27.09 28.57 29.22 30.27 30.34 30.53 30.91 30.65 29.75 27.95 26.15 24.98 23.10 22.22 20.48 18.67 16.81 15.23 13.77 12.67
traj-246:
20.53 19.74 18.45 17.26 16.19 14.61 13.39 13.15 12.49 11.30  9.72  9.27  7.68  7.09
 1.35  1.94  2.88  3.57  3.96  4.60  6.13  6.68  8.56  9.82  9.57  9.48  9.29  9.33
traj-247:
18.58 19.10 19.72 20.18 20.03 19.94 19.94 19.97 20.04 20.10 20.17 20.30 20.40 19.87 19.11 17.56 15.80 14.35 13.76 12.11
 0.71  1.98  3.55  5.39  7.32  8.65 10.32 12.23 14.20 15.58 17.49 19.47 20.87 22.05 22.37 22.48 22.38 22.28 22.22 21.12
traj-248:
20.21 19.52 19.42 19.54 19.78 19.92 20.08 20.10 20.11 20.00 20.01 20.01 20.03 20.18 20.16 20.10 20.04 19.98 19.89 19.02 18.57 19.79 21.27 23.21 25.07 25.92 27.21 27.55 28.48 28.95 30.47 32.38 33.12
 1.38  3.24  3.62  4.76  6.07  6.40  8.14  9.39 11.28 12.99 14.95 15.55 17.01 18.76 19.65 21.29 22.18 23.33 25.04 26.56 27.54 29.07 30.00 30.24 30.20 30.24 29.62 29.09 27.68 27.32 26.06 25.51 25.61
traj-249:
18.90 19.39 19.54 19.95 18.20 16.39 14.66 13.46 11.81 10.03
 0.94  2.60  3.16  4.97  5.32  4.55  4.84  5.75  6.73  6.46
traj-250:
19.59 19.62 19.69 19.81 19.99 20.05 20.27 20.24 20.22 19.44 18.75 19.06 19.40 19.99 19.73 17.79 16.37 15.49 13.73 12.85 11.54 10.00  9.44
 0.82  2.78  4.45  5.94  7.44  9.34 10.80 12.52 13.64 15.42 17.23 18.27 19.56 21.20 22.45 22.44 22.39 22.37 22.20 22.11 20.81 19.55 19.35
traj-251:
18.66 19.13 19.38 19.54 19.46 19.46 19.61 19.93 20.07 20.07 20.11 20.09 20.05 20.00 19.94 19.93 19.90 19.90 20.04 20.09 20.00 21.22 23.06 23.61 25.48 25.70 27.10 27.33 27.59 28.40 28.92 29.18 28.91 28.77 29.10 29.46 29.44 29.33 29.32
 1.61  3.37  5.35  6.00  7.46  9.19 10.02 11.40 12.09 13.83 15.32 17.06 18.95 20.32 22.05 22.64 24.53 24.83 26.67 27.51 29.47 30.21 30.46 30.54 30.52 30.22 29.55 29.18 27.88 26.15 24.72 23.01 21.64 20.15 18.57 16.61 16.09 14.59 12.85
traj-252:
18.73 18.89 17.66 16.17 14.73 13.60 11.97 11.69  9.75  8.01  6.28
 1.16  2.03  3.53  4.67  4.99  5.59  6.57  6.67  6.70  6.05  5.39
traj-253:
20.41 19.95 19.68 19.56 19.28 19.26 19.54 20.03 20.10 20.14 19.88 19.39 18.75 19.23 18.43 17.48 15.56 14.40 13.50 11.70 10.75
 1.68  3.63  5.16  6.13  8.07  9.94 11.42 12.67 14.39 14.93 16.86 17.69 19.12 20.91 22.57 22.47 22.28 22.20 22.12 22.24 22.15
traj-254:
20.12 20.16 20.21 20.17 20.12 19.99 19.95 19.82 19.96 20.08 20.10 20.13 20.11 19.99 19.85 19.77 19.76 19.51 19.86 19.90 20.10 22.00 23.69 24.56 25.74 27.52 28.83 29.01 29.33 29.27 29.43 29.67 30.00 30.30 30.35 30.58 30.59 30.88 30.99 31.39 31.73 32.49
 0.85  1.86  3.03  4.68  5.19  6.99  8.05  9.36 11.20 12.60 13.98 15.62 17.11 19.10 20.85 22.30 23.26 24.96 26.93 28.78 30.36 30.88 31.21 31.34 31.50 31.49 30.22 29.87 27.94 26.49 25.38 23.40 21.52 19.59 18.52 16.55 15.85 14.00 13.13 11.93 10.66  9.78
traj-255:
18.01 18.58 19.18 17.74 16.42 14.48 13.02 12.25 10.31  8.50
 0.88  1.90  3.08  4.12  3.78  4.23  4.49  4.65  5.02  5.13
traj-256:
20.17 19.84 19.39 18.78 18.98 19.48 20.05 19.94 19.47 19.17 18.62 18.49 18.75 18.83 19.54 17.74 16.93 15.47 13.73 12.29 11.22 10.37  8.68  7.40  5.72
 1.27  2.57  4.49  6.20  7.06  8.53 10.42 11.81 13.74 14.56 16.23 16.66 18.50 19.56 21.42 22.15 22.28 22.44 22.32 22.14 21.61 21.32 21.49 21.58 21.81
traj-257:
18.77 18.87 19.06 19.08 19.20 19.21 19.36 19.25 19.25 19.37 19.69 20.15 20.18 19.67 19.40 18.99 18.69 18.44 19.01 19.55 19.87 20.09 20.72 21.53 23.30 24.17 25.34 27.10 28.15 29.77 29.92 29.52 29.18 28.98 29.02 28.67 28.25 27.99
 1.91  2.48  4.39  4.77  6.56  7.39  7.92  9.80 10.09 11.36 12.35 14.04 14.91 16.64 17.67 19.15 20.35 22.06 23.51 25.32 26.88 28.24 29.59 30.04 30.04 30.04 30.06 29.59 29.19 28.09 27.23 25.46 23.54 21.77 20.50 19.13 17.30 15.49
traj-258:
18.83 18.59 18.04 17.69 16.18 14.32 13.37 11.68  9.87  9.43
 1.40  1.58  2.78  3.26  4.22  4.63  4.91  5.32  5.27  5.27
traj-259:
18.71 19.57 20.25 20.08 20.12 19.99 20.00 19.98 19.82 19.20 18.97 19.58 20.00 19.53 18.50 16.76 16.19 14.75 13.06 11.38  9.64  8.21  7.17  6.07
 0.67  2.41  4.25  5.40  6.26  8.24  9.77 11.31 13.20 14.72 16.60 17.36 19.20 20.23 21.93 22.23 22.30 22.51 22.22 21.77 21.42 21.21 21.08 20.95
traj-260:
19.71 20.25 20.21 20.16 20.07 19.91 19.66 19.51 19.44 19.26 19.01 18.73 18.79 18.95 19.06 19.47 20.08 20.06 20.22 21.42 22.85 24.26 26.06 27.74 28.55 29.20 29.59 29.60 29.52 30.01 30.40 30.70 30.92 30.95 30.91 30.81 30.80
 0.77  2.09  4.06  5.46  7.06  8.96 10.28 11.70 13.21 14.84 16.57 18.45 19.04 20.60 22.55 24.18 25.83 27.41 29.39 30.01 30.22 30.44 30.20 29.80 28.62 27.56 26.18 24.54 22.67 20.78 19.41 17.80 16.42 14.72 13.62 11.62 10.14
traj-261:
18.93 18.67 18.32 16.85 15.45 13.69 13.28
 0.61  2.24  3.72  4.54  4.55  5.47  5.88
traj-262:
19.25 19.34 19.69 20.06 20.05 19.79 19.35 19.04 18.90 19.17 19.57 19.81 20.06 19.90 19.86 19.09 17.87 16.75 15.30 14.40 12.76 11.14  9.72
 0.83  1.12  3.06  4.44  5.03  6.46  7.94  9.60 10.42 11.61 13.46 15.32 17.29 19.00 20.43 22.03 22.16 22.26 22.38 22.47 22.69 23.58 23.82
traj-263:
18.41 18.61 18.91 19.22 19.46 19.84 20.16 20.31 20.18 19.98 19.78 19.87 19.86 19.92 19.99 20.13 20.18 20.06 19.99 19.86 19.80 21.53 23.14 24.30 25.70 27.03 27.35 27.96 28.41 29.02 29.52 30.14 30.43 31.03
 1.97  2.54  4.34  6.29  7.88  9.35 10.48 12.42 13.52 14.95 16.93 17.81 19.37 20.24 20.82 22.24 24.00 25.91 26.98 28.83 29.42 30.18 30.36 30.56 30.90 29.49 29.38 28.12 27.09 25.65 24.68 23.48 22.76 21.20
traj-264:
19.82 19.67 19.85 19.87 18.30 16.52 15.08 13.33 12.74 10.90  9.48
 0.95  1.21  3.08  3.38  4.38  4.07  3.96  4.18  4.32  4.58  3.28
traj-265:
18.80 19.14 19.61 19.94 20.08 20.13 20.14 20.16 20.21 20.27 20.15 20.08 19.45 18.06 17.77 16.16 15.58 13.86 11.99 10.65  8.93  7.58
 1.80  3.59  5.49  6.79  8.54 10.52 12.29 13.63 14.50 15.67 17.66 18.77 20.56 21.01 22.62 22.53 22.42 22.15 21.47 21.21 21.10 21.47
traj-266:
18.14 18.63 19.10 19.89 20.03 20.05 20.15 20.39 20.47 20.14 19.82 19.43 18.79 18.80 19.56 20.02 20.02 20.04 19.98 19.96 20.12 20.23 21.87 22.17 23.90 25.24 26.12 27.84 29.39 30.12 29.95 30.03 30.01 29.86 29.69 29.40 29.70 29.85 30.54 31.41 32.02 32.78 33.08
 1.75  3.14  4.48  6.22  7.92  8.73 10.66 12.35 12.93 14.63 15.50 16.57 18.44 18.67 19.76 20.83 22.22 23.79 25.66 27.06 28.25 29.06 30.01 30.05 30.31 30.55 30.72 30.38 29.37 27.66 25.93 24.29 22.57 21.16 19.53 17.98 16.64 15.94 14.27 12.77 11.57 10.11  9.62
traj-267:
19.64 19.42 18.18 17.80 16.10 14.55 13.77 12.26 10.42  8.81
 0.62  1.73  2.84  3.08  3.58  4.05  4.33  5.01  4.91  3.75
traj-268:
20.46 20.21 20.13 19.99 19.72 19.36 19.51 19.74 19.88 20.06 20.14 20.23 20.34 20.43 20.43 19.78 18.25 16.93 15.18 13.74 12.10 10.54  8.62  6.63  6.08
 1.57  3.43  4.29  5.66  6.88  8.39  9.54 11.09 12.91 14.78 16.34 17.96 19.14 21.08 21.97 23.75 22.65 22.55 22.37 22.20 21.29 20.19 20.07 19.91 19.84
traj-269:
19.38 19.45 19.66 19.98 19.89 19.92 19.91 20.00 20.00 20.06 19.85 19.52 19.23 19.47 20.08 20.13 20.28 20.36 20.49 20.84 21.38 23.08 24.53 26.35 27.13 27.70 28.78 29.76 30.13 30.77 31.23 32.03 32.12 32.51 32.72 32.95 33.37 33.69 34.13 34.43
 0.75  2.45  3.97  5.57  7.35  8.47 10.19 11.91 12.62 14.27 15.65 17.14 19.04 19.33 21.07 22.25 24.24 25.99 27.97 29.38 30.12 30.53 30.87 30.67 30.60 28.76 27.14 25.85 25.09 23.21 21.37 19.56 18.97 17.03 15.92 15.07 13.66 12.15 10.79  9.64
traj-270:
19.51 19.61 19.69 18.92 17.40 15.45 13.68 11.79 11.15
 0.77  2.45  3.53  5.34  4.59  4.31  4.25  3.67  3.07
traj-271:
19.83 20.00 20.10 20.11 20.11 20.15 20.06 20.08 20.19 20.17 20.13 20.11 20.10 20.06 20.07 18.96 18.56 16.67 15.78 14.62 13.46 11.94 10.65  9.06
 0.46  2.16  4.04  5.18  6.07  7.61  9.05 10.13 11.29 13.05 14.20 15.58 17.28 17.77 19.40 21.06 21.75 22.24 22.25 22.25 22.17 20.93 19.72 19.80
traj-272:
20.44 20.12 20.14 20.14 20.10 20.04 19.97 19.80 19.85 19.80 19.80 19.71 20.19 20.01 19.19 19.12 18.39 18.22 19.41 20.17 21.82 22.98 24.76 25.41 27.12
 1.36  2.79  4.49  5.65  7.33  8.87 10.86 12.26 13.44 15.08 16.86 18.21 20.00 20.93 22.57 22.98 24.76 26.17 27.61 29.28 30.15 30.10 30.02 30.01 29.94
traj-273:
20.11 19.71 18.85 17.64 16.77 15.62 14.75 13.40 12.96 11.43  9.78  8.62  7.20
 1.63  3.39  4.76  4.85  4.90  4.94  5.00  5.70  6.34  6.17  5.72  4.52  3.16
traj-274:
18.00 18.41 19.04 19.44 19.75 20.17 20.27 20.43 20.58 20.47 20.36 20.17 20.10 20.17 20.21 20.21 19.35 18.51 16.81 15.09 13.90 11.95 11.72  9.87  8.07  7.80
 0.81  2.16  4.03  5.82  6.80  8.49  9.37 10.84 11.91 13.89 14.77 16.20 16.96 18.74 20.61 20.82 22.56 22.73 22.73 22.64 22.58 22.68 22.71 22.62 22.42 22.53
traj-275:
20.16 20.09 19.89 19.91 19.86 19.86 19.95 19.95 19.98 20.04 20.08 19.76 19.44 19.09 18.94 18.60 18.48 19.09 19.24 20.02 20.12 20.56 22.08 22.67 24.50 25.67 27.50 27.91 29.23 31.06 31.99 32.46
 0.85  1.68  3.35  4.85  5.95  7.71  9.41 11.24 12.75 14.20 15.83 17.42 19.13 20.59 21.24 22.92 24.30 25.94 26.16 27.93 28.40 29.47 30.39 30.35 30.32 30.20 29.54 29.11 27.68 28.26 29.38 30.06
traj-276:
20.70 19.78 18.78 17.46 15.71 14.84 13.36 12.04
 1.37  2.53  3.63  4.80  4.85  4.80  5.68  7.16
traj-277:
19.70 19.87 19.71 19.59 19.60 19.71 19.74 19.58 19.47 18.97 18.69 18.65 18.82 18.83 18.51 17.15 16.56 15.11 14.22 12.59 11.37 10.28
 0.85  2.74  4.63  5.87  6.68  8.24 10.10 11.18 13.13 14.06 15.94 17.14 17.87 19.61 21.16 22.42 22.32 22.18 22.23 22.32 23.22 23.60
traj-278:
18.85 18.85 19.05 19.26 19.46 19.59 19.75 19.82 19.85 19.85 19.99 20.07 20.18 20.13 20.11 20.02 19.90 19.82 19.74 20.04 21.28 22.98 24.39 25.82 27.22 28.53 28.65 29.15 28.72 28.91 29.69 30.61 31.50 31.49
 0.74  2.57  4.08  5.47  7.04  7.67  9.53 10.55 12.42 14.28 16.16 17.03 18.76 20.69 21.29 23.02 24.67 25.82 27.67 29.29 30.01 30.48 30.80 30.95 30.77 30.28 28.33 27.15 25.32 24.57 22.90 21.54 20.02 19.72
traj-279:
20.17 19.49 19.28 18.55 17.30 15.44 14.07 12.43 10.50
 0.99  2.80  3.17  4.82  4.39  4.44  4.75  5.25  5.26
traj-280:
20.65 20.55 20.20 19.92 19.70 19.47 19.08 19.39 19.48 19.73 19.94 19.99 20.01 19.98 19.98 19.98 19.96 19.94 18.44 16.79 15.31 13.54 11.99 10.07  8.78  6.90
 0.41  1.00  2.87  3.91  4.87  6.65  8.33 10.08 10.55 12.22 13.85 14.44 16.16 16.93 18.33 19.54 20.37 22.29 22.53 22.70 22.80 22.71 22.62 22.70 22.46 22.33
traj-281:
18.09 18.31 18.67 18.60 19.00 19.16 19.30 19.69 19.66 19.81 19.94 20.07 20.24 20.28 20.21 19.98 20.13 19.97 19.79 19.78 19.78 20.04 19.95 20.66 21.43 23.42 25.41 26.37 27.77 29.36 29.90 31.11
 1.79  2.73  4.60  5.67  7.60  8.63  9.63 11.57 11.94 12.30 13.14 14.29 15.64 17.42 17.71 19.43 21.15 22.56 23.27 24.95 26.32 27.49 27.78 29.54 30.12 30.04 30.04 30.01 30.28 31.18 31.65 32.54
traj-282:
19.03 19.13 18.36 16.67 14.87 13.34 12.72 11.08 10.28  8.46
 0.53  1.35  3.09  3.70  4.10  5.32  5.91  5.75  5.57  5.17
traj-283:
20.38 19.98 19.98 20.01 20.12 20.10 20.11 20.16 20.14 19.96 19.74 19.88 20.09 19.01 18.95 18.00 16.28 14.53 13.44 12.16 11.67 11.96
 1.60  2.58  4.51  6.02  7.97  9.26 10.52 12.50 14.19 15.43 17.32 18.60 20.40 21.98 22.28 22.49 22.91 22.74 22.93 23.59 23.92 23.96
traj-284:
19.13 19.32 19.39 19.68 19.78 19.97 20.08 20.10 20.10 20.19 19.80 19.27 18.95 19.10 19.63 19.82 19.63 19.84 19.89 20.73 21.14 22.60 24.29 26.25 28.04 29.37 30.40 30.44 30.47 30.54 30.62 30.90 31.33 31.58 32.32 33.06
 1.62  3.56  4.55  6.34  7.28  9.13 11.07 11.37 13.18 14.36 16.27 17.98 19.51 20.43 22.16 22.73 24.71 26.46 27.74 29.45 30.01 30.14 30.42 30.73 30.75 29.54 27.93 26.30 25.16 23.38 21.87 20.18 18.83 18.19 16.57 15.07
traj-285:
19.89 18.96 18.62 17.24 16.49 14.60 13.15 12.67
 0.83  2.13  2.62  3.88  4.12  4.71  5.53  5.80
traj-286:
20.48 20.65 20.50 20.33 20.26 20.02 19.94 19.80 19.78 19.59 20.07 20.12 20.04 19.10 17.47 15.48 14.91 13.45 11.52  9.87
 0.50  2.44  3.92  5.60  7.06  8.90 10.46 11.38 13.08 14.62 16.56 18.03 20.02 21.30 22.22 22.31 22.22 22.11 21.62 21.08
traj-287:
18.13 18.31 19.37 19.90 19.83 19.97 19.87 19.76 19.95 19.85 19.92 19.96 19.96 19.93 19.98 20.18 20.27 20.25 20.25 20.12 20.00 21.59 23.53 24.62 26.33 27.10 27.27 27.59 28.33 28.41 28.62 28.61 28.55 28.70 28.80 28.84 28.90 28.52 27.46
 1.19  1.70  3.29  5.10  5.62  5.93  7.91  9.67 11.52 12.90 13.87 15.62 16.87 18.79 20.60 22.53 23.12 24.53 25.41 27.38 29.18 30.06 30.24 30.57 30.87 29.04 28.65 27.23 26.08 24.95 23.19 21.37 20.73 19.05 17.62 16.44 15.03 13.28 12.11
traj-288:
18.31 19.09 19.34 20.04 19.95 18.56 17.01 16.54 14.73 13.13 12.83 11.17  9.47  7.54  5.56  5.27
 0.50  1.90  2.38  3.71  5.58  4.70  4.03  3.70  3.82  4.11  4.46  5.50  6.30  6.46  6.73  6.80
traj-289:
20.65 20.43 20.28 19.40 18.76 19.08 19.28 19.39 19.62 18.86 18.58 19.12 20.16 19.63 19.20 17.25 16.73 14.80 13.06 12.77 10.98  9.64  7.81  6.72
 1.33  2.72  3.83  5.49  7.37  9.16 10.70 12.58 14.56 16.41 18.13 19.18 20.65 21.63 22.42 22.49 22.37 22.38 22.17 22.12 21.71 21.19 21.58 21.77
traj-290:
18.18 18.74 19.17 19.50 19.52 19.46 19.50 19.64 20.03 20.10 20.13 20.17 20.15 20.16 20.16 20.13 20.13 19.98 19.95 20.27 20.68 22.03 23.71 24.88 26.34 27.06 27.35 28.06 28.05
 1.00  2.61  3.66  5.56  6.86  7.87  9.32 11.18 13.10 14.53 16.02 17.76 18.91 19.76 20.96 22.94 23.53 24.95 26.85 28.16 29.26 30.14 30.12 30.09 30.10 28.31 28.26 27.20 26.90
traj-291:
18.79 19.10 19.42 17.79 17.20 15.47 13.73 11.76 10.22  9.20
 0.91  2.17  3.78  4.73  4.74  4.84  4.82  4.55  4.31  4.02
traj-292:
18.57 19.38 19.82 19.92 19.62 19.49 19.14 18.98 19.74 20.24 20.34 20.14 20.05 19.66 19.13 19.47 19.69 17.80 16.06 14.32 13.46 11.69 10.43  9.61
 1.30  2.16  3.63  5.24  7.20  7.75  9.40  9.79 11.10 13.01 13.61 15.58 16.09 17.83 19.50 20.31 22.14 22.59 22.29 22.30 22.27 22.20 22.06 21.95
traj-293:
18.59 18.87 19.11 19.57 19.49 19.44 19.35 19.74 20.07 20.08 20.25 19.75 19.63 19.69 19.70 19.80 19.85 20.02 20.08 20.04 21.68 21.98 23.66 24.83 26.57 27.31 29.00 30.56
 0.96  2.30  3.48  5.27  7.21  9.13  9.94 11.80 13.30 14.83 15.93 17.78 19.55 20.38 21.88 22.79 24.64 25.40 27.39 29.06 30.01 30.05 30.31 30.43 30.23 30.33 30.77 30.71
traj-294:
18.04 18.75 19.45 18.24 16.35 15.21 13.77 13.02 11.98 11.31
 1.90  3.14  3.95  5.06  4.45  4.63  5.77  6.68  8.06  8.93
traj-295:
18.50 18.85 19.05 19.30 19.58 19.85 20.05 20.17 20.14 19.87 19.95 20.03 20.13 20.24 20.09 19.68 18.12 16.48 15.34 13.88 12.43 10.76  9.95  8.59
 1.86  3.29  4.22  5.38  6.84  8.09  9.01 10.76 11.06 12.89 13.94 15.66 17.02 18.48 20.19 20.93 22.02 22.27 22.30 22.36 22.70 23.12 23.37 23.79
traj-296:
20.25 19.95 19.50 19.24 19.32 19.40 19.41 19.20 19.34 19.11 18.81 19.00 19.57 20.00 19.95 19.97 19.96 19.83 19.68 19.48 19.22 20.17 21.47 22.82 24.75 26.32 28.15 29.27 30.11 30.29 30.74 31.70 32.32 32.52 33.38
 1.22  2.19  3.65  5.04  5.93  7.39  8.75  9.87 11.71 13.10 14.58 15.89 17.49 18.50 19.98 21.72 22.02 23.73 24.68 26.31 27.94 29.22 30.08 30.30 30.71 30.66 30.16 29.75 28.12 27.55 25.64 23.94 22.57 22.01 20.48
traj-297:
19.40 18.76 17.22 15.66 14.19 12.91 11.85 10.12  9.05  7.81
 1.83  2.42  3.57  4.27  4.88  5.54  6.05  6.48  8.02  9.25
traj-298:
20.31 20.43 20.41 20.28 20.22 20.12 20.03 20.03 20.11 20.11 20.17 20.17 20.12 19.37 17.69 17.42 15.67 13.97 12.25 12.01 10.77  9.25  7.91  6.92
 0.63  1.77  3.72  5.43  7.40  9.11 10.25 12.20 13.71 14.89 16.72 18.21 19.90 21.66 22.30 22.42 22.42 22.19 21.26 21.07 19.90 19.30 19.44 21.00
traj-299:
18.21 18.54 18.69 19.17 19.45 19.67 19.75 20.10 20.14 20.16 20.19 20.18 20.21 20.22 20.21 20.19 20.10 19.86 19.95 20.05 20.05 20.65 22.37 24.00 25.15 26.87 28.42 29.01 29.13 29.44 29.95 30.41 30.65 31.10 31.33 31.60 31.90
 1.46  2.27  3.48  5.14  6.44  7.87  8.53  9.75 11.16 12.64 14.59 15.74 17.19 18.66 20.08 20.67 22.45 24.20 25.98 26.81 28.30 30.01 30.24 30.54 30.63 30.08 29.26 28.08 26.39 25.51 23.66 21.94 21.01 19.16 18.25 16.41 15.19
