traj-0:
 1.85  2.66  4.46  5.83  7.25  8.22  9.70 10.25 12.13 13.09 14.94 15.75 17.66 19.54 20.99 22.84 24.21 24.19 24.10 24.11 24.11 24.16 24.29 24.40 22.69 22.05 20.48 18.61 17.51 15.56 13.78 12.67 10.79  8.97  7.56  6.21
37.15 37.13 36.73 36.41 36.46 36.54 36.53 36.51 36.64 36.76 36.75 36.97 36.84 36.82 36.82 36.93 35.61 34.73 33.01 32.71 30.93 29.07 28.21 26.51 25.81 25.22 24.76 24.68 24.71 24.77 24.81 24.80 24.94 24.40 23.91 23.20
traj-1:
 6.11  6.86  7.31  8.11  8.89  9.38 10.38 10.91 11.63 11.94 12.84 13.16 13.49 15.17 17.13 18.67 19.71 21.50 22.24 23.14 23.35 23.29 23.34 23.37 23.38 23.41 21.57 19.98 18.24 16.25 15.37 13.64 12.49 11.33  9.81  7.93  6.14  4.77  3.13  2.20  1.91
10.32 12.14 13.06 14.71 16.46 17.57 19.11 20.07 21.42 22.30 23.97 24.19 24.14 24.64 24.43 24.27 24.07 24.57 25.05 26.64 28.37 30.35 32.18 32.64 34.23 35.98 36.32 36.34 36.28 36.33 36.26 36.39 36.36 36.45 36.11 36.16 36.39 36.47 36.87 37.56 37.48
traj-2:
 2.89  3.19  5.17  6.98  8.55  9.58 10.97 12.13 14.02 14.88 16.44 18.36 19.97 21.72 23.24 24.23 24.26 24.03 23.89 23.65 23.62 22.27 21.03 19.39 18.32 16.51 15.32 14.58 14.15 14.54
38.02 38.00 37.82 37.67 37.64 37.58 37.42 37.26 37.00 37.03 36.58 36.49 36.40 36.34 35.98 34.33 32.82 30.89 28.89 27.06 26.65 25.27 24.34 23.63 23.08 22.51 22.27 21.66 19.84 18.15
traj-3:
12.20 12.07 11.97 11.85 11.81 11.94 12.77 13.11 13.70 13.85 15.59 16.80 17.96 19.58 20.94 22.57 23.18 23.71 23.87 23.79 23.76 23.68 23.47 23.26 23.08 22.58 20.59 19.37 18.57 16.85 15.26 14.23 12.73 11.01  9.21  7.36  5.41  4.40  2.79
 9.10 11.01 12.58 14.12 15.45 17.34 18.64 19.32 21.12 21.38 22.30 22.83 22.94 22.99 23.19 23.30 24.60 25.82 27.79 28.96 30.41 31.56 32.89 33.10 34.27 36.16 36.10 36.15 36.30 36.30 36.35 36.44 36.56 36.69 36.86 36.84 36.73 36.82 36.83
traj-4:
 2.21  3.95  5.50  7.44  8.55 10.30 12.01 13.84 14.92 16.81 18.25 19.98 21.50 22.08 23.51 23.95 23.89 23.83 23.66 23.49 23.47 22.40 21.14 19.83 18.18 16.77 15.28 13.94 13.46 12.36 13.00 13.53
38.17 38.08 38.11 37.79 37.50 36.91 36.98 36.83 36.67 36.43 36.34 36.19 36.11 36.10 34.87 33.10 31.33 30.34 29.17 27.73 26.23 25.35 24.61 24.18 23.82 23.38 22.47 21.60 21.17 19.73 17.97 16.39
traj-5:
 8.92  9.42  9.78 11.22 12.57 13.53 15.15 16.36 18.00 18.96 20.43 21.19 22.62 23.02 23.17 23.16 23.14 23.17 23.25 23.35 23.17 23.10 22.35 21.98 20.30 18.54 17.23 16.15 14.56 13.35 12.25 10.35  9.16  7.36  6.58  5.04  4.14  2.23  1.64
17.28 18.87 19.95 21.14 22.06 22.62 23.57 24.42 24.66 24.81 25.03 25.16 25.43 26.10 26.99 28.72 29.60 30.92 32.08 33.22 34.65 35.25 36.11 36.16 36.20 36.26 36.29 36.28 36.32 36.27 36.22 36.19 36.29 36.45 36.56 36.74 36.69 36.36 36.25
traj-6:
 3.39  5.19  6.41  8.12  9.41 10.96 12.71 14.18 15.62 17.31 18.75 19.97 21.86 22.84 23.65 23.76 23.95 24.07 24.12 24.27 24.44 22.63 21.21 19.35 17.83 16.55 14.97 13.42 12.73 11.77 10.51  9.47  7.91  7.39  6.61  5.61
37.61 37.67 37.89 37.74 37.62 37.45 37.28 37.15 36.94 36.94 36.89 36.60 36.55 36.43 34.62 33.35 31.46 30.14 28.97 27.57 26.44 25.86 24.89 24.42 23.96 23.43 22.58 21.73 21.04 20.32 19.26 18.49 17.29 16.57 15.26 13.70
traj-7:
12.13 12.48 12.64 12.99 13.22 13.43 13.60 14.14 13.87 14.79 15.37 17.13 17.41 19.18 20.15 21.54 22.41 23.20 23.65 23.67 23.62 23.65 23.65 23.61 21.97 20.02 19.41 18.05 16.57 15.88 13.96 11.99 11.66  9.85  7.99  7.00  5.29  3.90
 9.82 11.50 12.07 14.04 15.73 16.55 17.20 19.00 20.92 22.49 23.80 24.09 24.20 24.43 24.61 24.88 25.47 26.98 28.35 30.24 31.54 33.31 34.58 36.52 37.66 37.61 37.50 37.15 36.98 36.83 36.56 36.75 36.81 37.01 37.40 37.56 37.76 37.89
traj-8:
 2.90  4.63  5.70  7.05  8.33 10.29 10.83 12.18 14.09 15.30 17.16 19.15 20.18 22.16 23.77 23.85 23.74 23.54 23.49 23.32 23.15 23.05 21.37 20.02 18.42 17.61 15.97 14.18 12.48 11.01 10.13  8.75  7.58  6.55
36.41 36.40 36.40 36.35 36.39 36.48 36.51 36.54 36.77 36.88 37.12 37.27 37.36 37.53 36.52 35.03 33.57 31.83 30.28 28.97 27.51 25.84 25.07 24.75 24.49 24.38 23.83 23.26 22.81 21.96 21.56 20.55 19.46 18.56
traj-9:
 8.20  8.63  8.84  9.45  9.81 10.15 10.59 10.93 11.14 11.60 11.95 12.24 13.48 14.89 15.76 17.54 18.49 19.85 21.62 22.18 23.08 23.29 23.36 23.75 24.21 24.11 24.02 23.98 22.23 21.35 19.56 18.47 16.62 14.80 13.91 12.62 11.34  9.49  7.57  5.76  4.01
 9.09 10.74 11.54 13.33 14.39 15.72 17.11 18.19 19.52 20.81 22.07 23.96 24.59 25.04 24.86 24.50 24.33 24.17 24.93 25.06 26.71 27.86 29.83 30.87 32.80 34.26 35.44 36.33 37.14 36.92 36.69 36.60 36.42 36.30 36.24 36.20 36.18 36.11 36.11 36.13 36.12
traj-10:
 2.31  4.21  5.32  6.57  8.56  9.68 11.43 12.46 14.43 15.68 16.84 18.82 20.02 21.46 23.02 23.27 23.48 23.50 23.46 23.33 23.22 22.78 21.77 20.44 19.38 17.76 16.74 14.79 13.51 13.32 12.00 11.17 10.82  9.90  9.27  8.19  7.39  6.88  6.29
37.04 36.87 36.61 36.65 36.73 36.67 36.74 36.75 36.55 36.36 36.29 36.41 36.35 36.33 35.94 34.54 32.68 31.30 29.42 27.75 26.57 25.87 24.71 24.93 24.41 24.27 24.22 24.06 22.62 22.39 21.07 19.58 18.92 17.19 15.99 14.38 12.73 11.85 10.54
traj-11:
10.23 10.66 11.61 12.62 13.59 14.37 15.47 17.14 18.75 20.43 22.10 23.04 23.16 23.36 23.65 23.70 23.81 23.80 23.67 23.35 23.07 22.02 20.87 19.58 18.29 16.31 15.44 13.84 12.75 11.29 10.24  8.27  6.58  4.85  2.98
15.62 16.90 18.65 19.66 20.72 21.54 22.91 23.67 24.01 24.22 24.41 25.62 26.76 28.49 29.82 30.14 31.26 33.23 34.05 35.48 35.58 37.27 37.22 37.24 37.33 37.39 37.52 37.48 37.61 37.61 37.71 37.87 38.00 38.15 37.96
traj-12:
 3.49  4.27  5.79  7.55  9.06  9.57 11.06 12.76 14.42 16.38 18.20 19.74 21.63 22.93 24.65 24.63 24.50 24.13 23.61 23.63 23.51 23.35 23.04 21.78 20.52 19.81 18.45 16.65 16.24 14.52 13.58 13.33 11.94 11.18 10.61 10.38 10.60 10.38 10.31 10.21  9.94
37.53 37.33 37.09 36.72 36.70 36.64 36.79 36.83 36.97 36.94 37.24 37.54 37.83 38.26 37.45 35.72 34.71 32.88 31.22 30.81 29.20 27.94 26.43 24.96 24.51 24.08 23.85 23.23 22.79 21.84 20.50 20.22 18.83 17.18 15.78 14.45 12.60 10.84 10.09  8.84  7.64
traj-13:
11.95 13.21 14.76 15.41 17.18 18.18 19.98 21.81 22.25 23.32 23.37 23.60 23.56 23.56 23.43 23.33 23.33 23.32 21.69 20.00 18.05 16.08 15.12 13.57 11.83 10.62  9.04  7.35  6.49  4.55  2.83  2.23
23.17 23.47 23.68 23.88 24.13 24.40 24.82 25.19 25.37 26.80 26.79 28.62 30.23 30.81 32.61 33.66 35.58 36.30 37.08 36.76 36.44 36.30 36.37 36.43 36.34 36.34 36.28 36.16 36.32 36.34 36.21 36.16
traj-14:
 3.08  4.23  5.30  7.27  8.88 10.36 11.21 12.71 14.24 16.06 16.84 18.75 18.94 20.25 20.92 21.33 23.03 23.09 23.19 23.13 23.11 23.09 23.04 23.05 22.53 21.21 20.03 18.87 17.20 15.54 14.95 13.19 12.93 11.31 10.20  9.07
36.37 36.42 36.45 36.55 36.63 36.79 36.88 37.07 37.13 37.14 37.28 36.95 37.06 36.58 36.26 36.19 35.43 34.84 33.36 31.65 30.11 28.43 26.69 26.39 25.38 24.78 24.58 24.90 25.14 25.42 25.53 25.48 25.48 24.32 22.69 21.24
traj-15:
10.66 12.07 12.67 13.61 14.37 15.75 17.39 19.14 20.36 21.56 22.29 23.36 23.38 23.64 23.69 23.91 23.96 24.01 23.26 23.17 21.59 20.01 18.05 16.58 15.45 13.64 12.67 11.66  9.95  8.50  7.70  6.27  4.78  4.51  2.82  1.66
18.58 19.80 20.27 21.16 21.67 22.89 23.58 23.79 24.30 24.89 25.31 26.98 27.28 29.20 29.79 31.76 32.35 34.16 35.87 36.16 37.18 37.09 37.15 37.18 37.19 36.96 37.16 37.49 38.08 38.23 38.15 38.05 37.23 37.05 36.30 36.00
traj-16:
 3.35  5.24  6.18  8.09  9.94 11.72 13.53 14.62 15.81 17.67 19.51 20.20 21.78 23.16 23.26 23.49 23.64 23.74 24.09 23.53 22.01 20.16 18.88 17.21 16.12 14.71 14.32 14.05 13.96 13.66 13.37
36.12 36.53 36.71 37.09 37.03 36.52 36.48 36.71 36.93 37.10 37.01 37.22 37.37 35.93 34.74 32.81 30.94 29.56 28.21 26.31 25.15 24.69 24.37 23.85 23.49 22.50 21.51 19.81 18.79 17.05 15.61
traj-17:
 9.69  9.79 10.55 10.89 11.65 12.89 13.45 13.77 14.89 16.43 18.10 19.65 19.65 21.30 22.12 23.07 23.27 23.26 23.45 23.24 23.07 23.07 22.82 21.62 20.09 18.12 16.28 15.71 14.10 12.48 10.60  9.08  8.12  6.55  5.27  3.60  2.10
13.05 13.34 15.08 16.32 17.85 19.22 20.42 21.41 22.93 23.49 24.05 24.91 24.98 25.09 25.08 26.68 27.86 29.61 31.00 32.42 33.29 35.25 36.05 36.49 37.10 37.46 37.80 37.89 37.74 37.66 37.83 38.00 37.64 37.22 36.92 36.58 36.28
traj-18:
 2.01  2.05  4.02  4.75  6.59  7.61  9.25 10.10 11.74 13.10 14.90 16.50 17.20 18.78 19.96 21.24 22.15 24.06 23.51 23.36 23.35 23.41 23.31 23.30 23.06 21.92 20.48 18.87 17.65 15.77 13.79 13.47 11.73 10.51
37.64 37.35 37.00 37.24 37.12 37.27 37.11 36.96 36.88 36.68 36.60 36.48 36.51 36.34 36.27 36.17 36.06 35.65 34.27 32.38 30.59 28.84 27.07 26.18 25.08 24.49 24.14 24.26 24.28 24.09 23.92 23.80 23.28 22.98
traj-19:
 5.76  7.19  8.83  9.09 10.66 11.28 12.51 14.24 15.70 17.11 18.91 20.29 22.06 23.12 23.19 23.31 23.44 23.52 23.63 23.86 24.23 22.42 21.17 20.10 18.64 16.93 14.94 13.14 11.46 10.08  9.29  7.42  5.58  3.82  2.43
21.87 22.45 23.31 23.38 24.21 24.55 25.23 25.15 25.07 24.89 24.83 24.87 24.92 26.33 27.17 28.64 30.47 31.35 32.95 34.58 36.52 37.25 37.32 37.16 37.20 37.43 37.56 37.78 37.82 37.59 37.53 37.38 37.30 36.78 36.48
traj-20:
 3.55  4.85  6.40  8.14  9.89 11.02 12.63 14.33 15.68 17.52 19.23 21.08 22.73 23.17 23.29 23.18 23.11 23.08 23.06 23.05 22.16 21.32 19.47 17.85 16.15 15.08 13.12 12.32 10.56
37.40 37.20 36.95 36.68 36.68 36.72 36.64 36.59 36.60 36.57 36.62 36.94 36.12 34.67 33.18 31.48 30.30 29.17 27.70 26.59 24.84 24.16 23.74 24.14 23.52 23.62 23.90 23.80 23.78
traj-21:
13.53 13.51 13.42 13.36 13.24 13.34 13.35 13.34 13.42 13.36 14.75 14.67 15.47 16.99 18.72 19.76 21.41 22.14 23.04 23.43 23.48 23.43 23.41 23.34 23.29 22.39 20.59 18.95 17.87 16.02 14.31 14.04 12.16 11.27  9.40  8.42  6.82  4.99  4.70  2.89  2.76
 8.85 10.51 11.37 12.89 14.09 15.68 17.30 18.89 19.53 21.13 22.46 22.75 23.16 23.26 23.54 23.51 24.61 25.35 26.90 27.86 29.27 31.11 32.21 33.91 35.91 37.43 37.41 37.29 37.02 37.67 37.24 37.11 37.18 37.24 37.64 37.51 37.24 36.69 36.61 37.27 37.54
traj-22:
 3.62  3.91  5.90  6.96  8.74 10.31 11.73 12.63 13.96 15.46 17.34 19.16 20.17 22.02 22.85 23.93 23.85 23.80 23.65 23.61 23.64 23.55 23.52 21.55 20.14 18.35 17.12 15.92 14.85 14.41 13.39 13.10 12.18 11.88 10.84 10.43  9.73  9.33  8.87  7.69
37.45 37.43 37.21 37.01 36.76 36.61 36.45 36.44 36.30 36.52 36.88 37.00 37.12 37.30 37.23 35.67 34.24 32.84 31.10 29.15 27.96 26.37 24.97 24.94 24.48 24.03 23.56 23.40 22.27 21.23 19.74 19.02 17.25 16.81 15.20 13.71 12.44 11.44 10.48  9.00
traj-23:
12.29 12.44 12.63 12.83 13.05 13.22 13.33 13.87 12.55 12.55 14.36 14.92 16.45 17.57 19.04 20.60 21.30 22.46 23.21 23.21 23.22 23.21 23.29 23.45 23.35 21.92 20.25 18.56 16.67 15.73 14.13 13.02 11.12  9.51  8.77  7.13  5.95  4.77  3.74
10.25 11.80 13.08 14.33 15.75 17.12 18.24 19.95 20.85 22.46 23.07 23.33 23.65 23.70 23.69 24.69 24.99 25.86 27.33 29.06 30.80 31.10 32.80 34.53 35.42 36.11 36.39 36.64 36.82 36.93 37.08 37.28 37.29 36.94 37.10 37.44 37.75 37.90 38.16
traj-24:
 3.18  4.61  6.12  7.11  8.61  9.99 11.51 13.51 14.99 16.85 18.43 19.79 20.76 22.12 23.20 23.32 23.41 23.56 23.88 23.70 23.55 22.20 20.46 18.72 17.67 15.93 13.96 13.73 11.92 10.82  9.01  7.35  5.98  4.47
37.17 37.08 36.83 36.89 36.86 36.75 36.83 36.74 36.64 37.05 37.09 36.41 36.57 36.52 35.03 33.40 32.38 30.59 29.20 27.50 26.05 25.69 24.83 24.99 24.77 24.41 24.18 24.18 23.64 23.38 23.00 23.26 23.49 23.94
traj-25:
13.62 13.75 14.14 15.72 16.35 17.13 18.72 20.24 21.33 22.99 23.31 23.32 23.46 23.47 23.42 23.40 23.35 23.03 22.10 20.39 18.82 17.70 16.05 15.48 13.62 12.56 10.64  8.71  6.89  5.85  3.98  2.18
19.15 20.22 21.51 22.49 22.88 23.54 24.50 24.97 25.16 25.80 26.22 26.96 28.59 30.28 31.37 32.55 33.96 35.80 36.42 37.09 37.61 37.76 38.35 38.45 37.99 37.75 37.68 37.78 37.58 37.38 36.88 36.54
traj-26:
 3.81  5.48  6.70  8.23  9.95 11.33 12.70 13.97 15.18 16.57 18.49 20.14 21.00 22.61 23.22 23.14 23.15 23.22 23.20 23.14 22.07 21.36 19.61 18.00 16.23 14.96 13.63 13.10 13.34 13.21 12.15
36.71 36.54 36.42 36.87 37.16 37.39 37.62 37.74 38.00 38.29 38.06 37.44 37.11 36.21 34.48 32.84 31.55 29.60 27.99 26.97 25.29 24.75 24.31 24.03 23.10 22.37 21.24 19.87 18.12 17.85 16.81
traj-27:
 4.07  5.89  7.64  8.27  9.60 11.43 13.03 14.61 15.86 17.08 18.98 19.42 20.66 22.56 24.38 24.66 24.70 24.64 24.55 24.45 24.34 24.26 23.94 23.72 22.61 20.70 19.04 17.05 15.15 14.56 12.66 12.10 10.22  8.93  7.04  5.45  3.59  2.74
20.18 20.74 21.33 21.52 21.96 22.40 22.85 23.31 23.65 23.91 24.02 24.04 24.05 24.06 23.46 25.39 25.68 27.66 28.63 30.43 31.90 33.47 34.96 36.32 37.65 37.94 38.04 37.92 37.60 37.41 37.17 37.28 37.13 37.13 37.11 37.11 37.55 37.74
traj-28:
 1.73  2.60  3.80  4.76  5.92  7.85  9.35 11.35 13.33 14.47 16.04 17.68 19.29 21.10 22.24 23.06 23.09 23.15 23.36 23.38 23.14 22.43 20.77 19.80 17.98 16.45 14.69 14.00 12.32 11.14  9.98  9.01  8.15  7.69  7.06  6.49  5.84  5.36
37.16 37.11 37.10 37.01 37.13 37.22 37.20 37.21 37.23 37.16 37.36 36.54 36.29 36.14 36.08 34.43 32.73 31.53 29.61 27.66 26.52 24.86 24.05 23.76 23.22 22.75 22.80 22.79 22.83 21.82 20.62 19.33 17.58 16.08 14.29 12.69 10.88  9.36
traj-29:
 5.22  6.83  8.23  9.78 11.55 13.22 14.65 15.50 17.05 18.02 19.89 21.57 23.05 23.68 23.85 23.66 23.65 23.39 23.14 22.55 22.02 20.26 18.71 17.31 15.53 13.57 12.21 10.69  8.77  7.14  5.47  3.86  2.90
23.31 23.14 23.05 23.31 24.00 24.60 25.11 25.14 25.04 24.99 25.09 25.18 25.84 26.03 27.97 29.85 31.71 33.37 35.03 36.87 37.14 37.46 37.21 37.05 36.89 37.01 37.06 37.27 37.49 37.46 37.36 37.50 37.69
traj-30:
 2.93  4.05  5.58  7.17  8.90 10.23 12.04 13.94 15.38 17.28 18.36 19.76 21.59 22.74 23.70 24.00 23.88 23.58 23.62 23.69 23.76 22.84 21.25 20.72 18.91 17.68 16.58 15.38 14.12 13.19 12.64 11.78
36.37 36.30 36.48 36.43 36.38 36.29 36.29 36.37 36.36 36.43 36.53 37.68 38.03 37.80 36.14 34.30 33.74 32.10 30.19 29.12 27.44 25.84 25.09 24.96 24.38 23.80 22.98 22.17 21.23 19.89 19.02 17.90
traj-31:
 5.18  6.28  7.38  7.67  9.06  9.30  9.53 11.24 13.18 14.32 15.86 17.04 18.98 19.54 21.39 23.17 23.50 23.37 23.32 23.40 23.34 23.25 23.09 22.33 21.32 20.32 18.33 17.92 16.19 14.43 12.91 11.25  9.95  8.40  7.61  5.76  5.40  3.45  1.79
17.05 18.05 19.20 19.43 20.44 20.62 22.58 22.72 22.68 23.13 23.87 24.29 24.70 24.87 25.24 25.93 27.70 29.33 29.93 30.77 31.94 32.99 34.59 36.35 36.80 37.28 37.50 37.61 38.09 37.99 37.67 37.78 37.54 37.43 37.44 37.68 37.77 37.84 37.45
traj-32:
 3.16  3.84  4.95  6.58  7.78  9.18 10.31 11.81 13.39 15.14 16.71 18.44 19.05 20.28 21.29 23.09 23.33 23.74 23.89 24.01 24.02 24.31 24.25 22.74 21.08 20.23 18.43 17.42 15.91 13.98 13.63 12.50 11.44 10.13  9.73  8.63  8.35  7.53  6.70  5.64  4.96  4.55
36.21 36.67 37.60 38.46 38.55 38.18 37.95 37.64 37.46 37.33 37.10 36.91 36.76 36.46 36.25 35.46 34.00 33.14 31.72 30.34 28.57 26.63 24.83 24.43 25.13 25.09 24.95 24.75 24.55 24.37 22.71 21.74 20.73 19.26 18.71 17.16 16.48 14.91 13.57 11.96 10.81 10.16
traj-33:
12.79 14.39 14.96 16.52 18.41 20.24 20.54 22.43 23.05 23.34 23.26 23.30 23.41 23.41 23.38 22.33 20.43 18.53 17.25 16.29 14.66 13.77 12.03 11.03  9.35  7.42  5.48  3.77  1.82
24.60 24.54 24.57 24.74 24.88 25.06 25.13 25.38 26.32 28.09 29.17 31.08 33.07 34.92 36.14 37.25 36.99 36.75 36.65 36.64 36.59 36.56 36.64 36.78 36.55 36.47 36.03 36.08 36.09
traj-34:
 1.74  2.91  4.55  6.48  8.10  9.28 11.22 13.09 14.93 15.45 15.97 17.89 19.28 21.05 22.65 24.19 24.12 24.01 23.83 23.83 23.72 23.76 23.44 21.51 20.39 18.58 17.09 15.34 13.89 12.80 11.09  9.12  7.34  6.19
37.18 37.05 36.53 36.67 36.67 36.72 36.71 36.71 36.85 36.94 37.12 36.99 36.77 36.84 36.73 35.48 34.30 33.11 31.22 29.68 29.04 27.52 25.55 25.13 24.87 24.55 24.29 23.60 23.21 22.80 22.10 21.78 21.39 21.25
traj-35:
13.75 13.72 13.33 13.37 13.24 12.99 13.73 14.30 14.88 15.96 17.23 18.66 19.68 20.97 22.04 23.34 23.43 23.57 23.56 23.34 23.24 23.02 23.01 22.44 21.00 19.44 18.19 16.93 15.00 14.58 12.79 11.14  9.91  8.30  6.91  5.21  3.36  1.81
13.72 14.39 15.97 17.69 19.15 21.00 22.31 22.69 23.03 24.01 24.08 24.64 24.90 25.06 25.16 26.62 28.04 29.41 30.94 32.72 33.98 34.18 34.78 36.52 36.88 37.20 37.35 37.47 37.46 37.48 37.46 37.61 37.39 37.33 37.56 38.09 38.35 37.92
traj-36:
 3.91  5.78  6.73  8.16  9.50 11.41 13.21 14.52 16.35 17.85 18.99 20.90 22.83 24.27 24.47 24.56 24.64 24.46 23.94 23.29 22.69 21.12 19.79 18.17 16.74 14.94 14.04 12.83 11.88 11.25 10.63 10.03  9.17  8.97  8.61  8.37
37.16 37.03 37.10 37.18 37.10 36.89 36.65 36.58 36.67 36.70 36.83 36.75 36.68 35.64 33.88 32.99 31.25 29.51 28.54 26.80 25.63 25.10 25.02 24.97 24.96 24.76 23.89 22.67 21.43 20.30 19.05 17.35 15.60 14.96 13.04 11.77
traj-37:
 4.89  5.42  6.43  6.83  7.76  8.82  9.36 10.34 10.74 11.89 13.07 14.38 14.87 16.55 17.23 19.00 20.64 22.25 23.41 23.48 23.51 23.37 23.29 23.18 23.01 22.37 20.48 20.18 18.38 16.88 15.59 13.85 12.66 11.34 10.11  8.25  6.58  4.64  3.36
10.37 11.01 12.23 12.66 13.81 15.03 15.75 16.99 17.42 18.84 20.36 21.73 22.12 23.10 23.21 23.71 24.07 24.52 25.61 27.01 28.81 30.60 31.67 33.32 35.29 36.87 36.87 36.86 37.06 36.90 36.76 36.77 36.71 36.67 36.68 36.70 36.84 36.77 36.67
traj-38:
 3.40  4.95  6.82  8.13  8.66 10.35 11.11 12.47 13.56 15.14 16.94 17.87 19.71 21.15 21.82 23.42 23.82 23.95 23.92 23.93 23.84 23.76 23.43 21.64 20.58 18.97 17.50 16.82 15.26 14.02 12.54 11.47 10.05  8.76  8.08  7.08  6.05
36.47 36.55 36.51 36.59 36.61 36.72 36.70 36.64 36.57 36.64 36.77 36.77 37.00 36.56 36.22 35.57 33.89 32.69 30.90 29.90 28.44 27.64 25.98 25.31 25.21 25.13 24.97 24.93 24.54 23.91 22.61 21.76 20.79 19.66 19.12 18.24 16.75
traj-39:
 8.73  9.14 10.10 11.06 11.64 12.69 13.78 14.59 14.75 14.96 16.65 17.83 18.92 20.90 22.15 23.01 23.47 23.57 23.57 23.60 23.74 23.91 23.53 22.11 21.24 19.30 18.32 16.46 14.54 12.62 10.70  8.94  7.94  6.20  4.53  3.00  2.72
13.11 13.88 15.62 17.23 19.10 20.49 21.33 21.90 22.36 22.58 23.11 23.05 22.99 22.87 23.74 24.62 25.63 27.29 28.13 29.97 31.30 33.19 34.95 36.01 36.40 36.13 36.14 36.09 36.26 36.24 36.31 36.26 36.34 36.76 37.00 38.10 37.97
traj-40:
 2.76  3.12  4.99  6.65  8.27  9.42 10.80 11.08 12.78 14.44 16.19 17.91 19.48 20.82 21.93 23.64 23.80 24.24 24.24 24.13 23.76 23.45 23.35 22.32 21.12 20.45 19.01 18.08 16.59 15.89 14.15 13.88 13.19 12.50 11.99 11.45 11.17 10.76 10.55 10.12
37.04 37.07 36.98 36.83 36.78 36.72 36.65 36.70 36.59 36.64 36.82 36.59 36.53 36.59 36.65 36.31 35.46 33.67 31.91 30.82 29.08 27.48 26.92 25.32 24.70 24.39 23.91 23.69 23.00 22.81 22.30 21.76 19.98 18.20 16.88 15.58 14.38 12.47 11.54  9.83
traj-41:
 9.26  9.62 10.04 10.77 11.14 11.64 12.11 12.76 12.77 12.77 12.77 13.89 15.59 17.46 18.75 20.65 22.04 23.80 23.83 23.86 23.73 23.87 23.65 23.41 22.88 21.02 20.83 18.85 17.72 16.15 14.87 13.87 12.70 11.10  9.96  8.37  7.83  6.34  4.99  3.12  2.77
 7.33  8.71 10.27 12.11 12.97 14.65 15.88 17.49 19.25 20.30 22.27 23.19 23.55 24.10 23.87 24.25 24.75 25.64 26.53 27.99 29.35 30.99 32.91 34.67 36.24 36.00 36.24 36.50 36.54 36.48 36.41 36.36 36.29 36.24 36.19 36.46 36.44 36.80 36.97 37.51 37.64
traj-42:
 2.80  4.33  5.21  6.59  7.43  8.87 10.70 12.17 13.61 15.46 16.53 18.16 18.28 20.27 20.79 22.66 23.04 23.37 23.47 24.02 23.85 23.76 23.40 22.35 21.25 19.94 18.19 16.59 15.11 14.13 12.33 10.96  9.44  8.11
37.53 37.12 36.98 36.79 36.59 36.46 36.23 36.20 36.16 36.12 36.15 36.15 36.28 36.11 36.18 36.25 35.99 34.07 32.62 31.41 29.53 27.97 26.49 25.33 24.91 24.31 23.68 23.18 22.72 22.40 21.84 21.39 22.67 23.48
traj-43:
 4.54  5.82  6.85  8.50  9.87 11.11 12.59 13.61 14.88 16.43 17.79 19.08 20.96 22.61 23.47 23.97 24.27 24.45 24.47 24.35 24.72 23.44 22.34 20.92 20.07 18.94 17.08 15.10 13.12 11.26  9.60  7.82  6.48  4.52  2.61  1.87
17.22 18.09 18.90 19.91 20.63 20.84 21.75 22.49 23.18 23.47 23.84 24.14 24.71 25.78 26.24 27.76 29.60 31.26 32.09 33.65 35.31 36.76 37.94 37.82 37.72 37.48 37.64 37.59 37.51 37.41 37.52 37.55 37.56 37.60 37.55 37.48
traj-44:
 3.44  5.20  6.10  7.64  9.60 11.17 13.07 14.42 15.77 17.39 19.39 21.31 23.28 23.31 23.21 23.15 23.06 23.06 23.05 22.17 20.26 18.58 16.84 15.71 13.81 12.74 11.51 10.93  9.55  8.14  7.23  6.11  5.29
36.58 36.60 36.45 36.51 36.49 36.57 36.33 36.28 36.24 36.14 36.14 36.06 35.96 35.06 33.32 32.45 30.47 28.76 27.04 25.48 24.99 24.72 24.42 24.22 23.92 22.50 20.99 20.07 18.88 17.84 17.08 15.85 15.14
traj-45:
 8.76  9.24  9.43 10.00 10.72 11.32 12.31 12.65 13.51 14.39 15.31 16.91 18.30 20.12 21.77 23.18 23.57 23.85 23.88 23.74 23.43 23.28 23.14 23.03 21.82 20.13 19.91 18.09 16.70 15.61 13.86 12.05 10.08  8.88  7.55  5.91  4.27  2.69
 9.90 11.27 12.37 14.19 16.05 17.05 18.51 19.39 20.86 22.08 22.70 23.48 23.84 24.40 24.78 25.09 26.79 28.40 29.47 30.27 30.91 32.56 34.06 35.21 36.45 36.81 36.83 37.13 37.58 37.80 37.43 37.07 36.97 36.95 36.81 37.04 37.16 37.30
traj-46:
 2.15  3.86  5.71  7.66  9.62 11.57 13.12 14.97 15.72 16.89 18.12 19.92 20.52 22.37 23.38 23.54 23.65 23.66 23.66 23.74 23.06 22.48 21.48 21.12 19.77 18.22 16.39 14.58 12.90 11.42 10.16  8.96  7.70  6.24  4.68
37.05 36.93 36.83 36.77 36.50 36.51 36.59 36.44 36.52 36.71 36.81 37.13 36.70 36.43 35.26 33.79 32.04 30.38 29.49 27.76 26.38 25.75 24.42 24.04 22.91 22.77 22.72 22.22 21.17 20.17 19.67 18.91 18.20 17.48 16.81
traj-47:
 4.86  5.48  5.72  6.29  7.23  8.06  8.71 10.65 11.55 12.73 14.35 15.02 16.56 18.17 18.79 20.67 20.95 21.00 22.42 23.29 23.35 23.38 23.45 23.72 23.93 23.88 22.00 20.09 19.33 17.44 16.51 14.66 12.88 11.60 10.10  8.95  7.27  5.70  3.89  2.01  1.77
11.62 13.22 13.78 15.08 16.32 17.25 18.64 19.08 19.58 20.78 21.61 22.73 23.51 24.42 24.35 24.51 24.55 24.70 25.61 26.75 28.61 29.72 31.36 32.54 34.24 35.43 36.08 36.30 36.36 36.44 36.50 36.49 36.70 36.77 36.76 36.80 36.89 37.10 36.99 37.49 37.49
traj-48:
 3.69  4.81  6.56  8.04  9.61  9.91 11.81 13.60 14.99 16.78 18.17 19.55 21.26 22.64 23.17 23.47 23.65 23.58 23.54 23.45 22.42 21.67 20.77 19.00 17.05 15.68 14.22 14.01 13.70 13.33 13.00 12.57 11.89
37.43 37.47 37.63 37.54 37.04 37.02 36.99 37.06 37.36 37.86 38.20 37.75 37.17 36.43 34.85 32.95 30.96 29.91 28.24 26.61 25.09 24.67 23.94 24.12 23.97 23.83 23.19 22.08 21.04 20.16 19.11 17.44 15.69
traj-49:
 6.88  7.77  8.94 10.07 11.06 11.87 12.97 14.34 14.80 16.32 18.22 19.17 20.65 22.19 23.98 23.68 23.60 23.52 23.38 23.49 23.09 22.40 20.56 20.26 18.56 16.75 15.60 13.72 11.93 10.18  9.88  8.13  7.05  5.15  4.58  2.58  1.99
13.08 14.30 15.54 17.16 18.29 19.59 20.87 22.29 22.93 23.53 23.60 23.69 24.45 25.19 25.67 27.56 28.98 30.17 31.91 33.29 35.23 36.53 36.73 36.68 36.49 36.43 36.53 36.73 36.65 36.48 36.44 36.30 36.35 36.36 36.42 36.49 36.41
traj-50:
 2.67  2.96  4.79  6.54  8.02  9.91 11.19 12.52 14.04 15.89 17.46 19.33 20.35 21.43 23.02 23.10 23.28 23.39 24.02 24.19 24.37 24.13 22.57 21.19 20.50 18.87 17.03 15.59 14.71 12.72 11.06
38.19 38.11 37.80 37.37 37.23 37.09 36.87 36.72 36.76 36.49 36.39 36.36 36.11 36.00 35.34 33.44 33.05 32.57 30.79 30.07 28.42 26.52 25.67 25.08 24.69 23.82 23.60 23.68 23.64 23.46 22.94
traj-51:
 4.14  5.36  6.62  8.03  8.67  9.92 10.19 11.60 12.94 13.92 14.40 15.91 17.42 17.92 19.79 21.70 22.64 23.51 23.80 24.05 23.50 23.44 23.62 23.52 21.84 19.90 17.92 16.00 14.12 12.31 11.24  9.43  7.78  6.22  5.63  3.81
12.79 14.12 15.43 16.83 17.13 18.52 18.92 20.14 21.32 22.21 22.61 23.18 23.77 23.93 24.35 23.92 24.92 26.12 27.97 29.37 31.18 31.92 33.91 35.40 36.00 36.04 36.07 36.18 36.22 36.31 36.52 36.67 36.71 36.37 36.43 37.10
traj-52:
 3.90  4.49  6.46  8.10 10.06 11.86 13.56 14.99 16.67 18.09 19.59 20.34 21.48 22.16 23.14 23.71 23.56 23.67 23.92 24.11 24.11 23.03 21.28 19.48 18.06 16.28 15.81 14.47 14.00 13.88 13.98
37.29 37.34 37.10 36.90 36.85 37.08 37.86 37.74 38.38 38.71 38.66 38.21 37.63 37.00 35.90 34.43 32.80 30.83 29.25 28.41 26.82 25.86 25.10 24.44 23.84 22.95 22.71 21.52 20.22 18.47 17.88
traj-53:
 5.42  6.53  7.11  7.66  7.93  8.98  9.41 10.22 11.67 13.25 14.86 15.96 17.81 19.21 21.06 22.05 23.22 23.43 23.58 23.96 24.13 24.07 23.57 22.02 20.12 18.23 16.75 15.46 14.24 12.68 11.44 10.07  8.27  6.95  5.97  4.62  2.99  1.87
11.17 12.51 13.86 15.50 16.97 18.36 19.48 21.21 22.27 23.45 24.25 24.29 24.13 23.97 24.42 24.89 26.51 27.86 29.54 31.41 33.03 34.77 36.40 37.45 37.13 36.66 36.52 36.44 36.42 36.41 36.36 36.44 36.54 36.48 36.46 36.76 36.72 36.76
traj-54:
 2.28  2.87  4.41  5.41  7.14  9.06 10.69 12.20 13.05 15.01 16.80 17.58 19.01 19.95 20.54 22.35 23.00 23.11 23.32 24.15 24.26 24.15 23.73 22.69 20.89 19.81 18.59 17.59 16.34 14.90 13.95 13.77 13.27 12.94 12.56 12.20 12.06
37.87 37.82 37.44 37.37 37.00 37.01 37.16 37.28 37.16 36.90 36.71 36.59 36.53 36.18 36.12 36.27 34.51 33.81 31.90 30.32 29.07 27.65 26.52 24.93 24.64 24.50 24.15 23.15 22.77 22.04 21.38 19.96 18.07 17.34 15.58 13.88 12.22
traj-55:
 8.95  9.31  9.42 10.32 10.60 10.85 11.15 11.89 12.75 13.89 14.99 16.12 17.89 17.90 18.32 19.99 20.28 21.14 22.76 23.20 23.23 23.33 23.28 23.27 23.02 22.23 20.95 19.22 17.34 15.90 14.19 12.39 10.63  9.04  8.45  6.63  5.52  3.57  2.68
 8.23 10.03 10.50 12.17 14.12 15.26 16.49 17.91 19.68 20.85 22.30 23.28 24.17 24.17 24.32 25.25 25.29 25.50 25.90 26.75 28.19 29.86 31.00 32.41 34.31 36.11 36.39 37.05 36.67 36.46 36.21 36.25 36.54 36.91 36.86 36.95 36.95 36.88 36.80
traj-56:
 3.23  4.54  6.52  6.97  8.09 10.00 11.22 12.74 14.45 16.02 17.00 17.84 19.49 20.60 21.87 23.05 23.05 23.13 23.03 23.03 23.01 23.02 22.05 21.57 20.17 19.20 18.04 16.16 14.52 13.93 12.23 11.26  9.94  8.91  8.10  7.05  6.23  5.92  5.31  4.86
36.53 36.46 36.37 36.42 36.46 36.51 36.56 36.60 36.60 36.56 36.74 37.21 37.98 37.43 36.68 35.25 34.37 32.64 31.16 30.51 28.54 26.82 25.33 25.00 23.96 23.62 23.27 22.71 21.63 21.26 20.27 19.05 17.82 16.60 15.40 13.76 12.72 10.76  9.25  8.20
traj-57:
 9.23  9.48  9.54  9.83 10.20 10.30 10.56 11.12 12.29 13.36 13.99 15.52 16.50 17.83 18.93 19.81 21.67 22.41 23.21 23.40 23.41 23.61 23.35 22.95 21.32 20.02 18.27 17.20 15.68 14.76 13.19 12.16 11.08  9.29  7.37  5.52  3.62  2.38
 7.80  9.70 10.45 12.36 14.19 14.75 16.68 18.22 19.82 21.06 22.52 23.50 24.21 25.13 25.19 25.01 24.99 25.33 26.93 28.67 30.48 32.42 34.20 35.50 36.23 36.19 36.12 36.05 36.12 36.26 36.40 36.40 36.45 36.66 37.05 37.45 37.35 36.74
traj-58:
 1.65  3.15  4.04  5.25  6.89  7.87  9.19 10.37 12.00 13.89 14.31 15.84 17.46 18.68 20.56 22.28 23.34 23.62 23.75 23.74 23.73 23.80 23.86 23.42 22.02 20.42 19.93 18.24 17.06 15.69 13.90 12.12 11.28 10.16  9.77 10.02 10.25 10.11 10.16  9.97  9.72  9.59  8.97  8.45
37.01 36.92 36.98 37.02 37.00 37.03 37.05 36.75 36.42 36.67 36.72 36.81 36.90 36.97 37.10 36.26 35.03 33.06 32.31 30.42 29.25 27.50 25.72 24.15 22.84 23.64 23.85 24.22 24.66 23.71 22.86 22.79 22.44 21.33 20.44 18.65 16.80 15.91 14.09 12.49 10.52  9.93  8.54  7.76
traj-59:
 7.42  7.81  8.51  8.99  9.63 10.27 11.38 12.21 13.57 14.02 15.35 16.81 18.65 20.01 21.03 22.58 23.56 23.53 23.49 23.64 23.83 23.90 23.63 21.70 20.78 19.34 18.18 17.00 16.01 14.92 13.31 12.49 10.68  9.13  7.41  6.16  4.65  3.95  2.07
10.83 11.88 13.68 15.11 16.78 18.36 19.97 20.44 21.14 22.17 23.31 23.20 23.96 24.65 25.09 25.59 27.27 29.00 30.05 31.59 33.57 35.05 36.80 36.86 36.75 36.73 36.67 36.64 36.58 36.54 36.59 36.53 36.66 36.82 36.85 37.01 37.14 37.23 37.70
traj-60:
 2.79  3.08  4.62  5.33  6.61  7.61  9.34 10.27 11.95 13.77 14.66 15.62 17.46 18.53 19.57 20.85 22.64 23.10 23.12 23.17 23.24 23.24 23.51 23.13 22.22 21.65 19.89 18.89 17.28 15.55 14.22 12.34 10.76 10.08  8.21  6.75
37.96 38.06 37.01 36.51 36.46 36.44 36.50 36.50 36.48 36.42 36.57 36.88 36.71 36.46 36.33 36.36 36.03 34.38 34.08 32.36 30.61 30.31 28.59 26.77 25.10 25.06 24.92 24.84 24.92 25.01 25.08 24.74 24.52 24.46 23.88 23.99
traj-61:
11.06 12.43 13.45 14.50 16.17 17.46 19.26 19.58 20.45 22.39 23.45 23.51 23.76 24.05 24.68 24.89 25.00 24.12 23.45 21.92 20.05 18.49 16.62 15.03 14.62 12.69 11.14  9.35  8.97  7.08  5.39  4.38  2.72  2.03
21.36 22.07 22.56 22.97 23.68 24.26 24.53 24.68 25.02 25.00 26.54 28.52 29.92 31.22 32.88 34.14 35.63 37.18 37.32 36.85 36.87 36.90 37.03 37.10 37.16 37.24 37.28 37.28 37.27 37.23 37.17 37.19 37.04 36.84
traj-62:
 3.62  5.15  7.13  8.01  9.78 11.74 13.18 14.81 16.71 18.44 19.60 21.45 22.09 23.09 23.11 23.26 23.50 23.54 23.59 23.36 23.18 22.46 21.22 19.43 17.65 16.46 14.95 13.73 12.67 11.34 10.07  8.88  7.71  6.40  5.22
36.46 36.63 36.60 36.63 36.64 36.77 36.91 36.77 36.83 36.91 37.00 36.27 36.05 35.04 34.74 32.98 31.35 29.74 29.16 27.56 26.68 25.00 24.15 23.68 22.83 22.85 21.92 20.54 19.05 17.73 16.51 15.44 14.41 13.31 12.13
traj-63:
10.70 12.64 14.08 15.30 16.28 17.92 19.56 21.18 22.51 23.26 23.33 23.68 24.02 24.21 23.49 23.10 22.25 21.00 19.23 17.52 15.83 15.00 13.26 12.07 10.14  8.29  6.43  5.25  3.44  2.43
23.99 24.12 24.25 24.32 24.46 24.68 25.14 25.14 25.67 27.11 27.40 29.28 31.00 32.39 34.12 35.39 36.49 37.67 38.59 38.34 37.87 37.61 37.74 37.78 37.68 37.63 37.83 37.74 37.84 37.78
traj-64:
 1.88  2.16  3.95  5.65  6.76  8.69  9.98 11.07 12.27 14.05 16.03 17.84 19.71 21.34 23.14 23.42 23.60 23.62 23.78 24.16 24.72 24.66 23.83 22.85 21.21 19.31 18.38 17.01 15.82 14.28 12.58 11.45 10.49  9.43  9.16  8.74  7.97  7.58
37.51 37.60 38.07 38.49 38.29 37.84 37.45 37.13 36.82 36.59 36.74 36.86 36.78 36.84 36.74 35.04 33.27 32.97 31.09 29.48 27.71 25.97 25.21 25.01 24.68 24.09 23.89 23.50 22.94 21.86 20.89 19.88 19.18 18.25 17.38 15.48 14.01 12.81
traj-65:
 6.74  7.09  8.82  9.53 11.22 12.62 13.19 13.91 15.76 17.63 19.45 19.77 21.52 23.26 23.24 23.25 23.28 23.27 23.20 23.15 23.14 22.18 20.33 19.84 18.46 17.41 16.34 14.66 13.14 12.11 10.24  9.25  8.09  6.42  4.58  4.28  2.51
21.82 22.01 22.79 23.08 23.74 24.56 24.70 24.73 24.51 24.68 24.88 24.98 25.23 25.86 27.35 28.80 30.26 31.34 32.53 33.97 35.15 36.13 36.16 36.75 36.74 36.68 36.56 36.48 36.42 36.44 36.38 36.36 36.33 36.30 36.46 36.51 37.02
traj-66:
 3.79  4.66  6.43  7.32  9.29 10.99 12.48 13.37 14.51 14.81 16.71 18.66 19.83 21.78 22.18 23.05 23.06 23.10 23.11 23.11 23.11 23.01 22.11 20.42 18.54 17.18 15.82 14.56 12.73 11.17 10.37  8.50  7.39  6.18
38.11 37.71 37.50 37.49 37.37 37.10 36.88 36.76 36.52 36.57 36.74 36.96 37.01 36.76 36.62 35.21 33.77 31.80 30.09 29.49 27.78 26.52 25.24 24.58 24.88 25.07 24.88 24.59 24.18 24.25 24.31 24.37 24.43 24.51
traj-67:
11.62 11.48 11.68 12.27 12.60 12.88 14.00 15.33 17.13 17.40 19.17 19.42 21.20 22.37 23.30 23.30 23.30 23.20 23.08 23.02 23.02 22.39 21.30 19.98 19.18 17.43 16.22 14.84 13.69 11.79 10.39  9.55  7.98  6.43  4.76  3.54
12.85 14.74 15.77 17.62 19.32 20.68 21.59 23.04 23.14 23.28 23.94 24.10 24.49 25.00 26.66 27.26 28.70 30.16 32.10 33.93 34.62 36.21 36.61 37.10 37.38 37.81 38.17 37.89 37.80 37.46 37.31 37.26 37.80 37.93 38.02 37.96
traj-68:
 2.40  2.85  4.54  6.38  8.29  9.34 11.32 12.19 13.63 14.67 15.31 16.24 17.25 18.78 20.20 22.06 23.71 23.89 24.04 24.05 24.18 23.71 23.20 22.27 21.22 19.51 17.58 16.01 14.17 13.11 11.58 10.30  9.91  8.73  7.94  6.48  5.96
38.15 37.30 36.98 37.34 37.45 37.40 37.25 36.95 36.84 36.60 36.52 36.62 36.59 36.85 37.14 37.63 36.56 35.38 33.90 32.19 30.46 28.58 27.09 25.46 25.24 24.82 24.89 24.36 24.18 24.09 22.87 21.70 21.33 20.08 19.59 18.50 17.61
traj-69:
 4.82  5.15  5.93  6.41  6.91  8.46  9.88 11.57 13.03 13.96 15.80 16.86 18.69 20.54 22.08 23.77 23.85 24.05 23.96 23.92 24.08 24.51 24.57 24.57 24.52 22.92 21.33 20.27 18.70 18.25 16.70 14.70 12.90 11.57 10.22  9.43  7.85  6.84  5.67  4.12  3.06
14.32 15.29 16.93 18.45 19.51 20.22 20.73 21.33 22.03 22.58 23.09 23.31 23.30 23.49 23.63 23.95 24.24 26.01 27.18 28.64 30.38 31.95 33.44 35.16 36.05 37.16 37.37 37.43 37.58 37.60 37.31 37.23 37.05 36.94 36.90 36.82 36.73 36.77 36.77 36.69 37.44
traj-70:
 3.11  3.98  5.46  6.68  7.86  9.82 11.57 13.30 14.15 15.68 17.56 19.09 20.57 22.04 23.17 23.40 23.55 23.63 23.67 23.78 23.77 22.73 21.18 19.54 17.68 15.70 14.22 13.51 12.58 11.95 11.32 10.77 10.46 10.06  9.34  8.76  8.33  8.02
36.13 36.25 36.42 36.60 36.81 37.10 37.16 37.45 37.54 37.31 37.01 36.74 36.54 36.25 35.10 33.75 32.29 30.41 29.55 27.79 26.91 25.48 24.65 23.97 23.46 23.42 22.32 20.66 19.54 18.65 16.83 15.56 14.37 13.19 11.34 10.00  8.78  8.12
traj-71:
 9.19  9.35 10.39 11.32 11.85 13.42 15.18 17.02 18.98 20.45 21.55 22.96 24.61 24.61 24.68 24.85 24.84 24.83 24.70 23.19 22.35 20.53 19.93 18.18 16.60 14.97 13.52 11.73  9.94  8.18  6.25  5.69  4.00
18.39 18.64 20.14 21.64 23.23 24.39 24.44 24.04 24.05 24.00 25.27 25.82 26.84 28.34 30.12 32.10 33.27 34.42 35.88 37.18 37.36 37.73 37.75 37.68 37.82 37.80 37.39 37.54 37.18 37.24 37.01 36.94 36.71
traj-72:
 3.49  5.26  5.79  7.76  8.87 10.60 11.83 13.32 15.11 15.71 17.49 19.25 20.62 22.21 22.62 22.69 23.49 23.61 23.48 23.37 23.15 23.12 23.36 23.51 22.24 20.31 18.73 17.44 15.55 15.29 13.97 12.49 11.00  9.47
36.72 36.56 36.49 36.54 36.40 36.37 36.41 36.47 36.65 36.71 36.90 37.18 37.22 36.52 36.37 36.08 34.30 33.72 31.80 30.20 28.48 27.35 25.58 24.72 23.33 23.53 23.19 22.72 22.29 22.14 20.66 20.14 20.58 21.16
traj-73:
 7.58  8.33  9.52 10.31 11.04 12.41 13.50 14.60 14.77 15.63 16.41 18.07 19.66 21.35 22.38 23.29 23.26 23.28 23.22 23.08 22.50 20.84 18.99 17.89 16.17 14.25 12.62 10.73  8.75  7.07  5.57  3.95  2.59
14.23 15.05 16.42 17.18 17.91 19.31 20.64 21.66 21.77 22.41 23.04 24.09 25.07 25.08 25.58 27.09 28.93 30.87 32.59 34.38 36.19 36.58 37.22 37.30 37.38 37.47 37.22 37.14 37.00 37.24 37.45 37.42 37.50
traj-74:
 2.28  3.18  4.51  6.44  7.42  8.46  9.87 11.67 12.64 14.44 16.31 18.29 19.13 21.03 22.75 23.39 23.40 23.69 23.63 23.67 23.49 23.44 22.16 20.81 19.43 17.81 16.69 15.03 14.83 13.41 12.03
37.95 37.50 36.97 36.91 36.72 36.71 36.60 36.67 36.60 36.74 36.65 36.71 36.67 36.67 36.01 34.41 33.29 31.35 30.09 29.00 27.61 26.71 25.34 23.86 23.27 22.80 23.28 22.26 22.07 20.71 19.61
traj-75:
 8.24  8.65  9.02  9.14  9.34 10.05 11.20 13.13 13.32 14.81 15.19 16.36 18.29 19.64 21.37 23.28 23.40 23.43 23.33 23.18 23.23 23.33 23.20 22.57 20.77 19.35 17.76 15.97 14.44 12.93 11.32  9.69  8.25  6.95  5.38  3.48  1.64
16.54 17.92 19.31 20.07 21.50 22.92 23.05 23.18 23.35 24.10 23.82 24.06 24.47 25.00 25.24 25.49 26.96 27.84 29.59 31.56 32.77 33.62 35.23 36.70 37.31 37.19 37.04 36.91 36.83 36.80 36.72 36.58 36.47 36.46 36.48 36.60 36.58
traj-76:
 1.99  2.79  4.59  6.45  7.98  9.36 11.23 12.05 13.81 15.33 16.20 16.49 18.29 19.77 21.11 22.61 23.00 23.08 23.17 23.26 23.28 23.24 23.20 21.95 20.60 19.34 17.40 16.40 14.74 14.07 13.35 12.31 11.28 10.21  9.04  8.61  7.73  6.77  5.65
37.36 37.60 37.73 38.10 38.07 38.02 37.62 37.33 36.79 36.60 36.52 36.58 36.48 36.33 36.22 36.18 34.57 32.59 30.87 29.39 28.23 26.77 26.21 24.76 23.80 23.61 23.62 22.93 22.16 20.47 18.61 17.00 15.40 14.16 12.70 12.14 11.05  9.69  8.10
traj-77:
 9.93 11.27 12.73 14.50 16.38 17.67 19.10 20.63 22.05 23.46 24.34 24.26 24.19 24.47 24.42 24.40 24.13 23.96 23.86 22.01 21.17 19.89 17.96 16.03 14.05 12.18 10.74  8.86  7.82  6.47  4.48  2.73
24.49 24.16 23.61 23.42 23.53 23.88 24.17 24.55 24.92 25.44 25.61 27.26 29.25 29.91 31.60 32.43 34.41 35.89 36.78 37.48 37.33 37.05 36.64 36.81 36.67 36.74 36.85 36.86 36.90 36.91 36.90 36.92
traj-78:
 2.36  3.70  5.13  6.91  8.29 10.15 11.41 11.77 13.08 14.33 15.97 17.63 19.16 20.68 21.62 22.05 23.31 23.29 23.27 23.35 23.40 23.36 23.34 22.46 20.81 19.46 17.55 15.91 14.70 13.94 13.02 12.88 11.72 11.40 10.67  9.84  8.87
37.27 36.76 37.23 37.26 37.33 37.79 37.48 37.49 37.06 36.68 36.66 36.60 36.56 36.81 36.71 36.10 34.87 34.57 32.77 31.28 29.52 28.38 26.91 25.56 24.65 24.45 24.34 24.14 23.95 23.19 22.59 20.92 19.71 19.37 17.57 15.87 14.14
traj-79:
 5.91  6.15  7.49  8.44  9.37 10.64 12.00 12.97 14.62 16.41 17.86 19.44 20.78 22.16 22.31 23.44 24.04 23.72 23.57 23.60 23.51 23.59 22.50 20.77 19.90 18.05 16.15 14.76 13.13 12.14 10.51  9.72  8.00  7.26  5.44  4.41  2.87
19.15 19.33 20.64 21.13 21.45 22.77 23.36 23.50 23.85 24.16 24.30 24.53 24.84 25.32 25.30 26.93 28.25 30.05 31.53 33.06 34.34 35.73 37.22 37.41 37.31 37.29 37.04 36.76 37.32 37.40 37.24 37.07 36.80 36.66 36.59 36.66 37.39
traj-80:
 2.13  3.33  4.73  5.89  7.43  9.16 10.66 12.55 14.38 15.02 16.50 18.31 18.83 20.65 22.51 23.40 23.57 23.62 23.82 23.85 23.65 23.19 22.13 21.00 19.62 18.15 16.33 14.34 13.59 12.01 10.23  9.11  7.60
37.23 37.06 36.85 36.81 36.62 36.52 36.26 36.31 36.55 36.57 36.76 37.03 36.96 37.31 37.96 36.47 34.70 33.10 31.23 29.77 27.91 26.46 25.30 24.90 24.58 24.19 23.75 23.67 24.33 24.54 23.67 23.22 22.59
traj-81:
12.68 14.42 15.33 17.21 18.91 19.33 21.30 22.69 23.19 23.13 23.24 23.29 23.33 23.41 23.44 23.49 22.62 21.34 19.62 19.32 17.58 16.63 14.64 13.78 11.81  9.93  8.09  7.06  5.73  3.80  2.64
23.21 23.22 23.13 23.34 23.32 23.33 23.38 24.60 26.26 27.52 28.35 30.25 32.12 33.27 34.12 35.53 37.25 37.18 37.04 37.13 37.21 37.15 36.93 36.90 36.82 36.95 36.81 36.99 37.41 37.77 37.94
traj-82:
 1.81  3.67  4.84  6.19  7.92  9.69 10.70 12.64 14.21 15.23 16.77 18.46 19.94 21.46 21.79 22.08 23.21 23.30 23.36 23.33 23.37 23.18 22.85 21.14 19.50 17.82 15.87 15.30 13.62 11.84 10.99  9.67  7.93  7.02  5.40  5.04
37.30 37.21 37.32 37.39 37.48 37.53 37.60 37.39 37.26 37.28 37.05 37.06 37.02 36.50 36.11 36.02 34.93 33.02 31.17 29.79 28.07 26.34 25.80 25.04 24.97 25.05 25.05 24.95 24.42 23.60 23.30 22.93 22.62 22.46 21.94 21.82
traj-83:
13.74 13.80 13.80 13.81 14.02 14.83 16.00 16.95 18.51 20.41 22.25 23.23 23.40 23.51 23.78 23.93 23.60 23.58 23.07 22.52 20.81 19.42 18.02 17.00 15.06 13.30 12.17 10.90  8.92  6.93  5.69  3.84  2.02
14.17 15.82 17.62 19.28 20.36 22.00 23.48 23.82 24.31 24.78 25.18 26.87 28.59 29.78 31.49 32.37 33.78 34.08 35.29 36.58 37.58 37.86 37.56 37.34 36.97 36.61 36.36 36.41 36.44 36.54 36.73 36.87 37.09
traj-84:
 3.68  5.24  7.15  8.90  9.62 11.45 11.90 13.62 14.89 15.90 17.85 19.61 20.81 22.43 22.67 23.04 23.12 23.33 23.39 23.61 23.17 22.38 20.71 19.14 17.32 15.44 13.68 13.75 13.94 14.08
37.98 37.58 37.26 37.30 37.40 37.52 37.55 37.90 37.96 38.04 37.74 37.56 37.22 36.11 35.92 34.99 33.82 32.23 30.49 28.81 27.09 25.63 24.87 24.53 23.94 23.35 22.59 21.23 19.45 17.92
traj-85:
 7.98  9.33 11.12 12.50 14.40 15.91 17.69 18.91 20.75 22.06 23.43 23.53 23.63 23.66 23.75 23.74 23.56 23.46 21.75 20.15 19.44 17.87 17.14 15.47 14.40 12.93 12.47 10.61  9.40  8.37  6.84  5.69  4.07  3.60
23.02 22.28 21.50 21.76 22.17 23.07 23.28 23.44 23.58 24.98 26.08 28.07 29.33 30.61 32.37 34.36 36.12 37.01 38.00 38.13 38.03 37.16 37.14 37.09 37.33 37.87 37.90 37.93 37.66 37.55 37.88 38.11 37.98 37.89
traj-86:
 2.56  4.48  5.78  7.38  8.63  9.82 11.70 13.10 14.32 15.10 16.92 18.86 19.66 21.36 23.25 23.29 23.38 23.40 23.28 23.16 23.13 23.09 23.07 22.27 20.64 19.44 17.55 16.39 14.85 13.49 13.39 11.70 11.49  9.68  9.39  8.58  7.63  7.32  6.26  5.73  5.01  4.58
36.06 36.15 36.27 36.32 36.49 36.63 36.58 36.83 36.87 37.02 37.32 37.18 37.07 36.87 36.34 35.74 34.26 32.48 31.09 29.24 28.77 27.11 26.23 24.46 23.61 23.38 23.75 22.84 21.81 21.08 20.86 19.92 19.71 18.87 17.11 15.44 13.85 13.24 11.80 10.80  9.72  9.07
traj-87:
14.39 14.19 14.08 13.89 13.80 14.06 15.13 15.13 14.24 14.85 16.19 17.81 19.74 20.04 21.93 22.81 23.04 23.50 23.61 23.73 23.89 23.91 23.87 22.19 20.65 19.24 17.79 16.46 15.02 13.36 11.47 11.36  9.42  7.95  7.08  5.24  4.33  3.09
15.13 17.07 18.75 19.61 21.40 22.57 24.05 24.91 24.57 25.02 25.02 25.06 25.04 25.07 25.36 25.73 25.93 27.65 28.82 30.47 32.43 33.91 35.78 36.85 36.94 37.11 37.25 37.09 37.03 37.17 37.33 37.35 37.36 37.40 37.39 37.00 37.10 37.15
traj-88:
 3.98  5.31  6.27  8.25 10.14 11.49 12.82 14.69 16.10 17.51 18.70 20.48 21.96 22.70 24.45 24.55 24.40 24.22 24.11 23.88 23.72 23.22 22.57 21.23 20.51 18.94 17.84 16.31 14.64 14.37 12.83 12.46 11.45 10.84 10.59  9.87  9.01  8.26  7.15  6.17  5.13
36.31 36.31 36.35 36.50 36.42 36.50 36.62 36.89 37.06 37.12 37.11 36.95 37.05 37.10 36.35 35.19 34.03 32.59 31.71 29.78 27.79 26.30 25.62 24.38 23.85 23.49 23.35 22.98 22.40 22.28 21.14 20.43 18.71 17.22 16.73 15.05 14.27 12.96 11.45  9.94  8.51
traj-89:
 6.13  6.23  6.82  7.44  7.75  8.06  8.45  9.01  9.77  9.42  9.76 10.16 11.14 12.67 14.16 15.06 16.87 18.72 20.66 20.96 22.85 23.29 23.65 23.56 23.48 23.38 23.57 23.54 22.52 21.26 19.42 17.99 16.02 14.59 13.28 12.08 10.34  9.19  7.23  5.88  4.63  3.48  1.90
 9.43  9.88 11.38 12.91 13.86 14.40 15.78 17.56 19.29 20.49 22.03 23.67 24.44 25.03 24.99 24.97 24.94 24.92 24.97 24.94 25.08 25.82 27.44 29.41 30.00 31.99 33.41 35.15 36.24 36.78 37.06 37.27 37.33 37.21 37.16 37.30 37.38 37.45 37.64 37.71 37.56 37.11 36.38
traj-90:
 2.57  3.42  5.25  5.68  6.91  8.31  9.72 11.51 13.30 14.97 16.75 17.99 18.82 19.93 21.75 22.40 23.64 23.90 23.90 23.76 23.95 23.93 23.11 21.23 19.36 17.55 16.40 14.76 14.11 14.00
37.72 38.02 37.38 37.47 37.04 36.99 36.75 36.64 37.01 37.35 37.61 37.73 37.52 37.11 36.53 36.28 35.05 34.00 32.24 30.35 28.70 26.96 25.67 25.00 24.43 23.73 23.24 22.38 20.74 20.46
traj-91:
13.73 13.69 13.36 13.15 13.10 12.84 12.65 12.95 13.36 14.05 14.30 15.82 16.94 18.52 19.64 21.24 22.10 22.27 23.15 23.32 23.67 23.79 23.86 23.55 23.16 22.83 21.62 19.81 17.89 17.32 15.52 14.08 12.70 10.79 10.49  8.75  7.02  5.82  4.19  3.61
 8.53  8.83 10.75 12.71 13.01 14.75 16.58 17.64 18.58 20.01 21.55 22.85 23.16 23.75 24.03 24.49 24.91 25.15 26.79 27.66 29.37 31.25 33.12 34.81 35.16 36.10 37.42 37.26 37.30 37.28 37.04 37.00 37.04 36.92 36.90 37.06 37.02 36.82 37.06 37.14
traj-92:
 2.86  4.48  6.38  7.80  9.64 11.13 12.70 14.06 15.97 17.08 17.92 19.73 20.83 22.31 23.15 23.53 23.42 23.36 23.26 23.17 23.13 22.29 20.59 18.74 17.94 16.74 15.44 14.33 14.01 13.64 13.36 13.48 13.05 12.43 11.72 11.01
37.23 36.87 37.06 37.07 37.11 37.48 37.73 37.69 37.13 36.76 36.54 36.36 36.35 36.17 35.48 33.79 32.07 31.00 29.30 28.01 27.25 25.65 24.93 24.41 23.85 22.99 22.10 21.43 19.63 17.68 15.99 14.85 13.13 11.82 10.59  9.08
traj-93:
 9.15 10.47 12.28 13.67 15.41 16.75 17.44 19.15 20.60 22.47 22.76 23.22 23.17 23.20 23.17 23.25 23.22 23.15 22.60 21.79 20.05 19.30 17.91 16.55 15.47 13.84 11.89 10.06  9.45  7.46  5.53  4.56  2.61  2.43  2.17  1.84
23.19 23.94 23.89 24.16 24.63 24.34 24.35 23.92 23.51 24.05 24.90 26.56 27.32 28.64 30.40 32.37 33.56 34.43 36.04 36.23 36.52 36.42 36.26 36.28 36.33 36.44 36.65 36.71 36.66 36.59 36.52 36.51 36.59 36.66 36.93 36.99
traj-94:
 2.08  4.04  6.00  7.13  8.71 10.47 12.39 14.08 16.01 17.37 19.26 20.69 22.65 23.67 23.56 24.02 23.90 24.10 24.12 24.25 23.96 22.61 20.90 18.91 17.05 15.97 14.24 13.22 11.76
38.03 37.95 37.83 37.72 37.54 37.47 37.43 37.48 37.48 37.50 37.42 37.36 37.14 35.65 34.45 32.69 31.99 30.60 29.71 28.57 26.81 25.89 24.99 24.98 24.46 24.02 23.08 22.55 21.55
traj-95:
 5.92  7.57  9.27 11.23 12.80 13.78 14.33 16.10 17.07 18.51 20.49 21.75 23.01 23.14 23.77 24.32 24.44 24.13 23.46 22.78 20.93 19.64 18.76 16.91 15.04 13.97 12.72 11.11  9.12  7.26  5.83  4.02
24.56 24.37 24.14 24.18 24.43 24.41 24.41 24.57 24.37 24.14 24.35 24.93 26.46 27.34 29.20 30.87 31.45 33.40 34.71 36.45 37.03 36.82 36.57 36.81 36.54 36.62 36.64 36.59 36.64 36.71 36.94 37.30
traj-96:
 2.66  2.97  4.51  6.06  7.42  8.86 10.60 12.03 13.32 13.88 15.82 17.14 18.88 20.18 22.08 23.85 24.26 24.14 24.05 24.03 23.67 23.45 22.15 21.27 19.36 19.06 17.18 15.89 14.79 14.00 13.15 12.20 11.12 10.24  9.65  8.88  7.99  7.49
36.93 36.81 36.60 36.68 36.92 37.10 37.33 37.17 36.78 36.66 36.45 36.28 36.56 36.70 36.91 36.64 35.01 33.12 31.40 29.77 27.92 26.62 25.27 25.13 25.01 25.00 24.89 23.48 22.12 21.04 20.10 19.09 17.72 16.21 14.97 13.48 11.85 10.92
traj-97:
12.01 11.92 11.94 11.64 11.73 11.54 11.40 11.09 11.09 11.26 12.71 13.29 14.73 15.33 17.07 19.03 19.33 21.29 22.76 23.58 23.50 23.25 23.17 23.19 23.30 23.35 22.05 20.50 19.00 17.05 16.16 14.34 13.39 11.83 10.45  9.78  8.14  6.23  5.80  3.94
11.97 13.61 15.21 16.90 17.87 19.56 21.36 22.82 23.83 24.99 25.21 25.30 25.42 25.41 25.36 25.15 25.12 24.89 24.66 26.26 27.42 29.32 31.08 31.91 33.88 35.05 36.50 36.66 36.62 36.57 36.60 36.63 36.65 36.61 36.74 36.61 36.51 36.25 36.24 36.15
traj-98:
 2.34  4.16  6.07  7.89  9.59 11.21 12.59 13.91 15.13 16.50 17.67 18.84 20.23 22.02 22.47 23.25 23.40 23.51 23.56 23.43 23.25 23.06 22.28 21.76 20.16 18.63 17.17 15.44 14.01 12.85 11.65 10.56 10.14
36.03 36.11 36.15 36.22 36.39 36.37 36.47 36.50 36.63 36.89 37.08 37.29 37.50 36.63 36.10 34.31 33.19 31.66 29.88 29.00 27.25 26.76 25.24 25.00 24.24 23.77 23.30 22.58 21.43 19.93 18.46 16.96 16.17
traj-99:
12.26 11.81 12.26 12.89 13.30 15.18 15.44 17.05 18.71 20.58 22.17 23.04 23.10 23.12 23.13 23.17 23.14 23.07 22.98 21.11 20.10 18.43 16.79 15.24 13.63 11.90  9.99  9.44  7.81  6.71  5.37  4.20  2.72
16.84 18.68 20.02 21.90 22.41 22.95 23.19 23.88 24.44 25.02 24.87 26.46 28.16 29.60 30.69 32.13 33.84 35.62 36.22 36.63 36.65 36.57 36.38 36.32 36.25 36.41 36.73 36.86 37.19 37.45 37.46 37.59 37.54
traj-100:
 2.69  3.72  4.74  6.13  7.92  9.57 10.76 11.76 13.43 14.32 15.98 17.04 18.80 20.74 22.56 23.80 23.77 23.61 23.54 23.54 23.43 23.25 22.46 22.30 20.38 19.95 18.21 16.53 15.99 14.39 13.20 12.30 11.01  9.78  9.74  9.68  9.69 10.09 10.99 11.90 12.58
36.17 36.16 36.10 36.13 36.18 36.21 36.21 36.20 36.29 36.54 36.87 36.74 36.31 36.26 36.08 34.98 33.78 32.33 31.49 30.23 28.32 26.59 24.95 24.67 25.01 25.00 25.05 25.07 24.99 24.48 24.29 22.56 21.89 20.63 19.55 18.08 16.78 14.82 13.23 11.85 10.89
traj-101:
 6.60  7.58  9.51 11.44 12.95 14.62 15.78 17.26 19.08 19.38 21.22 22.42 23.11 23.47 23.45 23.47 23.38 23.30 23.24 21.99 20.44 18.68 17.53 15.66 15.38 13.76 12.02 10.44  8.91  7.02  5.84  4.46  3.58
24.03 24.02 23.83 23.95 24.19 24.30 24.68 24.86 24.88 24.89 24.88 25.24 26.34 27.67 28.54 30.23 32.23 34.03 35.29 36.56 37.03 37.38 37.63 37.76 37.65 36.71 36.70 36.55 36.56 36.66 36.84 36.55 36.50
traj-102:
 2.87  3.17  4.67  6.61  7.87  9.04  9.42 11.28 13.16 14.39 15.44 16.26 18.24 19.61 21.47 23.27 23.99 24.13 23.92 23.82 23.79 23.87 23.51 23.29 21.91 20.19 18.85 16.93 15.23 13.25 13.30 13.22 13.01 13.06 13.11 13.19 13.24 13.38 13.40 13.65 13.83 13.97
37.44 37.44 36.33 36.47 36.44 36.79 36.93 36.96 37.03 36.78 37.02 36.86 37.07 37.29 37.58 37.04 35.46 34.00 33.22 31.78 30.00 28.23 26.32 25.90 25.43 25.08 25.05 25.01 24.98 24.91 23.20 22.52 20.88 18.98 17.12 15.54 13.61 11.98 11.39  9.44  8.18  7.34
traj-103:
 4.38  5.31  7.15  9.00 10.70 12.40 13.62 14.18 15.19 17.07 17.74 19.68 21.31 23.11 23.53 23.52 23.67 23.68 23.74 23.84 22.76 22.28 20.48 19.42 17.86 16.11 14.62 13.34 11.67 11.18  9.47  9.17  7.39  5.66  3.80  1.88
21.03 20.91 20.78 21.37 21.98 22.47 22.94 23.32 23.63 24.14 24.36 24.75 25.13 25.86 27.73 29.47 31.13 31.73 33.45 35.05 36.55 37.04 37.78 37.62 37.26 37.07 36.99 36.75 36.64 36.59 36.54 36.54 36.71 36.63 36.58 36.44
traj-104:
 3.96  4.60  6.55  7.98  9.88 11.39 12.82 13.83 15.31 17.02 18.78 20.66 22.37 23.62 23.64 23.63 23.57 23.42 23.48 23.52 23.54 23.28 22.87 21.76 20.36 18.96 17.51 15.57 15.00 13.54 11.78 10.54 10.49 10.75 11.13 11.58 12.00 12.48
37.79 37.07 36.74 36.89 36.81 36.79 36.81 36.87 36.87 36.89 37.02 37.02 36.89 35.68 34.25 33.67 32.18 30.55 29.14 27.40 27.10 25.25 24.21 23.72 23.59 24.33 25.01 25.28 25.34 25.41 25.17 24.44 22.54 21.43 20.33 18.54 17.38 15.56
traj-105:
 4.25  4.97  5.67  6.04  6.63  6.84  7.18  7.32  7.24  7.55  8.04  8.59  9.84 11.03 12.80 14.54 15.30 16.65 18.56 20.54 22.32 22.51 23.41 23.67 23.60 23.71 23.48 23.34 23.26 23.22 23.11 22.22 20.54 18.63 17.52 15.72 14.32 12.77 12.29 10.36  9.09  7.60  7.02  5.27  3.57  1.70
 8.02  9.75 11.56 12.51 13.95 15.81 17.63 19.31 21.13 21.95 23.14 23.95 25.06 25.05 25.02 24.98 24.94 24.93 24.96 25.19 24.73 24.50 25.24 26.28 27.25 28.32 30.22 31.55 32.74 33.61 35.35 36.94 37.04 37.23 37.30 37.12 36.81 36.75 36.83 36.84 36.79 36.73 36.70 36.43 36.34 36.41
traj-106:
 2.87  4.35  6.05  7.54  9.31 10.90 12.77 14.62 15.42 17.21 19.12 20.36 22.26 23.29 23.33 23.33 23.32 23.26 23.23 23.24 23.24 22.33 21.21 19.55 18.25 16.84 15.82 14.92 13.86
36.04 36.24 36.50 36.75 37.02 37.46 37.14 36.99 36.97 36.82 36.59 36.51 36.22 36.09 34.24 33.03 31.71 30.17 29.29 27.56 26.68 25.09 24.84 24.59 23.76 23.73 23.43 22.67 20.98
traj-107:
 9.32 10.29 11.11 11.71 11.97 12.61 13.20 13.82 15.01 15.73 15.88 17.15 18.41 20.28 22.23 23.46 23.49 23.58 23.58 23.48 23.25 23.16 22.64 21.01 19.17 17.85 16.76 15.22 13.75 11.87 10.03  9.73  7.80  6.13  4.34  3.29
13.36 14.86 16.17 18.04 18.36 19.76 20.64 21.71 23.05 24.10 24.20 24.33 24.30 24.08 23.85 24.51 25.87 27.79 28.79 30.74 32.71 34.18 36.00 36.09 36.18 36.16 36.15 36.16 36.16 36.36 36.42 36.42 36.52 37.03 37.54 37.70
traj-108:
 2.02  3.95  5.91  7.63  8.54 10.33 11.78 13.49 15.06 16.78 17.22 19.09 21.02 22.20 23.11 23.54 23.46 23.43 23.41 23.29 23.06 22.10 21.61 20.08 19.60 17.92 16.27 15.39 14.33 13.81 13.20 12.76 12.19 11.70 11.47 11.87 12.07 12.53
38.17 38.17 37.84 37.29 36.89 36.64 36.87 37.08 37.16 36.96 36.90 36.63 36.59 36.60 35.60 34.64 32.67 30.74 30.44 28.73 26.89 25.18 24.97 24.46 24.28 23.56 22.79 22.30 21.47 20.41 18.74 17.26 15.51 13.63 12.68 11.37  9.44  7.50
traj-109:
11.80 11.68 11.63 11.54 11.92 12.08 12.70 13.63 14.18 14.78 16.68 18.49 19.76 20.60 22.07 23.16 23.16 23.22 23.33 23.51 23.45 23.41 21.69 20.70 18.97 17.27 16.00 14.24 12.82 11.92 10.01  8.78  7.43  5.67  3.72  3.60
 9.93 11.57 12.42 14.32 16.21 16.46 17.98 19.58 20.51 22.41 22.93 23.01 23.31 24.17 25.18 26.64 28.62 30.35 31.19 32.94 34.40 35.30 36.09 36.16 36.36 36.34 36.30 36.38 36.44 36.34 36.29 36.37 36.50 36.48 36.71 36.99
traj-110:
 3.32  5.21  6.92  8.76  9.78 11.32 12.75 13.70 14.95 16.85 18.30 19.74 20.83 22.42 23.10 23.36 23.45 23.64 23.89 24.00 23.81 21.87 20.52 18.84 17.23 15.46 13.87 12.58 11.24  9.60  9.03  7.56
36.28 36.21 36.37 36.57 36.45 36.29 36.40 36.49 36.19 36.22 36.17 36.15 36.14 36.09 35.11 33.54 32.37 30.45 28.51 26.77 25.30 25.11 24.57 24.14 23.10 22.37 21.43 20.70 20.18 19.50 19.13 18.49
traj-111:
12.13 12.29 12.61 12.81 13.16 13.76 13.98 14.81 15.84 17.35 17.77 19.35 21.05 22.75 23.27 23.33 23.53 23.40 23.42 23.49 23.98 24.02 22.07 20.14 18.72 16.99 15.98 14.05 13.30 12.02 10.33  8.45  6.57  4.99  3.68  2.65
11.42 12.43 14.04 14.96 16.91 18.74 20.07 21.61 22.99 23.96 24.26 24.90 25.11 25.69 25.88 27.00 28.80 29.86 31.64 33.13 34.29 36.23 36.40 36.52 36.40 36.44 36.43 36.53 36.71 36.91 37.11 37.42 37.79 37.95 38.07 38.11
traj-112:
 2.41  4.02  5.52  6.71  8.20  9.53 11.52 13.51 15.08 15.66 17.10 18.05 19.15 20.09 21.26 23.10 23.17 23.23 23.22 23.27 23.42 23.39 22.75 21.18 20.00 18.72 17.56 15.96 14.29 14.04 13.17 11.86 10.68  9.74  9.01
37.96 37.80 37.49 37.15 36.84 36.67 36.50 36.37 36.25 36.18 36.14 36.17 36.14 36.13 36.16 35.36 33.94 32.91 31.58 30.71 28.92 27.14 25.92 24.88 24.72 24.63 24.09 23.16 22.10 21.62 19.88 18.83 17.42 15.73 14.61
traj-113:
14.55 14.32 14.23 14.12 14.12 14.03 13.99 15.02 16.24 17.42 19.10 20.74 22.57 22.71 24.40 24.09 23.46 23.35 23.20 23.19 23.16 22.17 21.74 19.97 19.32 17.60 15.87 14.34 12.64 10.94  9.60  7.64  6.31  4.60  3.36  1.82
12.42 14.35 15.23 16.86 17.75 19.68 20.50 22.20 23.07 23.88 24.59 24.93 25.72 25.98 26.85 27.52 29.35 31.14 32.87 33.47 35.25 36.15 36.21 36.50 36.55 36.49 36.48 36.32 36.29 36.29 36.31 36.26 36.30 36.48 36.76 37.04
traj-114:
 1.81  3.26  5.16  5.94  7.27  8.31  9.65 10.98 12.39 14.17 16.04 17.01 18.88 20.84 21.41 22.10 23.72 23.76 23.80 23.62 23.35 23.30 23.35 21.56 19.65 18.72 17.24 16.61 15.15 13.97 13.13 11.38 10.54  8.78  8.31  8.01  7.74
38.11 38.10 37.92 37.68 37.48 37.03 37.00 36.90 36.74 36.52 36.67 36.63 36.29 36.10 36.12 36.10 35.02 33.82 32.67 30.81 29.12 27.39 25.92 25.08 25.05 25.01 24.91 25.00 25.11 25.24 25.33 25.04 24.85 23.95 23.49 22.03 20.39
traj-115:
 9.20  9.17  9.48 10.14 10.61 11.17 11.39 11.84 11.96 11.96 12.24 13.41 13.24 14.34 15.20 16.89 18.24 20.24 21.08 22.38 23.06 23.09 23.16 23.22 23.26 23.18 23.00 21.25 20.95 19.17 17.90 16.32 14.51 13.61 12.08 10.47  8.99  7.68  6.25  4.60  3.12  1.79
 9.16  9.76 11.70 13.44 14.86 16.71 17.50 18.39 19.17 21.04 23.00 24.37 24.98 25.38 25.52 25.25 25.04 24.97 25.07 25.57 26.84 28.30 30.08 31.23 32.98 34.71 35.58 36.11 36.11 36.27 36.47 36.69 37.10 37.33 37.29 37.41 37.54 37.72 37.59 37.62 37.58 37.82
traj-116:
 2.81  3.22  3.54  5.36  7.26  8.76 10.03 10.63 12.57 14.16 15.18 16.98 17.99 19.65 21.03 22.51 23.59 23.69 23.47 23.75 23.82 23.87 23.76 23.65 23.43 21.70 20.18 18.67 16.89 15.64 14.73 14.15 13.80 13.40 12.91 12.33 11.99 11.63 11.17 10.85
37.70 37.40 37.08 36.45 36.22 36.22 36.23 36.27 36.67 36.43 36.55 36.76 36.77 36.97 37.09 37.20 36.91 35.09 33.26 32.02 30.61 29.20 28.26 26.50 25.87 24.96 24.58 23.95 23.16 22.32 21.84 20.22 19.18 17.71 16.04 14.18 13.16 11.83 10.08  8.22
traj-117:
 8.34  9.82 11.78 13.14 13.71 15.11 17.01 18.32 20.11 21.16 22.58 23.82 24.26 23.88 23.86 23.69 23.42 23.24 21.34 19.71 17.74 15.90 14.05 13.56 12.07 11.07  9.49  8.30  6.57  5.18  3.68  1.76
23.08 23.17 23.37 23.45 23.47 23.72 24.07 24.46 24.76 24.79 25.87 27.16 29.03 30.97 32.68 34.48 36.21 37.06 37.43 37.48 37.22 37.07 36.91 37.00 37.18 37.46 37.67 37.55 37.40 37.27 37.26 37.18
traj-118:
 3.31  4.99  6.53  8.18  9.79 11.09 12.79 14.50 16.22 17.54 19.17 21.01 21.41 23.01 23.76 24.13 23.93 23.80 23.68 23.55 23.42 22.99 21.65 20.51 18.64 16.89 15.40 14.25 12.90 11.43
36.93 36.67 36.65 36.49 36.79 37.08 36.62 36.66 36.80 37.08 36.70 36.51 36.77 37.12 35.41 33.68 32.71 30.82 28.87 27.73 26.61 26.00 24.90 23.94 23.48 22.85 22.19 21.28 20.36 19.76
traj-119:
14.49 14.89 15.71 17.44 18.70 19.47 21.13 22.77 23.11 23.74 23.88 24.05 24.14 24.31 24.36 24.41 24.15 22.24 20.29 19.23 17.84 15.90 14.27 13.68 12.05 10.35  9.10  7.33  6.27  4.39  3.38
20.36 21.46 22.39 23.35 24.03 24.39 25.07 25.82 26.12 27.80 29.68 31.26 32.35 33.78 34.35 36.12 36.93 37.26 37.10 37.03 36.94 36.78 36.65 36.66 36.60 36.46 36.36 36.30 36.42 36.50 36.58
traj-120:
 2.51  3.38  4.57  5.84  6.98  8.04  9.95 11.48 13.11 15.01 16.63 18.36 20.08 20.71 22.63 23.80 24.01 23.82 23.77 23.69 23.47 22.33 20.87 20.37 18.43 16.74 14.83 13.43 12.25 11.39 10.05 10.46 10.91 10.99 11.19 11.42 11.69 11.89 12.16 13.04
37.51 37.32 37.11 37.23 37.29 37.38 37.21 37.21 37.18 36.85 37.05 36.72 36.44 36.34 36.01 34.95 33.17 31.24 30.48 28.83 27.11 25.57 24.96 24.84 24.77 24.97 25.08 25.33 25.33 25.14 23.98 23.15 22.12 20.82 19.03 17.86 16.14 14.78 12.81 11.09
traj-121:
 5.50  6.89  8.16  8.72  9.65 10.84 11.59 12.92 13.69 15.19 16.03 17.79 18.93 20.87 21.12 21.24 23.15 23.41 23.61 23.79 23.95 23.79 23.68 23.40 23.11 23.04 21.95 20.37 19.62 17.91 15.96 14.03 12.06 11.07  9.41  7.43  6.61  4.81  3.86  2.11  1.81  1.71
14.82 16.20 17.40 17.88 19.05 20.12 20.56 21.36 21.84 23.14 24.39 24.47 24.40 24.52 24.63 24.77 25.04 25.65 26.48 27.66 28.58 29.71 30.58 32.53 34.34 35.19 36.54 37.19 37.09 36.80 36.33 36.61 36.85 37.04 37.20 37.00 36.95 36.82 36.82 37.24 37.32 37.61
traj-122:
 2.97  3.41  3.61  4.14  5.99  7.54  8.49 10.06 10.53 12.36 14.35 15.48 17.44 18.91 20.41 21.28 22.34 22.60 23.17 23.26 23.39 23.53 23.63 23.59 22.67 21.51 19.61 18.00 16.23 14.33
37.84 37.54 37.32 37.00 36.69 36.82 36.92 37.12 37.12 37.67 37.51 37.51 37.43 36.69 36.50 36.34 36.02 35.88 34.04 32.67 31.03 29.39 28.52 27.10 25.45 25.13 24.73 24.23 23.42 22.85
traj-123:
10.31 11.30 12.49 13.22 14.70 16.16 17.22 19.21 21.08 22.39 23.35 23.45 23.46 23.34 23.22 23.15 23.08 22.00 20.32 19.05 17.43 15.57 14.11 12.18 10.45  8.87  6.95  5.06  3.69
20.65 21.66 23.17 23.87 25.18 24.61 24.28 24.14 24.54 25.48 26.95 28.84 29.14 30.95 32.60 34.32 35.22 36.19 36.56 36.72 37.23 37.13 37.03 36.97 36.64 36.38 36.23 36.01 36.11
traj-124:
 1.72  2.27  4.06  5.74  7.12  9.05  9.55 11.28 12.94 14.91 15.21 17.19 18.95 19.29 21.21 21.30 23.14 23.15 23.24 23.41 23.64 23.48 23.28 22.09 20.22 18.47 17.30 16.02 14.94 14.66 12.81 12.52
37.18 37.09 36.77 36.59 36.43 36.39 36.51 36.79 36.73 36.83 36.85 36.93 36.56 36.64 36.41 36.40 35.78 35.48 33.71 31.97 30.04 28.40 26.73 25.56 24.92 24.81 24.84 24.10 22.44 22.34 22.39 22.47
traj-125:
 6.08  6.63  8.27  9.63 11.25 12.15 13.48 14.48 15.65 16.73 18.34 19.74 20.95 21.74 23.04 23.29 23.40 23.38 23.29 23.22 23.21 22.49 21.08 20.53 18.68 17.15 15.50 14.13 12.45 10.53  8.84  7.23  5.60  4.94  3.37
16.10 16.56 17.53 18.33 19.33 19.79 21.16 21.84 22.60 23.01 23.74 24.46 24.77 24.92 26.29 27.69 29.44 31.18 32.77 34.01 34.92 36.37 36.94 37.16 37.23 37.08 36.96 36.81 37.06 37.21 37.24 37.42 37.70 37.79 38.04
traj-126:
 2.80  4.62  5.29  7.18  9.16 11.08 12.98 14.51 16.34 17.66 19.59 20.23 22.11 23.50 23.37 24.00 24.16 24.21 24.01 23.68 22.89 21.39 19.69 18.81 16.90 14.93 13.87 12.53 11.25
36.95 36.78 36.63 36.77 36.72 36.82 36.73 36.80 36.50 36.24 36.29 36.32 36.10 34.96 33.49 31.66 29.87 28.22 27.23 25.77 24.41 23.46 22.91 22.81 22.62 22.32 21.44 20.16 18.87
traj-127:
 6.02  7.02  7.23  7.77  8.55  9.19  9.78 10.83 11.76 13.67 15.51 17.35 17.94 19.49 20.66 22.42 23.94 24.12 24.27 24.23 24.01 24.44 24.61 25.14 25.14 24.21 22.38 20.88 19.06 17.48 16.80 15.18 14.30 12.33 10.52  9.13  7.60  6.34  4.91  3.52
11.52 13.21 13.60 15.13 16.79 18.66 20.42 21.97 23.03 23.34 24.06 24.45 24.55 24.97 24.98 25.41 26.53 27.42 29.07 29.78 30.55 32.48 33.74 35.59 35.89 37.66 37.38 36.96 36.47 36.47 36.40 36.44 36.39 36.27 36.27 36.21 36.27 36.45 36.57 36.67
traj-128:
 3.77  5.71  7.60  8.70 10.67 12.35 13.55 15.32 16.61 17.51 19.23 20.53 22.30 23.25 23.12 23.17 23.23 23.25 23.31 23.33 21.90 20.07 18.33 16.95 15.20 13.97 12.73 11.33  9.74  9.07  7.56  5.82  4.37
38.04 38.23 38.40 38.42 38.49 37.92 37.53 36.70 36.85 36.96 37.04 37.14 36.21 35.14 33.72 31.82 30.64 29.18 27.44 26.27 24.98 24.39 23.84 23.34 22.80 22.36 21.73 20.86 19.83 19.44 18.43 17.47 16.46
traj-129:
14.44 14.46 14.38 14.56 15.70 17.54 19.17 20.80 21.50 22.30 23.19 23.52 23.52 23.83 24.01 24.01 23.70 22.37 20.84 18.92 16.95 15.48 13.69 12.43 10.73 10.43  8.69  7.91  6.25  4.31  2.37
17.47 18.04 19.74 21.32 22.34 22.92 23.36 24.14 24.90 25.82 27.02 28.91 29.21 31.15 33.04 34.52 36.14 36.87 37.30 37.07 37.23 37.06 37.09 37.07 37.35 37.35 37.50 37.60 37.54 37.20 36.88
traj-130:
 2.38  3.53  5.23  6.98  8.06  9.10 10.85 12.82 13.99 15.59 16.19 18.00 19.95 20.96 22.49 24.41 24.56 24.42 24.20 23.97 23.68 23.46 23.42 22.56 20.91 19.01 17.10 16.04 14.49 13.27 11.61  9.92
37.82 38.17 38.10 37.74 37.61 37.63 37.55 37.75 37.76 37.45 37.45 37.27 36.96 36.92 36.84 36.57 34.85 33.41 31.92 30.60 28.79 27.34 26.76 25.13 24.11 23.75 23.65 23.43 23.14 22.90 22.49 22.10
traj-131:
 6.32  8.15  9.44 11.25 12.32 13.94 15.69 17.12 18.77 20.63 21.51 23.11 23.24 23.19 23.31 23.21 23.15 23.10 22.45 20.84 18.93 17.98 16.22 14.34 12.76 11.00  9.12  7.91  6.59  5.34  4.00  2.36
18.81 19.55 20.24 20.97 21.39 22.30 23.18 23.68 24.74 25.22 25.39 26.04 27.17 28.57 30.42 31.49 32.79 34.44 36.08 36.14 36.14 36.35 36.58 36.66 36.89 36.99 37.18 37.29 37.41 37.56 37.51 37.51
traj-132:
 2.46  4.41  5.84  7.22  8.11  9.76 10.87 11.96 12.92 14.18 15.03 16.18 17.35 18.79 19.98 21.33 22.57 24.19 24.26 24.01 23.81 23.37 23.30 23.22 22.38 21.44 20.43 18.59 16.71 14.94 13.92 12.70 12.09 10.74  9.80  8.42  7.56  6.56
37.78 37.98 38.24 37.88 37.60 37.25 37.04 36.58 36.43 36.23 36.14 36.20 36.23 36.22 36.26 36.34 36.43 35.41 33.93 32.20 30.71 28.91 27.15 26.56 25.24 24.96 24.61 24.44 24.24 23.83 22.76 21.25 20.79 19.37 18.31 17.35 16.45 15.11
traj-133:
13.34 14.38 15.82 17.29 19.20 19.47 21.41 23.00 24.64 24.44 24.27 24.34 24.66 24.65 24.14 24.38 22.44 21.34 19.79 17.86 16.03 14.06 12.46 10.72 10.08  8.24  7.16  6.08  4.40  2.93
23.75 24.00 24.32 24.51 24.89 24.95 24.90 26.07 26.54 28.35 28.59 30.42 32.36 33.24 34.70 35.80 36.10 36.12 36.28 36.35 36.57 36.69 36.61 36.84 36.96 37.32 37.52 37.62 37.79 37.98
traj-134:
 3.73  4.02  5.92  7.68  9.05 10.82 12.56 14.19 14.97 16.31 18.26 19.48 21.36 22.62 23.50 23.71 23.58 23.49 23.35 23.37 23.32 22.43 21.83 20.29 18.69 16.85 16.16 14.44 13.75 13.45 12.64 12.22 11.29 10.64 10.33  9.58
37.21 37.22 36.86 36.92 37.19 37.61 37.72 37.62 37.52 37.01 36.64 36.46 36.23 36.06 35.10 33.52 31.55 30.45 28.62 26.81 25.31 23.67 23.58 22.58 23.23 23.05 23.10 23.18 21.46 20.86 19.43 18.66 16.89 15.52 14.85 13.21
traj-135:
 6.63  6.72  7.05  7.21  8.35  8.57  9.67 11.44 11.68 13.15 13.79 14.94 16.01 17.61 19.09 20.49 22.38 23.60 23.65 23.77 23.80 23.71 23.84 23.96 22.40 22.12 20.19 18.29 16.72 16.28 14.53 13.79 12.05 10.53  8.98  7.87  6.92  5.38  3.54
14.18 14.72 16.23 17.28 18.71 19.03 20.51 21.39 21.65 22.55 22.65 23.26 23.65 24.25 24.70 24.85 25.23 26.60 28.38 29.67 30.76 32.46 33.99 35.15 36.38 36.48 36.88 37.10 37.13 37.05 37.09 37.02 37.08 36.88 36.64 36.42 36.48 37.05 37.43
traj-136:
 3.57  5.14  6.27  7.39  9.08 10.74 12.09 13.33 14.52 16.49 18.09 19.46 20.71 21.43 23.05 23.16 23.34 23.43 23.64 23.53 23.36 22.85 21.10 19.19 17.43 16.04 14.90 13.98 13.93 13.85 13.71 13.59
37.55 37.01 36.88 36.95 36.88 36.90 37.12 37.19 37.12 37.08 36.75 36.49 36.23 36.11 35.52 33.70 31.79 30.73 28.79 27.06 25.34 24.60 24.30 24.43 23.77 23.32 22.21 20.91 19.09 17.72 16.59 14.94
traj-137:
11.52 12.69 14.37 14.98 16.64 17.56 19.23 20.72 21.92 23.22 23.34 23.44 23.66 24.02 24.14 24.10 22.68 21.05 19.33 18.02 16.04 14.97 13.04 12.00 10.18  8.68  7.62  6.24  4.85  3.57  2.11
24.17 24.05 24.07 24.44 24.67 24.61 24.68 24.83 24.91 26.10 27.43 28.49 30.09 31.85 33.61 34.80 36.12 36.71 36.76 36.75 36.86 36.91 37.15 36.84 36.70 36.78 36.66 36.40 36.21 36.14 36.11
traj-138:
 2.75  3.52  5.18  6.55  8.17  9.99 11.37 13.19 15.16 16.52 16.79 18.63 20.26 20.57 21.97 23.80 23.75 23.63 23.27 23.35 23.23 22.68 21.05 19.81 17.98 16.18 15.03 13.29
36.25 36.22 36.34 36.40 36.51 36.63 36.83 36.91 36.63 36.89 37.02 36.68 36.55 36.20 36.01 35.24 33.49 31.55 29.85 28.51 26.59 24.99 24.90 24.53 24.58 24.75 24.34 23.75
traj-139:
 7.31  9.16 10.82 11.72 13.45 15.03 16.82 17.11 18.78 19.75 20.80 22.39 23.38 23.32 23.28 23.24 23.26 23.23 22.22 20.66 19.78 18.03 16.20 14.87 13.16 11.17  9.35  7.87  6.05  4.73  2.93  2.63
21.89 22.56 22.89 23.29 23.60 24.01 24.34 24.42 24.71 25.02 25.17 25.43 26.29 28.06 29.71 31.59 33.33 35.08 36.54 37.22 37.66 37.21 36.88 36.90 36.77 36.77 36.83 37.19 37.24 37.30 37.07 37.10
traj-140:
 2.23  3.26  5.08  6.98  8.08  9.10 10.91 12.69 14.47 16.40 17.93 19.74 20.17 21.72 23.01 24.12 24.14 24.19 23.96 23.52 23.25 23.14 22.21 22.06 21.54 19.84 19.16 17.18 15.92 14.44 13.70 11.97 10.19  8.79  8.24
36.30 36.32 36.34 36.56 36.63 36.61 36.68 36.73 36.68 36.97 37.13 37.12 37.45 37.35 37.13 35.51 34.65 33.48 31.77 30.12 28.84 26.95 25.22 24.96 24.24 23.51 23.25 23.04 22.61 21.74 21.31 20.45 20.36 20.90 21.04
traj-141:
13.96 13.96 13.95 13.87 13.86 13.83 13.83 13.79 14.50 15.32 17.24 18.82 20.07 21.16 22.27 23.16 23.33 23.47 23.70 23.71 23.15 22.25 21.24 19.31 18.39 16.94 16.10 14.19 13.64 12.09 10.61  9.07  7.94  6.21  5.60  3.99  3.23
11.95 13.89 14.19 16.06 16.41 18.00 18.55 19.84 21.65 22.72 23.28 23.57 24.21 24.48 25.38 26.94 28.87 30.52 32.34 34.18 35.30 36.93 36.67 36.29 36.36 36.55 36.63 36.57 36.59 36.63 37.04 36.83 36.85 37.19 37.30 37.59 37.75
traj-142:
 2.86  3.74  5.50  7.27  8.42  9.99 11.91 13.24 14.79 16.76 18.69 19.05 20.92 22.65 24.49 24.41 24.24 24.22 24.05 23.91 23.82 23.68 23.23 22.29 20.77 18.83 16.85 16.86 14.90 14.16 12.41 11.98 10.93 10.66 11.16 11.82 12.71 13.04 13.35
37.21 37.16 36.42 36.63 36.93 37.05 37.07 36.94 36.87 36.68 36.64 36.62 36.78 37.06 36.39 34.44 33.12 32.13 30.83 29.35 28.29 26.89 25.91 24.82 24.11 23.80 23.67 23.37 23.20 22.50 22.04 21.79 20.32 18.48 16.71 15.12 13.35 11.60 10.39
traj-143:
 5.31  6.62  7.48  9.32 11.08 11.83 12.95 14.75 16.00 17.72 18.34 19.39 20.93 22.16 23.06 23.17 23.31 23.58 23.61 23.39 23.13 22.31 20.37 19.26 18.96 17.21 16.22 14.47 13.57 11.84 10.22  8.37  6.51  5.00  3.83  2.69  1.76
16.86 17.76 18.34 18.93 19.41 20.22 21.26 22.14 23.01 24.03 24.84 24.71 25.19 25.14 26.66 28.10 29.95 31.93 32.23 34.01 35.76 36.10 36.40 36.66 36.70 36.71 36.68 36.86 36.85 37.01 36.96 37.15 37.25 37.38 37.45 37.68 37.94
traj-144:
 3.78  4.97  6.44  8.40 10.39 11.07 12.81 14.39 15.17 17.13 17.43 19.41 19.87 20.01 20.31 22.03 23.13 23.22 23.37 23.39 23.74 23.74 23.59 23.59 23.51 22.60 21.12 20.59 19.48 17.72 16.00 14.18 12.66 11.81
36.99 36.98 36.87 36.75 36.65 36.65 36.53 36.33 36.21 36.32 36.33 36.28 36.27 36.01 36.02 36.04 34.99 34.11 32.28 32.03 31.71 30.82 29.12 28.52 27.00 25.78 25.05 24.77 23.25 23.41 23.45 23.01 22.68 22.59
traj-145:
11.43 13.17 13.67 14.88 16.45 18.01 19.20 19.29 21.04 22.49 23.31 23.33 23.28 23.32 23.15 23.10 22.87 21.94 20.11 18.27 17.09 15.32 13.49 11.84 10.93  9.55  7.99  6.23  5.10  3.26
22.20 21.65 21.58 22.24 22.82 23.50 23.88 23.92 24.70 25.74 27.12 28.83 30.44 32.06 33.63 34.83 35.72 36.05 36.30 36.36 36.35 36.32 36.33 36.29 36.26 36.22 36.27 36.28 36.32 36.38
traj-146:
 1.69  2.98  3.87  5.70  7.41  8.02  9.52 11.03 12.94 14.75 16.62 17.81 19.70 21.24 23.02 23.61 23.62 23.64 23.54 23.39 23.23 23.24 23.22 22.97 21.22 20.64 19.19 17.32 17.46 15.66 14.73 13.71 13.07 12.33 11.49 11.37 11.25 11.04
36.83 36.90 36.93 36.92 36.91 36.91 37.14 37.05 36.84 36.71 36.59 36.69 36.96 37.22 37.03 35.18 33.98 33.09 31.34 30.21 28.83 27.71 26.39 25.91 25.23 25.14 25.02 24.39 23.49 23.05 22.09 20.68 19.70 18.57 17.08 16.59 14.87 13.53
traj-147:
 9.49 10.09 10.90 11.31 12.60 13.05 14.34 15.55 17.10 18.25 19.73 20.65 22.36 23.50 23.81 24.07 23.48 23.22 23.06 22.63 21.63 19.68 18.28 17.13 15.67 14.35 12.49 10.83  9.39  8.25  6.38  5.42  4.17  2.89
17.63 18.54 19.53 19.83 21.02 21.46 22.72 24.05 24.44 24.62 24.83 24.98 25.47 26.90 28.48 30.06 31.86 32.93 34.44 36.24 37.30 37.36 37.41 37.56 37.62 37.85 37.38 37.08 36.82 36.67 36.57 36.56 37.13 37.73
traj-148:
 2.24  2.42  4.16  5.31  6.78  8.02 10.00 10.68 12.06 12.87 14.63 16.59 18.26 20.21 20.51 22.13 23.27 23.51 23.81 23.89 24.19 23.92 23.66 23.56 22.28 21.32 20.03 18.43 17.73 16.12 14.33 13.11 11.44 10.31  9.23  7.80  7.20  6.31  5.31  4.42
37.90 37.33 36.64 36.67 36.77 36.78 36.64 36.68 36.59 36.54 36.63 37.02 37.19 37.43 37.48 36.67 35.36 34.71 33.20 32.60 30.88 29.22 27.51 26.86 25.58 25.14 24.78 24.15 23.89 22.98 22.24 21.50 20.64 19.68 18.50 17.26 16.03 14.71 13.53 12.53
traj-149:
 4.61  5.33  7.02  8.63  9.95 10.56 12.41 14.12 15.11 16.26 17.61 18.09 19.81 20.39 21.54 22.38 24.15 24.19 24.29 24.48 24.45 24.34 24.17 23.64 21.86 20.41 19.50 17.76 16.81 14.92 13.04 11.98 10.57  8.87  7.41  6.20  4.82  3.58
17.88 18.59 19.58 20.53 21.50 21.95 22.42 23.22 23.55 24.27 24.81 25.12 25.48 25.60 25.81 25.97 26.47 28.04 29.16 30.87 32.83 34.44 36.05 36.84 37.39 37.25 37.26 37.27 37.31 37.34 37.15 37.12 37.03 36.78 36.60 36.47 36.35 36.27
traj-150:
 2.50  3.29  5.01  5.38  6.56  8.13  9.01 10.85 11.64 13.40 15.32 17.27 17.56 19.16 21.13 22.37 23.12 23.12 23.11 23.11 23.14 23.13 23.06 22.25 20.84 19.99 18.37 16.40 15.92 14.25 12.67 11.32  9.97  8.57  8.28  7.25  6.52  5.90  5.22
37.50 37.31 36.95 36.86 36.73 36.60 36.58 36.51 36.45 36.54 36.79 36.82 36.90 37.18 37.36 36.10 34.47 32.68 32.12 30.64 29.46 28.00 26.88 25.38 24.41 23.68 22.86 22.57 22.35 21.28 20.25 19.18 18.18 16.93 16.29 14.74 13.17 11.90 10.84
traj-151:
 8.50  9.47 10.93 12.23 13.82 14.90 16.55 18.03 19.80 21.40 22.97 23.07 23.45 23.44 23.52 23.58 23.58 23.48 23.19 22.79 20.96 19.28 17.95 16.97 15.54 13.75 12.06 10.35  9.47  7.65  6.84  4.97  2.99
18.35 18.80 19.36 19.77 20.86 22.07 22.60 22.92 23.32 24.03 24.95 25.23 27.08 27.38 29.16 30.93 32.91 34.86 34.94 36.11 36.17 36.25 36.34 36.46 36.76 37.17 37.75 37.93 38.25 38.02 37.93 37.87 37.93
traj-152:
 3.13  4.89  6.58  7.67  9.52 11.41 13.19 15.04 16.96 18.90 19.73 21.49 21.79 23.46 23.40 23.50 23.50 23.67 23.91 23.03 22.37 21.17 19.32 17.83 16.58 14.88 13.69 12.83 11.52 11.17 10.35  9.54  8.48  7.43
37.54 37.16 37.26 37.20 37.22 37.12 37.62 36.97 36.78 36.61 36.42 36.17 36.11 35.78 33.97 31.99 30.90 29.54 28.00 26.65 25.53 25.00 24.79 24.26 23.85 23.00 22.10 20.76 19.24 18.58 17.19 15.60 13.93 12.35
traj-153:
10.05 10.35 10.64 10.92 11.16 11.41 13.14 14.54 15.74 16.82 18.38 19.49 20.99 22.36 23.54 23.82 23.75 23.75 23.62 23.61 23.61 23.55 21.61 20.75 18.93 17.48 16.59 14.73 13.42 11.96 10.30  8.89  7.85  6.31  4.33  2.38  2.08
13.84 15.60 17.48 19.31 20.74 22.17 23.07 23.85 24.31 23.70 23.95 24.03 24.73 25.47 26.61 27.76 29.51 30.70 32.12 33.57 34.16 35.94 36.45 36.22 36.38 36.39 36.43 36.57 36.62 36.66 36.88 37.03 36.92 36.76 36.62 36.33 36.28
traj-154:
 3.52  5.40  6.12  7.69  9.64 11.18 13.16 15.08 15.83 17.51 19.07 20.99 22.55 23.15 23.46 23.54 23.68 23.77 23.89 23.45 23.28 22.23 20.76 19.32 17.56 15.76 13.99 13.27 12.88
37.58 37.37 37.42 37.22 36.86 36.72 36.76 36.73 36.58 36.44 36.34 36.37 36.06 35.45 33.58 32.35 31.18 29.38 28.79 27.02 26.77 25.24 24.79 24.72 23.91 23.28 22.45 21.48 20.75
traj-155:
 8.58  9.43 10.67 11.08 12.76 13.98 14.97 16.01 17.24 18.87 19.29 21.08 23.02 23.43 23.46 23.56 23.60 23.54 23.48 22.81 21.43 19.59 18.23 16.31 14.41 12.49 11.21  9.95  9.00  7.34  5.60  3.84
16.44 18.10 19.59 19.77 20.70 21.43 22.34 23.09 24.38 24.72 24.84 25.55 25.89 27.29 29.25 31.23 32.93 33.68 35.46 37.28 37.31 37.26 36.98 36.72 36.73 36.83 36.91 37.03 37.09 37.05 37.19 37.21
traj-156:
 1.96  3.55  5.07  5.61  7.59  9.52 10.27 11.93 13.55 15.39 16.85 17.71 19.32 21.24 21.54 23.30 23.18 23.13 23.08 23.17 23.13 23.01 22.12 21.83 20.12 18.97 17.19 15.67 15.11 13.36 11.86 11.30  9.85  8.75
38.17 37.91 37.81 37.78 37.86 38.14 37.94 37.47 37.06 36.57 36.64 36.66 36.92 36.62 36.60 36.33 34.50 33.41 32.06 30.18 28.19 26.62 25.42 25.46 25.10 24.97 24.36 24.17 24.08 23.66 23.74 23.72 23.64 23.72
traj-157:
 8.20  8.68  9.18  9.45 10.08 10.66 10.73 10.90 11.57 13.06 14.41 15.79 16.98 17.77 19.58 20.64 22.33 23.04 23.34 23.58 23.62 23.37 23.26 23.03 22.10 20.43 18.52 16.79 15.32 13.87 13.29 11.50 10.23  9.35  8.10  6.37  4.42  3.86
12.39 13.76 15.60 16.59 18.29 20.01 20.27 21.84 22.82 23.91 24.28 24.50 24.74 24.84 24.94 24.95 25.43 26.43 28.08 29.41 30.79 32.71 33.60 35.19 36.16 37.22 37.15 36.92 36.90 36.83 36.76 36.56 36.79 36.66 36.53 36.30 36.12 36.06
traj-158:
 1.96  3.14  4.58  6.28  8.21  9.96 11.21 11.40 13.30 15.24 15.60 17.43 18.94 20.86 22.77 22.88 23.28 23.24 23.33 23.34 23.44 23.26 23.07 22.22 20.54 19.50 18.37 17.25 15.37 13.53 13.00 13.07 13.12 13.34 13.60 13.60 13.86 14.01 14.33
36.19 36.32 36.53 36.83 37.01 36.81 36.67 36.44 36.64 36.72 36.61 36.57 36.62 36.88 36.61 36.62 35.08 34.21 32.44 31.84 30.11 28.22 26.37 25.23 24.88 25.00 25.07 25.03 24.69 24.57 23.62 21.75 19.95 18.25 16.92 16.25 14.29 12.48 10.77
traj-159:
 9.28  9.65 10.19 10.57 10.96 11.57 12.36 13.12 13.64 14.17 15.74 16.23 18.06 19.33 20.43 21.68 23.24 23.62 23.72 23.54 23.55 23.28 22.85 21.94 20.15 19.86 17.98 17.70 15.83 14.23 12.91 10.97  9.03  7.05  5.22  3.47  3.17
12.99 13.80 14.89 15.81 16.54 17.82 19.52 20.66 21.39 22.21 22.95 23.17 23.97 24.30 24.60 24.92 26.08 27.52 29.30 31.05 32.31 34.28 36.00 36.30 37.03 36.98 36.78 36.67 36.72 36.84 36.84 36.49 36.88 36.95 36.86 36.56 36.54
traj-160:
 3.97  5.64  6.63  8.33  9.77 11.62 13.08 14.79 16.25 18.09 19.45 21.31 22.88 23.61 23.50 23.60 23.69 23.71 23.72 23.15 22.70 21.40 19.75 18.62 17.03 15.68 14.33 12.87 11.04  9.63  8.02
36.60 37.01 37.12 37.14 37.31 37.45 37.56 37.60 37.54 37.50 37.56 37.52 37.47 35.82 34.79 32.81 30.86 29.64 27.87 26.25 25.49 24.78 24.54 24.19 23.10 22.82 21.79 21.39 20.63 20.12 19.60
traj-161:
 4.52  6.35  7.96  9.74 11.22 13.08 13.31 15.15 16.87 18.38 20.20 21.10 22.50 23.00 23.08 23.14 23.14 23.14 23.29 23.33 23.29 22.80 22.14 20.33 18.42 16.77 15.98 14.18 13.44 11.53 10.46  9.50  8.25  6.35  4.63  3.30  1.89
19.10 19.82 20.42 20.83 21.47 22.17 22.28 22.89 23.63 24.18 24.89 25.16 25.46 26.44 27.03 28.49 29.67 30.96 32.16 33.35 35.16 36.54 37.41 37.55 37.13 37.14 37.22 37.44 37.37 37.96 38.03 38.07 38.09 38.23 37.79 37.26 36.88
traj-162:
 3.50  5.39  6.86  8.62 10.52 11.93 13.45 15.34 17.16 18.80 19.17 21.00 21.18 21.72 23.65 24.30 24.28 24.14 24.04 24.01 23.66 23.28 22.36 20.99 19.10 17.38 15.84 14.56 12.79 12.84 12.75 12.96 12.89 12.87 13.03 13.39 13.40
37.45 37.12 36.82 36.80 37.34 37.41 37.30 36.94 36.80 36.79 36.71 36.91 36.83 36.89 37.02 35.23 34.63 32.69 30.88 29.20 28.01 26.67 25.16 24.69 24.59 23.91 23.25 22.84 21.97 20.26 18.81 17.03 15.18 13.48 12.08 10.32  9.82
traj-163:
 8.46  8.62  9.80 10.98 11.59 12.72 14.55 15.83 17.07 17.93 19.62 21.36 22.24 23.16 23.43 24.02 24.16 24.25 24.21 24.23 22.75 20.93 19.39 18.25 16.31 14.35 12.46 11.20  9.44  7.76  5.88  4.37  2.90  2.22
17.07 17.32 18.87 20.38 21.22 22.68 23.43 23.93 24.25 24.59 24.76 25.12 25.29 26.96 28.52 29.68 31.31 33.03 34.21 35.96 37.14 36.89 37.01 36.90 36.80 36.82 36.81 36.99 37.17 37.47 37.45 37.41 37.44 37.49
traj-164:
 3.93  4.48  6.40  7.84  9.40 10.46 11.56 13.05 14.24 15.38 16.56 17.47 18.61 19.65 21.50 22.01 23.15 23.28 23.41 23.48 23.68 23.53 23.41 23.12 22.82 21.12 19.75 18.24 16.75 15.96 14.41 13.94 13.11 12.74 11.60 10.45  9.70  9.12  8.58  7.95  7.23
37.83 37.78 37.88 37.82 37.58 37.42 37.23 37.03 36.84 36.66 36.54 36.47 36.50 36.41 37.13 36.65 35.34 34.22 32.53 31.44 29.78 28.03 27.46 25.58 23.81 23.35 23.40 23.38 23.50 23.77 23.10 21.52 19.93 19.60 17.97 16.38 15.23 14.05 12.90 11.59 10.06
traj-165:
 4.46  5.90  7.71  8.98 10.45 11.87 12.92 14.22 15.79 17.03 18.78 20.18 21.09 22.13 23.31 23.27 23.32 23.48 23.64 23.65 23.14 22.34 20.78 19.31 17.59 16.85 15.38 14.04 12.14 10.44  8.55  6.77  5.96  4.31  3.60  1.64
21.33 21.58 22.12 22.51 23.03 23.58 23.96 24.30 24.68 24.85 24.77 24.88 24.93 25.65 26.95 28.29 29.18 30.99 32.90 34.07 35.63 36.35 37.41 37.71 38.05 37.76 37.40 37.11 37.09 36.99 36.77 36.66 36.64 36.38 36.29 36.16
traj-166:
 2.84  4.83  6.69  7.59  8.61 10.40 11.74 12.88 13.87 15.38 16.69 18.45 19.69 21.34 22.85 22.95 23.78 24.28 23.87 23.41 23.24 23.07 22.30 20.76 19.42 17.66 16.08 15.33 14.12 13.88 13.60 13.61 13.37 13.18 13.11 13.16
36.98 36.93 36.68 36.57 36.49 36.46 36.68 36.71 36.64 36.68 36.84 37.04 37.20 37.40 36.29 36.01 34.34 33.00 31.60 29.83 28.19 26.72 25.77 24.94 24.22 23.32 22.72 22.25 21.09 19.53 18.00 16.46 14.86 13.54 12.82 10.88
traj-167:
 8.18  8.85  9.75 10.29 10.85 12.20 13.90 15.05 16.45 18.30 20.08 21.71 22.43 23.37 23.14 23.24 23.31 23.13 23.03 22.87 21.98 20.87 19.28 18.00 16.44 15.30 13.32 11.40  9.41  7.78  6.38  4.91  4.24  2.89
18.63 19.67 20.99 22.74 24.50 25.17 25.13 25.07 24.70 24.50 24.43 24.84 25.72 27.17 28.33 29.96 31.67 33.42 34.32 36.06 37.25 37.23 36.89 36.75 36.61 36.48 36.38 36.52 36.44 36.43 36.53 36.66 36.99 37.59
traj-168:
 4.02  4.93  6.45  7.45  8.69  9.94 10.60 12.17 13.84 15.72 17.41 18.45 19.49 21.38 22.39 23.15 23.36 23.43 23.50 23.36 23.21 22.13 21.85 20.15 18.40 17.64 16.17 15.69 14.31 13.50 12.36 11.77 10.59  9.97  8.74
37.02 36.86 36.82 36.93 37.07 37.04 36.98 36.78 36.55 36.63 36.70 36.62 36.39 36.16 36.05 34.43 32.56 31.00 29.35 28.27 26.78 25.33 25.23 24.53 23.74 23.42 22.66 22.33 21.31 20.41 18.80 18.32 17.74 17.23 16.33
traj-169:
 4.12  6.06  6.30  8.19  9.94 11.88 13.57 14.04 15.67 16.96 17.54 19.40 20.53 21.86 22.07 23.05 23.16 23.26 23.14 23.15 23.17 23.17 23.09 22.21 21.44 19.93 18.41 17.29 15.49 14.03 12.36 10.71  9.09  7.15  5.96  4.10  3.24  2.08
19.96 20.27 20.27 20.70 21.15 21.53 22.13 22.51 23.57 24.36 24.27 24.13 24.19 24.95 25.17 26.69 28.67 29.50 30.89 31.83 33.19 34.46 35.47 36.57 37.01 37.33 37.13 37.06 36.83 36.83 36.95 36.99 37.05 36.54 36.40 36.30 36.23 36.19
traj-170:
 1.86  3.60  5.45  7.15  8.81  9.43 11.03 12.69 14.60 15.17 17.04 18.91 20.87 22.81 23.09 23.16 23.19 23.22 23.19 23.36 23.43 23.39 23.12 22.85 21.14 19.31 17.61 15.80 14.33 12.34 11.01  9.79  9.08  8.39  8.23  8.31
37.15 37.05 37.07 37.15 37.25 37.31 37.05 37.05 36.81 36.85 36.85 36.71 36.50 36.89 36.57 34.76 34.17 32.43 31.83 29.98 28.27 26.97 26.02 25.59 24.79 24.28 23.91 23.53 23.34 23.12 21.95 21.21 19.54 18.28 16.45 15.56
traj-171:
12.63 12.63 12.73 12.76 13.04 13.26 13.20 13.12 13.58 13.16 14.60 16.10 17.84 19.56 20.92 22.14 22.34 23.16 23.14 23.43 23.38 23.33 23.31 23.47 23.22 21.70 20.79 19.13 17.40 16.21 14.63 13.19 11.98 10.76  8.90  6.91  5.00  3.39
14.74 15.91 16.90 18.19 19.41 20.97 21.27 22.97 24.00 24.38 25.43 25.49 25.63 25.34 25.12 25.38 25.60 27.22 27.52 29.48 30.86 32.30 32.97 34.75 36.49 37.08 37.05 36.93 36.76 36.81 37.19 37.30 37.22 37.42 37.63 37.63 37.75 37.43
traj-172:
 2.06  3.57  4.23  5.56  7.12  7.86  9.39 10.10 11.66 13.28 13.90 15.85 16.83 17.91 18.20 19.64 21.62 22.47 23.07 23.09 23.11 23.16 23.29 23.43 22.37 20.44 19.73 17.85 16.26 15.24 13.88
36.38 36.98 37.17 37.45 37.33 37.31 37.08 36.92 36.56 36.67 36.72 36.82 37.15 37.38 37.34 36.39 36.14 35.92 34.04 32.32 30.52 29.45 27.66 25.71 25.28 24.96 24.75 24.59 24.36 24.46 24.57
traj-173:
 4.84  6.58  8.46 10.21 10.64 10.93 12.71 13.01 14.80 16.27 17.21 18.71 20.11 20.84 21.41 22.88 23.02 23.15 23.31 23.11 23.11 23.09 23.14 23.10 22.03 21.47 20.97 20.03 18.59 16.73 15.03 14.56 12.76 10.82  9.72  8.49  6.53  4.62  3.34
24.64 24.01 23.50 23.69 23.71 23.75 24.05 24.07 24.42 24.64 24.63 24.85 24.95 25.05 25.19 25.81 26.07 27.08 28.65 30.50 32.23 32.53 34.24 35.14 36.01 36.23 36.75 36.87 36.94 36.85 36.75 36.69 36.44 36.33 36.27 36.18 36.26 36.44 36.60
traj-174:
 3.74  5.51  7.28  8.92 10.03 11.95 12.79 14.10 15.35 17.17 17.68 19.53 21.23 22.39 23.04 23.31 23.41 23.71 23.50 23.29 23.13 22.29 21.74 20.07 18.60 16.78 15.58 14.44 14.07 13.06 11.81 11.36 10.30  9.03  7.62  7.24
36.47 36.24 36.17 36.17 36.20 36.38 36.57 36.61 36.68 37.04 37.17 37.39 36.59 36.10 34.48 33.32 32.83 31.24 29.60 27.87 26.76 25.17 24.93 25.08 25.14 24.44 23.01 21.73 21.28 20.11 18.63 17.97 16.86 15.41 14.23 14.01
traj-175:
 5.48  7.34  9.16 10.13 11.83 13.56 14.88 16.18 17.40 19.25 20.56 22.22 23.22 23.43 23.59 23.48 23.20 23.16 22.92 22.70 20.74 20.44 18.61 16.93 15.34 13.50 12.79 10.81  9.29  8.14  6.28  4.47  3.37  2.18
23.51 23.56 23.46 22.69 23.16 23.61 24.17 24.53 24.79 24.92 24.98 25.17 26.76 28.51 29.84 31.46 33.27 34.46 36.19 36.72 37.11 37.15 37.73 38.13 38.00 37.64 37.52 37.43 37.00 36.78 36.62 36.43 36.27 36.14
traj-176:
 1.99  3.04  4.15  5.54  7.06  8.66 10.16 11.79 13.38 14.92 16.42 18.07 19.13 20.83 21.86 23.06 23.19 23.18 23.16 23.27 23.20 23.22 22.51 21.97 20.25 18.75 17.32 15.86 14.95 13.96 12.61 12.36 11.96 11.71 11.87 11.87 11.81 11.73 11.63
37.97 37.71 37.28 36.80 36.86 36.72 36.60 36.80 36.92 37.01 37.11 37.22 37.21 37.20 36.89 35.35 34.02 32.07 31.77 29.97 28.21 27.05 25.70 25.45 24.85 23.92 23.12 22.30 21.67 20.60 19.66 18.34 16.77 15.40 13.86 12.31 11.54  9.57  8.63
traj-177:
 4.50  4.74  6.44  7.39  8.72 10.31 11.27 12.03 13.58 15.28 16.48 17.40 19.24 20.95 22.91 24.03 24.06 23.32 23.23 23.15 23.14 23.12 22.04 20.80 18.93 17.87 16.63 15.23 13.84 12.36 10.46  8.64  6.86  5.98  4.30  3.95
18.51 18.69 19.63 20.17 20.96 21.80 22.68 22.78 22.98 23.16 23.51 23.74 24.30 24.80 25.03 26.47 27.06 28.84 30.02 31.81 33.61 35.06 36.40 36.66 37.13 37.36 37.31 37.37 37.11 37.25 37.18 37.12 37.55 37.91 37.40 37.45
traj-178:
 2.25  3.40  4.59  5.91  7.30  8.36  9.49 11.12 13.00 14.83 16.79 17.68 19.48 20.96 22.31 23.95 23.97 24.07 23.93 23.92 23.83 23.61 23.26 22.33 21.24 19.63 18.51 16.69 15.70 14.85 14.22 12.65 11.91 10.34
36.39 36.19 36.21 36.27 36.32 36.28 36.26 36.26 36.42 36.44 36.41 36.50 36.69 36.82 37.01 36.01 35.71 33.82 31.92 30.37 29.13 27.76 26.55 25.03 23.36 24.11 24.59 23.85 22.83 21.96 21.35 20.18 19.70 18.82
traj-179:
 6.11  7.45  8.65 10.58 12.32 13.49 14.73 15.76 16.57 18.44 18.72 20.38 20.80 22.21 23.13 23.14 23.13 23.31 23.59 23.56 23.56 22.03 20.10 18.38 16.91 15.30 13.40 11.80  9.90  7.99  7.30  5.86  4.32  3.84
20.99 20.90 20.82 20.82 21.37 21.83 22.33 22.69 22.76 23.27 23.37 24.22 24.47 25.41 26.59 27.74 29.20 30.98 32.57 33.72 34.89 36.14 36.25 36.26 36.48 36.88 36.77 36.69 36.66 37.14 37.12 37.05 37.59 37.68
traj-180:
 2.59  3.68  5.34  7.33  9.16 10.48 12.16 13.56 14.53 16.08 17.12 18.22 19.34 20.96 21.16 23.01 23.23 23.51 23.63 23.82 23.93 24.01 23.72 23.58 22.65 21.42 20.37 18.39 18.12 16.43 15.38 13.82 13.50 12.24 12.06 12.23 12.30 12.38
37.15 37.30 37.34 37.47 37.33 37.38 37.27 37.14 37.08 36.78 36.55 36.88 36.88 36.67 36.45 35.98 35.32 33.67 32.80 31.53 29.92 28.28 26.35 25.19 23.86 23.83 23.78 23.88 23.73 23.22 23.17 22.45 22.33 20.79 19.74 18.61 17.30 16.05
traj-181:
11.39 11.47 11.95 12.96 13.47 15.32 16.98 18.64 19.74 21.63 23.35 23.15 23.18 23.24 23.30 23.34 23.25 23.22 21.38 19.46 18.04 16.77 14.79 13.29 12.19 10.26  9.23  7.92  6.22  5.65  3.72
20.93 21.72 23.58 24.26 24.50 25.03 25.08 25.05 25.10 25.17 25.60 27.54 29.28 30.96 32.35 33.12 34.87 35.47 36.19 36.38 36.55 36.69 36.64 36.60 36.51 36.57 36.54 36.56 36.70 36.82 36.98
traj-182:
 3.90  5.80  7.06  9.05 10.76 11.94 12.90 14.84 16.41 17.00 18.89 20.87 22.17 22.62 23.91 24.31 24.05 23.93 23.65 23.37 22.58 21.18 20.42 18.54 17.51 15.70 13.90 13.47 11.66  9.79  8.91
36.13 36.15 36.17 36.10 36.06 36.14 36.21 36.29 36.47 36.56 36.79 36.83 36.54 36.27 35.18 33.87 32.01 30.63 28.80 27.19 25.83 24.62 24.05 23.46 22.84 22.05 21.54 21.48 21.32 21.82 21.96
traj-183:
14.16 13.88 13.98 13.97 13.94 13.79 14.25 15.51 15.64 16.57 17.42 19.15 20.21 22.16 23.07 23.12 23.38 23.16 23.11 23.06 23.03 21.32 19.36 18.77 17.03 15.24 13.54 11.69 10.15  8.44  7.35  5.68  3.91
13.92 15.28 17.11 17.34 18.20 19.76 21.36 22.91 23.18 23.69 24.16 24.99 25.10 25.27 27.04 27.34 29.16 31.12 32.88 34.65 35.25 36.05 36.12 36.14 36.26 36.51 37.01 37.22 37.10 36.87 36.88 36.90 36.92
traj-184:
 2.35  3.57  5.56  5.96  7.49  7.80  9.71 11.55 13.47 14.07 15.37 17.27 17.99 19.78 21.32 22.41 23.31 23.71 23.66 23.66 23.79 23.74 22.56 22.26 20.64 20.18 18.61 16.89 14.93 13.36 11.47  9.75  8.50  6.84
36.96 37.10 37.14 37.14 36.79 36.73 36.61 36.82 36.87 36.88 37.00 36.97 36.93 36.96 36.94 36.59 35.84 34.12 32.42 30.48 28.77 27.30 25.85 25.51 24.85 24.84 24.77 24.65 24.24 23.75 23.37 23.26 23.81 24.58
traj-185:
13.05 13.17 13.11 13.11 13.20 13.73 13.93 13.74 14.02 15.43 16.44 18.36 19.37 21.07 21.08 22.57 23.89 23.86 23.79 23.54 23.19 23.11 23.14 23.13 22.51 20.99 19.14 17.50 15.81 13.95 12.36 11.41 10.30  8.36  7.02  5.69  4.01  3.72  1.80
10.86 12.85 14.36 15.05 16.55 18.21 18.99 20.86 22.40 23.40 23.23 23.79 23.98 24.58 24.80 25.74 27.12 27.97 29.41 31.26 31.35 32.12 33.58 34.75 36.54 37.14 36.90 36.51 36.38 36.28 36.28 36.23 36.19 36.30 36.52 36.58 37.18 37.09 37.36
traj-186:
 3.99  5.62  7.34  8.85 10.46 11.57 13.14 14.38 15.48 16.80 17.56 19.40 20.94 21.24 23.14 23.36 23.41 23.49 23.67 24.19 24.28 23.80 23.45 21.85 20.02 18.56 16.67 15.23 14.12 14.05 13.65 13.45 13.20 13.06 13.07 13.01 13.15
36.16 36.26 36.20 36.30 36.39 36.43 36.47 36.53 36.64 36.80 36.82 36.78 36.56 36.13 35.67 34.20 33.60 32.14 31.27 29.40 28.23 26.49 25.15 24.23 23.56 24.16 23.99 22.66 21.10 19.20 17.38 15.92 14.24 12.83 11.07 10.43  8.75
traj-187:
14.53 14.56 14.37 14.26 14.71 15.91 16.80 18.42 19.43 20.85 22.28 23.26 24.57 24.53 24.45 24.68 24.58 24.40 24.39 23.23 21.28 21.14 19.16 17.16 16.23 14.29 13.99 12.13 10.65  8.69  7.49  5.99  4.68  3.05  2.15
15.65 16.81 18.76 19.35 21.30 22.88 23.10 23.76 24.04 24.67 25.16 25.53 26.82 28.52 30.39 32.21 33.41 35.31 35.91 37.27 37.56 37.58 37.71 37.78 37.85 37.91 37.93 38.01 37.97 38.26 38.47 38.52 38.44 37.91 37.59
traj-188:
 2.62  4.29  6.00  7.76  8.97 10.57 12.16 13.40 15.38 16.92 18.84 20.41 21.02 22.51 22.99 24.29 24.16 24.16 24.18 23.96 23.61 23.25 22.31 20.85 20.27 18.61 17.36 16.70 15.12 13.77 13.58
37.83 37.61 37.38 37.25 37.15 37.09 37.02 36.97 37.08 37.15 37.51 37.16 37.07 36.90 36.66 35.44 33.61 33.31 31.57 30.13 28.29 27.12 25.56 24.94 24.61 24.16 23.30 23.13 22.23 20.90 20.00
traj-189:
 5.01  5.57  6.55  7.31  8.42 10.10 11.48 12.99 13.91 15.15 16.52 17.50 18.42 19.64 20.82 21.73 23.38 23.64 23.91 23.70 23.57 23.41 23.28 23.06 21.30 20.50 19.60 17.64 15.91 14.06 12.90 11.09  9.99  8.76  7.83  5.98  4.89  3.53  2.08
11.83 12.61 14.21 15.69 17.26 18.33 19.48 20.63 22.30 23.28 23.46 23.62 23.60 23.64 23.36 23.36 24.31 25.76 27.50 29.20 31.12 32.89 33.78 35.25 36.13 36.31 36.44 36.68 37.15 37.20 37.13 37.20 37.22 37.34 37.47 37.88 37.92 38.05 38.12
traj-190:
 2.23  3.97  4.75  6.30  8.06 10.05 11.88 13.43 14.47 15.60 17.18 18.45 19.97 21.49 23.31 23.29 23.32 23.35 24.06 24.23 24.22 24.27 23.29 21.44 19.52 17.58 16.31 14.40 13.68
38.18 37.89 37.64 37.48 37.44 37.38 37.25 37.09 36.88 36.62 36.40 36.53 36.68 36.83 36.02 34.25 32.46 31.68 29.88 28.42 26.46 25.56 23.98 23.76 23.33 23.42 23.24 22.77 22.63
traj-191:
12.01 12.04 12.29 12.38 12.49 12.66 12.92 14.16 14.83 16.11 16.79 18.30 18.79 20.52 21.39 23.04 23.25 23.54 23.53 23.29 23.21 23.20 22.93 22.15 20.79 18.88 16.93 15.15 13.21 12.61 10.74  9.86  7.99  6.43  4.53  2.72
13.06 13.36 15.16 16.06 17.73 19.37 20.99 22.16 22.56 23.29 23.71 24.47 24.68 25.46 25.66 26.43 27.85 29.65 30.21 32.18 34.18 34.48 36.23 37.18 37.31 37.17 36.78 36.71 36.85 36.79 36.98 36.88 36.96 37.06 37.12 37.08
traj-192:
 2.79  4.55  5.91  7.46  9.45 11.04 13.03 14.04 15.50 16.79 18.78 20.33 22.28 23.03 23.10 23.20 23.28 23.35 23.34 23.40 23.23 22.13 21.54 19.64 18.45 16.99 15.40 14.39
37.46 37.15 36.93 36.76 36.59 36.63 36.58 36.62 36.57 36.53 36.51 36.43 36.39 35.04 33.70 32.28 30.82 29.98 28.50 26.68 25.97 24.52 24.04 23.59 23.78 23.76 23.79 23.86
traj-193:
 5.22  5.61  6.36  6.85  7.27  7.63  8.18  8.95  9.29 10.59 11.44 12.06 13.10 13.09 14.88 16.47 18.10 19.26 21.03 22.01 23.21 23.33 23.63 23.85 23.63 23.15 23.13 23.13 23.09 22.27 20.50 18.71 17.95 16.70 14.86 14.56 12.65 11.04  9.38  8.88  7.54  6.75  5.35  3.76
 8.69  9.29 10.38 11.52 12.38 13.10 14.46 15.83 16.14 17.53 18.69 19.72 21.09 21.39 22.13 22.55 23.10 23.09 23.72 24.78 26.34 27.21 28.75 29.86 31.35 31.66 32.53 34.30 35.20 36.42 36.45 36.49 36.46 36.47 36.07 36.14 36.14 36.49 36.55 36.56 36.87 37.00 37.01 37.02
traj-194:
 1.70  2.14  3.47  5.39  6.86  8.23  9.34 10.38 12.24 13.25 14.87 16.53 18.17 19.44 20.05 21.95 22.21 23.54 23.66 23.76 23.83 23.63 23.64 23.38 23.34 22.06 20.61 19.13 17.29 15.85 14.15 13.85 12.02 10.29  9.90  8.41  7.33  6.75
37.93 37.35 36.40 36.22 36.27 36.34 36.46 36.60 36.82 36.82 36.81 36.88 36.90 37.11 37.07 36.91 36.45 35.27 34.38 32.40 31.29 29.83 28.95 26.99 25.55 24.33 24.41 24.62 24.91 25.06 25.16 25.14 24.45 23.72 23.60 22.48 21.28 20.44
traj-195:
10.57 10.87 12.66 14.29 15.48 17.30 19.24 21.00 22.26 23.89 23.74 23.79 23.56 23.55 23.55 23.73 23.43 22.67 22.09 20.48 18.69 17.48 15.56 14.48 12.71 12.20 10.36  9.02  8.07  6.10  4.18  2.42  1.72
21.01 21.06 21.67 22.14 23.64 23.45 23.33 23.43 23.75 23.61 25.40 26.90 28.67 29.35 30.92 32.87 34.67 36.20 36.28 37.33 37.53 37.48 37.47 37.09 36.71 36.86 36.79 36.67 36.75 36.82 37.01 36.42 36.21
traj-196:
 3.54  5.46  7.44  7.92  9.71 10.57 11.39 13.13 14.76 16.56 17.18 18.57 19.88 21.86 23.08 23.34 23.31 23.60 23.64 23.40 23.20 22.20 20.21 18.34 16.55 14.69 12.98 11.38 10.15  8.59  6.91  6.03  4.45
37.18 37.16 37.04 37.15 37.25 37.17 37.24 36.49 36.13 36.18 36.18 36.17 36.18 36.01 35.66 34.03 33.44 31.65 29.67 28.53 26.79 25.27 25.08 24.91 25.02 25.03 24.86 24.69 24.69 24.08 23.12 22.75 21.90
traj-197:
14.13 14.43 16.18 17.68 19.34 21.25 22.71 23.63 23.69 23.79 23.73 23.53 23.52 23.33 23.19 21.54 21.24 19.60 18.45 16.50 14.56 12.74 12.06 10.25  8.46  6.49  4.58  3.11  2.09
23.75 23.76 24.10 24.64 24.88 25.11 25.16 26.72 27.30 28.75 30.42 32.25 32.55 34.32 35.80 36.49 36.46 37.09 37.25 36.92 36.71 36.50 36.31 36.31 36.31 36.36 36.63 37.23 37.89
traj-198:
 2.89  3.45  5.41  6.41  7.89  9.51 10.10 11.99 13.92 15.34 17.04 18.22 19.40 21.24 22.19 23.10 24.00 23.77 23.59 23.45 23.34 23.12 22.18 21.97 20.17 18.70 17.12 15.53 13.70 12.68 11.32 10.52  9.40  8.26  7.31  6.32
37.59 37.56 37.46 37.35 37.12 36.86 36.83 36.56 36.42 36.59 37.13 37.74 38.15 37.43 36.34 35.68 33.93 32.41 30.94 29.61 28.47 26.49 25.19 25.10 24.46 23.88 23.28 22.66 22.14 21.82 20.76 20.27 19.51 18.55 17.94 17.23
traj-199:
 4.65  6.30  7.90  8.70 10.34 11.97 12.97 14.14 14.88 15.99 16.91 18.00 19.36 20.24 22.14 23.06 23.12 23.16 23.23 23.37 23.37 23.32 23.28 21.36 19.82 18.14 16.94 15.10 13.82 11.90 11.11  9.21  7.31  6.42  4.84  3.95
15.11 14.94 15.93 16.57 16.85 17.92 18.93 20.41 22.21 23.22 23.83 24.50 24.95 25.09 24.79 26.39 27.81 29.19 30.60 32.33 32.63 34.40 35.60 36.05 36.25 36.47 37.03 37.10 37.00 36.50 36.60 36.84 37.04 37.14 37.38 37.36
