traj-0:
37.39 35.66 34.73 33.41 31.77 31.49 30.74 30.49 30.17 29.91 29.97 29.87 29.80 29.67 29.43 28.22 28.09 26.23 25.27 23.61 22.09 20.18 18.76 17.29 16.18
20.80 20.46 20.43 20.12 19.18 17.83 16.78 16.10 14.45 12.60 11.10  9.83  8.93  7.71  5.94  4.40  4.13  4.10  3.93  4.21  4.35  4.84  5.03  5.24  5.56
traj-1:
38.01 36.24 34.48 33.04 32.14 30.91 30.66 29.72 28.33 26.90 25.18 24.88 23.09 21.32 20.73 19.26 18.44 17.06 16.19 15.47 14.38 12.81 11.09 10.17  8.68  8.50  7.05  6.60
21.74 21.53 21.36 21.24 21.18 22.66 23.16 24.35 25.17 25.33 25.29 25.24 25.10 25.07 25.06 24.93 24.79 23.76 22.65 21.89 20.68 19.50 18.55 19.35 20.56 20.80 22.00 22.28
traj-2:
37.45 35.53 34.20 32.72 31.09 30.75 30.54 30.12 30.04 29.51 29.37 29.21 29.12 28.41 27.70 26.12 24.42 23.62 22.06 20.27 18.98 17.67 16.09 14.78 12.84 12.01 10.32  8.50  8.11
20.91 20.87 20.80 20.82 21.97 22.85 24.36 25.53 27.12 28.73 29.83 31.23 32.17 33.18 33.90 34.64 34.36 34.07 33.64 33.44 33.52 33.52 33.44 33.35 33.25 33.33 33.29 34.01 34.81
traj-3:
37.47 36.03 34.60 32.66 31.78 30.64 30.87 29.87 29.78 29.92 29.75 29.75 29.41 29.29 29.34 29.31 29.26 28.52 26.64 26.07 24.34 22.62 20.91 19.74 18.29 16.47 15.36 14.47
20.32 20.63 21.16 20.89 20.84 20.39 18.55 18.15 16.69 14.97 13.28 12.64 11.01  9.24  8.60  6.86  6.05  4.71  4.25  4.31  4.61  4.81  5.54  6.22  6.34  6.75  7.21  7.06
traj-4:
38.65 37.50 35.58 33.74 32.93 31.68 30.96 30.12 29.46 28.18 27.31 26.74 25.87 24.57 23.28 22.56 21.49 20.25 18.86 17.45 16.23 15.29 14.46
20.86 20.86 21.04 21.13 21.26 21.44 22.38 23.75 24.66 25.85 25.61 25.47 25.27 25.06 25.07 25.17 24.43 23.46 22.27 21.37 20.49 19.70 18.99
traj-5:
35.71 34.54 33.65 32.29 30.83 30.06 29.65 29.31 29.26 29.14 29.28 30.17 30.65 31.32 32.51
21.99 21.93 21.93 22.00 22.49 23.74 25.16 25.93 27.85 29.69 30.86 32.37 33.69 34.42 35.87
traj-6:
35.13 36.58 35.15 33.30 31.62 31.46 30.82 30.71 30.43 30.44 30.44 30.22 30.03 29.79 29.59 29.19 27.84 25.97 24.02 22.92 21.84 20.00 18.30 16.90 15.77 14.00 12.92 11.15  9.48  7.63  5.72  4.74
21.74 21.41 20.50 20.40 19.43 19.18 17.45 16.38 14.70 13.47 11.49 10.57  8.64  7.50  6.46  4.75  3.93  4.09  4.03  4.01  4.14  4.43  4.66  4.90  5.07  5.37  5.59  5.91  6.22  6.50  6.78  6.91
traj-7:
33.77 32.50 30.97 30.02 29.57 28.02 26.27 24.50 23.06 22.19 21.57 21.08 20.37 20.20 20.28 19.67
20.36 21.29 22.22 23.53 24.71 25.59 25.68 25.56 25.47 25.37 24.98 23.25 21.44 19.64 18.83 17.34
traj-8:
37.15 36.55 34.80 33.08 31.80 31.08 30.79 30.31 29.89 29.65 29.27 28.17 26.21 24.38 23.79 21.90 21.31 19.34 18.17 16.92 15.33
21.78 21.85 21.90 21.97 22.69 24.44 25.77 27.63 29.50 30.51 32.08 33.49 33.69 33.96 33.98 33.81 33.72 33.55 33.56 33.52 33.78
traj-9:
37.68 37.08 35.61 34.69 32.96 31.42 30.15 29.37 29.27 29.17 29.19 29.17 29.17 29.15 29.15 29.16 29.14 27.72 26.10 24.95 23.60 22.77 21.16 19.29 18.71 16.90 15.48 14.77 12.99 12.69 11.01 10.74
22.00 21.98 21.92 21.89 21.85 20.74 20.61 18.96 16.99 15.54 14.41 12.41 10.52  9.48  8.27  6.91  5.05  4.00  4.01  4.00  3.97  3.94  3.90  3.72  3.76  4.22  4.54  4.88  5.46  5.48  6.08  6.21
traj-10:
34.22 32.73 31.60 31.41 30.27 29.34 29.12 27.78 26.92 25.16 23.43 23.14 22.85 21.33 20.64 19.12 17.33 15.46 14.31 12.88 11.01 10.44
20.25 20.28 21.88 22.11 23.63 24.85 25.05 25.71 25.67 25.60 25.34 25.24 25.17 24.25 22.43 21.38 20.74 20.54 20.37 20.45 20.04 20.00
traj-11:
34.66 33.47 31.73 30.26 29.90 29.55 29.44 29.32 29.14 29.08 28.99 28.66 27.27 25.83 24.41
21.70 21.60 21.70 22.80 24.09 25.58 27.26 28.20 30.15 31.45 33.14 34.80 36.12 36.42 36.74
traj-12:
38.64 38.06 36.31 36.01 34.24 33.40 31.55 30.95 30.74 29.92 29.49 29.31 29.35 29.53 29.52 29.51 29.65 29.79 28.74 26.92 25.50 23.86 22.51 21.62 20.06 18.48 16.77
21.65 21.52 21.45 21.48 21.56 21.61 20.93 19.27 18.55 16.76 14.88 13.19 12.63 11.00 10.15  8.28  6.54  5.51  4.27  3.92  4.14  4.09  4.24  4.35  4.53  4.63  4.73
traj-13:
34.87 34.11 32.32 31.37 30.71 30.76 30.31 30.09 28.38 26.93 25.19 23.75 22.01 20.18 19.61
20.87 20.76 20.63 20.64 21.48 22.37 24.21 24.96 25.92 25.86 25.71 25.53 25.29 24.69 23.81
traj-14:
39.00 37.54 35.76 34.58 33.13 31.66 31.43 31.11 31.07 31.03 31.12 30.36 29.04 27.23 25.28 24.22 24.02 22.32 20.60 18.64 16.88 16.59
21.86 21.89 21.90 21.92 21.92 22.93 23.77 25.49 26.09 28.04 29.62 31.26 32.45 33.03 33.28 33.50 33.73 34.43 34.56 34.83 34.97 35.01
traj-15:
38.38 36.86 36.32 35.22 34.03 32.84 31.28 31.19 30.54 30.15 29.50 29.14 29.08 29.05 29.05 29.05 29.22 29.12 28.23 26.53 25.95 24.10 23.05 21.74 19.91 19.19 17.58 16.74
21.91 21.76 21.73 21.70 21.68 21.73 20.82 20.53 18.73 16.95 15.14 13.29 12.28 10.84  8.99  8.17  6.36  6.08  4.40  4.08  3.97  4.20  4.50  4.91  5.65  5.83  6.12  6.40
traj-16:
38.99 37.80 36.06 34.38 33.07 31.85 30.16 29.71 28.26 27.69 26.20 24.49 22.74 21.30 19.63 18.24 18.43 19.08 19.76 20.33
21.83 21.84 21.90 21.93 21.94 21.83 22.81 24.11 25.29 25.20 25.08 25.03 25.03 24.21 23.17 22.35 20.59 19.69 18.84 18.06
traj-17:
35.50 34.90 33.16 31.54 30.78 30.57 30.50 30.29 30.02 29.90 29.69 29.01 27.66 26.41 25.16 24.29 22.39 20.67 18.76 17.87 16.05 14.25 13.13 11.35 10.76  9.05
21.93 21.84 21.80 22.81 24.34 24.97 25.76 27.19 28.47 29.21 31.09 32.94 33.09 33.10 33.11 33.12 33.19 33.12 33.18 33.20 33.31 33.47 33.62 33.85 33.91 34.25
traj-18:
35.00 33.07 31.30 30.13 29.43 29.33 29.13 29.08 29.07 29.10 29.07 29.25 30.03 29.75 29.27 29.12 29.06 28.46 26.52 25.10 23.40 21.79 21.74 20.61 20.35 18.66 17.00 15.01 13.39 12.57 10.86  9.05  7.97  6.19
20.93 21.30 21.62 22.09 21.15 20.22 18.27 18.15 16.80 15.49 13.89 12.12 10.36  8.55  7.53  6.04  5.45  4.47  4.15  4.49  4.96  5.97  6.57  7.86  7.94  8.51  9.02  9.01  8.98  8.97  8.94  8.97  8.95  8.54
traj-19:
37.16 35.55 34.99 33.21 32.91 31.51 30.28 29.19 27.35 25.60 23.81 22.33 20.47 18.74 17.38 16.33 16.28
20.45 20.21 20.11 20.43 20.46 21.40 22.73 24.35 25.02 25.07 25.09 25.16 24.63 23.80 22.51 21.09 19.21
traj-20:
38.71 37.53 35.54 34.67 32.84 31.27 30.25 30.16 30.24 30.34 30.36 30.26 30.27 28.56 27.15 25.36 23.91 22.94 21.21 20.15 18.76 17.39 15.92 14.21 13.24 11.78  9.95
21.19 21.23 21.32 21.49 21.77 22.61 24.03 25.88 27.36 29.09 29.95 31.46 33.43 33.89 33.83 33.81 33.67 33.66 33.65 33.49 33.57 34.04 34.55 35.34 35.51 35.68 36.05
traj-21:
35.06 34.03 32.22 31.84 30.85 30.55 30.46 30.22 30.12 29.94 29.77 29.74 29.65 29.57 29.15 28.59 27.36 25.55 24.22 22.86 21.26 19.60 18.34 16.51 14.59 13.25 11.31 10.01
21.36 21.22 20.71 20.46 19.21 18.05 16.71 15.22 13.91 12.32 10.38  9.88  8.10  7.51  5.65  4.57  4.19  4.03  4.13  4.27  4.41  3.99  4.00  4.27  4.50  4.63  4.93  5.16
traj-22:
37.11 36.26 34.54 33.14 31.66 30.78 29.29 29.31 29.32 28.16 27.86 26.13 25.24 23.75 22.26 21.01 20.86 19.04 17.14 16.26 14.55 13.02 12.47 10.68 10.39
20.51 20.36 20.32 20.27 20.16 20.06 21.16 22.32 24.19 25.06 25.05 25.08 25.06 25.08 25.10 24.45 24.20 24.73 24.82 24.77 24.00 23.40 23.18 22.45 22.37
traj-23:
34.13 32.63 30.94 30.76 30.61 30.45 30.04 29.87 29.72 29.39 28.32 26.92 25.54 24.44 22.69 21.81
21.90 21.89 22.88 24.19 25.26 26.76 28.10 29.98 30.67 32.35 33.95 34.73 34.83 34.95 35.15 35.25
traj-24:
36.26 35.37 36.55 34.92 33.02 31.25 31.02 30.68 30.47 30.32 30.21 30.14 29.95 29.85 29.51 29.04 28.00 27.47 26.01 24.60 23.83 22.27 20.77 19.44 18.82 17.59 16.33 15.58
21.94 21.85 21.01 20.65 20.29 20.02 18.28 16.87 15.00 14.09 12.32 10.85  9.41  8.36  6.78  5.28  4.28  4.00  4.02  4.10  4.24  4.98  6.22  7.67  7.93  8.69  9.34  9.78
traj-25:
36.17 34.50 33.90 32.14 31.58 30.94 30.66 29.73 28.43 26.66 26.08 24.32 22.59 21.17 20.51 19.56 18.37 17.01 15.13 14.56 12.62 11.52 11.08
20.82 20.57 20.54 20.57 21.55 22.59 23.62 24.74 25.99 25.71 25.61 25.36 25.08 24.28 23.38 22.06 21.28 22.39 22.35 22.17 22.37 23.09 23.73
traj-26:
34.76 34.46 32.47 31.30 30.88 30.62 30.79 30.93 30.53 30.05 28.78 28.48 26.74 24.91 23.82 22.02 21.39
21.70 21.69 21.78 23.05 24.70 26.09 27.95 29.12 30.72 32.55 33.89 33.91 33.78 34.12 34.82 35.23 35.52
traj-27:
37.81 37.52 35.54 34.16 32.40 32.10 31.93 31.00 30.31 29.71 29.41 29.21 29.15 29.07 29.07 29.15 28.23 26.30 24.65 24.05 22.47 20.71 19.46
21.49 21.44 21.48 21.72 21.82 21.82 20.94 19.35 17.74 15.85 14.39 12.62 11.12  9.21  7.26  5.59  4.07  3.73  3.76  3.76  3.93  4.77  6.00
traj-28:
35.95 35.24 33.25 32.51 30.97 30.62 30.08 29.58 27.61 26.42 24.65 23.16 22.01 21.22 20.22 19.76 18.92 18.06 17.14
21.07 20.93 21.01 21.09 21.82 22.77 23.79 25.09 25.39 25.23 25.08 25.04 25.10 24.57 23.58 23.03 22.02 21.19 20.11
traj-29:
33.82 32.43 31.34 31.17 30.54 30.12 29.36 29.10 29.08 29.06 28.73 28.47 28.01
21.61 21.80 23.45 24.28 26.17 27.12 28.93 29.07 29.30 31.09 33.04 34.23 35.97
traj-30:
36.55 34.58 32.86 31.88 31.28 31.19 30.95 30.66 30.01 29.20 29.26 29.42 29.55 29.48 29.24 28.89 27.05 25.40 24.56 22.86 21.15 20.60 18.64 17.48 15.63
20.10 20.07 20.06 19.46 18.20 17.61 16.03 14.41 12.65 11.50 10.12  8.59  7.50  5.60  5.07  4.38  3.92  3.99  4.03  4.14  4.87  5.11  5.36  5.30  5.30
traj-31:
34.84 33.66 32.17 31.88 30.60 29.71 29.02 27.84 26.41 25.51 24.32 22.58 20.98 19.56 17.70 17.13 15.64 14.94 13.23 12.00 10.69  9.32  7.74
21.85 21.94 21.90 22.26 23.31 24.06 24.70 25.02 25.03 25.04 25.00 25.03 24.27 23.75 23.09 23.06 23.00 23.03 22.98 22.99 23.06 22.75 22.56
traj-32:
35.97 34.01 32.45 31.52 31.26 31.04 30.49 29.93 30.06 29.83 29.75 28.70 28.29 26.71 25.34 25.07 23.41
20.36 20.18 20.37 22.14 23.58 24.69 26.48 27.89 29.65 31.41 32.01 33.03 33.40 34.54 35.57 35.70 36.22
traj-33:
37.04 35.89 34.55 32.88 31.89 31.36 30.61 29.58 29.46 29.49 29.29 29.59 29.54 29.83 29.57 29.78 28.89 26.95 26.17 24.50 22.84 20.85
21.22 20.96 20.71 20.43 20.21 19.94 18.11 16.46 16.18 14.33 12.76 12.16 10.70  9.39  7.57  5.88  4.38  3.93  3.95  4.01  4.02  4.20
traj-34:
37.12 35.86 34.60 34.03 32.42 31.36 30.17 29.28 27.50 26.90 25.44 24.84 23.36 21.62 20.01 18.94 17.94 16.81 16.26
20.88 20.76 20.80 20.95 21.51 22.05 23.66 24.99 25.28 25.24 25.07 25.05 25.10 25.21 24.21 22.74 21.21 19.72 17.96
traj-35:
33.65 32.40 31.12 30.29 29.40 29.21 29.26 29.28 29.31 29.34 29.35 28.62 27.32 26.35 25.56 23.84 23.12
20.63 20.03 21.44 22.72 24.28 25.56 26.71 27.69 29.15 30.93 31.47 33.12 33.63 34.23 34.80 35.72 36.16
traj-36:
36.19 34.75 33.00 32.70 30.93 29.57 29.08 29.09 29.05 29.06 29.09 29.36 29.62 29.92 29.48 28.21 26.70 25.38 23.73 22.26 21.29 19.91 18.46 17.15 15.95
21.56 21.60 21.68 21.68 21.74 20.39 19.00 17.52 15.61 14.43 12.44 10.66  8.76  6.90  5.53  4.03  3.78  3.83  3.91  4.02  4.35  5.37  6.23  7.02  7.53
traj-37:
38.79 37.92 36.25 35.15 33.30 32.41 31.28 30.59 29.97 29.56 28.43 26.69 24.93 23.18 22.88 20.98 19.72 18.23 16.46 15.04 13.31 12.44 11.32 10.25  9.60
21.23 21.05 20.79 20.61 20.27 20.37 21.11 21.55 23.03 23.98 25.03 25.02 25.02 25.01 25.01 24.41 24.30 25.18 25.04 24.73 24.15 23.36 22.35 21.45 19.96
traj-38:
36.80 34.86 33.42 32.82 30.96 30.96 30.22 30.09 29.54 29.32 29.17 29.03 28.85 27.61 26.39
21.39 21.73 21.89 21.96 22.58 24.26 24.59 26.14 27.12 29.07 29.65 31.13 33.03 34.41 35.67
traj-39:
38.04 36.27 34.34 32.85 31.28 30.90 30.33 30.11 29.51 29.10 29.17 29.31 29.30 29.36 29.44 28.49 28.34 26.55 26.15 24.43 24.14 22.43 20.54 19.97 18.13 17.62
20.28 20.45 20.17 20.02 19.17 18.10 16.67 16.18 14.80 14.05 13.16 11.40  9.81  8.14  6.31  4.62  4.36  3.91  3.94  4.14  4.09  3.90  3.93  3.89  3.31  3.20
traj-40:
39.06 37.63 36.76 34.80 33.09 32.83 31.40 31.39 30.17 29.41 27.88 26.42 25.83 24.34 22.87 21.42 21.31 20.36 19.05 17.56 16.22 14.85
20.91 20.58 20.40 20.23 21.13 21.28 22.57 23.16 24.59 24.91 25.51 25.26 25.19 25.04 25.08 24.03 23.75 22.11 21.19 20.11 19.19 18.19
traj-41:
34.93 33.99 32.49 31.21 30.26 30.13 30.13 29.32 29.18 29.26 29.35 29.42 28.06 27.46 25.74 24.48 23.23
20.38 20.38 20.30 20.34 22.02 23.92 24.22 26.00 27.90 29.35 30.23 32.00 33.19 33.95 34.14 34.38 34.37
traj-42:
37.57 35.81 34.61 33.73 32.02 30.08 29.51 29.60 29.58 29.49 29.29 29.35 29.37 29.41 29.38 28.41 27.97 26.13 24.23 22.75 21.34 20.11 18.33 16.47 14.67 13.98
21.63 21.74 21.70 21.62 20.88 20.46 18.66 16.88 15.03 13.37 12.22 11.00  9.36  7.54  6.07  4.51  4.36  4.16  3.96  4.07  4.85  5.27  5.29  5.36  6.02  5.76
traj-43:
36.30 35.71 34.06 33.47 31.94 31.37 30.32 28.55 26.61 24.67 22.98 21.82 20.24 19.82 19.34 18.47
21.92 21.96 21.98 22.00 22.97 24.62 26.06 25.60 25.12 25.19 25.37 25.40 24.69 23.59 22.42 20.94
traj-44:
38.13 36.49 34.76 33.03 32.44 30.93 30.71 30.57 30.36 30.13 30.01 29.44 29.02 28.19 26.51 24.61 23.03 21.05 20.36 19.72 17.96 16.74 15.06 14.49
21.58 21.76 21.91 21.99 21.99 23.24 23.97 25.37 27.28 29.00 30.01 31.42 32.54 33.08 33.39 33.46 33.57 33.71 34.03 34.47 34.63 34.75 34.88 34.99
traj-45:
36.17 34.50 33.38 32.20 31.15 30.54 30.01 29.45 29.36 29.20 29.18 29.17 29.15 29.51 29.69 30.14 30.49 29.22 27.45 25.58 24.42 23.29 21.47 20.92 19.24 17.93 17.04 15.21 13.29 11.93
21.27 21.46 21.61 21.73 21.70 20.87 19.63 17.78 16.37 14.81 14.00 12.04 10.91  9.37  8.32  6.83  5.39  4.11  4.15  4.16  4.28  4.43  4.82  4.97  5.62  6.52  7.10  7.85  8.36  8.87
traj-46:
35.58 35.42 35.20 33.24 32.08 31.09 30.02 29.22 27.47 25.72 23.96 22.01 21.45 19.80 18.64 17.39 16.64 15.79 14.89
20.61 20.87 21.06 20.69 20.91 22.19 23.85 24.58 25.07 25.06 25.06 25.10 25.03 24.54 23.51 22.16 21.38 20.60 19.83
traj-47:
35.34 34.21 32.81 31.67 31.48 31.31 31.10 30.72 30.49 30.02 29.74 29.65 27.90 26.01 24.63
21.85 21.91 22.00 22.64 23.67 24.80 25.95 27.81 29.16 30.76 32.35 33.12 33.68 34.29 35.13
traj-48:
37.69 35.97 34.48 32.99 31.64 29.84 29.49 29.47 29.34 29.40 29.40 29.38 29.60 29.85 30.34 30.47 30.55 29.85 29.63 28.17 27.06 25.09 24.51 22.76 21.66 20.32 19.37 18.32 17.11 16.31 14.95
21.84 21.90 21.91 21.80 20.89 20.31 18.55 16.81 16.32 14.66 12.97 12.15 11.96 11.04  9.76  8.31  7.44  5.76  5.56  4.25  4.09  4.19  4.34  4.61  5.87  7.36  8.06  8.81  8.06  7.47  6.39
traj-49:
33.92 33.62 31.75 31.65 30.54 29.72 29.24 27.62 26.49 25.02 24.42 22.65 21.48 20.47 18.54 17.21 15.94 15.13 14.22 12.73 12.20
20.48 20.43 21.02 21.30 22.86 24.11 24.68 25.32 25.19 25.13 25.14 25.10 25.12 24.79 24.37 23.78 22.31 21.31 19.90 19.31 18.82
traj-50:
34.91 32.98 31.33 30.79 30.36 29.98 30.03 29.65 29.81 29.94 30.46 30.42 29.98
20.78 20.57 21.33 21.98 23.46 25.00 25.56 27.07 28.25 29.84 31.74 33.70 35.57
traj-51:
37.52 36.41 34.43 33.83 31.86 30.76 30.52 29.79 30.07 30.36 30.60 30.75 30.72 30.61 30.41 29.66 29.23 27.70 26.32 24.60 22.67 21.25 20.69 19.72 18.49 17.35 17.29 15.79 15.36
21.42 21.58 21.77 21.79 21.63 20.03 19.52 17.89 16.12 14.74 13.01 11.85 10.07  8.33  7.28  5.52  4.74  4.11  4.19  4.31  4.41  5.82  6.44  7.57  7.46  5.84  5.34  4.19  3.04
traj-52:
35.19 34.43 32.88 31.50 30.70 30.35 29.26 29.22 27.45 26.86 25.11 23.64 22.76 21.00 19.54 17.88 17.00 15.72 15.50 16.64 17.69
20.01 20.19 20.44 21.17 22.87 24.11 25.74 25.87 25.86 25.79 25.77 25.71 25.65 25.47 25.23 24.97 24.24 23.42 22.78 21.44 19.84
traj-53:
35.42 33.47 33.17 31.60 31.38 30.99 30.60 30.62 30.23 30.17 29.88 28.30 26.50 25.18 24.31 22.81 21.32 19.83 18.77
21.51 21.82 21.87 22.87 23.97 25.34 26.56 28.54 30.49 31.08 32.79 33.94 33.85 33.44 33.29 34.03 35.34 35.96 36.39
traj-54:
34.17 32.43 31.23 30.80 30.22 29.74 29.51 29.25 29.18 29.22 29.48 29.56 29.92 28.50 26.78 25.32 23.66 22.61 21.14 19.49 18.73 17.18 15.47 14.63 12.77 12.30
21.82 20.96 20.59 19.59 18.19 16.41 15.60 13.78 11.88 10.39  8.79  6.86  5.08  4.15  4.10  4.26  4.61  4.86  5.65  6.72  7.08  7.52  8.11  8.36  7.80  7.51
traj-55:
38.54 37.68 36.29 34.51 32.53 31.55 29.92 29.73 29.86 29.20 27.31 25.82 24.02 22.22 21.71 21.53 19.90 19.00 17.78 16.34
20.92 20.88 20.81 20.66 20.41 20.36 21.16 22.40 23.24 24.59 25.08 25.07 25.04 25.01 24.70 24.93 24.57 24.34 24.06 23.91
traj-56:
33.62 32.72 31.03 30.76 30.20 29.20 29.04 29.19 29.33 29.41 29.44 29.17
21.87 21.94 22.83 22.95 23.03 24.50 24.75 26.74 28.41 30.04 31.97 33.38
traj-57:
33.79 32.94 31.69 31.53 31.27 30.56 29.87 29.41 29.30 29.44 29.36 29.43 29.47 30.25 30.42 30.45 30.19 30.01 29.77 29.44 29.39 27.71 26.01 24.58 22.63 21.11 20.49
21.51 21.79 23.24 24.11 25.56 26.65 25.93 24.77 23.43 21.65 20.03 18.43 17.09 15.28 13.96 12.10 10.21  8.78  7.02  5.26  4.96  4.15  4.36  4.56  4.76  5.92  6.55
traj-58:
34.26 33.04 31.52 30.55 30.47 29.53 29.13 27.35 25.58 24.68 22.93 21.25 20.03
20.50 20.71 21.44 22.28 22.57 24.03 24.73 25.53 25.45 25.43 25.28 24.25 23.21
traj-59:
36.73 35.22 34.64 32.94 31.41 30.04 30.09 30.12 30.23 30.10 30.01 29.09 28.23 27.22 25.38 24.06
20.82 21.20 21.33 21.74 21.88 23.19 24.56 26.39 28.09 29.79 30.21 31.51 33.26 34.02 34.22 35.53
traj-60:
37.79 36.10 35.80 33.89 32.47 30.62 30.20 29.04 29.04 29.04 29.02 29.05 29.02 29.03 29.05 29.05 28.19 26.44 25.03 23.33 21.52 20.76 19.21 18.37 17.09 15.82 14.00 12.49 10.51  8.71  7.27  5.94  4.79
20.24 20.14 20.16 20.10 20.08 20.02 19.81 18.32 16.62 14.88 12.90 11.47  9.55  7.91  6.60  5.58  4.15  3.83  4.03  4.20  4.92  5.50  6.19  6.65  7.10  7.67  8.27  8.33  8.63  8.78  9.00  9.29  9.52
traj-61:
39.16 38.27 36.80 35.08 33.33 32.73 31.31 30.92 30.07 29.52 27.75 26.86 25.10 23.34 23.05 22.76 21.11 20.91 19.25 18.38 17.23 16.69 15.18 14.81
21.84 21.81 21.88 21.83 21.79 21.75 22.51 23.09 24.52 26.06 25.81 25.68 25.46 25.31 25.21 25.16 24.15 23.92 22.82 21.80 20.82 20.38 19.15 18.82
traj-62:
37.20 35.52 33.80 32.47 31.41 31.38 31.38 31.26 31.47 31.68 31.84 32.06
21.08 21.23 21.40 21.52 23.18 25.17 25.47 27.21 28.97 30.70 32.39 33.12
traj-63:
34.39 32.57 30.86 30.27 30.25 30.03 29.26 29.46 29.47 29.52 29.37 29.38 29.16 28.18 26.65 25.20 24.05 22.63 20.88 19.38 17.78 16.87 15.26 14.71 13.02 12.36 10.45  9.74  8.33  6.61  6.24
20.62 20.09 19.21 17.40 16.88 15.43 13.69 12.31 10.67 10.09  8.39  7.82  5.99  4.50  4.13  4.05  4.01  4.11  4.30  5.45  6.32  6.77  7.88  8.06  8.01  7.79  7.66  7.23  6.28  5.34  3.44
traj-64:
35.61 35.32 33.51 32.61 31.03 30.62 30.43 29.13 28.02 26.52 24.78 23.60 21.89 19.97 18.18 17.80 16.54 15.07 14.45 12.69 11.10 10.00  8.55  7.44  6.43
20.25 20.29 20.46 20.58 21.69 23.10 23.64 24.83 25.88 25.75 25.50 25.32 25.06 24.70 23.84 23.37 22.26 21.31 20.92 20.87 21.22 21.44 22.10 23.05 23.74
traj-65:
34.48 32.79 31.88 30.32 29.68 29.64 29.76 29.73 29.43 29.20 28.91 28.32 26.42 25.30 23.92 22.15 20.20
20.91 20.56 20.54 21.66 23.41 25.10 25.97 27.83 29.64 31.18 33.12 33.21 33.50 33.60 33.74 33.83 33.96
traj-66:
38.34 36.50 34.69 33.25 31.60 30.60 30.27 29.96 29.80 29.75 29.64 29.86 29.91 29.90 29.67 29.51 28.07 26.74 25.94 24.29 23.44 21.69 20.76 19.13 18.58 16.94 15.15 13.29 12.24 10.95
20.32 20.08 20.17 20.01 19.02 17.62 15.83 14.63 13.40 12.61 11.38  9.49  8.16  7.12  5.83  4.99  3.98  4.06  4.13  4.22  4.31  4.98  6.48  7.63  7.89  7.50  7.34  7.21  6.89  6.32
traj-67:
35.74 35.17 33.36 32.19 31.92 30.77 30.60 29.78 28.14 26.35 24.88 23.09 22.49 20.93 19.17 18.88 17.23 15.82 15.39 13.56 12.01 10.37  8.49  7.03  5.99
20.87 20.77 20.11 20.15 20.65 22.16 22.43 24.19 25.03 25.03 25.04 25.07 25.04 25.01 24.99 25.07 24.44 23.69 23.41 22.91 22.62 22.32 22.24 22.79 23.12
traj-68:
34.20 33.99 32.32 30.92 29.57 29.46 29.43 29.18 29.14 29.08 29.05 29.02 27.46 25.76 24.06 23.51 21.82 20.34 19.77 18.25
20.11 20.33 20.68 21.26 22.28 24.20 24.61 26.46 28.35 29.81 30.71 32.46 33.01 33.04 33.23 33.34 34.00 34.54 34.66 35.06
traj-69:
35.14 34.65 32.77 31.13 30.49 29.73 29.30 29.20 29.19 29.25 29.29 29.35 29.36 29.29 27.50 26.91 25.46 24.30 22.53 21.01 19.19 17.22 16.52
20.64 20.53 20.24 19.15 18.12 16.86 15.88 14.29 13.41 11.49  9.61  8.28  6.48  4.57  3.74  3.82  4.02  4.13  4.22  4.34  4.40  4.47  4.22
traj-70:
39.17 38.58 37.10 35.98 34.23 32.57 30.90 30.46 30.04 28.52 27.94 26.45 24.97 23.80 22.06 21.57 20.38 19.09 18.00 16.28 14.53 12.91 12.00 10.49  9.72  8.31  6.39  6.13
21.42 21.36 21.20 20.97 21.05 21.37 21.84 23.79 24.74 25.71 25.72 25.72 25.64 25.59 25.20 25.09 24.35 24.23 23.92 23.06 22.59 22.25 22.00 20.77 19.73 18.57 18.14 18.28
traj-71:
38.59 38.31 36.40 34.55 34.21 32.39 32.06 31.12 30.78 30.45 30.30 29.84 29.65 29.41 29.19 29.08 28.74 27.18 25.95 24.68 23.96 22.44 20.87 19.97 18.34 16.47 16.17
20.16 20.27 20.22 20.17 20.15 20.39 20.75 22.00 22.80 24.39 25.70 27.52 29.12 29.84 30.91 31.70 33.58 34.39 34.40 34.32 34.16 33.85 33.68 33.61 33.48 33.49 33.46
traj-72:
34.14 33.31 31.75 31.51 30.53 30.24 29.28 29.33 29.31 29.33 29.44 29.39 29.53 29.60 29.84 29.84 29.80 29.79 29.61 29.35 28.42 26.63 25.57 23.97 22.48 20.50 19.27 17.61 15.96 14.57 13.76
21.78 21.98 22.86 23.48 25.15 25.08 23.34 21.88 20.55 19.69 17.80 17.20 15.47 13.75 11.93 11.63  9.67  9.37  7.61  6.16  4.47  4.04  4.09  4.21  4.33  4.46  4.07  4.14  4.17  4.17  4.06
traj-73:
34.27 32.89 31.35 30.17 29.53 27.90 26.74 25.01 24.13 22.66 20.90 19.57 19.31 17.65 15.75 14.70 13.21 11.59 10.41  9.70
21.52 21.85 22.73 24.16 25.42 25.83 25.84 25.69 25.60 25.40 25.17 24.34 23.49 22.70 22.40 22.21 21.89 21.50 20.66 20.22
traj-74:
38.24 37.19 35.92 34.60 32.70 31.43 30.26 30.12 29.74 29.64 29.64 29.77 29.84 29.92 29.82 28.66 27.65
20.72 20.69 20.68 20.79 20.69 20.63 21.85 23.82 24.91 25.89 27.08 29.05 30.23 31.69 32.26 33.85 34.08
traj-75:
37.11 35.16 34.60 33.06 31.81 30.84 30.44 29.66 29.20 29.19 29.04 29.04 29.02 29.04 29.10 28.17 27.01 25.29 23.52 21.77 20.26 18.46 18.06
21.08 20.72 20.56 20.29 19.45 18.40 17.82 16.76 15.44 13.49 12.24 11.35  9.37  7.89  6.06  4.43  4.56  4.79  4.93  4.88  5.26  5.50  3.91
traj-76:
36.60 34.88 33.82 32.28 30.51 29.81 29.47 28.16 26.39 25.80 24.33 22.84 21.96 20.66 20.37 18.64
21.06 20.39 20.40 20.71 21.49 22.75 24.52 25.76 25.51 25.42 25.20 25.10 24.64 24.01 23.94 24.49
traj-77:
39.02 37.25 36.95 35.25 34.36 33.19 31.64 30.97 29.56 29.26 29.11 29.08 29.52 30.50 31.44 32.49
21.95 21.78 21.76 21.66 21.72 21.81 22.68 23.87 25.19 26.99 28.94 30.71 32.57 34.24 34.59 34.92
traj-78:
36.40 34.64 32.86 31.22 30.82 30.38 30.01 29.43 29.26 29.23 29.18 29.11 29.10 29.09 30.02 28.24 26.62 24.64 23.76 22.60 21.37 21.14 20.25 18.65 17.33 15.46 13.53 12.70 10.87 10.02  8.82
21.76 21.77 21.88 20.91 19.37 18.37 17.33 15.90 14.62 13.82 11.89 10.25  8.51  6.70  5.13  4.27  4.07  4.01  4.14  4.29  5.74  6.24  7.67  7.73  7.48  7.02  6.62  6.54  6.24  6.13  5.98
traj-79:
36.64 35.47 34.50 33.15 32.85 31.61 30.04 29.69 28.07 26.60 24.89 24.31 22.55 20.83 19.79 18.43 17.71 16.17 15.38 13.46 12.23 10.30  9.72  7.89
21.04 20.86 20.79 21.08 21.13 22.46 23.69 24.14 25.22 25.24 25.23 25.23 25.19 24.54 23.60 22.80 22.33 22.24 22.51 22.75 22.57 23.05 23.21 23.99
traj-80:
34.63 33.25 32.09 31.64 30.65 30.20 29.45 29.39 29.71 30.57 30.93 30.83 30.78 29.44 28.41 27.30
20.23 20.12 20.17 20.81 22.32 23.15 24.29 26.09 26.88 28.49 30.39 32.15 33.34 34.68 35.01 35.07
traj-81:
38.20 36.70 36.17 34.54 34.06 32.62 31.42 30.96 31.14 30.80 30.51 29.75 29.21 29.10 29.10 29.08 29.08 29.04 29.06 27.16 25.46 24.57 22.83 21.96 21.14 20.52 18.64 17.81 15.87 14.00 12.83 11.50 10.24  9.15
20.71 20.45 20.40 20.34 20.28 20.14 19.51 17.73 17.49 15.55 15.47 13.84 12.29 10.77 10.68  9.83  8.04  6.13  4.58  4.05  4.26  4.29  4.53  4.63  6.43  7.99  8.11  8.17  8.06  8.02  7.17  5.92  4.84  4.14
traj-82:
36.33 34.81 33.06 32.30 30.95 30.27 29.71 29.20 28.10 26.37 24.58 22.78 21.00 19.67 18.03 17.19 15.91 14.64 12.87 11.90 10.67  9.64  9.09
20.46 20.39 20.54 20.58 20.75 21.92 23.17 24.22 25.10 25.07 25.08 25.04 24.37 23.24 22.51 22.42 22.34 21.78 21.17 20.67 19.80 19.01 18.38
traj-83:
38.08 37.31 35.71 34.27 32.47 30.98 30.69 30.55 30.15 29.89 29.70 29.44 29.05 28.21 27.17 25.26 23.62 21.88 20.30 18.58 16.67 15.92 14.62 12.87
21.88 21.86 21.78 21.88 21.94 22.88 24.32 25.70 27.46 28.82 30.43 32.10 32.88 33.69 34.13 34.40 34.45 34.40 34.47 34.72 34.91 35.03 35.26 35.58
traj-84:
38.90 37.49 35.79 34.07 32.34 31.92 31.88 31.37 30.27 29.65 30.00 30.17 30.16 30.27 30.51 30.61 30.61 30.39 29.98 28.31 27.06 25.18 23.25 22.12 20.58 19.25 17.65 15.89 13.96 12.31 11.16
21.53 21.69 21.81 21.83 21.93 21.08 20.78 20.06 19.41 19.00 17.07 15.76 14.44 13.61 11.70  9.95  8.75  7.29  5.65  4.61  4.14  4.02  4.48  4.73  5.63  6.55  7.56  8.33  8.71  9.13  9.40
traj-85:
35.25 34.52 32.60 31.29 30.62 30.55 29.51 29.24 27.46 26.01 25.11 23.62 23.07 21.54 21.29 20.36 18.80 18.10 17.13 15.13 13.56
20.98 20.56 20.08 21.02 22.31 23.20 24.68 24.82 25.15 25.13 25.09 25.06 25.07 25.01 24.86 23.47 22.41 21.86 21.15 21.02 20.99
traj-86:
37.71 36.82 34.95 33.68 32.31 30.90 30.11 29.88 29.81 29.93 29.80 29.58 29.30 29.12 29.27 29.23 28.54 26.75 25.62 24.88 23.19 21.64
20.10 20.15 20.29 20.48 20.24 20.00 20.73 21.80 23.26 24.65 25.73 27.38 27.49 28.97 30.95 31.25 33.03 33.31 33.58 33.70 34.32 35.50
traj-87:
36.03 34.86 33.39 32.80 30.94 30.61 30.21 30.02 29.50 29.14 29.08 29.06 29.18 29.36 29.61 30.17 30.34 29.14 27.99 26.02 24.06 22.10 20.63 18.66 16.86 15.81 14.47
21.17 21.32 21.39 21.35 20.67 19.78 18.83 17.40 15.50 13.72 12.84 11.66 10.20  9.44  8.40  6.59  6.13  4.54  4.36  4.08  4.15  4.35  4.29  4.54  4.27  4.27  4.20
traj-88:
35.04 34.21 32.49 31.07 30.14 29.33 28.39 26.72 25.56 23.79 22.59 21.17 20.92 19.28 17.44 16.31 15.36 14.50 12.75 12.18 10.75
21.19 20.96 20.58 21.49 23.26 24.21 25.11 25.13 25.14 25.07 25.05 24.20 24.13 24.59 24.57 24.53 23.93 22.55 22.14 21.93 21.57
traj-89:
37.78 36.88 34.95 33.80 32.61 31.40 30.70 30.34 29.92 29.69 29.60 29.47 29.42 29.24 28.76 26.91 25.10 24.16 22.26 20.38 19.33
21.52 21.54 21.59 21.74 21.91 22.53 24.29 25.19 26.29 28.21 29.38 30.36 31.77 33.73 34.01 34.41 33.86 33.50 33.78 34.20 34.41
traj-90:
38.52 37.37 35.65 35.35 33.56 32.37 31.20 30.02 29.57 29.50 29.44 29.39 29.45 29.30 29.32 29.27 29.09 27.30 26.41 24.66 23.48 21.49 20.24 19.33 18.05 16.50 14.79 13.67 12.32 10.36  8.48  7.89  6.80  5.48  4.12
21.85 21.86 21.89 21.89 21.93 21.84 20.99 19.47 19.37 17.38 15.40 13.90 12.05 10.43  9.00  7.61  5.72  4.88  4.88  4.82  4.73  4.76  6.17  7.07  8.47  8.45  8.63  8.62  8.62  8.50  8.16  7.74  6.89  5.82  4.87
traj-91:
37.23 35.32 34.15 33.28 31.71 31.06 30.29 28.44 26.67 24.92 23.76 22.35 21.46 19.59 18.48 17.42 16.55 15.55 14.47
21.54 21.86 21.83 21.89 22.99 24.28 25.31 25.89 25.78 25.64 25.56 25.46 25.33 24.68 23.66 22.62 21.05 19.59 18.07
traj-92:
35.95 35.66 33.78 32.71 31.15 30.58 30.10 29.58 29.27 29.25 29.05 27.13 25.46 24.70 22.74 21.18 19.36 18.41 16.43
20.88 20.94 21.48 21.90 22.85 24.70 26.17 28.09 29.91 31.16 33.14 33.38 33.49 33.53 33.72 33.79 33.96 34.05 34.19
traj-93:
35.52 34.06 32.34 31.95 31.53 30.14 30.06 29.99 30.09 30.19 30.36 30.30 29.99 29.49 28.43 28.17 26.45 25.43 24.24 22.84 21.29 19.62 18.81
21.74 21.82 21.92 20.14 19.28 18.20 16.76 15.06 13.31 11.64  9.89  8.99  7.61  5.94  4.37  4.21  3.88  3.97  4.08  4.34  5.32  6.31  6.79
traj-94:
38.26 36.77 35.56 34.18 32.33 31.84 30.18 29.12 29.01 27.07 25.31 23.45 22.39 21.13 19.48 18.24 17.54 15.80 14.68 12.96 11.31  9.43  8.64
20.58 20.70 20.80 20.91 21.09 21.25 22.29 23.80 25.03 25.45 25.24 25.07 25.01 24.31 23.25 22.18 21.60 22.40 22.57 21.96 21.33 20.95 20.90
traj-95:
37.17 36.02 34.32 33.16 31.79 31.64 31.48 31.35 31.46 31.59 31.70 31.84 31.26 30.42 28.76 27.12 25.74 24.53 23.25 21.46 19.56 18.69 16.91
21.49 21.65 21.82 21.98 22.82 24.53 25.11 26.53 27.76 28.95 29.83 31.30 33.01 34.05 34.12 33.89 33.73 33.71 33.60 33.49 33.28 33.22 33.17
traj-96:
36.77 35.59 33.95 33.09 31.90 31.85 30.91 30.43 30.16 29.77 29.30 29.09 29.07 29.27 29.07 28.16 27.27 25.79 23.83 22.63 21.05 19.45 17.58 16.26 15.15 13.18 12.33 11.15
20.40 20.24 20.10 20.01 19.21 18.92 17.23 15.77 14.30 12.90 11.00  9.52  8.79  7.03  6.48  4.80  4.71  4.66  4.71  4.73  4.91  5.29  5.67  5.76  5.99  6.10  6.07  6.05
traj-97:
36.29 35.52 33.77 32.77 31.35 31.18 30.17 29.40 28.71 27.10 25.64 24.48 22.72 20.94 19.34 18.41 17.99 16.14 14.92 12.99 12.69 11.25
20.76 20.67 20.22 20.39 21.29 21.54 23.19 24.61 25.13 25.67 25.58 25.56 25.42 25.32 24.63 22.92 22.20 21.49 21.61 21.82 21.84 22.94
traj-98:
38.33 36.51 35.69 34.65 32.81 32.22 32.04 30.36 30.15 29.68 29.47 29.42 29.31 29.21 29.17 28.51 26.89 25.70 24.04
20.57 20.36 20.28 20.31 20.38 20.55 20.79 21.58 22.12 23.91 25.81 26.95 28.79 30.64 31.24 33.08 33.33 33.36 33.53
traj-99:
37.28 35.56 33.82 32.92 31.59 31.19 29.94 29.13 29.12 29.13 29.12 29.11 29.13 29.13 29.07 29.11 28.36 27.20 26.21 24.45 22.67 21.37 19.50 19.21 17.50 16.75 15.13 13.80 11.99 11.39
21.53 21.78 21.97 21.89 20.98 20.44 19.01 17.19 15.22 14.36 12.37 11.04  9.63  7.70  6.27  5.22  4.54  3.89  3.69  4.16  4.53  4.83  5.28  5.35  5.80  5.88  5.88  5.78  5.78  5.85
traj-100:
34.04 32.48 31.20 31.12 30.36 30.01 28.46 26.83 25.12 23.94 22.74 21.42 20.96 19.20 17.82 17.53 17.36
20.57 20.76 22.11 22.69 24.42 24.71 25.85 25.49 25.07 25.04 25.01 24.21 23.83 23.07 22.24 20.46 18.61
traj-101:
34.66 33.89 32.21 31.31 30.15 30.15 29.79 29.91 30.04 29.53 29.42 29.15 28.33 27.84 27.16 27.00
20.46 20.44 21.11 21.74 23.22 23.52 25.38 26.57 28.48 30.18 31.33 31.52 33.15 33.84 35.41 35.67
traj-102:
38.84 37.15 35.79 34.04 33.19 31.31 29.39 29.44 29.44 29.41 29.42 29.40 29.25 29.27 29.28 29.20 29.08 29.08 27.27 26.98 25.21 24.61 22.85 21.99 20.27 18.94 17.04 15.52 14.40 12.68 10.91  9.60
20.93 21.02 21.17 21.37 21.50 21.54 21.93 20.20 19.83 18.04 16.83 15.48 13.74 11.89 10.46  8.51  6.61  5.41  4.81  4.84  4.76  4.75  4.66  4.64  4.86  5.10  5.48  5.77  6.04  6.41  6.68  6.94
traj-103:
34.64 33.90 32.58 31.53 30.66 30.33 29.15 27.28 25.51 24.61 22.84 21.39 20.55 19.27 17.59 16.36 14.77 14.16
20.23 20.24 20.34 21.64 23.33 23.96 24.71 25.02 25.07 25.09 25.11 25.15 24.86 24.45 23.84 23.27 22.31 21.54
traj-104:
35.88 34.17 32.47 31.02 29.69 29.62 29.40 29.16 29.12 29.17 29.10 27.50 26.63 25.09 23.76 22.39 21.70 20.29 18.43 17.96 16.13 14.36 12.99 11.57
21.78 21.96 21.94 22.78 24.10 24.47 26.23 28.15 29.30 31.09 32.58 33.28 33.24 33.22 33.25 33.32 33.34 33.42 33.47 33.48 33.87 34.41 34.79 35.22
traj-105:
34.51 32.61 31.97 30.63 30.04 30.05 29.85 29.53 29.48 29.13 29.11 29.08 29.10 29.06 27.70 25.94 24.51 22.80 21.11 20.88 19.11 18.62 16.91
20.41 20.20 19.79 18.64 17.54 16.15 15.26 13.40 12.59 10.75  9.11  7.38  6.81  5.12  4.73  4.69  4.72  4.89  5.76  5.95  5.85  5.65  4.88
traj-106:
33.88 32.24 31.95 31.66 31.05 30.41 28.52 28.23 26.45 25.56 24.10 22.61 20.63 20.05 18.65 17.55 16.35 15.43 14.08 13.04 11.59
20.32 21.27 21.80 22.65 24.49 25.56 25.92 25.86 25.65 25.57 25.55 25.42 25.24 25.16 24.67 23.36 22.10 21.15 20.01 19.03 17.68
traj-107:
35.36 33.57 33.27 31.82 31.61 31.09 30.68 29.94 29.73 29.42 29.12 27.91 26.17 25.41 23.60 21.99 20.91
21.95 21.97 21.98 22.99 23.55 25.23 26.59 28.37 30.34 32.08 32.54 33.00 33.18 33.20 34.02 34.16 34.29
traj-108:
36.54 34.79 33.91 32.51 30.60 29.52 29.39 29.22 29.19 29.21 29.28 29.32 29.24 29.30 29.27 29.25 29.22 27.48 26.89 24.96 23.27 22.77 20.99 20.69 18.96 18.34 16.57 16.29
21.23 21.04 20.95 20.80 20.54 20.09 19.30 17.41 15.43 14.70 12.85 11.54 10.61  8.63  7.38  6.06  4.14  3.78  3.79  3.74  3.79  3.87  3.99  4.05  4.50  4.36  4.10  4.19
traj-109:
38.72 38.18 36.50 36.20 34.41 32.65 30.97 29.51 29.03 27.25 25.47 23.70 22.81 20.97 20.50 18.73 17.07 15.60 14.43 12.96
21.32 21.53 21.96 21.95 21.96 21.91 22.45 23.09 24.77 25.36 25.19 25.06 25.03 24.29 23.96 23.66 23.13 22.29 21.57 20.53
traj-110:
35.85 35.60 33.81 31.95 31.87 31.39 30.39 29.58 29.47 29.56 29.61 29.61 29.57 28.49 26.76 26.23 24.68 23.17 22.13 20.28 18.59 16.92 16.84 14.87 14.31 12.55 11.77
20.88 20.72 21.03 21.54 21.83 23.48 24.48 25.86 27.01 28.64 30.40 31.87 32.77 34.45 33.95 33.69 33.54 33.52 33.49 33.15 33.22 33.34 33.58 33.76 33.75 33.54 33.64
traj-111:
38.13 36.69 34.98 33.46 32.58 31.39 31.19 30.97 30.57 30.57 30.30 30.32 30.25 30.33 30.12 30.33 30.55 29.79 28.63 27.51 26.39 24.44 23.07 21.60 20.95 19.45 17.74 16.01 14.02 13.03 11.77  9.82  8.52  6.58  6.19
20.19 20.22 20.22 20.21 20.29 19.34 18.40 17.07 15.19 13.41 12.90 11.69 10.84  9.49  8.22  7.15  5.77  3.94  4.03  4.08  4.15  4.31  4.65  5.81  6.81  6.87  6.60  6.60  6.68  6.83  6.58  6.44  6.42  6.47  6.45
traj-112:
36.51 34.80 32.94 31.75 30.65 29.52 29.04 27.09 26.21 24.47 22.73 21.25 19.98 18.27 16.65 15.03 13.10
20.91 20.59 20.32 21.61 23.16 24.18 24.79 25.22 25.23 25.23 25.20 24.44 24.21 23.20 22.05 20.97 21.05
traj-113:
35.10 33.37 31.73 30.95 30.93 30.26 29.33 29.28 29.51 29.55 29.35 29.12
20.94 21.29 22.34 23.97 24.27 26.13 27.48 28.63 30.36 30.95 32.69 33.55
traj-114:
36.97 35.34 33.46 31.51 30.93 30.95 29.77 29.86 29.31 29.37 29.57 29.41 29.38 29.43 29.49 28.22 26.44 26.15 24.44 22.74 21.43 20.33 18.95 17.20 15.52 13.74 12.10 10.40
20.53 20.36 20.10 20.07 18.36 18.06 16.53 16.25 14.40 13.35 11.75 10.16  8.38  7.38  5.77  4.27  4.03  4.11  4.38  4.73  5.44  5.91  6.49  6.77  6.99  7.30  7.51  7.72
traj-115:
36.34 35.12 33.45 32.23 31.99 31.77 30.35 29.47 28.03 27.43 25.67 23.89 22.74 21.31 20.37 19.32 17.79 16.83 15.93 14.97 13.82 13.30
20.25 20.31 20.45 21.31 21.49 21.69 22.96 24.47 25.83 25.75 25.55 25.31 25.10 24.32 22.94 21.51 20.52 20.12 21.33 22.40 23.84 24.45
traj-116:
36.42 35.07 34.01 32.61 30.78 30.43 29.87 30.14 30.50 30.10 29.71 29.66 29.86 29.30 28.06 26.31 25.61 23.65
20.46 20.59 20.53 20.36 20.62 21.21 22.52 23.84 25.17 26.82 27.99 29.72 31.64 33.21 34.02 34.61 34.67 34.99
traj-117:
34.80 33.35 31.76 30.57 30.03 29.71 29.26 29.45 29.44 29.31 29.46 29.23 29.33 29.51 28.73 27.10 26.52 25.10 24.26 22.53 22.23 20.52 19.69 18.47 17.60 16.48 15.33
21.14 21.29 20.86 20.65 19.11 17.36 16.07 14.16 12.98 11.71 10.76  9.38  8.14  6.15  4.75  4.12  4.16  4.36  4.50  4.51  4.54  5.28  5.62  6.25  6.67  7.20  7.67
traj-118:
38.40 37.52 35.60 34.16 32.47 31.26 30.17 29.63 27.88 27.31 25.57 23.82 23.23 21.75 20.12 19.51 18.17 16.77 15.85 14.29 12.89 11.83 10.45  9.44  7.68  6.49
20.93 21.09 21.45 21.69 21.94 22.67 24.14 25.05 25.83 25.75 25.57 25.29 25.17 25.09 24.17 23.60 22.39 21.13 20.15 19.92 19.75 19.64 20.03 20.39 20.80 20.65
traj-119:
34.70 32.78 31.44 30.82 30.41 30.17 29.79 30.21 30.61 30.99 31.51 31.56 31.63 30.41
20.14 20.24 21.10 22.74 24.15 24.92 26.82 28.37 29.72 31.03 32.86 33.76 35.64 36.59
traj-120:
38.76 36.84 35.69 34.32 32.57 31.02 30.77 30.33 29.89 29.65 29.52 29.38 29.32 29.59 29.81 29.88 29.52 29.13 28.90 27.47 26.11 24.67 22.89 22.29 21.20 19.86 17.94 17.05 15.30 13.58 13.07 11.30
20.88 21.40 21.63 21.85 21.91 20.85 20.06 18.53 16.87 15.62 13.82 11.90 10.46  9.28  9.08  7.92  6.39  4.99  4.80  4.12  4.31  4.48  4.68  4.75  5.42  6.16  5.86  5.89  6.28  6.63  6.72  6.99
traj-121:
38.05 37.75 36.05 35.75 34.02 32.08 31.38 30.10 29.32 27.71 26.56 25.37 23.57 21.98 20.31 19.49 17.53 15.72 13.82 11.87 11.57  9.87  8.38  8.12
21.14 21.15 21.31 21.32 21.63 21.94 22.35 23.80 24.55 25.21 25.20 25.08 25.02 25.02 25.00 24.84 24.72 24.92 24.86 25.01 25.03 25.27 24.22 23.48
traj-122:
36.49 35.61 33.81 33.08 31.35 30.14 29.02 29.03 29.09 29.16 29.98 30.91 32.17 32.54
20.25 20.39 20.56 20.80 21.47 22.72 24.29 26.25 27.39 28.87 30.57 31.95 33.21 33.66
traj-123:
38.90 37.37 36.09 35.37 33.71 32.73 31.47 30.95 30.62 30.26 30.06 29.76 29.51 29.43 29.08 28.27 26.97 25.19 23.48 21.93 20.61 19.22 17.66 16.18 14.72 13.29 12.17 10.72  9.20  7.75  6.74  5.17
20.02 21.01 20.69 20.45 20.07 20.15 19.16 17.34 15.78 13.89 12.53 10.66  8.86  7.99  6.09  4.75  3.97  3.78  4.11  4.44  5.48  6.48  7.46  7.80  8.20  8.71  9.08  9.23  8.67  8.18  7.80  7.14
traj-124:
38.38 37.78 35.78 34.59 32.82 30.93 29.53 29.28 29.09 28.01 26.56 25.11 24.22 22.72 20.90 19.31 17.75 17.13 16.12 14.97 13.78 11.92
21.97 21.97 21.95 21.94 21.94 22.48 23.54 23.71 24.28 25.18 25.18 25.17 25.14 25.10 24.41 24.10 23.32 22.78 22.00 21.07 19.97 20.00
traj-125:
36.43 35.28 33.79 32.12 31.87 31.59 29.78 29.49 29.22 29.18 29.17 29.18 29.11 29.08 29.08 29.03 28.47 26.63 25.94 24.49 22.92 21.19 19.21
20.18 20.07 20.04 20.26 20.62 20.55 21.25 21.33 23.12 24.84 25.40 26.94 28.71 29.60 31.38 31.97 33.84 34.23 34.35 34.37 34.40 35.07 35.27
traj-126:
35.43 34.09 32.97 31.72 31.44 31.28 31.20 31.15 30.99 30.52 30.27 29.76 29.31 29.04 28.60 26.67 25.00 24.49 22.65 22.38 21.11 20.14 18.24 17.94 16.28 15.29 13.39 11.73  9.91
20.15 20.09 20.01 19.27 17.38 15.60 14.42 13.55 12.13 10.53  9.67  7.75  6.01  5.16  4.37  4.15  4.10  4.07  4.28  4.41  5.73  6.58  7.05  7.06  7.66  7.92  8.02  8.13  8.22
traj-127:
36.30 36.00 34.23 33.06 31.29 29.82 29.73 29.31 27.48 26.03 24.83 23.06 22.46 20.81 20.02 19.18 18.37 16.50 15.22
21.18 21.18 21.20 21.12 21.67 22.53 23.27 24.59 25.10 25.10 25.10 25.12 25.12 24.49 23.53 22.27 21.13 20.61 20.22
traj-128:
37.37 36.51 35.08 33.13 32.55 30.79 30.51 30.36 30.10 30.23 30.23 29.30 29.01 27.66 26.42 24.56 22.72 20.94 19.03 17.72 16.57 15.62 13.95 12.04 10.76  9.35  8.26
21.13 21.29 21.56 21.90 21.95 22.78 24.69 26.18 28.05 29.47 30.89 32.41 32.48 33.91 33.72 33.41 33.31 33.21 33.21 33.18 33.17 33.15 33.10 33.39 33.54 33.78 34.04
traj-129:
37.94 36.91 35.38 33.99 32.47 30.82 29.61 29.62 29.56 29.36 29.13 29.13 29.16 29.15 29.04 29.02 28.22 26.66 25.66 23.84 22.72 21.81 20.44 18.92 17.15 15.80 14.04 13.50 11.79 11.05  9.48  8.28  7.34  6.20  4.72
20.76 20.67 20.55 20.43 20.18 19.72 19.00 17.27 16.28 15.18 13.51 11.52 10.03  9.44  7.55  5.65  4.89  3.76  3.93  4.16  4.41  5.03  5.86  6.47  7.33  7.75  8.53  8.47  8.38  8.21  7.80  7.04  6.18  5.15  4.03
traj-130:
35.23 33.48 32.94 31.47 30.98 30.12 28.91 27.44 26.28 25.70 24.54 22.96 21.23 19.57 17.85 16.43 14.95 13.14 12.36 10.70  9.72  8.38  7.12  6.19
21.49 21.52 21.53 22.88 23.45 24.77 25.97 25.70 25.45 25.33 25.10 25.28 25.21 24.42 23.47 22.80 22.26 21.54 21.31 20.84 20.51 20.08 19.59 19.09
traj-131:
36.84 35.83 34.22 32.85 32.63 31.59 31.63 31.19 31.10 30.14 29.36 29.11 29.09 29.05 29.37 29.49
20.56 20.42 20.33 20.31 20.62 22.26 23.74 25.41 25.70 27.34 28.08 29.40 31.16 31.46 33.17 33.44
traj-132:
35.15 35.69 34.48 32.52 31.22 30.05 29.84 29.78 29.72 29.66 29.63 29.60 29.59 29.74 29.59 29.25 28.42 26.70 24.75 23.95 22.14 20.32 19.11 17.45 16.25 15.10 13.46 13.19
21.66 21.42 20.72 20.36 19.18 18.20 17.58 16.21 14.47 13.49 12.22 10.46  9.31  7.84  6.36  5.77  4.44  4.09  4.14  4.30  4.82  4.63  4.96  5.54  5.90  6.32  6.88  7.01
traj-133:
35.74 33.90 32.34 31.65 30.16 29.71 29.64 29.15 27.31 25.84 24.95 23.24 22.94 21.20 19.71 17.98 16.84 15.65 13.73 12.91 11.28 10.46  8.65  6.91  6.19
20.91 20.67 20.47 20.41 21.50 21.99 23.06 24.78 25.19 25.09 25.03 25.17 25.17 25.09 24.79 24.20 23.14 22.10 21.71 21.99 22.22 22.38 22.76 23.11 23.51
traj-134:
38.10 37.26 35.29 34.04 32.62 30.81 29.34 29.36 29.36 29.41 29.62 29.47 29.36 28.76 27.17 25.88
21.51 21.58 21.70 21.78 21.87 22.59 23.48 25.25 25.55 27.52 29.23 31.17 32.05 33.81 34.55 35.35
traj-135:
37.61 36.75 35.27 34.03 32.59 31.52 31.44 31.36 31.28 30.66 30.61 30.40 30.15 29.98 29.78 28.90 27.61 25.63 24.84 23.47 21.79 20.75 20.04 18.60 16.93 16.58
20.21 20.13 20.07 20.10 20.12 19.04 17.85 16.13 15.24 13.45 12.29 11.12  9.59  8.16  6.39  4.77  3.96  3.95  4.01  4.24  4.97  5.83  6.33  7.26  6.30  5.90
traj-136:
34.06 32.78 31.25 30.29 29.36 27.65 26.17 25.00 23.54 22.04 21.77 21.78 20.99 20.07 18.65 17.31 16.77 15.61 14.10
21.68 21.90 22.98 24.26 25.11 25.58 25.37 25.20 25.03 25.01 24.87 24.99 24.12 23.00 21.89 20.69 20.22 19.14 17.88
traj-137:
35.21 34.62 32.90 31.24 31.09 30.25 29.46 29.25 29.07 29.06 29.03 29.23 29.74
21.46 21.47 21.61 22.59 22.85 24.43 26.03 27.19 28.52 30.00 31.69 33.11 34.86
traj-138:
33.77 32.28 31.28 30.55 29.36 29.20 29.08 29.06 29.14 29.34 29.38 29.53 29.69 29.82 27.98 26.10 24.48 23.37 21.75 21.29 19.59 18.39 17.44
20.92 20.30 19.59 18.99 18.05 16.39 14.42 13.30 11.53  9.56  8.43  6.91  6.24  4.62  4.07  4.00  4.19  4.45  5.52  5.91  6.79  7.43  8.06
traj-139:
36.59 35.48 33.71 33.12 31.50 31.30 30.10 29.82 27.85 26.09 24.12 22.37 21.20 19.27 18.54 16.89 15.36 14.30 12.84 11.09  9.84  8.51  7.55  6.30  4.65
21.70 21.79 21.95 21.89 22.92 23.73 25.21 25.55 25.74 25.57 25.36 25.16 25.05 24.71 24.67 23.92 22.96 21.46 20.28 20.71 21.40 22.11 22.55 23.19 23.14
traj-140:
35.87 34.90 33.33 32.80 30.87 30.39 29.84 29.61 29.17 29.12 29.07 29.06 28.10 26.51 24.64 23.73 22.04 20.64 18.64 16.82 14.97 13.14 11.80
20.71 20.71 20.74 21.03 21.48 23.30 25.07 26.06 27.92 29.75 31.35 32.24 33.60 33.53 33.78 33.88 33.79 33.71 33.57 33.41 33.28 33.14 33.09
traj-141:
38.07 36.33 35.13 33.36 31.83 31.80 31.38 30.99 30.68 30.33 30.17 30.03 29.32 29.35 29.69 29.94 29.65 28.50 27.04 25.26 23.38 21.94 21.34 20.22 20.13 19.85 18.21 17.10
21.96 21.89 21.92 21.85 21.64 20.74 19.67 18.66 17.23 15.39 14.67 13.17 11.52  9.72  8.08  7.85  5.91  4.45  3.99  3.55  3.71  3.64  3.80  5.11  6.76  8.45  9.51  9.90
traj-142:
35.75 35.18 33.76 32.30 30.51 29.82 29.63 28.08 26.60 25.14 23.71 22.25 21.10 20.54 18.76 18.02 16.96 15.55 13.86 13.60 12.09 11.20 10.22  9.53
21.45 21.58 21.85 21.95 22.54 23.80 24.82 25.88 25.75 25.63 25.47 25.29 25.14 24.98 24.11 23.81 23.22 22.57 21.97 21.81 20.61 19.68 18.28 17.08
traj-143:
34.51 32.69 31.10 30.68 29.22 29.28 29.70 29.46 29.40 29.39 29.68
20.36 20.36 21.17 21.99 23.23 23.82 25.57 27.24 29.24 31.23 32.52
traj-144:
36.81 34.95 32.99 31.69 30.83 29.90 29.33 29.19 29.18 29.14 29.07 29.10 29.03 29.20 29.26 28.33 26.98 25.65 24.25 23.67 22.02 20.69
20.79 20.65 20.30 20.22 19.08 18.23 16.59 14.65 13.49 12.48 10.76 10.36  8.62  7.11  5.39  4.19  3.97  3.94  4.11  4.22  4.71  5.15
traj-145:
34.89 33.27 32.68 31.00 30.48 29.82 28.26 27.37 25.90 24.72 23.58 22.71 21.25 20.13 19.21 18.06 16.71 15.62 14.20 12.51 11.88 10.06  9.34
21.47 21.82 21.94 22.88 23.81 24.92 25.65 25.56 25.39 25.24 25.13 25.15 25.02 24.73 24.62 24.29 23.89 23.64 23.46 23.44 23.30 22.89 22.75
traj-146:
37.11 35.99 34.56 33.12 32.03 31.12 30.28 29.81 29.83 29.82 29.82 29.96 29.43 27.89 26.68
21.13 21.39 21.59 21.75 21.96 22.98 23.94 25.78 27.26 28.71 30.59 32.07 33.83 34.92 34.92
traj-147:
37.84 36.04 35.19 33.52 32.20 31.42 29.87 29.07 29.06 29.09 29.11 29.14 29.18 29.20 29.27 29.30 29.30 27.63 25.72 23.97 22.79 21.67 20.99 19.39 17.55
20.62 20.94 21.17 20.69 20.44 19.79 18.81 17.62 15.87 14.44 13.24 11.52  9.59  9.01  7.30  6.43  4.98  4.19  4.46  4.69  4.84  5.53  6.08  7.03  7.14
traj-148:
37.60 35.97 34.28 32.86 31.31 30.33 29.94 28.53 27.10 25.35 23.94 22.48 21.64 21.58 20.43
20.65 21.19 21.55 21.86 22.66 23.94 24.35 25.56 25.69 25.43 25.25 25.09 25.01 24.96 23.52
traj-149:
37.83 36.10 35.50 33.78 33.48 31.75 31.43 31.15 30.97 30.40 30.23 29.66 29.34 28.05 26.90 25.27 24.53 22.72 20.97 19.67 17.76 15.85 15.28 13.68 12.06 11.63
21.53 21.58 21.62 21.84 21.84 22.84 23.65 24.99 25.84 27.73 28.94 30.25 31.80 33.07 34.29 34.12 34.10 33.86 33.73 33.60 33.84 33.70 33.77 34.47 35.10 35.35
traj-150:
38.71 36.91 35.64 34.20 32.72 31.18 30.75 30.20 29.59 29.47 29.32 29.19 29.16 29.12 29.10 29.18 29.41 29.48 28.31 26.55 24.86 23.40 21.70 20.28 18.61 16.97 15.70
21.72 21.82 21.84 21.87 21.90 20.84 20.28 18.58 16.89 15.54 14.70 13.41 12.10 10.64 10.06  8.16  6.34  4.72  4.37  4.06  4.04  4.03  4.34  5.10  5.92  6.62  7.04
traj-151:
35.50 34.54 33.31 32.04 31.89 31.52 30.46 30.13 28.31 26.86 25.98 24.08 22.60 20.79 19.39 17.83 16.03 14.59 13.16 12.11 10.31  8.42  6.46  4.54
20.31 20.50 20.71 21.49 21.75 23.47 24.80 25.24 25.91 25.56 25.41 25.07 25.01 24.35 22.93 21.80 21.14 20.47 19.68 19.41 18.68 18.76 18.80 19.09
traj-152:
37.31 36.41 34.96 33.17 31.68 31.48 31.37 31.11 30.39 29.99 29.97 30.09 29.46 27.54 25.66 25.02 23.62 22.33 20.45
21.88 21.90 21.94 21.85 22.88 24.30 25.47 26.88 28.45 29.15 30.60 31.71 33.60 33.89 34.31 34.42 34.73 35.10 35.69
traj-153:
38.62 36.92 35.40 33.92 32.58 31.67 30.61 29.81 29.81 29.66 29.47 29.37 29.29 29.14 29.06 29.01 28.62 27.04 26.16 24.48 23.36 21.81 20.63 18.98
21.19 20.99 20.88 20.71 20.36 19.57 17.99 16.27 14.64 13.19 11.65 10.82  8.97  7.29  5.87  5.10  4.66  3.94  4.04  4.54  4.77  5.87  6.86  5.89
traj-154:
36.26 35.18 33.78 32.69 31.11 30.87 30.35 29.97 28.52 27.34 25.87 24.70 23.81 22.05 20.57 18.62 17.45 16.72 15.15 13.92 12.44 11.28 10.19  8.43  7.77  6.17  5.23
20.07 20.30 20.48 21.10 22.22 22.76 24.21 24.90 25.91 25.80 25.62 25.52 25.43 25.31 25.22 25.07 24.99 24.07 24.11 23.91 23.60 23.42 23.26 23.50 23.53 23.60 23.84
traj-155:
36.34 35.81 34.12 32.54 31.90 31.00 30.38 29.67 29.53 29.77 30.10 29.03 27.89 26.25 25.25 23.41 23.11 21.39 20.52
21.36 21.41 21.73 21.94 22.34 24.05 25.93 27.42 29.22 30.32 31.68 33.09 33.40 33.77 34.43 35.03 35.07 34.40 33.93
traj-156:
34.44 33.00 31.57 31.41 31.34 31.20 30.67 30.02 30.00 29.95 29.63 29.24 29.09 27.34 25.38 24.88 23.14 22.61 20.84 20.27 18.67
20.82 20.16 19.14 17.38 16.79 14.81 13.33 11.56 10.66  8.89  7.18  5.44  4.87  4.20  3.94  3.93  4.07  4.29  4.05  3.89  3.41
traj-157:
37.87 36.72 35.83 34.42 32.66 31.20 30.52 30.25 29.33 28.25 26.80 25.38 23.63 22.84 21.17 20.94 18.95 18.32 16.52 14.58 12.92 11.35
21.88 21.91 21.88 21.88 21.82 22.59 22.99 23.17 24.85 25.90 25.54 25.38 25.12 25.05 24.16 23.83 23.80 23.71 23.40 23.14 22.99 22.90
traj-158:
35.52 34.92 33.14 32.16 31.74 31.40 30.92 30.97 31.12 31.07 31.16 31.31 31.33 31.18 31.06 29.45 27.99
20.14 20.15 20.50 21.23 21.54 22.64 24.55 25.15 26.91 27.49 29.41 31.16 31.75 33.18 34.06 35.15 35.60
traj-159:
38.41 37.55 35.81 34.03 32.84 31.30 30.72 29.58 29.20 29.19 29.12 29.09 29.10 29.10 29.10 29.27 29.31 29.35 29.33 27.66 27.11 25.30 24.55 23.20 21.53 20.20 18.48 16.90 15.43 13.65 12.02 10.57  8.64  7.14  5.45
21.68 21.78 21.86 21.92 21.94 21.62 20.73 19.68 18.65 17.21 15.52 14.39 12.70 10.90  9.56  7.91  7.12  5.40  3.89  3.37  3.35  4.07  4.16  4.42  4.98  5.56  5.73  5.89  5.81  5.60  5.58  5.73  5.73  5.63  5.73
traj-160:
36.41 36.14 34.14 32.40 31.85 29.95 29.77 29.53 29.07 27.30 25.82 24.32 22.53 20.68 19.84 18.45 17.08 15.93 14.44 14.07
21.47 21.60 21.71 21.87 22.18 22.59 23.34 23.53 24.56 25.15 25.04 25.04 25.10 24.40 24.04 23.57 22.95 23.15 24.27 24.73
traj-161:
35.76 33.80 33.07 31.29 30.59 30.05 29.53 29.35 29.35 29.56 29.61 29.62 28.23 27.06 25.54 23.84 22.23 20.95 19.31 18.04
21.06 21.38 21.38 21.41 21.41 23.33 25.03 26.83 27.17 29.10 30.24 32.01 33.14 33.40 33.54 34.17 34.42 34.85 35.36 35.70
traj-162:
37.17 36.87 35.14 33.72 31.87 30.90 30.03 29.53 29.36 29.50 30.12 30.11 30.06 29.97 29.78 29.67 28.51 26.54 25.32 23.86 23.30 21.75 20.65
21.79 21.75 21.88 21.76 21.61 20.19 18.40 17.11 15.49 13.67 12.15 10.47  9.60  8.12  6.38  5.51  4.25  3.99  3.97  4.08  4.12  4.16  4.18
traj-163:
34.22 32.48 30.78 29.74 28.26 27.36 26.20 25.32 23.55 22.01 20.38 20.03 18.09
21.55 21.90 22.78 24.35 25.31 25.26 25.24 25.17 25.15 25.12 24.31 24.14 23.65
traj-164:
37.03 35.27 33.99 32.89 31.43 31.16 30.33 29.52 29.52 29.69 29.82 29.87 30.17 30.24 30.27 28.78 27.82 26.03
20.91 20.68 20.44 20.18 21.22 21.69 23.28 24.92 25.44 26.30 27.77 28.91 30.63 31.21 32.99 34.29 34.50 34.82
traj-165:
35.02 34.42 32.66 31.50 30.87 30.09 29.44 29.37 29.27 29.22 29.25 29.46 29.46 29.38 28.48 26.52 24.53 23.20 22.34 20.56 20.26
21.03 21.06 21.10 21.14 19.84 18.19 17.10 15.82 13.90 13.16 11.19  9.34  7.61  6.12  4.34  4.02  3.88  3.76  3.74  3.50  3.48
traj-166:
33.78 32.38 31.77 31.59 30.96 30.02 28.43 26.66 25.49 24.61 23.42 22.22 20.48 19.24 17.49 15.83 14.35 13.00 11.93 10.40  9.40  8.21  6.70
20.59 21.51 22.49 23.32 24.62 25.00 25.59 25.31 25.15 25.07 25.03 25.05 25.03 24.84 24.58 24.33 24.04 23.51 22.66 21.88 21.25 20.63 19.89
traj-167:
36.98 35.13 33.87 32.57 31.49 30.94 30.90 30.48 30.37 30.14 30.20 29.14 27.29 25.72 23.82 21.99 20.82 18.85 16.95 15.59 14.37 12.55
20.33 20.49 20.63 20.64 21.82 23.49 25.26 26.80 27.69 29.52 31.28 32.92 33.14 33.05 33.00 33.07 33.07 33.23 33.27 34.15 34.66 35.24
traj-168:
33.82 32.96 31.50 30.81 30.27 29.84 29.59 29.63 29.53 29.49 29.47 29.55 29.57 29.75 28.51 26.70 24.99 23.15 22.58 21.13 20.03 18.80 18.07
21.47 21.64 21.42 19.75 18.42 17.37 15.58 13.89 12.91 11.29 10.46  8.54  7.34  5.50  4.00  4.02  3.99  4.19  4.30  4.59  4.83  6.35  7.18
traj-169:
37.90 36.48 34.86 33.97 32.33 30.96 30.22 29.00 27.03 26.15 24.69 23.51 22.33 21.17 19.18 17.40 15.67
20.70 20.53 20.17 20.12 21.14 22.59 24.45 25.34 25.41 25.29 25.13 25.05 25.10 25.06 25.06 24.54 23.72
traj-170:
38.66 37.27 35.71 34.06 32.26 30.92 30.16 30.05 29.87 29.86 29.79 29.69 29.33 29.10 27.88 25.90 24.04 22.67 20.76 20.00 18.17 16.68 14.86
20.82 20.61 20.53 20.45 21.13 22.16 23.20 24.61 26.10 27.86 29.36 31.17 31.52 32.02 33.50 33.31 33.34 33.44 33.70 34.51 35.23 35.70 36.46
traj-171:
36.10 35.50 33.75 31.94 31.87 30.46 30.33 30.19 30.26 29.63 29.05 29.08 29.11 29.07 29.11 29.01 28.34 26.54 25.41 24.30 23.43 21.87 21.67 20.43 18.59 16.66 14.75 13.92 12.41 11.82
21.86 21.83 21.87 21.64 21.35 19.94 18.90 17.39 16.43 14.59 12.73 10.94  9.06  8.00  6.24  5.32  4.28  4.10  4.25  4.55  4.75  5.69  5.91  7.41  7.73  7.97  8.21  8.41  8.64  8.70
traj-172:
35.55 34.96 33.19 31.56 31.38 30.04 28.07 26.60 24.86 23.38 21.62 20.16 18.88 17.87 16.19
21.86 21.92 21.81 22.95 23.48 24.94 25.02 25.05 25.11 25.09 25.12 24.64 24.79 24.88 23.93
traj-173:
37.92 36.73 35.28 33.86 32.50 32.32 30.81 30.32 30.20 29.73 29.46 29.18 29.01 27.27 26.13 24.45 23.88 22.09 20.61 19.27 17.99 16.74 15.35 13.44 11.63
21.93 21.91 21.93 21.97 21.96 22.20 23.39 24.83 26.26 28.11 29.52 31.20 32.46 33.05 33.10 33.27 33.32 33.30 33.27 33.31 33.25 33.30 33.34 33.47 33.57
traj-174:
38.37 36.62 35.42 33.70 31.95 30.43 29.77 29.77 29.80 29.71 29.85 29.84 29.66 29.67 29.53 29.39 29.18 28.84 27.13 25.30 25.00 23.12 22.86 21.48 19.91 18.33 17.00 15.49 13.78 13.12 11.51  9.76  8.72  7.40
21.90 21.83 21.81 21.84 21.77 20.96 19.62 18.32 16.69 14.71 12.76 12.43 10.54  9.94  8.16  7.32  5.51  4.85  4.00  3.89  3.90  4.23  4.38  5.81  6.61  6.86  7.07  6.61  6.42  6.02  5.53  4.66  4.24  3.43
traj-175:
34.83 33.70 32.61 31.44 30.94 29.42 27.86 26.97 25.19 24.31 22.86 21.18 20.46 19.03 18.28 16.44 15.13 13.89 12.01 10.58  8.97  7.14  5.23  4.71
21.29 21.50 21.70 23.21 24.54 25.08 25.71 25.58 25.37 25.34 25.24 24.31 23.61 22.68 22.07 21.59 21.93 22.43 22.96 23.15 23.16 23.14 23.31 23.41
traj-176:
35.94 33.99 32.32 30.98 30.18 29.56 29.44 29.21 29.50 29.50 29.11 28.76 28.40 28.34
21.43 21.75 22.00 22.64 23.75 25.43 26.24 27.88 29.58 30.46 32.13 33.09 34.68 35.22
traj-177:
36.93 35.26 33.64 32.28 30.88 30.03 29.71 29.43 29.21 29.21 29.28 29.39 29.56 28.35 26.56 24.66 22.99 22.40 20.95 19.36 19.08 17.17 15.19 13.34 12.45 10.69
21.16 20.80 20.40 20.22 19.44 17.85 16.71 14.77 12.93 11.23  9.35  7.63  5.75  4.27  4.10  4.05  4.38  4.49  5.68  6.85  6.96  6.48  6.66  6.70  6.65  6.57
traj-178:
37.17 36.16 34.92 33.98 32.76 31.81 31.47 31.28 29.94 28.38 26.41 24.94 23.50 22.92 21.67 20.44 19.17 18.46
20.56 20.55 20.66 20.63 21.04 22.21 23.95 25.11 26.49 25.46 25.33 25.23 25.15 25.11 24.45 23.41 22.48 21.38
traj-179:
37.90 37.60 35.85 35.05 33.33 32.74 31.35 30.74 30.51 30.29 30.21 29.36 29.26 29.13 27.73 26.42 25.09 23.13 21.34 19.91
21.54 21.55 21.66 21.72 21.87 21.85 22.57 24.31 25.42 27.15 29.11 30.62 30.90 32.84 34.07 34.02 34.06 34.11 34.49 34.60
traj-180:
34.20 33.68 32.99 31.62 30.91 30.17 29.70 29.30 29.31 29.19 29.19 29.16 29.53 29.63 29.89 29.98 28.15 26.55 25.99 24.23 22.28 20.52 18.76 17.36 16.62 14.96 13.34 11.59 11.31
21.15 20.85 20.43 19.64 18.62 17.96 16.37 14.49 13.40 12.23 11.32  9.96  8.06  6.10  5.94  4.97  4.26  4.00  4.09  4.38  4.66  5.23  5.60  6.29  6.43  6.42  6.53  6.67  6.78
traj-181:
38.67 37.42 35.55 33.79 32.46 31.07 29.89 28.38 26.91 26.33 24.58 22.74 21.56 19.76 19.35 17.78 16.27 14.81 14.56 13.14 11.66 11.08  9.82
20.73 20.84 20.80 21.29 21.57 22.77 24.17 25.46 25.25 25.16 25.14 25.20 25.20 24.65 24.10 23.37 22.73 21.82 21.64 20.65 19.56 19.00 18.17
traj-182:
34.01 32.60 31.03 30.11 29.85 29.55 29.43 29.44 29.63 29.68 29.90
21.33 21.57 21.96 23.65 25.46 26.86 28.81 29.38 31.09 32.00 33.96
traj-183:
34.77 33.17 32.45 31.02 29.99 29.44 29.55 29.37 29.37 29.48 29.55 29.57 29.21 28.38 27.49 25.74 23.83 22.95 21.51 20.68 18.78 16.94 16.49
20.13 20.24 20.27 19.36 18.13 17.38 15.72 13.79 11.92 10.09  8.19  6.65  5.84  4.51  3.91  3.86  3.98  4.08  4.32  4.29  4.11  3.38  3.28
traj-184:
37.61 36.19 35.60 34.17 33.27 31.70 31.34 29.87 28.07 26.32 24.84 23.99 22.50 21.34 19.63 18.71 18.39 17.70 17.05 16.95
21.25 21.56 21.69 21.87 21.97 22.92 23.40 24.64 25.22 25.12 25.05 25.04 25.05 24.42 23.49 21.90 21.14 19.51 17.84 17.56
traj-185:
39.09 37.98 36.21 34.77 33.35 31.91 31.76 31.43 31.38 31.22 30.32 29.54 29.43 29.09 28.14 27.03 25.23 24.09
21.39 21.62 21.58 21.53 21.66 22.70 23.28 24.95 25.25 27.03 28.69 29.12 30.93 32.31 33.31 33.67 34.40 35.30
traj-186:
35.85 34.23 32.51 30.90 30.64 29.51 29.36 29.53 29.37 30.40 30.61 30.75 30.02 29.01 28.06 26.27 25.40 23.69 21.83 20.26 19.24 17.76 16.53 14.92 13.94 12.31 10.37  9.01  7.89
20.14 20.24 20.08 19.11 17.83 16.31 15.57 14.31 12.56 11.06 10.85  9.06  7.28  5.90  4.22  4.13  4.07  4.10  4.75  5.51  6.06  6.99  7.86  8.16  8.42  8.73  9.12  9.36  9.54
traj-187:
36.08 34.36 32.82 31.69 30.72 30.26 29.17 29.06 27.28 26.69 24.92 23.46 22.58 21.40 19.59 18.24 16.86 16.37 14.64 14.35 14.21
20.44 21.03 21.28 21.62 22.40 23.25 24.63 24.91 25.44 25.34 25.18 25.11 25.05 25.01 24.20 23.35 22.02 21.41 20.43 18.71 17.94
traj-188:
35.96 35.37 33.38 31.42 30.22 29.34 29.01 29.05 29.09 29.11 29.17 29.32 29.24 29.22 27.93 26.46 25.21 24.11 22.21 20.57 19.03 17.86 15.89 14.02 12.86 10.97 10.68  8.94  8.37
21.23 21.14 21.27 20.97 21.27 22.66 24.41 25.65 26.51 27.70 28.56 30.31 32.09 32.69 34.19 34.21 33.99 33.80 33.78 33.84 34.11 34.01 34.05 33.73 34.96 35.28 35.36 35.95 36.02
traj-189:
35.90 34.16 32.20 30.51 30.10 29.63 29.46 29.41 29.16 29.26 29.32 29.35 29.36 29.28 29.24 28.40 26.53 24.91 23.20 21.68 21.25 19.87 18.65 17.71 15.93 14.15 12.40 11.98 10.85
21.26 21.39 21.71 20.92 20.07 18.84 17.36 16.50 14.75 13.02 11.10  9.64  8.94  7.40  5.65  4.52  4.15  4.26  4.56  5.53  5.87  6.92  7.91  8.50  8.73  8.63  7.76  7.22  5.89
traj-190:
36.14 36.04 35.74 34.32 32.51 31.71 30.50 29.37 27.51 25.73 24.54 22.77 21.43 19.72 17.93 16.07 14.51 13.23 12.60 11.23
20.11 20.39 20.40 20.74 21.29 22.18 23.69 24.75 25.16 25.03 25.03 25.02 25.02 25.06 25.03 24.53 24.14 23.55 23.23 22.32
traj-191:
37.05 35.56 33.82 32.10 30.43 29.90 29.54 29.44 29.18 29.12 29.16 29.75 30.24
20.58 21.06 21.28 21.43 22.43 22.91 24.80 26.44 28.42 29.00 30.75 32.39 33.61
traj-192:
38.94 37.75 35.96 35.36 33.93 33.07 31.43 30.84 29.63 29.49 29.57 29.15 29.13 29.12 29.17 29.47 29.52 29.72 30.26 29.45 27.68 26.45 24.53 22.78 21.15 20.06 18.60 16.94 15.19 13.58 12.54 10.94  9.08  8.78
21.93 21.95 21.94 21.94 21.94 21.88 21.90 20.88 19.33 19.07 17.22 15.29 14.35 12.63 11.50  9.59  8.75  7.89  6.01  4.32  3.52  3.09  3.25  4.10  4.71  5.17  5.69  6.01  6.50  6.98  7.21  7.59  7.26  7.23
traj-193:
37.67 36.01 34.96 33.34 32.43 32.22 31.29 31.03 30.24 29.75 27.84 27.26 25.52 24.95 23.50 22.03 20.34 19.49 18.48
20.69 20.36 20.15 20.41 20.51 20.73 22.23 23.05 24.60 25.28 25.83 25.68 25.40 25.26 25.03 25.19 24.72 23.74 22.57
traj-194:
37.10 36.11 34.93 34.06 32.32 31.34 30.35 29.77 29.57 29.45 29.56 29.67 30.27 30.86 30.80 29.29 27.73
20.05 20.09 20.12 20.25 21.09 21.72 23.25 24.28 25.78 27.68 28.27 30.26 31.67 33.48 35.22 36.15 36.90
traj-195:
37.66 36.58 34.71 33.65 32.50 30.79 30.08 29.94 29.09 29.11 29.19 29.23 29.28 29.36 29.37 29.44 29.44 28.62 26.70 25.26 23.82 23.25 21.50 19.96 18.06 16.95 16.11
20.32 20.52 20.70 21.07 21.25 20.78 19.01 17.07 16.79 16.20 14.21 12.49 11.06  9.79  8.76  7.31  5.88  4.59  4.14  4.49  4.60  4.65  4.54  5.03  5.48  5.13  5.04
traj-196:
38.61 37.67 35.80 34.33 33.73 32.03 30.85 29.40 27.70 25.91 25.31 23.87 22.15 21.85 19.94 18.57 16.86 15.68 14.21 13.04 12.40 11.30 10.85
20.18 20.40 20.52 20.73 20.77 21.28 22.86 24.20 25.03 25.02 25.04 25.04 25.01 25.00 24.55 24.09 23.48 23.37 22.95 22.40 21.58 20.18 19.49
traj-197:
34.03 33.24 31.40 31.10 30.61 30.39 30.19 29.86 30.16 30.45 30.71 31.02 30.95 29.91 28.19 27.01 25.11
20.83 21.17 21.37 21.35 23.08 23.51 23.74 25.66 27.31 29.25 30.24 32.12 32.70 34.20 35.04 34.98 35.04
traj-198:
38.97 38.67 36.77 34.98 33.79 32.31 31.89 31.85 30.92 30.30 30.09 29.52 29.52 29.30 29.41 29.44 29.42 29.32 29.42 29.56 28.33 27.63 25.96 24.19 22.25 20.83 19.36 17.74 16.31 14.43 13.13 11.92 10.39  9.67
21.39 21.43 21.82 21.91 21.94 21.90 21.06 20.76 19.04 17.69 17.19 15.56 14.19 13.10 11.76 10.96  9.29  8.08  6.93  5.09  3.60  3.74  4.14  4.40  4.65  4.97  5.27  5.72  5.77  5.97  5.30  4.75  3.92  3.35
traj-199:
37.74 37.44 35.55 34.66 33.09 31.85 31.53 30.48 29.51 29.47 29.03 27.34 25.61 23.86 22.68 21.15 19.92 18.66 17.16 15.68
20.54 20.50 20.28 20.26 20.20 21.48 21.83 23.51 24.26 24.36 24.62 25.06 25.16 25.13 25.04 24.05 23.04 22.11 22.05 23.13
traj-200:
36.54 35.15 34.02 32.07 31.98 31.69 31.45 30.36 29.56 29.16 29.29 29.32 29.33 28.55 26.88 25.68 24.01 22.67 20.75
20.86 20.98 20.89 20.70 20.98 22.32 22.93 24.27 26.01 27.76 28.91 29.79 31.25 33.08 33.17 33.36 33.71 33.85 34.20
traj-201:
35.56 35.27 33.46 32.34 31.01 30.13 29.27 29.26 29.28 29.22 29.21 29.12 29.02 29.16 27.50 26.38 24.43 23.04 21.48 20.49 18.80 17.48
20.39 20.36 20.16 20.04 19.14 17.56 15.84 14.57 13.05 11.12 10.53  8.56  6.92  5.04  3.95  4.01  4.16  4.52  4.95  5.52  6.36  6.80
traj-202:
35.26 33.48 32.30 32.01 30.75 30.06 29.34 28.16 26.97 25.22 23.42 22.55 21.52 21.33 20.96 19.92 19.62 18.15 16.31 14.38 12.46 10.57  8.72  6.89  5.80  4.74
20.79 20.48 20.30 20.23 21.50 22.86 23.93 25.05 25.03 25.01 25.06 25.13 24.52 23.96 22.56 21.02 20.71 19.50 19.40 19.64 20.04 20.38 20.76 20.01 19.42 18.92
traj-203:
37.19 35.46 34.59 32.68 32.38 31.29 30.87 30.96 31.00 30.24 29.15 29.13 29.39 29.47 28.84 27.18 26.57 24.67 22.77 21.92
20.86 20.60 20.41 20.17 20.13 21.46 21.91 23.83 24.42 26.14 27.77 28.60 30.38 31.56 33.24 34.29 34.32 34.52 34.69 34.82
traj-204:
36.07 34.27 32.50 31.25 30.62 30.01 29.29 29.22 29.14 29.09 29.05 29.27 29.35 30.00 30.23 28.96 27.15 25.60 23.76 23.47 21.71 20.49 19.15 18.84 17.24 15.34 13.57 11.95 10.48  9.18  7.84
20.18 20.07 20.07 19.37 18.48 17.60 16.46 15.17 13.89 12.57 11.60  9.71  8.09  6.70  5.72  4.48  4.16  3.97  3.80  3.87  4.40  4.78  6.25  6.98  8.15  8.26  8.33  8.59  8.75  8.76  8.65
traj-205:
34.32 32.82 30.90 29.59 29.20 28.81 28.21 26.45 25.30 25.00 23.26 22.36 21.40 20.93 19.98 18.87 18.24 17.46 16.15 15.21 14.50
22.00 21.92 22.41 22.66 24.28 25.95 25.88 25.55 25.27 25.26 25.12 25.08 24.49 24.20 23.11 22.07 21.44 20.62 19.49 18.66 18.06
traj-206:
38.06 36.63 34.78 34.31 32.82 31.37 31.21 31.15 30.72 30.07 29.56 29.17 29.05 28.56 27.66 25.78 25.49
21.38 21.69 21.88 21.92 21.95 22.96 23.81 25.80 27.48 28.84 30.02 31.64 32.11 33.97 34.05 33.64 33.54
traj-207:
34.87 33.02 32.15 30.82 30.55 29.36 29.04 29.06 29.08 29.13 29.23 29.46 29.48 29.64 29.10 28.28 27.08 25.26 24.77 23.06 22.76 21.79 21.37 20.85 19.36 17.56 15.84 14.32
20.82 20.12 20.00 18.92 18.67 17.09 17.31 15.72 14.64 13.05 11.40  9.52  9.22  7.31  5.46  4.90  3.93  4.19  4.08  4.25  4.29  5.72  6.46  7.70  8.26  8.71  8.45  8.43
traj-208:
36.52 35.14 34.44 34.24 32.33 31.41 30.29 29.61 28.13 26.67 24.89 23.42 22.33 20.92 20.18 18.59 16.96 16.57 14.88 13.37 12.29 10.97 10.30  8.93  7.32  6.69
20.11 20.24 20.41 20.64 21.21 22.22 23.15 23.94 25.14 25.10 25.08 25.16 25.20 24.78 24.51 23.89 23.31 23.15 22.51 21.92 21.55 21.12 20.91 20.48 19.91 19.68
traj-209:
33.62 31.98 31.24 30.41 29.69 29.53 30.07 29.97 30.04 30.11 28.69 27.54 26.03 24.50 22.92 21.02 19.80 18.93 17.55 16.74
20.60 20.85 21.80 23.27 24.70 25.93 27.85 29.27 31.02 32.20 33.49 33.50 33.43 34.10 34.61 35.21 35.64 35.92 36.37 36.64
traj-210:
38.57 37.70 35.72 34.36 32.83 31.20 30.99 30.39 29.76 29.55 29.44 29.23 29.19 29.13 29.05 29.19 27.55 25.77 25.47 23.70 21.86 21.48 19.67 19.09 17.39 16.22
20.60 20.52 20.34 20.40 20.29 19.43 18.29 16.57 14.94 13.60 12.80 11.08 10.23  8.81  7.32  5.34  4.66  4.82  4.83  4.92  4.66  4.47  4.96  5.10  5.15  4.87
traj-211:
39.14 38.42 36.69 35.18 34.04 32.76 31.08 30.55 29.78 28.58 27.39 26.51 25.06 23.88 22.14 21.55 19.57 18.98 17.26 16.96 15.21 13.78 12.02 10.84  9.15  8.29  9.66 11.21 11.48
20.89 20.82 20.97 20.90 20.91 20.99 21.55 23.37 25.06 25.85 25.69 25.57 25.42 25.33 25.41 25.47 25.70 25.75 25.79 25.81 25.83 25.85 25.90 25.87 25.86 25.82 24.60 23.67 23.53
traj-212:
33.62 32.12 31.42 30.96 30.84 31.06 30.96 30.97 31.05 30.84 29.07 27.93 26.45 25.26 23.37 21.46 19.55 19.16 17.48 15.99 14.60 13.05 11.25  9.49  8.26
20.50 21.23 22.47 23.47 25.45 27.20 29.12 30.45 32.18 33.89 34.13 34.31 34.47 34.40 34.65 34.81 34.57 34.54 34.60 34.47 34.40 34.82 34.68 35.49 35.89
traj-213:
36.12 35.30 33.44 32.81 31.27 31.22 30.69 30.19 29.57 29.34 29.41 29.45 29.38 29.39 29.50 30.50 29.72 29.46 28.60 26.74 25.90 24.14 23.54 21.87 20.09 18.62 17.74 16.62 14.70 14.13
20.92 21.21 21.79 21.91 20.89 20.59 18.77 17.32 15.85 14.67 13.15 12.22 10.70  8.87  8.40  7.06  6.21  5.85  4.33  3.91  4.16  4.40  4.47  4.89  4.93  5.19  5.28  5.40  5.93  6.13
traj-214:
34.04 32.16 30.34 29.47 29.39 29.56 28.26 26.55 25.37 23.60 22.42 20.55 18.87 17.80 16.94 15.64 14.30 12.88 10.97  9.18  8.35  7.14  5.58  4.34
21.07 20.56 20.14 21.93 22.52 24.32 25.41 25.39 25.21 25.06 25.11 24.50 23.61 22.61 21.63 20.39 19.61 19.02 18.80 19.57 20.12 21.32 22.44 22.21
traj-215:
37.99 36.37 34.56 34.26 32.62 31.56 30.43 29.75 29.46 29.40 29.17 29.14 29.12 29.75 30.44 31.29 32.78
20.85 20.68 20.48 20.55 21.23 22.00 22.69 24.29 24.97 25.56 27.46 28.36 30.13 31.63 32.97 34.11 35.39
traj-216:
34.73 33.48 32.66 31.33 31.39 30.50 29.28 29.32 29.37 29.38 29.41 29.40 29.36 29.39 29.57 28.31 26.82 26.23 24.34 22.36 21.26 19.59 18.28 16.90 15.63 14.54 13.13 11.85 10.06  8.90  7.53  6.79  5.86
20.53 20.29 20.13 19.24 18.95 17.16 16.49 14.78 12.95 12.65 10.94  8.97  7.36  6.80  5.08  3.54  3.57  3.59  3.86  4.00  4.59  5.46  6.79  7.76  8.33  8.72  9.19  8.84  8.42  8.31  7.01  6.23  5.38
traj-217:
37.90 37.62 35.94 35.07 33.36 31.91 30.32 30.13 29.27 27.53 26.37 25.18 23.42 22.24 20.74 20.17 18.47 16.69 15.23 14.36 12.93 11.05  9.33  7.82
21.34 21.45 21.76 21.57 21.39 21.39 22.44 22.91 24.48 25.26 25.21 25.13 25.15 25.16 23.96 22.81 22.35 21.84 21.38 21.17 20.89 20.59 20.16 19.71
traj-218:
34.58 33.68 32.55 31.41 31.08 30.91 30.82 30.87 30.94 30.91 30.82 29.24 27.77 26.36 24.71 23.26 21.45 19.62
20.26 20.40 21.53 22.53 22.98 24.69 26.55 28.04 29.73 31.49 33.24 34.24 34.30 34.67 34.94 35.45 36.01 36.62
traj-219:
34.92 34.32 32.53 30.94 30.61 30.16 29.81 29.18 29.16 29.12 29.09 29.08 29.13 29.12 28.51 26.61 25.48 23.76 22.60 21.84 21.04 20.76 19.34 17.67 15.78 15.28 13.34 12.35 10.96  9.39  8.38  6.72  5.77  4.43
20.05 20.10 20.15 19.14 18.17 17.03 15.92 14.59 13.43 11.45  9.70  7.90  7.32  5.63  4.53  4.11  4.32  4.67  4.89  5.27  6.76  7.26  8.28  8.38  8.61  8.54  8.65  8.75  8.75  8.41  7.86  7.27  6.69  6.02
traj-220:
36.43 35.54 34.11 32.97 31.48 31.44 29.97 29.70 27.84 26.97 25.21 23.44 22.84 21.25 19.98 18.62 18.30 17.45 16.64 14.86 13.22 11.40 10.66  9.08  7.71  6.23
21.87 21.84 21.81 21.98 22.75 23.05 24.39 24.53 25.01 25.10 25.03 25.06 25.04 24.23 22.93 21.76 21.25 19.97 18.72 18.52 18.46 19.28 19.76 20.58 21.45 22.29
traj-221:
38.23 37.37 35.65 34.49 32.76 31.29 30.98 30.47 29.42 29.21 29.60 29.87 30.78 31.34 31.72
21.91 21.90 21.94 21.94 21.92 22.92 24.00 25.75 26.17 27.86 29.13 30.94 32.24 33.89 35.49
traj-222:
35.33 33.57 32.58 31.30 30.93 30.36 29.15 29.24 29.21 29.32 29.42 29.42 29.62 30.17 29.80 27.99 26.26 24.60 23.04 21.92 20.46 18.85 18.38 16.69 16.54 14.99 13.23 12.27 11.22  9.26  7.30
20.78 20.34 20.07 19.25 18.45 16.58 15.76 13.80 12.06 11.25  9.88  7.99  6.96  5.21  3.87  3.34  3.33  3.40  3.49  3.58  4.56  5.51  5.83  6.49  6.75  7.96  8.47  8.86  9.21  9.62  9.81
traj-223:
36.84 35.83 34.58 32.66 32.38 31.85 31.37 30.72 29.35 27.58 26.41 24.67 23.26 22.66 21.27 21.00 20.81 19.76 18.97 18.91 18.37
20.19 20.42 20.73 21.17 21.06 22.02 23.38 25.24 25.94 25.78 25.65 25.54 25.27 25.22 24.39 24.25 24.04 22.44 20.81 20.06 18.39
traj-224:
39.13 37.16 35.43 33.96 32.18 31.65 30.97 30.11 29.53 29.22 29.19 29.17 29.13 29.11 28.20 27.72
21.30 21.50 21.73 21.84 21.90 21.93 22.18 23.92 25.71 27.60 28.44 30.20 31.95 32.25 33.88 34.22
traj-225:
37.14 35.44 34.24 32.98 31.63 30.79 30.41 30.35 29.85 29.74 29.60 29.71 29.70 29.32 28.34 26.65 25.23 24.07 23.02 21.75 20.54 18.99 17.74 16.10 14.44 12.96 12.14
21.14 20.75 20.55 20.30 19.61 17.87 16.60 14.73 13.22 11.75  9.88  8.21  7.19  6.00  4.45  3.94  4.31  4.62  4.90  5.61  6.82  7.26  8.11  8.88  9.42  9.53  9.60
traj-226:
36.14 34.25 32.79 31.78 31.31 30.68 29.17 28.28 27.10 25.61 23.86 22.09 21.82 20.56 20.15 19.54 19.01 18.21 17.42 16.34
20.82 20.59 20.50 22.16 23.53 24.59 25.52 25.41 25.27 25.10 25.09 25.08 24.94 23.71 23.03 21.96 21.07 19.88 18.65 17.19
traj-227:
33.67 32.84 30.96 29.21 29.49 29.55 29.42 29.35 30.06 30.72 31.10 31.98
20.62 20.42 19.88 20.77 22.45 24.22 25.11 26.98 28.80 30.40 31.38 33.17
traj-228:
35.88 33.94 33.34 31.64 31.24 30.07 29.98 29.73 29.50 29.44 29.54 29.59 29.73 29.91 30.04 30.27 30.08 29.74 29.57 28.44 27.03 26.27 24.83 23.22 21.29 19.50 17.90 16.12 14.42 13.50 11.84 10.53
21.54 21.96 21.96 22.95 23.74 25.21 24.36 23.04 21.29 20.03 18.25 17.13 15.76 13.85 12.00 10.28  8.84  7.16  5.67  4.25  4.20  4.20  3.72  3.96  4.29  3.90  3.96  3.90  3.62  3.61  3.79  4.37
traj-229:
35.19 33.99 32.83 31.16 29.65 28.14 27.84 26.05 24.27 22.77 21.59 20.24 18.51 17.26 15.83 14.52 12.71 11.52  9.58  8.77
21.84 21.87 21.91 22.80 24.07 25.08 25.06 25.04 25.03 25.00 25.00 25.01 24.76 24.79 24.58 24.38 24.33 23.97 24.37 24.36
traj-230:
37.23 35.35 35.05 33.15 31.54 30.50 30.15 29.87 29.85 29.59 29.80 29.34 29.24 27.94 26.30 25.15 23.50 21.69 19.99 19.16
20.70 20.95 20.94 20.80 21.30 21.97 23.09 24.97 26.37 28.28 30.05 32.00 32.28 33.78 34.86 35.12 35.57 35.99 36.46 36.70
traj-231:
35.11 33.43 31.67 30.37 29.08 29.06 29.11 29.15 29.22 29.34 29.52 29.65 29.47 29.31 28.21 26.64 25.19 23.47 21.68 20.06 19.09 17.41 17.12 15.12
21.63 21.79 20.96 20.09 19.00 17.34 15.56 13.62 12.45 10.53  9.55  8.14  6.41  5.84  4.38  3.94  3.82  4.04  4.30  4.64  4.83  5.16  5.23  5.25
traj-232:
35.97 34.77 33.04 32.75 31.20 30.53 29.14 27.36 25.59 23.83 22.64 21.37 20.85 20.06 19.29 18.18 16.95 15.78 15.59
21.29 21.39 21.52 21.57 22.50 23.73 25.10 25.70 25.41 25.17 25.15 24.50 24.22 23.76 22.55 21.12 19.57 18.25 18.02
traj-233:
33.68 31.81 30.92 30.66 30.03 29.37 29.19 29.20 29.44 29.60
20.81 20.79 22.55 24.01 25.79 26.86 28.47 29.69 31.08 31.79
traj-234:
37.82 36.16 34.44 33.69 31.74 30.97 30.23 29.72 29.56 29.36 29.15 29.33 29.47 30.09 29.69 29.52 28.34 26.49 25.62 24.28 23.41 21.71 19.82 18.07 16.66 16.10
21.44 21.43 21.50 21.63 21.44 20.40 19.23 17.48 16.11 14.32 13.10 11.14 10.03  8.24  6.52  5.95  4.53  3.99  4.13  4.32  4.44  4.70  5.14  5.58  5.81  5.95
traj-235:
34.53 33.03 32.93 31.86 31.44 30.33 28.82 27.36 26.77 25.03 23.84 22.39 21.52 21.05 20.44 20.01 19.21 18.82 17.33 16.71 14.88 13.90 12.33 11.23  9.41  7.47  6.40
20.14 20.33 20.62 22.14 23.15 24.67 25.85 25.67 25.58 25.36 25.22 25.08 24.64 23.59 22.03 21.29 19.98 19.34 18.41 18.57 19.04 19.30 19.71 19.97 19.95 20.19 20.28
traj-236:
34.97 34.07 32.59 31.44 30.81 30.49 30.61 30.58 30.52 30.51 30.35 30.08 28.24 26.95 25.33 23.79 22.54 20.89 18.96 18.35 16.65 15.04 13.21 12.09
21.93 21.95 21.99 22.61 23.84 24.62 26.61 27.50 29.17 29.61 31.40 33.34 34.10 34.15 34.06 33.90 34.20 34.01 34.26 34.36 34.83 35.51 36.28 36.32
traj-237:
38.56 37.12 35.93 34.24 32.46 31.67 31.38 29.75 29.92 29.77 29.83 29.64 29.67 29.71 29.81 29.97 30.01 29.87 29.63 28.48 26.93 25.56 24.22 22.84 21.16 19.29 18.99
22.00 21.86 21.82 21.89 21.85 21.66 21.58 20.91 19.03 18.77 18.47 16.63 14.72 12.90 12.68 10.69  9.21  7.43  5.98  4.51  3.96  3.90  3.85  3.82  3.52  3.58  3.60
traj-238:
34.96 33.33 32.52 30.94 30.74 29.62 29.38 27.59 27.30 25.53 24.33 22.55 21.06 20.40 18.86 17.19 16.44
21.33 21.59 21.75 22.50 22.72 24.31 24.49 25.27 25.18 25.04 25.03 25.01 24.09 23.57 22.69 21.88 20.12
traj-239:
35.90 35.52 33.91 32.43 31.19 30.39 30.33 29.51 29.24 29.54 29.46 29.10 28.08 26.32 26.03
21.53 21.65 21.97 21.92 23.33 25.04 25.34 26.98 27.12 29.09 30.55 32.50 34.07 34.87 34.96
traj-240:
35.79 33.93 32.76 31.41 30.20 30.26 30.21 30.38 30.49 30.13 29.75 29.60 29.28 27.59 26.52 25.35 23.92 22.14 21.48 20.20 18.58 16.93 15.09 13.17 11.40  9.69  8.15  7.23
20.13 20.11 20.05 19.27 18.33 16.59 14.97 12.98 11.00  9.65  7.91  6.54  4.78  3.98  4.00  4.01  4.13  4.54  4.63  5.64  5.79  6.33  6.25  6.38  6.10  5.48  4.47  4.27
traj-241:
39.10 37.18 36.30 34.48 32.96 31.72 31.49 30.12 28.36 27.48 26.32 25.15 23.96 22.77 21.18 21.11 19.39 18.64 17.06 15.49
20.63 20.89 20.97 21.17 21.43 22.67 23.23 24.66 25.26 25.18 25.15 25.09 25.08 25.06 24.16 24.74 24.02 23.87 23.62 23.54
traj-242:
35.90 34.02 32.62 31.30 30.39 29.59 29.37 29.33 29.13 29.45 29.61 29.56 29.22 29.25 30.88 31.17
21.09 20.50 20.28 20.57 22.12 23.25 25.07 26.80 28.09 29.75 30.63 32.38 33.79 35.31 36.29 36.34
traj-243:
37.36 36.03 35.14 33.19 31.84 31.25 29.58 29.63 29.69 29.83 29.87 29.81 29.78 29.67 29.49 29.29 29.00 27.68 26.96 25.09 23.41 21.64 20.40 18.55 17.11 15.45 14.57 13.20
20.43 20.24 20.18 20.36 20.37 20.51 19.49 18.33 16.93 15.40 14.21 12.23 10.32  9.15  7.68  6.20  5.12  3.95  3.84  3.74  4.10  4.60  5.07  5.44  5.86  5.95  5.98  6.07
traj-244:
35.68 34.49 33.37 31.70 31.12 30.57 28.68 27.21 25.46 23.72 21.95 20.46 19.90 18.62 18.57 18.26 17.60 15.73 14.07 13.47 11.77  9.94  8.73  7.27  6.59  4.75  4.45
21.60 21.63 21.66 22.66 23.90 25.02 25.67 25.48 25.25 25.17 25.02 25.00 24.84 24.02 22.49 20.88 20.40 20.87 20.49 20.58 20.69 20.31 19.76 19.19 19.03 18.72 18.69
traj-245:
36.11 34.96 34.06 32.41 31.37 30.96 30.70 30.58 30.52 30.42 30.02 29.50 28.25 27.51 25.93 24.07 23.73 21.94 20.20 18.70 17.76
21.25 21.35 21.38 21.86 22.90 24.83 26.24 27.39 28.23 30.03 31.83 32.10 33.58 33.59 33.44 33.86 34.09 34.38 34.96 35.43 35.78
traj-246:
37.29 36.16 34.70 33.56 31.74 31.34 30.45 29.83 29.46 29.16 29.11 29.08 29.06 29.04 29.09 28.14 26.39 26.09 24.35 22.73 21.91 21.32 19.74 18.43 17.09 15.53 14.51 12.89 12.30 10.96 10.25
21.48 21.52 21.47 21.45 20.70 19.30 17.60 16.46 14.53 12.99 11.11 10.44  8.98  7.46  6.41  4.80  4.76  4.71  4.86  5.00  5.52  6.15  6.97  6.75  6.34  5.86  5.39  5.55  5.49  4.40  3.15
traj-247:
36.52 35.33 33.52 31.80 30.54 30.00 29.09 28.06 26.60 26.01 24.54 22.80 22.50 21.57 20.38 18.84 17.63 16.29 15.29 13.39 12.81 11.05 10.25  8.52  7.01  6.67
20.27 21.01 21.41 21.71 22.10 23.23 24.82 25.78 25.60 25.51 25.38 25.17 25.15 24.62 24.24 23.63 22.88 22.02 21.65 21.42 21.51 21.43 21.00 20.42 19.68 19.33
traj-248:
36.71 34.86 32.87 32.72 31.47 30.33 29.71 29.35 29.10 29.13 29.21 29.25 29.26 29.27
20.52 20.28 20.19 20.45 21.77 23.35 25.10 25.89 26.91 28.36 30.01 31.69 32.46 33.99
traj-249:
36.61 34.84 33.10 32.51 30.78 30.28 29.80 29.21 29.22 29.23 29.34 29.29 29.33 29.48 29.60 28.60 26.79 26.49 24.62 22.68 21.56 20.33 19.32 17.95 16.21 14.68 12.80
20.27 20.11 20.00 20.02 19.04 17.53 16.04 14.53 14.06 12.51 11.18  9.29  8.39  6.75  5.87  4.19  4.20  4.18  4.07  4.53  4.83  5.14  5.39  5.62  5.92  6.21  6.55
traj-250:
36.33 34.49 32.83 31.88 30.25 29.67 29.29 29.08 27.47 26.57 25.39 23.63 21.86 20.15 19.35 19.21
21.15 21.33 21.57 21.73 22.76 23.90 24.68 24.90 25.60 25.52 25.38 25.15 25.10 24.47 22.89 21.12
traj-251:
38.32 37.73 35.84 34.16 33.71 31.75 30.73 29.70 29.39 29.82 30.35 30.50 30.63 30.61 30.39 28.59 26.80 25.06 24.34 22.95 21.13 20.83
20.76 20.78 20.64 20.70 20.61 20.90 22.56 23.04 24.92 26.50 28.35 29.23 31.16 31.46 33.20 34.04 33.60 33.59 34.09 34.59 35.38 35.34
traj-252:
33.86 32.11 31.04 30.36 29.69 29.49 29.50 29.60 29.78 29.77 29.61 29.87 30.32 29.81 28.10 27.21 26.00 24.31 22.56 20.91 19.43 18.21 16.79 15.66
20.72 20.92 20.96 19.11 17.40 15.46 13.90 12.26 10.82  9.79  7.82  6.49  5.24  3.53  3.29  3.25  3.24  3.40  4.11  5.03  5.93  6.66  7.59  8.21
traj-253:
34.55 32.73 31.64 29.92 29.88 29.52 29.29 28.37 26.61 25.16 23.99 22.27 21.05 19.51 18.03 17.45 15.84 15.17 13.83 11.96 10.09  8.96  7.65  6.34  4.94  4.69
20.35 20.30 21.60 22.32 23.47 23.16 24.71 25.60 25.58 25.42 25.25 25.03 24.24 23.00 21.79 21.22 21.15 21.16 21.46 21.42 21.50 21.75 22.30 23.19 24.31 24.48
traj-254:
38.17 36.79 34.83 33.51 31.76 31.56 31.34 30.46 29.23 29.67 30.05 30.63 31.05 31.65
20.97 20.83 20.63 20.50 21.38 22.43 23.60 25.29 26.02 27.93 29.61 30.90 31.63 32.97
traj-255:
34.47 33.17 31.67 31.24 31.18 31.16 31.05 30.43 29.78 29.57 29.49 29.33 29.06 27.41 25.66 24.18 22.72 21.78 20.28 18.80 17.15 15.51 14.12 12.90 11.11  9.91  8.09  6.89
21.09 20.36 19.15 17.43 16.83 15.09 13.32 11.58 10.22  9.72  8.83  7.69  5.78  4.97  4.98  4.95  4.93  5.52  6.65  6.73  6.12  5.79  5.74  5.63  5.72  5.30  4.53  4.13
traj-256:
38.44 36.66 35.19 34.60 32.83 31.73 31.63 30.90 28.92 28.13 26.66 25.50 24.04 22.55 21.80 21.70 21.16 20.73 19.36 18.19 16.56 15.55 13.83 12.43 10.75  9.08  7.42  6.37
21.98 21.94 21.90 21.89 21.90 23.23 23.52 25.38 25.39 25.31 25.17 25.13 25.11 25.07 25.06 24.95 23.57 22.93 22.44 22.06 21.61 21.55 21.15 20.86 20.43 20.41 20.42 20.41
traj-257:
34.70 34.40 32.50 31.11 29.31 29.14 29.96 30.03 29.69 29.39 29.26 29.15 29.08 27.65 26.00 24.44 22.53 21.30 19.34 17.85 16.12
21.08 21.06 20.88 20.91 21.40 22.77 24.42 26.30 27.06 28.26 30.13 31.61 32.50 33.15 33.19 33.28 33.50 33.51 33.59 33.63 33.85
traj-258:
34.37 32.78 31.37 31.11 30.07 29.53 29.49 29.48 29.54 29.34 29.16 29.04 28.12 26.63 24.86 23.68 21.70 21.43 19.69 17.96 16.13
20.27 20.14 19.04 17.87 16.28 15.61 13.72 12.56 11.32  9.70  7.88  6.14  4.90  4.86  4.88  4.88  4.90  5.04  5.59  5.75  5.86
traj-259:
39.12 38.61 36.72 35.17 34.15 34.01 32.07 30.23 30.11 29.76 29.49 28.28 26.81 25.41 23.69 22.82 21.09 20.49 18.92 17.10 16.74 14.95 13.24 12.40 10.84 10.10
20.90 20.90 20.78 20.56 20.28 20.34 20.53 21.17 21.19 23.01 24.79 25.86 25.59 25.30 25.13 25.01 24.14 23.56 22.52 22.86 22.88 22.95 23.10 23.07 23.17 23.35
traj-260:
38.49 36.55 35.43 33.44 31.70 31.47 31.18 30.39 30.07 29.55 29.56 29.73 29.54 28.40 26.67 25.01 23.07 22.77 20.83 19.12 18.00 16.42 15.13 14.29 13.16
21.58 21.86 21.91 21.96 22.86 23.70 25.10 26.66 27.70 28.99 30.29 31.20 33.10 33.63 33.80 33.61 33.62 33.64 33.58 33.63 33.66 34.16 34.55 34.79 35.15
traj-261:
33.99 32.08 30.58 30.00 29.29 29.37 29.31 29.14 29.18 29.26 29.32 29.27 29.47 29.72 29.89 28.44 27.43 26.06 24.97 23.55 21.66 21.06 19.63 18.55
20.70 21.13 20.64 19.34 17.62 15.80 14.96 13.23 12.33 10.95  9.43  7.72  6.55  6.38  5.41  4.24  4.13  4.19  4.32  4.57  4.89  4.84  5.97  6.57
traj-262:
34.69 33.97 32.04 30.24 29.75 29.77 28.98 27.12 25.66 24.23 23.63 22.20 21.36 19.64 17.82 16.21 14.39 13.56 11.63 10.30  9.40
20.25 20.34 20.51 21.00 22.84 23.13 24.74 25.26 25.24 25.20 25.18 25.14 25.08 24.79 24.60 24.19 23.91 23.78 23.75 23.79 23.88
traj-263:
35.65 34.53 33.13 31.75 30.93 30.98 30.65 30.06 29.86 29.17 29.07 27.86 26.26 24.75 23.03 21.71 21.46
21.23 21.40 21.64 21.89 23.63 25.36 27.03 28.76 29.48 30.13 32.10 33.34 33.67 33.83 34.01 35.07 34.90
traj-264:
38.25 36.50 35.42 33.58 32.16 31.94 30.86 30.39 30.30 29.91 29.75 29.38 29.31 29.27 29.55 29.64 29.82 28.96 27.10 25.17 24.58 22.88 22.19 21.10 20.53 19.22 17.61 16.47 15.05 13.24 12.94
21.76 21.93 21.91 21.86 21.86 20.84 19.53 17.86 17.58 15.69 14.88 13.01 11.06 10.04  8.08  6.28  5.23  3.62  3.49  3.76  3.82  4.35  4.74  5.92  6.37  7.24  7.62  7.92  8.27  8.21  8.19
traj-265:
38.00 36.86 35.63 33.66 31.84 31.24 30.71 29.94 29.73 28.13 26.65 25.18 23.99 22.22 21.26 20.99 20.89 20.75
20.68 20.86 20.93 21.09 21.91 22.59 23.22 24.11 24.27 25.00 25.02 25.05 25.07 25.17 24.64 23.14 21.38 20.12
traj-266:
34.34 32.94 31.75 31.17 31.01 30.88 30.77 30.69 30.63 30.11 29.70 27.89 26.39 24.78 22.88 21.13 19.17 18.04 16.06 15.18 13.85 12.54 11.50
21.85 21.85 22.54 24.41 26.17 27.04 28.23 30.14 31.89 33.66 34.37 34.76 34.05 33.91 33.92 33.65 33.55 33.38 33.27 33.22 33.32 33.32 33.39
traj-267:
35.90 34.38 32.88 31.22 30.77 30.16 29.33 29.32 29.20 29.19 29.15 29.21 29.29 29.35 29.06 27.28 26.98 25.21 24.61 22.83 21.76 21.16 20.58 19.54 17.95 16.97 15.16 13.94 12.37 10.46  9.74
20.70 20.45 20.16 19.29 18.50 17.12 15.52 14.43 13.59 11.71 10.32  8.88  8.49  7.83  5.87  4.98  4.98  4.93  4.91  4.86  5.49  6.65  7.78  8.96  8.89  8.85  8.58  8.53  8.19  7.73  7.61
traj-268:
36.07 34.92 33.78 32.07 30.79 30.60 29.25 27.71 26.29 24.82 23.36 22.47 21.14 20.26
21.24 21.47 21.60 21.87 23.36 23.84 25.03 25.58 25.42 25.20 25.05 25.01 24.25 22.92
traj-269:
37.74 36.93 35.19 34.42 32.72 31.67 30.78 30.57 29.95 29.90 30.09 30.63 30.75 30.82 31.02 31.75
20.14 20.19 20.27 20.31 21.03 22.09 23.60 24.11 25.98 27.75 28.29 29.92 31.89 32.78 34.62 35.64
traj-270:
36.41 34.95 33.92 32.02 30.27 29.75 29.45 29.10 29.13 29.14 29.13 29.21 29.31 29.32 28.45 27.57 26.07 25.49 23.75 21.97 21.67 20.05 18.75 17.10 15.67 14.11 13.69
20.79 20.07 20.30 20.60 20.52 19.36 18.34 16.65 14.74 13.06 11.33  9.58  8.07  6.49  4.91  4.88  4.88  4.88  4.93  4.99  4.99  5.42  5.87  6.51  6.13  5.59  5.41
traj-271:
38.05 36.96 35.48 34.13 32.86 31.19 30.01 29.88 28.44 27.55 26.06 24.62 22.85 21.77 20.95 19.46 18.27 16.68
20.36 20.48 20.49 20.42 20.32 21.42 22.96 24.27 25.63 25.50 25.36 25.22 25.06 24.40 23.55 23.51 23.45 24.41
traj-272:
37.00 36.78 34.93 33.79 32.03 30.92 30.62 30.15 30.09 29.70 29.62 29.78 29.99 30.28 28.92 28.63
20.77 20.56 20.19 20.42 20.61 22.18 22.15 23.79 24.09 25.78 27.59 28.88 30.45 32.40 33.71 33.64
traj-273:
35.89 36.99 35.95 34.54 32.86 31.88 31.75 30.79 30.68 30.54 30.32 30.18 30.17 30.04 29.55 29.28 28.08 26.19 24.90 23.04 21.11 19.86 18.52 16.62 16.13
21.73 21.30 20.63 20.61 20.27 20.16 19.89 18.29 16.41 15.18 13.30 12.18 10.65  8.76  7.07  5.55  4.11  4.05  4.08  3.99  3.71  3.55  3.39  3.25  3.21
traj-274:
36.60 36.15 35.27 34.68 32.84 31.46 30.81 30.40 28.95 27.19 25.44 23.98 22.50 20.92 19.81 18.30 18.08 17.89
20.16 20.36 20.53 20.63 20.84 22.06 23.60 24.30 25.36 25.39 25.24 25.11 25.07 24.38 23.91 22.73 22.52 20.65
traj-275:
34.79 33.66 31.80 30.49 29.47 28.16 29.12 29.45 29.81 30.40
21.62 21.75 21.90 22.55 24.10 25.40 26.97 28.61 30.06 31.78
traj-276:
38.32 38.02 36.13 34.33 32.38 31.79 31.76 31.79 31.86 31.88 31.79 31.71 31.66 31.57 30.36 30.22 29.80 29.38 29.16 27.42 26.58 24.85 23.38 21.48 19.80 19.23 17.51 16.99 15.24 13.44 11.45 10.11  9.45
20.89 20.90 20.73 20.45 20.08 19.18 18.00 16.26 14.37 13.78 12.03 10.61  9.20  8.09  9.34  7.89  6.34  4.99  4.44  3.71  3.78  3.97  4.13  4.63  5.63  5.78  6.13  5.98  5.52  5.48  5.60  5.72  5.81
traj-277:
37.58 35.85 34.13 33.84 32.07 31.77 30.03 29.47 29.03 28.15 27.55 26.08 24.92 23.15 22.25 20.74 20.68 20.48 20.05 18.35 16.64 15.10 13.68 12.03 10.20  9.17  7.33  5.63  4.98
21.00 21.22 21.46 21.42 21.23 21.20 21.71 23.34 24.29 25.09 25.14 25.27 25.15 25.14 25.17 23.94 23.16 21.34 20.48 19.77 19.02 18.28 17.71 17.43 17.58 17.48 17.48 17.18 17.05
traj-278:
36.50 34.75 33.59 31.66 30.45 30.19 29.58 29.41 29.06 29.14 29.25 29.84 29.99
21.50 21.48 21.50 21.80 22.57 23.64 25.41 27.28 28.79 29.66 30.79 32.66 33.22
traj-279:
38.68 36.95 36.09 34.31 32.82 31.39 30.58 30.01 29.60 29.71 29.80 29.83 29.80 29.87 29.82 29.53 29.29 28.23 26.51 24.78 23.89 22.45 21.67 20.60 19.78
21.91 21.91 21.92 21.97 21.99 20.93 19.83 18.50 17.86 15.94 14.40 12.87 11.68 10.36  8.61  7.20  5.24  4.16  3.98  4.09  4.10  4.63  5.89  7.57  8.73
traj-280:
38.41 36.86 36.03 34.03 32.09 31.79 30.72 30.03 29.03 27.21 25.43 23.64 22.46 21.13 20.86 20.66 19.95 19.36 18.07 17.65
20.12 20.35 20.40 20.32 20.37 20.44 22.06 23.19 24.37 25.07 25.04 25.04 25.13 24.46 23.26 22.42 20.79 20.24 18.93 17.92
traj-281:
37.78 35.82 34.38 32.46 31.75 30.83 30.08 29.44 29.20 29.24 29.33 29.25 29.65 29.97
20.61 20.93 21.16 21.58 22.07 23.73 25.39 26.52 27.95 29.82 30.93 32.72 34.03 35.07
traj-282:
36.26 34.92 33.96 32.12 30.97 30.68 30.18 29.76 29.45 29.16 29.15 29.13 29.05 29.09 27.20 26.15 24.24 22.32 20.56 18.90 18.21 16.48 14.93 13.30 11.43 10.44
20.05 20.04 20.00 20.14 18.50 16.67 15.18 13.51 12.46 10.54  9.14  7.82  6.24  4.50  3.91  4.03  4.20  4.63  4.44  4.03  4.07  3.79  3.79  3.83  3.40  3.08
traj-283:
35.70 33.96 32.57 31.09 30.03 28.99 27.20 26.32 24.85 23.97 22.69 21.52 19.77 18.46 16.48 15.76 13.90 11.93
20.89 21.32 21.34 22.56 23.68 24.78 25.66 25.54 25.33 25.23 25.07 25.13 24.28 23.50 23.49 23.30 22.88 22.91
traj-284:
39.13 37.34 35.34 34.45 32.53 31.88 31.04 30.63 30.54 30.26 30.29 30.33 30.33 29.87 28.79 26.85 25.53 24.02 22.86
21.53 21.63 21.74 21.67 21.88 22.60 23.77 25.34 27.07 28.56 29.14 30.69 31.17 32.91 33.25 33.71 34.62 35.78 35.94
traj-285:
37.03 35.26 33.59 32.22 31.48 31.15 30.81 30.45 30.23 30.12 30.02 29.95 29.77 29.60 28.80 27.34 25.60 24.20 22.58 21.06 20.07 18.82 17.44
21.58 21.37 20.74 20.31 19.56 17.98 16.13 14.80 13.85 12.44 10.68  9.49  7.94  6.35  4.90  4.24  4.24  4.37  4.65  5.88  6.98  8.26  9.60
traj-286:
34.77 33.28 32.14 30.81 29.57 29.10 27.47 25.75 24.57 23.08 21.13 20.84 19.73 18.84 17.62 16.40 15.68
21.89 21.91 21.88 22.43 23.17 24.39 25.06 25.12 25.07 25.01 25.05 24.97 24.86 24.77 23.32 21.88 20.99
traj-287:
37.08 35.45 33.73 32.07 31.46 30.77 30.21 29.75 29.98 30.16 30.30 30.68 30.86 30.03 29.52 28.09 27.51
20.93 20.61 20.11 21.07 22.06 23.22 24.39 26.04 27.47 28.36 29.66 31.31 32.66 34.09 35.03 36.17 36.26
traj-288:
38.34 36.52 34.53 32.81 31.64 30.34 30.19 30.19 30.22 30.21 30.20 30.03 30.01 29.76 29.16 27.40 26.07 25.23 23.28 21.94 20.33 18.66 17.02 15.39 13.54 11.88 10.35  8.68  7.27  6.02
20.10 20.06 20.07 20.09 19.40 18.29 16.36 14.42 12.47 10.70 10.40  8.66  7.17  5.71  4.01  4.04  4.15  4.13  4.38  4.92  4.53  5.12  4.44  4.36  4.24  4.41  4.64  4.73  4.72  4.63
traj-289:
37.06 35.57 33.59 33.29 31.82 31.61 31.29 30.36 28.92 28.33 26.59 25.71 23.94 22.17 21.50 19.64 18.37 17.42 15.60 14.39
21.15 21.19 21.28 21.26 22.30 22.86 24.28 25.82 25.73 25.70 25.59 25.53 25.39 25.25 25.09 24.69 24.73 24.50 24.46 24.33
traj-290:
36.14 34.43 33.12 31.39 31.12 30.36 30.17 30.00 29.97 29.81 29.30 29.14 29.12 29.07 29.17 28.94 28.14 27.11 25.95
20.48 20.45 20.36 20.51 20.90 22.54 22.84 24.56 24.96 25.68 26.15 27.11 28.54 29.73 31.51 33.25 34.41 35.05 35.72
traj-291:
37.39 35.72 33.99 32.88 31.99 31.71 30.77 30.12 29.16 29.17 29.10 29.17 29.18 29.19 29.21 29.05 28.07 26.92 25.14 23.42 22.85 21.21 20.81 19.29 17.47 15.76 14.29 13.40 11.51  9.64  8.27  6.74
21.29 21.54 21.72 21.88 21.87 20.71 19.56 17.90 16.16 15.31 13.35 11.79 10.38  8.39  7.00  5.45  4.44  4.49  4.13  4.40  4.51  5.36  5.93  7.06  7.89  8.41  8.68  8.73  8.79  8.97  9.19  9.31
traj-292:
38.53 37.83 36.51 34.56 32.90 31.42 31.19 30.15 29.26 27.54 26.94 25.48 23.48 21.73 20.83 19.52 18.92 17.64 16.22 14.65 13.64 12.54 11.86
20.62 20.60 20.62 20.29 20.39 21.33 22.15 23.39 24.16 25.01 25.01 25.03 25.05 25.05 25.04 24.96 24.10 23.23 22.36 21.17 20.33 18.88 17.54
traj-293:
35.96 34.26 32.77 31.37 30.63 30.55 30.54 30.12 29.39 29.14 29.12 29.28 30.00 30.57
21.89 21.93 21.95 22.72 24.36 25.22 26.57 27.68 28.79 30.43 32.18 33.07 34.21 35.09
traj-294:
38.64 37.95 36.57 34.83 33.52 31.66 30.99 29.53 29.12 29.07 29.05 29.05 29.03 29.02 29.17 29.27 29.48 29.61 28.15 26.41 24.49 22.58 22.00 20.25 18.43 17.33 15.74 14.01 12.34 10.62  8.88  8.12  6.75
20.57 20.71 20.92 20.98 21.15 21.31 21.34 20.22 18.76 17.33 15.35 14.47 12.73 11.46 10.44  8.80  7.29  5.35  4.22  3.85  3.65  3.88  3.91  4.15  4.11  4.17  4.15  4.54  4.98  5.21  4.73  4.29  3.67
traj-295:
34.72 34.42 34.31 32.50 30.95 30.08 29.18 27.23 26.06 24.57 23.39 21.92 20.62 19.12 17.49 16.04 14.28 12.71 10.72  8.96  8.66
20.09 20.16 20.44 21.12 22.12 23.76 25.00 25.03 25.14 25.10 25.04 25.09 24.70 24.38 23.45 23.87 24.50 24.91 24.86 24.74 24.72
traj-296:
35.66 34.57 33.32 31.95 31.06 30.51 29.91 30.15 30.02 29.21 29.12 28.49 27.08 25.98 24.10 22.33 21.13 20.26 18.57 17.24
21.01 20.47 20.04 21.42 23.12 24.92 26.58 28.27 29.26 30.73 31.33 33.15 33.73 34.06 34.34 34.68 35.09 35.18 35.94 36.56
traj-297:
33.86 32.78 31.56 31.02 30.35 29.62 29.34 29.08 29.08 29.06 29.02 28.04 26.57 25.05 23.33 21.37 19.91 18.84 17.72 16.93 15.79 14.56 13.41 11.74
20.57 20.37 19.63 18.16 16.35 14.56 12.83 11.57  9.62  8.27  6.58  4.94  4.84  3.90  4.07  4.44  5.65  6.69  7.61  7.92  8.24  8.43  8.69  9.01
traj-298:
38.97 37.77 36.02 34.46 32.99 31.17 30.89 30.10 29.26 29.36 27.57 27.28 25.55 24.95 23.20 21.71 20.08 18.98 17.49 16.13 14.70 14.34 13.39
20.85 20.66 20.47 20.37 20.45 21.10 21.21 22.80 24.56 25.39 25.86 25.81 25.63 25.59 25.49 25.39 24.76 23.93 22.73 21.67 20.66 20.19 18.97
traj-299:
34.62 33.23 31.48 30.14 29.27 29.32 29.78 29.79 29.78 29.32 28.43 26.46 24.53 22.74 20.79 19.02 18.14 16.37 16.07 14.30 13.16 11.98
21.40 21.76 22.70 24.05 25.72 26.49 28.28 28.58 30.54 32.45 33.43 33.73 33.89 33.92 33.97 34.04 34.06 34.75 34.82 34.98 35.18 35.33
