traj-0:
21.57 21.06 21.08 21.34 19.51 17.78 16.96 15.27 13.53 12.02 11.37 10.71 10.94
 1.09  2.97  3.77  5.05  5.53  5.36  5.49  5.76  5.74  6.94  8.08  9.88 10.07
traj-1:
22.42 22.40 22.11 22.11 22.11 22.15 21.83 21.49 21.28 21.21 20.84 20.68 19.28 17.53 16.65 14.90 14.41 12.84 11.72  9.88  8.52  7.47
 0.86  1.82  3.23  4.54  6.14  7.75  9.58 11.20 12.58 13.99 15.95 16.85 18.21 18.28 18.23 18.25 18.58 19.11 18.97 18.53 18.48 18.32
traj-2:
22.11 21.99 21.84 22.03 22.09 22.22 21.89 21.80 22.12 22.64 23.91 25.36 27.24 28.08 29.62 30.59
 1.52  2.21  3.87  5.54  6.36  8.19 10.00 10.43 12.40 13.81 14.56 14.55 14.85 15.25 15.68 15.89
traj-3:
21.12 20.77 20.40 19.37 17.59 15.79 14.91 13.28 12.07 11.40  9.66  9.11
 0.78  1.72  3.31  4.92  4.90  4.92  5.06  5.63  6.97  7.69  7.61  7.40
traj-4:
22.00 21.41 21.40 22.02 22.08 21.81 22.00 21.98 22.00 21.97 21.49 21.17 20.13 18.25 17.36 15.62 14.50 13.01
 1.60  3.13  5.08  6.09  8.01  9.36 11.30 11.60 13.32 14.32 16.13 17.21 18.23 18.65 18.73 18.72 18.79 18.90
traj-5:
21.51 21.79 22.10 22.11 21.91 21.77 21.35 21.49 22.37 22.71 23.85 24.15 25.89 26.18 27.25 28.07 29.10 30.07 31.24 31.87 32.43 32.84
 0.64  1.68  3.62  5.58  7.54  9.09 10.79 11.05 12.58 13.42 14.24 14.26 14.35 14.40 14.75 16.39 18.00 19.17 20.62 22.04 23.21 23.90
traj-6:
21.66 21.86 20.45 20.35 20.14 18.72 16.77 16.20 14.55 12.68 11.71 10.14  8.37
 0.43  1.54  2.87  3.24  5.21  5.21  5.16  5.14  5.11  5.66  5.89  6.22  6.27
traj-7:
20.66 21.28 21.73 22.36 22.45 22.48 22.34 22.28 22.16 22.03 21.89 21.65 20.12 19.83 17.94 17.64 15.87 15.14 14.96 13.49 12.55
 0.56  2.08  3.39  5.16  6.04  7.69  9.28 10.41 12.34 13.76 15.35 16.98 18.09 18.18 18.48 18.45 18.29 20.05 20.29 20.64 20.82
traj-8:
21.43 21.60 21.79 21.80 21.84 21.88 22.12 22.23 22.21 23.72 25.31 26.44 27.86 28.95 30.82 31.18
 0.81  2.78  4.62  6.27  7.93  8.81 10.61 11.47 13.36 14.27 14.20 14.19 14.29 14.34 14.39 14.02
traj-9:
22.77 21.62 21.11 20.32 18.70 16.98 15.70 13.89 12.75 10.82  9.13  8.67  7.26
 1.27  2.85  3.40  4.44  5.20  4.88  4.51  4.55  4.82  5.27  5.92  6.20  6.91
traj-10:
21.71 21.93 22.08 22.22 22.09 21.93 21.91 21.47 21.15 20.70 20.57 20.10 18.16 17.86 16.00 14.43 13.29 12.52 10.81  8.86  8.13  6.61  5.13
 1.08  2.74  4.10  6.03  7.89  9.79 10.08 12.02 13.25 15.01 16.19 17.93 18.38 18.41 18.60 19.12 19.50 19.73 20.38 20.79 20.87 21.20 21.63
traj-11:
21.33 21.42 21.53 21.68 21.59 21.38 21.31 21.87 22.35 22.62 24.47 25.64 27.05 28.08 28.23 28.26 28.74 29.52 29.85 29.78 29.68 29.61 29.62 29.62 29.88
 1.47  2.67  3.89  5.61  7.08  8.73  9.95 11.67 12.79 14.64 14.67 14.55 14.45 15.93 17.62 18.47 20.38 21.66 23.56 25.44 26.95 28.20 29.29 30.44 32.25
traj-12:
20.22 20.87 21.20 20.58 19.96 18.21 16.77 14.80 13.74 12.11 11.34 10.93
 0.93  2.79  3.72  5.50  5.74  5.24  5.21  5.06  5.16  6.05  7.45  8.62
traj-13:
20.07 20.88 21.42 21.30 21.07 21.56 21.83 22.25 22.47 22.84 22.49 22.20 21.98 20.07 18.34 16.75 14.91 13.44 11.76 11.23
 0.93  2.02  3.66  5.58  6.68  8.21  9.16 10.86 11.72 13.37 15.31 16.73 17.90 18.46 18.68 18.79 18.54 17.88 17.35 17.16
traj-14:
20.74 21.21 21.60 21.77 21.99 21.72 21.67 22.24 22.62 22.87 24.58 25.43 27.39 28.69 28.30 28.26 28.33 28.36 28.37 28.33 28.36 28.37 28.63 28.75
 1.92  3.53  4.84  6.32  8.06  9.46 11.40 12.82 13.94 14.11 14.25 14.46 14.87 16.01 17.67 18.70 20.20 21.06 22.67 23.69 25.24 26.84 28.76 29.04
traj-15:
20.76 20.88 20.10 19.25 17.54 15.62 14.78 13.44 12.37 10.58  8.60  7.77  5.98  5.68
 1.74  2.70  4.46  4.58  4.94  5.29  5.47  5.70  5.81  6.54  6.50  6.50  6.61  6.60
traj-16:
22.22 22.07 21.97 21.81 21.69 21.55 21.38 21.14 20.97 20.71 20.69 20.57 20.35 19.47 18.46 16.62 15.04 14.17 13.00
 1.38  3.35  4.10  5.64  6.92  8.17  9.25 10.92 12.56 14.45 14.78 15.91 17.68 18.43 18.71 18.85 19.99 20.65 21.52
traj-17:
22.44 22.27 21.90 21.89 21.93 21.94 21.97 21.96 21.93 22.28 23.88 25.05 27.04 28.07 29.37
 1.92  2.17  4.03  5.14  6.74  8.55 10.28 11.85 13.54 14.55 14.93 14.90 14.73 15.79 16.88
traj-18:
22.34 21.57 21.21 20.48 18.70 17.33 15.41 14.62 13.17 11.44 10.78  9.81  8.48  7.94
 0.83  1.96  3.91  5.38  5.14  4.87  4.54  4.41  4.30  4.31  5.54  6.82  7.79  7.79
traj-19:
21.22 21.18 20.81 21.06 21.54 21.85 21.98 21.81 21.76 21.84 21.69 20.97 20.91 20.26 18.41 17.25 15.69 13.97 12.44 11.46 10.01  8.98  7.26  6.79
 1.50  2.06  4.01  5.84  7.12  8.76 10.34 11.12 12.90 13.71 15.37 16.97 17.27 17.83 18.24 18.25 18.40 18.46 18.81 19.12 19.52 19.78 20.13 20.30
traj-20:
20.97 21.31 21.68 21.89 21.80 21.72 21.76 21.86 22.09 22.33 22.41 23.57 25.30 26.47 28.12 29.10 29.26 29.21 28.70 28.54 28.54 29.05 29.19 29.60 29.72
 1.41  3.15  4.45  5.25  7.11  8.50  9.90 11.72 12.23 13.85 14.70 14.87 14.90 14.89 15.64 17.36 19.08 20.19 21.72 23.23 25.17 27.09 28.64 30.36 30.93
traj-21:
21.16 21.18 20.67 20.10 18.60 16.68 14.90 13.78 12.96 12.26 11.72  9.74  9.06  7.74  6.17
 1.63  1.93  3.64  4.17  5.21  5.09  5.32  5.54  7.04  8.29  9.27  9.16  9.04  8.71  8.30
traj-22:
21.07 20.97 20.98 21.07 21.03 21.06 21.09 21.12 21.33 22.04 22.27 22.38 21.81 21.53 20.11 18.93 18.09 16.65 15.03 13.17 11.45 10.08  8.68  7.08  6.32
 1.28  2.87  3.91  5.78  7.70  8.73 10.71 11.49 12.94 13.80 14.00 14.28 16.13 17.25 18.33 18.35 18.36 18.36 18.51 18.58 18.84 18.96 19.05 19.43 19.56
traj-23:
21.63 22.13 22.27 22.05 21.99 21.85 21.89 22.10 22.07 22.18 23.83 24.13 25.87 27.39 28.52 29.87 29.88 29.27 29.19 28.62 28.65 28.48 28.94 29.30 30.52 31.47
 0.99  1.88  3.52  5.45  6.43  8.30  9.43 11.35 11.85 13.40 14.43 14.45 14.64 14.81 15.26 16.72 18.19 19.31 20.76 22.22 23.98 24.97 26.53 26.88 28.20 29.30
traj-24:
20.83 21.64 21.53 19.70 18.76 17.10 15.74 14.07 13.49 12.80 11.02  9.19  7.60
 1.46  2.83  4.47  5.01  5.14  5.41  5.60  5.69  5.75  6.28  5.97  5.33  5.00
traj-25:
22.11 21.82 21.64 21.49 21.33 21.15 20.94 20.74 20.72 20.47 20.16 19.05 17.29 16.09 14.73 13.84 12.71 10.94  9.95  8.75
 1.89  3.86  5.71  6.92  8.19  9.46 11.35 13.26 13.42 15.28 17.25 18.32 18.48 18.58 19.18 19.66 20.20 20.96 21.42 21.93
traj-26:
21.39 21.48 21.75 21.94 22.05 22.09 22.14 22.08 22.11 22.58 22.99 22.99 24.84 26.02 27.37 28.14 29.31 30.44 32.05 33.72 34.16
 1.52  2.32  3.50  5.43  7.00  8.72  9.55 10.92 12.51 13.57 13.99 14.71 14.83 14.74 14.85 16.39 17.92 18.68 19.44 20.02 21.07
traj-27:
21.03 20.39 19.03 18.46 18.29 16.63 15.36 13.40 12.64
 1.98  3.07  4.01  4.19  4.44  4.57  5.17  5.50  5.70
traj-28:
22.64 22.28 22.07 21.86 21.83 22.05 22.08 22.24 22.24 22.24 22.26 22.38 22.28 22.07 21.19 19.69 17.96 16.25 15.95 14.80
 0.56  2.30  3.10  4.30  5.58  7.17  7.58  9.44  9.62 10.92 11.68 13.53 15.33 15.84 17.45 18.61 18.75 18.72 18.67 20.24
traj-29:
21.14 21.16 21.23 21.32 21.81 21.73 21.64 22.28 22.51 22.63 22.86 24.59 26.05 27.21 28.11 28.48 28.67 28.83 28.81 28.80 28.87 29.28 29.33
 1.10  1.93  3.11  5.03  6.89  8.17  9.16 10.64 11.80 12.79 14.51 14.62 14.63 14.46 16.03 17.29 18.63 20.35 21.39 23.36 23.73 25.43 25.85
traj-30:
20.96 21.21 21.57 22.12 21.00 19.38 17.45 16.41 15.31 13.91 12.73 11.34 10.00  9.90
 0.68  1.52  3.12  4.75  6.36  5.50  5.09  5.41  5.60  5.79  6.00  6.87  8.35  8.91
traj-31:
22.73 22.51 22.33 22.33 22.58 22.79 22.23 21.94 21.70 21.36 21.35 20.93 20.70 19.39 17.44 15.75 14.69 13.44
 0.56  2.07  3.60  4.46  6.34  6.90  8.82 10.48 11.48 13.30 15.14 16.53 17.09 18.09 18.24 18.40 18.45 18.66
traj-32:
20.50 20.76 21.08 21.18 21.50 21.60 21.56 21.60 21.86 22.59 23.94 25.66 26.55 28.11 28.23 28.51 28.55 28.45 28.54 28.44 28.67 29.22 29.64 29.57 29.49
 0.82  2.36  3.91  5.80  7.51  9.10 10.02 11.29 12.04 13.86 14.80 14.75 14.67 15.44 16.53 18.51 20.49 21.40 23.06 24.90 26.70 27.98 29.21 30.59 31.46
traj-33:
20.02 20.46 20.20 18.37 16.48 15.06 13.66 12.75 12.56 11.36  9.67  8.74
 1.31  2.41  4.13  4.76  5.05  5.31  5.63  7.38  8.19  9.59  9.06  8.62
traj-34:
21.68 21.76 22.27 22.46 21.98 21.77 21.85 21.91 22.19 22.15 22.45 22.31 21.45 20.51 18.72 18.15 17.85 16.47 16.19 15.89 13.97 13.08 11.84  9.88  8.39  7.62
 0.49  0.78  2.67  4.50  5.26  7.18  8.46  9.52 11.49 12.42 13.85 15.79 16.61 17.28 18.14 18.31 18.37 18.70 18.79 18.86 18.95 19.06 19.16 19.48 19.72 19.87
traj-35:
22.75 22.56 22.32 22.15 21.99 22.08 21.52 21.62 21.97 22.70 22.74 22.97 24.91 26.35 28.26 29.23 30.40
 1.55  1.94  3.67  4.95  6.59  7.75  9.47 11.29 12.76 14.45 14.75 14.86 14.74 14.97 15.49 17.07 18.03
traj-36:
22.22 21.43 20.43 18.99 18.70 16.95 15.07 13.36 12.34 11.09
 1.55  2.49  3.88  5.01  5.06  5.34  5.24  5.02  4.75  4.62
traj-37:
21.78 21.73 21.42 21.40 21.24 21.29 21.21 21.13 21.23 21.18 21.06 21.00 20.85 19.50 18.03 16.19 14.50 12.88 11.65
 1.10  1.68  3.38  5.16  7.05  7.92  9.64 10.41 12.19 12.86 14.42 15.79 17.36 18.52 18.69 18.90 19.63 20.10 20.62
traj-38:
22.18 22.09 21.90 21.72 21.73 21.98 22.02 22.08 22.10 22.24 22.84 24.32 26.10 28.01 28.89 29.80 30.84 31.51
 0.76  2.06  3.59  5.10  6.94  8.90  9.85 10.98 12.86 14.76 14.70 14.61 14.54 14.62 15.58 16.60 17.87 18.31
traj-39:
22.66 22.34 21.98 20.57 19.37 18.24 16.48 15.65 13.79 13.51 12.23 11.19 10.28  8.41  7.09
 1.34  3.22  5.09  6.46  5.34  5.13  5.15  5.25  5.76  5.88  7.40  9.08  9.71  9.79  9.35
traj-40:
21.57 21.35 21.41 21.79 22.14 22.43 22.31 22.15 22.01 21.78 21.74 21.25 21.02 19.25 17.49 15.76 14.90 13.14 12.60
 0.75  2.39  3.21  5.08  6.19  8.15  9.55 10.64 12.41 13.53 15.00 16.88 17.40 18.19 18.21 18.14 18.14 17.87 17.78
traj-41:
22.69 22.54 22.25 22.25 22.28 22.30 22.33 22.41 23.59 24.60 26.06 27.63 28.07 28.80 29.13 28.60 28.64 28.65 28.47 28.40 28.26 28.66 29.24 30.14 30.80
 1.84  3.39  5.25  7.15  8.54  9.80 11.46 13.38 14.05 14.11 14.15 14.90 15.24 16.64 17.32 19.23 21.22 23.17 24.38 26.06 27.60 29.41 30.58 32.20 32.97
traj-42:
20.14 20.44 20.97 19.46 18.87 17.09 15.44 14.29 12.89 11.61 10.43  9.36  7.52  6.41  5.59  4.25
 0.97  1.49  2.86  4.04  4.16  5.01  5.05  5.07  5.20  5.85  6.83  7.59  8.07  7.66  7.40  6.99
traj-43:
20.83 20.85 20.81 20.87 20.98 20.75 20.80 20.69 20.76 20.81 20.57 20.49 20.24 19.20 18.03 16.87 14.99 13.25 12.42 10.48  8.71  7.41  6.04  5.16
 0.86  1.46  3.24  5.13  6.30  7.91  8.62 10.37 12.26 12.78 14.42 15.51 17.35 18.18 18.38 18.56 19.03 19.27 19.16 19.28 19.28 19.18 19.09 19.06
traj-44:
22.55 22.49 21.89 21.86 21.87 21.91 21.82 21.82 21.97 22.39 22.49 22.73 24.29 24.87 26.62 28.38 28.26 28.48 28.81 28.90 29.59 31.02 31.27 32.90 33.15
 1.15  1.67  3.36  4.67  6.51  7.36  8.68  9.63 10.16 12.09 12.66 14.28 14.50 14.48 14.41 15.21 17.11 19.06 20.37 21.19 22.41 23.38 23.55 24.53 24.70
traj-45:
21.32 21.45 21.73 21.27 20.73 18.97 16.98 15.07 14.27 12.60 11.20
 0.87  1.14  2.99  4.65  5.91  5.59  5.39  5.27  5.35  6.31  6.87
traj-46:
21.52 21.80 21.65 21.37 21.11 21.03 20.81 20.59 20.33 20.54 20.95 19.34 17.61 16.73 15.62 14.82 13.86 12.79 11.64  9.82
 1.45  3.40  5.34  7.32  9.03  9.90 11.27 12.47 14.38 16.12 17.91 18.64 18.93 18.92 20.09 20.72 20.53 20.40 20.27 20.05
traj-47:
20.38 20.76 20.98 21.31 21.57 21.84 21.94 21.97 22.31 21.92 22.08 23.02 24.76 25.64 27.10 28.61 29.06 28.33 28.43 28.93 30.18 31.22
 0.92  2.82  4.19  5.95  6.87  8.19  9.00 10.22 11.71 13.66 13.90 14.47 14.65 14.75 14.96 16.23 18.16 19.76 21.00 22.03 22.60 23.27
traj-48:
20.27 20.96 21.36 20.01 18.19 16.33 14.41 12.69 11.10 11.20
 1.61  3.28  4.44  5.48  5.14  5.11  5.39  5.83  4.72  4.43
traj-49:
21.09 21.91 22.23 22.24 22.32 22.31 21.43 21.11 21.74 22.28 22.05 20.99 19.40 17.66 15.92 14.71 14.11 12.98 12.24 10.84 10.30  8.49
 1.46  2.84  4.72  5.57  7.19  8.83 10.47 12.39 13.47 14.24 15.87 17.17 18.23 18.49 18.72 19.24 19.64 20.37 20.53 21.09 21.10 21.69
traj-50:
21.01 21.75 22.39 22.20 22.02 21.32 21.21 20.77 20.64 20.89 22.41 23.60 25.36 27.09 28.49 28.52 28.82 28.66 28.41 28.43 29.52 29.76 31.05 31.95 32.30 33.45 33.92 34.22
 1.33  2.69  4.33  6.20  7.55  9.11  9.84 10.64 12.45 13.94 14.27 14.52 14.40 14.29 15.58 15.88 17.79 18.53 20.16 22.07 23.66 23.84 25.28 26.97 27.43 28.61 29.26 30.06
traj-51:
21.99 21.58 21.23 20.05 19.84 19.45 17.77 15.82 14.16 12.55 12.53 11.69 10.44  8.79  7.17  6.46  4.58
 1.98  2.37  2.79  3.82  5.19  5.44  5.07  5.40  5.70  6.78  6.86  8.64  9.16  8.26  8.28  8.08  7.82
traj-52:
22.00 21.62 21.36 21.36 21.28 21.39 21.50 21.60 21.86 22.12 21.97 21.91 20.44 18.72 17.25 16.96 15.42 15.19 13.67 13.47
 0.50  2.32  3.82  4.94  6.77  7.83  9.31 10.35 12.32 14.03 15.82 16.74 18.08 18.47 18.72 18.79 19.67 19.86 21.12 21.34
traj-53:
21.23 20.99 20.65 20.48 20.29 20.19 20.23 20.19 20.64 21.86 23.71 25.44 26.59 27.93 29.50 29.99 30.18 30.19 30.90 30.73 31.52 31.53 31.52
 0.62  1.89  3.57  5.25  6.87  8.69 10.49 11.56 12.56 13.57 14.19 14.11 14.07 14.29 15.19 16.27 18.06 20.02 20.75 22.24 24.05 25.81 26.21
traj-54:
20.67 20.50 20.47 20.12 18.58 16.71 15.08 13.96 12.33 11.99 10.59  9.23
 0.81  2.41  3.02  4.63  4.99  5.27  5.56  5.90  6.96  8.07  8.78  8.65
traj-55:
21.91 21.80 21.83 21.79 22.20 22.20 22.06 22.06 21.72 21.68 21.16 21.07 20.12 18.38 17.51 16.75 15.55 15.47
 1.40  2.92  3.80  5.63  6.42  8.41  9.40 10.95 12.91 13.69 15.58 15.87 17.61 18.39 18.58 18.74 19.63 19.92
traj-56:
20.52 20.66 21.30 21.35 21.53 21.74 22.05 22.19 22.34 22.59 22.68 23.61 24.46 26.45 28.13 29.84 30.83 32.28 33.13
 1.25  1.51  3.18  5.14  6.16  7.71  8.92 10.76 11.33 11.88 13.77 14.24 14.27 14.38 15.18 15.80 15.94 16.27 16.01
traj-57:
21.03 20.10 18.88 18.29 16.57 14.84 13.72 12.19 11.12 10.57  8.62  8.35
 1.99  3.40  4.80  4.88  5.09  5.34  5.48  6.69  7.95  8.55  8.27  8.13
traj-58:
21.41 21.37 21.27 21.23 21.25 21.26 21.20 21.14 21.07 21.03 20.93 20.96 20.90 19.40 19.10 17.38 16.24 14.66 13.22 11.35 10.07  8.67
 1.36  2.79  4.77  5.55  6.80  8.43  9.42 10.29 10.89 12.88 14.69 15.52 16.99 18.07 18.09 18.45 18.69 19.43 20.04 20.45 20.63 20.98
traj-59:
21.19 21.22 21.35 21.72 21.90 22.15 22.27 22.19 21.98 22.71 23.65 25.10 27.07 28.03 28.01 28.08 28.35 28.33 28.60 28.64
 0.43  2.17  3.38  5.29  5.84  7.82  9.38 11.33 12.95 14.53 14.44 14.38 14.55 16.30 16.85 18.84 20.56 21.61 23.50 23.80
traj-60:
20.49 20.71 20.27 19.12 17.66 15.87 13.92 12.37 12.00 10.17  9.43  9.07
 1.27  3.00  4.80  4.97  5.16  5.52  5.59  6.69  7.14  7.13  5.52  4.86
traj-61:
22.36 22.30 22.37 22.46 22.51 22.62 22.54 22.13 21.48 21.30 21.01 21.46 20.62 20.07 18.69 17.81 16.04 14.57 12.76 11.22 10.03  8.55
 1.88  2.44  4.31  5.47  6.33  8.02  9.64 11.21 12.81 13.05 13.34 15.27 17.05 17.63 18.24 18.28 18.38 19.08 19.83 20.72 21.00 21.31
traj-62:
22.45 22.55 22.57 22.38 22.06 21.90 21.82 21.94 22.10 23.67 25.44 26.33 28.16 29.13 30.64 31.45 33.06 34.29
 1.18  2.59  4.55  6.53  7.51  9.36 10.92 12.91 13.09 14.22 14.23 14.21 14.63 15.99 17.27 17.67 18.64 17.28
traj-63:
21.79 21.11 20.61 19.80 18.23 17.66 15.78 14.64 13.75 12.12 12.02 10.62 10.10  8.54  6.68
 1.21  2.60  3.40  4.74  5.30  5.43  5.90  5.90  5.92  6.98  7.57  8.83  8.92  9.17  9.65
traj-64:
22.57 22.35 21.94 21.34 20.45 21.34 21.64 21.68 21.29 20.70 20.48 20.09 19.56 17.88 16.42 15.09 13.43 11.78 10.54
 1.68  3.31  5.08  5.80  7.59  9.04  9.53 11.50 12.43 14.04 15.89 17.57 18.05 18.43 18.68 19.61 20.70 21.54 22.27
traj-65:
22.76 21.86 21.98 21.71 21.82 21.94 21.96 22.04 22.15 22.47 23.64 24.25 26.23 27.73 28.90 29.57 30.52 30.27 30.08 29.98 30.73 31.10 31.76 32.60 32.93
 0.86  1.66  3.57  4.80  6.31  7.72  9.34 10.11 11.55 13.41 14.07 14.13 14.28 14.84 16.14 16.94 18.07 19.63 21.27 22.15 23.85 25.22 27.06 28.79 29.54
traj-66:
21.76 21.69 21.57 21.10 19.70 18.85 17.12 15.66 14.81 13.15 11.83 10.29  8.61  6.83
 1.29  2.00  3.86  4.84  5.54  5.61  5.63  5.74  5.82  5.92  6.30  6.91  7.49  7.23
traj-67:
22.32 22.24 21.64 21.77 21.69 21.57 21.56 21.56 21.95 22.34 22.00 20.85 20.09 18.50 16.74 16.44 15.53 14.72 12.92 11.72 10.22  8.37  6.93
 1.22  1.93  3.24  4.42  5.26  6.99  8.20  9.87 11.80 13.46 15.40 17.00 17.68 18.44 18.72 18.75 19.67 20.28 20.47 20.09 19.85 19.45 19.15
traj-68:
21.82 21.42 21.82 21.98 22.08 22.26 21.83 22.10 22.65 22.87 24.19 25.91 27.07 28.14 28.27 28.31 28.57 29.50 30.72 30.93
 1.38  3.16  5.07  6.97  8.06  9.99 11.33 13.25 13.93 14.14 14.23 14.30 14.53 15.98 17.95 18.83 20.20 21.05 22.23 22.45
traj-69:
20.69 20.94 21.43 21.89 20.51 19.38 18.23 17.20 16.05 14.15 13.86 12.14 10.65 10.27  8.47  6.64  5.36
 1.44  1.98  3.45  5.18  6.29  5.58  5.13  5.07  5.09  5.28  5.34  5.47  6.71  7.16  7.62  7.03  6.51
traj-70:
21.11 21.55 21.93 21.91 21.89 21.84 21.86 21.88 21.83 21.69 21.64 21.99 21.57 20.40 18.71 16.97 15.37 13.55 11.79 10.47  8.79  6.92
 1.83  2.24  4.12  4.42  6.24  7.31  8.86  9.96 11.53 13.37 14.36 16.12 17.04 18.05 18.37 18.52 18.66 18.68 18.70 18.81 18.85 18.80
traj-71:
22.12 22.13 22.15 22.14 22.07 22.10 22.11 22.10 22.26 23.93 25.69 27.67 29.16 30.68 32.11 33.06
 1.39  2.63  4.56  5.00  6.78  8.76  9.63 11.50 13.27 14.24 14.42 14.68 14.88 14.05 14.05 14.03
traj-72:
21.40 21.54 21.47 20.73 19.74 17.91 16.01 14.87 13.14 12.39 10.83 10.56  8.89  7.20
 1.46  2.03  3.73  5.31  5.52  5.15  5.35  5.51  5.81  6.26  6.95  7.08  8.08  9.07
traj-73:
20.14 20.66 21.35 21.94 22.04 21.93 21.81 21.93 22.08 22.00 21.75 21.54 21.26 19.92 18.27 17.09 15.92 14.20 12.70 10.90  9.99  8.49
 1.05  2.40  4.26  5.99  7.07  8.89 10.54 12.31 13.07 14.94 15.11 15.32 17.14 18.24 18.68 18.75 18.77 18.67 18.66 18.62 18.41 18.13
traj-74:
22.12 21.96 21.97 21.99 22.10 22.04 21.50 21.79 22.21 23.54 25.43 27.33 28.05 29.16 29.30 29.64 30.10 29.67 29.08 28.32 28.70 29.02 29.32
 0.95  2.93  4.03  5.81  7.17  8.73 10.53 12.06 13.74 14.42 14.45 14.63 15.07 16.44 17.02 18.84 20.58 21.57 23.10 24.88 26.29 27.33 28.36
traj-75:
21.80 21.66 21.61 20.66 19.33 17.61 16.73 15.29 13.64 12.44 10.88  9.89  8.13  7.09  6.03  4.35  4.12
 1.05  2.80  3.25  4.58  5.18  5.41  5.44  5.69  5.91  6.55  7.61  8.27  8.46  8.11  7.83  7.15  6.95
traj-76:
21.13 21.57 22.37 22.22 21.86 21.29 21.06 20.70 20.58 20.67 21.06 21.72 20.06 18.63 16.73 15.63 14.17 12.48 10.79  9.53  7.67  6.21  5.36
 0.83  1.75  3.38  5.29  7.15  8.99 10.30 11.80 13.28 14.11 15.55 17.39 18.41 18.37 18.64 19.29 20.61 21.17 21.11 21.45 21.63 22.34 22.37
traj-77:
22.48 22.35 22.18 21.95 21.73 21.32 21.66 22.02 22.01 21.77 22.35 23.78 24.93 26.63 27.19 28.01 28.24 28.61 29.17 30.42 31.35 31.80 33.03
 1.96  2.71  4.60  6.45  6.94  8.88  9.97 11.40 12.21 13.96 14.39 14.29 14.32 14.47 14.53 15.71 17.19 18.96 19.79 21.21 22.28 22.78 24.23
traj-78:
22.54 21.70 21.46 19.91 18.14 16.70 15.57 14.19 12.47 12.21 10.88 10.50  8.61  7.10
 1.47  3.25  4.35  5.18  5.06  5.18  5.28  5.42  6.35  6.51  7.85  8.16  8.62  8.57
traj-79:
20.64 20.81 21.87 21.92 22.08 22.10 22.07 22.09 22.23 22.34 22.38 21.81 21.18 19.78 18.34 16.58 16.42 15.11 14.34 12.93 11.52
 1.35  1.59  3.25  3.83  5.74  7.42  8.48 10.42 11.82 13.45 15.04 16.19 17.14 18.28 18.25 18.36 18.62 18.80 18.89 19.04 19.25
traj-80:
22.32 22.07 21.96 21.81 21.63 21.37 21.43 21.48 21.32 21.46 21.80 23.57 25.33 25.90 27.37 28.33 28.35 29.98 30.46 32.27 32.81
 0.95  2.75  3.51  4.82  6.44  8.30  9.46 10.45 11.16 12.92 13.40 14.19 14.46 14.53 14.87 16.39 17.23 18.34 18.88 19.54 19.72
traj-81:
21.72 21.88 22.03 22.00 20.24 18.44 16.70 16.40 14.43 13.84 12.12
 1.57  2.68  4.35  5.20  5.85  5.05  5.26  5.30  5.50  5.56  5.84
traj-82:
22.71 22.24 22.04 21.54 21.32 21.31 21.57 21.60 21.19 21.51 21.41 21.18 19.76 17.79 16.32 14.45 12.79 11.29 10.29  8.46  7.72
 1.53  3.10  3.92  5.77  6.92  8.25  8.92 10.73 12.46 14.01 15.93 17.11 18.11 18.42 18.41 18.30 18.02 17.72 17.70 17.57 17.73
traj-83:
22.80 22.04 21.16 21.06 20.51 20.31 20.46 20.96 21.15 21.91 23.78 24.64 26.39 27.51 29.14 30.84 32.20
 0.72  2.12  3.48  5.48  7.03  9.01  9.58 11.43 11.97 13.79 14.28 14.27 14.25 14.19 14.62 14.93 15.32
traj-84:
22.11 21.90 21.55 21.36 20.10 18.38 17.89 15.94 15.06 13.16 12.17 10.98 10.10
 1.22  2.34  3.94  4.74  5.92  5.10  5.09  5.29  5.48  5.88  7.35  8.85  9.98
traj-85:
21.83 21.30 21.24 21.21 21.09 20.97 20.76 20.77 21.16 21.15 21.12 21.56 21.00 19.72 17.91 16.46 14.92 14.36
 1.56  2.87  3.93  5.61  7.04  8.13  9.42 11.39 12.30 13.17 15.03 15.80 17.67 18.38 18.61 18.70 19.39 19.56
traj-86:
21.71 21.19 21.73 21.94 22.02 21.99 22.06 22.08 22.48 23.85 24.43 26.16 27.83 29.08 28.63 28.49 28.55 28.76 29.03 29.69 30.47 31.30 32.46 33.25 33.77 34.29
 1.08  2.97  4.30  6.22  7.10  8.93  9.81 11.52 13.23 14.23 14.25 14.07 14.31 15.78 17.07 18.31 19.66 21.30 22.92 24.13 25.45 27.25 28.79 29.69 31.06 32.07
traj-87:
22.27 22.00 21.31 21.38 19.58 17.90 16.77 14.86 14.11 12.45 10.49  9.90
 1.81  2.28  3.71  5.38  5.49  5.09  5.13  5.13  5.31  5.77  5.56  4.47
traj-88:
20.66 20.78 21.39 21.72 22.19 22.38 22.28 22.05 21.80 20.31 20.21 20.14 20.12 18.30 17.43 15.87 14.26 13.98 12.07 11.79 10.13  9.59  7.75  5.84
 1.97  2.25  4.10  5.41  7.07  8.13  9.96 11.38 12.93 14.18 15.36 17.09 17.39 18.13 18.22 18.46 18.77 18.87 19.44 19.56 20.04 20.23 20.71 21.10
traj-89:
20.06 20.79 21.24 21.56 22.01 22.11 22.24 22.35 22.71 22.83 23.03 24.77 26.52 28.46 30.37
 1.93  3.38  4.17  5.40  7.09  8.49 10.13 11.78 13.52 14.46 14.24 14.11 14.29 14.45 14.90
traj-90:
21.63 20.62 20.03 18.30 16.67 16.37 14.41 12.54 11.37 10.21  9.85  9.75
 1.76  3.28  4.08  4.59  5.02  5.03  5.13  5.68  6.40  7.26  9.05  9.33
traj-91:
21.32 21.41 21.60 21.74 21.88 21.96 22.07 22.18 22.37 22.48 22.57 21.79 21.70 20.33 19.76 17.81 16.69 15.48 15.03 14.38
 1.65  3.00  4.71  6.68  8.07  9.37 10.71 11.76 13.69 13.97 14.38 15.98 17.01 18.18 18.34 18.66 18.74 19.98 20.75 21.69
traj-92:
22.19 21.78 21.86 21.89 21.90 21.91 21.87 21.91 21.99 22.15 22.27 23.39 24.52 25.96 27.39 29.08 29.69
 1.51  3.12  4.46  6.15  6.93  8.60  9.37  9.72 10.56 12.38 13.42 14.05 14.27 14.34 14.50 13.79 12.33
traj-93:
20.95 21.52 22.12 22.28 21.54 19.58 18.39 16.55 15.48 14.10 12.45 10.65
 1.18  2.44  3.38  3.96  5.78  5.52  5.26  4.88  4.68  4.80  5.12  5.84
traj-94:
22.12 22.25 22.21 22.17 22.11 22.00 21.99 21.93 22.11 22.10 21.42 20.02 18.92 17.76 16.16 14.88 13.25 12.72 11.02 10.72
 1.71  3.10  5.03  5.58  7.19  8.53 10.37 11.49 13.21 15.16 16.67 17.93 18.05 18.19 18.38 18.20 18.02 17.89 17.62 17.61
traj-95:
22.24 21.83 21.63 21.71 21.54 21.41 21.73 21.43 21.98 22.34 23.52 24.99 26.15 27.02 28.29 28.19 28.62 29.04 29.50
 1.21  2.26  4.17  5.50  6.95  8.29 10.01 11.08 12.83 13.52 14.18 14.28 14.36 14.44 15.59 16.32 17.88 18.87 20.17
traj-96:
22.13 21.47 20.38 19.10 18.05 17.05 15.40 13.97 12.25 11.60  9.71  8.85
 1.60  2.69  3.64  4.58  4.86  5.13  5.53  5.86  6.72  7.23  7.14  6.23
traj-97:
21.86 22.00 22.15 22.14 22.13 22.18 22.26 22.17 22.21 22.27 21.64 20.88 20.29 18.96 17.21 16.05 15.12 13.80 12.31 10.61  9.68  8.21
 1.44  2.21  4.17  4.47  6.25  6.55  8.46  9.84 11.44 12.49 14.30 16.14 17.63 18.05 18.37 18.52 19.09 19.70 20.34 21.09 21.53 22.15
traj-98:
21.69 21.85 21.95 22.17 21.82 21.81 21.84 22.50 22.46 23.95 25.39 27.32 28.14 28.66 29.23 30.16 30.70
 1.92  3.84  5.22  6.81  8.66 10.55 11.23 12.96 13.67 14.69 14.58 14.78 15.44 17.24 18.90 19.96 20.37
traj-99:
22.19 20.86 20.11 18.44 18.14 16.38 15.78 14.17 12.52 11.05  9.49  7.88  7.18  5.74  5.72  4.15
 1.97  3.07  3.35  4.02  4.06  4.22  4.23  4.36  4.61  5.05  5.78  6.50  7.54  8.77  9.37 10.50
traj-100:
20.42 20.55 21.30 22.01 22.00 21.83 21.80 21.78 21.80 22.04 22.21 22.27 22.12 21.31 19.45 18.00 16.01 14.11 12.18 10.47
 0.84  1.11  2.71  4.32  5.15  6.96  7.74  9.14 11.09 12.19 13.35 14.95 16.92 17.84 18.02 18.09 18.28 18.43 18.22 18.07
traj-101:
21.67 21.66 21.32 21.62 21.96 22.07 22.17 22.37 22.01 21.95 21.41 22.11 22.68 23.02 24.43 26.14 26.44 28.27 29.64 30.44 31.87
 0.40  0.71  2.65  3.61  4.71  5.76  7.62  9.07 10.67 11.17 13.04 14.07 14.24 14.99 14.88 14.93 14.95 15.50 16.36 17.09 18.01
traj-102:
20.01 20.19 19.07 17.33 16.49 14.78 12.88 11.37  9.66  8.86  7.74  5.83  4.02
 1.83  3.67  4.99  5.05  5.25  5.63  5.89  6.74  7.63  8.12  8.56  8.89  8.41
traj-103:
22.78 22.59 21.76 21.97 22.16 22.38 22.57 22.78 22.75 22.67 21.65 21.93 21.85 20.40 19.25 18.10 16.63 15.10 14.20 12.96 11.33 10.83  8.97  8.17  6.37  5.04
 0.86  1.27  2.91  4.52  5.99  7.45  8.29 10.00 11.65 12.80 14.24 15.68 17.65 18.06 18.26 18.21 18.16 19.27 20.15 20.83 20.87 21.04 21.64 21.77 22.03 22.26
traj-104:
21.32 21.40 21.45 21.63 22.12 22.46 22.49 22.28 22.08 22.58 23.87 25.03 26.49 27.06 28.88 30.35 31.88
 1.20  1.78  3.49  5.31  7.02  8.43 10.28 11.06 12.84 13.90 14.77 14.74 14.66 14.65 15.34 15.96 16.41
traj-105:
20.55 21.22 21.46 20.20 18.34 16.50 14.82 13.12 12.83 11.22 10.20  8.74
 1.34  2.82  3.26  4.71  5.14  5.23  5.39  5.75  5.81  6.48  7.46  8.51
traj-106:
20.09 21.19 21.55 21.40 21.03 20.91 21.08 21.45 21.65 21.80 21.42 21.60 21.41 20.18 18.80 17.35 15.49 14.23 13.41 12.36
 1.53  3.07  4.80  5.80  6.79  7.33  9.10 10.69 11.32 12.72 14.23 15.24 17.21 18.20 18.61 18.68 18.89 19.64 20.10 20.75
traj-107:
22.35 22.29 22.28 22.20 21.88 21.96 22.00 22.19 22.23 21.70 23.55 24.70 25.84 27.21 28.01 28.82 28.60 28.32 28.15 29.01 30.42 30.48 30.75 30.96
 1.26  2.33  4.30  5.74  7.38  8.97 10.03 11.74 12.50 14.33 14.41 14.41 14.47 14.57 15.68 17.33 19.21 19.33 20.78 22.57 23.77 24.35 26.08 26.30
traj-108:
21.67 21.64 21.72 21.13 19.33 17.43 15.60 14.00 12.34
 1.41  3.38  3.95  5.80  5.23  5.11  5.18  5.13  5.47
traj-109:
21.48 22.08 22.32 22.31 22.25 22.20 22.13 22.21 22.32 21.64 20.91 20.56 19.53 17.84 16.98 15.55 13.84 12.46 10.87  9.04
 1.49  3.16  5.11  7.05  8.96 10.66 11.48 13.47 14.41 15.71 16.21 17.45 18.33 18.68 18.89 19.93 20.83 21.08 20.97 21.28
traj-110:
21.25 21.83 22.08 21.89 21.94 22.03 21.95 21.90 21.21 20.61 21.03 21.85 23.53 23.80 25.62 27.49 29.32 30.56 31.83
 1.76  3.25  4.09  5.89  7.66  8.24 10.05 10.55 11.94 13.72 14.15 15.49 14.73 14.60 14.63 14.84 15.14 15.33 15.10
traj-111:
21.71 21.15 20.56 19.49 18.09 17.49 15.78 14.41 13.24 12.47 11.06 10.27  8.64  6.84
 1.15  2.70  4.23  5.18  5.37  5.39  5.67  5.85  5.98  6.46  7.72  8.16  9.04  8.82
traj-112:
21.58 21.62 21.70 21.76 21.88 22.00 22.04 21.60 21.28 21.02 21.08 19.66 17.90 16.45 15.80 14.68 13.75 11.80 10.00  8.95
 1.77  2.85  4.43  5.45  7.21  9.16 10.93 12.65 14.41 16.39 16.92 18.26 18.53 18.76 19.21 20.00 19.56 19.13 18.52 18.14
traj-113:
22.29 22.15 22.10 21.99 22.02 22.13 22.07 22.06 22.05 22.16 22.22 21.99 23.37 25.36 26.78 28.61 29.93 30.43 31.44
 0.70  1.43  3.24  3.99  4.25  6.13  8.04  9.50 10.15 11.92 13.03 14.56 14.72 14.58 14.30 13.50 12.93 12.67 12.16
traj-114:
20.53 20.49 20.42 20.25 18.72 17.00 15.03 13.91 12.31 10.92
 0.73  1.41  3.34  3.80  5.03  4.84  4.81  5.20  5.77  6.62
traj-115:
20.63 20.66 20.76 20.58 20.47 20.67 20.48 20.21 20.51 20.33 20.41 20.24 20.18 19.16 17.39 16.51 15.43 15.08 13.52 12.18 10.45  9.01
 1.32  2.32  3.68  5.54  7.47  9.37 10.34 10.97 12.59 14.48 15.22 16.79 17.38 18.18 18.27 18.28 19.46 19.92 20.97 21.34 22.11 22.15
traj-116:
21.92 21.78 21.84 21.86 21.96 21.94 22.01 22.11 22.03 23.45 24.05 25.80 27.60 28.83 30.65
 0.85  2.53  4.27  6.22  7.95  9.35 11.24 12.30 13.83 14.61 14.60 14.62 14.81 15.09 15.43
traj-117:
21.92 21.31 19.79 18.35 16.37 14.71 13.88 12.42 11.20 10.64  8.95  8.10
 1.63  3.25  4.50  4.70  4.89  5.13  5.23  6.52  7.52  7.99  7.30  6.70
traj-118:
21.86 21.91 21.85 21.84 21.97 21.95 21.96 21.98 22.10 21.48 21.19 20.21 18.53 16.78 15.38 14.61 13.75 12.03 10.19  8.24  7.11  5.50
 1.83  3.24  4.26  5.32  7.02  8.86 10.49 12.15 13.66 15.13 16.02 17.47 18.18 18.25 19.30 19.58 20.02 20.99 21.67 21.98 22.11 22.44
traj-119:
21.84 21.26 20.98 20.94 21.00 21.22 21.55 21.70 21.00 20.75 20.60 21.38 22.98 23.04 24.79 25.93 27.08 28.24 29.09 29.46 29.99 30.68 31.32 32.13 32.68 33.39 34.22
 0.78  1.29  3.14  3.64  5.06  6.05  7.77  9.69 10.11 10.75 12.58 13.42 14.42 14.71 14.76 14.81 14.81 16.41 18.10 18.76 20.25 21.66 22.78 24.49 25.54 26.99 28.81
traj-120:
21.03 21.14 22.04 21.62 21.57 19.90 17.98 16.90 15.03 14.46 12.76 12.07 10.88  9.93  8.55  6.86  5.72
 0.80  1.08  2.70  4.02  4.94  5.54  5.23  5.05  4.64  4.49  4.24  4.37  5.60  6.62  6.08  5.33  4.59
traj-121:
21.10 21.25 21.61 22.12 22.06 21.44 20.75 21.00 21.47 22.07 22.34 21.82 20.30 19.44 17.97 15.97 15.54 13.81 12.18 10.79
 0.55  1.09  2.58  4.09  6.04  7.88  9.32 11.10 12.42 14.18 15.76 17.64 18.75 18.73 18.66 18.69 18.83 18.70 18.60 18.53
traj-122:
20.51 20.80 21.25 21.70 21.92 21.99 21.93 22.08 22.19 21.82 21.80 22.53 24.34 25.49 27.23 28.92 29.31 28.56 28.53 28.29
 1.47  2.61  4.47  6.25  7.97  9.31  9.46 11.02 11.77 13.72 13.97 14.20 14.34 14.23 14.08 14.54 15.07 16.87 18.23 19.92
traj-123:
21.63 22.52 22.53 22.09 21.97 20.33 19.64 17.88 16.48 15.15 13.52 12.52 11.28 10.92
 1.06  2.79  3.09  4.99  5.27  5.86  5.35  5.16  5.13  5.08  5.43  6.11  7.35  7.71
traj-124:
21.57 22.13 22.14 21.96 21.89 21.90 22.05 22.13 21.70 21.61 21.36 19.95 18.51 17.03 15.68 15.39 13.59 12.57 10.93  9.18  7.43  7.06  5.33
 1.15  2.52  4.37  6.17  8.02  9.95 11.81 12.40 14.29 15.57 16.92 18.29 18.38 18.43 18.65 18.72 19.35 19.62 20.00 20.54 20.84 20.93 21.22
traj-125:
21.51 21.74 21.99 22.22 22.39 22.08 21.86 21.01 20.72 20.67 20.91 21.86 23.69 25.45 27.19 28.24 28.24 28.23 28.36 28.67 29.00 29.37 30.06 30.98 31.45 32.30 32.80 33.78
 0.92  2.72  4.15  5.26  6.36  8.27  8.78 10.51 11.29 13.19 13.73 15.08 14.45 14.32 14.09 15.52 15.82 17.65 19.43 21.30 22.92 24.41 26.23 27.67 28.74 30.26 31.00 32.09
traj-126:
20.25 20.11 19.08 17.64 16.47 14.50 13.63 12.02 10.67 10.95 11.84
 1.88  3.22  4.19  4.18  4.26  4.47  4.56  5.33  6.22  8.19  8.56
traj-127:
22.20 21.87 21.47 21.41 21.16 20.80 20.62 20.38 20.40 20.44 20.34 20.46 20.55 20.35 19.12 17.67 16.52 15.77 13.96 12.45 10.81  9.71  8.09
 0.46  1.81  3.57  3.93  5.65  7.50  8.74 10.64 11.20 12.13 13.25 15.22 17.00 17.69 18.60 18.78 18.90 19.31 19.73 19.24 18.74 18.39 17.80
traj-128:
21.31 21.51 21.44 21.52 21.78 21.98 22.02 21.96 22.45 23.76 24.18 25.92 26.79 28.57 29.93 30.71 32.29 32.83
 0.64  2.62  4.53  5.70  7.30  8.30  9.98 11.43 13.22 14.14 14.15 14.16 14.10 14.61 15.87 17.13 18.24 18.49
traj-129:
22.49 21.62 20.27 19.11 17.29 15.95 14.14 13.30 11.56 10.51
 1.28  2.76  3.57  4.39  4.85  5.15  5.56  5.86  6.36  6.79
traj-130:
20.29 20.52 20.81 21.06 21.12 21.21 21.47 21.63 21.93 22.02 22.17 22.04 21.07 19.89 18.29 16.52 15.92 14.03 12.27 11.81 10.41  8.67  6.97
 0.71  1.79  3.57  4.61  6.29  7.71  9.62 11.03 12.69 13.47 14.91 16.01 17.69 18.07 18.33 18.30 18.33 18.79 19.46 20.84 22.17 22.15 22.51
traj-131:
22.35 22.61 22.53 22.39 22.26 22.21 22.07 21.95 21.91 22.42 23.52 25.28 27.27 28.12 28.35 29.52 30.03 30.49 30.98 31.20 31.78 32.76 33.58 34.24 34.35 34.45
 1.19  2.71  4.12  5.21  6.51  7.36  8.87 10.39 11.45 13.35 14.16 14.23 14.35 15.83 16.09 17.65 19.52 21.34 22.63 23.60 24.92 26.60 28.15 30.02 30.60 32.08
traj-132:
20.26 20.70 20.17 18.30 16.39 14.68 13.53 11.96 11.19  9.66  9.41  7.81  7.05
 1.82  2.56  4.39  5.07  5.28  5.58  5.63  6.80  7.19  8.09  8.25  7.21  6.48
traj-133:
21.24 21.35 21.43 21.56 21.67 21.83 21.94 22.05 22.23 22.26 22.39 22.07 22.05 21.43 19.79 18.65 17.21 16.32 14.50 12.79 11.10  9.18  8.03
 0.67  2.35  4.09  5.32  6.84  8.69  9.45 10.03 11.98 12.28 14.11 15.70 16.27 17.64 18.37 18.55 18.71 18.82 19.59 19.95 19.89 19.52 19.34
traj-134:
22.02 21.70 21.73 21.67 21.67 21.76 22.02 22.13 22.79 23.03 24.46 25.90 27.62 27.91 29.75 31.32 32.89 33.38
 1.83  2.94  4.89  5.45  7.43  9.42 11.32 12.08 13.85 14.02 14.15 14.27 14.55 14.63 14.89 15.25 15.63 15.80
traj-135:
22.42 21.95 20.75 20.26 18.65 18.36 16.46 15.90 14.07 12.13
 0.88  2.39  3.58  3.85  4.63  4.69  5.02  5.19  5.20  5.07
traj-136:
22.31 22.08 21.90 21.83 21.78 21.75 21.62 21.57 21.35 21.38 21.65 21.76 21.45 20.03 18.40 16.94 15.73 15.21 13.94 11.99 10.91
 1.45  3.18  5.09  6.13  7.96  8.93  9.97 11.20 12.95 13.29 13.82 15.80 16.82 17.72 18.05 18.23 19.04 20.08 21.42 21.75 21.96
traj-137:
21.65 21.55 21.58 21.44 21.68 21.81 21.61 21.76 22.01 22.20 23.76 25.55 27.35 28.10 29.59 29.79 30.00 31.38 32.04 32.25 32.72 33.36 33.37
 1.17  1.38  3.30  4.29  6.20  7.35  9.28 10.33 11.76 13.18 14.06 14.18 14.36 14.46 15.75 17.51 18.87 20.26 21.49 22.12 23.86 25.34 25.78
traj-138:
22.32 22.55 22.61 22.46 21.40 20.45 19.49 17.69 15.78 14.62 13.04 12.84 11.72
 1.02  2.86  3.16  5.08  6.54  6.77  5.43  5.06  4.82  4.89  5.61  5.83  6.82
traj-139:
21.58 21.46 21.36 21.30 21.53 21.97 22.08 22.16 22.21 21.75 21.60 21.26 19.63 18.45 16.71 15.48 14.52 12.84 11.31  9.50  7.89
 1.29  2.78  4.08  6.07  7.53  9.42 10.23 11.62 13.47 15.38 16.38 17.90 18.24 18.35 18.51 19.27 19.87 20.79 20.94 21.24 21.48
traj-140:
20.11 20.91 21.42 21.93 22.22 22.46 22.41 22.35 22.27 22.35 23.58 25.31 27.01 28.27 29.25 29.55 29.28 29.70 30.05 30.49 31.16
 0.50  2.16  3.24  4.96  6.34  7.47  9.39 10.79 12.71 14.33 14.54 14.30 14.36 15.89 17.47 19.35 19.83 21.67 22.97 23.81 24.91
traj-141:
21.19 21.19 21.15 21.06 20.47 18.74 17.23 15.78 14.38 13.55 11.74 10.77
 1.13  2.14  3.73  5.52  5.96  5.22  5.15  5.42  5.68  5.84  6.46  5.98
traj-142:
20.02 21.49 21.70 22.44 22.55 22.44 22.38 22.01 21.89 21.98 21.86 21.79 21.62 19.97 18.80 17.06 16.76 15.04 14.75 13.37 12.32
 0.70  1.83  2.04  3.63  4.47  6.40  6.99  8.85 10.37 12.26 14.25 15.59 17.08 18.17 18.15 18.08 18.07 18.01 17.93 17.94 17.90
traj-143:
20.66 21.09 21.42 22.07 21.66 21.28 20.90 21.03 21.14 22.03 23.60 24.46 25.60 26.49 28.14 29.94 30.34 30.45 30.86 30.81
 1.03  2.47  4.35  6.15  7.61  8.78  9.91 11.63 12.07 13.65 14.57 14.51 14.44 14.41 15.08 15.65 16.71 17.92 19.34 20.44
traj-144:
22.75 21.99 20.94 19.50 17.58 16.04 14.91 13.77 12.63 10.87 10.61
 0.81  1.52  3.13  4.11  4.35  5.48  5.61  5.73  5.85  5.64  5.48
traj-145:
22.36 21.88 21.14 21.03 21.27 21.40 21.73 22.26 21.91 21.43 21.27 20.93 21.51 21.23 19.74 18.36 16.91 15.45 14.23 12.35 11.87 10.19  8.93
 1.59  1.92  3.35  4.03  5.43  6.46  6.96  8.89 10.43 12.18 12.61 14.23 15.23 17.02 18.26 18.60 18.63 19.37 19.81 20.17 20.24 20.47 20.62
traj-146:
20.87 21.11 21.41 21.76 22.04 22.29 22.47 22.54 22.35 22.12 22.03 23.14 24.58 25.76 27.19 28.23 29.12 30.59 31.64 33.63 34.41 34.70
 1.04  2.30  3.85  5.56  6.59  7.95  8.82  9.12 11.01 12.83 14.77 14.77 14.68 14.66 14.75 15.87 16.92 17.94 18.05 18.06 16.75 15.29
traj-147:
22.23 22.02 21.76 21.71 21.28 20.28 18.57 17.53 16.18 15.00 13.82 12.05 10.42  9.57  7.99  6.24  4.36
 0.77  0.99  2.77  4.38  5.28  5.81  5.21  5.15  5.07  5.14  5.35  5.94  6.88  6.82  6.75  6.53  6.54
traj-148:
20.06 20.81 21.11 21.40 21.79 21.90 21.65 21.69 21.89 22.09 22.23 22.33 22.24 21.14 19.35 17.36 15.76 15.41
 0.67  2.38  3.79  4.91  6.63  6.91  8.71  9.01 10.87 12.85 13.58 15.51 16.07 17.54 18.20 18.19 18.31 18.70
traj-149:
21.34 21.40 21.90 22.08 22.25 22.21 22.08 22.11 22.13 22.10 22.53 22.57 24.23 25.39 27.12 28.28 29.09 30.67 32.24 33.89
 0.41  0.76  2.49  3.60  5.09  6.42  8.39  9.95 10.72 12.67 13.94 14.13 14.12 14.11 14.06 15.20 15.79 16.84 17.92 19.03
traj-150:
21.68 21.48 21.03 19.65 17.93 16.14 14.73 13.57 11.64  9.87
 1.07  2.43  4.38  5.57  4.72  5.02  5.17  5.28  5.66  5.82
traj-151:
21.02 21.62 22.33 22.48 22.32 22.06 21.84 21.70 21.88 22.28 22.22 21.71 20.43 19.05 17.06 16.48 14.81 13.39 12.47
 0.42  1.65  2.72  4.46  5.26  6.61  7.70  9.63 11.39 13.28 15.15 16.84 18.04 18.30 18.29 18.22 17.71 17.42 17.21
traj-152:
22.55 22.18 22.25 22.34 22.14 21.83 22.16 22.35 22.84 23.89 25.33 27.07 28.46 28.72 29.04 29.41 29.75 30.49 31.15 32.39 32.94
 1.67  3.51  4.70  6.60  7.72  9.60 11.31 12.14 13.59 14.22 14.17 14.12 15.46 16.92 18.36 19.78 21.42 22.89 23.76 25.29 25.89
traj-153:
22.48 22.64 22.15 21.12 20.60 19.84 18.16 17.87 16.18 14.74 13.14 12.07
 1.32  3.24  5.15  6.80  6.10  5.12  4.42  4.49  5.05  5.21  5.42  5.56
traj-154:
20.39 20.46 20.82 21.15 21.30 21.57 21.95 22.36 22.47 22.53 22.38 22.18 21.81 20.27 18.59 18.29 16.45 16.27 14.91 13.89 12.25
 0.92  1.21  3.09  4.70  6.60  7.58  9.46 11.24 12.10 13.24 15.11 15.95 17.36 18.32 18.73 18.72 18.97 19.21 20.33 21.57 22.54
traj-155:
21.42 21.27 21.61 22.14 22.10 22.07 22.10 22.09 22.27 22.50 23.90 25.63 27.38 28.86 30.30 31.53 32.56 33.79
 0.77  2.74  3.49  5.41  6.80  8.65 10.06 11.22 13.11 14.74 14.84 14.65 14.72 15.61 16.53 17.26 17.92 18.69
traj-156:
21.31 21.32 20.28 18.87 17.55 15.68 13.74 12.92 11.35  9.70
 1.19  2.39  4.03  4.30  4.58  5.07  5.54  5.89  6.67  6.01
traj-157:
22.34 21.92 21.50 20.98 20.95 21.05 21.06 20.95 21.07 21.12 21.07 20.82 19.44 18.58 17.14 16.85 15.30 14.99 14.37
 1.22  2.81  4.44  5.89  6.94  8.72 10.32 12.16 13.94 15.86 16.50 17.98 18.35 18.53 18.86 18.93 19.74 19.90 19.31
traj-158:
20.84 20.94 21.05 21.29 21.74 21.97 22.11 22.14 22.55 22.90 22.84 23.10 23.46 25.19 25.49 27.45 28.87 29.45
 1.95  3.34  4.00  5.45  7.21  8.84 10.38 11.75 13.51 13.94 15.18 15.05 14.57 14.28 14.28 14.23 14.28 14.31
traj-159:
20.11 20.44 19.64 19.03 17.34 16.49 15.31 13.63 12.11 10.84  8.97  7.36  6.25  5.15  4.66
 1.81  2.93  4.66  5.03  5.11  5.19  5.25  5.57  6.76  8.02  8.36  7.60  6.99  5.82  5.15
traj-160:
22.54 22.21 22.01 21.69 21.41 21.22 21.01 21.44 21.68 21.92 21.25 20.22 18.29 16.42 14.64 12.85 10.97  9.28  8.99
 1.76  3.53  5.44  7.34  8.80 10.24 11.90 12.76 14.12 15.81 17.51 18.18 18.27 18.33 18.34 18.29 18.25 18.53 18.62
traj-161:
21.34 21.52 21.74 21.94 21.75 21.49 20.51 20.84 21.34 21.89 22.44 23.74 25.45 26.34 27.95 29.07 29.77 31.03 32.08 32.38 33.05 33.71 33.91 34.29 34.36
 0.80  1.86  3.56  5.20  7.14  7.86  8.76 10.70 11.76 13.01 13.66 14.54 14.29 14.27 14.85 15.80 16.39 17.55 18.97 19.52 21.12 22.65 23.17 24.83 26.32
traj-162:
22.68 22.46 21.39 21.15 20.44 18.60 17.00 15.31 14.47 13.32 12.20 11.95 11.16  9.47  7.99  7.57
 0.79  1.00  2.49  4.25  5.52  5.37  5.22  5.34  5.39  5.56  7.00  7.55  9.11  8.16  7.21  7.01
traj-163:
21.29 21.75 22.25 22.50 22.14 21.68 20.80 20.97 20.96 20.99 21.87 21.54 20.03 18.12 16.36 15.31 13.46 13.62 13.65
 1.79  2.04  3.41  5.11  6.17  8.10  9.56 11.53 13.40 14.09 15.76 17.31 18.53 18.70 18.77 18.72 19.19 17.33 17.01
traj-164:
21.97 22.01 22.28 22.27 22.21 22.17 22.06 21.45 21.08 20.79 21.66 22.98 24.72 25.60 27.07 28.01 28.02 28.03 28.15 28.18 28.23 28.25 28.85
 1.69  2.24  4.23  4.53  6.43  7.30  9.20 10.94 11.55 13.30 14.07 14.26 14.13 14.11 14.05 15.75 17.75 19.72 21.44 23.07 24.71 25.27 27.01
traj-165:
22.70 21.68 20.19 18.56 16.60 14.90 13.43 12.30 11.54 10.10  9.39  7.80
 1.87  2.93  4.14  5.05  5.24  5.43  5.76  7.20  8.07  8.08  7.84  7.66
traj-166:
20.22 20.32 20.91 21.40 21.78 22.02 22.06 22.01 22.05 22.11 22.06 21.96 21.64 20.10 18.91 17.17 15.32 13.43 12.84 11.43
 1.59  1.88  3.52  5.17  6.64  8.56  9.88 10.95 12.12 12.99 14.63 16.60 17.30 18.27 18.36 18.46 18.71 18.85 18.77 18.60
traj-167:
20.24 20.38 20.61 20.86 21.15 21.48 21.52 21.79 21.84 21.90 23.62 25.59 26.73 28.64 29.99 29.11 29.23 29.23 29.51
 1.93  2.89  4.44  6.22  7.95  9.67 10.16 12.12 12.46 14.41 14.61 14.60 14.55 14.64 14.95 16.72 18.10 19.63 21.51
traj-168:
20.24 20.56 20.94 19.68 18.04 16.07 14.27 13.12 11.21  9.69  8.65
 1.29  1.88  3.23  4.73  5.29  5.48  5.66  5.75  5.71  4.54  4.12
traj-169:
20.20 21.46 22.11 21.93 21.86 21.77 21.54 21.75 22.13 21.59 21.04 20.27 19.80 18.63 16.69 15.82 15.63 14.95 15.01
 1.27  2.53  4.18  6.09  7.15  8.47  9.85 11.41 12.68 14.60 15.66 16.71 17.85 18.40 18.37 18.48 18.72 20.58 21.10
traj-170:
20.59 21.46 21.92 21.95 21.71 21.50 21.45 21.16 20.49 20.93 21.28 23.07 23.95 25.39 26.53 28.19 28.18 28.29 28.52 28.87 29.03 28.31 28.42 28.38 28.48 29.04 29.27 29.80 29.81 30.16
 1.40  2.90  4.23  6.12  8.09  9.93 10.42 11.34 12.62 13.83 14.64 14.91 14.79 14.65 14.63 15.44 16.96 18.09 19.91 21.68 22.30 24.11 24.75 26.39 27.03 28.94 29.73 31.25 31.97 33.27
traj-171:
20.82 21.93 22.01 21.96 20.00 18.16 16.23 15.08 13.42 12.26 11.10  9.37
 0.98  2.56  4.50  5.05  5.26  5.01  5.20  5.20  5.25  5.31  5.57  5.93
traj-172:
21.23 21.62 21.59 21.29 21.34 21.38 21.26 21.05 20.95 21.11 21.69 21.00 19.97 18.40 16.95 15.65 14.71 12.93 11.39 10.79
 0.71  1.88  3.38  5.36  7.08  8.82 10.59 10.92 12.90 13.47 14.80 16.55 17.79 18.53 18.60 18.80 18.93 19.20 19.63 19.82
traj-173:
22.46 21.08 21.20 21.35 21.51 21.98 22.34 22.30 22.42 22.37 23.81 24.69 26.44 28.43 30.29
 0.74  1.72  3.31  4.52  6.46  8.00  9.84 11.39 11.96 13.69 14.74 14.79 14.85 14.77 14.82
traj-174:
22.34 22.11 20.71 20.44 19.03 18.73 16.79 15.53 13.65 11.92 11.63
 1.83  2.03  3.46  3.72  4.60  4.65  5.11  5.12  5.49  5.96  6.05
traj-175:
21.49 21.67 21.56 21.52 21.53 21.79 22.01 22.03 22.23 22.28 22.48 22.15 20.94 20.07 18.38 17.80 16.32 14.88 13.99 12.25 10.75  9.89  8.72
 0.59  2.46  3.72  4.65  6.53  8.03  9.41 10.22 11.95 12.59 14.51 15.83 17.30 17.70 18.12 18.16 18.23 18.24 18.26 18.28 18.18 18.07 17.85
traj-176:
21.40 21.63 21.65 21.68 21.74 21.08 20.64 20.85 21.43 22.37 23.47 24.89 26.64 27.21 28.10 28.11 28.13 28.61 28.41 28.98 29.66 30.11 30.66 30.96 31.84
 1.77  3.61  4.10  5.71  7.01  8.50  9.69 11.31 12.40 13.84 14.53 14.42 14.43 14.50 16.10 17.87 19.60 20.99 22.96 24.58 26.41 28.15 29.82 30.81 32.17
traj-177:
21.92 20.89 20.85 20.86 20.94 19.15 18.86 16.89 16.30 14.89 14.29 12.66 12.00 10.54
 0.51  1.45  2.04  3.63  5.23  5.83  5.75  5.79  5.87  5.90  5.89  6.72  8.38  9.22
traj-178:
21.67 21.74 21.83 21.89 21.79 21.59 21.52 21.36 21.05 20.29 20.46 21.31 22.00 20.06 18.34 16.91 15.18 13.71
 1.01  2.37  3.30  5.20  5.98  7.28  8.83 10.47 12.00 13.63 15.07 16.50 17.87 18.28 18.61 18.68 18.76 19.47
traj-179:
22.02 21.99 21.99 22.04 22.06 22.20 22.34 21.67 21.20 22.22 22.52 24.31 26.29 28.02 28.04 28.11 28.12 28.25 28.40 28.46 29.02 29.93 30.96 31.80 32.48
 1.74  3.73  5.33  6.88  8.70  9.56 10.70 12.13 13.03 14.71 14.71 14.73 14.73 15.47 16.33 17.97 19.37 21.27 22.95 24.43 25.85 27.53 28.70 29.99 30.98
traj-180:
20.67 20.83 21.22 19.79 17.91 16.66 15.02 13.16 11.98 10.18  9.70
 1.89  2.15  3.93  4.55  4.87  5.03  4.75  5.12  5.29  4.83  4.35
traj-181:
21.04 21.30 21.35 21.65 21.57 21.96 21.83 21.75 21.56 21.49 21.04 20.89 19.55 18.14 16.95 15.70 15.11 14.26 14.00 12.20 11.36
 1.69  3.36  5.18  6.97  7.65  9.46 10.95 12.09 13.77 14.85 16.42 16.92 18.00 18.12 18.21 19.04 19.90 21.17 21.69 22.54 22.82
traj-182:
22.71 22.24 22.10 22.03 21.99 21.80 21.82 21.73 22.42 22.96 23.21 24.92 26.08 28.04 29.10 30.12
 1.72  3.54  4.90  6.70  7.50  9.23 10.02 11.35 13.17 13.90 14.07 14.24 14.33 14.39 15.54 16.73
traj-183:
21.52 21.51 21.56 21.58 20.42 18.48 16.90 15.53 14.10 12.53 11.48  9.59
 0.42  1.14  3.02  4.15  5.25  5.13  4.52  4.45  4.59  5.24  5.52  5.99
traj-184:
20.53 20.40 20.91 21.46 22.06 22.25 22.35 22.39 22.42 21.29 20.19 20.19 20.02 19.25 17.82 16.47 15.03 14.09 12.29 11.99 10.15  8.70  6.94  5.18
 0.69  2.42  3.43  5.24  6.37  7.47  8.60 10.58 12.02 13.17 14.83 15.98 17.45 18.14 18.20 18.26 18.34 18.38 18.80 18.80 19.04 19.23 19.52 19.96
traj-185:
21.46 21.65 21.97 22.37 22.50 22.64 22.64 22.61 22.63 22.61 24.15 25.87 27.02 28.23 28.61 29.31 29.92 31.05 32.69 33.38
 1.56  2.65  4.20  5.28  7.26  9.21 10.30 11.96 13.08 14.37 14.55 14.72 14.96 16.23 17.27 18.22 18.93 20.50 21.44 21.92
traj-186:
21.27 21.60 21.66 21.71 19.77 18.52 17.12 15.77 13.84 12.72
 1.65  2.84  4.41  5.64  5.56  5.17  5.10  5.02  5.44  6.11
traj-187:
21.50 21.65 22.05 22.11 22.17 22.04 21.95 21.73 21.48 21.91 22.30 22.09 21.96 20.31 19.16 17.72 15.93 14.00 12.46 11.01
 1.00  2.33  3.70  5.30  6.45  7.86  8.69 10.63 12.15 13.72 14.98 16.77 17.29 18.32 18.33 18.33 18.33 18.47 18.98 18.53
traj-188:
20.85 21.42 21.53 21.79 21.60 21.36 21.35 21.08 22.34 22.89 22.89 24.45 25.61 27.04 28.08 28.11 28.11 28.14 28.10 28.08 28.11
 1.66  2.80  4.23  5.36  7.18  9.06 10.46 12.17 13.31 13.95 14.63 14.80 14.90 14.92 16.34 18.22 20.05 21.96 23.53 24.69 25.91
traj-189:
20.03 20.65 20.77 21.14 20.29 18.99 17.06 15.38 13.65 12.90 11.07 10.51  8.72  6.98  5.18
 0.47  1.27  2.35  4.19  5.36  5.14  5.31  5.63  5.78  6.20  6.70  6.50  5.92  4.99  4.15
traj-190:
20.93 20.99 21.13 21.16 21.20 21.19 21.22 21.18 21.32 21.36 21.61 21.71 20.18 19.31 18.16 16.77 15.75 14.34 13.10 12.07 10.67
 0.83  2.09  3.38  5.37  6.95  7.92  9.32 10.86 12.74 13.38 15.17 17.01 18.24 18.29 18.39 18.53 19.13 20.22 21.14 21.66 22.42
traj-191:
20.59 20.72 20.87 21.16 21.32 21.55 21.83 22.31 22.43 23.52 24.51 26.25 27.15 28.06 28.41 28.97 29.38 29.74
 1.93  3.48  4.86  6.45  7.65  9.37 11.13 12.99 13.26 14.02 14.20 14.16 14.11 15.26 16.31 18.11 19.94 21.58
traj-192:
20.49 20.26 20.03 19.68 19.42 17.68 16.13 14.43 13.30 11.84  9.96  8.50
 0.79  2.75  2.96  4.88  5.03  4.84  4.61  4.60  4.65  4.74  5.38  5.69
traj-193:
21.85 21.75 21.80 22.00 22.02 22.09 22.13 22.13 22.25 22.29 21.33 20.31 19.31 17.33 15.68 14.81 12.90 11.06  9.71  8.15
 1.87  3.48  4.64  6.44  7.99  9.48 11.12 11.67 13.40 14.07 15.54 17.22 18.18 18.39 18.58 18.68 18.52 18.50 18.45 18.43
traj-194:
21.33 21.59 22.05 22.20 22.34 22.36 22.18 22.35 22.59 23.72 25.17 26.63 28.49 29.19 29.08 28.53 28.34 28.16 28.15 28.25
 1.53  3.44  5.25  6.35  7.41  9.31 10.67 12.62 13.47 14.32 14.46 14.38 15.01 16.10 17.79 19.59 20.59 21.60 22.76 24.58
traj-195:
21.57 21.31 20.50 19.12 17.17 15.27 13.44 12.93 12.38 12.19
 1.72  2.82  3.59  4.90  4.91  5.01  5.75  6.63  8.09  8.63
traj-196:
22.55 22.04 21.68 21.44 21.77 22.02 22.14 22.24 22.13 22.12 21.65 21.23 20.99 19.52 18.96 17.23 15.42 14.32 12.67 10.84
 0.75  1.68  3.33  4.23  6.14  7.47  8.32 10.23 11.27 12.99 14.57 16.44 16.85 18.21 18.39 18.74 18.96 19.27 19.55 20.00
traj-197:
20.74 21.32 21.49 21.66 21.71 21.91 21.91 21.90 21.89 22.27 22.52 22.89 23.63 24.66 26.42 28.17 29.45
 0.72  2.09  3.85  5.33  6.51  7.80  9.09 10.92 11.22 12.99 13.53 14.00 14.45 14.35 14.23 14.13 15.03
traj-198:
22.62 21.10 19.53 17.92 16.17 14.48 13.35 11.51 10.08  8.24
 1.77  2.92  4.08  4.36  4.60  5.12  5.46  6.02  6.46  5.95
traj-199:
21.72 21.69 21.67 21.67 21.79 21.87 21.91 22.20 22.24 22.01 21.80 21.21 20.19 18.62 17.73 16.59 15.03 14.71
 1.00  1.58  3.16  5.00  6.94  8.26 10.01 11.98 12.27 14.20 16.16 17.17 18.10 18.67 18.74 18.86 19.63 21.58
traj-200:
20.06 21.03 21.15 21.58 21.86 21.92 21.94 21.93 22.52 22.63 23.88 25.62 27.35 28.31 28.63 28.39 28.14 28.14 28.11 28.11 28.18 28.16 28.21 28.20 28.54 28.60
 0.90  2.57  4.40  6.28  8.19  9.47 10.55 12.53 14.13 14.41 14.71 14.76 14.77 14.79 16.61 17.65 19.43 21.10 22.32 24.17 25.63 27.27 28.62 29.52 31.46 32.04
traj-201:
20.26 20.22 20.20 18.71 18.12 16.19 14.81 13.68 12.93 12.11 11.27  9.38  8.49  7.07  5.81
 1.91  2.93  4.03  5.22  5.32  5.77  5.83  5.86  6.28  7.54  9.05  8.87  8.37  7.54  7.41
traj-202:
21.08 21.37 21.96 22.21 22.23 22.19 22.12 22.07 22.10 21.61 21.55 20.57 19.95 18.88 17.13 16.10 15.03 13.72 11.73 10.84  9.27  8.13
 1.95  3.31  5.00  6.57  8.32  9.21 10.90 12.88 13.64 15.47 16.12 17.73 18.29 18.73 18.81 18.91 19.52 19.89 19.89 19.89 19.99 20.39
traj-203:
20.39 20.64 21.22 21.79 21.62 21.71 21.51 20.75 20.93 21.51 22.54 24.25 25.98 27.12 28.18 30.04 31.19
 1.77  2.52  3.72  4.72  6.52  7.94  9.87 10.61 12.59 13.02 14.60 14.71 14.71 14.75 15.34 15.99 15.83
traj-204:
21.84 21.93 20.56 19.02 17.91 15.95 14.31 12.74 11.96 10.23  9.60
 1.73  3.13  4.29  5.05  5.21  5.50  5.63  6.65  8.19  7.24  5.53
traj-205:
20.19 20.38 20.82 21.09 21.31 21.55 21.63 21.76 22.01 22.22 22.37 22.48 22.66 22.46 21.53 20.74 19.09 17.90 15.97 14.63 13.20 12.14 11.05  9.52  8.88
 0.61  1.39  3.04  4.04  4.98  6.09  7.19  8.15 10.12 11.29 12.88 13.45 15.36 15.90 17.58 17.96 18.41 18.54 18.81 19.26 19.62 20.00 20.65 21.29 21.92
traj-206:
20.49 20.58 20.91 21.10 21.54 22.03 22.01 22.09 22.19 22.28 23.53 24.41 25.80 27.76 28.42 29.38 30.47 31.53 31.50 32.21 32.55 33.87 34.19
 0.69  1.54  3.50  4.39  5.93  7.81  8.62 10.33 11.99 13.59 14.36 14.32 14.42 14.40 15.17 16.44 18.07 19.60 21.13 21.89 23.83 24.87 24.37
traj-207:
20.00 20.65 20.24 18.42 17.93 16.05 14.13 13.54 12.11 10.67  8.90  7.15  5.76
 1.61  2.65  4.48  5.16  5.12  5.23  5.52  5.59  6.73  8.00  8.91  9.51  9.72
traj-208:
21.37 21.39 21.42 21.72 21.82 22.01 21.65 21.29 21.00 20.95 20.78 20.56 20.31 19.27 17.51 15.74 14.04 12.88 11.88 10.64  9.40  7.73  7.19
 1.24  1.54  3.32  5.24  5.85  7.42  9.09 10.58 11.93 13.81 15.65 16.59 17.20 18.04 18.14 18.06 19.10 19.48 19.92 20.36 20.85 21.55 21.82
traj-209:
20.09 20.56 21.30 21.69 22.05 21.71 21.49 21.43 21.16 21.88 23.77 25.52 26.10 27.60 28.15 28.12 28.10 28.13 28.13 28.24 28.59 28.80 29.39 30.69 31.62 33.15
 1.80  2.76  4.55  6.00  7.70  9.27 10.98 11.27 12.99 14.44 14.48 14.50 14.47 14.88 15.72 16.65 17.82 19.34 21.19 22.62 24.35 26.13 26.97 28.21 28.92 29.49
traj-210:
20.51 20.23 20.15 18.83 17.05 15.37 14.21 12.62 12.33 11.74 10.28
 0.45  2.21  3.05  4.46  5.10  5.58  5.80  6.66  7.36  9.03 10.23
traj-211:
22.54 22.56 22.63 22.29 21.65 21.38 21.35 21.54 22.07 22.09 22.29 22.56 22.78 22.86 22.26 21.95 20.05 19.75 17.77 16.61 14.99 13.79 12.39 11.84
 0.53  1.74  3.00  3.81  5.60  6.49  8.36  9.19 11.11 11.41 13.21 13.99 14.19 14.88 16.72 17.84 18.15 18.19 18.45 18.46 18.59 18.02 17.51 17.31
traj-212:
20.16 20.47 20.92 21.34 20.79 20.64 20.80 21.51 22.20 23.36 25.07 26.25 28.13 29.88 30.97 32.61 33.18 34.46
 1.26  3.24  4.93  6.87  7.84  9.24 10.19 11.94 13.77 14.62 14.59 14.54 13.89 13.06 13.56 14.02 14.20 12.82
traj-213:
20.02 20.51 20.83 20.96 20.98 19.78 17.84 16.46 15.35 13.61 11.87 10.56  8.74  7.48  6.08  4.99
 0.83  1.96  3.04  4.24  4.54  5.66  5.20  5.29  5.42  5.62  6.26  6.67  7.24  6.70  5.79  4.83
traj-214:
20.20 20.49 20.89 21.18 21.94 22.16 22.11 22.09 22.15 22.39 22.21 21.79 20.20 18.45 16.69 15.60 13.99 12.78
 0.42  2.22  3.67  5.49  6.84  8.81 10.47 12.01 12.80 14.57 16.46 17.20 18.32 18.42 18.61 19.21 19.81 20.00
traj-215:
22.56 22.42 22.12 22.10 22.02 22.01 22.03 21.69 21.80 22.07 22.21 23.60 25.42 27.14 28.10 28.19 28.84 29.54 29.72 30.39 30.99
 1.71  1.98  3.75  4.61  6.29  7.08  8.92 10.72 11.00 12.94 13.63 14.44 14.61 14.51 16.04 16.33 18.06 19.35 21.16 22.90 24.62
traj-216:
20.24 20.72 21.12 20.38 18.75 17.39 16.58 14.92 13.03 11.47 10.30  8.58  7.83
 1.32  2.25  3.44  4.72  5.04  5.02  4.96  4.88  4.92  5.56  6.21  6.95  7.29
traj-217:
21.59 21.07 20.49 20.71 21.19 21.45 21.54 21.67 21.88 22.13 22.25 20.95 19.34 17.61 17.02 15.08 13.68 12.00 10.48  8.81  8.29
 1.07  2.52  3.74  4.87  6.62  8.15  9.22 10.81 12.45 14.28 16.23 17.65 18.32 18.63 18.66 18.74 18.86 19.07 19.25 19.47 19.55
traj-218:
20.72 20.99 21.56 21.82 22.00 22.32 22.37 22.23 22.17 22.12 23.59 24.49 26.24 27.50 29.23 29.37 30.95 31.47 32.49 33.66 34.37 34.55 34.90 35.00
 1.18  2.50  4.37  6.07  7.63  9.23 10.30 11.40 13.31 13.82 14.84 14.86 14.92 14.98 15.49 17.38 18.52 19.15 20.08 20.59 22.40 23.27 24.69 24.97
traj-219:
22.27 21.63 20.17 18.63 17.62 16.30 14.67 13.93 12.31 11.10 10.12
 1.61  2.78  4.15  4.54  4.79  5.13  5.54  5.81  6.92  8.27  9.69
traj-220:
20.06 20.98 21.31 21.89 21.92 22.00 22.00 21.63 21.37 21.38 21.93 22.63 22.28 21.99 21.12 19.17 18.02 16.07 15.93 14.35 13.27 11.64 10.06
 0.57  2.26  3.14  4.05  5.88  7.46  8.00  9.75 11.26 13.00 13.57 14.59 16.22 17.33 18.20 18.53 18.55 18.64 18.91 19.63 19.41 18.88 17.95
traj-221:
20.30 20.55 20.98 21.22 21.70 22.03 22.03 21.86 21.90 22.83 23.41 25.37 27.14 28.16 28.53 29.29 29.66 30.25 30.72 31.44 32.18
 0.91  1.71  3.51  4.67  6.19  8.10  9.71 11.66 13.26 14.68 14.76 14.88 14.90 16.35 16.90 18.24 19.09 20.10 21.77 23.04 24.74
traj-222:
22.12 21.22 20.24 18.54 18.24 17.65 15.94 14.00 13.71 11.94 11.02 10.33
 0.96  2.41  3.83  4.14  4.19  4.95  5.18  5.64  5.74  6.57  7.46  8.02
traj-223:
22.25 22.19 22.23 22.11 21.95 21.82 21.70 21.51 21.29 21.16 21.10 21.14 21.16 19.57 18.40 16.42 16.22 15.51 15.32 13.94 11.97 11.22  9.67  8.62
 1.41  2.20  3.50  5.43  6.79  8.71  9.78 11.52 12.90 14.34 15.33 16.84 17.97 18.72 18.80 18.93 19.15 19.68 19.84 20.95 21.19 21.13 21.64 21.52
traj-224:
20.51 21.13 21.78 21.92 22.28 22.08 21.94 21.89 22.22 22.07 22.72 23.92 25.36 26.82 28.65 29.42 31.13 32.72 33.84
 0.80  1.80  3.51  3.78  5.49  6.62  8.34 10.03 11.92 13.40 14.02 14.10 14.13 14.20 14.72 15.78 16.67 17.40 17.66
traj-225:
21.08 20.51 20.07 18.41 17.67 16.14 15.35 14.12 12.31 11.12 10.64 10.70 10.64  9.29
 0.64  2.28  3.56  4.01  4.14  4.49  4.61  4.77  5.45  6.49  6.96  8.75  9.45 10.63
traj-226:
21.92 21.52 21.89 21.81 21.52 21.28 21.22 21.53 21.61 21.71 21.90 20.57 19.17 17.33 15.38 13.41 12.15 10.37  9.23
 1.77  3.61  5.52  7.44  8.41 10.01 11.90 13.07 13.90 14.58 16.40 17.88 18.26 18.28 18.59 18.33 17.87 17.33 17.04
traj-227:
20.99 21.19 21.31 21.36 21.40 21.62 22.02 22.24 22.48 23.00 23.22 24.69 25.28 27.21 28.80 29.23 29.85 30.19 30.95 31.54 32.16 32.66 33.13 33.20 33.80 34.32
 1.89  3.77  5.75  6.20  7.15  8.93 10.89 12.53 13.08 13.78 14.79 14.72 14.67 14.82 16.04 17.89 19.29 20.14 21.53 22.89 24.24 26.01 27.79 28.19 30.08 31.76
traj-228:
20.56 20.68 20.75 20.63 18.78 16.83 16.31 14.62 13.74 11.90 10.23  9.64  7.94  6.62  4.79
 1.06  2.12  3.80  4.75  5.05  4.97  4.94  4.89  4.88  5.53  6.58  6.55  6.44  6.39  5.98
traj-229:
21.31 21.45 21.77 21.96 22.14 22.26 22.45 22.52 22.58 22.42 22.05 21.03 20.44 18.57 17.13 16.83 15.17 13.94 12.89 11.69  9.90
 0.95  1.53  3.16  4.48  6.17  6.99  8.84  9.13 11.02 12.37 14.20 15.88 17.42 18.03 18.31 18.37 19.38 19.96 20.35 20.77 21.46
traj-230:
21.48 21.36 21.50 21.35 21.74 22.00 22.07 22.26 22.66 22.81 23.13 24.65 26.09 27.22 28.10 29.85 30.92 32.22 33.13
 0.45  1.80  3.46  5.35  7.21  8.85 10.79 12.09 13.11 14.03 14.82 14.89 14.79 14.68 14.53 14.22 14.00 13.78 13.71
traj-231:
21.59 21.83 22.12 22.12 22.04 20.95 20.47 20.12 18.65 16.69 14.97 13.06 11.71 10.55  8.87  7.28
 1.48  2.58  4.54  5.40  7.21  8.44  7.10  5.98  4.96  5.14  5.15  5.69  6.63  7.37  8.17  9.13
traj-232:
22.24 22.17 22.10 22.08 22.09 22.04 22.02 22.00 21.77 22.33 22.20 21.97 20.35 18.39 17.24 15.29 14.49 12.66 12.36 10.48  8.64  8.34
 1.94  3.77  5.40  6.69  8.00  9.10 10.42 11.61 13.57 15.17 16.20 17.96 18.38 18.50 18.43 18.27 18.32 18.34 18.34 18.41 18.61 18.64
traj-233:
22.17 21.94 21.81 21.53 21.40 21.20 21.40 21.26 22.02 22.56 22.74 22.88 23.46 25.21 26.37 27.21 28.25 28.48 28.95
 0.59  1.87  2.69  4.45  5.81  7.10  8.90 10.72 12.48 13.66 14.44 14.71 14.75 14.86 14.91 14.96 16.42 17.35 18.51
traj-234:
22.17 21.24 20.61 19.30 17.51 16.15 14.80 13.08 11.16  9.96
 1.17  2.59  3.73  4.95  5.05  5.16  5.24  5.36  5.11  4.24
traj-235:
22.07 21.83 21.61 21.20 21.25 21.47 21.90 21.37 21.05 20.74 21.15 21.64 20.37 18.45 17.57 16.13 14.30 13.70 12.30 11.14
 1.58  3.21  4.70  6.13  8.09  8.84 10.59 12.16 12.90 14.80 16.63 17.07 18.22 18.64 18.59 18.49 18.46 18.43 19.83 20.75
traj-236:
22.60 21.71 21.53 21.53 21.60 21.70 21.76 21.96 22.42 22.41 23.90 25.34 26.22 28.12 28.70
 1.74  3.01  3.80  5.14  6.58  8.45  9.16 10.91 12.30 13.89 14.82 14.96 15.00 15.24 15.28
traj-237:
20.99 21.08 20.13 20.20 19.04 18.18 16.78 15.37 14.51 12.99 12.17 11.16  9.99  8.11  7.57  6.10  4.69
 0.78  1.06  2.73  3.02  4.61  4.87  5.33  5.70  5.93  6.80  8.37  9.86 10.23 10.37 10.42 10.54 10.67
traj-238:
22.05 21.98 21.93 21.86 21.99 21.98 22.27 22.34 22.24 21.22 20.40 20.04 18.74 17.27 16.68 15.19 13.47 12.55 11.48 10.37  9.37  7.71  7.15
 1.24  2.57  3.99  5.68  7.24  8.95 10.08 11.96 13.04 14.59 16.25 17.61 18.16 18.40 18.46 18.73 19.51 19.85 20.31 20.72 21.22 21.92 22.15
traj-239:
22.72 21.92 21.63 21.52 21.37 21.85 21.96 22.06 22.05 23.69 25.14 26.60 27.74 28.73 30.37 31.44
 0.91  2.65  4.48  5.43  7.23  9.16 10.51 12.19 13.46 14.39 14.34 14.29 14.21 14.17 14.16 14.14
traj-240:
22.79 22.72 22.06 21.88 20.92 19.22 17.57 15.83 14.05 12.81 12.65 11.70
 1.25  2.35  4.15  4.39  4.86  5.37  5.72  5.95  5.88  6.65  7.80  9.52
traj-241:
20.06 20.59 21.05 21.36 21.86 22.36 22.44 22.26 22.01 21.86 22.11 22.20 21.46 20.89 19.02 17.58 16.99 15.28 14.69 12.77 11.32  9.77  8.33
 0.91  2.23  3.16  4.12  5.46  7.15  9.10  9.95 11.71 13.68 15.59 16.17 17.99 18.08 18.32 18.26 18.22 18.54 18.63 18.36 17.98 18.19 18.35
traj-242:
22.06 21.63 21.76 21.72 21.78 21.79 21.28 21.03 20.53 21.49 22.95 24.82 26.28 28.07 28.24 29.65 31.39
 1.74  3.51  4.34  6.24  7.90  8.66 10.45 10.62 12.41 13.87 14.65 14.71 14.65 15.51 15.75 16.94 17.66
traj-243:
22.27 22.03 22.00 21.58 20.27 19.11 17.52 16.22 14.80 14.25 12.63
 0.72  2.67  3.60  5.34  6.29  5.41  5.14  4.93  5.09  5.31  6.41
traj-244:
21.66 21.54 21.59 21.67 21.61 21.43 21.20 21.29 21.54 21.68 21.73 21.70 21.11 19.43 18.54 17.38 15.49
 0.55  2.01  3.67  4.61  5.80  7.79  9.43 11.41 13.33 14.23 15.95 16.24 17.88 18.40 18.50 18.66 18.75
traj-245:
21.92 21.11 20.22 20.09 20.27 20.92 21.68 22.01 22.34 23.74 24.92 25.22 26.10 26.66 28.23 28.48 29.28 28.81 28.65 28.57 28.36 28.36 28.29 28.24 28.20 28.15
 1.11  2.52  3.96  5.77  6.31  8.19  9.89 11.50 13.14 14.06 14.27 14.32 14.50 14.72 15.32 15.84 17.04 18.98 20.59 21.19 23.17 24.12 25.31 26.52 28.45 28.74
traj-246:
22.51 21.95 21.63 20.54 18.71 17.26 15.54 14.35 12.41 10.63  9.62  7.98  6.18  5.88
 0.85  2.28  3.00  4.52  5.29  5.68  5.96  5.91  6.00  6.47  6.65  7.33  8.12  8.19
traj-247:
21.81 21.73 21.44 21.37 21.68 21.68 21.89 21.96 21.66 21.23 20.71 20.28 19.35 17.63 16.18 14.77 13.42 11.61 11.31  9.61  7.67  7.09
 1.80  3.38  5.11  5.94  7.70  9.41 10.10 12.00 13.73 14.95 16.61 17.50 18.22 18.57 18.72 19.17 19.53 20.06 20.12 20.47 20.75 20.80
traj-248:
21.08 21.30 21.65 21.94 21.98 22.09 22.19 22.35 22.38 22.35 23.78 25.63 26.77 28.04 28.71 28.31 28.38 28.27 28.22 28.24 28.22 28.49 28.91 29.39 30.77
 0.82  2.29  3.81  5.46  7.37  8.85  9.73 11.14 12.29 13.55 14.44 14.60 14.63 15.21 16.14 17.98 19.86 21.59 23.52 24.79 25.64 27.36 29.19 30.46 31.81
traj-249:
22.67 22.31 21.22 19.63 17.78 16.92 14.95 13.50 12.22 10.84  8.91  7.13  5.65
 1.39  1.82  3.17  4.29  4.35  4.31  4.49  5.06  5.94  6.80  7.09  6.87  6.75
traj-250:
22.02 21.96 22.04 22.09 22.12 22.11 22.00 21.90 21.85 21.41 20.71 20.48 19.21 17.77 16.70 15.46 14.18 13.32 11.51 10.18  8.90
 1.99  2.99  4.97  6.52  7.10  9.01 10.68 11.84 13.37 14.51 15.48 16.85 18.08 18.40 18.64 18.68 19.19 19.21 19.25 19.33 19.44
traj-251:
21.48 21.80 22.02 22.03 22.10 22.18 22.11 21.83 21.67 21.56 22.71 24.64 26.37 28.01 28.55 29.58 31.08 32.47
 0.74  2.65  4.57  5.16  6.78  8.14  9.41 11.22 11.91 13.85 14.69 14.79 14.85 15.58 16.29 17.76 18.27 18.76
traj-252:
21.47 21.38 20.52 19.30 17.92 16.00 15.06 13.86 12.25 11.81
 1.09  1.38  2.94  4.04  5.03  5.57  5.96  5.99  6.87  8.80
traj-253:
21.08 21.32 21.74 21.91 21.69 21.20 20.90 21.02 21.73 22.03 22.23 21.19 21.21 19.72 17.99 16.16 15.37 14.34 12.75 10.98  9.18  7.77  6.32
 1.58  2.31  3.98  4.56  6.46  7.75  8.64 10.50 11.80 12.80 14.74 16.01 16.88 18.17 18.47 18.84 19.73 20.55 21.49 21.74 22.03 22.31 22.45
traj-254:
21.78 21.79 21.85 21.93 21.90 21.97 22.03 22.07 22.16 21.21 21.63 23.06 23.91 25.64 27.14 28.14 28.11 28.09 28.09 28.12 28.00 28.08 29.26 30.30 30.71 31.71 32.30 33.30
 1.41  2.53  3.57  5.13  5.95  7.55  9.04 10.71 12.32 14.04 14.81 14.67 14.63 14.63 14.87 16.51 18.32 20.18 20.48 22.38 24.26 25.14 26.57 28.10 28.64 30.06 31.01 32.32
traj-255:
20.86 20.80 21.04 20.50 18.93 18.14 16.51 15.40 13.42 11.51 10.55  9.70  8.46  8.14  6.29  4.63
 1.49  1.95  3.89  5.80  5.12  5.09  5.08  5.03  4.96  5.22  5.57  6.66  8.15  9.15  9.44  9.74
traj-256:
21.23 21.60 21.71 21.80 21.90 21.96 22.00 22.14 22.27 22.43 21.70 21.02 19.48 18.31 16.87 15.74 15.29
 1.90  3.79  5.11  6.88  8.48  9.75 10.51 12.03 13.19 14.38 15.98 17.39 18.31 18.31 18.21 19.53 20.80
traj-257:
20.86 21.90 21.96 21.92 21.91 21.74 21.65 22.16 22.73 22.98 22.99 23.66 25.13 26.55 28.54 29.12
 0.98  2.40  4.36  6.16  6.67  8.58 10.56 12.44 13.80 13.97 14.70 14.82 14.86 14.85 14.98 14.95
traj-258:
22.67 21.82 21.43 20.99 19.78 18.15 16.81 15.67 13.98 12.54 12.36
 0.94  2.51  3.25  4.83  5.70  5.15  5.32  5.47  5.75  6.80  7.04
traj-259:
21.68 21.62 21.40 21.19 21.20 21.67 21.97 21.98 22.08 22.17 22.30 22.37 21.95 20.05 19.75 18.04 16.88 15.21 13.40 12.54 11.12  9.75  8.21
 1.71  2.74  4.29  5.54  6.29  6.99  8.91 10.66 11.87 13.20 14.45 16.06 17.63 18.21 18.25 18.41 18.52 18.89 19.36 19.28 19.79 20.28 21.07
traj-260:
22.71 22.50 21.90 21.42 20.95 21.34 21.95 22.14 22.20 22.63 23.57 24.17 25.64 27.34 28.77 29.31 30.28 30.87 31.08
 1.58  2.38  4.28  4.75  6.54  7.35  9.03 10.61 12.30 13.41 14.02 14.06 14.14 14.29 15.59 16.06 17.22 19.04 20.05
traj-261:
20.69 20.84 21.30 21.63 20.04 18.36 17.24 15.92 13.98 13.39 11.98 10.77  8.88  7.49  6.82
 0.90  1.46  3.32  5.00  6.03  5.23  5.12  5.08  4.99  5.11  6.14  6.68  6.20  5.87  5.70
traj-262:
20.84 21.26 22.22 22.33 22.26 22.09 22.14 22.20 22.25 22.19 22.20 21.96 21.90 20.14 18.44 16.49 15.45 13.85 12.34 10.68  9.58
 0.78  1.33  2.88  4.33  6.00  7.86  9.41 11.15 11.71 13.62 14.94 16.85 17.68 18.32 18.39 18.68 19.41 20.26 20.81 21.52 22.19
traj-263:
20.55 20.64 20.94 21.05 21.18 21.38 21.33 21.47 21.96 22.97 23.23 24.71 26.48 27.07 28.08 28.83 29.89 30.82 31.34 32.06 31.98 31.86 32.48
 1.37  1.96  3.71  5.37  6.92  8.64  8.94 10.66 12.39 13.99 14.14 14.31 14.40 14.40 15.48 16.79 17.64 19.37 21.22 22.73 24.42 24.94 26.42
traj-264:
22.24 22.16 21.93 20.96 20.16 18.21 16.61 14.88 13.16 12.87 11.05  9.32  8.32  6.65
 0.60  1.15  2.71  4.22  4.78  5.21  5.41  5.68  5.90  5.94  6.76  6.37  5.87  5.16
traj-265:
20.81 20.82 20.77 21.03 21.02 21.12 21.08 21.71 22.23 22.10 22.00 21.21 20.06 19.23 17.47 16.57 14.63 13.06 11.35 10.20  8.66
 1.30  1.86  3.51  5.37  7.31  8.66 10.13 11.87 13.68 15.02 16.31 17.92 18.17 18.23 18.34 18.34 18.02 17.66 17.38 17.25 17.09
traj-266:
20.62 21.14 21.73 21.95 21.95 22.02 22.09 22.11 22.20 22.47 22.86 22.93 24.67 26.39 27.47 28.60 28.69
 0.65  1.45  2.46  4.30  5.14  6.94  8.20  9.80 10.39 11.81 13.61 14.51 14.74 14.64 14.40 13.48 12.53
traj-267:
21.96 21.83 20.79 20.25 19.05 17.87 16.73 14.94 13.00 12.11 10.58
 1.44  1.71  3.30  3.89  4.83  4.99  5.11  5.31  5.57  5.70  6.00
traj-268:
20.07 20.21 20.63 21.13 21.79 22.11 22.14 22.17 22.21 22.20 22.26 22.13 22.00 20.27 19.72 17.98 16.52 15.10 13.74 11.86
 1.27  1.54  3.37  4.64  6.18  8.14 10.13 11.23 12.45 14.15 15.87 17.06 17.93 18.15 18.24 18.32 18.23 18.43 18.60 18.29
traj-269:
22.76 22.48 22.17 21.94 21.38 20.94 20.74 21.30 21.40 21.53 22.97 23.61 25.14 26.88 27.18 28.00 28.25 28.67 28.69 28.78 28.98 29.21 29.67 30.00 30.77 31.38 32.23 33.01 33.35 34.24
 0.70  2.61  4.56  6.35  8.24  9.91 11.26 12.92 13.34 13.61 14.68 14.72 14.80 14.79 14.79 15.91 16.61 18.45 20.10 20.75 22.51 23.55 24.90 25.70 27.06 27.99 29.52 30.90 31.48 32.85
traj-270:
20.44 21.26 21.74 21.90 20.98 19.90 17.97 17.14 15.44 14.34 12.47 10.93  9.82
 0.50  2.04  3.60  4.13  5.84  5.28  4.97  4.93  4.98  4.91  4.82  4.86  4.50
traj-271:
20.74 20.76 20.77 20.85 21.21 21.64 21.46 21.74 21.90 21.56 21.27 21.16 19.72 18.30 16.83 15.96 14.47 12.74 11.95 10.71  9.08
 0.62  2.48  3.82  5.76  7.30  8.96  9.95 11.74 12.49 14.38 16.30 16.84 18.06 18.18 18.30 18.41 18.20 17.73 17.51 17.59 17.69
traj-272:
20.96 21.29 21.52 21.64 21.69 21.88 21.78 21.65 21.65 21.46 21.86 23.84 25.56 27.00 28.10 28.41 28.94 29.53 30.74 31.80 32.36 33.77
 0.56  2.47  3.86  4.89  6.73  8.05  9.10 10.24 11.30 12.94 14.74 14.90 14.78 14.81 16.33 18.18 20.02 20.75 22.30 23.07 23.53 24.37
traj-273:
21.39 22.11 22.17 22.41 22.55 22.75 22.45 22.14 21.51 20.07 19.89 18.05 16.69 14.77 13.05 11.17 10.18  8.37  7.53
 1.23  2.95  3.24  3.79  4.37  6.08  7.12  8.18  7.29  6.13  5.89  5.12  5.10  5.40  5.92  5.75  5.27  4.44  4.23
traj-274:
22.58 22.24 21.40 21.40 21.52 21.63 21.73 21.64 21.60 21.56 21.76 21.63 21.46 19.80 18.65 16.75 16.02 15.57 13.72 11.93
 0.56  1.05  2.60  3.70  5.60  7.39  8.45 10.19 11.34 13.28 14.52 16.44 17.39 18.25 18.39 18.58 18.82 19.08 19.50 19.56
traj-275:
22.10 21.91 21.75 21.87 21.90 21.90 21.92 22.11 22.02 23.29 25.28 27.02 28.03 28.14 28.21 28.25 28.33 28.79 29.75 30.47 31.61
 1.83  3.22  4.90  6.37  8.26  9.17 10.71 12.66 13.36 14.09 14.16 14.14 15.78 17.17 18.29 20.00 21.33 22.26 23.86 24.96 26.57
traj-276:
20.47 21.48 21.82 20.83 19.30 17.44 16.87 15.42 14.31 12.56
 1.59  3.18  4.47  5.86  5.46  5.22  5.16  4.93  4.76  4.37
traj-277:
22.61 22.04 22.14 22.09 22.06 21.98 21.84 21.88 22.04 21.98 21.71 21.41 21.49 20.08 19.20 17.74 15.81 15.02 13.53 12.30 10.89 10.11  8.32  7.05  5.89
 1.13  2.80  3.66  5.58  6.71  7.90  9.66 10.54 12.07 13.35 15.18 16.96 17.34 18.55 18.56 18.50 18.68 18.88 19.15 19.39 19.63 19.77 20.32 20.54 20.81
traj-278:
20.04 20.55 20.57 21.13 21.15 21.20 20.53 20.25 20.59 21.28 22.13 22.97 24.40 25.53 27.25 28.08 29.11 29.51 30.53 30.79 30.93 30.83 30.71 30.44 31.11
 0.82  2.50  2.87  4.60  6.29  6.83  8.68 10.47 11.53 12.48 13.65 14.32 14.20 14.16 14.38 15.34 16.95 18.36 20.03 20.67 22.56 24.55 24.82 26.75 28.04
traj-279:
21.88 21.22 20.73 19.51 17.74 16.09 15.50 13.78 12.62 11.40  9.64  8.94  7.29  5.48
 1.98  3.60  4.64  5.50  5.16  5.36  5.44  5.77  7.14  8.63  8.42  8.34  8.01  7.57
traj-280:
22.08 21.99 21.48 21.62 21.75 21.98 21.98 21.91 22.10 22.44 21.98 21.71 21.56 20.66 19.33 17.51 15.69 15.39 13.67 11.99 10.04  8.05  6.39  5.22
 1.06  2.09  3.87  4.32  6.31  7.59  9.45 10.16 11.83 13.73 15.66 15.78 16.20 17.13 18.37 18.53 18.37 18.32 17.85 18.50 18.30 18.42 18.25 18.16
traj-281:
20.78 21.01 21.30 21.40 21.67 21.90 21.97 22.03 22.12 22.20 22.58 22.74 24.66 25.54 27.28 28.01 28.02 28.03 28.04 28.01
 0.92  2.02  3.14  3.73  5.29  6.06  7.98  9.45 11.32 12.40 13.66 14.35 14.60 14.67 14.78 16.15 16.97 18.84 20.72 22.46
traj-282:
22.74 22.13 21.87 20.94 19.29 17.87 16.22 15.37 13.73 11.80
 0.83  2.55  3.30  4.52  5.35  5.30  5.22  5.16  4.99  4.57
traj-283:
22.04 22.00 22.09 22.26 22.36 22.49 22.61 22.47 22.48 22.24 22.15 21.96 20.66 18.72 16.94 15.63 14.80 13.54 11.80 11.07  9.26  8.39
 1.89  2.18  4.14  5.71  6.75  8.71 10.41 12.36 13.62 15.44 17.17 17.74 18.35 18.58 18.62 19.52 20.29 20.12 20.24 20.20 19.92 19.82
traj-284:
22.34 22.05 21.74 21.95 22.11 22.25 22.25 21.96 21.40 23.16 24.29 26.27 27.74 29.57 29.87
 1.40  2.12  4.09  5.99  7.28  9.21 11.15 12.28 13.81 14.45 14.35 14.16 14.01 14.13 14.12
traj-285:
20.89 20.81 19.99 18.32 17.00 16.17 14.48 13.68 12.40 11.49 10.71  9.18  7.76  6.69  5.39
 1.25  3.21  4.99  4.91  4.96  5.01  5.31  5.66  6.36  7.77  9.04 10.13  9.98 10.00 10.03
traj-286:
21.10 21.24 21.53 21.98 21.74 21.55 21.26 20.69 21.11 21.28 20.89 19.42 18.84 17.11 16.52 14.81 12.85
 0.65  2.19  3.27  4.83  6.79  8.77 10.09 11.98 13.73 15.59 17.26 18.13 18.16 18.10 18.09 17.47 17.15
traj-287:
21.28 21.67 21.68 21.81 21.92 22.00 22.01 22.14 22.24 23.39 25.32 27.23 28.46 29.37 29.67 29.26 28.62 28.39 28.26 29.25 30.03 31.06 32.06 33.16 33.62
 0.64  2.02  3.59  5.36  7.35  9.10 11.02 12.91 14.59 14.66 14.44 14.75 16.10 17.60 19.17 20.39 22.16 24.01 25.01 26.37 27.37 28.63 29.69 31.34 32.08
traj-288:
22.42 22.15 21.83 20.41 20.11 18.17 16.75 15.33 14.48 13.15 12.47
 1.17  2.93  4.82  5.88  5.88  5.86  5.79  5.79  5.79  5.95  6.37
traj-289:
22.80 22.67 22.47 22.35 22.25 22.04 22.08 22.24 22.33 22.46 22.14 21.90 20.36 18.38 16.66 15.11 14.60 14.43
 0.90  1.93  3.78  5.13  6.42  8.28  9.76 11.58 12.15 13.77 15.65 17.62 18.40 18.52 18.56 19.39 19.69 19.94
traj-290:
20.88 21.15 21.34 21.47 21.79 21.68 21.46 21.77 22.53 23.14 24.31 25.75 27.46 29.34 30.66 32.55 33.25
 1.52  3.25  4.78  5.79  7.64  9.61 10.84 12.62 13.91 14.30 14.32 14.31 14.17 14.00 13.96 14.43 14.97
traj-291:
20.59 20.87 21.39 22.16 22.24 21.65 20.67 19.43 17.59 16.21 14.65 12.82 11.93  9.98  9.22
 1.28  2.13  3.51  5.29  7.22  8.05  6.82  5.46  5.03  4.98  4.92  4.99  5.10  5.55  6.03
traj-292:
22.31 22.28 22.00 21.68 21.58 21.65 22.02 21.89 21.92 21.83 21.74 21.46 20.15 18.78 17.03 16.15 14.34 14.06 12.34 10.62
 0.96  1.26  3.07  4.86  5.35  7.30  9.20 10.65 11.90 13.72 15.43 16.78 17.77 18.24 18.33 18.38 19.14 19.23 19.80 20.25
traj-293:
21.24 21.30 21.50 21.80 21.77 21.82 22.23 22.51 22.97 23.90 24.47 26.36 28.29 28.90 29.14 29.14 29.30 29.35 29.78 30.41 31.21 31.32
 1.08  2.05  4.03  5.53  6.57  8.40 10.14 11.78 13.71 14.39 14.33 14.11 14.57 16.38 18.15 20.07 21.85 22.15 23.89 25.46 27.03 27.31
traj-294:
22.20 22.04 21.06 19.83 18.24 16.38 14.94 14.35 12.90 11.29 10.70
 0.89  1.15  2.81  4.35  4.67  5.03  5.04  5.04  5.00  4.80  4.72
traj-295:
21.10 21.05 21.12 21.26 21.32 21.33 21.29 21.33 21.33 21.30 21.24 21.06 21.00 20.93 19.85 18.09 17.20 16.90 15.79 14.83 13.24 11.51 10.30
 0.44  2.09  3.18  4.75  5.61  6.78  7.91  9.88 10.49 12.15 13.89 15.46 16.49 17.46 18.36 18.64 18.80 18.85 19.60 20.56 20.54 20.53 20.40
traj-296:
22.16 22.12 22.27 22.41 22.49 22.63 22.60 22.52 22.52 22.37 24.34 24.94 26.69 27.28 28.53 28.92 30.53 31.67 33.07 33.88
 1.99  3.39  5.00  5.87  6.16  7.87  9.56 10.62 12.47 14.39 14.52 14.55 14.56 14.60 15.91 16.14 17.06 17.82 18.83 19.22
traj-297:
20.07 20.08 20.04 19.03 18.50 16.89 15.43 14.01 13.24 11.78 10.45  9.58  8.05
 1.25  1.98  3.42  4.77  5.24  5.80  5.83  5.88  5.94  6.43  6.84  7.15  7.69
traj-298:
21.26 21.42 21.77 22.02 22.17 22.09 21.93 21.81 21.46 21.15 20.52 20.47 20.03 18.33 16.86 14.91 13.94
 1.67  3.23  4.42  5.77  6.64  8.08  9.46 10.22 12.11 14.04 15.67 16.35 17.38 18.23 18.20 18.38 17.78
traj-299:
20.19 20.77 21.31 21.66 21.75 21.96 22.21 22.10 21.84 23.60 25.35 27.06 28.79 29.84 30.41 31.18 32.07 32.29
 1.87  3.20  5.03  6.45  7.15  8.95 10.31 12.28 13.18 14.02 14.07 14.16 14.34 14.86 16.45 17.85 19.32 19.52
