traj-0:
 1.73  3.50  4.96  6.54  7.29  9.12 10.89 12.79 13.99 15.96 17.25 19.12 21.11 21.63 23.44 23.96 25.50 25.90 26.18 26.36 26.73 26.87 26.89 26.89 26.89 26.95 26.99 26.99 26.06 25.64 24.58 23.67 21.70 20.80 19.63 18.11 16.25 15.65 13.68 11.93 11.64  9.74  7.96  7.15  5.78
30.83 30.53 30.49 30.53 30.49 30.58 30.51 30.31 29.89 29.74 29.79 29.98 29.94 30.08 30.04 30.16 29.53 28.65 27.20 26.33 24.61 22.84 21.10 19.34 17.55 15.81 13.84 13.28 14.35 15.14 16.02 16.57 16.85 16.98 17.25 17.68 18.15 18.20 18.26 18.17 18.13 17.71 16.95 16.49 15.60
traj-1:
11.51 13.37 14.30 15.74 17.56 18.51 20.39 20.64 22.46 23.84 24.16 24.41 24.52 24.58 24.75 24.89 24.54 24.12 23.14 21.92 20.15 18.36 16.39 15.16 13.81 12.13 10.52  9.41  8.12  6.40  5.23  3.41
16.59 16.63 16.65 17.15 17.77 17.73 17.71 17.74 18.18 18.85 19.23 21.20 22.64 23.24 25.05 26.21 27.69 28.03 29.26 29.37 29.59 29.65 29.64 29.63 29.73 29.79 30.23 30.51 30.70 31.10 31.35 31.74
traj-2:
 2.49  3.79  5.74  6.94  8.68 10.54 12.46 13.59 15.06 15.49 17.44 18.42 20.23 21.76 22.06 24.02 24.26 24.53 24.62 24.94 24.83 24.41 24.22 23.35 21.51 20.23 19.38 17.79 16.39 15.50 14.43 13.34 12.24 11.27 10.48  9.77  8.99  7.43  6.69
29.29 29.21 29.17 29.20 29.32 29.50 29.58 29.75 29.60 29.44 29.78 29.97 30.09 29.12 29.09 28.79 27.93 26.38 25.79 24.03 22.17 20.51 19.38 18.15 18.10 18.07 18.03 17.77 17.08 16.66 15.49 14.24 13.01 11.65 10.52  9.64  9.17  7.99  7.78
traj-3:
13.60 14.06 14.68 15.79 16.22 16.62 18.26 19.33 20.88 22.53 24.10 24.49 24.81 24.88 24.80 24.73 24.38 24.23 24.20 24.10 23.36 22.88 21.57 20.42 18.75 17.26 16.01 14.32 12.92 10.98  9.48  8.52  6.75  5.39  3.63  3.14
 8.42  9.17 10.27 11.74 13.67 15.53 16.59 16.71 16.88 17.11 17.50 18.46 19.15 20.58 22.05 22.88 23.15 25.11 25.68 27.45 29.11 30.20 30.86 30.70 30.07 29.46 29.48 29.38 29.15 29.23 29.28 29.27 29.49 29.63 29.70 29.85
traj-4:
 3.44  4.99  6.30  7.64  9.40 11.33 13.13 14.54 16.50 17.59 19.47 20.79 22.65 23.89 24.35 24.58 24.63 25.00 25.17 24.92 24.68 24.14 22.42 21.02 20.19 18.56 17.39 15.96 14.20 12.22 11.28  9.40  7.86  6.70
31.24 30.85 30.48 30.31 30.11 29.88 29.72 29.66 29.54 29.61 29.59 30.16 30.02 29.15 27.27 26.01 25.72 24.17 22.75 20.99 20.16 18.71 17.98 17.93 17.95 17.97 17.98 17.97 17.72 17.47 17.59 17.51 17.40 17.11
traj-5:
 5.66  6.57  7.47  8.29  9.52  9.84 10.58 12.08 12.67 13.76 15.25 17.10 18.18 19.81 21.50 23.29 24.22 24.33 24.39 24.45 24.37 24.25 24.08 22.38 21.31 21.20 20.61 18.70 17.01 15.36 13.46 11.50 10.71  9.19  8.62  6.87  5.49  4.69  3.51
 9.50 10.12 10.74 11.52 12.68 12.81 13.11 13.85 15.31 16.17 17.24 17.65 18.01 18.08 18.21 18.40 20.08 21.53 22.98 24.14 25.93 26.82 28.27 29.03 29.18 29.46 29.52 29.52 29.44 29.22 29.47 29.62 29.80 29.87 29.96 30.03 30.05 30.15 30.35
traj-6:
 3.08  4.59  6.30  7.14  8.39  9.32 10.42 12.21 13.51 15.50 16.97 18.21 19.73 21.59 22.61 24.19 24.45 24.47 24.44 24.52 24.56 24.66 23.19 22.59 20.68 20.09 18.32 16.40 14.69 13.00 12.09 10.51
30.16 30.10 30.16 30.08 29.96 30.00 30.10 30.39 30.44 30.23 30.93 30.66 30.40 29.70 29.45 28.84 27.14 26.26 24.55 22.92 21.19 19.27 18.11 18.12 18.02 18.10 18.19 18.38 18.35 17.57 17.14 15.96
traj-7:
 8.77  9.55 11.05 11.48 13.04 14.10 14.71 15.97 17.60 18.62 20.29 22.15 23.88 24.01 24.11 24.16 24.18 24.19 24.19 24.18 23.10 22.51 20.82 19.84 18.83 17.46 16.38 15.07 13.36 11.41 10.76  9.09  7.12  5.57  3.91  2.22
12.55 12.83 13.61 13.93 15.09 16.24 16.80 17.16 17.63 17.70 17.95 18.08 18.91 19.17 20.66 21.79 22.97 24.69 26.41 28.13 29.12 29.12 29.11 29.14 29.27 29.35 29.35 29.38 29.47 29.64 29.68 29.49 29.61 29.58 29.56 29.51
traj-8:
 3.55  4.92  6.82  7.91  8.68  8.98 10.88 12.20 14.14 15.67 17.32 17.95 19.85 21.44 23.03 24.81 24.70 24.63 24.60 24.65 24.64 24.53 24.16 23.71 22.29 21.74 19.91 19.34 18.00 16.83 15.21 13.85 12.75 11.01  9.18  8.64  6.77
29.67 29.56 29.53 29.53 29.52 29.53 29.65 29.65 29.77 29.68 29.75 29.70 29.86 29.69 29.32 29.03 27.48 25.71 23.86 22.96 21.52 20.65 18.97 18.82 18.11 17.91 17.59 17.36 16.95 16.41 15.46 14.91 14.71 14.43 14.14 13.93 13.41
traj-9:
 7.66  8.46 10.14 12.08 13.73 15.23 16.85 17.91 19.57 21.48 23.28 24.20 24.39 24.68 25.01 25.34 25.89 25.71 25.44 23.45 21.93 20.02 19.04 17.35 15.36 14.03 12.11 10.34  8.58  6.73  4.92  3.86  2.07
12.78 13.22 13.84 14.29 15.11 15.95 17.01 17.12 17.38 17.44 17.76 19.25 20.26 20.70 22.39 24.36 25.85 27.56 29.05 29.04 29.05 29.32 29.43 29.44 29.44 29.41 29.56 29.31 29.30 29.59 29.70 29.83 29.94
traj-10:
 2.48  4.06  5.78  7.34  9.08 10.56 11.11 12.60 13.33 15.32 15.53 17.37 18.35 19.78 21.49 23.02 24.25 24.51 24.60 24.54 24.57 24.47 24.33 23.71 22.47 21.12 19.67 17.95 15.98 14.84 13.28 11.55 10.17
30.21 30.07 29.88 29.74 29.74 29.99 30.20 30.68 30.86 30.84 30.74 31.26 31.48 31.50 30.62 29.49 28.09 26.54 25.69 24.25 22.48 21.24 19.98 18.92 17.97 17.92 17.88 17.74 17.83 17.84 17.99 18.00 17.94
traj-11:
15.37 15.64 16.00 17.08 18.31 20.16 21.87 23.54 24.31 24.50 24.97 25.36 25.42 25.42 25.37 25.22 24.72 23.33 21.63 19.96 18.08 16.30 15.72 13.84 11.98 11.22  9.94  8.73  7.06  5.17  3.75  3.03
12.68 14.47 16.13 17.78 17.95 18.01 18.02 18.43 19.78 21.08 22.72 24.09 26.03 27.44 28.64 29.89 31.14 31.50 31.18 30.75 30.30 30.03 29.96 30.00 30.10 30.06 30.03 30.05 30.48 30.83 31.09 31.14
traj-12:
 3.87  5.00  5.88  7.77  9.55 11.00 12.73 12.97 14.52 16.24 17.40 19.01 19.95 21.64 23.59 24.21 24.31 24.48 24.61 24.77 24.92 25.20 24.73 22.75 21.24 20.00 18.19 17.53 16.08 15.23 14.30 12.70 11.46
31.36 30.53 29.88 29.61 29.55 29.51 29.51 29.25 29.30 29.46 29.47 29.45 29.41 29.31 29.09 27.24 25.58 24.04 23.28 21.73 20.55 18.77 17.92 18.00 17.87 17.93 17.13 16.46 15.18 14.27 13.66 12.53 11.93
traj-13:
 5.04  5.89  7.63  8.91 10.87 12.86 13.37 15.27 16.89 18.00 19.53 21.09 21.83 23.30 23.93 24.79 24.63 24.56 24.25 24.16 24.23 24.35 23.34 22.81 20.94 19.73 17.95 17.29 15.41 13.61 12.43 10.62  9.70  8.26  6.58  5.79  4.23  3.75
14.29 14.19 14.46 14.51 14.75 14.98 15.11 15.15 16.29 16.97 17.45 17.76 17.86 18.23 18.91 20.38 21.28 23.23 24.00 25.49 26.95 28.12 29.07 29.14 29.30 29.55 29.82 29.83 29.73 29.66 29.55 29.43 29.43 29.39 30.03 30.19 30.87 31.11
traj-14:
 4.04  5.71  7.68  8.67 10.43 11.15 12.84 14.72 16.51 18.02 19.99 20.23 22.07 23.00 23.60 25.53 25.63 25.59 25.29 25.13 24.78 24.48 24.09 23.40 22.12 20.37 19.51 17.70 16.39 15.66 13.77 12.60 11.09  9.42  7.97  6.37  5.44
30.41 30.21 30.13 30.07 30.08 29.77 29.79 29.56 29.58 29.67 29.77 29.81 29.50 29.50 29.28 29.15 27.86 26.66 25.34 24.21 22.26 20.54 19.53 18.29 17.82 17.16 16.98 16.38 15.51 15.32 14.71 13.18 11.96 11.34 10.49  9.37  8.70
traj-15:
16.47 16.31 16.10 15.88 16.50 17.59 18.79 19.27 21.13 22.40 23.96 24.35 24.51 24.64 24.87 25.04 25.19 24.89 24.37 23.35 21.53 19.56 18.23 16.82 15.51 13.75 13.02 11.52  9.80  7.97  6.67  4.85  3.60  2.99
10.62 11.46 12.87 13.73 15.47 16.41 17.36 17.59 17.95 18.12 18.84 19.54 21.32 22.20 23.78 24.87 26.61 28.06 29.69 30.29 30.53 30.39 30.03 29.75 30.53 30.27 29.98 30.07 29.61 30.15 30.58 30.38 30.93 31.30
traj-16:
 2.95  4.38  6.33  8.22 10.15 11.16 13.11 14.95 16.43 18.39 19.34 20.68 22.64 24.33 24.30 24.28 24.26 24.36 24.36 24.49 24.40 24.05 22.07 20.25 18.69 17.24 15.28 14.87 13.40 12.11 10.70  9.53  8.44  6.89  6.06
30.78 30.53 30.22 29.61 29.35 29.48 29.49 29.65 29.57 29.52 29.41 29.33 29.04 28.65 27.55 26.03 24.76 22.82 22.52 20.72 19.55 17.61 17.74 17.90 18.02 17.41 17.16 17.01 15.66 14.78 13.46 12.65 11.71 10.48  9.79
traj-17:
 6.23  7.02  8.26  9.17 10.82 11.75 13.12 14.70 15.34 16.33 17.66 18.79 20.55 21.90 23.35 24.27 24.59 24.60 24.72 24.79 25.34 25.11 25.07 23.84 22.85 21.53 19.60 17.80 16.81 14.98 13.02 11.77 10.83  8.94  7.63  6.01  4.39  2.91
 8.48  8.75  9.35  9.85 10.97 11.56 12.70 13.10 14.40 15.64 16.56 17.04 17.68 17.98 18.56 20.00 21.80 23.15 24.39 25.28 27.01 28.96 29.26 30.65 30.58 30.55 30.58 30.53 30.35 29.86 29.71 29.91 30.02 30.25 30.77 31.07 31.63 31.88
traj-18:
 2.81  4.50  5.05  6.92  8.64 10.44 11.71 13.58 15.25 16.54 18.50 20.31 21.34 22.60 24.15 24.26 24.34 24.45 24.52 24.53 24.35 24.28 23.20 21.97 20.51 18.56 17.99 16.40 14.82 13.05 12.16 11.31 10.22  9.31  8.58
30.91 30.39 30.18 29.98 29.79 29.90 29.75 29.81 29.74 29.56 29.33 29.34 29.20 29.01 28.41 27.24 26.20 24.48 23.89 22.06 21.60 19.88 18.24 18.03 17.74 17.32 17.23 16.82 16.42 15.78 15.24 14.71 13.50 12.37 11.22
traj-19:
 9.43 10.79 12.29 13.48 15.12 16.82 17.65 18.17 19.85 21.45 23.16 24.16 24.23 24.34 24.54 24.69 24.57 24.35 24.31 23.17 22.04 20.15 18.60 16.75 15.18 13.38 11.84 10.19  8.88  7.08  5.80  4.12  2.82
12.93 13.33 13.71 14.10 15.09 15.63 16.23 16.46 17.13 17.77 18.66 19.96 20.85 22.03 23.66 25.34 25.74 27.25 28.94 30.43 30.89 30.64 30.33 29.84 29.58 29.30 29.41 30.06 30.13 30.86 30.19 29.64 29.15
traj-20:
 3.83  5.15  6.67  7.93  9.37 10.06 12.00 13.61 15.57 16.21 17.70 19.58 20.47 22.02 23.77 24.26 24.25 24.31 24.30 24.21 24.18 23.39 22.18 20.32 19.83 18.09 16.89 15.73 14.25 12.93 11.48 10.26  9.85  8.45  7.00
31.58 31.23 30.83 30.39 29.90 29.76 29.55 29.69 29.68 29.72 29.96 29.96 29.99 29.99 29.20 27.50 26.04 24.33 22.40 20.69 19.64 18.12 17.93 17.60 17.53 17.26 16.47 15.51 14.59 13.74 12.51 11.23 10.90  9.68  8.84
traj-21:
 8.14  8.99 10.88 12.12 13.47 14.43 15.77 17.10 18.20 19.77 21.26 23.19 24.19 24.41 24.81 24.66 24.44 24.21 24.05 23.67 22.60 21.01 19.16 17.34 15.46 14.33 12.78 11.54  9.73  7.89  6.76  5.73  4.60  3.67
14.02 13.99 14.47 14.85 15.75 16.40 17.57 17.92 17.99 18.04 18.07 18.45 20.08 21.53 23.46 25.14 25.62 25.82 27.39 29.17 29.38 29.72 29.58 30.14 30.33 30.39 30.19 30.00 29.99 30.19 30.52 30.59 30.82 31.00
traj-22:
 2.60  2.77  4.72  5.68  7.28  8.70  9.73 11.50 13.26 14.75 15.97 17.10 18.57 19.72 21.61 23.37 24.47 24.47 24.41 24.48 24.64 24.48 24.30 23.18 22.33 20.58 18.72 16.99 16.60 15.68 14.85 14.13 13.23 12.75 12.33
29.25 29.61 29.99 30.40 30.55 30.53 30.20 29.82 29.76 29.73 29.73 29.80 29.85 29.93 30.03 29.15 28.73 26.74 24.75 23.99 22.38 20.69 19.74 18.24 18.19 17.93 17.70 16.85 16.17 14.62 12.86 11.98 10.21  9.06  8.06
traj-23:
10.09 10.58 12.34 13.62 15.37 17.11 18.78 19.30 20.93 22.10 23.73 24.03 24.09 24.11 24.12 24.27 24.46 24.54 23.83 23.48 21.61 20.10 18.54 16.99 16.22 15.53 13.66 12.27 10.64  8.71  6.95  5.62  3.99  3.27  1.90
15.81 16.85 17.64 18.12 18.17 18.22 18.00 17.93 17.66 17.49 18.01 18.34 20.12 21.28 23.02 24.36 26.27 27.43 29.04 29.53 29.80 29.35 29.37 29.27 29.60 29.72 29.69 29.72 29.81 29.95 29.87 30.20 30.57 30.74 31.03
traj-24:
 2.22  3.77  5.54  7.30  8.34 10.22 10.68 12.55 14.24 15.80 16.76 18.29 19.97 21.95 22.34 22.85 24.38 24.57 24.74 24.80 24.88 24.80 24.62 24.20 22.45 20.68 19.80 17.94 17.36 15.58 14.33 12.70 10.90  9.62  8.81
30.05 30.23 30.30 30.41 30.66 30.91 30.95 31.25 30.63 30.28 30.02 29.70 29.40 29.50 29.42 29.28 28.55 27.37 25.68 24.24 22.86 21.15 20.30 18.62 18.06 17.96 17.98 18.07 18.06 18.03 17.65 17.23 16.88 16.66 16.32
traj-25:
 7.87  8.16  9.83 10.66 11.65 12.98 14.68 16.56 18.16 19.36 20.87 22.53 23.11 24.11 24.22 24.22 24.28 24.21 24.10 24.16 23.09 22.79 22.22 20.27 19.33 17.71 15.89 14.01 12.66 11.00  9.56  8.55  7.13  5.15  3.46
13.66 13.73 14.62 15.17 15.77 16.70 17.21 17.87 17.38 17.53 18.01 18.05 18.09 19.69 21.42 22.52 24.13 25.59 26.85 28.40 29.25 29.30 29.87 30.18 30.01 29.88 30.13 30.78 30.30 29.94 29.86 29.79 29.95 30.10 30.71
traj-26:
 2.28  3.23  4.65  5.24  7.22  8.52 10.21 12.17 13.55 15.18 16.42 17.59 19.36 21.15 21.92 23.43 24.23 24.50 24.88 25.06 25.24 24.97 24.60 23.35 21.62 20.20 19.07 17.66 16.12 15.02 13.86 12.72 11.06  9.31  7.61
30.60 30.46 30.37 30.25 30.13 30.08 29.87 29.81 29.77 29.78 29.68 29.57 29.41 29.26 29.22 29.16 28.18 26.71 25.01 24.14 22.84 21.05 20.34 18.80 17.98 17.89 17.75 17.32 17.05 16.71 16.64 16.58 15.71 15.36 14.94
traj-27:
14.21 14.32 14.93 15.19 15.55 15.78 15.96 16.77 18.19 19.42 20.20 22.07 24.02 24.10 24.25 24.39 24.40 24.49 24.37 24.29 24.17 24.13 22.60 20.99 20.32 18.57 16.82 15.27 13.68 12.79 10.91  9.07  7.75  6.79  5.43  3.52  2.57
 8.86  9.26 11.11 11.26 13.13 14.77 15.54 16.56 17.15 17.36 17.39 17.51 17.90 18.19 20.12 20.62 21.91 23.67 25.42 27.26 29.23 29.53 30.80 30.64 30.48 30.01 30.04 29.97 29.90 29.78 30.44 30.36 30.43 30.14 29.80 29.85 29.23
traj-28:
 1.86  3.16  4.83  6.31  8.20  8.65  9.93 11.09 12.20 14.07 15.49 17.00 18.08 19.57 20.33 21.70 23.36 25.19 25.16 24.86 24.80 24.84 25.00 25.08 25.10 23.87 22.25 20.46 19.38 17.89 17.40 15.79 14.44 13.28 12.57 11.17 10.05  8.63  8.41  7.07
31.60 30.86 29.92 30.00 29.70 29.68 29.72 29.64 29.59 29.61 29.57 29.70 29.72 29.73 29.74 29.98 30.05 29.77 27.77 26.30 24.91 23.60 22.20 20.29 19.84 18.48 17.49 16.99 16.82 16.38 16.26 15.48 14.71 13.52 12.83 11.45 10.39  9.06  8.86  7.49
traj-29:
10.82 11.46 12.52 13.18 14.52 15.32 16.66 17.66 18.86 20.71 21.72 22.64 24.20 24.70 24.42 24.30 24.24 24.23 24.31 23.63 23.35 21.60 20.73 19.73 17.80 16.43 14.63 13.32 11.40  9.76  8.02  6.29  5.52  4.70  3.99
10.46 11.09 12.33 13.12 14.37 15.45 16.04 16.29 16.76 17.30 17.67 17.89 19.01 20.84 22.64 24.50 26.11 26.66 28.16 29.81 30.33 31.23 30.77 30.41 30.06 30.09 29.97 29.95 29.79 29.64 29.76 29.83 29.72 31.00 31.15
traj-30:
 3.52  3.82  5.78  6.55  7.81  9.70 10.18 11.99 13.58 15.33 16.72 18.30 20.19 20.78 22.73 23.19 24.51 24.55 24.59 24.64 24.45 24.37 24.38 23.49 21.72 20.55 19.11 17.74 16.77 15.59 14.36 12.53 12.32 10.49  8.70  6.83
29.67 29.73 29.98 30.07 30.22 30.40 30.45 30.51 30.57 30.55 30.40 30.36 30.06 29.95 29.69 29.01 28.36 27.52 25.61 23.78 22.09 20.10 19.80 18.16 18.17 18.18 17.89 17.45 17.28 17.09 16.90 16.79 16.76 16.56 16.33 16.08
traj-31:
11.75 12.65 14.30 15.29 17.05 18.77 20.71 21.77 23.61 23.96 24.24 24.38 24.44 24.47 24.31 24.25 24.28 22.97 21.50 19.74 18.67 17.70 15.98 14.74 12.79 10.85  9.04  7.46  5.59  4.38  3.07  1.82
18.06 18.07 18.16 18.21 18.10 18.05 17.90 17.87 18.43 18.82 19.29 20.81 22.20 23.79 25.36 26.67 28.45 29.06 29.08 29.07 29.12 29.16 29.17 29.30 29.41 29.45 29.64 29.51 29.63 29.84 30.08 30.25
traj-32:
 2.54  3.67  4.94  6.46  8.22 10.17 11.96 13.13 13.85 15.30 17.12 19.04 20.92 22.25 24.21 25.12 25.03 25.07 24.96 24.76 24.60 24.63 24.41 23.87 22.04 20.74 18.90 17.08 15.39 15.16 13.76 13.34 12.22 11.06  9.39  9.14
31.32 31.01 30.62 30.16 29.91 30.14 30.03 30.03 29.96 30.03 30.06 29.86 30.04 30.22 30.55 29.36 28.05 26.74 25.86 23.92 22.26 20.57 18.78 17.35 17.02 16.84 17.16 16.66 15.73 15.53 14.23 13.81 12.73 11.43 10.67 10.51
traj-33:
 9.74 10.04 11.01 11.99 12.48 13.41 15.11 16.29 17.15 18.61 20.08 21.21 23.16 24.13 24.13 24.13 24.14 24.19 24.25 24.14 23.51 22.51 20.75 19.38 18.24 16.83 14.89 12.97 11.79 10.32  9.76  8.06  7.47  5.99  4.10
11.63 13.54 14.56 15.64 16.28 17.91 18.24 18.26 18.24 18.20 18.12 18.03 18.34 19.85 20.44 22.17 23.88 25.77 26.31 27.89 29.28 30.22 30.44 30.04 29.89 29.79 29.56 29.50 29.52 29.49 29.35 29.17 29.14 29.09 29.14
traj-34:
 3.23  5.08  6.70  8.06 10.00 11.13 12.79 14.04 15.95 17.47 19.46 21.22 23.15 23.92 24.46 24.41 24.31 24.59 24.53 24.45 24.18 22.55 20.59 19.03 18.31 17.02 15.43 13.99 13.73 12.33
31.26 31.31 31.08 31.03 30.60 30.65 30.88 30.91 30.84 30.39 30.56 30.22 29.85 29.72 27.88 26.94 25.23 24.05 22.29 20.81 18.86 17.98 18.00 17.87 17.65 17.24 16.38 15.31 15.16 14.16
traj-35:
15.11 16.16 17.17 18.71 20.52 21.81 23.78 24.27 24.28 24.28 24.26 24.27 24.24 24.15 24.11 23.15 21.35 19.55 17.83 16.21 14.77 13.71 12.11 10.39  8.46  6.92  5.88  4.01  2.88
18.26 17.91 17.48 17.52 17.91 18.05 18.32 19.23 20.34 21.23 23.01 24.55 25.97 27.93 28.22 29.03 29.12 29.20 29.38 29.68 29.90 30.11 29.68 30.15 30.38 31.09 30.96 30.86 30.84
traj-36:
 1.94  3.48  5.23  5.53  7.24  9.19  9.50 11.34 11.85 13.48 14.66 16.52 18.40 18.70 20.52 21.16 23.06 24.62 24.36 24.29 24.29 24.30 24.29 24.27 23.04 21.78 20.27 18.74 17.74 16.28 16.05 15.52 15.18 14.68 14.13 13.40
29.14 29.37 29.57 29.58 29.67 29.83 29.84 29.92 29.96 29.75 29.58 29.57 29.55 29.55 29.28 29.25 29.08 27.90 26.19 24.29 23.32 21.79 21.05 19.58 18.09 17.82 17.43 16.89 16.67 15.64 14.09 12.65 11.60 10.37  9.03  7.41
traj-37:
 5.58  6.87  8.43  9.25  9.94 11.61 12.46 13.36 14.67 15.47 17.40 19.17 20.23 21.57 23.01 23.38 24.26 24.59 24.71 24.95 25.11 24.66 24.35 23.77 23.32 21.37 19.53 17.58 15.75 15.21 13.54 11.62 10.33  9.04  7.90  6.36  5.73  4.12
10.49 11.33 12.45 13.17 13.87 14.76 15.16 15.91 16.87 16.88 17.39 18.15 18.10 18.10 18.04 18.71 19.62 21.54 22.19 23.98 25.57 27.51 28.34 30.15 30.40 30.21 30.52 30.25 30.47 30.50 30.58 30.58 30.63 30.67 30.77 30.70 30.74 31.01
traj-38:
 3.64  4.80  4.96  5.93  7.23  8.56  9.81 11.79 13.77 15.12 17.11 18.07 19.83 21.18 22.18 23.71 24.12 24.49 24.69 24.57 24.59 24.97 25.07 24.53 23.43 22.01 20.12 18.85 17.37 16.29 15.52 14.34 12.87 11.66 10.50  9.95
29.99 29.73 29.48 29.33 29.30 29.37 29.30 29.32 29.37 29.36 29.38 29.46 29.57 29.79 29.83 29.15 28.50 26.72 25.65 23.73 21.80 20.24 18.45 17.04 16.92 17.37 17.36 17.28 16.73 16.02 15.20 13.70 12.61 11.55 10.56  9.66
traj-39:
 8.10  9.97 10.10 12.09 12.99 14.23 16.02 16.34 18.13 19.68 20.52 22.10 23.46 23.98 24.15 24.21 24.30 24.36 24.33 24.35 24.25 23.36 21.62 19.93 18.81 16.84 15.28 13.81 11.99 10.05  9.09  7.81  5.86  4.15
17.12 17.28 17.27 17.06 17.26 17.51 17.69 17.67 17.89 17.92 17.98 18.00 18.55 18.81 19.06 19.93 21.83 23.42 25.10 26.85 28.00 29.63 29.53 29.66 29.74 29.73 29.58 29.66 29.67 29.66 29.64 29.58 29.59 29.47
traj-40:
 3.39  4.54  5.69  7.11  8.57  9.77 10.59 12.18 12.50 14.28 15.33 16.93 18.65 20.21 21.37 22.53 23.58 24.06 24.01 24.02 24.04 24.04 24.06 24.14 23.21 22.74 20.86 19.93 18.49 16.98 16.01 15.14 14.16 12.68 11.24 10.37  8.83
30.96 29.42 29.41 29.53 29.57 29.54 29.53 29.32 29.43 29.38 29.42 29.48 29.57 29.71 29.61 29.44 29.01 27.87 26.05 25.15 23.25 22.95 21.10 19.51 18.09 18.00 17.65 17.46 17.09 16.30 15.24 14.31 14.35 15.25 15.99 16.36 17.05
traj-41:
 6.71  8.60 10.56 12.32 14.04 14.34 16.04 17.98 19.51 20.21 21.14 22.88 23.27 24.01 24.21 24.60 24.71 24.85 24.58 24.37 24.32 23.33 21.83 20.36 19.09 17.29 16.00 14.53 12.66 10.73  9.01  7.14  5.31  4.93  3.17
16.60 17.11 17.46 17.84 18.08 18.08 17.61 17.42 17.59 17.73 17.96 18.10 18.27 19.43 20.19 22.11 22.63 24.50 26.10 27.82 28.41 29.97 30.50 30.67 30.80 30.71 30.52 30.58 30.50 30.84 31.03 31.06 31.62 31.69 31.87
traj-42:
 1.82  3.40  4.04  5.59  6.42  7.91  9.17 10.02 11.39 13.02 14.56 16.28 18.13 20.08 22.07 23.79 24.61 24.79 24.78 24.69 24.54 24.18 23.42 22.44 21.31 19.79 17.82 16.46 14.91 14.16 13.34 12.35
30.93 30.26 30.02 29.55 29.50 29.39 29.37 29.29 29.22 29.17 29.15 29.13 29.17 29.19 29.15 29.16 27.39 25.92 24.26 23.07 21.63 19.75 18.29 17.95 17.87 18.01 17.88 17.63 17.23 16.15 14.65 13.38
traj-43:
14.38 14.83 15.16 15.28 15.81 17.44 18.69 20.19 21.25 22.75 23.59 24.28 24.37 24.48 24.48 24.44 24.32 24.26 22.47 20.96 19.17 17.99 16.24 15.52 13.84 13.45 11.82 10.15  8.97  7.06  5.95  4.19
10.84 12.25 14.16 14.37 16.17 16.70 17.26 17.80 18.03 18.37 18.55 19.56 21.29 23.15 24.75 25.63 26.89 28.37 29.19 29.08 29.12 29.18 29.28 29.33 30.04 30.31 30.87 30.58 30.30 30.19 30.04 29.81
traj-44:
 1.89  3.10  4.50  6.45  6.92  8.43  9.57 10.46 12.27 12.86 14.56 15.75 16.92 18.49 20.47 21.76 23.15 24.98 24.96 24.91 24.62 24.56 24.43 24.29 24.23 23.37 21.56 19.70 17.85 16.49 15.26 14.02 13.22 11.73 10.76
31.56 31.51 31.54 31.20 31.10 30.87 30.68 30.47 30.02 30.06 30.04 30.13 30.14 30.22 30.36 30.47 30.60 29.99 28.57 27.17 25.68 24.63 22.83 20.85 19.69 18.25 17.95 17.32 16.92 16.46 16.02 15.56 15.31 14.62 14.07
traj-45:
 9.72 11.22 12.74 13.92 15.19 15.74 17.50 18.42 19.74 21.54 23.14 24.12 24.23 24.04 24.02 24.22 24.32 24.25 22.78 20.94 19.45 18.71 16.94 15.70 14.55 13.47 11.62  9.82  9.52  7.75  6.19  4.51  2.73
14.27 15.46 15.95 16.36 16.73 16.95 17.41 17.49 17.75 17.90 18.76 19.86 21.59 23.54 24.97 26.89 27.97 29.77 30.14 30.45 30.42 30.31 30.55 30.67 30.75 30.87 30.69 30.66 30.61 30.48 30.45 30.70 31.04
traj-46:
 1.69  1.98  2.76  4.35  4.84  6.57  8.35  9.42 10.80 11.54 12.06 13.61 14.86 16.29 17.80 19.74 21.24 21.79 23.65 24.97 25.05 25.19 25.24 24.97 24.45 24.04 23.36 22.12 20.35 19.60 17.95 16.51 15.78 15.58 15.61
29.97 30.01 29.53 30.22 30.53 30.26 30.42 30.58 30.80 30.78 30.81 30.80 30.71 30.54 30.16 29.81 29.77 29.76 29.40 28.49 26.70 25.07 23.33 22.44 20.84 19.21 18.60 18.01 17.59 17.43 17.01 16.60 15.08 13.65 11.83
traj-47:
15.52 17.48 18.03 19.47 20.69 21.82 23.59 24.53 24.76 24.81 24.66 24.50 24.41 24.41 24.33 22.86 20.93 19.82 18.04 16.17 14.63 13.36 11.42 10.42  8.71  7.55  5.96  4.85  3.27  2.26
18.45 18.30 18.25 18.06 17.95 17.82 18.03 19.79 20.70 21.98 23.37 24.78 25.53 27.46 28.46 29.10 29.02 29.09 29.11 29.19 29.12 29.27 29.33 29.56 29.43 29.49 29.44 29.58 29.78 29.94
traj-48:
 1.87  2.61  3.98  5.45  6.43  7.97  9.03 10.49 11.37 13.29 14.93 15.77 17.70 19.01 20.88 22.49 23.07 24.50 24.99 24.70 24.62 24.65 24.72 24.49 24.08 22.62 21.54 19.77 18.89 17.33 16.07 14.91 13.26
31.75 30.94 30.55 30.18 30.37 30.43 30.64 30.69 30.72 30.89 30.85 31.01 30.69 30.73 30.39 30.50 30.43 30.23 28.48 26.81 25.09 23.71 22.04 20.99 19.14 17.97 18.06 18.16 18.19 17.15 16.39 15.60 14.53
traj-49:
13.09 13.73 14.66 15.76 16.99 17.65 19.24 21.13 23.03 24.21 24.37 24.50 24.60 24.59 24.48 24.36 23.34 21.49 19.57 18.69 17.36 15.99 14.84 13.65 12.25 11.10  9.80  8.82  7.42  5.85  4.08
12.03 13.32 14.54 15.98 17.51 17.64 17.88 17.97 18.11 19.58 21.29 23.04 24.61 25.92 27.64 28.23 29.29 29.49 29.50 29.58 29.64 29.57 29.85 30.00 30.03 30.28 30.52 30.68 30.81 30.98 31.08
traj-50:
 3.72  5.41  7.08  7.67  9.52 11.14 12.71 14.34 15.85 17.54 19.13 20.13 21.97 23.50 24.40 24.56 24.78 24.82 25.16 24.91 24.94 24.68 23.41 22.01 20.39 19.47 18.16 16.24 15.44 13.94 12.47 11.19 10.39
30.65 31.09 30.82 30.75 30.56 30.23 29.97 29.78 29.75 29.77 29.80 29.75 29.45 29.24 28.25 27.38 25.83 25.24 23.54 21.58 20.67 18.74 17.26 17.19 17.26 17.08 16.75 16.56 16.32 15.76 14.43 12.91 11.86
traj-51:
16.04 16.34 18.03 18.60 20.59 22.29 24.19 24.14 24.18 24.29 24.45 24.36 24.28 23.69 21.99 21.13 19.66 18.06 17.52 15.92 14.60 13.06 11.78 10.43  9.17  7.31  5.43  3.76  2.26
18.49 18.48 18.03 18.17 18.10 17.87 18.18 19.63 21.40 22.54 24.35 26.33 27.45 29.17 30.22 30.03 29.66 29.49 29.39 29.45 29.62 29.85 30.05 29.73 29.49 29.79 30.20 30.62 31.27
traj-52:
 3.76  5.54  7.21  9.15 10.91 12.76 13.96 15.16 16.78 18.25 20.17 21.71 23.36 24.09 24.22 24.29 24.43 24.24 24.26 24.05 23.06 22.59 20.77 19.44 17.52 16.09 14.14 12.30 10.76  9.04
31.73 31.36 30.86 30.58 30.19 29.94 29.85 29.67 29.56 29.44 29.52 29.60 29.53 27.70 25.92 24.94 23.55 22.13 20.32 19.45 17.83 17.58 16.97 16.98 17.19 17.11 16.71 16.49 16.10 15.71
traj-53:
 8.92 10.04 11.44 11.72 13.14 13.60 15.15 16.54 17.42 18.71 20.65 22.48 24.12 24.42 24.74 24.83 24.59 24.36 24.60 23.73 21.99 20.52 18.58 17.96 16.27 14.44 13.38 11.58  9.65  8.44  7.19  6.26  4.39  3.42
 9.56 10.52 11.87 12.11 13.39 13.73 14.95 16.22 16.87 17.59 17.93 17.99 18.89 19.71 21.33 21.92 23.76 25.61 27.30 29.08 29.16 29.29 29.40 29.31 29.23 29.36 29.39 30.15 30.33 30.23 30.13 29.88 29.36 29.24
traj-54:
 2.76  3.61  5.16  6.42  7.32  8.81  9.44 11.06 12.56 14.46 15.57 17.18 17.70 18.59 19.73 21.64 23.22 24.07 25.31 25.22 25.24 25.09 25.05 24.83 24.50 22.85 22.14 20.29 18.62 17.86 16.28 16.12 15.23 14.40 13.67 12.63 12.11
29.62 29.69 29.83 29.93 29.99 29.95 29.95 29.87 29.75 29.76 29.70 29.60 29.53 29.52 29.36 29.22 29.14 29.08 28.54 26.74 24.84 23.07 22.12 20.32 18.81 18.33 18.20 17.85 17.55 17.41 16.52 16.27 14.71 13.44 12.15 10.73  9.99
traj-55:
13.98 14.51 15.43 16.46 17.62 18.45 20.41 20.93 21.91 23.67 24.26 24.29 24.39 24.45 24.49 24.65 24.72 23.80 22.22 21.37 19.48 18.61 16.73 16.06 14.13 12.32 10.52  9.29  7.43  6.74  4.88  3.71
12.82 14.11 15.54 17.08 17.15 17.30 17.68 17.87 17.90 18.38 19.23 20.88 21.80 23.57 25.26 26.96 28.25 29.28 30.07 29.83 29.54 29.55 29.68 29.80 30.17 30.82 30.60 30.45 30.41 30.32 30.16 30.25
traj-56:
 3.40  4.64  6.42  8.23 10.01 11.96 12.41 14.18 16.04 17.83 18.82 20.26 22.10 23.77 24.42 24.61 24.84 24.77 24.49 24.48 24.13 23.74 22.20 20.73 18.97 17.18 15.67 14.21 13.46 13.40 13.63
30.98 30.79 30.49 30.40 30.37 30.18 30.02 29.82 29.84 29.54 29.38 29.47 29.18 29.07 27.51 27.10 25.18 23.34 22.05 20.75 19.55 18.98 17.98 17.65 17.45 16.90 16.16 14.83 14.19 12.58 11.08
traj-57:
16.32 16.13 15.93 15.79 15.63 15.62 15.55 17.20 18.94 20.61 21.40 23.36 24.17 24.33 24.57 24.74 24.48 24.28 24.39 23.90 22.84 22.00 20.36 18.93 17.14 16.39 14.44 13.86 12.43 10.70  8.87  7.77  6.09  4.66  4.19
 8.44  9.89 11.33 12.10 14.07 15.66 17.37 18.02 17.69 17.39 17.94 18.29 19.52 20.37 22.32 23.80 24.87 26.32 28.00 29.47 29.85 30.14 30.75 30.39 30.01 30.05 30.02 30.08 30.11 30.10 30.37 30.57 30.96 31.40 31.64
traj-58:
 3.74  4.99  6.87  7.57  9.37 11.17 12.65 14.46 16.05 17.48 18.65 20.24 22.15 24.10 24.23 24.48 24.49 24.48 24.48 24.49 24.49 24.50 23.12 22.14 20.22 18.53 17.01 15.58 14.02 12.44 10.74  9.69
30.75 30.70 30.08 29.92 29.82 29.65 29.48 29.53 29.29 29.20 29.09 29.02 29.01 28.94 28.67 26.92 25.76 24.62 22.91 21.38 20.79 19.32 18.06 17.97 17.90 17.72 17.47 16.87 16.02 15.25 14.25 13.77
traj-59:
16.14 16.32 16.80 18.13 18.82 20.42 22.26 22.81 24.09 24.31 24.72 24.69 24.91 24.63 24.28 23.12 22.56 20.69 19.42 18.00 16.18 14.76 13.30 11.40  9.46  7.82  6.99  5.03  4.75  3.01  2.72
13.63 14.69 16.03 16.39 16.62 17.18 17.71 17.99 19.07 20.42 22.23 23.38 25.28 27.07 28.08 29.03 29.23 29.38 29.47 29.50 29.51 29.47 29.48 29.61 29.82 30.27 30.40 30.66 30.98 31.70 31.77
traj-60:
 3.69  5.32  6.74  8.20  9.18 10.35 12.33 14.25 15.78 16.88 18.68 20.64 22.41 23.97 24.96 25.35 25.44 25.36 25.23 25.06 24.84 23.41 21.92 20.79 19.51 18.14 16.55 16.10 16.18 16.34 16.49
29.69 29.47 29.52 29.54 29.55 29.48 29.32 29.48 29.54 29.52 29.55 29.78 30.06 30.15 29.31 27.43 25.96 24.17 22.62 21.05 19.46 18.33 17.86 17.33 16.79 16.33 15.34 13.49 12.95 11.04  9.39
traj-61:
13.23 13.71 15.15 16.86 18.52 19.83 21.36 23.12 23.44 24.31 24.39 24.33 24.34 24.25 24.21 24.12 24.07 23.46 23.16 22.75 20.81 19.33 17.53 16.21 14.83 13.62 12.47 10.93  9.90  8.04  6.41  5.26  3.83
15.45 15.73 16.24 16.93 17.11 17.19 17.48 17.76 18.43 19.67 20.92 21.77 22.62 24.27 24.87 26.65 27.60 29.31 29.34 29.95 29.78 29.98 30.52 30.77 30.62 30.31 30.24 30.02 30.13 30.36 30.66 30.86 31.09
traj-62:
 1.89  3.54  4.66  6.53  6.66  8.31 10.19 11.62 12.21 14.15 14.59 16.40 17.66 18.62 20.49 21.54 23.34 24.10 24.70 24.97 25.00 25.06 25.08 24.97 24.60 23.96 22.14 20.73 19.94 18.00 16.16 14.26 13.39 12.08 10.68  8.94  7.97  6.48  5.35
31.32 31.20 31.74 31.68 31.41 30.36 29.98 29.79 29.84 29.69 29.78 29.88 29.99 30.09 30.29 30.31 30.00 29.87 28.00 27.75 25.78 23.83 22.06 20.40 19.15 17.92 17.94 17.83 17.71 17.27 17.00 16.71 16.44 15.34 14.21 13.43 12.41 11.08 10.10
traj-63:
 8.88  9.08 10.38 11.67 12.59 13.68 14.70 15.75 17.00 18.18 19.40 20.80 21.87 23.51 24.09 24.18 24.22 24.33 24.41 24.34 24.27 22.82 21.47 20.56 18.67 17.11 15.20 13.29 12.99 11.22  9.41  7.58  5.83  4.65  3.47  1.86
10.15 10.37 11.70 13.14 13.74 14.72 15.47 16.97 17.32 17.66 17.90 17.88 17.89 18.43 19.25 20.34 22.04 23.15 24.85 26.77 28.46 29.03 29.32 29.50 30.04 29.99 29.87 29.83 29.82 29.77 29.81 29.79 30.09 30.24 30.38 30.76
traj-64:
 3.76  5.37  7.22  9.18 10.53 11.94 13.65 15.22 15.91 17.24 18.74 19.44 20.92 21.47 23.26 24.09 24.57 24.64 24.71 24.80 24.87 24.64 24.60 22.87 22.15 20.34 18.39 17.71 15.98 14.54
29.15 29.62 29.89 29.73 29.57 29.58 29.57 29.47 29.38 29.43 29.44 29.34 29.29 29.26 29.26 29.22 27.35 25.69 24.64 23.08 21.41 20.36 18.50 18.14 18.13 17.99 17.88 17.77 17.41 16.71
traj-65:
15.28 15.87 16.02 16.03 16.12 15.99 16.29 16.76 17.45 18.24 19.33 20.95 22.64 24.50 24.80 24.79 24.80 24.98 24.90 24.62 24.46 24.32 23.51 22.22 20.86 19.44 18.09 16.43 14.57 12.64 11.26  9.55  9.03  7.07  5.36  3.71  3.07
 8.44  9.00  9.25 11.09 12.88 13.71 15.60 17.22 17.45 17.64 17.71 17.85 18.08 18.75 18.74 19.04 20.80 21.87 23.61 25.51 26.80 27.52 29.24 30.44 30.32 30.17 30.23 30.52 30.11 30.53 30.81 31.04 30.91 30.59 31.42 31.58 31.55
traj-66:
 4.16  4.74  6.32  8.24  9.42 10.05 11.95 13.83 15.10 16.96 17.92 19.82 21.61 21.87 23.66 24.20 24.54 24.61 24.46 24.38 24.20 24.01 23.07 21.24 19.71 18.08 16.95 16.76 15.84 15.40 14.66 14.05
29.27 29.32 29.52 29.60 29.73 29.65 29.68 29.54 29.49 29.59 29.71 29.56 29.41 29.40 29.20 27.88 26.12 25.14 23.43 22.36 20.82 19.78 18.06 17.74 17.80 17.94 16.46 15.70 14.36 12.64 10.92  9.15
traj-67:
11.13 11.87 12.56 12.83 13.28 13.60 15.05 16.57 18.26 20.11 21.57 23.16 24.11 24.20 24.35 24.50 24.86 24.93 24.51 24.11 22.45 20.55 19.32 18.18 16.84 15.09 14.06 12.68 11.13  9.45  8.58  7.09  5.50  3.67  3.08
 7.62  9.15 10.77 12.37 14.17 14.51 15.70 16.46 17.07 17.69 17.87 18.78 19.20 20.39 22.14 23.82 25.71 26.00 27.73 28.82 29.38 29.41 29.46 29.50 29.49 29.51 29.48 29.70 29.46 29.29 29.26 29.28 29.51 29.59 29.67
traj-68:
 4.00  5.67  7.47  8.88  9.99 11.91 13.25 14.69 16.60 17.59 19.22 20.59 21.98 22.43 24.32 24.55 24.76 24.93 25.14 24.79 24.38 23.16 22.61 20.72 19.26 18.50 16.73 15.66 14.46 13.47 12.89 11.39  9.95  8.83  7.73  7.10  6.05  5.13
29.33 29.29 29.40 29.42 29.29 29.45 29.56 29.65 29.43 29.40 29.41 29.41 29.12 29.05 28.44 26.84 25.61 24.73 23.01 21.21 19.38 17.93 17.84 17.38 17.23 17.15 16.77 16.05 15.09 14.05 13.52 13.13 12.64 11.49 10.32  9.67  8.47  7.54
traj-69:
15.03 16.22 17.40 17.65 18.76 20.60 22.50 24.03 24.26 24.52 24.92 24.87 24.98 24.83 22.99 21.12 19.14 18.20 16.93 14.95 13.20 11.40  9.55  8.64  6.94  5.37  3.50
14.19 15.25 16.78 16.99 17.96 18.02 18.18 18.80 20.44 22.28 23.98 25.47 27.24 28.42 29.17 29.53 29.66 30.25 30.70 30.85 30.70 30.34 29.96 29.79 29.52 29.43 29.24
traj-70:
 2.06  3.57  5.38  7.06  7.73  8.56  9.87 11.59 13.51 14.27 16.18 17.94 19.49 21.41 23.17 23.84 24.48 24.65 24.79 24.87 24.99 25.03 25.00 23.57 21.91 20.11 19.26 17.49 15.84 14.86 13.22 12.43 11.38 10.01
29.29 29.37 29.34 29.46 29.48 29.47 29.63 29.72 29.81 29.65 29.68 29.70 29.93 30.05 29.50 29.04 27.44 25.98 24.37 23.07 21.18 19.41 18.28 17.26 17.21 17.18 16.83 16.39 15.72 15.20 14.37 13.78 13.19 11.97
traj-71:
11.60 13.21 15.06 16.72 17.23 19.13 20.10 21.22 22.59 23.17 24.31 24.51 24.57 24.54 24.41 24.30 24.23 24.10 22.26 20.41 19.23 17.82 16.65 15.23 13.91 12.99 11.10  9.50  8.40  6.48  5.96  4.03  3.44
14.90 15.31 15.68 16.41 16.52 16.92 17.15 17.55 18.01 18.17 19.76 20.58 22.52 23.38 25.15 26.32 27.20 28.34 29.07 29.04 29.24 29.41 29.53 29.54 29.74 29.75 29.69 30.25 29.99 30.30 30.28 30.33 30.24
traj-72:
 3.47  5.37  6.37  7.55  8.88 10.63 12.31 13.76 15.19 16.74 18.58 19.92 21.56 23.06 24.73 25.25 25.45 24.95 25.39 26.07 25.83 25.36 23.57 21.80 20.64 19.47 17.85 16.55 15.37 14.22 13.50 12.52 12.09
29.71 29.58 29.55 29.46 29.41 29.40 29.34 29.27 29.33 29.34 29.35 29.28 29.20 29.30 29.43 27.92 26.09 24.44 22.66 21.47 20.35 19.47 18.67 18.37 18.19 17.32 16.69 16.02 14.62 13.21 12.37 10.89 10.28
traj-73:
 9.29 10.48 11.49 12.56 13.17 14.54 15.37 16.73 18.23 19.82 20.68 22.28 23.81 24.13 24.21 24.30 24.46 24.50 24.48 24.60 24.12 22.35 21.75 19.84 18.12 16.17 14.29 12.57 10.75  9.81  8.42  7.07  5.13  3.98  2.42
 7.86  8.99 10.02 11.65 13.48 14.72 15.41 16.54 17.76 17.69 17.77 18.06 18.41 18.69 19.86 20.76 22.72 23.82 25.45 27.21 28.24 29.06 29.87 29.90 29.91 29.80 29.67 29.58 29.48 29.56 29.66 29.63 29.69 29.66 29.68
traj-74:
 2.16  2.33  4.28  4.99  6.73  7.43  9.25 11.17 12.92 14.61 16.47 17.92 18.81 20.24 21.50 22.71 22.86 23.28 24.15 24.35 24.30 25.05 24.92 24.69 24.30 23.75 22.65 21.86 20.59 19.44 18.00 16.67 15.52 14.09 12.71
29.64 29.89 30.04 30.00 29.67 29.70 29.80 29.57 29.60 29.40 29.30 29.26 29.29 29.33 29.46 29.54 29.28 29.09 28.29 27.09 25.39 23.85 22.61 20.87 19.39 18.71 17.98 17.93 17.74 17.50 17.14 16.81 16.12 15.34 14.43
traj-75:
12.36 14.09 15.59 17.27 18.30 19.76 20.44 22.09 23.84 25.45 25.42 25.46 25.45 25.27 25.22 25.03 24.74 23.39 22.30 21.90 20.02 18.21 16.38 14.64 12.67 10.84  9.27  7.30  6.07  4.58  2.67
15.43 15.71 16.12 16.45 16.72 16.96 17.15 17.00 17.18 17.85 19.33 21.05 22.33 23.99 24.85 26.59 28.05 29.47 30.57 31.01 30.94 30.37 30.11 30.03 30.01 29.91 29.88 29.85 29.82 29.80 29.66
traj-76:
 3.96  5.51  7.44  9.09 10.79 12.53 13.79 15.36 16.97 17.74 19.36 21.24 21.96 23.57 24.24 24.27 24.32 24.45 24.57 24.29 24.16 23.44 22.06 20.18 19.78 17.99 16.56 15.64 14.23 12.56 11.80  9.94  9.56
29.94 29.97 29.94 30.04 29.45 29.56 29.58 29.61 29.56 29.68 29.57 29.52 29.50 29.55 27.98 26.25 25.55 24.24 22.59 20.90 19.47 18.33 18.07 17.62 17.57 17.38 17.54 17.51 17.52 17.47 17.36 17.49 17.45
traj-77:
 8.99 10.54 11.62 12.21 13.64 14.44 16.42 18.14 18.31 19.86 21.36 22.15 23.97 24.18 24.49 24.39 24.32 24.26 24.24 24.33 24.05 23.72 21.88 20.64 18.69 18.11 16.30 15.26 13.55 12.04 10.37  8.81  7.19  5.68  3.76  2.06
16.91 17.27 17.49 17.69 17.78 17.72 17.65 18.13 18.10 18.00 17.97 17.96 18.70 18.91 20.68 21.86 23.14 24.75 26.15 27.49 28.55 29.70 30.24 30.26 30.28 30.32 30.23 30.14 30.02 30.00 29.74 29.76 29.66 29.52 29.40 29.44
traj-78:
 1.74  2.83  4.34  6.23  8.10  8.89 10.74 12.42 13.34 15.26 16.02 16.34 17.84 19.50 21.30 22.01 23.60 24.03 24.45 24.43 24.46 24.57 24.42 24.19 23.80 22.04 20.68 18.83 17.26 16.37 15.01 13.21 11.36 10.48  9.37  7.40  5.76
31.11 31.09 31.00 30.81 30.72 30.58 30.47 30.27 30.07 29.53 29.37 29.38 29.33 29.57 29.73 29.94 29.28 28.35 26.58 25.65 23.74 22.02 20.84 18.85 18.18 18.05 18.08 18.11 17.54 17.16 16.46 16.93 16.75 16.32 16.10 16.04 16.18
traj-79:
 5.23  5.95  7.66  9.37 10.15 11.83 13.83 14.52 16.41 17.98 19.96 21.03 22.44 24.03 24.52 24.44 24.51 24.69 24.73 24.66 24.53 23.45 22.09 20.79 19.73 18.67 16.72 15.85 14.46 13.51 12.35 10.40  8.69  7.34  6.05  4.52  2.65
14.92 15.36 16.23 17.03 17.18 17.33 17.36 17.50 17.68 17.81 17.91 18.00 18.17 18.77 19.11 21.04 22.82 24.55 26.21 27.10 28.26 29.01 29.15 29.35 29.43 29.53 29.72 29.81 30.08 30.15 30.08 29.66 29.31 30.11 30.64 31.10 31.58
traj-80:
 4.05  4.65  6.63  8.44 10.41 11.29 13.10 14.91 16.66 18.03 19.60 21.44 23.15 24.29 24.08 24.28 24.54 24.70 24.74 24.79 24.82 24.84 22.88 21.37 19.68 17.69 16.42 15.95 14.36 13.61 12.38 12.18 10.82
30.05 30.13 30.40 30.40 30.25 30.22 29.97 29.60 29.33 29.15 29.31 29.20 29.11 28.15 26.67 24.80 24.66 22.81 21.92 20.33 18.99 18.10 18.28 18.05 18.11 18.08 16.91 16.55 15.61 14.44 13.57 11.58 10.15
traj-81:
 9.00 10.25 12.13 13.12 14.78 16.54 18.25 19.13 20.35 21.83 23.16 24.68 24.72 24.96 25.00 24.75 24.67 24.58 24.28 23.19 21.42 19.78 19.22 17.52 16.92 15.00 14.70 12.87 11.09  9.74  8.72  7.38  5.72  4.07  2.18
16.20 15.89 15.44 15.76 16.64 17.30 18.04 17.87 17.63 17.40 17.38 18.64 19.24 20.94 22.27 24.15 24.74 26.69 28.01 29.49 29.90 29.75 29.84 29.59 29.55 29.52 29.54 29.41 29.54 29.51 29.53 29.46 29.43 29.34 29.38
traj-82:
 4.17  5.82  7.00  7.90  9.84 10.74 12.44 14.13 15.75 17.56 19.18 21.02 22.87 23.61 24.15 24.45 24.49 24.61 24.44 24.36 24.15 22.50 21.24 19.96 18.89 16.98 15.05 13.47 11.82 10.75  9.84  9.35  8.47
31.54 31.28 31.17 31.13 30.84 30.81 30.63 30.49 30.21 29.53 29.36 29.32 29.20 29.07 27.86 26.10 24.37 22.66 21.24 20.65 18.91 18.20 18.02 17.96 17.75 17.35 17.23 16.20 15.10 14.07 12.49 11.62 10.01
traj-83:
 5.20  5.83  6.74  7.86  9.44  9.94 11.38 12.46 13.44 15.12 15.45 17.23 18.28 19.56 20.85 22.60 24.27 24.52 24.45 24.68 24.62 24.51 24.51 24.64 24.23 23.26 22.31 20.64 20.05 18.58 16.89 15.59 13.84 11.88 10.42  8.88  7.56  6.31  5.48  4.32  2.42
 9.44  9.82 11.18 12.07 13.06 13.40 14.37 15.12 15.66 16.67 16.83 17.21 17.45 17.78 18.19 17.95 18.77 19.44 19.58 20.75 21.94 23.51 25.09 27.00 28.87 29.97 30.03 30.19 30.09 30.07 30.04 29.92 29.87 29.87 29.93 29.80 30.16 30.38 30.45 30.63 30.95
traj-84:
 3.28  4.34  5.82  6.40  8.37 10.16 11.72 13.70 15.15 16.03 18.02 19.24 21.18 21.40 23.35 24.90 25.24 24.97 24.90 24.70 24.56 23.68 22.45 20.49 18.52 16.77 15.33 14.01 12.15 10.36  9.35
30.11 29.95 29.68 29.56 29.41 29.78 29.97 29.92 29.88 29.88 29.99 29.91 29.59 29.53 29.39 29.43 27.48 25.63 23.86 21.90 20.16 18.73 17.95 17.99 17.96 18.00 18.01 17.67 17.61 17.52 17.41
traj-85:
 8.56 10.27 10.78 11.91 13.09 14.21 14.85 15.76 16.76 17.91 19.09 20.68 22.42 22.71 24.17 24.26 24.47 24.46 25.21 25.74 25.60 25.52 25.03 23.22 22.44 20.89 19.07 17.78 15.99 14.55 12.95 12.40 10.92  9.03  7.90  6.17  4.26  2.45
14.03 14.68 14.83 15.19 15.45 15.95 16.50 17.30 17.76 17.80 17.90 17.97 17.98 17.91 19.21 19.80 21.26 21.88 23.70 24.71 26.59 27.18 28.86 29.51 29.37 29.50 29.65 29.51 29.62 29.71 29.77 29.79 29.89 29.91 29.83 30.01 30.17 30.28
traj-86:
 2.73  4.30  5.44  6.51  8.35 10.30 10.58 12.07 13.05 14.38 16.21 16.90 18.67 19.87 21.40 22.64 24.56 24.54 24.55 24.54 24.38 24.22 24.24 23.44 21.56 20.82 19.05 17.74 16.59 14.91 13.69 11.74  9.93
30.24 30.13 30.15 30.18 30.27 30.26 30.37 30.42 30.25 30.09 30.05 30.03 30.22 30.38 30.15 29.42 29.00 27.82 26.07 24.66 22.85 21.36 20.13 18.58 17.91 17.77 17.23 16.77 16.29 15.67 15.49 15.07 14.79
traj-87:
11.53 12.28 13.10 13.58 14.52 15.24 15.81 17.02 17.42 19.08 20.20 21.75 23.53 24.14 24.38 24.37 24.21 24.54 24.52 24.53 24.00 23.02 22.45 20.71 19.64 17.93 16.23 14.27 12.48 10.66  8.96  7.04  5.07  4.12  2.23
 8.81 10.14 11.67 12.57 14.04 15.08 15.80 17.04 17.20 17.57 17.75 17.95 18.74 19.11 20.27 21.75 23.11 25.04 26.97 27.76 28.04 29.20 29.39 29.33 29.55 29.80 29.87 29.98 29.99 29.74 29.54 29.52 29.31 29.25 29.12
traj-88:
 3.71  4.67  6.54  8.21  8.61  9.72 11.30 13.01 14.57 16.36 18.20 18.70 20.64 21.00 22.81 23.11 24.48 24.69 24.68 24.50 24.39 24.23 24.28 23.76 22.24 20.50 18.75 18.41 16.52 15.12 13.32 12.56 10.92 10.36  8.68  8.37
31.56 30.76 30.27 29.79 29.74 29.48 29.45 29.41 29.31 29.20 29.12 29.10 29.06 29.03 29.06 29.06 27.75 25.98 24.05 22.69 22.00 20.33 19.76 18.77 18.36 18.13 17.92 18.06 17.78 17.49 16.68 16.42 16.93 17.06 16.72 16.56
traj-89:
 6.71  8.70 10.44 12.34 14.33 15.10 16.65 17.80 18.53 20.34 21.68 23.12 24.14 24.81 24.78 24.83 24.94 25.41 25.53 25.74 25.90 25.93 25.29 24.12 22.54 21.72 19.89 18.94 17.09 16.17 14.23 12.27 11.49 10.02  9.39  7.98  7.08  5.45  3.68  3.07
16.98 16.94 17.06 17.18 17.30 17.40 17.57 17.63 17.64 17.63 17.51 17.32 17.43 19.18 19.48 21.45 22.02 23.77 24.13 25.91 27.36 28.24 30.05 30.64 31.05 30.89 31.04 31.07 31.15 31.37 31.71 31.41 31.19 31.02 31.08 31.25 31.20 31.06 31.48 31.81
traj-90:
 4.14  5.49  7.37  9.30 11.05 11.20 13.17 14.95 16.75 18.16 19.85 21.29 23.25 24.21 24.36 24.47 24.56 24.62 24.75 24.76 24.60 24.24 23.53 22.05 21.05 19.32 17.50 17.26 15.71 15.40 15.12 14.82 13.92 13.65
30.51 30.11 29.65 29.74 29.80 29.79 29.84 29.67 29.60 29.55 29.48 29.45 29.20 28.27 27.69 25.95 24.22 23.31 21.88 20.94 19.80 18.61 17.68 17.53 17.41 17.13 17.01 17.01 16.00 14.95 13.92 12.80 11.09 10.55
traj-91:
11.68 12.73 14.61 15.80 17.55 18.73 20.45 22.37 24.10 24.42 24.29 24.40 24.38 24.20 24.12 24.08 24.00 22.71 21.51 19.63 17.80 16.31 15.11 13.71 12.14 10.22  8.56  6.58  5.33  4.39  2.57
17.44 17.61 18.02 17.96 17.92 17.85 17.63 17.32 18.19 19.58 21.34 23.16 23.85 25.32 26.45 28.21 28.78 30.29 30.21 30.11 30.05 29.77 29.67 29.56 29.36 29.47 29.51 29.61 29.69 30.02 30.50
traj-92:
 3.43  4.24  6.12  6.58  8.19  9.42 11.19 12.53 13.61 15.20 16.29 17.63 19.07 19.95 21.89 23.10 24.41 24.22 24.09 24.06 24.08 24.00 23.29 22.70 20.86 18.91 16.96 15.00 14.12 12.58 10.99  9.20  7.36  6.81
31.15 31.28 30.88 30.72 29.93 29.76 29.60 29.56 29.54 29.51 29.55 29.52 29.56 29.75 29.43 29.21 28.05 26.32 24.58 23.75 21.78 20.02 18.77 18.71 17.97 18.10 18.18 18.27 18.19 17.81 17.76 17.82 18.07 17.94
traj-93:
 6.09  7.28  7.95  9.82 11.28 12.55 14.09 15.73 17.44 18.89 20.56 22.31 23.48 24.45 24.65 24.52 24.75 24.53 24.26 24.00 23.53 22.08 20.10 18.38 17.79 15.87 13.87 12.53 11.28 10.03  8.29  6.52  5.57  3.84  2.27
16.73 17.13 17.54 17.43 17.34 16.99 17.41 18.10 18.01 17.99 17.96 18.35 18.56 19.85 21.66 23.62 25.36 27.18 27.90 28.06 29.11 29.75 29.89 29.27 29.22 29.39 29.46 29.48 29.43 29.45 29.71 30.18 30.50 30.36 30.15
traj-94:
 1.95  3.85  5.24  5.54  7.43  8.74 10.10 11.85 13.81 15.61 16.36 18.28 19.04 20.59 21.57 23.07 24.23 24.37 24.42 24.66 24.75 24.81 24.73 24.70 24.33 22.42 21.63 20.26 18.90 18.05 16.60 14.87 14.83 15.70 15.71 15.94 16.00 16.29 16.46
30.67 30.25 30.06 30.08 29.85 29.69 29.77 29.92 29.89 29.72 29.59 29.54 29.46 29.37 29.34 29.12 28.51 26.57 25.86 24.00 22.85 21.98 20.19 19.30 17.37 17.20 17.33 17.61 17.94 18.12 18.29 17.57 17.27 15.68 15.38 13.47 12.07 10.27  9.45
traj-95:
14.52 15.97 16.92 18.77 20.12 20.84 22.49 23.53 24.36 24.44 24.64 24.62 24.41 24.18 24.08 23.50 22.50 21.44 19.71 18.83 17.24 15.92 14.20 12.27 10.71  9.28  7.77  6.36  5.13  3.71  2.29
16.80 16.92 17.05 17.36 17.27 17.42 17.78 17.94 19.40 19.98 21.96 23.43 25.29 26.51 27.79 29.47 29.81 30.12 30.40 30.55 30.83 30.83 30.86 30.66 30.46 30.19 29.94 29.66 29.53 29.60 30.04
traj-96:
 3.99  4.66  6.21  7.55  8.57 10.35 12.08 13.57 14.03 15.59 16.07 16.60 18.18 19.19 20.24 21.34 23.24 24.49 24.58 24.64 24.72 24.72 24.32 24.12 23.09 21.69 20.48 19.34 17.87 16.70 15.05 13.75 12.23 10.72
30.11 30.01 29.84 29.67 29.47 29.59 29.83 30.07 30.10 30.19 30.19 30.19 30.16 30.10 30.18 29.45 29.10 27.93 27.11 25.63 23.95 22.38 20.47 19.92 18.22 17.98 17.42 17.26 17.32 16.84 15.91 15.27 14.19 12.91
traj-97:
11.78 12.15 13.26 14.22 14.62 15.46 15.58 16.18 16.70 18.31 19.99 21.62 23.07 24.17 24.28 24.38 24.31 24.27 24.09 24.83 24.50 24.13 22.33 21.59 19.84 17.89 16.13 15.12 13.20 12.90 11.04  9.60  8.25  6.51  5.78  3.85
 7.32  7.72  9.16 10.23 10.68 12.21 12.49 14.16 15.89 16.83 17.52 17.61 17.61 18.86 20.20 21.38 23.35 24.69 26.32 28.08 29.82 29.96 29.47 29.42 29.68 29.84 29.89 29.92 29.99 30.00 30.06 30.01 29.85 29.72 29.68 29.55
traj-98:
 2.54  3.80  5.36  7.14  8.69 10.14 11.44 13.29 15.11 15.99 17.74 18.41 20.16 22.09 22.94 23.34 24.05 24.17 24.19 24.23 24.22 24.22 24.32 22.94 21.35 19.39 17.59 15.65 14.63 13.53 12.26 11.23  9.54  8.02  7.47
31.32 30.09 29.63 29.44 29.54 29.55 29.54 29.43 29.50 29.50 29.55 29.80 30.25 29.90 29.58 29.04 27.28 25.82 25.26 23.30 22.20 20.32 18.46 17.50 17.33 17.15 17.07 16.71 16.29 15.71 15.08 14.57 13.84 13.03 12.77
traj-99:
 6.43  6.73  8.51  9.66 11.58 13.32 14.14 15.25 16.14 17.93 19.87 20.38 21.40 23.06 24.03 24.30 24.34 24.41 24.41 24.46 24.78 24.86 24.59 24.21 22.53 22.02 20.76 19.78 17.94 16.09 15.02 13.05 11.46  9.48  8.17  6.74  5.21  3.63  3.15
14.68 14.69 14.52 14.42 13.87 14.39 14.83 15.65 16.70 16.76 16.87 16.97 17.38 17.75 19.31 19.81 21.51 22.39 24.28 25.16 26.85 27.66 29.61 29.83 29.06 29.22 29.43 29.49 30.05 30.13 29.95 29.71 29.62 29.57 29.78 29.53 29.58 29.82 30.11
traj-100:
 2.21  2.35  4.28  6.25  8.12  9.63 10.29 12.07 13.93 15.63 16.49 17.68 19.46 21.21 22.60 23.50 24.29 24.31 24.35 24.82 24.84 24.45 24.29 24.01 22.42 21.11 20.45 18.86 17.48 15.77 15.18 13.44 12.26 11.10  9.38
31.74 31.18 30.95 30.67 30.65 30.40 30.23 29.85 29.45 29.87 30.05 30.09 29.99 30.12 29.53 29.20 27.41 25.93 24.36 23.99 23.69 21.79 20.39 18.93 17.90 17.44 17.19 16.64 16.15 15.63 15.50 15.27 15.14 15.21 15.40
traj-101:
13.37 14.71 15.54 17.30 18.02 19.49 21.30 23.13 23.43 24.21 24.12 24.80 25.03 25.17 25.39 25.57 25.59 24.72 23.02 21.33 20.07 18.55 16.92 15.06 13.28 11.55  9.82  7.88  7.27  5.37  4.12  2.48
14.31 15.59 16.71 17.56 17.24 18.11 17.32 17.60 18.11 19.60 20.49 22.32 23.71 24.75 26.15 27.81 29.55 31.18 30.78 30.51 30.32 29.93 29.87 29.22 29.28 29.44 29.71 29.96 30.13 30.60 30.78 31.03
traj-102:
 3.96  5.80  6.83  8.56  9.69 11.20 12.95 14.12 15.65 17.62 18.00 19.98 21.15 22.63 24.42 24.48 24.51 24.37 24.21 24.14 24.35 22.86 21.58 20.11 18.67 17.22 15.94 15.96 16.27
30.27 30.15 29.91 29.87 29.78 30.10 30.30 30.45 30.55 30.38 30.38 30.22 29.82 29.55 28.71 27.02 25.53 23.81 22.69 20.71 18.99 17.95 17.99 17.64 17.02 16.46 15.78 13.78 11.81
traj-103:
 7.72  8.73  9.49 10.88 11.28 12.57 13.93 15.17 16.35 17.22 18.65 19.94 21.88 23.24 24.07 24.17 24.36 24.55 24.28 24.11 23.05 22.48 20.50 19.63 17.65 16.03 14.18 12.75 10.84  9.74  8.77  7.06  5.46  3.50
12.56 13.58 14.30 15.67 16.11 17.31 17.96 18.05 17.99 17.94 17.93 17.83 18.04 18.23 19.61 21.54 23.41 24.93 26.89 28.23 29.47 29.55 29.77 29.65 29.82 29.78 29.70 29.61 29.69 29.62 29.53 29.55 29.51 29.42
traj-104:
 3.38  4.47  6.18  6.37  8.15  9.90 11.12 11.63 13.53 15.27 16.17 17.43 19.28 20.12 21.76 23.68 25.43 25.13 24.91 24.49 24.30 24.26 24.21 23.56 22.19 20.48 18.78 17.79 16.49 16.27 15.87 15.45 14.90 14.44 14.33
31.80 31.65 30.81 30.74 30.40 29.77 29.75 29.81 29.77 29.61 29.64 29.58 29.52 29.52 29.36 29.12 28.28 26.53 25.32 23.43 21.69 20.53 19.35 18.73 18.16 17.77 17.26 16.95 15.86 15.21 13.51 12.27 10.41  8.59  8.31
traj-105:
10.33 11.82 12.49 13.93 15.02 15.83 17.73 19.09 20.67 22.57 22.89 24.14 24.55 24.64 24.70 24.70 24.52 24.12 24.06 22.66 21.22 19.40 17.45 16.56 14.69 12.98 11.06  9.96  8.46  7.01  5.48  4.14  2.99
11.24 12.32 12.86 14.05 14.95 15.60 16.10 16.89 17.26 17.50 17.98 19.51 21.36 22.10 23.54 24.70 26.11 27.74 28.33 29.00 29.01 29.19 29.06 29.06 29.14 29.11 29.07 29.23 29.48 29.81 29.95 30.21 30.07
traj-106:
 2.37  3.86  5.51  7.35  8.75 10.64 12.60 13.86 15.13 15.43 17.36 18.99 19.37 20.87 22.62 23.20 23.33 24.83 24.81 24.72 24.60 24.49 24.45 24.20 22.89 20.96 19.63 18.89 17.58 15.70 14.01 12.30 11.29 10.25  8.53  7.17  5.74  5.02
29.34 29.77 30.37 30.87 30.75 30.50 30.19 30.04 29.83 29.81 29.69 29.71 29.73 29.69 29.62 29.02 29.05 27.75 26.10 24.51 23.29 22.09 20.84 19.11 17.86 17.79 17.87 17.83 17.83 17.95 17.99 18.07 17.79 18.00 17.16 15.97 15.39 15.00
traj-107:
 5.59  6.19  7.91  9.45 11.23 11.82 13.31 15.10 17.08 18.78 20.63 22.27 23.70 24.21 24.26 24.13 24.04 24.12 24.12 24.14 23.96 22.45 20.54 18.60 16.72 15.17 14.04 12.35 10.52  8.63  7.31  5.58  3.90  2.36  1.74
17.60 17.65 17.93 18.01 18.12 18.13 18.17 18.19 18.14 18.04 17.96 18.16 18.59 19.45 20.35 21.83 23.56 25.56 25.86 27.63 29.34 30.33 30.17 29.84 29.32 29.60 29.78 29.72 29.76 29.62 30.00 29.95 30.58 31.40 31.86
traj-108:
 2.33  3.22  4.92  5.57  7.52  8.90 10.81 11.95 13.27 14.52 15.88 17.29 18.52 19.88 20.57 21.95 23.32 24.16 24.51 24.73 24.68 24.51 24.43 24.36 23.96 22.14 20.27 19.85 18.18 16.40 14.87 13.42 12.17 10.51
29.30 29.41 29.63 29.74 29.94 30.15 30.31 30.20 30.33 30.46 30.43 30.30 30.05 29.69 29.64 29.37 29.06 28.37 27.41 26.37 24.38 22.45 21.02 19.30 18.56 17.99 18.14 18.13 17.69 17.26 16.81 16.32 15.96 15.68
traj-109:
12.27 13.15 14.09 15.00 15.17 15.21 14.17 15.28 15.77 16.16 18.05 18.81 20.33 20.80 22.76 23.29 23.61 24.45 24.69 24.57 24.34 24.20 24.19 23.90 23.58 22.06 20.93 19.29 17.98 16.04 14.17 12.39 10.76  8.78  6.99  5.62  3.89
 7.65  9.13 10.49 12.16 12.52 13.23 14.79 16.44 16.80 17.31 17.38 17.47 17.81 17.84 18.10 18.33 18.83 20.46 22.28 24.09 24.29 26.02 27.78 29.74 30.25 31.11 31.10 30.84 30.77 30.64 30.50 30.17 29.91 29.77 29.77 29.69 29.55
traj-110:
 2.60  4.41  4.97  6.81  8.54 10.45 12.23 13.97 15.13 16.92 18.33 19.68 21.49 23.48 24.08 24.64 24.71 24.83 25.27 25.57 25.81 25.98 24.76 23.71 22.17 21.34 19.63 18.32 16.72 15.98 14.76 14.26 12.90 11.68 10.24  9.00  8.31  7.02
30.24 30.29 30.39 30.04 30.25 30.60 30.50 30.25 30.21 30.07 29.97 29.80 29.64 29.53 28.81 27.02 26.60 24.79 23.08 21.26 19.85 18.67 17.23 17.15 17.23 17.26 17.13 16.39 15.28 14.20 13.12 12.57 11.60 11.22 10.49  9.89  9.65  9.00
traj-111:
 7.72  8.61  8.72  9.45 10.89 11.69 13.41 14.13 15.21 15.27 16.22 17.84 19.25 20.97 22.60 23.96 24.71 24.83 24.89 25.17 25.13 24.54 24.07 22.32 21.00 19.03 17.54 16.21 14.54 13.20 11.63 10.28  9.16  8.09  6.27  4.42  3.52
17.79 16.16 16.03 14.26 13.71 13.59 14.02 14.35 15.42 15.47 16.84 17.74 17.99 18.09 18.19 18.40 19.76 21.32 23.03 24.42 25.60 27.37 28.39 29.11 29.21 29.21 29.22 29.33 29.36 29.43 29.36 29.66 29.74 29.71 29.95 30.15 30.17
traj-112:
 1.89  3.24  4.55  5.70  6.96  8.94 10.55 12.05 13.44 14.56 15.83 17.67 17.98 19.55 21.26 22.59 23.56 24.27 24.18 24.11 24.18 24.26 24.32 24.18 22.55 20.85 19.31 18.06 16.53 15.29 14.12 12.63 10.87  9.55
29.48 29.28 29.33 29.40 29.41 29.47 29.61 29.61 29.57 29.76 29.76 30.20 30.39 31.17 30.55 29.79 29.31 27.71 26.03 24.85 23.22 21.77 20.62 19.02 17.90 17.86 17.62 17.60 17.60 17.50 17.47 17.45 17.24 17.04
traj-113:
14.44 14.73 14.85 14.78 14.73 14.83 15.56 16.99 18.48 20.35 22.11 24.08 24.31 24.39 24.61 24.60 24.39 24.29 24.11 22.47 22.03 21.92 20.18 18.20 16.49 14.59 13.07 12.34 10.66  9.10  7.50  5.98  4.75  3.21  2.20  2.02
 9.13  9.76 11.61 13.37 14.46 15.75 16.29 17.53 18.01 17.85 17.74 17.61 19.36 21.32 22.45 23.75 25.53 26.52 28.41 29.07 29.20 29.48 29.78 29.66 30.36 30.31 30.26 30.23 29.93 29.86 29.54 29.35 29.30 29.34 29.40 29.64
traj-114:
 2.21  3.96  5.86  6.82  8.43  9.56 11.11 12.90 13.50 15.44 16.96 18.68 19.64 21.43 22.28 23.88 24.08 24.22 24.34 24.39 24.40 24.23 24.11 23.22 21.35 19.59 17.82 16.11 14.52 14.12
30.63 30.22 30.08 30.14 30.21 30.46 30.78 31.07 31.15 31.23 30.78 30.18 30.09 29.97 29.96 29.23 28.67 26.94 25.46 23.61 22.28 20.81 19.75 18.23 18.21 18.22 18.10 18.01 17.39 16.30
traj-115:
 7.80  9.44 11.25 12.59 13.74 15.22 16.64 18.23 18.70 20.66 22.57 24.32 24.81 24.92 24.90 24.83 24.79 24.52 24.30 23.53 23.00 21.09 19.70 18.87 17.07 15.32 13.91 12.50 10.83  9.97  8.35  7.76  6.16  5.26  3.68  2.50
14.64 14.33 14.77 13.94 14.27 15.18 16.26 17.28 17.30 17.55 17.69 17.71 19.52 20.66 21.55 23.32 23.78 25.70 27.56 29.15 29.83 30.43 30.27 30.27 30.23 30.28 30.30 30.09 30.33 30.37 30.19 30.10 29.87 29.66 29.59 29.50
traj-116:
 2.00  2.75  4.64  6.00  7.85  9.23 10.09 11.96 13.93 14.88 16.72 18.47 18.77 20.31 21.77 23.24 23.77 24.34 24.38 24.29 24.20 24.15 24.05 24.00 23.18 21.93 20.16 18.48 17.67 16.22 14.86 13.34 12.57 10.86  9.73  8.14
30.79 30.63 30.16 29.68 29.81 29.88 30.05 30.07 29.85 29.77 29.63 29.35 29.39 29.34 29.34 29.35 29.14 27.98 26.41 24.70 23.00 22.41 20.67 19.84 18.20 17.66 17.12 16.55 16.23 15.06 14.02 13.32 13.22 13.22 13.29 13.39
traj-117:
15.42 16.12 17.58 18.18 20.06 21.70 23.29 23.57 24.41 24.21 24.06 24.08 24.15 24.22 23.82 23.49 21.72 20.17 18.81 17.01 15.78 14.36 12.79 10.94  9.33  7.84  6.19  5.17  3.29  2.08
18.38 18.26 18.09 18.05 17.87 17.59 18.35 18.47 20.07 21.83 23.39 23.98 25.74 27.19 29.02 29.82 30.41 30.36 30.07 29.56 29.47 29.47 29.46 29.47 29.47 29.31 29.48 30.64 31.29 31.82
traj-118:
 3.07  4.63  6.54  8.43  9.99 11.20 13.00 14.12 16.08 17.85 19.77 21.24 22.82 23.74 24.63 24.78 24.86 24.27 24.28 24.30 24.25 22.82 21.89 20.71 19.78 17.84 16.06
31.85 31.78 31.69 31.69 31.51 31.54 31.25 31.30 30.99 31.10 31.11 30.95 30.72 29.70 28.25 27.06 25.29 23.61 22.48 21.01 19.28 17.99 17.78 17.53 17.59 17.84 17.44
traj-119:
15.47 15.28 15.44 16.65 18.40 20.30 21.38 22.63 24.04 24.27 24.69 24.88 25.10 24.52 24.04 23.41 21.61 21.31 19.47 17.55 17.25 16.60 14.93 13.65 12.04 10.70  8.84  7.48  6.01  4.67  3.39
15.57 15.80 17.73 18.35 18.30 18.07 18.11 18.12 18.66 20.05 21.73 23.41 25.31 27.02 28.19 29.76 29.81 29.82 29.55 29.23 29.21 29.91 30.42 30.34 30.48 30.53 30.72 30.75 30.80 30.89 30.21
traj-120:
 3.26  4.47  5.92  7.89  9.82 11.67 13.39 14.93 16.55 18.48 19.99 21.53 22.55 24.19 24.34 25.07 24.42 24.38 24.24 24.22 24.20 23.71 22.48 20.53 18.77 17.17 15.30 13.63 12.41 11.15 10.71  9.44  8.52
30.76 30.24 29.60 29.61 29.59 29.48 29.90 29.82 29.88 30.04 30.11 30.13 30.13 28.99 28.73 27.09 25.26 23.83 21.89 21.59 19.61 18.68 17.99 17.96 17.65 16.49 15.98 15.19 14.69 13.35 12.98 11.45 10.51
traj-121:
 8.60  9.47 10.50 11.61 13.29 13.79 15.27 16.65 17.60 18.80 20.42 20.94 22.61 24.03 24.54 24.57 24.71 24.92 25.32 25.67 25.36 23.39 21.55 20.56 19.27 17.43 15.85 14.94 13.56 12.62 10.90  9.11  7.74  5.82  4.81  3.55  2.50
12.87 13.27 13.76 14.32 15.30 15.47 16.07 16.71 16.83 17.09 17.44 17.61 18.15 18.71 20.40 21.46 22.46 23.91 25.86 27.36 29.28 29.04 29.47 29.62 29.82 29.84 29.75 29.68 29.76 29.72 29.97 29.96 29.87 29.92 29.94 29.94 30.47
traj-122:
 1.79  3.49  5.06  5.92  7.88  9.73 11.24 13.04 14.34 16.22 18.21 18.98 20.76 22.08 23.12 24.49 25.01 24.96 25.02 25.25 25.62 25.95 25.39 23.45 22.06 20.28 19.14 17.31 16.28 15.86 15.47 16.03 15.75
30.80 30.78 30.81 30.85 31.00 31.21 30.88 30.44 29.91 30.04 29.90 29.82 29.71 29.63 29.13 27.92 26.11 25.52 24.09 22.68 21.32 19.88 19.02 18.62 18.28 17.78 17.85 17.43 16.73 15.25 13.48 11.56  9.68
traj-123:
 9.76 11.09 12.90 13.37 15.20 16.41 17.33 19.19 19.66 21.53 22.19 23.57 24.48 24.51 24.55 24.64 24.67 24.70 24.49 24.41 22.51 20.53 18.91 17.46 16.77 14.82 13.33 12.15 11.07  9.24  8.46  7.22  5.90  4.29  3.86  2.09
15.22 14.65 15.28 15.55 16.26 16.49 16.96 17.10 17.44 17.94 17.97 18.76 19.94 20.82 22.51 24.42 25.31 26.84 28.60 28.88 29.00 29.28 29.44 29.72 29.82 29.53 29.70 29.72 29.75 29.90 29.92 30.11 29.95 29.78 29.81 30.09
traj-124:
 3.13  3.50  5.28  6.95  7.66  9.35 10.39 11.45 12.70 14.58 14.90 16.73 17.96 19.00 20.21 21.85 23.43 23.93 24.68 25.09 24.97 24.86 24.62 24.43 23.10 21.62 20.15 18.57 17.29 15.86
31.45 31.38 30.87 30.64 30.33 29.59 29.48 29.37 29.46 29.50 29.46 29.53 29.51 29.57 29.83 30.19 29.18 28.85 27.11 25.16 23.50 21.58 19.84 19.43 18.27 17.88 17.59 17.09 16.54 15.59
traj-125:
 9.83 10.12 11.31 12.33 13.58 14.97 16.60 16.83 18.77 20.42 21.50 23.22 24.18 24.54 24.51 24.69 24.71 24.71 24.70 24.07 22.91 21.37 20.38 18.70 16.82 15.31 14.24 13.20 11.93 11.19  9.93  8.57  7.27  5.73  4.73  3.41
11.20 11.48 13.07 14.09 15.06 16.04 16.37 17.98 17.93 17.90 17.87 18.55 19.58 20.53 22.22 23.95 25.66 26.62 28.46 29.21 29.76 29.87 30.11 30.44 30.89 31.05 31.19 31.32 31.41 31.38 31.25 30.91 30.58 30.49 30.36 30.13
traj-126:
 3.65  4.88  6.36  8.28 10.17 11.20 12.19 13.16 13.85 15.84 17.75 19.67 21.25 22.20 23.50 24.09 24.34 24.55 24.55 24.57 24.58 23.03 21.13 19.38 17.73 17.14 15.63 14.34 13.15
30.08 30.01 29.88 29.83 29.80 29.68 29.75 29.74 29.70 29.83 29.83 29.77 29.64 29.52 29.01 27.80 26.18 24.42 23.22 21.36 19.39 18.23 17.92 17.74 17.57 17.40 16.53 15.14 14.03
traj-127:
11.30 12.12 12.60 13.16 13.75 14.47 14.92 16.64 18.26 19.88 21.86 22.60 24.01 24.05 24.09 24.19 24.31 24.35 24.27 23.73 22.08 20.63 18.95 17.72 16.58 14.71 13.46 11.66  9.75  8.31  6.99  5.19  3.85
 9.53 11.33 12.39 13.62 14.74 16.21 17.40 18.16 18.07 18.04 17.99 17.98 19.39 20.90 22.69 23.83 25.52 26.71 27.60 29.21 29.69 29.72 29.84 29.79 29.80 29.83 30.00 29.85 29.85 29.70 30.28 31.03 31.42
traj-128:
 3.33  4.77  5.07  6.79  8.65 10.43 11.72 13.68 15.48 17.01 17.59 19.26 20.49 21.92 22.92 24.59 24.62 24.61 24.36 24.21 24.11 24.07 23.47 22.40 20.74 19.41 17.78 16.83 15.41 14.22 13.04 11.78 11.10 10.10  9.31
29.42 29.07 29.11 29.35 29.67 29.89 30.25 30.06 29.75 29.59 29.50 29.32 29.19 29.03 29.00 28.46 27.26 25.61 23.68 21.77 20.10 19.43 17.62 17.43 18.03 17.74 16.73 15.38 14.08 12.56 11.50 10.45  9.76  8.13  7.25
traj-129:
11.08 11.40 12.64 14.36 14.58 16.43 18.12 18.85 20.51 22.24 24.02 24.21 24.28 24.42 24.35 24.38 24.20 23.37 22.99 21.38 20.50 18.70 16.74 15.38 13.51 11.98 10.08  8.51  6.62  5.12  3.47
11.18 13.08 13.94 14.87 15.75 16.24 17.01 17.21 17.58 17.92 18.78 20.51 21.10 23.09 24.40 26.29 27.35 29.01 29.44 29.83 29.87 29.99 29.96 30.05 29.76 29.69 29.82 30.07 30.39 30.85 31.47
traj-130:
 1.80  2.40  3.99  4.68  6.10  7.78  9.10 10.32 11.73 12.57 14.39 15.98 17.45 19.16 20.89 22.84 24.14 24.35 24.31 24.39 24.77 24.78 24.58 24.32 23.54 22.68 21.33 19.37 17.43 16.19 14.97 13.47 12.01 10.37  9.48  8.75
31.52 31.51 31.21 31.09 30.73 30.35 30.05 29.76 29.91 29.89 29.86 29.93 30.09 30.26 30.37 30.00 28.90 27.33 26.32 24.99 23.12 21.96 20.95 19.75 18.22 17.48 16.69 16.64 16.43 15.24 14.20 13.10 12.07 11.07  9.71  8.60
traj-131:
13.07 13.65 14.56 15.42 16.15 16.21 16.80 17.51 19.24 20.52 22.32 23.53 24.07 24.06 24.24 24.60 24.78 25.03 25.24 24.66 22.98 21.72 20.26 18.70 17.39 16.53 14.79 14.01 12.64 11.27  9.28  7.69  6.36  4.56  3.48  2.14
 8.88  9.78 11.24 12.65 13.91 14.20 15.58 16.69 17.61 18.09 18.03 18.57 19.41 21.12 22.60 24.29 25.12 26.38 28.25 28.55 29.22 29.44 29.69 29.39 29.41 29.20 29.18 29.40 29.46 29.51 29.50 29.62 29.68 29.81 29.85 29.79
traj-132:
 3.20  3.80  5.61  7.24  8.54 10.52 11.72 13.34 15.16 16.06 17.91 19.71 21.69 23.55 24.07 24.30 24.36 24.45 25.01 24.93 24.83 24.51 23.80 22.04 20.93 19.39 18.82 16.93 15.22 13.80 12.70 11.72
29.29 29.33 29.56 29.83 29.71 29.59 29.40 29.25 29.14 29.14 29.02 29.30 29.15 28.86 28.01 26.83 25.58 24.25 22.68 21.88 20.33 19.29 18.20 17.63 17.40 16.96 16.82 16.24 15.69 15.12 14.65 14.23
traj-133:
 9.25 11.17 11.45 13.24 14.92 15.65 17.22 18.92 19.67 21.28 23.06 24.26 24.24 24.25 24.23 24.43 24.19 23.43 23.27 21.46 19.57 17.87 16.50 15.03 13.15 12.36 10.82  9.37  7.73  6.24  5.26  3.65  1.97
15.47 15.57 15.48 16.11 16.64 16.85 17.52 17.76 17.85 18.24 18.65 19.72 20.87 22.26 23.68 25.64 27.30 29.09 29.35 29.57 29.53 30.01 30.36 30.64 30.55 30.23 29.85 29.68 29.65 29.63 29.59 29.53 29.24
traj-134:
 2.00  3.92  5.76  7.64  9.11 10.38 11.32 13.02 13.51 15.09 16.32 17.31 18.58 19.39 21.07 23.05 24.42 24.65 25.43 25.25 25.08 24.87 24.84 24.53 24.07 23.02 21.88 20.11 18.67 17.48 15.54 14.19 12.23 11.48 10.01  8.79  6.79
30.05 29.84 29.78 29.68 29.92 29.95 29.89 29.84 29.82 29.71 29.86 29.85 29.85 29.88 29.85 30.01 30.11 30.09 28.36 26.95 25.83 23.86 22.97 21.05 19.53 17.88 17.74 17.44 17.02 16.91 17.01 17.07 17.25 17.27 17.23 17.20 17.33
traj-135:
 6.75  8.69 10.52 11.63 13.41 14.93 15.72 17.15 19.13 19.42 21.34 23.29 24.20 24.24 24.27 24.13 24.13 24.12 24.14 24.19 23.26 21.68 20.08 19.02 17.30 15.44 14.48 12.75 10.96  9.38  7.77  6.32  4.35  3.69
15.60 15.68 16.01 16.05 16.27 16.48 16.65 17.20 17.44 17.48 17.74 18.02 19.73 20.30 22.21 24.19 24.78 26.62 27.17 28.67 29.49 30.37 30.85 31.10 30.84 30.74 30.73 30.57 30.59 30.51 30.87 30.62 30.35 30.31
traj-136:
 3.58  4.28  6.25  7.23  8.59 10.57 11.40 13.30 15.27 17.13 18.87 19.92 21.69 22.98 24.19 25.42 26.11 26.18 25.88 25.64 25.26 24.52 24.14 22.77 21.11 19.57 17.91 16.63 14.81 13.69 11.94 10.45  8.55
29.66 29.68 29.61 29.58 29.58 29.57 29.43 29.28 29.44 29.43 29.59 29.71 30.04 30.28 30.53 30.12 28.64 27.49 26.08 24.70 22.96 21.13 19.30 17.95 17.32 16.90 16.37 16.05 15.36 14.91 14.21 13.49 13.20
traj-137:
15.26 15.91 16.19 16.85 17.54 18.80 19.83 21.62 22.43 24.22 24.73 24.70 24.63 24.47 24.39 24.25 24.14 24.13 22.83 20.87 19.03 17.17 15.71 13.83 12.05 10.72  9.96  8.15  7.09  5.37  3.74
12.91 13.83 14.32 16.17 18.00 18.06 17.99 17.90 18.05 18.55 19.65 20.53 21.95 23.64 24.39 25.71 26.71 28.33 29.63 29.74 29.73 29.57 29.57 30.18 30.69 30.93 30.57 30.21 30.17 29.95 29.74
traj-138:
 3.58  5.13  6.87  7.91  9.25 11.02 11.36 13.24 15.10 16.82 18.10 19.65 21.33 23.20 24.80 24.93 25.00 25.09 25.12 24.53 24.27 23.40 21.63 20.27 19.31 17.38 15.51 13.79
31.53 31.51 30.81 30.67 30.59 30.32 30.17 29.78 29.65 29.56 29.53 29.31 29.12 29.25 28.22 26.39 26.10 24.10 22.31 20.43 19.78 18.11 17.83 17.73 17.37 17.23 17.38 17.50
traj-139:
 8.34  9.96 11.70 13.50 13.91 15.82 17.17 18.98 20.42 21.39 23.05 24.25 24.30 24.45 24.64 24.74 24.83 25.04 24.94 24.10 23.38 22.35 20.97 19.13 18.28 17.08 15.41 14.02 12.33 11.70 10.26  9.26  8.22  6.62  4.81  4.11
17.70 17.85 17.94 17.93 17.90 17.90 17.99 17.92 17.98 17.99 17.96 19.26 19.86 21.29 22.39 23.49 24.69 26.34 27.61 29.37 29.84 30.42 30.33 30.00 29.82 29.86 29.69 29.56 29.50 29.57 29.65 29.59 29.61 29.59 29.78 29.88
traj-140:
 3.28  4.63  6.45  7.46  8.98 10.43 12.38 14.31 15.05 16.35 18.26 19.21 20.82 22.71 23.66 25.51 25.71 25.56 25.54 25.39 25.25 24.66 24.21 23.22 21.66 21.11 19.18 17.45 15.71 13.95 12.36 11.60 10.66  9.72
29.40 29.38 29.34 29.37 29.35 29.37 29.43 29.56 29.60 29.69 29.81 29.90 30.05 29.88 29.95 29.49 27.74 26.25 25.15 24.14 22.49 21.62 19.76 18.22 18.20 18.22 18.31 18.38 18.38 18.17 17.04 16.33 15.50 14.94
traj-141:
11.13 12.45 13.35 13.78 14.73 15.40 16.37 17.95 18.30 19.95 21.83 23.44 24.77 24.78 24.88 24.73 24.60 24.46 24.34 24.30 23.24 21.89 20.91 19.82 18.63 16.78 15.61 14.65 12.86 10.89  9.50  7.75  6.22  4.68  3.05  2.53
 8.05  9.24 11.02 11.89 13.03 13.98 15.40 16.57 16.82 17.32 17.86 18.58 19.49 20.98 21.98 23.96 25.02 26.42 27.13 28.72 30.00 30.79 31.27 31.16 31.35 30.99 30.82 30.52 30.48 30.32 30.21 30.18 30.16 30.08 30.12 30.10
traj-142:
 2.81  4.29  5.86  7.58  9.48 11.18 12.28 13.88 15.78 16.07 17.93 18.67 20.32 22.07 23.95 24.27 24.35 25.01 24.91 24.88 24.36 24.09 23.79 22.07 21.69 19.96 18.08 16.77 15.72
31.27 30.44 29.78 29.82 30.06 29.97 30.07 29.40 29.28 29.32 29.36 29.37 29.47 29.46 29.03 27.16 26.67 25.07 23.08 22.23 20.49 19.34 18.80 17.82 17.78 17.68 17.77 17.59 17.46
traj-143:
12.90 13.55 13.87 15.32 16.45 17.45 18.95 20.17 21.77 22.21 23.38 24.33 24.64 24.64 24.56 24.40 24.46 23.58 23.19 21.90 20.07 19.10 17.62 16.93 15.16 13.17 11.88  9.98  8.06  7.06  5.79  4.75  3.18
11.43 13.29 13.93 15.03 15.57 16.37 16.89 17.29 17.68 17.80 18.04 19.61 20.83 22.27 23.94 25.85 27.29 29.09 29.44 29.68 29.63 29.58 29.53 29.47 29.44 29.37 29.37 29.39 29.15 29.39 29.34 29.49 29.34
traj-144:
 3.67  5.27  7.22  8.39 10.20 11.71 13.51 14.92 15.94 17.85 19.72 20.96 21.94 23.91 24.54 25.75 25.33 24.85 24.64 24.58 24.33 24.07 23.05 21.23 19.45 17.80 16.73 15.92 14.91 14.31 13.49
30.85 30.81 30.77 30.70 30.65 30.48 30.23 30.07 30.11 30.50 30.58 30.58 30.58 30.41 30.24 29.18 27.26 25.61 23.75 22.36 20.46 19.43 18.12 17.46 16.82 16.32 15.58 14.73 13.43 12.69 11.70
traj-145:
12.08 13.98 14.45 16.05 17.80 19.28 21.23 22.13 23.84 24.10 24.15 24.16 24.24 24.57 24.75 24.39 23.24 22.64 20.78 19.12 17.37 17.07 15.10 13.14 11.24  9.45  7.56  6.38  4.44  3.59  2.58
17.81 17.92 17.89 17.86 17.71 17.46 17.08 17.37 18.17 18.32 20.28 22.03 22.98 24.66 26.39 28.18 29.21 29.26 29.36 29.41 29.57 29.58 29.67 29.55 29.43 29.44 29.24 29.27 29.26 30.22 31.56
traj-146:
 4.14  5.32  6.63  7.77  8.77  9.39 11.04 11.80 13.44 14.87 16.58 18.32 19.10 20.86 21.64 23.44 24.35 24.96 24.79 24.58 24.38 24.08 24.08 24.10 22.53 21.48 19.98 19.01 17.73 16.08 14.72 13.44 12.80 11.35 10.47 10.17
31.70 31.12 30.58 30.04 29.34 29.19 29.38 29.55 29.80 30.18 30.26 29.43 29.25 29.71 30.02 29.42 28.57 27.18 25.42 24.34 23.27 21.33 19.67 19.08 17.91 17.88 17.89 17.90 17.66 17.38 17.11 16.70 16.44 15.79 14.11 13.74
traj-147:
13.57 14.08 14.51 15.42 15.59 15.63 16.29 17.62 18.29 19.84 21.65 23.45 23.87 24.43 24.54 24.46 24.61 24.48 24.30 24.11 22.64 20.99 19.14 18.84 16.94 15.36 14.47 12.95 11.19  9.80  7.94  6.19  5.59  3.64  3.33
 8.60  9.57 10.68 12.32 12.56 14.52 16.34 16.96 17.48 17.92 18.17 18.23 18.90 20.00 21.98 23.53 25.23 26.95 28.10 29.49 30.40 30.16 29.76 29.72 29.50 29.45 29.40 29.45 29.38 29.24 29.22 29.21 29.20 29.33 29.27
traj-148:
 1.70  2.00  3.88  4.59  6.45  7.68  9.47 11.40 13.01 14.46 16.43 17.77 19.60 20.65 22.30 22.63 22.97 24.64 24.54 24.40 24.43 24.41 24.32 24.26 23.15 21.33 19.98 19.20 17.56 16.23 15.33 14.10 12.77 11.93 11.12  9.77  9.36
29.11 29.12 29.56 29.84 30.26 30.13 30.01 29.99 30.02 30.22 30.30 30.49 30.43 30.40 29.59 29.20 29.07 28.43 26.84 25.99 24.04 22.23 20.28 19.69 18.06 17.39 17.04 16.83 16.38 15.06 14.25 13.21 11.76 10.54  9.23  7.85  7.47
traj-149:
 5.28  6.77  8.25 10.10 11.58 13.20 14.89 15.73 17.33 18.81 20.73 22.43 23.47 24.44 24.49 24.47 24.45 24.47 24.43 24.35 23.53 22.70 21.52 20.01 18.22 16.29 15.28 13.42 11.68  9.83  7.93  6.46  5.05  3.52
17.83 17.89 17.87 17.86 17.82 17.77 17.71 17.73 17.60 17.42 17.79 18.21 18.32 20.04 21.22 22.65 24.12 24.66 26.60 28.14 29.10 29.28 29.49 29.40 29.50 29.77 29.89 30.22 30.59 30.94 31.39 31.26 31.48 31.80
traj-150:
 3.27  4.56  5.95  7.10  8.25  9.75 11.57 12.69 13.72 15.58 16.16 17.30 18.89 20.32 22.21 24.21 24.45 24.59 25.08 25.04 24.88 24.76 24.64 23.54 22.16 21.03 19.72 17.91 16.68 15.70 14.43 13.24 11.44 10.83  9.37  7.51  6.00
30.43 30.95 30.83 30.52 30.17 29.42 29.47 29.45 29.46 29.35 29.22 29.33 29.48 29.49 29.55 29.49 27.75 26.75 24.82 24.11 22.24 20.44 19.04 18.62 18.04 17.81 17.48 17.06 16.75 16.48 15.85 15.32 14.59 14.42 14.05 13.48 13.48
traj-151:
 5.83  6.77  8.25  9.82 11.28 12.72 14.26 15.48 16.67 18.06 19.26 20.09 21.69 23.26 23.65 24.44 24.58 24.82 25.00 25.37 25.46 25.47 23.53 21.68 20.55 18.62 18.03 16.10 14.38 12.75 10.85 10.30  8.66  7.63  6.06  5.33  3.75
16.59 16.50 16.46 16.39 16.20 16.18 16.45 16.62 16.97 17.33 17.62 17.92 18.32 18.38 18.81 20.02 20.72 22.40 23.75 25.36 27.32 28.78 29.08 29.14 29.04 29.14 29.24 29.28 29.22 29.23 29.28 29.34 29.47 29.51 29.46 29.51 29.66
traj-152:
 2.25  3.41  4.63  6.08  7.14  8.34 10.15 11.82 13.09 14.43 15.86 17.47 19.10 21.03 22.72 23.01 24.32 24.67 24.72 24.72 24.84 24.77 24.73 24.68 23.00 21.92 20.04 18.61 17.90 16.52 15.45 14.26 13.46 11.72 11.44  9.72  8.62  7.30
30.86 30.52 30.40 30.23 29.99 30.18 30.53 30.73 30.86 30.91 30.86 30.41 30.32 30.01 29.25 29.22 27.94 27.19 26.54 24.68 22.76 21.27 20.17 18.75 18.02 17.87 17.44 16.89 16.66 16.27 15.87 15.67 15.47 14.78 14.68 13.92 13.79 13.70
traj-153:
14.58 14.54 14.23 14.18 13.74 13.63 13.18 13.27 13.07 14.47 16.19 17.08 18.82 20.72 22.63 23.85 24.63 24.42 24.24 24.12 24.12 24.24 23.60 22.24 21.88 20.15 18.60 17.57 16.31 14.42 13.55 12.01 10.10  8.89  7.33  5.72  3.85  2.84
 8.37  9.32 10.77 11.51 13.35 13.63 15.57 16.12 17.68 18.26 18.17 18.13 18.16 18.21 18.21 18.74 20.19 20.64 22.23 23.63 25.40 27.18 29.03 29.49 29.54 29.43 29.27 29.31 29.36 29.38 29.32 29.26 29.26 29.44 30.26 30.92 31.46 31.39
traj-154:
 3.75  5.26  6.74  8.41  8.71 10.67 11.01 12.94 14.40 14.83 16.58 17.89 18.84 20.75 22.66 23.33 25.14 24.96 25.06 25.10 25.14 25.21 24.12 23.67 21.91 19.97 18.68 17.41 15.89 15.30 15.28 15.25
29.80 29.57 29.59 29.68 29.67 29.75 29.82 29.61 29.55 29.58 29.45 29.34 29.44 29.29 29.19 29.08 28.32 26.42 25.41 23.94 22.99 21.14 19.49 18.74 17.86 17.60 17.27 16.62 16.07 14.68 13.52 12.52
traj-155:
16.02 17.56 18.64 19.74 21.34 22.49 23.25 24.31 24.58 24.96 24.77 24.60 24.52 23.20 22.90 21.24 20.67 18.92 16.94 16.10 14.58 13.08 11.44  9.69  8.54  6.95  5.69  4.20
17.93 17.87 17.88 17.95 17.94 17.93 18.82 20.38 21.73 23.57 24.75 26.56 28.06 29.28 29.32 30.01 29.98 29.89 30.11 30.24 30.26 30.31 29.47 29.33 29.46 30.21 30.27 29.25
traj-156:
 2.71  4.44  6.22  6.73  8.28 10.28 11.94 12.45 14.38 16.23 18.06 19.54 20.91 22.72 23.17 24.84 24.76 24.90 25.01 24.97 25.05 24.79 24.21 23.07 21.38 20.52 19.32 17.36 16.00 14.59 14.05 12.43 12.14
30.86 30.36 30.19 30.17 30.19 30.19 30.09 30.00 30.05 29.66 29.56 29.54 29.21 29.05 29.02 28.25 27.01 25.32 24.16 22.46 21.90 20.33 19.04 17.76 17.15 17.10 17.24 17.23 16.94 16.57 16.31 15.53 15.47
traj-157:
 5.98  6.91  8.79 10.48 12.18 13.76 15.57 16.37 17.90 18.59 20.22 22.04 23.51 24.29 24.34 24.43 24.57 24.58 24.31 24.19 23.53 21.64 20.10 18.18 16.97 15.09 13.20 11.22 10.35  8.85  7.40  5.65  3.79  2.68
17.74 17.79 17.90 18.10 17.66 17.24 16.82 16.71 17.12 17.30 17.68 18.21 18.72 20.16 21.34 22.78 24.68 25.27 26.97 28.02 29.88 29.83 29.79 29.53 29.36 29.32 29.34 29.32 29.30 29.54 29.73 30.07 30.43 31.28
traj-158:
 2.84  3.86  5.72  7.62  9.40 10.93 12.31 13.04 14.08 15.83 17.16 19.12 20.12 21.95 22.36 24.20 24.69 25.06 25.02 24.72 24.53 24.45 24.17 24.09 22.32 20.51 19.00 17.58 16.60 14.98 13.80 11.95 10.04  8.61
29.92 29.93 29.69 29.77 29.61 29.78 29.58 29.45 29.26 29.03 29.02 29.13 29.13 29.04 29.02 28.59 27.24 25.50 25.20 23.22 21.74 20.88 19.54 18.66 17.98 17.65 17.32 16.75 16.47 16.24 15.54 15.48 15.25 15.21
traj-159:
13.13 14.38 15.35 16.17 16.63 17.83 18.43 19.82 21.77 22.06 23.98 24.86 25.26 25.42 25.29 24.88 24.70 24.43 24.36 24.09 22.30 22.17 21.87 19.95 18.41 17.19 15.32 13.88 12.65 11.78 10.59  9.27  7.93  6.07  4.16  2.96
10.86 12.17 13.14 14.90 16.04 17.17 17.55 17.48 17.60 17.62 17.82 18.97 19.94 20.93 21.82 23.76 24.53 26.33 26.77 28.52 29.19 29.45 29.45 29.44 29.44 29.40 29.32 29.49 29.54 29.51 29.67 29.97 30.38 30.51 30.72 30.60
traj-160:
 3.90  5.63  7.15  8.01  9.73 11.22 11.90 13.89 15.63 17.32 19.15 20.74 21.92 23.60 24.21 24.34 24.20 24.16 24.12 24.18 24.05 22.83 21.53 20.14 18.57 17.83 16.10 15.36 13.59 12.69 11.05
30.62 30.74 30.88 30.98 30.88 30.67 30.53 30.45 30.43 30.34 30.27 30.33 30.16 29.93 28.10 26.69 24.89 23.70 22.87 20.90 19.36 17.86 17.80 17.79 17.44 17.34 17.29 17.43 17.52 17.71 18.18
traj-161:
15.40 15.88 16.86 17.59 18.91 20.25 21.98 22.23 23.91 24.06 24.44 24.71 24.80 24.61 24.54 24.47 22.98 21.17 19.36 17.91 16.95 15.40 14.52 12.77 11.34  9.55  8.49  7.99  6.31  4.97  3.28
14.25 15.18 16.73 17.02 17.15 17.31 17.95 18.11 18.89 19.14 20.77 22.37 24.12 25.99 26.87 28.64 29.19 29.44 29.57 29.65 29.57 29.48 29.36 29.25 29.50 29.15 29.15 29.67 30.01 30.54 31.17
traj-162:
 2.10  3.83  5.24  6.72  8.44 10.44 10.76 12.45 14.21 16.06 17.50 19.46 20.18 21.85 23.09 23.52 24.90 25.55 25.06 24.89 24.90 24.50 23.75 21.96 20.28 19.22 17.43 15.88 14.56 13.02 12.36 10.82  9.69  8.65  7.35
30.76 30.51 30.26 30.00 29.84 29.79 29.85 30.03 30.04 30.06 30.05 29.88 29.87 29.72 29.52 29.29 28.30 26.41 24.54 22.86 20.91 19.68 18.69 17.92 17.38 16.93 16.75 15.99 15.21 13.97 13.28 12.85 11.43 10.71  9.59
traj-163:
 8.99  9.74 11.26 12.34 13.79 15.54 17.20 18.64 19.53 21.10 21.90 23.28 24.22 24.70 24.73 24.72 24.83 24.92 24.35 23.65 23.01 21.57 20.38 18.97 18.36 16.57 14.81 12.85 11.84 10.63  8.86  7.35  5.79  4.69  2.89  2.61
18.07 18.05 17.71 17.73 17.91 17.98 18.08 17.93 17.86 17.96 18.03 18.26 19.89 21.52 23.44 24.32 26.15 27.17 28.41 29.54 29.99 29.69 29.46 30.01 30.11 30.70 30.37 30.57 30.04 30.01 29.62 29.58 29.66 29.75 29.45 29.34
traj-164:
 3.67  5.40  6.98  8.58 10.06 10.88 12.12 14.05 15.66 16.67 18.31 20.15 21.09 23.05 24.25 24.37 24.35 24.39 24.35 24.35 24.26 23.46 23.18 21.30 19.61 17.81 16.06 14.70 13.50 12.53 12.34
30.73 30.45 30.33 30.05 29.68 29.71 29.76 29.85 30.07 29.87 30.08 29.59 29.77 29.68 28.12 26.96 25.33 24.91 23.31 21.46 19.73 18.34 17.83 17.41 17.22 16.96 16.20 15.36 14.40 12.74 12.51
traj-165:
 5.03  6.64  7.81  9.29 10.03 11.10 12.00 12.46 13.26 14.77 15.38 16.73 18.35 19.78 21.77 23.69 24.05 24.75 25.07 25.54 25.67 25.35 25.19 23.90 22.83 20.92 19.53 17.69 16.23 14.30 12.56 10.65  8.73  7.71  5.78  3.94
 7.65  8.82  9.80 10.86 11.31 11.89 12.46 12.84 13.26 14.23 14.84 15.93 16.88 17.98 18.14 18.24 18.96 20.81 22.51 24.29 25.96 27.65 28.59 30.05 30.01 29.88 29.87 29.73 29.74 29.58 29.56 29.52 29.69 29.79 30.05 29.96
traj-166:
 3.62  4.05  5.37  6.60  8.08  9.84 11.11 12.22 13.33 14.42 15.90 17.11 19.04 20.51 21.19 22.11 23.92 24.06 24.70 24.82 25.09 24.51 24.63 24.52 24.48 23.93 22.88 21.33 19.66 17.97 16.03 14.35 12.61 10.92
30.77 30.62 29.84 29.65 29.57 29.41 29.52 29.51 29.47 29.62 29.75 29.93 30.02 30.10 30.13 30.21 29.53 29.26 27.53 26.66 24.93 23.05 21.88 19.93 19.64 18.72 18.22 17.85 17.43 16.63 16.22 15.69 15.90 15.96
traj-167:
 6.80  8.19  9.86 11.46 13.13 14.42 15.86 17.27 18.44 20.03 21.61 23.18 24.02 24.23 24.31 24.42 24.44 24.52 23.80 23.33 21.40 20.53 19.13 17.73 16.05 14.80 13.02 11.45  9.81  9.64  8.42  7.12  5.21  3.72  1.88
17.42 17.93 17.86 17.60 17.50 17.39 17.23 17.50 17.70 17.97 17.95 18.25 19.60 21.57 23.25 24.96 25.56 27.42 29.08 29.69 29.95 29.93 29.87 29.81 29.52 29.35 29.36 29.24 29.32 29.57 29.69 29.93 30.51 31.02 31.79
traj-168:
 4.01  5.27  6.13  7.45  9.22 10.91 11.03 12.49 13.87 15.14 16.74 18.47 19.28 20.68 22.41 23.63 24.72 24.96 25.13 25.23 24.76 24.70 24.18 24.05 22.78 21.37 19.74 17.80 16.12 15.75 14.40 13.13 12.93
31.73 30.44 29.87 29.61 29.82 29.72 29.44 29.25 29.24 29.44 29.55 29.71 29.98 30.41 31.11 30.91 29.51 28.51 26.54 24.57 22.69 22.39 20.66 19.28 17.97 17.62 16.88 16.84 15.93 15.52 14.19 13.03 12.81
traj-169:
 8.74  9.04 10.96 12.70 13.96 15.74 16.27 18.14 19.80 21.03 22.75 23.17 24.94 24.96 25.02 24.98 24.80 24.70 24.49 24.48 24.29 24.11 22.45 20.78 19.81 18.64 16.75 14.87 13.02 11.22  9.25  7.82  6.41  5.35  4.03
15.47 15.48 15.85 15.84 15.86 15.83 16.07 16.44 16.59 16.74 16.87 16.86 17.67 19.56 20.45 21.05 22.66 23.25 23.46 25.44 27.12 28.93 29.65 30.04 30.21 30.39 29.88 30.00 30.04 30.02 29.85 29.72 29.70 29.68 29.62
traj-170:
 3.76  4.10  6.08  7.76  9.30 10.21 11.79 13.46 14.92 15.78 16.95 18.35 20.10 21.98 23.60 24.36 24.32 24.31 24.31 24.24 24.22 24.12 22.24 21.17 19.85 17.99 16.33 14.77 13.38 12.18 12.00 11.69 11.17 10.29  9.34  8.32  7.37
30.05 30.11 29.95 29.66 29.76 29.64 29.45 29.44 29.52 29.59 29.67 29.96 30.14 30.45 29.60 28.44 26.53 25.69 23.85 22.28 20.45 18.52 17.99 17.94 17.90 17.85 17.85 17.67 16.99 15.67 15.40 13.61 12.94 11.91 10.95  9.82  8.42
traj-171:
 9.60 10.60 12.07 13.52 14.74 16.30 16.50 17.93 19.56 20.28 21.57 23.38 24.31 24.43 24.41 24.27 24.44 24.67 24.32 22.63 22.35 20.60 18.77 16.84 15.42 13.79 12.51 10.74  9.03  7.39  6.23  4.26  3.51  2.00
11.72 12.28 13.28 13.88 15.23 16.27 16.30 16.89 17.69 17.78 17.94 18.18 19.85 21.34 23.11 25.05 26.54 28.31 29.70 30.65 30.55 30.62 30.54 30.33 29.98 29.83 29.91 29.80 29.64 29.30 29.14 29.26 29.35 29.53
traj-172:
 1.83  2.33  4.12  4.76  6.61  8.22  8.84 10.73 11.94 13.90 14.81 16.50 17.04 18.80 20.51 22.31 23.59 24.19 24.39 24.70 24.88 24.64 24.56 23.90 22.33 21.56 19.83 17.95 16.16 15.26 14.04 12.74 11.26 10.63
31.62 30.99 30.14 29.81 29.76 29.68 29.67 29.76 29.79 29.87 29.96 30.25 30.23 30.21 30.05 29.25 29.03 27.37 25.83 24.33 22.68 21.44 19.56 17.99 17.68 17.44 17.39 17.05 16.67 15.85 14.80 13.73 12.74 12.28
traj-173:
 8.04  9.31 10.95 12.75 14.29 15.88 16.75 18.50 20.21 22.16 23.95 24.23 24.28 24.50 24.46 24.38 24.29 24.18 23.42 22.39 20.81 19.57 18.68 17.06 16.09 14.96 13.58 12.32 10.82  9.82  8.05  6.26  5.82  3.93  2.17
14.33 15.04 15.86 16.40 16.61 16.88 16.98 17.46 18.10 18.07 18.92 19.15 20.61 22.48 23.54 24.88 26.83 28.11 29.07 29.19 29.24 29.24 29.35 29.66 29.77 30.03 30.22 30.38 30.33 30.47 30.88 31.21 31.25 31.09 31.09
traj-174:
 3.73  4.40  6.23  6.53  8.42  9.81 11.63 13.34 14.65 16.38 17.24 19.05 19.81 21.55 22.52 24.33 24.39 24.40 24.43 24.38 24.30 24.22 22.49 20.51 18.91 17.24 16.04
29.25 29.33 29.75 29.78 30.11 30.54 30.01 29.55 29.63 29.76 29.83 29.55 29.19 29.01 29.05 28.44 26.67 25.27 23.39 22.23 20.47 18.76 17.96 17.88 17.43 16.78 15.70
traj-175:
15.65 17.59 19.26 20.84 22.60 23.31 24.04 24.36 24.39 24.32 24.27 24.16 24.14 23.86 21.99 20.64 19.36 18.37 16.86 15.04 13.69 12.31 10.45  9.64  8.16  7.24  5.35  3.71  2.13
18.29 18.04 17.94 17.98 18.36 18.38 19.75 21.51 22.37 23.91 25.71 27.56 27.86 29.82 30.18 30.26 30.41 30.46 30.42 30.16 29.75 29.76 29.59 29.65 29.63 29.56 30.02 30.46 31.02
traj-176:
 3.03  3.97  5.75  7.70  9.26 11.01 12.28 13.87 14.60 16.35 18.06 19.38 20.65 22.14 22.87 24.78 25.00 24.71 24.75 24.80 24.70 24.75 24.77 24.72 22.75 20.81 19.40 17.88 16.07 14.26 12.45 10.64 10.18
31.74 30.96 31.33 31.00 30.39 29.67 29.48 29.59 29.56 29.70 29.72 29.90 29.95 30.22 30.34 30.10 28.80 27.34 25.71 24.77 22.96 21.50 20.04 18.29 17.97 18.00 17.14 16.85 16.70 15.96 15.56 15.43 15.51
traj-177:
13.93 13.54 13.48 13.41 13.16 14.14 14.76 16.22 17.14 18.61 19.12 21.04 21.33 23.14 23.72 24.20 24.14 24.18 24.27 24.41 24.45 24.48 24.50 22.73 20.87 19.70 18.30 16.73 15.41 14.11 12.29 10.70  9.33  8.60  6.73  5.08  4.04
 8.30  9.88 10.72 11.89 13.39 14.38 15.21 16.36 16.83 17.48 17.54 17.29 17.21 17.74 18.68 19.56 20.13 22.12 23.99 25.60 26.20 27.92 28.22 29.08 29.17 29.25 29.30 29.21 29.32 29.42 29.52 29.63 29.79 29.89 30.56 30.98 31.41
traj-178:
 2.56  4.30  5.96  7.00  8.28  9.38 10.50 12.21 14.12 15.50 16.56 17.75 19.02 20.10 21.13 23.01 23.69 24.14 24.24 24.44 24.61 24.84 24.82 24.83 23.96 22.16 20.97 19.48 17.85 17.32 15.86 14.65 12.95 11.76
30.63 31.14 31.17 31.23 31.35 31.13 30.77 30.40 30.01 29.94 30.03 30.08 30.08 30.17 30.24 30.57 30.18 28.26 27.37 25.68 24.36 22.39 21.24 20.07 18.60 18.18 17.85 17.28 17.20 16.38 15.44 14.86 14.31 14.00
traj-179:
10.21 10.94 12.31 13.76 14.51 15.39 16.88 18.51 19.11 19.52 21.48 21.93 23.80 24.82 24.69 24.97 24.91 24.71 24.49 24.55 23.89 22.15 20.22 18.33 16.86 15.37 13.66 11.86 10.34  8.39  7.73  6.30  5.36  3.94  2.23  1.93
11.18 11.59 12.74 14.11 15.48 16.18 16.99 17.58 17.74 18.03 17.98 17.91 18.36 20.02 21.89 21.98 23.73 24.78 25.79 27.59 29.47 30.24 29.86 29.70 30.15 30.21 30.51 30.87 30.94 30.51 30.42 30.38 30.47 31.16 31.49 31.50
traj-180:
 2.01  2.88  4.70  6.63  7.68  9.27 10.20 11.04 12.50 14.30 16.26 18.08 19.83 20.37 22.18 23.96 24.89 25.20 24.98 24.97 24.57 24.23 23.41 21.43 20.41 18.66 17.13 16.23 15.64 14.95 14.56 13.96 13.35
31.30 31.15 31.22 31.29 31.01 30.61 30.43 30.07 29.99 29.95 29.79 29.90 29.80 29.79 29.50 29.53 28.09 26.28 25.29 23.40 21.46 19.75 18.46 18.19 18.30 18.10 17.14 15.41 13.81 11.94 10.81  8.98  7.55
traj-181:
 8.28  9.35 10.36 11.38 12.96 14.59 16.23 17.95 19.79 20.48 21.88 22.48 24.33 24.64 24.73 25.11 25.24 25.18 25.11 24.76 22.82 21.67 20.10 18.70 16.86 15.02 13.31 11.79 10.67  9.46  8.28  6.56  5.96  4.05
11.83 12.40 12.92 13.46 14.31 15.08 16.03 16.89 17.56 17.67 17.88 18.04 18.22 19.58 21.00 22.87 24.44 25.54 26.67 28.60 29.02 29.23 29.28 29.36 29.66 29.78 29.80 29.87 29.74 29.53 29.37 29.30 29.25 29.25
traj-182:
 1.93  2.52  4.49  6.45  6.64  8.53  9.31 11.06 12.97 14.78 16.50 18.28 19.95 21.12 22.92 23.19 24.18 24.42 24.59 24.62 24.60 24.52 24.58 24.01 23.80 22.35 20.88 18.94 17.10 15.71
29.70 29.74 29.93 29.71 29.69 29.70 29.88 30.23 30.68 30.99 31.51 31.58 31.35 30.90 30.13 29.60 28.04 26.87 25.96 24.31 23.56 21.79 20.90 19.08 18.86 18.15 18.03 18.12 18.14 18.22
traj-183:
16.46 15.99 16.11 16.24 16.96 17.71 18.89 19.76 21.48 23.40 24.33 24.59 24.55 24.56 24.53 24.51 24.54 24.51 22.57 21.57 19.63 18.17 16.34 14.45 13.57 11.80  9.81  9.11  7.22  6.92  5.07  3.67
10.92 12.74 13.83 14.40 16.19 16.83 17.48 17.69 18.17 18.45 19.25 20.98 22.45 23.04 24.60 25.84 27.32 29.06 29.50 30.10 30.24 30.34 30.36 30.23 29.98 29.94 29.96 29.75 29.67 29.64 30.01 30.24
traj-184:
 2.57  4.18  5.99  7.06  7.62  9.29 10.17 12.05 13.16 14.65 16.46 18.18 19.50 20.68 22.18 22.58 24.17 24.86 24.86 24.93 24.93 24.93 24.89 23.61 23.09 21.37 19.41 17.73 16.36 14.60 13.04 11.78 10.50  9.30  7.59  6.51  5.31
29.88 29.64 29.43 29.29 29.19 29.22 29.27 29.88 30.17 29.97 29.89 29.67 29.49 29.37 29.15 29.00 28.56 27.07 26.77 24.95 22.95 21.81 20.39 18.87 18.51 17.82 17.57 17.08 16.32 15.46 14.90 14.41 13.85 12.68 11.71 11.05 10.40
traj-185:
 7.21  8.28  8.82 10.58 11.48 11.89 13.21 14.74 16.33 17.74 19.34 21.02 22.24 23.61 24.06 24.40 24.46 24.36 24.20 24.18 24.03 23.64 21.67 21.05 19.24 17.35 15.64 14.76 12.88 11.12 10.03  8.14  6.25  4.27  2.66
 8.13  9.07  9.76 10.49 11.46 12.09 13.12 14.35 15.42 16.43 16.85 17.46 18.04 18.65 19.03 20.58 21.82 22.97 24.95 26.68 27.86 29.26 29.57 29.61 29.88 29.87 29.96 29.79 29.26 30.03 29.94 30.34 30.72 30.72 31.47
traj-186:
 3.94  4.86  6.23  8.10  9.25 11.16 12.85 13.72 15.12 15.86 17.09 18.67 19.67 20.95 22.30 24.05 24.08 24.08 24.27 25.02 25.56 25.53 25.57 24.55 22.99 21.45 19.83 18.28 16.89 15.52 13.67 12.05 10.39  9.25
30.97 30.77 30.49 30.15 30.02 29.80 29.46 29.61 29.56 29.35 29.30 29.25 29.16 29.10 29.01 28.38 26.61 26.01 24.57 22.87 21.15 20.21 18.44 16.95 16.92 16.98 17.02 17.11 17.04 17.07 16.82 16.68 16.63 16.62
traj-187:
 5.24  5.50  7.28  8.08  9.47 11.44 12.87 14.35 15.40 17.13 18.44 20.21 20.95 22.84 24.28 24.35 24.36 24.41 24.50 24.35 24.41 23.13 21.21 19.96 18.97 17.12 15.16 13.97 12.05 10.06  8.20  6.80  5.49  3.61  3.49  2.38
12.96 13.10 13.94 14.49 15.00 15.26 15.93 17.07 17.20 17.45 17.61 17.59 17.77 17.93 19.31 21.10 21.40 23.18 24.73 25.91 27.86 29.10 29.23 29.30 29.34 29.39 29.48 29.30 29.23 29.23 29.25 29.28 29.27 29.45 29.63 29.87
traj-188:
 3.27  5.06  5.65  7.62  9.35 10.59 11.97 13.29 14.95 16.68 18.29 19.13 20.63 22.37 23.58 24.96 25.25 25.47 25.29 24.75 24.72 24.52 24.38 23.33 22.10 20.84 19.18 18.49 17.29 16.03 15.35 14.62 13.88 12.96 12.14
30.10 29.99 30.05 30.01 30.12 29.99 29.90 29.80 29.66 29.67 29.86 29.95 30.03 30.19 30.43 29.82 27.84 25.99 25.74 23.85 22.31 20.61 19.75 18.34 18.13 17.81 17.22 16.94 16.41 15.07 14.37 12.69 11.67 10.09  8.91
traj-189:
13.92 14.01 14.19 14.31 14.45 15.05 15.89 16.64 18.63 20.18 21.75 23.11 24.66 24.90 25.12 25.06 24.50 24.28 24.15 24.10 24.04 22.81 21.36 19.53 17.97 16.34 14.38 13.07 11.23 10.66  9.10  8.19  6.30  6.00  4.15  3.06
 7.44  8.27 10.03 10.79 12.46 14.17 15.92 17.16 17.10 17.35 17.00 16.33 17.50 18.94 20.72 21.79 23.36 24.44 25.12 26.90 28.09 29.36 29.68 30.13 30.31 29.51 29.59 29.48 29.41 29.37 29.63 29.66 30.26 30.26 30.82 30.95
traj-190:
 1.94  3.80  5.22  7.08  8.36  9.83 10.54 12.24 13.30 14.75 16.67 17.41 19.35 21.15 23.03 23.66 24.28 24.33 24.34 24.31 24.27 24.13 22.44 22.15 20.31 18.57 16.85 15.27 14.15 12.92 11.91 11.12 11.06 10.94
30.92 30.62 30.59 30.39 30.29 30.12 30.01 29.40 29.31 29.28 29.26 29.24 29.19 29.15 29.20 29.18 27.77 25.92 24.06 22.42 20.61 18.87 18.04 18.00 17.88 17.46 16.66 16.30 15.64 14.75 13.69 12.72 11.44  9.69
traj-191:
14.36 15.28 16.29 16.72 18.30 20.21 22.09 22.39 24.02 24.07 24.11 24.17 24.55 24.58 24.46 22.78 21.50 19.70 17.87 16.61 14.77 13.03 12.28 10.46  8.58  8.28  6.42  4.56  2.88
13.54 14.57 15.96 17.23 17.62 17.88 18.11 18.08 18.69 20.08 21.82 23.81 25.68 27.67 28.86 29.62 30.10 30.90 30.68 30.18 29.62 29.73 29.79 30.04 30.14 30.16 30.21 30.38 30.56
traj-192:
 3.67  4.69  6.32  8.23 10.17 12.03 12.68 14.28 15.14 16.85 17.79 19.15 19.75 21.65 22.33 24.18 24.94 24.88 24.68 24.82 24.74 24.82 24.73 23.76 22.03 20.54 19.43 18.37 16.74 16.42 15.88 15.38 14.97 14.78 14.72
31.86 31.53 31.21 30.88 31.06 31.01 30.95 31.67 31.66 31.44 31.23 30.47 30.01 29.43 29.27 29.27 27.52 26.93 25.45 24.24 22.87 21.35 20.09 18.37 17.77 17.36 17.07 16.72 15.87 15.33 13.42 11.82 10.31  8.96  8.19
traj-193:
15.16 14.90 14.72 14.79 15.39 16.81 18.45 19.14 20.27 22.16 23.87 24.06 24.15 24.18 24.34 24.40 24.35 24.31 22.57 21.35 20.17 19.41 17.98 16.10 15.25 13.34 11.45 10.08  8.09  6.66  5.73  4.14  2.82  2.31
 9.32 10.24 12.20 13.51 14.32 15.64 16.60 16.75 17.99 17.72 18.74 18.97 20.96 22.44 24.41 26.17 27.84 29.30 29.54 29.61 29.89 29.99 30.24 30.44 30.39 30.13 30.02 29.73 29.74 29.81 29.66 29.61 30.19 30.93
traj-194:
 3.90  4.93  6.49  8.23  9.35 11.30 13.28 14.67 16.59 18.45 19.82 21.66 23.11 24.14 24.47 24.47 24.47 24.41 24.23 24.04 23.12 22.18 20.47 20.10 18.20 17.89 16.30 15.08 14.35 13.82 12.68 11.56 10.85
30.18 30.11 30.01 30.11 29.98 29.95 29.98 29.93 30.37 30.48 30.60 30.81 29.88 28.62 26.95 26.65 24.70 22.78 21.14 19.78 18.15 17.84 17.33 17.27 16.86 16.39 15.41 14.28 12.83 12.27 10.83  9.20  8.72
traj-195:
 6.32  8.06  9.58 10.99 11.65 12.46 14.05 15.12 16.61 17.96 19.87 21.83 22.52 24.24 24.19 24.21 24.31 24.44 24.47 24.36 24.12 22.26 20.73 18.76 16.88 15.02 13.47 12.29 10.99  9.15  7.21  5.79  3.97  2.37  1.76
12.35 12.72 13.42 14.11 14.44 14.83 15.80 16.32 16.94 17.20 17.01 17.23 17.45 18.27 20.03 20.62 22.54 24.48 25.21 27.09 29.07 29.57 29.61 29.85 29.81 29.61 29.51 29.43 29.33 29.53 29.81 30.03 30.57 31.08 31.41
traj-196:
 1.78  3.46  5.37  7.27  8.99 10.75 12.47 14.32 15.87 17.54 18.79 20.62 22.51 24.00 24.11 24.21 24.37 24.52 24.13 23.05 22.20 20.51 19.22 17.76 16.14 14.77 13.67 12.97 11.27 10.12  8.89  7.33  7.25
29.37 29.53 29.66 29.72 29.89 30.10 30.27 30.29 30.15 30.02 30.07 29.87 29.58 28.87 26.88 25.73 23.79 21.88 20.01 18.52 18.33 17.82 17.32 16.81 15.91 14.75 13.90 13.32 12.39 11.52 10.51  9.35  9.26
traj-197:
 7.09  7.89  8.99  9.68 11.06 11.93 13.54 13.71 15.13 16.18 17.39 18.61 20.15 21.47 23.32 24.36 24.50 24.48 24.53 24.56 24.56 24.16 23.08 22.56 20.99 19.46 17.65 16.31 15.22 13.39 11.82 10.76  9.15  7.46  6.06  5.32  4.06
 9.86 10.12 10.72 11.54 12.69 13.31 14.15 14.66 15.37 15.90 16.79 17.26 17.60 17.94 18.33 19.90 21.85 23.73 25.16 25.76 26.34 28.30 29.94 30.11 30.36 30.22 30.10 30.17 30.20 30.35 30.62 30.89 31.20 31.10 30.72 30.22 29.39
traj-198:
 4.06  4.35  6.22  8.16 10.09 11.30 12.65 14.62 16.25 16.89 18.65 19.42 20.73 21.52 23.33 25.11 24.72 24.66 24.34 24.51 24.28 24.31 24.02 22.26 20.51 19.01 18.13 17.07 15.63 14.56 13.11 11.88 10.90  9.70  7.99  7.58
31.55 31.62 31.28 30.90 30.50 30.17 29.76 29.85 29.71 29.78 29.90 29.98 30.14 30.27 29.63 29.10 27.49 26.15 24.27 22.93 21.27 19.43 18.94 18.10 17.94 17.86 17.85 16.83 15.81 15.54 15.07 14.77 13.24 11.99 11.10 10.42
traj-199:
 6.16  7.11  8.29  8.72  9.28 10.23 11.45 13.00 14.48 15.84 17.04 17.76 19.46 21.28 21.87 23.41 24.60 24.60 24.55 24.52 24.50 24.54 24.61 22.70 22.20 21.60 19.78 18.67 16.73 15.11 13.13 11.37 10.18  8.74  6.82  5.88  4.43  3.77
 8.29  9.17 10.41 11.01 11.69 13.03 13.44 13.66 14.54 15.42 16.33 16.92 17.82 17.82 17.92 18.57 19.71 20.86 22.84 24.56 26.31 27.60 28.73 29.09 29.69 29.70 29.64 29.70 29.82 29.66 29.70 29.75 29.72 29.57 29.53 29.47 29.39 29.35
