traj-0:
35.07 34.00 32.27 30.41 28.97 28.39 26.49 26.18 26.13 26.07 26.10 26.23 26.14 26.11 26.10 26.41 26.66 26.37 25.73 24.71 23.48 22.00 20.03 18.67 16.78 16.19 14.19 12.50 11.09  9.96  8.40  6.80
20.22 20.30 20.30 20.33 20.44 20.37 20.65 19.17 18.81 18.62 16.95 15.24 14.01 12.87 10.90  8.98  7.57  5.82  4.54  3.81  3.87  3.89  3.95  4.00  3.99  4.01  4.04  4.11  4.19  4.41  5.22  5.95
traj-1:
34.93 33.01 31.12 29.81 28.20 28.09 27.18 25.36 23.59 22.17 20.70 19.02 17.35 15.61 13.73 12.06 10.96  9.85  8.06  7.27
20.10 20.21 20.07 20.04 19.19 18.91 17.18 17.15 17.24 17.32 17.45 17.81 18.23 17.83 17.95 18.81 19.44 20.13 20.81 21.31
traj-2:
36.14 35.84 34.05 32.28 30.84 28.93 27.91 27.30 27.14 26.15 26.20 26.51 26.31 26.06 24.22 22.70 21.45 19.60 17.81 15.93 14.98 13.19 12.41 10.84  9.90  8.40
22.54 22.54 22.51 22.55 22.52 22.22 22.47 24.03 24.33 25.88 27.11 28.86 30.63 32.01 32.52 32.50 32.30 32.52 33.01 33.27 33.57 33.75 33.95 34.18 34.29 34.37
traj-3:
38.97 37.11 36.08 34.65 32.71 30.99 30.22 28.66 27.57 27.00 26.33 26.21 26.16 26.23 26.26 26.27 26.26 25.14 23.44 22.40 20.93 19.94 18.10 16.31 14.42 13.24 11.27  9.52  8.21  7.22  6.21
21.54 21.37 21.32 21.07 20.73 20.34 20.14 19.24 17.76 16.61 15.19 13.22 12.05 10.11  8.45  7.55  5.77  4.27  3.92  3.92  3.96  4.00  4.10  4.14  4.17  4.31  4.51  4.69  5.45  6.41  7.33
traj-4:
38.74 37.13 35.37 33.49 33.20 31.23 29.52 28.06 27.83 27.54 26.01 24.22 22.46 20.70 20.19 19.48 18.09 16.27 14.85 13.10 12.39 11.23
21.99 21.67 21.14 20.68 20.63 20.25 20.01 19.18 18.98 18.92 18.11 17.53 17.38 17.58 17.80 18.16 19.34 18.87 19.82 20.77 21.21 21.93
traj-5:
34.68 32.92 30.95 29.09 27.93 27.03 26.52 26.53 26.55 26.53 26.64
20.87 20.03 20.27 20.63 22.22 23.85 24.91 26.91 27.21 29.18 30.92
traj-6:
38.09 36.62 35.84 34.14 33.54 31.77 30.62 28.85 28.34 28.19 27.90 27.79 27.59 27.39 27.03 26.84 26.61 26.40 26.23 25.15 24.02 22.16 20.48 19.03 17.60 16.20 14.51 12.82 11.92 10.45  8.91  7.63  7.28  6.32  5.84
22.52 22.61 22.65 22.62 22.60 22.63 22.73 21.96 21.34 19.57 18.47 16.52 14.85 13.45 11.79 10.30  8.55  7.10  5.61  4.53  3.84  3.95  3.94  4.01  4.05  4.06  4.11  4.13  4.19  4.30  5.47  6.88  7.32  8.43  9.32
traj-7:
33.95 32.30 30.69 28.79 26.88 26.07 26.08 25.23 23.25 22.36 20.88 18.90 17.83
21.61 21.54 21.57 21.69 21.32 19.64 19.34 17.89 17.78 17.87 17.98 17.78 17.06
traj-8:
34.03 33.52 31.93 31.37 30.04 29.71 29.29 28.39 27.96 27.46 27.37 27.34 27.21 27.28 25.95 24.57 23.30 21.80 20.12 18.45 17.89 16.12 14.29 12.70 12.16 10.50  8.68
20.85 20.57 20.38 20.31 21.17 21.51 21.92 23.23 24.14 26.00 27.49 28.66 30.47 32.07 33.28 32.84 32.65 32.78 32.95 32.51 32.37 32.55 32.78 32.95 32.96 33.04 32.93
traj-9:
34.55 32.91 31.51 29.59 28.39 27.60 26.04 26.25 26.35 26.62 27.18 27.52 27.55 27.58 27.48 27.18 26.97 26.80 26.43 25.35 23.88 23.29 21.60 19.91 18.91 17.15 15.52 14.33 12.34 10.40  8.45
22.33 22.54 22.69 22.98 24.52 25.48 24.41 23.12 22.08 20.40 18.71 16.86 14.93 13.32 12.62 10.90  9.20  7.43  5.96  4.31  4.13  4.11  4.04  3.97  3.95  3.93  3.86  3.88  3.84  3.76  3.55
traj-10:
34.72 32.79 31.78 29.81 28.23 27.65 26.28 24.56 23.40 22.23 20.45 19.62 18.22 16.52 15.67 14.28 12.40 11.76
20.48 20.24 20.26 20.10 19.12 18.59 18.31 17.63 17.66 17.73 17.83 17.86 17.77 18.13 18.20 18.39 18.53 18.02
traj-11:
34.19 32.46 30.73 29.86 28.54 28.36 28.03 27.26 27.10 26.12 26.03 25.43 24.32 23.01 21.25 19.33 17.80 15.93 13.97 11.98 10.38  8.65  8.27  6.93
22.57 22.69 22.87 22.95 24.29 24.53 26.46 28.08 28.49 29.96 30.55 32.16 32.32 32.50 32.59 32.67 33.09 33.19 33.11 33.11 33.70 34.24 34.37 35.28
traj-12:
34.00 32.30 30.82 29.68 27.99 27.27 27.10 27.14 27.54 27.53 27.37 27.69 27.82 27.96 28.25 28.14 27.23 25.34 24.33 22.84 20.89 18.98 17.88 16.17 14.49 13.01 11.55  9.82  9.24  7.32  6.17
22.61 21.78 21.69 21.48 21.27 19.84 18.36 17.78 15.89 15.30 13.43 12.27 10.83  9.18  7.22  5.75  4.22  4.26  4.06  4.09  4.08  4.12  4.06  4.04  4.10  4.15  4.40  4.74  4.86  4.59  4.22
traj-13:
34.75 33.76 31.88 31.29 29.40 28.00 27.46 26.42 26.25 24.46 23.58 21.82 19.92 18.03
20.63 20.27 20.39 20.49 20.63 20.53 19.83 18.41 18.16 17.49 17.56 17.72 17.85 17.97
traj-14:
36.68 36.38 34.41 33.90 32.24 30.94 29.86 28.27 27.99 27.44 26.10 26.06 26.14 26.53 26.82 27.01 27.22 27.75 28.64 29.15
20.39 20.40 20.20 20.75 20.91 20.59 20.31 20.04 19.93 19.86 21.13 22.81 24.56 26.36 27.13 28.85 30.62 31.78 33.50 34.51
traj-15:
35.19 34.59 32.77 32.48 30.77 29.65 27.82 26.54 27.09 27.06 27.22 27.19 27.18 27.19 27.13 27.23 27.08 27.09 26.81 26.30 25.19 24.44 22.87 20.94 19.00 17.05 15.36 13.65 13.36 11.42 10.55  9.41  7.92
22.06 22.06 22.26 22.35 22.67 22.92 23.67 22.98 21.16 20.28 19.13 17.20 15.80 14.11 12.50 10.78  9.32  8.46  7.04  5.38  4.20  4.16  3.98  4.15  3.96  4.05  4.03  4.05  4.10  4.41  4.57  4.78  6.05
traj-16:
35.41 35.12 33.14 31.17 29.73 27.93 26.92 26.26 25.14 23.37 22.48 21.32 20.15 18.67 16.90 15.23 14.42 12.67 11.15  9.33  7.67  6.26
22.12 22.06 22.25 22.43 22.39 21.74 20.29 19.22 17.77 17.56 17.62 17.79 17.54 18.11 18.48 18.70 18.83 19.19 19.34 18.86 18.11 17.55
traj-17:
38.88 37.96 37.01 35.18 34.88 32.94 31.14 30.30 29.36 28.40 27.86 27.29 26.66 26.36 26.29 25.68 25.11 23.34 21.55 20.77
21.80 21.47 21.01 20.67 20.65 20.49 20.26 20.29 21.77 23.29 24.91 26.58 28.20 30.11 30.40 32.21 32.67 32.99 33.25 33.27
traj-18:
33.92 33.11 31.19 29.98 28.67 28.22 28.16 27.58 27.55 27.66 27.59 27.55 27.48 27.39 27.28 27.26 25.54 25.38 24.07 22.92 21.00 20.11 18.35 16.61 14.86 12.91 11.75 10.60  8.99  8.29  7.77  7.22  6.03
21.20 21.05 20.61 20.43 19.04 18.11 17.81 16.18 14.34 12.37 11.05 10.16  8.40  7.82  6.37  5.77  4.92  4.66  4.07  4.10  4.13  4.11  4.07  4.27  4.39  4.59  4.49  4.45  5.41  6.95  7.91  9.16 10.21
traj-19:
36.71 34.94 34.17 32.75 32.14 30.75 29.48 27.64 27.35 26.12 26.08 26.06 25.11 24.81 23.06 21.31 20.14 19.29 17.56 16.23 16.03 15.18 13.46 12.35 10.85  9.52  8.07  7.39
21.64 21.90 21.95 21.98 21.99 21.99 22.10 22.57 22.58 21.02 19.55 18.95 17.23 17.25 17.38 17.58 17.78 17.93 18.36 19.61 20.47 22.04 22.33 22.22 22.29 22.48 22.46 22.20
traj-20:
35.73 33.76 32.24 31.16 30.31 28.75 27.36 26.37 26.34 26.72 26.64 26.46 26.39 26.34 26.11 25.75 25.44 23.89 23.17 21.48 20.65
21.26 21.43 21.72 21.42 21.27 21.01 20.76 20.88 22.44 24.08 25.83 27.09 28.47 29.61 31.08 32.48 33.31 34.04 34.45 35.03 35.22
traj-21:
36.98 35.36 33.73 31.97 30.35 28.67 28.54 27.70 26.70 26.45 26.67 26.95 26.80 26.54 26.30 26.13 25.74 24.27 23.76 21.85 20.10 18.33 16.85 15.42 13.67 11.93 10.55  8.77
21.34 21.05 20.84 20.42 20.04 19.09 18.20 16.45 15.35 13.84 13.04 11.15  9.98  8.29  6.65  5.52  4.91  4.18  3.93  4.07  4.10  4.13  4.20  4.28  4.34  4.49  4.79  4.97
traj-22:
38.65 37.77 36.12 34.71 33.82 32.06 30.35 29.22 28.15 27.44 27.09 26.03 24.25 23.38 21.80 19.85 18.13 17.98 16.31 16.11 14.41 12.51 11.83 10.02  8.16  6.48  5.71
22.30 22.34 22.70 22.89 22.87 22.81 22.89 22.71 21.98 20.22 19.64 18.44 17.66 17.61 17.43 17.37 18.01 17.97 18.97 19.71 19.90 20.39 20.65 20.93 21.23 22.13 22.31
traj-23:
38.95 37.22 36.69 34.89 33.91 32.10 30.22 28.67 27.06 27.30 27.20 27.24 27.07 27.09 27.41 27.70 27.74 27.66 28.71
21.54 21.25 21.27 20.96 20.90 20.94 20.68 21.32 21.97 23.71 24.12 26.11 27.00 28.94 30.24 32.05 32.99 34.86 35.27
traj-24:
35.63 33.74 31.88 30.11 28.99 27.50 26.10 26.12 26.15 26.15 26.15 26.30 26.31 27.08 27.23 26.87 26.72 25.50 24.22 22.22 20.61 18.85 17.10 15.74 14.41 12.60 12.30 10.55  9.85  8.43
20.81 20.82 20.70 20.43 20.22 20.18 18.82 17.66 16.21 15.35 13.60 12.21 11.38  9.62  8.17  6.42  5.56  4.13  3.95  3.98  3.96  4.01  3.98  3.84  3.76  3.65  3.68  3.62  3.50  3.25
traj-25:
37.71 36.56 34.62 32.87 31.44 30.00 28.27 27.21 26.28 25.16 24.56 22.58 20.66 19.39 17.76 16.46 14.91 13.68 12.26 10.45  9.52
22.61 22.65 22.76 22.84 22.82 22.82 21.95 20.44 18.94 17.66 17.71 17.43 17.32 18.78 19.71 19.68 19.19 18.98 18.48 17.98 17.86
traj-26:
34.80 34.25 32.69 31.06 29.26 28.34 27.18 26.67 27.15 27.05 26.61 26.48 26.44 25.23 24.77 23.05 21.20 20.90 18.99 18.22 16.36 14.72 13.71 12.03 11.14  9.25  7.81
20.86 20.63 20.39 20.38 21.00 21.35 21.99 23.90 24.57 26.15 27.91 29.82 31.00 32.51 32.67 32.95 33.03 33.05 32.65 32.42 32.42 32.40 32.33 32.69 32.91 33.13 33.39
traj-27:
35.50 34.81 33.16 31.37 30.27 28.73 28.58 28.33 28.18 28.13 27.87 27.33 26.57 26.75 27.05 25.93 25.45 23.86 21.90 20.50 19.44 17.56 17.20 15.23 13.46 11.76  9.81  8.34  7.63
21.36 21.13 20.65 20.29 20.19 19.01 17.55 15.69 14.04 13.74 12.06 10.40  8.58  6.75  6.05  4.53  4.48  4.14  3.87  3.82  3.75  3.74  3.69  3.82  4.00  3.99  4.15  3.98  3.24
traj-28:
38.55 37.21 35.22 34.94 33.22 32.11 30.17 29.61 27.92 26.90 26.35 26.04 25.18 24.28 22.32 20.83 19.87 18.64 18.16 16.46 14.88
21.28 21.93 22.07 21.97 21.82 22.06 22.39 22.50 22.34 22.40 20.54 18.68 17.16 17.23 17.39 17.55 18.24 19.20 19.53 20.46 21.26
traj-29:
34.56 34.13 32.52 31.64 30.32 28.83 28.21 27.35 26.38 26.26 26.44 26.68 26.79 26.46 26.20 24.74 23.69
20.52 20.57 20.15 20.22 20.33 20.57 21.50 22.62 23.95 24.53 26.47 28.17 29.50 31.46 32.23 33.19 33.29
traj-30:
36.33 34.47 32.86 30.92 29.68 28.27 28.01 27.82 26.34 26.44 26.69 26.80 26.49 26.29 26.14 25.07 23.80 23.00 21.48 19.53 18.25 16.43 14.69 12.97 11.56  9.79  9.24
20.62 20.61 20.61 20.29 20.04 19.01 17.33 15.73 14.46 13.19 11.29  9.35  7.38  6.13  5.35  4.23  4.04  4.04  4.10  4.04  4.11  4.18  4.15  4.16  4.08  3.75  3.52
traj-31:
36.34 34.87 33.08 31.37 30.98 29.10 27.81 26.57 26.20 26.12 26.14 25.63 23.72 22.00 20.81 19.12 18.47 16.91 15.13 13.76 12.85 11.62
21.56 21.69 21.84 21.95 21.83 22.48 23.00 21.48 20.37 18.60 18.30 17.53 17.41 17.63 17.72 18.60 19.10 19.44 19.19 18.43 17.90 17.30
traj-32:
34.51 33.40 31.45 30.02 28.56 28.08 27.42 26.71 26.50 26.26 25.01 23.13 21.93 20.48 18.55 18.26 16.31 14.63 12.79 10.81  9.09
22.23 22.49 22.81 22.89 23.71 24.97 26.83 28.38 29.70 31.28 32.60 33.07 33.03 32.89 32.81 32.74 32.79 32.60 32.89 33.03 33.62
traj-33:
36.51 34.80 33.04 31.61 29.93 28.02 27.06 26.63 26.28 26.41 26.62 27.13 26.99 26.95 27.03 26.84 26.61 26.57 26.19 25.42 24.27 22.51 21.73 20.16 18.38 17.22 15.49 13.52 13.23 11.50  9.74  8.68
22.65 22.83 22.83 22.86 22.87 22.80 22.72 20.81 19.03 17.78 17.27 15.48 13.98 13.02 11.12  9.64  7.92  7.62  5.90  4.52  4.08  3.99  4.04  4.06  4.11  4.17  4.19  4.19  4.26  4.48  4.66  5.75
traj-34:
36.98 35.25 34.38 32.40 30.69 30.39 28.43 27.66 27.03 26.20 24.68 23.81 22.35 20.60 19.45 17.71 16.59 15.01 13.71 12.86 11.04  9.61  8.76  7.48
22.51 22.50 22.56 22.72 22.90 22.90 22.88 21.13 19.68 18.31 17.56 17.50 17.60 17.71 17.45 17.31 17.04 18.09 19.60 20.44 21.27 21.31 21.30 21.33
traj-35:
38.86 37.63 35.67 34.12 33.13 32.33 30.53 28.57 27.19 26.45 26.15 26.23 26.73 27.28 27.81 28.11 28.89 30.65 31.91
20.84 20.56 20.31 20.61 21.08 21.50 21.18 21.21 22.16 22.76 24.72 25.65 27.40 28.44 30.22 31.40 32.70 33.46 34.06
traj-36:
34.73 32.99 31.24 30.64 28.96 27.91 27.15 26.29 26.42 26.48 26.57 26.65 26.94 27.28 27.21 27.27 27.15 27.08 26.98 26.75 25.94 24.55 23.22 21.50 20.60 18.95 17.48 16.33 15.47 13.76 12.72 10.91  9.16  7.68
22.16 22.41 22.47 22.44 22.56 21.05 19.87 18.63 17.24 16.38 14.47 13.98 13.15 11.71 10.91  9.51  8.66  7.47  6.32  5.13  3.88  3.98  3.93  4.04  4.05  4.06  4.10  4.11  4.14  3.91  3.94  4.12  4.29  4.43
traj-37:
33.65 32.62 30.91 29.14 27.21 26.97 26.05 26.10 25.15 23.95 22.90 21.75 20.03 19.51 18.93
22.42 22.62 22.94 22.85 22.60 22.42 20.74 19.21 17.57 17.58 17.63 17.49 17.85 18.17 18.54
traj-38:
36.86 36.29 34.35 32.93 31.75 29.76 28.51 28.16 27.94 27.44 27.47 27.62 27.84 27.24 25.41 24.44 23.06 21.22 19.29 17.45 15.53
22.33 22.49 22.89 22.93 22.90 22.97 23.63 24.93 26.06 27.75 28.05 30.04 31.15 32.90 33.68 33.15 32.54 32.67 32.93 33.03 32.89
traj-39:
34.82 34.31 32.52 30.70 29.41 27.67 27.20 26.66 26.53 27.13 27.31 27.39 27.36 27.21 27.14 27.16 26.82 25.91 23.98 22.28 20.47 18.76 17.41 15.69 13.97 12.23 11.93 10.21  8.76  6.92
20.70 20.42 20.66 21.14 21.36 21.74 20.24 18.40 17.15 15.48 13.89 13.03 11.27 10.09  8.34  7.17  5.76  4.01  3.98  3.98  3.95  4.00  4.03  4.05  3.96  4.01  4.04  4.24  4.42  4.66
traj-40:
35.34 34.09 32.66 30.94 29.43 27.67 27.02 25.44 24.85 23.41 21.69 20.80 19.23 18.50 16.81
21.91 21.71 21.26 20.65 20.24 19.35 18.19 17.09 17.16 17.34 17.58 17.70 18.84 18.07 17.24
traj-41:
35.14 33.29 31.82 30.60 29.14 28.28 28.08 27.94 27.58 27.14 27.69 27.82 27.79 26.55 25.12 24.06 22.21 21.92 20.04
20.29 20.34 20.42 20.50 21.54 23.29 24.58 25.39 27.21 29.08 30.89 31.46 33.11 33.87 33.99 33.94 33.96 33.88 33.40
traj-42:
35.17 33.24 31.77 30.03 28.88 28.68 27.36 27.13 26.04 26.35 26.38 26.78 27.24 27.67 27.49 27.57 27.59 27.65 27.53 27.53 27.56 27.35 26.90 26.60 24.65 23.05 21.15 20.86 19.13 17.73 16.84 15.09 14.79 12.88 11.17 10.59  9.12  8.54  6.77
22.74 22.80 22.83 22.93 23.63 24.12 25.50 25.31 23.88 23.25 22.81 21.02 20.04 18.27 17.27 15.33 14.73 12.96 11.45 10.25  8.32  6.61  4.95  3.45  3.54  3.79  4.06  4.11  4.14  4.11  4.12  4.11  4.11  4.34  4.43  4.42  4.41  4.52  4.53
traj-43:
35.55 34.15 32.69 31.04 29.70 28.21 26.77 24.83 23.37 22.16 21.87 20.71 19.13 18.12 17.28 15.63 15.44
20.66 20.38 20.28 20.18 20.32 19.35 18.27 17.91 17.84 17.62 17.57 17.33 18.26 19.05 19.75 20.83 21.06
traj-44:
35.20 34.03 32.16 31.38 29.72 28.13 27.32 26.75 26.56 26.34 26.34 26.47 27.01 27.14 26.01 25.25 24.75 23.15 21.31 19.62 17.69 16.30 14.39 12.98 11.49  9.92
21.66 20.67 20.02 20.09 20.25 21.19 21.76 22.65 23.64 25.45 26.40 27.90 29.44 29.97 31.54 32.01 32.22 33.03 33.12 33.20 33.35 33.54 33.60 33.73 33.83 34.83
traj-45:
36.02 34.87 32.94 31.10 30.56 29.25 28.39 27.86 27.54 27.02 26.61 26.33 26.22 26.11 26.09 26.02 25.09 24.21 22.60 21.44 19.70 18.95 16.97 16.40 14.51 12.99 11.83 10.35  8.76  8.55  7.89  6.96  6.90
21.84 21.71 21.55 21.53 21.61 21.67 20.05 18.20 16.91 15.17 13.98 12.12 10.52  8.76  7.57  6.21  4.58  4.59  4.62  4.64  3.97  4.00  4.19  4.08  4.07  4.29  4.44  4.66  5.56  5.98  7.37  9.03  9.32
traj-46:
33.62 31.92 31.04 29.34 27.62 26.19 25.10 23.63 21.90 20.49 18.74 17.43 16.86 16.22 15.10
20.91 20.43 20.32 20.10 19.23 18.59 17.03 17.17 17.27 17.31 17.35 17.24 17.86 19.57 20.95
traj-47:
34.49 33.30 32.15 30.53 30.00 28.80 28.70 28.77 28.92 28.92 28.89 28.77 28.76 28.68 28.62 28.39 26.92
20.68 20.85 21.04 21.53 21.82 22.68 23.84 25.58 26.45 28.25 29.14 31.13 31.43 33.18 33.48 35.26 36.50
traj-48:
39.07 38.77 36.84 35.39 33.68 32.23 31.64 29.75 27.94 27.27 26.16 26.43 26.66 26.57 26.46 26.43 26.33 26.38 26.34 26.25 26.06 25.19 24.74 23.21 21.67 20.39 18.71 17.15 15.44 14.55 13.13 11.99 10.54  8.87  7.73  6.07  5.38
22.19 22.19 22.33 22.44 22.55 22.63 22.66 22.72 22.45 21.17 19.84 17.93 16.77 15.85 14.54 13.59 11.81 10.25  8.55  7.81  5.98  4.81  4.64  3.99  3.90  3.89  3.85  3.78  3.83  3.92  4.11  4.27  4.48  5.33  6.22  7.28  7.72
traj-49:
37.81 37.24 35.58 33.87 32.10 31.80 30.03 28.48 27.80 27.70 27.33 26.60 26.27 24.53 23.37 22.21 20.45 19.00 17.92 16.30 14.50 12.59 11.07
22.38 22.48 22.80 22.85 22.92 22.92 22.95 23.94 23.13 21.55 20.64 18.80 18.46 17.80 17.80 17.63 17.40 18.17 18.48 18.89 18.34 17.89 17.29
traj-50:
39.15 37.58 35.63 34.47 33.59 31.86 30.41 28.81 28.62 27.93 27.39 26.56 26.26 26.01 26.03 25.48 23.89 22.76 21.22 20.22 18.52 16.76
21.88 22.13 22.41 22.61 22.70 22.88 22.88 23.70 24.21 26.06 27.01 28.62 29.95 30.10 30.40 32.26 33.39 33.62 33.98 34.33 34.62 35.26
traj-51:
34.98 33.11 31.39 29.97 28.50 28.00 27.76 27.60 27.26 27.03 26.90 26.61 26.75 26.71 25.86 24.24 22.25 20.44 18.85 17.13 16.24 14.51 13.41 11.97 10.21  9.62  8.13  6.50  5.10
20.74 20.42 20.15 20.17 19.07 18.45 16.85 15.47 13.65 11.99 10.17  8.34  7.57  6.08  4.78  4.08  3.98  3.94  3.99  3.98  4.02  4.05  4.09  4.03  4.28  4.37  5.24  6.28  7.08
traj-52:
35.38 34.51 32.65 30.83 28.98 27.28 27.00 26.71 26.26 26.16 24.29 23.40 21.63 20.54 19.77 18.16 16.55 14.98 14.18 12.95 12.18
21.16 21.11 20.99 21.06 21.20 20.93 20.83 20.22 18.80 18.23 17.65 17.65 17.74 17.89 18.30 18.81 18.22 19.27 19.69 20.10 20.18
traj-53:
36.18 35.88 34.98 33.50 32.42 30.56 29.96 28.35 27.61 27.07 27.05 26.71 26.65 25.41 25.38 24.18 23.63 21.97 21.20
20.06 20.10 21.08 21.76 22.31 22.93 22.91 23.73 25.24 27.00 28.99 30.33 31.64 33.09 33.39 34.88 35.09 35.99 36.45
traj-54:
34.44 33.14 32.40 30.51 29.64 28.76 28.46 27.70 27.67 27.66 27.40 27.14 26.86 26.74 26.32 25.06 23.79 22.43 21.01 19.08 18.48 16.67 15.30 14.22 12.76 11.58 10.42  9.00  8.66
20.30 20.40 20.32 20.12 20.07 19.60 17.99 16.16 15.12 13.26 11.40 10.03  8.18  7.30  5.93  4.45  3.99  4.01  4.02  4.05  4.11  4.08  4.09  4.11  4.35  4.54  4.74  5.90  7.56
traj-55:
36.85 35.77 34.21 32.36 31.36 29.47 27.96 26.96 26.04 25.04 23.86 22.71 21.28 19.79 18.72 17.00 15.96 14.94 13.13 12.13 10.15  9.29  7.48  6.38  4.83
21.00 20.59 20.45 20.27 20.32 20.30 20.51 20.69 19.40 17.72 17.78 17.84 17.92 17.95 18.28 19.28 19.76 20.13 20.58 20.64 20.48 20.41 20.26 20.57 20.98
traj-56:
34.78 33.64 31.75 30.12 28.46 27.68 27.30 26.56 26.47 26.38 26.21 26.23 26.48 27.53 27.78
22.20 22.33 22.58 22.87 23.81 25.51 26.20 27.78 29.72 30.89 32.25 33.98 34.39 35.93 36.09
traj-57:
35.91 34.19 32.72 31.31 29.94 28.37 27.84 27.38 26.95 26.47 26.62 26.77 26.96 27.02 26.88 26.68 26.48 25.12 23.45 22.41 20.84 19.44 18.13 17.33 15.44 13.76 11.78  9.99  9.69  7.88  6.55
22.39 22.38 22.34 22.41 22.61 21.76 20.76 19.79 18.87 17.06 16.30 14.61 12.91 11.19  9.75  7.78  6.02  4.67  3.98  3.94  3.94  3.92  3.97  3.92  3.96  4.09  4.13  4.22  4.26  4.88  5.54
traj-58:
33.64 31.95 30.22 28.45 27.55 26.19 26.16 25.17 23.97 22.22 21.63 19.87 18.77 17.67 16.55 15.08 13.78 12.68 12.44 10.89  9.05  7.61
22.70 22.82 22.87 21.99 21.00 19.60 18.70 17.11 17.17 17.27 17.25 17.38 18.53 19.43 20.72 21.94 22.92 21.57 21.40 20.38 19.97 18.66
traj-59:
38.96 37.63 35.91 34.18 32.36 30.74 29.86 28.54 28.00 27.41 27.20 27.59 27.62 27.16 26.00 24.17 23.84 21.91 20.15
22.14 22.63 22.96 22.96 22.91 22.92 22.91 23.76 25.62 27.50 28.05 29.92 30.21 32.09 33.17 32.94 32.98 32.82 32.49
traj-60:
33.87 32.15 30.38 29.70 28.11 27.72 27.35 27.07 26.89 27.21 27.22 27.20 27.61 28.00 27.97 26.20 24.83 23.24 21.62 20.52 19.03 17.29 15.59 13.84 12.69 11.51 10.65  9.46  8.14  7.43  6.63  5.25
21.60 20.88 20.21 20.01 19.18 17.25 15.41 13.46 13.22 12.42 11.06  9.73  7.87  6.06  4.57  3.81  3.87  3.93  4.02  4.01  4.01  3.97  4.05  4.14  4.16  4.18  4.23  4.29  5.44  6.09  7.13  8.29
traj-61:
37.24 36.57 34.86 34.33 32.44 31.88 30.21 29.20 28.07 27.50 26.26 24.59 24.29 22.53 21.35 20.24 18.88 17.32 15.41 14.07 12.38 11.92 10.12  9.37  8.17  7.38
20.68 21.15 21.74 21.78 21.93 22.02 21.91 21.68 20.26 19.65 18.11 17.41 17.43 17.66 17.71 17.95 19.02 20.08 20.05 20.06 20.59 20.84 20.60 20.39 20.04 19.76
traj-62:
34.17 33.12 31.37 29.50 27.82 27.20 26.86 26.65 26.58 26.98 27.53 27.25 26.39 25.27 23.59 22.77 21.62 19.93 18.93 17.41 15.65 13.85 12.87
22.69 22.78 22.86 22.98 23.95 25.30 26.72 27.73 28.02 29.98 31.86 32.97 33.95 34.33 34.11 33.65 32.91 32.42 32.28 32.40 32.68 32.95 33.16
traj-63:
33.79 32.79 31.10 29.48 28.80 28.74 28.68 28.64 28.56 28.47 28.37 28.35 28.21 27.36 27.06 25.14 24.27 22.30 20.35 19.48 18.32 16.91 16.04 14.30 12.38 11.79 10.32  9.14  8.53  7.17
21.39 21.21 20.91 20.09 18.28 16.78 15.30 14.12 12.67 11.23  9.27  7.52  6.06  4.28  4.23  4.00  4.00  4.03  4.09  4.06  4.06  4.06  4.07  4.05  4.42  4.51  4.73  4.91  5.28  5.85
traj-64:
36.43 35.19 34.05 33.15 31.85 30.96 29.22 27.65 26.92 26.13 24.36 23.20 22.07 20.68 20.54 19.70 19.49 19.00 18.30
21.87 21.51 21.25 20.94 20.55 20.52 20.03 18.80 17.52 16.86 17.55 17.36 17.16 17.24 17.51 18.14 18.36 18.68 19.05
traj-65:
37.24 36.65 35.18 33.41 32.56 30.88 29.75 28.50 28.67 28.34 28.33 27.73 27.11 26.00 26.49 24.54 22.90 21.13 19.36 18.76 16.92 15.58 14.13 12.49 10.83  9.93  8.94
22.73 22.67 22.62 22.63 22.74 22.85 22.91 24.26 25.69 27.65 27.95 29.72 30.19 31.50 33.40 33.18 32.96 32.59 32.52 32.52 32.38 32.65 32.65 32.84 33.38 33.93 34.58
traj-66:
38.59 37.40 36.26 35.39 33.90 31.98 31.68 29.69 28.53 27.52 26.96 27.49 27.84 27.94 28.02 28.15 28.34 28.38 28.39 28.38 27.91 26.15 25.14 24.07 22.91 21.25 19.32 17.41 15.69 14.03 12.27 10.49  8.68  7.19  5.43
22.78 22.80 22.85 22.82 22.77 22.77 22.77 22.71 21.89 20.21 18.93 17.12 15.26 13.29 12.42 11.24  9.47  8.89  7.09  5.60  3.90  3.95  3.96  3.92  3.91  3.92  4.01  4.07  4.22  4.28  4.37  4.49  4.94  5.75  6.36
traj-67:
34.83 33.98 32.02 30.27 28.61 27.72 27.49 26.87 26.48 25.62 24.11 23.53 22.08 20.52 19.26 18.99 18.21 16.56 14.96
22.53 22.67 22.71 22.63 22.41 22.28 22.08 20.39 19.35 17.70 17.38 17.48 17.83 17.97 18.86 19.00 19.08 17.99 17.30
traj-68:
37.94 36.22 34.49 32.75 31.59 30.17 28.45 27.38 26.82 26.76 26.94 26.95 26.96 25.79 25.49
22.40 22.50 22.36 22.32 22.52 22.73 23.62 25.11 25.84 27.44 29.19 30.94 31.84 33.21 33.59
traj-69:
38.31 36.45 34.55 32.80 30.87 29.72 28.08 26.55 26.50 26.78 26.84 26.87 26.76 26.62 26.34 26.12 24.58 23.16 22.00 20.46 18.74 17.67 16.39 14.45 12.61 10.64  9.05  7.65  6.45  5.82  5.12
20.22 20.35 20.36 20.34 20.30 20.19 19.28 18.01 16.13 14.35 12.73 11.01  9.26  7.54  6.08  4.93  3.88  3.91  3.88  3.92  3.97  4.00  3.89  3.96  3.71  3.65  4.48  5.53  7.06  8.06  8.66
traj-70:
35.94 35.05 33.62 31.63 30.51 28.88 27.30 26.21 26.08 25.25 23.80 22.62 21.16 20.04 18.60 17.01 15.48 14.23 12.81 10.99  9.94  8.33
22.40 22.43 22.59 22.73 22.75 22.88 21.85 20.22 19.41 17.83 17.87 17.89 17.83 17.61 18.22 19.11 19.97 20.63 21.31 21.06 20.54 19.69
traj-71:
37.24 35.60 34.02 32.56 30.80 29.64 28.14 27.71 27.52 27.39 27.19 26.43 26.11 25.58 24.16 22.64 22.06 20.29 18.50 16.80 15.36 13.94 12.10 10.60  9.07  8.50
21.82 22.36 22.75 22.77 22.88 22.89 23.89 24.31 26.23 27.44 27.80 29.56 31.44 33.03 33.24 33.25 33.32 33.43 33.71 33.93 33.97 33.98 34.17 35.10 36.35 36.48
traj-72:
38.80 37.20 36.37 34.41 33.29 31.53 29.78 28.14 27.64 26.92 26.69 26.43 26.45 26.67 26.85 27.11 27.20 27.00 26.82 25.76 23.91 22.77 21.07 19.14 18.09 17.02 15.93 14.00 12.85 11.13  9.66  8.19  6.96  6.20  6.73  6.84
22.23 22.43 22.56 22.74 22.85 22.85 22.90 21.89 20.36 18.60 18.22 16.39 14.59 12.66 11.49  9.87  9.28  7.34  5.58  4.08  3.98  3.95  3.93  3.95  3.92  3.94  3.89  4.07  4.21  4.44  4.69  5.61  6.50  7.68  9.37  9.93
traj-73:
34.98 33.08 31.56 29.62 27.85 27.00 25.31 25.01 23.26 21.49 20.02 18.61 16.77 15.53 13.96 12.91 11.33  9.84  8.48  6.70  5.89  4.32
20.77 20.56 20.41 20.10 19.43 17.91 17.10 17.11 17.25 17.52 17.75 18.12 18.80 19.29 19.91 19.82 19.52 18.99 18.61 18.05 17.79 17.31
traj-74:
39.15 38.45 37.44 36.40 34.52 33.62 31.87 29.88 27.92 26.30 26.20 26.29 26.44 26.76 27.36 27.69 28.32 28.76
20.85 21.24 21.75 22.28 22.87 22.83 22.79 22.80 22.82 23.13 25.05 26.44 28.34 29.26 30.72 31.41 32.68 33.39
traj-75:
34.45 32.64 30.83 30.13 28.76 27.91 26.63 26.74 26.77 26.92 26.98 26.71 27.04 27.04 27.03 27.32 27.30 25.67 24.08 22.79 21.60 20.12 18.94 17.77 16.09 15.21 13.25 11.78  9.81  8.51  7.37  6.91
21.30 21.01 20.53 20.40 20.02 19.62 18.33 16.54 16.24 14.25 13.75 11.88 10.07  9.44  7.67  6.06  5.16  4.14  4.00  4.00  3.99  3.99  3.94  4.02  4.05  4.09  4.19  4.45  4.80  6.27  7.70  7.59
traj-76:
38.26 36.30 34.35 32.98 31.01 30.41 28.79 28.28 26.99 26.06 25.03 23.25 21.59 19.70 18.94 17.75 18.64 18.78
22.15 22.47 22.76 22.84 22.77 22.69 21.89 21.90 20.42 19.23 17.83 17.89 17.92 17.92 18.22 19.59 21.10 21.37
traj-77:
36.10 34.94 33.84 32.12 30.64 29.24 27.97 27.74 27.59 27.01 26.78 26.29 26.58 26.87 27.00 26.12
22.52 22.63 22.68 22.86 22.87 22.87 24.39 25.71 27.48 29.20 30.06 31.68 33.37 35.06 35.63 36.20
traj-78:
34.79 32.83 31.13 29.67 28.81 26.98 26.13 26.17 26.17 26.41 26.53 26.54 27.27 27.22 27.17 26.90 26.38 26.31 24.98 24.49 22.78 21.88 20.50 19.65 18.23 16.26 14.80 13.71 12.22 10.73  9.19
22.39 22.57 22.75 22.84 23.39 23.81 22.09 20.33 18.35 16.65 15.21 14.33 12.77 11.09  9.32  7.63  5.71  5.12  3.84  3.83  3.98  3.99  4.00  4.00  3.96  3.92  3.97  4.00  4.02  4.17  3.09
traj-79:
35.58 34.86 33.25 31.54 31.13 29.51 29.21 27.74 27.08 26.19 24.35 22.40 20.54 19.59 19.19 18.10 17.73 16.40 14.70 13.65 12.02 11.11  9.59  9.10  7.51  6.99  5.59  4.51
21.59 21.16 20.33 21.08 21.41 21.90 21.89 20.92 19.66 18.33 17.63 17.78 17.84 18.50 18.95 20.49 20.96 22.33 22.57 22.53 22.52 22.04 21.41 21.22 20.37 20.08 19.42 19.02
traj-80:
36.44 35.64 34.06 32.15 30.84 29.04 27.09 26.12 26.17 26.68 27.00 27.37 27.65 27.03 26.54 26.16 25.12 23.76
21.75 22.00 21.38 21.07 20.53 20.74 20.92 21.55 23.18 24.59 25.70 27.13 29.04 30.87 32.20 33.29 34.61 35.00
traj-81:
36.67 34.71 33.91 32.83 31.04 30.12 28.46 27.36 26.04 26.14 26.08 26.21 26.43 26.37 26.30 26.28 26.20 26.09 25.85 24.11 23.29 21.48 20.34 18.43 17.26 15.49 14.48 12.52 10.72  9.07
20.38 20.35 20.34 20.58 21.06 21.29 21.88 21.70 20.21 18.73 17.04 15.47 13.55 11.82 10.35  8.36  6.62  4.84  4.86  4.13  3.97  4.09  4.09  4.14  4.10  4.23  4.37  3.99  3.78  3.45
traj-82:
36.31 35.15 33.68 31.99 30.06 29.19 27.76 26.63 26.15 25.17 23.70 22.36 20.90 19.74 18.46 16.84 14.99 14.57 13.01
22.25 22.33 22.43 22.57 22.77 22.69 22.54 21.14 19.59 17.89 17.86 17.63 17.40 18.25 19.55 20.01 19.68 19.25 18.49
traj-83:
37.35 35.91 33.94 32.45 30.50 29.65 28.13 26.64 26.65 26.59 26.49 26.39 25.07 24.44 23.29 21.37 19.67 18.53 16.68 14.89 13.20 12.90
22.06 22.31 22.55 22.42 22.80 22.91 23.68 24.57 26.38 27.96 29.91 31.04 32.18 32.97 33.60 33.47 32.91 33.12 33.54 33.79 33.38 33.36
traj-84:
35.71 34.58 33.41 32.26 30.50 28.57 27.79 27.46 26.61 26.53 26.55 27.04 27.16 26.88 26.88 26.81 26.67 26.39 25.50 24.25 22.60 20.70 19.15 17.44 15.71 14.02 12.26 11.38  9.93  9.15  7.45  6.53
22.45 22.69 22.81 22.74 22.66 22.37 22.29 20.93 19.54 18.00 16.93 15.52 14.09 12.48 10.60  9.05  7.58  5.83  4.11  3.89  4.02  4.10  4.14  4.19  4.23  4.22  4.41  4.51  4.64  4.66  5.56  6.28
traj-85:
38.49 36.89 34.99 33.23 31.66 30.03 28.74 27.78 26.52 26.04 24.29 23.44 22.28 20.81 19.52 17.98 16.04 14.86 14.01 12.56 10.59  8.67  7.63
21.51 21.40 21.37 21.21 20.74 20.33 20.06 19.78 18.93 18.60 17.84 17.85 17.95 17.88 18.72 19.72 19.96 19.96 20.05 20.13 20.21 20.24 20.31
traj-86:
34.29 33.60 31.80 31.42 29.77 28.77 28.32 27.57 27.09 27.13 26.78 26.13 25.11 24.53 23.24 22.39 20.97
21.89 21.72 21.61 21.72 21.93 22.73 23.47 24.89 26.22 28.21 30.12 31.68 32.65 32.88 33.69 34.28 35.33
traj-87:
38.26 36.95 35.62 35.04 33.12 32.25 30.67 29.80 28.29 27.88 27.50 27.05 27.24 27.31 27.26 27.61 27.46 27.06 26.52 24.77 23.29 21.84 20.00 18.13 16.94 15.58 13.79 12.06 10.80  9.66  8.99  8.85  8.35  7.35
20.14 20.10 20.09 20.14 20.22 20.18 20.20 20.13 19.36 17.81 16.52 14.97 12.98 11.36 10.39  8.87  6.89  5.67  4.49  3.94  3.78  3.62  3.34  3.13  3.25  3.50  3.76  3.86  4.12  4.24  5.53  6.35  8.24  9.55
traj-88:
34.01 32.28 30.29 28.62 27.75 27.13 26.57 25.27 23.57 23.27 21.51 20.34 18.86 18.05 16.70 14.91 14.03 12.32 10.80  9.29  7.76  6.00  4.87
22.70 22.83 22.88 22.90 21.39 20.10 19.06 17.65 17.55 17.58 17.58 17.69 18.14 19.40 20.85 21.13 21.27 21.70 22.05 22.36 22.47 22.80 23.10
traj-89:
36.81 35.63 33.64 32.77 31.31 29.85 28.50 26.96 26.31 26.14 26.34 26.65 26.68 26.53
22.79 22.75 22.77 22.82 22.98 22.97 23.71 24.58 24.95 26.57 28.55 29.88 31.34 32.20
traj-90:
35.54 34.41 32.66 30.76 29.91 28.59 27.48 27.31 27.19 27.04 26.87 26.99 26.77 26.80 26.82 26.55 26.49 26.24 25.52 24.54 22.85 21.44 19.49 17.84 16.74 14.74 13.91 12.18 11.58  9.83  9.43  7.95  7.81  7.69  7.35  5.72  5.42
22.14 22.42 22.55 22.68 22.73 21.95 21.28 19.94 18.11 16.33 14.45 13.45 12.28 10.36  9.98  8.07  7.48  5.75  4.68  3.98  4.02  4.09  4.09  4.06  4.18  4.24  4.31  4.49  4.55  4.66  4.89  5.72  6.62  7.88  9.53 10.45 10.51
traj-91:
37.05 35.34 34.58 32.76 31.82 30.37 29.48 27.68 26.07 24.57 23.41 21.65 20.46 19.09 17.25 16.84 15.37 13.74 12.00
20.51 20.54 20.57 20.61 20.65 20.35 20.02 19.25 18.25 17.51 17.24 17.04 17.08 17.11 17.32 17.75 18.26 18.31 19.10
traj-92:
34.05 32.62 31.21 30.11 28.59 28.43 28.13 28.02 27.42 26.73 25.37 24.57 23.19 21.48 19.80 18.42 16.83 16.53
22.17 22.38 22.62 22.87 23.82 24.67 26.64 27.22 28.80 30.67 32.00 32.87 33.88 34.64 35.44 36.12 36.82 36.90
traj-93:
38.18 36.71 35.49 33.81 32.85 31.46 30.03 28.09 27.90 27.07 26.63 26.33 26.57 26.73 26.73 26.67 26.63 26.32 26.04 24.53 23.70 21.73 20.26 18.72 16.82 15.66 14.67 13.51 11.51 10.80  9.38  7.55  5.98
21.13 21.16 21.22 20.90 20.72 20.45 20.73 21.00 19.95 18.13 17.04 16.19 14.71 12.81 11.14  9.44  7.68  6.28  4.81  4.16  3.91  3.71  3.47  3.37  3.55  3.51  3.48  3.48  3.55  3.60  3.62  3.48  3.19
traj-94:
37.81 37.31 35.77 34.33 32.51 30.73 29.92 28.46 26.71 26.08 24.33 24.03 22.24 20.60 18.93 17.13 15.73 14.96 13.53 12.93
21.55 21.50 21.37 21.17 21.13 20.89 20.66 19.55 19.19 18.70 17.87 17.89 17.90 17.94 18.38 17.99 17.72 17.54 17.26 17.25
traj-95:
36.19 34.48 33.42 32.05 30.37 29.77 27.83 27.43 26.05 26.09 26.17 26.06 26.18 26.21 26.15 26.41 26.87 28.03 28.63
20.89 20.23 20.48 20.31 20.09 20.11 20.19 20.55 21.52 22.33 24.33 26.24 28.16 30.02 30.84 32.74 33.50 34.87 35.80
traj-96:
35.23 36.55 34.97 33.19 31.36 30.19 29.35 28.02 27.83 27.95 28.05 28.09 28.06 28.02 27.95 27.85 27.65 27.34 25.65 25.21 23.70 22.32 20.45 19.05 17.62 16.25 14.79 13.30 11.99 10.40  8.75  8.47
22.54 21.95 21.17 21.18 20.91 20.83 20.75 19.47 18.15 16.34 14.62 13.44 11.69 10.50  8.79  7.49  5.81  5.15  4.58  4.47  4.11  3.95  4.18  4.14  4.10  4.16  4.18  4.16  4.25  4.44  5.47  6.53
traj-97:
37.37 36.00 34.07 32.20 31.09 29.21 27.75 26.51 25.52 24.66 23.21 21.47 20.57 19.38 17.78 16.36
20.74 20.16 20.28 20.18 20.17 20.21 20.20 18.72 17.80 17.40 17.60 17.75 17.77 18.38 19.43 20.60
traj-98:
34.61 33.19 31.69 30.92 29.42 28.39 27.50 27.08 27.32 27.73 27.27 26.95 25.24 23.65 22.47 20.99 19.52 18.16
21.97 21.61 21.78 21.84 22.23 23.74 25.51 26.14 28.06 29.56 31.46 32.26 33.26 34.11 34.60 35.27 35.99 36.52
traj-99:
37.45 36.50 35.16 34.59 32.68 31.93 30.10 28.53 27.04 27.07 26.92 26.90 26.93 26.85 26.58 26.67 26.61 26.62 26.25 25.43 24.37 22.61 20.81 19.04 17.92 16.12 14.19 12.47 10.70  9.50  8.02  7.28  6.69  6.16
22.23 22.23 22.18 22.10 21.79 21.64 21.40 21.14 19.84 18.00 16.59 15.51 14.83 13.33 11.50 10.03  8.10  7.55  5.82  4.76  4.39  4.12  4.01  4.08  4.04  4.12  4.11  4.10  4.12  4.18  5.25  6.88  7.89  8.82
traj-100:
36.65 35.59 34.43 33.25 31.51 29.54 27.74 26.27 26.08 25.03 24.13 22.34 21.74 19.88 19.30 18.16 16.44 14.48 13.44 11.67  9.83  8.71  6.98  6.15
22.62 22.86 22.87 22.83 22.83 22.82 22.70 21.47 19.64 17.98 17.96 17.90 17.86 17.60 17.57 18.84 19.73 19.74 19.79 20.25 19.55 19.29 18.88 18.86
traj-101:
37.93 37.22 35.39 33.77 32.59 30.67 29.17 28.81 28.63 28.23 27.09 26.86 26.62 25.25 24.18 23.45 22.91
20.90 20.89 21.14 21.17 21.18 20.96 22.11 22.58 23.73 25.68 27.24 29.22 30.99 32.10 33.15 34.87 35.96
traj-102:
37.02 35.28 33.30 31.34 29.89 28.53 27.52 27.97 27.50 26.96 27.14 27.00 26.85 26.77 26.78 26.84 26.55 26.46 25.53 24.55 23.29 22.06 20.34 18.66 17.47 15.47 14.88 13.29 11.51 10.64  8.91  7.65  5.75  5.21
22.44 22.60 22.79 22.90 23.00 23.77 22.37 20.86 19.16 17.70 15.78 13.82 13.26 11.43 10.35  8.76  6.81  5.89  4.45  3.96  3.91  3.96  4.00  4.04  4.07  4.10  4.15  4.24  4.31  4.45  4.80  4.69  5.11  5.06
traj-103:
35.84 34.78 33.39 32.26 30.34 29.44 27.54 26.83 26.62 26.06 25.18 23.72 22.23 20.78 19.66 17.84 16.34 15.03 13.96 12.78 11.82 10.79  9.71  8.87
21.20 21.58 21.86 22.12 22.41 22.34 22.24 20.60 20.04 18.60 17.10 17.13 17.21 17.44 18.11 18.65 18.81 19.47 20.18 21.00 21.62 22.32 23.04 23.22
traj-104:
37.02 35.88 34.17 32.43 31.84 30.09 29.79 28.10 27.38 26.05 26.05 26.11 27.15 27.71 28.95 30.21 31.15 31.87
22.59 22.72 22.94 22.86 22.83 22.86 22.88 23.73 24.76 25.69 27.67 29.45 30.95 31.65 33.03 34.49 35.17 35.76
traj-105:
35.50 35.20 33.42 31.85 30.37 29.51 27.74 27.24 26.96 26.47 26.53 26.76 26.58 26.66 26.79 26.45 25.75 23.97 22.27 21.51 20.16 18.76 17.98 16.22 14.44 12.70 12.14 10.40  9.81  8.45  7.67  6.45  5.10
21.24 21.25 20.89 20.59 20.31 20.19 19.45 17.56 16.32 14.60 14.00 12.19 10.81  8.85  7.29  5.51  4.21  4.04  4.10  4.12  4.13  4.03  4.02  4.02  4.17  4.21  4.23  4.43  4.53  5.88  7.07  6.49  6.02
traj-106:
35.86 34.07 32.42 30.45 29.57 28.01 26.62 25.22 24.40 22.62 20.70 19.13 18.97 17.03 15.16 13.46 11.73 10.10
20.14 20.19 20.12 20.13 20.16 19.34 18.57 17.37 17.42 17.62 17.73 18.90 19.15 18.88 18.89 18.39 17.77 17.21
traj-107:
33.66 32.24 30.57 28.79 27.66 26.22 26.75 27.61 28.33 28.32 28.44 28.51 28.72 29.69 31.09
21.03 21.18 21.21 21.10 21.15 22.22 23.49 24.66 26.36 27.44 28.90 29.48 31.43 32.00 33.23
traj-108:
35.60 35.00 33.53 31.71 29.78 28.37 28.27 27.73 27.78 27.47 27.35 27.06 26.69 26.60 26.25 25.30 23.64 21.84 20.03 18.76 17.37 15.60 14.01 12.67 11.24  9.50  8.42  7.41  7.49  7.40  7.27
20.81 20.77 20.69 20.64 20.42 19.10 17.31 15.79 14.07 12.13 11.26  9.69  7.92  7.33  5.51  3.96  3.97  3.97  4.00  4.03  4.06  4.10  3.70  3.38  3.22  3.36  3.56  4.83  6.24  7.59  8.46
traj-109:
35.73 35.20 33.56 31.72 29.76 28.28 27.93 26.57 24.87 23.14 22.84 21.96 20.79 19.81 18.64 16.72 15.83 14.03 12.92 11.09 10.35
21.99 21.28 20.18 20.03 20.14 19.10 18.27 17.16 17.12 17.30 17.35 17.51 17.71 19.15 20.62 20.72 20.44 20.81 21.00 21.50 21.99
traj-110:
35.92 35.63 33.71 31.76 29.91 29.50 27.65 26.13 26.17 26.31 26.40 26.43 26.73 27.42 28.42
22.13 22.10 22.14 22.23 22.43 22.44 22.38 23.34 23.91 25.62 27.20 29.16 30.75 31.99 33.05
traj-111:
37.97 36.23 34.56 33.74 32.53 30.83 29.10 27.80 27.84 27.45 27.49 27.52 27.45 27.30 26.65 26.25 26.39 27.27 27.32 27.05 25.23 23.43 22.58 21.17 19.76 17.99 16.21 14.24 12.47 11.02 10.19  8.77  7.78  6.24
21.78 21.75 21.64 21.58 21.36 21.14 20.65 19.80 18.45 16.52 15.15 13.37 12.40 11.37  9.69  8.38  7.59  6.13  4.19  4.07  3.71  3.89  4.07  3.97  3.99  4.02  4.05  4.24  4.41  4.52  4.62  4.98  5.40  5.42
traj-112:
36.76 34.81 33.43 32.61 31.22 30.38 28.80 27.88 26.57 26.01 25.01 24.42 22.66 20.93 19.34 18.68 18.17 17.54
22.57 22.71 22.70 22.74 22.75 22.76 22.62 21.18 20.14 18.96 17.36 17.42 17.42 17.62 17.96 18.87 20.11 21.71
traj-113:
33.63 33.08 31.32 29.95 29.27 27.79 26.70 26.42 26.38 26.36 26.43
21.90 21.68 21.42 22.18 22.74 24.05 25.12 27.09 28.27 30.19 31.78
traj-114:
36.59 35.01 33.83 32.51 30.52 30.22 28.95 28.67 28.47 28.42 28.27 26.96 27.06 27.11 27.11 27.00 26.78 25.57 25.20 23.47 22.00 21.17 19.18 18.33 17.15 15.97 14.27 13.39 11.60  9.88  8.39  6.65
20.56 20.45 20.42 20.28 20.30 20.33 19.52 18.55 16.85 16.26 14.79 13.40 11.41 10.34  8.57  6.81  5.37  4.15  3.80  3.98  3.99  4.00  4.02  4.02  4.00  4.03  4.10  4.15  4.29  4.38  4.39  5.25
traj-115:
33.78 33.66 32.04 30.39 28.68 27.40 26.48 25.32 23.57 22.41 20.95 19.59 18.74 17.86 16.21 14.92 13.80 12.91
20.58 21.16 22.07 22.28 21.59 20.23 19.27 17.89 17.82 17.83 17.88 18.72 19.52 20.56 20.91 20.94 20.85 20.74
traj-116:
38.42 37.27 36.40 35.03 33.28 32.12 30.37 28.86 28.71 28.49 28.33 27.85 26.57 25.18 23.70 22.52 21.32 19.46 18.80
22.54 22.64 22.64 22.60 22.67 22.80 22.82 23.77 24.87 26.57 28.27 29.63 30.66 32.03 32.30 33.03 33.60 33.91 33.62
traj-117:
38.91 37.78 35.81 34.46 32.55 31.44 29.98 28.35 28.15 27.49 26.26 26.52 26.64 26.58 26.30 26.44 26.35 26.36 26.50 26.80 26.94 26.75 26.67 26.46 25.41 24.33 22.63 21.47 20.36 19.23 17.41 15.98 14.59 12.67 11.50 10.32  9.51  8.18  7.10  5.86  5.19
22.18 22.33 22.50 22.79 22.78 22.84 22.82 23.92 24.32 26.07 25.00 23.22 21.72 21.14 19.19 18.39 16.79 15.25 13.44 11.60  9.91  8.22  7.05  6.23  4.59  3.87  3.80  3.85  3.88  3.94  3.98  3.97  4.03  4.16  4.21  4.30  4.59  5.66  7.10  8.47  8.51
traj-118:
39.19 37.21 36.35 34.62 33.51 32.36 30.90 30.06 28.25 27.99 27.03 26.16 24.54 23.68 21.94 20.75 18.84 17.09 16.21 15.01 13.50 13.21
22.54 22.83 22.86 22.83 22.83 22.83 22.84 22.85 22.00 21.70 20.05 18.35 17.66 17.58 17.83 17.97 18.52 19.40 20.09 20.97 22.12 22.20
traj-119:
38.98 37.93 36.73 34.87 34.57 32.66 31.96 30.26 29.78 28.69 28.09 27.34 26.69 26.44 26.24 25.13 23.22 22.10 20.37 18.38 17.40 16.81 14.82
20.67 20.92 21.14 21.41 21.36 21.70 21.60 22.21 22.57 23.84 25.61 27.20 28.56 30.43 31.24 32.87 32.93 32.76 32.66 32.55 33.26 33.48 33.58
traj-120:
35.92 34.03 32.42 31.25 30.37 31.30 29.84 28.67 27.78 26.91 26.85 27.04 27.22 27.49 27.83 28.01 28.07 28.14 28.16 27.59 25.92 25.42 23.68 22.70 21.28 19.33 18.07 16.54 14.80 12.89 12.59 10.84  9.71  8.86  7.68  6.69  6.02
22.79 22.84 22.86 22.90 22.92 22.12 22.35 22.51 22.61 21.08 19.77 18.10 16.20 14.56 12.81 11.05  9.85  8.40  6.62  4.91  4.46  4.45  3.99  4.01  3.98  4.01  4.03  4.10  4.10  4.12  4.15  4.49  4.79  6.35  7.79  9.02  9.66
traj-121:
34.26 32.86 31.12 29.41 27.72 26.64 26.40 26.16 25.28 23.29 22.70 21.24 20.39 18.49 17.20 15.73 13.91 12.00 11.15
22.69 22.77 22.85 22.59 22.32 20.76 19.99 18.49 17.20 17.44 17.50 17.68 17.70 17.93 19.15 20.35 20.92 21.49 22.01
traj-122:
35.08 33.76 31.88 30.98 29.70 28.02 26.60 26.76 26.93 26.56 26.44 26.48 26.25 24.38 22.40 21.04 19.57 17.82
21.89 21.98 22.06 22.10 22.25 22.73 23.82 25.79 26.34 27.99 29.74 30.03 31.88 32.15 32.38 32.51 33.00 32.86
traj-123:
36.77 35.88 34.09 33.75 32.42 30.52 29.62 28.31 28.22 27.61 27.32 26.76 26.29 26.47 26.70 26.96 27.17 27.10 25.53 24.35 22.41 20.96 19.23 18.15 16.84 15.06 13.30 12.71 10.98  9.79  8.11  6.54
20.59 20.53 20.46 20.38 20.37 20.44 20.44 19.27 17.81 15.93 14.90 13.16 11.65 10.85 10.35  8.39  7.23  5.44  4.43  3.98  3.89  3.89  3.90  3.93  3.96  4.04  4.21  4.15  4.24  4.38  4.34  4.22
traj-124:
35.53 33.64 31.69 29.94 29.39 28.92 27.21 26.39 26.31 26.27 26.08 25.81 24.59 22.84 21.67 20.77 19.97 18.86 17.41 15.53 13.99 13.60 12.12 11.30  9.47  7.94  6.12
21.98 22.38 22.78 22.93 22.95 23.30 23.93 22.15 20.51 20.02 18.19 17.84 17.28 17.36 17.52 17.65 17.85 18.57 19.48 19.53 20.59 20.91 21.70 22.32 22.00 21.57 20.87
traj-125:
36.70 34.98 33.67 32.57 31.35 30.38 28.53 28.62 28.59 28.41 28.33 28.30 28.17 28.12 27.96 26.16 25.86 23.99 22.04 21.29 19.90 18.86 17.46 16.24 14.52 12.93 12.03
20.51 21.35 21.64 21.85 21.91 22.61 22.51 23.08 24.84 26.57 28.01 28.59 30.04 30.90 32.60 33.21 33.20 33.30 33.36 33.31 33.23 33.28 33.78 34.26 35.28 36.29 36.35
traj-126:
35.09 33.25 31.33 30.02 28.45 28.36 28.27 28.18 28.25 28.23 28.16 28.19 27.67 27.44 26.45 26.06 25.27 25.00 23.12 22.24 20.37 18.68 17.01 16.45 14.97 13.27 11.29 10.15  9.26  7.64  7.19
20.96 20.48 20.10 20.23 19.09 17.66 16.48 15.30 13.70 13.11 11.24 10.94  9.13  8.93  7.22  5.81  4.28  4.16  3.94  3.94  4.01  3.99  4.03  4.06  4.12  4.25  4.41  4.53  4.62  3.91  3.59
traj-127:
36.42 34.94 33.21 31.29 29.73 28.94 27.41 27.24 26.08 24.13 22.38 22.08 20.33 18.83 17.06 16.28 15.38
22.14 21.86 21.41 21.02 20.74 20.42 19.28 19.04 17.72 17.31 17.50 17.54 17.66 18.31 19.09 19.46 17.68
traj-128:
36.10 35.80 35.60 34.08 33.19 31.38 30.05 28.14 27.45 27.55 27.50 27.61 27.64 27.70 27.62 27.88 27.90
20.09 20.09 20.31 20.64 20.62 20.67 20.62 21.18 22.98 24.42 25.30 26.80 28.56 30.45 32.20 34.14 34.73
traj-129:
35.48 33.62 32.47 31.17 30.24 28.51 28.22 28.11 27.66 27.15 26.90 26.91 26.40 26.47 26.27 26.11 25.09 23.43 21.73 20.15 19.26 17.80 16.91 15.49 14.02 12.55 11.66 10.47  8.83  8.28  7.82  6.68
21.47 21.40 21.06 20.41 20.03 19.15 17.39 15.63 14.05 12.21 10.34 10.06  8.76  7.57  6.78  5.23  3.75  3.75  3.77  3.87  3.94  4.05  4.11  4.35  4.48  4.65  4.75  4.89  5.92  7.74  9.41 10.34
traj-130:
37.13 35.20 34.90 33.10 31.36 29.52 28.29 27.20 25.81 24.06 22.87 21.13 20.88 19.55 18.76 17.88 16.63
21.72 21.30 21.25 20.81 20.62 20.18 19.13 18.09 17.01 17.18 17.31 17.72 17.76 18.73 19.33 18.32 17.01
traj-131:
37.92 36.34 34.93 33.24 32.66 30.82 30.52 28.79 28.49 26.79 26.94 26.97 27.29 27.14 27.11 26.73 26.31 25.33 23.55 21.72 20.10 19.16 17.53 15.85
21.97 21.71 21.34 21.14 21.08 20.82 20.79 21.07 21.07 21.42 23.28 24.75 25.76 27.57 28.37 30.27 31.75 32.45 33.05 33.31 34.21 34.71 35.59 36.63
traj-132:
38.53 37.65 35.94 34.18 32.99 31.12 30.02 28.63 27.42 26.22 26.27 26.75 27.38 27.38 27.47 27.46 27.47 27.49 27.19 26.91 25.66 23.76 21.77 20.14 18.57 16.60 15.77 13.86 12.13 10.37  8.55  6.78  6.28
20.87 20.74 20.55 20.37 20.32 20.18 20.13 20.09 19.32 17.89 16.64 16.28 14.61 13.71 11.77  9.79  9.49  7.72  5.75  5.23  4.08  3.90  3.92  3.99  4.01  4.10  4.19  4.51  4.59  4.76  4.59  3.95  3.16
traj-133:
35.77 34.27 33.30 31.38 30.05 28.74 26.90 26.61 26.07 24.31 22.55 20.76 20.46 19.43 18.65 18.08 16.34 15.55 13.67 11.68  9.99  8.03
21.66 21.66 21.64 21.57 21.34 20.63 19.89 19.53 18.60 17.73 17.91 17.95 17.94 18.50 18.93 19.26 20.05 19.81 19.60 19.49 19.62 19.41
traj-134:
34.38 33.23 31.45 29.98 28.29 27.86 26.93 26.80 26.75 26.71 25.92 23.99 22.98 21.26 20.49 18.65 18.07 16.19 14.98 13.20 11.43 10.63 10.05
22.79 22.88 22.86 22.84 23.70 24.10 25.55 27.33 28.94 30.69 32.51 32.64 32.69 32.68 32.69 32.84 32.79 32.40 32.24 32.46 33.14 33.57 34.81
traj-135:
33.70 31.99 30.70 29.20 28.18 27.98 27.31 26.74 26.27 26.28 26.45 26.72 26.80 26.76 26.44 25.48 25.29 23.60 22.19 21.89 20.17 18.17 16.99 16.11 14.18 12.73 11.01  9.56  7.97
20.69 20.31 20.06 20.24 19.20 18.64 17.10 15.64 14.43 13.56 11.60 10.43  8.64  7.58  6.20  4.48  4.24  3.50  3.74  3.79  4.13  4.11  4.06  4.08  4.03  3.98  4.02  4.38  5.03
traj-136:
34.22 33.38 31.84 30.80 29.83 28.98 28.23 26.62 25.11 23.20 22.61 20.71 19.64 18.33 17.51 15.85 14.45 12.77 11.10  9.38  8.87  7.10  5.40  4.48
21.11 20.93 20.60 20.35 20.23 19.80 19.39 18.58 17.82 17.49 17.37 17.28 17.26 17.38 17.46 17.52 17.85 18.43 18.71 18.94 19.01 19.29 19.48 19.57
traj-137:
34.74 33.34 31.86 30.12 29.83 28.18 27.88 27.62 26.23 26.21 26.09 26.11 26.61 26.69 26.56 26.18 25.92 26.14
20.69 20.46 20.31 20.06 20.03 20.42 20.41 20.56 21.78 22.82 24.75 24.87 26.75 28.54 30.27 32.20 34.14 35.29
traj-138:
37.43 35.55 34.45 32.74 31.08 29.18 27.33 27.23 26.81 26.60 26.64 26.92 26.96 27.01 27.01 27.00 26.92 26.72 26.36 25.53 23.59 21.93 20.93 19.67 18.84 17.46 16.07 14.99 13.91 11.92 11.63  9.90  8.43  7.42  6.59
21.76 22.35 22.53 22.75 22.86 22.95 22.91 22.02 20.68 19.26 17.40 15.52 14.25 13.36 11.61 10.68  9.18  7.74  6.03  4.46  4.16  3.91  3.94  4.01  4.01  4.06  4.10  4.14  4.18  4.26  4.32  4.39  5.48  6.85  8.02
traj-139:
34.81 33.67 32.59 30.67 30.22 29.84 28.38 27.80 27.04 26.06 24.41 23.81 22.04 20.75 19.68 18.16 17.20 15.60 14.00 12.27 10.81
22.73 22.78 22.78 22.82 22.82 22.83 21.93 20.26 19.50 18.38 17.81 17.82 17.90 17.97 17.94 18.65 19.06 19.79 20.48 21.44 22.14
traj-140:
37.92 37.45 35.53 33.86 32.51 31.16 29.70 27.76 27.02 26.23 27.14 27.03 26.45 26.34 26.08 26.07
21.69 21.55 21.24 20.69 20.49 20.31 20.45 20.75 21.10 22.50 24.26 25.39 27.24 29.00 30.85 31.15
traj-141:
39.19 37.46 35.56 33.84 32.75 30.87 29.57 28.18 27.34 27.27 27.07 26.98 27.05 26.96 26.87 26.78 26.66 26.35 25.41 24.36 22.52 21.09 19.34 17.67 16.53 14.87 14.28 12.58 12.29 10.39  9.97  8.87  8.22  7.05  6.90
21.99 21.72 21.56 21.31 21.24 21.10 20.97 20.05 18.38 16.74 15.74 14.47 12.80 11.02  9.76  8.30  7.64  5.91  4.38  4.23  4.06  4.18  4.08  4.09  4.07  4.13  4.15  4.39  4.46  4.82  4.86  6.35  8.20  9.74  9.83
traj-142:
37.21 35.22 34.34 32.62 32.32 30.58 28.83 28.64 27.48 26.95 26.11 25.06 23.34 22.46 21.59 20.01 18.97 17.77 15.93 14.32 12.33 10.41  9.25
22.53 22.71 22.78 22.74 22.71 22.55 22.30 21.52 19.96 19.34 18.31 17.11 17.33 17.46 17.65 17.98 19.43 20.13 20.74 20.70 20.73 20.65 20.69
traj-143:
36.75 34.97 33.42 31.53 29.92 28.01 26.17 26.34 26.40 26.33 26.32 26.38 26.37 26.16 24.39 23.40 21.67 19.73 17.90 16.10 14.69 13.57
20.38 20.54 20.67 20.74 20.84 20.98 21.42 22.59 23.66 25.55 27.50 29.22 29.52 31.26 32.12 32.32 33.01 33.12 33.44 34.15 34.89 35.53
traj-144:
39.20 38.01 36.28 34.49 32.62 30.69 29.54 28.48 27.72 26.81 26.73 26.51 26.49 26.39 26.35 27.45 27.18 26.16 25.22 24.05 22.38 20.51 19.48 18.36 16.52 14.81 13.65 12.21 10.43  8.94  7.61
21.49 21.32 21.03 20.71 21.08 21.32 21.01 19.40 18.17 16.81 16.28 14.29 13.14 11.22  9.67  8.65  6.81  5.47  4.69  3.96  3.98  3.98  3.96  3.98  3.98  4.03  4.08  4.23  4.38  4.49  5.88
traj-145:
38.67 37.65 36.37 34.98 33.84 32.03 30.38 29.05 27.29 26.24 26.13 25.05 24.75 23.03 21.25 20.96 20.10 19.25 17.87 17.65 15.70 13.95 12.41 11.12  9.41
20.60 20.72 21.04 21.39 21.67 21.93 22.31 22.61 22.35 20.96 19.14 17.61 17.65 17.61 17.68 17.74 17.99 18.48 19.49 19.70 19.59 19.35 19.13 18.98 19.42
traj-146:
36.08 34.68 32.70 30.76 29.86 28.15 28.05 27.27 26.97 26.96 26.94 26.53 26.15 24.42 24.12 22.40 21.39 19.82 18.72 17.09 16.54
22.23 22.33 22.52 22.85 22.92 23.80 25.07 26.65 28.16 29.93 31.40 32.77 33.40 33.65 33.67 33.69 34.00 34.67 35.25 35.77 36.01
traj-147:
36.84 35.70 34.04 32.73 31.90 30.08 28.93 28.36 27.51 26.79 26.49 26.10 26.08 26.08 26.14 26.20 26.26 26.36 26.45 26.26 24.83 22.97 21.24 20.94 19.14 17.46 16.65 14.71 13.52 11.79 10.38  8.93  7.98  7.81  6.61
20.54 20.40 20.18 20.39 20.55 21.11 20.83 20.66 19.05 17.30 16.36 15.24 14.94 13.03 12.13 10.52  9.74  8.06  6.45  4.96  3.79  3.75  3.78  3.81  3.94  3.97  3.96  3.99  4.05  4.35  4.58  4.71  6.36  6.60  7.97
traj-148:
35.99 34.27 33.70 31.97 30.55 29.96 28.46 27.66 27.26 26.04 26.05 26.09 26.11 25.30 23.34 22.61 20.73 19.70 18.57 17.06 15.68 14.83 13.20 11.46 10.06  8.81  7.93
22.31 22.55 22.64 22.81 22.89 22.94 23.83 24.45 24.09 22.60 22.30 20.51 18.75 17.43 17.49 17.46 17.29 17.31 17.21 17.37 18.01 18.35 19.24 19.09 18.97 18.65 18.34
traj-149:
38.26 36.38 34.38 32.93 32.11 30.32 28.67 26.78 26.15 26.18 26.38 26.48 26.78 27.23 27.26 27.09 26.24 24.36 23.20 21.39 19.95 18.41 16.64 15.15 14.48
21.93 21.95 21.98 22.13 21.88 21.64 20.61 20.02 20.61 20.91 22.80 23.79 25.45 27.25 29.15 30.60 32.41 32.03 32.01 32.31 32.29 32.48 32.73 33.07 33.27
traj-150:
38.84 37.60 36.08 34.55 34.10 32.43 30.57 30.32 28.66 28.49 28.25 27.91 27.67 27.33 27.11 26.87 26.80 26.43 26.26 26.24 25.51 23.56 22.27 20.36 19.76 19.79 18.08 16.14 14.54 12.57 10.60  9.74  8.84
21.76 21.47 21.21 20.64 20.57 20.31 20.07 20.04 19.10 18.23 17.07 15.38 14.41 12.80 11.59 10.27  9.60  8.54  6.97  6.23  4.80  4.44  4.62  4.73  4.79  4.77  4.95  4.89  4.85  4.94  4.95  4.97  6.40
traj-151:
38.40 36.45 34.46 33.27 31.54 29.63 27.91 26.39 24.67 22.88 22.02 20.84 19.39 17.96 16.42 14.74 13.48 15.06 15.65 17.07
20.36 20.25 20.19 20.16 20.11 20.06 19.59 18.45 17.88 17.91 17.91 17.93 17.93 18.48 19.00 19.79 21.26 22.30 22.36 22.49
traj-152:
37.69 36.35 34.68 33.52 32.63 30.95 29.53 28.57 28.10 27.83 27.90 27.96 27.73 27.54
22.46 22.61 22.86 22.89 22.91 22.92 22.97 22.98 24.45 25.44 27.25 28.91 30.46 32.19
traj-153:
36.30 34.31 32.42 30.57 29.97 28.71 27.46 26.95 26.55 26.53 26.67 27.02 26.95 26.99 26.96 26.90 26.87 26.80 26.32 24.46 23.31 21.34 19.36 17.97 16.07 14.30 12.88 11.43  9.69  8.15  7.87
21.05 20.93 20.85 20.67 21.04 21.62 21.49 19.70 18.36 16.54 15.66 13.85 12.98 11.15  9.34  8.89  7.13  6.84  5.18  4.47  4.28  4.12  4.21  4.31  4.40  4.57  4.70  4.82  4.76  5.80  5.92
traj-154:
36.73 37.46 36.73 35.78 34.13 33.29 31.43 30.04 28.50 27.23 26.69 24.95 24.67 22.94 22.40 20.76 19.96 18.97 17.30 16.00 14.34 12.49 11.06  9.64
22.17 21.89 21.59 21.02 21.06 21.22 21.59 21.54 20.41 18.94 18.53 17.70 17.60 17.35 17.34 17.26 18.54 19.95 20.59 21.06 21.47 22.11 22.59 23.17
traj-155:
38.18 37.01 36.18 34.75 33.29 31.29 29.59 29.29 27.71 27.28 26.59 26.34 26.22 26.07 25.40 23.97 23.31 22.04 20.32 18.47 16.51 15.62 13.89 13.43 11.61 10.59  9.26  7.66  7.08
22.33 22.48 22.61 22.75 22.80 22.81 22.75 22.74 23.82 24.58 25.95 27.83 28.81 30.27 32.12 32.39 32.68 32.93 32.93 32.83 32.74 32.71 32.52 32.71 32.87 33.03 34.02 35.20 35.69
traj-156:
35.62 34.23 32.58 31.02 29.27 28.61 26.91 26.57 26.70 26.86 27.02 27.06 27.16 27.28 27.11 27.04 26.56 25.44 23.79 21.99 20.31 18.54 17.11 15.42 13.48 12.29 10.57  9.43  8.54  6.89
20.11 20.22 20.10 20.10 20.26 19.89 18.89 17.55 16.44 14.96 13.25 12.44 10.70  8.82  7.39  6.80  5.14  4.04  3.75  3.70  3.76  3.84  3.93  4.02  3.97  4.02  4.00  4.03  4.05  3.43
traj-157:
37.30 35.66 34.38 33.23 31.31 29.57 28.01 27.27 26.25 26.19 25.16 24.59 23.73 22.16 20.55 19.14 17.61 15.84 15.54
21.37 21.94 22.40 22.78 22.88 22.91 21.77 20.67 19.17 18.60 17.12 17.30 17.49 17.35 17.42 17.76 17.90 17.68 17.64
traj-158:
38.43 37.55 35.65 33.95 33.62 32.14 31.62 29.79 28.90 28.67 28.20 27.56 26.43 26.36 26.30 25.64 25.40 23.45 22.48 20.61 18.69 17.64 15.78 13.94 13.11 12.03
20.18 20.25 20.31 20.31 20.33 20.39 20.99 21.74 23.16 24.86 26.23 27.45 28.36 29.48 30.36 32.22 32.76 33.05 33.11 33.04 33.56 33.80 34.00 34.18 34.47 35.16
traj-159:
36.69 35.80 33.84 32.14 30.77 29.18 28.67 27.66 26.17 26.23 26.28 26.48 26.52 26.38 26.24 26.35 26.52 27.34 27.08 25.50 23.76 23.18 21.46 20.06 18.40 16.90 15.57 14.69 12.99 11.23 10.65  9.31  8.10  7.71  7.10  6.77
22.22 22.31 22.72 22.82 22.99 21.96 21.03 20.51 19.24 18.07 16.78 15.74 14.27 13.43 12.05 10.14  9.43  7.79  5.90  4.94  4.61  4.51  3.96  3.96  3.92  3.94  3.86  3.83  3.85  3.92  4.03  4.54  5.96  6.70  8.54  8.88
traj-160:
34.59 33.47 32.31 31.22 29.90 28.23 26.91 26.58 26.24 24.39 22.93 21.76 20.41 19.70 18.29 17.53 16.33
22.57 22.64 22.68 22.80 22.76 21.99 21.44 19.56 17.87 17.18 17.10 17.14 17.34 18.31 19.44 19.52 19.95
traj-161:
38.02 36.35 35.51 34.02 32.03 31.15 30.00 28.56 28.43 27.33 27.18 26.66 26.30 26.25 26.02 25.18 24.11 22.47 20.58 18.84 17.10 15.91 15.09 13.20 11.45  9.96  9.69
22.57 22.79 22.88 22.88 22.86 22.84 22.88 23.97 24.24 25.72 25.88 27.13 28.84 29.80 31.16 32.11 32.29 33.05 32.82 32.54 32.28 32.24 33.05 32.82 33.69 34.56 34.68
traj-162:
35.68 34.88 33.00 32.10 30.61 29.89 28.20 26.78 26.91 26.44 26.26 26.40 26.35 26.25 26.28 26.26 26.24 26.17 26.14 26.05 25.65 24.27 23.51 22.15 20.51 19.05 17.88 16.23 14.47 13.30 11.57 10.38  8.40  8.11  6.69  6.71  6.56  6.66
20.65 20.74 20.68 20.75 20.72 20.74 21.05 19.67 19.40 17.63 16.71 16.16 15.28 13.57 11.89 10.79  9.51  8.04  6.17  5.35  4.78  4.21  4.14  4.04  3.89  3.91  4.03  4.20  4.16  4.16  4.09  4.16  4.38  4.41  5.49  6.21  7.82  8.32
traj-163:
38.17 37.71 36.24 34.38 33.12 31.76 29.85 28.95 27.22 26.38 25.18 23.71 21.88 20.33 19.35 19.05 18.17 16.88
21.75 21.50 20.82 21.07 21.40 21.14 21.21 21.21 20.30 19.27 17.97 17.82 17.75 17.97 19.19 19.69 20.93 22.05
traj-164:
37.75 36.16 34.85 33.12 31.61 30.05 29.19 28.41 28.00 27.60 27.79 27.93 27.43 27.29 25.69 25.14 23.60 21.93 20.56
20.24 20.29 20.25 20.32 20.21 20.37 22.00 23.45 24.19 25.92 27.31 29.07 30.90 31.16 32.05 32.40 33.40 34.49 35.43
traj-165:
37.62 35.91 35.31 33.56 32.97 31.25 30.95 29.20 28.75 26.83 26.52 26.32 26.42 26.64 26.89 26.42 26.53 26.64 26.70 26.77 26.58 26.20 24.67 23.35 21.74 19.76 18.92 16.98 16.09 14.95 13.62 11.70  9.95  8.21  6.66
22.65 22.72 22.72 22.87 22.83 22.82 22.83 22.89 23.28 23.67 22.55 20.66 19.26 17.31 15.52 13.76 11.79 10.64  9.80  8.11  6.97  5.22  3.96  4.01  4.09  4.08  4.15  4.32  4.42  4.53  4.60  4.69  4.76  5.75  6.67
traj-166:
37.72 35.77 34.12 32.94 31.17 29.21 28.06 27.62 26.60 26.00 25.06 23.30 22.42 20.64 20.09 19.93 18.77 18.18 16.47 15.10 13.41 12.82 11.35
22.78 22.89 22.87 22.85 22.70 22.75 22.84 22.22 20.57 19.06 17.58 17.74 17.83 17.85 17.84 18.09 19.00 19.69 20.17 19.39 18.39 18.25 17.90
traj-167:
37.83 36.61 35.64 34.24 33.22 32.22 30.39 29.26 28.13 27.49 26.66 26.52 26.48 26.20 25.55 24.77 22.81 22.42 21.40 20.66
20.47 20.27 20.16 21.13 21.46 21.73 22.30 22.45 23.19 24.94 26.73 28.70 29.59 31.48 32.61 33.32 33.49 33.82 35.52 36.02
traj-168:
37.33 35.91 34.44 33.26 31.79 30.05 28.48 27.32 27.11 26.05 26.07 26.21 26.39 26.53 26.79 27.06 27.47 27.18 27.11 27.06 26.72 26.61 25.44 24.27 23.10 22.22 20.48 19.31 18.13 17.09 15.63 13.99 12.57 11.68 10.52  9.03  7.12  6.08
22.76 22.80 22.84 22.88 22.86 22.77 23.88 24.86 24.65 23.11 21.92 20.44 18.70 16.76 15.33 13.71 12.27 10.92  9.03  7.03  5.29  5.01  3.47  3.61  3.80  3.99  4.02  3.92  3.93  4.07  4.11  4.22  4.42  4.53  4.66  4.82  5.33  5.47
traj-169:
35.06 33.24 31.36 29.47 27.76 26.96 26.24 25.11 23.40 21.64 20.00 18.64 18.09 16.89 16.72 15.25 14.07 12.50 11.04  9.62  7.97
21.55 21.48 21.35 21.18 20.99 19.94 18.76 17.87 17.55 17.27 17.44 18.07 18.78 20.09 20.34 21.26 21.83 22.28 22.68 23.01 23.51
traj-170:
36.65 34.76 32.77 31.13 30.59 28.76 27.26 27.09 26.35 26.17 26.59 27.53 27.56 28.34 29.07 29.88 30.68 31.29
21.26 21.83 21.78 21.79 21.77 22.28 22.89 24.25 25.55 27.24 29.00 30.42 31.20 32.38 33.48 34.80 35.77 36.19
traj-171:
34.92 33.01 31.04 30.43 28.72 28.63 28.47 27.72 27.21 26.94 26.61 26.50 26.20 26.26 26.29 26.14 25.32 24.89 22.91 21.16 19.46 17.48 16.01 14.24 12.47 11.05  9.11  7.40  6.85  5.42
22.74 22.72 22.73 22.67 21.99 21.11 19.68 17.86 16.16 14.93 13.01 12.27 10.72  8.79  7.20  5.77  4.25  4.19  3.98  3.98  3.99  3.98  4.07  4.18  4.21  4.32  4.61  5.07  5.28  5.72
traj-172:
38.28 37.46 35.83 34.33 32.67 31.02 30.01 28.41 28.19 26.73 26.03 24.20 22.73 20.97 20.80 20.51 19.20 18.35 17.45 16.72
20.63 20.72 20.85 20.76 20.81 20.30 20.10 19.30 18.76 17.51 17.48 17.30 17.49 17.66 17.91 17.99 19.49 21.03 22.06 22.55
traj-173:
34.39 33.39 32.29 31.02 29.72 28.72 27.29 27.65 27.73 27.84 27.51 26.98 25.65 24.24 22.37 20.63 18.84 16.97 15.78 13.98 12.20 10.47  9.32  8.35
21.35 21.25 21.13 21.04 20.77 22.44 23.38 24.80 25.98 27.95 29.89 31.57 32.95 32.96 32.82 32.70 32.57 32.63 32.52 32.62 33.31 33.71 34.17 34.51
traj-174:
38.37 38.23 37.28 36.74 35.05 33.18 31.88 30.98 29.16 28.31 26.75 26.39 26.14 26.21 26.18 26.15 26.22 26.16 26.23 26.02 25.01 23.27 22.10 20.34 18.64 17.39 15.65 14.02 13.01 11.84  9.96  9.37  9.37  8.89  8.62  7.99  6.66  6.41
20.38 20.65 21.25 21.46 21.29 20.87 20.62 20.41 20.00 19.56 18.51 16.95 15.21 14.08 12.11 10.67  8.91  8.14  6.89  5.74  4.66  4.25  4.00  3.87  3.84  3.90  4.02  3.90  3.71  3.54  3.64  3.66  3.96  5.86  7.52  9.14 10.43 10.59
traj-175:
33.87 33.57 31.77 31.02 30.07 29.63 28.05 26.52 26.04 25.49 23.50 22.04 21.44 19.44 17.61 15.68 13.83 12.23 11.48
20.69 20.65 20.17 20.54 21.06 21.25 20.96 20.28 18.72 17.64 17.67 17.65 17.66 17.63 17.60 17.57 17.80 18.52 18.82
traj-176:
35.47 34.03 32.20 30.46 29.34 28.26 27.70 27.36 27.00 26.98 26.90 26.05 25.08 23.29 22.03 20.48 18.94 18.05 16.51
22.02 21.52 20.86 20.17 21.65 23.00 24.72 26.55 28.26 29.32 30.62 32.32 32.52 32.90 33.17 32.87 33.27 33.83 34.53
traj-177:
34.40 33.05 31.53 29.74 28.96 27.71 27.11 27.01 26.87 26.65 26.58 26.73 26.69 26.57 26.15 25.15 23.23 22.65 20.70 19.09 18.20 16.74 14.78 13.07 11.91 10.14  9.84  8.95  8.77
21.78 21.27 20.69 20.01 19.55 18.47 16.79 16.06 14.17 12.32 11.14  9.76  7.99  7.42  5.63  4.16  3.95  3.91  4.06  3.98  4.07  4.17  4.39  4.61  4.70  4.84  4.86  6.61  8.06
traj-178:
38.87 37.73 36.01 34.24 33.10 31.94 30.77 29.87 28.75 27.67 26.78 26.20 25.59 23.69 22.81 21.66 20.50 19.47 18.58 17.73 16.74 14.83 13.02 11.55 10.30  9.09
22.75 22.75 22.79 22.85 22.87 22.87 22.87 22.86 22.82 21.34 20.48 18.66 17.52 17.21 17.30 17.33 17.40 18.12 19.90 21.43 21.86 21.90 21.57 20.75 19.62 18.03
traj-179:
37.84 36.13 35.29 33.34 32.01 30.99 29.07 27.22 26.15 26.10 26.11 26.11 26.16 26.15 26.17 26.61 26.82 28.44
20.33 21.15 21.33 21.33 21.07 20.73 20.30 20.38 21.83 23.66 25.06 26.46 27.68 28.55 30.28 32.13 32.73 33.87
traj-180:
38.09 36.19 34.58 33.42 31.47 30.01 28.04 27.23 26.90 26.97 26.93 26.90 26.86 26.85 26.83 26.65 26.54 26.02 25.07 23.30 21.59 20.40 18.64 17.40 16.03 14.72 13.86 12.39 11.58 10.40  8.86  8.74
21.97 21.37 21.34 21.51 21.46 21.15 20.88 20.28 18.34 16.55 15.35 13.40 11.76 11.25  9.42  7.68  6.79  5.50  4.18  3.93  3.84  3.78  3.80  3.91  4.01  4.06  4.08  4.29  4.39  4.56  5.74  6.33
traj-181:
38.23 36.83 35.20 33.40 31.51 31.21 29.51 27.62 26.03 26.12 25.09 23.94 22.08 20.20 18.35 17.65
22.01 22.02 21.84 21.75 21.77 21.79 22.04 21.77 20.65 19.18 17.54 17.64 17.79 17.71 17.95 17.93
traj-182:
38.43 36.56 34.65 34.07 32.17 30.86 28.93 27.37 26.21 26.93 27.64 27.93 27.91 27.63 27.55 28.32 29.93 30.83 32.26
20.56 20.66 20.32 20.32 20.35 20.33 20.38 21.40 22.96 24.37 25.84 27.45 28.00 29.87 31.34 33.04 34.05 34.48 35.21
traj-183:
33.67 32.08 31.10 30.25 28.59 26.98 26.91 26.80 26.86 26.89 27.00 27.04 26.85 26.66 26.39 26.15 25.57 24.63 22.77 22.03 20.55 18.68 17.03 15.58 14.11 12.41 10.64 10.34  8.91  8.67
20.69 20.53 20.40 20.42 20.39 19.85 18.66 17.59 15.80 14.08 12.10 10.53  9.12  7.70  6.68  5.54  4.48  4.19  3.93  3.86  3.87  3.94  3.96  4.00  4.10  4.38  4.57  4.56  5.62  5.79
traj-184:
34.69 33.36 32.24 30.29 28.50 28.09 26.15 26.13 26.04 24.40 22.92 21.17 20.87 19.02 18.82 17.68 17.46 15.79 15.00 14.39
21.85 22.04 22.25 22.57 21.94 21.56 21.19 19.47 18.00 17.23 17.28 17.36 17.30 17.66 17.89 18.74 18.95 19.49 18.52 17.45
traj-185:
38.91 37.80 36.63 34.90 34.14 32.89 31.19 29.20 28.35 27.98 27.57 27.10 26.84 26.56 26.04 24.39 22.78 20.84 19.60 18.02 16.07 14.09 12.47 11.67 10.60
22.55 22.70 22.80 22.84 22.86 22.88 22.82 22.82 23.32 24.87 26.16 27.89 29.32 30.99 32.37 32.94 33.42 33.47 33.75 34.47 34.39 34.26 35.41 35.81 36.29
traj-186:
34.21 33.45 31.90 30.28 28.99 27.39 26.70 26.72 26.54 26.57 26.61 26.47 26.31 26.17 26.08 26.15 25.20 23.80 23.21 21.45 19.50 17.55 15.86 14.37 12.89 11.13 10.53  8.93  8.16  7.44
20.34 20.43 20.63 21.53 22.08 20.90 19.09 18.29 16.51 14.66 13.59 12.16 10.18  8.93  7.32  5.55  4.26  3.90  3.91  3.94  4.02  4.16  4.14  4.30  4.48  4.66  4.71  5.76  7.00  8.07
traj-187:
39.00 38.70 37.07 35.19 33.62 32.41 30.68 29.06 27.68 26.19 25.18 23.41 21.74 20.45 19.65 18.94 18.31
20.21 20.23 21.17 21.05 20.85 20.73 20.53 20.22 20.38 19.09 17.49 17.58 17.76 17.81 19.23 20.54 21.75
traj-188:
34.38 33.51 31.71 29.80 28.71 27.74 27.52 27.13 27.73 27.40 27.18 27.07 26.59 25.65 24.93 23.93
21.48 21.09 20.48 20.06 20.26 21.96 23.00 24.54 26.12 27.74 29.40 31.14 32.19 33.51 34.16 34.87
traj-189:
38.09 36.39 34.49 32.75 31.04 30.74 29.13 28.55 27.81 27.50 26.98 26.83 26.86 26.53 26.36 27.31 27.54 27.92 27.66 27.50 26.38 25.23 24.05 22.08 21.78 20.03 18.38 17.52 15.76 14.57 13.39 12.21 10.52 10.23  8.75  8.51
22.34 22.71 22.76 22.78 22.84 22.83 21.94 20.19 18.64 18.18 16.37 14.57 13.60 12.79 11.39 10.53  9.77  8.02  6.68  5.98  4.40  4.18  4.08  4.04  4.06  4.13  4.13  4.18  4.26  4.32  4.39  4.51  4.78  4.81  5.85  6.38
traj-190:
36.86 35.22 33.24 31.79 30.93 29.19 27.78 26.91 26.06 25.14 23.97 22.53 20.74 20.14 18.75 17.49 16.61 14.80 14.50 12.57 11.74  9.83  8.02  6.42
22.31 22.63 22.82 22.85 22.87 21.90 21.32 20.89 19.25 17.74 17.83 17.93 17.97 18.00 19.15 20.39 20.81 21.42 21.42 21.91 21.85 21.87 22.44 23.15
traj-191:
34.12 32.64 31.56 30.51 29.44 28.55 27.88 27.26 26.88 26.90 27.02 27.09 27.25 25.81 24.45 22.86 21.12 19.71 18.91 17.71 16.18 14.36 12.56 11.12  9.66  7.92
21.09 20.75 20.47 20.22 20.29 22.00 23.63 25.49 26.79 27.09 29.03 29.81 31.73 33.09 33.06 33.11 32.89 32.76 32.65 32.47 32.29 32.41 32.54 33.12 33.74 34.37
traj-192:
36.90 35.26 33.58 33.03 31.30 29.85 28.65 28.72 27.55 26.80 26.13 26.17 26.26 26.15 26.16 26.29 26.28 26.30 25.10 24.09 22.15 20.20 19.04 17.92 16.58 15.44 14.54 13.18 12.42 10.51  9.03  8.28  7.74
22.14 22.36 22.59 22.58 22.70 22.69 21.84 21.55 20.12 18.70 16.88 15.44 13.99 12.01 10.01  8.35  6.79  5.66  4.20  3.93  3.91  4.20  4.14  4.05  4.03  3.92  3.90  3.92  3.89  3.87  3.95  4.71  5.10
traj-193:
37.37 36.48 34.73 32.80 31.08 30.22 28.54 27.38 26.38 26.14 25.17 23.54 22.37 20.56 19.38 18.18 17.96 16.16 14.52 12.53 11.04
22.33 22.35 22.62 22.85 22.91 22.92 22.99 21.39 20.04 19.00 17.43 17.38 17.35 17.58 19.03 20.29 20.48 21.17 21.04 21.04 21.14
traj-194:
38.67 36.77 36.48 34.61 32.90 31.16 29.31 27.78 26.13 26.37 26.40 26.32 26.11 26.06 26.04 27.07 28.12 29.45 30.98 32.32
20.61 21.02 21.08 21.48 21.71 21.56 21.14 21.01 21.98 23.49 25.41 26.52 28.06 29.25 30.72 32.27 32.59 33.02 34.25 35.17
traj-195:
33.67 32.16 31.08 29.11 27.50 26.97 27.02 26.99 26.94 26.95 27.03 27.12 27.40 26.77 25.30 23.80 21.81 20.10 19.33 17.36 15.42 14.83 13.08 11.31 10.13  8.95  7.90  7.29
21.15 21.19 21.08 21.34 21.55 19.72 17.88 16.20 14.66 12.78 10.97  9.27  7.56  5.93  4.78  3.79  3.87  3.95  4.00  4.07  4.15  4.21  4.41  4.60  4.74  4.90  6.53  7.87
traj-196:
38.74 37.34 36.20 34.78 34.18 32.44 30.96 29.24 28.96 28.05 27.23 26.77 26.16 24.27 23.40 22.22 21.33 19.53 18.33 16.53
22.74 22.82 22.86 22.93 22.93 22.95 22.88 22.86 22.22 21.38 20.18 19.28 17.80 17.18 17.26 17.40 17.50 17.21 17.24 17.23
traj-197:
37.78 36.94 35.43 34.04 32.54 30.82 29.52 28.26 27.96 27.15 26.68 26.57 26.49 26.49 26.53 26.11 24.88 23.23 22.37 20.57 18.61 16.93 15.67 14.00 13.61 11.88 11.00  9.73
20.44 20.34 20.49 20.44 20.40 20.32 20.31 20.35 20.40 20.72 22.66 24.34 26.02 28.01 29.26 31.21 32.52 33.13 32.92 32.63 32.64 33.01 33.02 33.02 33.07 33.25 33.18 34.08
traj-198:
38.39 37.11 35.87 35.27 33.50 31.90 31.45 30.06 28.50 27.35 26.47 26.44 26.55 26.52 26.50 26.52 26.43 26.46 26.50 26.16 25.58 24.12 22.70 21.57 19.89 17.96 17.13 15.68 14.79 13.36 11.63 10.62  9.01  7.62  7.19
20.47 20.32 20.19 20.14 20.13 20.32 20.54 20.86 21.00 20.16 18.96 18.36 16.46 14.71 13.26 11.99 10.45  8.64  6.74  5.48  4.55  4.05  4.05  4.06  4.11  4.19  4.24  4.31  4.35  4.50  4.68  4.79  4.88  6.10  6.27
traj-199:
36.53 34.61 32.79 31.40 30.60 29.17 28.01 27.29 25.92 24.00 23.41 21.66 20.79 19.58 18.61 17.35 16.45 14.50 12.99 11.15 10.94
20.82 21.04 21.09 21.08 20.99 20.32 19.23 17.95 17.38 17.28 17.37 17.61 17.77 18.63 19.66 20.72 21.51 21.51 21.95 22.50 22.71
traj-200:
36.64 35.14 33.43 32.52 31.04 29.73 28.11 27.40 26.99 27.13 26.59 26.36 26.21 24.47 22.75 21.06 19.12 17.91 16.16 14.28 12.99 12.69
20.25 20.32 20.41 20.37 20.58 21.06 21.49 23.09 24.93 26.92 28.44 29.42 31.35 32.06 32.27 32.26 32.54 32.51 32.84 33.13 34.64 34.58
traj-201:
38.11 36.20 34.89 33.94 32.40 31.05 29.33 28.22 27.30 26.77 26.47 26.53 26.51 26.50 26.49 26.68 27.26 26.88 25.70 25.52 23.76 21.81 20.08 19.56 17.62 15.75 14.43 12.76 11.34 10.18  8.69  7.22
20.72 20.65 20.75 20.91 21.35 21.43 20.94 20.67 19.14 17.25 15.74 14.24 12.92 11.39 10.54  8.98  7.28  5.90  4.41  4.17  3.82  4.04  4.16  4.08  3.94  3.85  3.73  3.66  3.54  3.51  3.45  3.39
traj-202:
36.64 35.46 34.00 32.85 31.12 29.64 28.12 27.09 26.35 25.07 23.59 22.15 20.96 19.60 18.99 17.65 16.32
22.64 22.70 22.74 22.83 22.94 22.96 21.90 20.27 19.23 17.91 17.93 17.98 18.00 18.83 19.97 19.81 19.72
traj-203:
36.22 35.96 34.11 33.65 32.06 30.41 29.08 28.88 27.92 27.91 26.19 26.24 26.30 26.61 26.92 27.97 28.75 29.41 30.75 31.27
21.18 21.33 21.18 20.88 20.14 20.39 20.69 20.92 22.39 22.69 23.52 24.86 26.27 27.80 28.53 30.12 31.58 32.03 32.99 33.49
traj-204:
38.64 38.34 36.40 35.26 34.43 32.67 30.72 29.56 27.92 27.09 26.71 26.29 26.26 26.18 26.21 26.34 26.40 26.44 26.66 25.57 23.85 22.33 20.50 18.52 17.13 15.17 13.42 13.12 11.17 10.28  8.67  7.65  6.94  5.63
22.07 22.10 22.15 21.91 21.73 21.42 21.50 21.49 21.38 20.37 18.45 16.96 15.26 13.27 11.55 10.08  9.08  8.02  6.08  4.41  3.96  3.93  3.94  3.96  3.98  4.01  4.12  4.13  4.25  4.30  5.22  6.82  7.92  9.08
traj-205:
34.37 34.65 33.24 32.31 30.48 29.46 27.91 27.50 26.19 24.57 22.77 21.36 20.35 18.59 17.10 16.31 14.50 13.14 11.97 10.61
22.74 22.64 21.66 20.96 20.39 20.02 19.04 18.50 17.40 17.74 17.47 17.21 17.24 18.04 18.68 19.04 19.86 20.42 20.96 21.63
traj-206:
38.86 37.72 35.76 33.79 32.91 31.75 29.76 28.83 28.72 28.70 28.64 28.54 28.44 29.14 30.15 31.50
22.21 22.43 22.76 22.87 22.90 22.93 22.94 24.14 26.10 27.14 28.36 30.35 31.54 33.30 34.19 35.33
traj-207:
36.72 35.78 34.03 32.79 31.05 29.11 28.64 27.24 26.56 26.81 26.79 26.90 26.90 26.82 27.46 27.74 28.25 28.24 28.13 26.85 25.00 23.04 21.66 20.90 18.90 17.57 16.16 14.18 13.38 11.47 10.32  8.92  8.72  8.53  7.93  7.74  6.04  5.47
21.01 20.73 21.10 21.34 21.52 21.47 21.24 20.15 19.01 17.11 16.42 14.76 12.85 12.12 10.55  9.61  8.06  6.40  5.60  4.27  3.99  3.97  3.97  4.03  4.06  4.09  4.13  4.03  3.99  4.44  4.78  5.81  6.68  7.83  9.47  9.70 10.63 10.84
traj-208:
38.71 37.03 35.08 33.36 33.09 32.79 30.87 28.90 27.37 27.17 26.35 26.05 24.34 22.56 20.79 20.49 19.46 18.39 18.11 17.19 17.31 17.13
22.09 22.53 22.81 22.63 22.52 22.47 22.28 21.95 20.82 20.67 18.97 18.13 17.69 17.82 17.96 17.97 18.51 18.92 19.02 20.69 22.58 22.91
traj-209:
38.00 36.80 34.97 33.30 31.94 30.32 29.28 28.24 28.14 28.03 27.71 27.07 26.81 26.39 26.38 26.68 28.29 29.48 31.26 31.85
20.81 21.07 21.47 21.91 22.26 22.67 22.94 24.46 25.54 27.04 28.64 30.48 31.29 32.66 34.48 35.59 36.33 36.50 36.74 36.81
traj-210:
38.19 37.09 35.95 34.07 32.65 31.77 30.35 28.54 26.84 26.69 26.18 26.22 26.21 26.18 26.15 26.11 26.05 26.06 26.09 26.29 25.11 23.56 22.18 21.10 19.71 18.13 16.73 15.54 14.65 12.97 11.23  9.77  8.59  8.35  6.76
21.16 21.47 21.64 21.89 22.18 22.23 22.35 22.27 22.32 20.44 18.60 16.99 16.46 14.69 13.20 11.76 10.15  8.37  7.51  5.73  4.22  4.20  4.13  4.13  4.11  4.09  4.05  4.06  4.16  4.48  4.65  4.84  4.98  5.16  6.19
traj-211:
35.88 34.15 33.58 32.13 31.26 29.80 28.69 28.58 27.85 27.42 26.08 24.48 23.29 21.52 20.06 18.23 16.66 15.13 13.36 12.05 10.31  9.62
22.34 22.50 22.59 22.73 22.79 22.85 22.68 22.09 20.27 19.31 18.00 17.29 17.39 17.46 17.67 18.15 18.41 18.80 19.02 18.84 18.62 18.60
traj-212:
37.08 35.43 33.59 32.33 30.48 28.72 27.48 26.05 26.18 26.27 26.48 26.64 26.85 26.60 26.47 25.19 24.49 22.66 21.70 20.32
21.11 20.57 20.28 20.22 20.42 20.47 21.24 21.83 23.32 24.18 26.01 26.61 28.38 30.33 31.13 32.42 32.52 32.75 32.72 32.73
traj-213:
38.05 36.58 34.59 33.47 32.01 30.56 29.23 27.97 27.19 27.08 26.36 26.55 26.70 26.78 26.75 26.85 27.00 27.15 26.11 25.24 23.71 22.92 21.03 19.04 17.84 16.73 15.24 13.79 12.64 11.79 10.41  8.84  8.32  7.19
22.58 22.66 22.71 22.75 22.85 22.91 22.95 22.82 21.06 20.78 18.98 17.78 15.88 14.48 12.57 10.58  8.97  7.10  5.72  4.84  3.93  3.91  3.96  4.08  4.15  4.16  4.28  4.49  4.53  4.55  4.74  5.58  7.40  9.00
traj-214:
37.84 36.72 34.96 33.22 31.49 29.77 28.02 27.47 26.06 26.14 26.20 25.35 23.36 22.76 20.97 19.52 17.89 16.30 15.30 13.79 12.74 11.13  9.32  7.59  5.95  5.41
22.28 22.37 22.35 22.57 22.79 22.91 22.98 23.12 21.84 20.68 19.51 17.86 17.86 17.88 17.91 18.91 19.94 20.23 20.42 21.31 22.00 22.37 22.49 22.76 22.89 22.86
traj-215:
36.52 34.76 33.01 31.05 29.66 28.03 27.58 26.34 26.52 26.68 26.33 25.00 23.12 22.91
22.26 22.38 22.50 22.70 22.82 22.97 24.91 26.10 28.06 29.25 30.98 32.00 32.38 32.60
traj-216:
34.46 34.20 32.33 31.00 29.86 28.64 27.56 26.28 26.32 26.47 26.52 26.79 26.90 27.01 27.21 26.62 26.05 25.61 24.24 22.80 21.29 19.61 18.46 16.50 14.78 14.48 12.73 11.84  9.87  8.62
20.73 20.70 20.36 20.21 20.28 20.28 19.94 18.59 17.57 16.11 15.51 13.56 11.94 10.61  9.01  7.11  5.50  4.63  4.17  3.99  4.03  4.03  4.01  3.97  4.06  4.07  4.10  4.10  3.76  3.06
traj-217:
35.58 34.73 33.02 32.46 30.50 28.81 27.98 27.66 26.98 25.72 24.83 23.69 22.24 20.48 18.49 17.60 15.85
22.22 22.50 22.61 22.70 22.83 22.85 21.58 20.83 19.24 17.76 17.74 17.80 17.91 17.90 17.78 17.70 17.54
traj-218:
36.91 36.07 34.39 32.40 31.80 30.03 28.88 27.11 27.10 26.36 26.32 26.56 26.78
22.57 22.60 22.73 22.83 22.76 22.62 22.61 23.39 24.21 25.96 27.93 29.90 31.73
traj-219:
37.00 36.36 34.75 33.14 31.33 30.04 29.30 27.93 27.33 26.95 26.85 26.44 26.44 26.39 26.46 26.25 26.18 25.35 23.38 22.80 21.01 19.10 17.41 15.96 13.96 12.15 10.40  8.57
21.99 21.65 20.62 20.29 20.24 20.21 20.23 18.98 17.68 16.07 15.51 13.60 11.74 10.66  9.00  7.22  5.56  4.43  4.18  4.08  4.04  3.97  3.96  3.89  3.80  3.79  3.62  3.32
traj-220:
34.79 33.12 31.74 30.47 29.25 28.38 26.90 25.20 23.45 21.71 20.92 19.42 18.82 17.82 15.97 14.15 12.64 11.72 10.19  9.37  7.76  6.48  5.53  4.40
21.45 21.08 20.73 20.44 20.07 19.53 18.43 17.52 17.56 17.60 17.64 18.62 20.08 19.23 19.95 19.65 19.31 19.47 19.61 19.46 18.87 18.31 17.84 17.24
traj-221:
34.31 32.57 30.65 29.20 27.62 26.26 26.34 26.34 26.31 26.47 27.01 27.60 28.64 29.02 30.21
21.61 20.77 20.76 20.69 20.60 21.76 23.49 24.35 26.11 26.98 28.60 30.18 31.56 32.02 33.50
traj-222:
36.53 34.76 33.32 31.46 30.31 28.71 28.53 28.22 27.70 27.49 26.95 26.43 26.40 26.51 26.50 26.74 26.72 25.29 24.40 22.61 21.04 19.50 17.97 16.00 14.02 13.13 11.36 10.19  8.46  6.93
20.56 20.43 20.38 20.22 20.08 19.19 18.60 17.30 15.40 14.55 12.77 11.62 10.61  9.07  8.08  6.22  5.92  4.58  4.46  4.19  4.11  4.11  4.00  4.09  4.27  4.28  4.45  4.51  4.69  4.83
traj-223:
38.32 36.72 34.76 33.59 32.73 31.26 29.84 29.03 28.77 27.20 26.47 26.18 26.04 25.03 23.26 22.37 20.61 19.85 18.55 17.34 16.32 15.06
22.30 22.66 22.84 22.86 22.87 22.88 22.85 22.90 23.05 21.92 21.77 19.97 19.14 17.63 17.80 17.86 17.86 17.72 19.05 19.47 18.47 17.34
traj-224:
34.43 33.32 31.51 29.55 27.97 27.72 27.52 26.80 26.67 26.50 26.03 25.44 24.42 22.89 22.28 20.71 19.48 17.82
21.85 21.33 21.79 22.02 23.21 23.82 25.59 27.44 29.40 30.97 32.15 32.94 34.09 34.32 34.43 35.45 36.38 36.91
traj-225:
34.29 32.48 30.79 28.99 28.58 27.89 27.38 27.38 27.35 27.44 27.23 26.87 26.37 26.39 26.44 25.39 23.43 21.73 21.14 19.38 17.69 16.28 14.54 13.40 11.62 10.13  8.46  7.32
21.53 22.23 22.66 21.79 20.66 18.88 16.97 16.09 14.29 12.50 11.66 10.11  8.35  7.48  5.85  4.20  4.08  3.95  4.01  4.24  4.33  4.44  4.48  4.55  4.67  4.76  5.66  6.96
traj-226:
33.73 31.92 30.46 28.61 27.37 26.33 26.05 25.21 23.50 22.35 20.59 19.14 18.51 16.69 14.82 13.93
21.78 21.96 22.06 22.30 22.45 20.83 18.94 17.79 17.71 17.44 17.25 18.04 18.49 18.62 18.46 18.42
traj-227:
36.91 35.34 34.12 32.16 30.53 29.97 28.71 28.35 27.59 27.01 27.65 28.17 29.63 30.84
21.36 21.80 22.19 22.53 22.84 22.92 23.60 24.33 25.93 27.76 29.45 31.09 32.13 32.95
traj-228:
38.79 37.81 36.26 35.07 33.42 31.69 29.88 29.68 27.71 26.88 26.47 26.42 27.09 27.15 27.21 27.32 27.42 26.99 26.63 26.39 26.08 25.12 24.82 23.02 21.30 20.21 19.04 18.20 16.25 14.30 12.53 10.90 10.19  8.76
21.60 21.43 21.22 21.05 21.00 20.76 21.10 21.00 21.16 20.37 19.26 17.58 16.25 15.38 13.91 12.53 11.17  9.74  7.97  6.84  5.89  4.15  4.19  4.03  4.16  4.17  4.17  4.19  4.09  3.98  3.75  3.45  3.34  3.07
traj-229:
38.31 36.55 35.49 33.79 32.07 31.81 29.95 28.20 27.14 26.28 26.14 25.14 23.68 21.87 20.12 18.62 17.85 16.56 14.81 13.33 11.54 10.72  9.41  8.61
21.22 21.24 21.42 21.49 21.96 22.11 22.74 22.73 22.59 21.06 19.19 17.66 17.61 17.56 17.71 17.93 18.20 18.71 19.19 19.61 20.24 21.03 22.26 22.66
traj-230:
35.44 34.64 32.76 31.35 29.67 28.22 27.92 27.77 27.18 26.76 26.33 26.27 24.48 23.20 22.44
21.87 22.20 22.71 22.60 22.57 23.88 25.31 26.05 27.61 29.24 31.19 31.48 32.22 32.37 32.52
traj-231:
34.09 32.92 31.78 30.11 28.67 28.26 28.20 28.17 27.30 26.70 26.10 26.27 26.39 26.75 26.77 26.80 26.69 26.87 26.97 26.98 26.90 26.85 26.57 26.15 24.57 23.25 21.56 20.12 18.35 17.09 15.84 14.17 12.43 10.84  9.05  7.97
22.58 22.68 22.73 22.83 23.91 25.28 26.16 27.83 29.36 28.46 26.61 24.65 22.99 21.07 19.17 17.42 15.51 13.58 11.62 10.90  9.13  7.93  6.09  4.85  3.91  3.99  4.01  4.04  4.10  4.00  4.03  3.89  3.79  3.67  3.64  3.64
traj-232:
36.51 34.54 33.64 31.92 30.24 29.41 28.47 26.98 26.32 26.04 26.04 26.21 26.27 25.50 23.90 22.73 20.96 19.48 19.25 17.68 16.49 15.03 14.41
22.51 22.52 22.50 22.59 22.73 22.86 23.46 23.82 22.28 21.89 20.84 19.07 18.77 17.33 17.25 17.35 17.54 18.47 18.67 19.55 18.67 17.48 17.05
traj-233:
36.80 35.17 33.98 33.13 31.16 29.65 28.96 27.62 27.07 26.44 26.59 27.17 27.11 26.96 25.48 23.82 23.24 21.74 19.86 18.06 16.42 14.55 13.86 12.59
21.26 20.92 20.48 20.35 20.39 21.08 21.43 22.84 23.68 25.11 26.20 27.52 29.41 31.15 32.28 33.10 32.94 32.75 32.58 32.58 32.67 33.08 33.25 34.77
traj-234:
36.87 35.10 33.33 32.20 30.60 30.07 28.39 27.15 26.44 26.44 26.52 26.60 26.61 26.64 26.70 26.84 27.17 27.17 26.35 24.59 22.81 21.03 19.09 18.50 16.53 14.60 14.30 12.53 11.08 10.50  8.97  7.97  6.93  6.20
20.95 20.68 20.60 20.31 20.25 20.08 19.20 18.17 16.65 16.35 14.61 13.75 12.51 10.74  9.08  7.98  6.21  5.51  3.96  3.73  3.66  3.77  3.94  4.01  4.09  4.32  4.36  4.54  4.68  4.63  5.57  6.61  7.67  8.35
traj-235:
38.04 37.17 36.02 34.65 33.53 31.76 30.58 28.60 27.25 26.64 26.47 26.06 24.55 23.38 21.89 20.13 18.38 18.19 16.30 14.59 13.02 11.97 10.10  9.30  8.02  6.93
22.54 22.64 22.69 22.80 22.80 22.78 22.68 22.48 22.19 20.34 19.01 17.94 17.23 17.30 17.39 17.37 17.59 17.82 17.68 17.70 17.93 18.00 18.12 18.17 18.35 18.50
traj-236:
38.07 37.20 36.67 36.09 34.64 33.21 31.32 30.73 28.88 28.17 27.38 27.41 27.28 27.13 27.26 27.36 27.17 26.46 24.54 24.26 22.69 21.63
20.04 20.19 20.74 20.90 21.40 20.76 20.31 20.28 20.36 21.18 22.56 24.17 26.02 27.03 28.74 30.38 31.54 33.21 33.49 33.37 32.39 32.04
traj-237:
36.28 36.51 37.91 37.17 35.77 34.80 33.13 32.53 31.10 29.60 28.38 27.98 27.67 27.47 27.32 27.15 26.95 26.89 26.68 26.64 26.51 26.32 26.23 26.16 24.36 23.20 22.01 20.24 19.07 17.65 17.00 15.62 14.47 12.74 11.85 10.40  8.69  7.97
22.74 22.55 21.52 21.52 21.46 21.46 21.39 21.38 21.29 21.06 20.84 19.71 18.01 16.97 15.12 13.92 12.27 11.85 10.23  9.65  8.19  7.14  5.29  5.00  4.22  3.86  3.93  3.96  4.02  4.07  4.09  4.20  4.25  4.38  4.50  4.68  5.68  6.86
traj-238:
38.07 36.49 35.10 33.66 31.78 30.36 28.38 26.92 26.11 26.19 25.02 23.55 21.77 20.31 19.42 18.88 16.99 15.06 13.24 11.49  9.83  8.56  8.36
20.29 21.06 21.26 21.74 22.07 22.35 22.33 21.96 20.17 19.28 17.89 17.86 17.85 17.87 17.84 18.09 18.23 18.04 18.32 19.14 19.70 21.03 21.25
traj-239:
34.64 32.88 30.94 30.35 28.68 27.89 27.38 27.16 26.29 27.18 28.19 29.24 29.87 30.69 31.63 32.26
21.55 21.47 21.85 21.91 22.82 24.63 26.51 27.20 28.77 30.34 31.71 33.25 33.96 35.03 35.68 36.05
traj-240:
35.09 34.07 32.30 30.92 30.17 28.85 27.49 26.41 26.14 26.09 26.15 26.16 26.13 26.31 26.44 27.05 26.86 26.69 25.69 24.58 23.69 21.97 20.10 19.22 17.49 15.54 13.55 11.84 11.55  9.63  8.56  7.73  7.17
21.18 20.97 20.55 20.56 20.52 20.48 20.29 18.72 18.01 16.27 14.61 14.00 12.55 11.32 10.29  8.73  7.17  6.16  4.87  4.48  4.37  4.18  4.03  4.02  4.06  4.16  4.30  4.57  4.63  5.00  5.80  7.19  8.25
traj-241:
38.74 37.63 36.28 34.88 33.72 32.31 30.55 28.87 27.32 26.86 26.70 26.20 26.08 25.02 24.42 22.71 22.41 20.64 18.79 17.05 15.80 14.28 12.89 12.59
22.14 22.32 22.50 22.68 22.78 22.89 22.91 22.91 23.35 21.99 21.14 19.36 18.63 17.22 17.26 17.42 17.48 17.66 17.76 17.87 18.45 18.93 17.69 17.65
traj-242:
36.20 35.34 33.39 32.21 30.44 29.12 28.00 26.31 26.15 26.30 26.38 26.46 26.44 26.72 27.11 28.84 29.14 31.01 31.45
22.20 22.29 22.45 22.48 22.60 22.69 22.84 23.82 25.18 26.50 28.03 29.73 30.67 32.36 32.57 33.34 33.35 34.04 34.44
traj-243:
34.87 34.04 32.33 30.60 28.83 28.61 27.89 27.19 27.10 26.96 26.86 26.69 26.40 26.31 26.26 26.22 26.07 25.16 23.34 22.63 20.71 19.05 17.12 15.72 14.66 12.74 11.04 10.15  8.72  7.94  6.34  5.14
22.15 22.26 22.49 22.76 21.93 21.59 20.28 18.86 17.46 15.76 14.01 12.11 10.51  9.76  8.03  7.43  5.64  4.16  3.88  3.92  3.83  4.04  4.06  4.07  4.07  4.29  4.48  4.59  5.56  5.99  5.53  5.82
traj-244:
38.67 36.75 35.36 33.87 32.44 31.31 29.83 27.86 27.26 26.50 26.02 25.20 23.71 22.29 20.58 19.86 18.98 17.49 16.36
22.64 22.74 22.85 22.80 22.69 22.61 22.46 22.21 22.01 20.34 19.16 17.70 17.73 17.81 17.69 18.60 19.80 21.12 22.12
traj-245:
38.36 37.32 35.65 34.92 33.79 31.93 30.80 29.12 28.04 27.99 27.90 27.85 27.60 27.38 26.67 24.96 24.29 22.69 20.74 19.35 18.10 16.94 15.36 13.54 11.57 11.27  9.63  8.46
21.45 21.11 20.93 20.72 20.80 21.07 21.46 22.07 23.56 24.44 26.08 26.59 28.45 30.09 31.70 32.52 32.84 33.18 32.93 32.70 32.53 32.38 32.17 32.33 32.61 32.67 33.27 33.69
traj-246:
37.20 35.57 34.39 32.54 30.59 29.60 28.45 28.38 28.35 27.71 27.07 26.25 26.20 26.31 26.29 26.32 26.12 24.44 22.73 21.03 19.88 18.49 17.45 15.77 15.17 13.27 12.09 10.33  9.43  7.94
20.80 20.72 20.62 20.50 20.26 20.02 19.11 17.63 17.04 15.18 13.42 11.71 10.39  9.33  7.54  6.42  4.95  4.24  3.94  3.93  3.89  3.90  3.92  3.97  4.00  4.34  4.52  4.62  4.73  5.65
traj-247:
37.71 36.95 35.03 33.16 31.19 29.79 28.12 27.35 25.68 25.08 23.30 22.70 20.93 19.01 17.59 15.89 14.42
21.01 20.95 20.75 20.64 20.35 20.09 19.16 18.11 17.05 17.12 17.28 17.35 17.53 17.76 17.61 17.58 17.74
traj-248:
34.67 32.76 31.09 29.96 28.48 28.21 27.20 27.01 27.12 27.63 26.73 25.34 23.41 21.71 19.86 17.96 16.08 15.45 13.96
22.24 22.58 22.67 22.81 23.78 24.27 25.98 27.80 29.78 31.70 32.73 33.00 32.78 32.62 32.54 32.53 32.51 32.60 33.12
traj-249:
38.03 36.77 35.15 33.38 31.39 30.10 29.37 27.70 27.31 27.01 26.94 27.06 26.57 26.46 26.64 26.73 26.38 26.22 24.35 22.49 21.28 19.33 17.61 15.90 14.79 13.02 12.14 10.42  9.23  7.93  8.00  8.04
20.11 20.09 20.17 20.17 20.09 20.12 20.04 19.26 17.44 16.33 15.94 14.54 13.23 11.32  9.63  8.55  6.71  4.77  4.09  3.92  3.99  3.92  4.03  4.04  4.10  4.31  4.44  4.56  4.68  6.16  7.50  8.84
traj-250:
35.55 34.42 32.45 30.71 29.25 28.64 27.94 26.95 25.83 23.93 22.18 21.43 19.51 18.37 17.07 16.27 15.08 14.42 12.47 10.83  9.09  7.88
22.25 22.53 22.77 22.89 22.72 22.61 20.74 19.09 17.60 17.16 17.38 17.47 17.72 18.44 19.75 20.52 21.82 22.49 22.41 21.58 20.86 20.17
traj-251:
34.45 32.78 31.62 29.83 28.94 27.24 26.09 26.18 26.25 26.08 26.12 26.22 26.31 26.38
22.44 22.80 22.87 22.76 22.69 23.71 24.71 26.54 27.35 29.06 31.00 32.58 33.84 35.63
traj-252:
36.56 36.26 34.54 33.20 31.38 29.43 27.87 27.57 27.39 26.94 26.63 26.14 26.14 26.14 26.17 26.36 25.43 24.28 23.99 22.17 20.42 20.13 18.43 17.83 16.11 14.93 13.20 12.30 10.84  9.41  8.36  7.18  6.20  5.30
20.34 20.35 20.26 20.22 20.10 20.10 19.05 17.89 17.06 15.36 14.44 13.19 11.45  9.69  8.30  6.55  4.91  4.59  4.53  3.89  3.98  4.05  4.23  4.26  4.32  4.46  4.60  4.62  4.64  4.92  6.04  6.99  6.57  5.96
traj-253:
35.86 35.56 33.60 31.98 30.94 29.26 28.25 27.43 26.05 24.23 22.78 21.60 20.42 19.65 17.98 16.20 14.80 13.10 12.09 11.31  9.62  9.00  7.24  5.35  4.03
20.15 20.16 20.41 20.34 20.22 20.08 19.55 19.12 18.39 17.84 17.87 17.89 17.91 18.33 19.28 19.13 18.97 19.88 20.54 21.08 20.82 20.64 20.45 20.03 19.92
traj-254:
35.65 34.02 32.08 30.13 28.81 28.20 28.17 28.07 28.04 26.93 26.93 25.47 23.99 22.13 20.77 18.78 16.88 15.56 14.10 13.50
22.10 22.29 22.62 22.82 23.49 25.09 25.95 27.91 28.89 30.44 31.04 32.18 32.26 32.30 32.30 32.40 32.46 32.44 32.43 32.41
traj-255:
34.77 32.99 31.28 30.01 28.77 28.60 28.37 27.79 28.00 28.08 27.87 27.51 27.13 26.65 25.26 23.54 22.69 20.72 18.98 18.68 16.75 16.46 14.57 12.63 10.93  9.74  7.97
21.16 20.58 20.12 20.02 19.27 17.86 16.15 14.39 12.50 11.31  9.57  8.45  7.04  5.35  4.19  3.95  3.91  3.91  3.98  4.03  4.16  4.18  3.99  3.73  3.59  3.57  3.56
traj-256:
38.41 37.66 36.12 34.42 34.12 32.29 30.97 29.85 28.46 27.22 26.78 26.25 26.04 24.30 22.84 21.07 19.88 18.13 16.76 15.27 14.24 12.76 10.91 10.47
21.68 21.67 21.73 21.79 21.80 21.84 21.96 21.86 21.91 21.13 20.42 19.09 18.53 17.92 17.90 17.93 17.94 17.77 18.31 18.79 18.83 18.86 19.34 19.47
traj-257:
38.87 38.17 36.56 34.68 32.73 30.78 29.59 28.28 28.18 27.38 26.39 26.23 26.27 26.97 27.37 28.24 28.55 29.79
21.84 21.54 21.15 21.47 21.75 22.13 22.42 23.73 24.59 26.35 26.50 28.03 28.57 30.42 31.16 32.71 33.16 34.32
traj-258:
35.43 33.74 32.57 31.14 29.41 28.17 27.61 27.43 26.76 26.84 27.03 26.93 26.73 26.87 26.55 25.88 24.25 23.47 21.96 20.01 18.58 16.67 15.42 13.60 11.87 10.12  8.42  7.50
22.12 21.36 21.33 21.15 21.02 19.61 18.50 17.17 15.36 14.39 13.36 11.52  9.58  7.86  6.09  4.99  3.93  3.93  3.96  3.99  4.00  4.05  4.11  4.14  4.23  4.53  5.52  6.23
traj-259:
35.81 35.28 33.30 31.39 29.63 28.39 26.74 26.15 26.14 26.09 26.05 24.41 22.54 21.10 20.52 19.58 17.99 17.56 16.05 14.64 13.33 11.51 10.28  8.63  7.18  5.31  4.06
22.34 22.39 22.58 22.85 22.90 23.53 23.95 22.55 21.16 19.73 18.24 17.70 17.70 17.81 17.87 18.86 19.95 19.95 20.54 20.98 21.37 21.79 22.24 22.61 23.06 23.58 23.93
traj-260:
33.87 32.47 31.96 30.30 28.78 28.00 27.47 27.05 26.62 26.47 26.23 26.10 25.67 24.01 22.78 21.20 20.12 18.22 17.64 15.72 15.20 14.91 13.52
20.28 21.07 21.38 22.25 22.80 24.60 25.38 27.13 28.54 29.17 29.66 30.48 32.09 32.58 32.48 32.58 32.74 32.84 32.71 33.12 34.41 35.05 36.32
traj-261:
38.53 38.01 36.30 34.53 32.81 31.11 29.12 28.93 28.93 27.93 26.91 26.49 26.71 26.70 26.96 26.72 26.59 26.38 26.24 26.06 25.88 24.36 23.42 21.45 19.73 18.32 16.57 15.70 13.96 12.78 11.04  9.87  8.59  8.07
22.48 22.64 22.86 22.87 22.88 22.92 22.97 22.44 20.71 19.66 18.37 16.67 14.76 13.29 11.44  9.52  8.69  7.23  6.35  5.18  4.94  4.20  4.10  3.94  4.15  4.39  4.45  4.36  4.34  4.39  4.54  4.64  5.31  5.61
traj-262:
35.80 35.18 33.34 31.76 31.24 29.50 28.36 28.08 27.79 26.64 26.43 26.05 25.37 23.98 22.79 21.03 20.73 19.09 18.60 18.13 16.45 15.63 14.16 13.86 11.91 10.21  9.61  7.71  7.44  5.91  4.37
21.62 21.69 22.08 22.74 22.83 22.82 22.56 22.45 22.41 21.58 20.07 18.70 17.37 17.38 17.40 17.52 17.55 18.43 18.72 19.03 19.46 19.87 21.19 21.17 21.00 21.21 21.31 20.95 20.81 19.92 18.99
traj-263:
39.02 38.21 36.29 34.52 32.78 31.01 29.83 28.27 26.83 26.37 26.13 26.15 26.13 26.53
22.04 22.35 22.82 22.94 22.90 22.92 22.94 23.78 25.07 25.46 27.24 28.36 30.30 32.16
traj-264:
38.32 36.85 35.29 33.38 32.35 30.67 30.12 28.69 28.51 28.47 28.41 28.36 28.13 26.99 26.83 26.43 26.26 25.09 23.34 21.57 20.26 18.31 17.13 16.06 14.37 13.23 11.59  9.93  8.90  8.56  7.43  6.67  5.35
22.05 21.65 21.23 20.76 20.53 20.21 20.07 19.03 17.30 15.81 14.43 13.04 11.33  9.85  8.11  6.74  6.17  4.72  3.90  3.93  3.97  4.01  4.03  4.06  4.03  4.03  3.93  3.92  5.62  6.11  7.53  8.34  9.65
traj-265:
35.60 33.71 32.58 31.23 30.42 28.98 28.93 28.65 27.22 26.91 26.03 24.33 22.57 21.68 19.89 19.29 17.90 16.44 15.65
21.41 22.02 22.31 22.60 22.76 22.59 22.30 22.18 20.90 20.31 18.74 17.94 17.92 17.91 17.83 17.81 18.08 18.99 19.38
traj-266:
35.14 34.84 32.90 32.60 30.64 29.09 27.45 27.32 26.89 27.05 26.18 26.22 26.19 24.70 24.00 22.88
20.02 20.02 20.14 20.17 20.32 21.10 21.64 23.49 25.15 26.11 27.85 29.72 31.50 32.19 32.35 33.86
traj-267:
35.65 34.54 33.09 31.60 29.78 28.29 26.80 27.05 27.21 27.36 27.46 27.59 27.66 27.81 27.85 28.08 28.04 27.57 25.74 25.28 23.72 22.86 21.07 19.74 18.33 16.63 15.74 14.02 12.08 11.09  9.36  8.06  6.77  6.53
22.13 22.15 21.55 21.64 21.21 20.84 20.15 18.76 17.02 15.06 13.66 12.59 11.03  9.32  8.73  7.12  6.41  5.16  4.47  4.31  4.16  4.12  4.00  4.04  4.05  4.09  4.08  3.95  4.14  4.24  4.43  5.74  6.99  7.17
traj-268:
34.94 34.15 32.15 31.08 29.77 28.85 27.27 27.01 26.66 25.25 24.37 23.17 22.28 20.49 19.61 17.68 15.91 14.33 12.86 11.07  9.81
20.11 20.23 20.29 20.24 20.18 20.10 19.42 19.26 19.05 17.89 17.89 17.90 17.91 17.86 17.82 17.74 18.43 18.82 19.29 19.71 20.12
traj-269:
33.93 32.51 32.02 30.06 28.47 28.10 27.43 26.68 26.49 26.41 26.11 25.87 24.10 22.14 20.46 20.17 18.43 17.85 16.24 14.67 14.11 12.46 11.90 10.33  9.59  9.08
20.90 22.19 22.54 22.80 23.91 24.98 26.44 27.89 28.87 29.44 30.89 32.04 32.41 32.47 33.02 32.95 32.68 32.55 32.44 32.31 32.32 32.28 32.30 33.24 34.57 35.69
traj-270:
36.52 36.24 34.47 33.44 32.21 31.18 29.86 28.69 28.56 27.69 27.34 27.18 27.17 27.27 26.81 26.68 26.70 26.22 25.62 23.86 22.45 21.59 20.32 18.96 17.33 15.72 14.24 13.35 12.19 10.20  8.23  6.99
22.26 22.15 21.62 21.08 20.56 20.35 20.14 19.22 18.95 17.38 15.67 13.73 12.39 10.84  9.15  7.33  6.85  5.08  4.42  3.84  3.86  3.89  3.91  3.88  3.96  4.00  4.07  4.09  4.12  4.12  3.89  3.39
traj-271:
35.24 34.10 32.17 30.51 29.52 27.79 26.65 26.04 24.23 23.34 21.58 20.98 19.31 18.61 17.00 16.26 14.44 13.17 11.67
20.63 20.53 20.26 20.15 20.19 19.56 18.97 18.39 17.57 17.62 17.55 17.54 18.47 18.90 19.40 19.64 20.01 21.08 22.30
traj-272:
36.14 35.00 33.04 31.21 29.29 28.16 27.70 27.62 27.35 27.41 26.88 27.12 28.01 29.25 30.34 29.26 27.91
21.51 21.72 21.99 22.38 22.77 23.43 25.26 25.69 27.36 27.72 29.35 29.99 31.45 32.67 34.22 35.04 35.27
traj-273:
34.70 33.33 31.37 30.55 29.31 27.47 27.73 28.06 27.75 27.31 27.26 27.30 27.14 26.95 26.81 26.66 26.52 25.37 23.56 22.65 21.48 20.60 18.85 18.28 16.54 15.12 13.41 11.93 10.17  9.88  8.50  8.18
22.37 22.52 22.77 22.86 22.69 22.62 21.80 19.87 18.59 17.16 15.47 14.37 12.60 10.61  9.19  7.50  5.75  4.40  3.95  3.98  4.07  4.15  4.21  4.13  4.16  4.34  4.58  4.74  4.86  4.90  6.28  6.78
traj-274:
37.11 36.80 35.05 33.69 32.49 30.80 29.10 27.20 27.06 25.74 23.96 22.18 20.72 19.90 19.19 18.53 16.57 14.88 13.28 12.44 10.61  8.95
21.68 21.64 21.56 21.05 20.74 20.29 20.36 19.76 18.70 17.26 17.30 17.47 17.62 18.51 20.10 21.36 21.74 22.16 22.38 22.57 22.63 22.95
traj-275:
34.21 33.65 31.91 29.94 29.65 27.98 27.46 27.05 26.66 26.44 26.32 26.04 26.01 24.40 22.81 20.95 20.02 18.36 17.09 15.48 14.34 12.70 11.67
22.15 22.21 22.32 22.33 22.39 23.10 24.28 26.05 26.95 28.43 29.88 31.63 31.93 32.68 32.61 32.69 32.61 32.51 32.76 33.53 34.07 34.71 35.16
traj-276:
37.39 36.00 34.39 32.68 32.06 30.32 28.75 28.63 27.69 27.56 27.41 27.09 27.05 26.93 26.87 26.85 26.85 26.44 25.39 23.85 22.19 21.33 19.49 18.71 16.97 15.51 14.04 13.44 11.95 11.10  9.39  8.27
20.60 20.43 20.42 20.38 20.31 20.13 19.25 18.66 17.19 16.20 14.80 13.02 12.42 10.93  9.24  8.65  6.76  5.82  4.15  4.02  3.98  3.94  3.84  3.90  4.04  4.19  4.34  4.39  4.39  4.39  4.59  4.82
traj-277:
36.33 36.03 34.11 32.68 30.70 30.40 28.63 27.77 27.16 26.81 26.11 24.52 23.36 21.91 20.74 19.56 17.65 15.74 14.37 13.32 11.86
22.50 22.46 22.54 22.62 22.87 22.86 22.77 20.98 19.97 19.20 17.98 17.18 17.37 17.56 17.82 18.41 18.91 18.83 19.15 19.39 20.58
traj-278:
37.33 36.76 35.31 34.17 32.60 31.84 30.13 28.96 28.22 28.44 28.50 28.67 28.76 28.88 28.97 27.68 26.90 25.86 24.64
22.44 22.53 22.59 22.65 22.71 22.79 21.99 22.00 23.53 25.36 25.96 27.71 28.89 30.68 31.87 33.35 34.03 35.08 36.15
traj-279:
36.86 35.43 34.86 32.89 32.45 30.69 30.09 28.53 26.80 26.74 26.36 26.64 27.07 27.45 27.36 27.22 26.89 26.87 27.01 26.54 26.28 26.17 24.60 23.16 21.46 20.63 18.93 17.52 15.55 14.69 12.71 10.97  9.59  8.33  8.14
22.28 22.46 22.53 22.80 22.83 22.94 22.95 23.99 24.88 23.90 21.96 20.45 18.79 16.92 15.52 14.03 12.09 10.44  8.83  7.29  5.86  4.97  3.97  3.95  3.98  3.98  4.03  4.04  4.25  4.31  4.57  4.64  4.67  6.01  6.24
traj-280:
33.62 32.04 31.26 29.49 27.88 26.87 26.14 24.67 23.49 22.03 20.25 18.87 18.42 16.82 15.08 14.38 13.13
21.12 21.09 21.02 20.82 20.27 19.64 18.38 17.68 17.74 17.87 17.90 18.30 18.13 19.07 20.04 20.28 20.93
traj-281:
33.91 32.48 31.02 29.85 28.16 27.98 27.92 27.79 27.56 27.42 27.12 26.56 26.23 24.96 23.91
22.80 22.81 22.88 22.94 23.93 24.40 26.29 27.57 29.49 31.19 32.39 34.23 35.33 36.21 36.69
traj-282:
36.63 35.16 33.63 31.63 31.15 29.51 27.88 27.94 27.99 27.62 27.44 27.22 27.09 26.88 26.53 26.36 26.04 25.69 23.97 23.67 21.73 20.58 18.90 17.17 15.20 13.31 11.45  9.77  8.98  8.68  8.63
22.19 21.42 20.94 20.82 20.77 20.03 19.22 17.73 15.98 14.38 13.69 12.39 11.22  9.41  7.69  6.81  5.07  4.59  3.98  3.97  4.00  4.04  4.03  3.95  3.86  3.80  3.81  4.38  5.82  7.44  7.85
traj-283:
36.97 36.41 34.74 32.92 31.18 29.89 28.24 26.68 25.02 23.29 22.42 20.66 19.03 17.46 15.75 14.04 12.50 10.82  8.91  8.02
21.15 21.36 21.74 21.34 20.57 20.18 19.27 18.05 17.10 17.24 17.36 17.65 17.84 18.58 19.59 20.26 21.11 21.67 22.00 21.77
traj-284:
37.46 37.24 38.17 37.17 35.38 33.91 32.96 31.60 30.20 28.61 28.02 27.66 27.47 27.11 26.89 26.81 26.69 26.59 26.03 25.31 23.84 22.48 20.57 18.95 17.11 16.09 14.55 13.88 12.02 11.43  9.99  8.31
22.41 22.39 21.54 20.96 21.09 21.30 21.27 21.28 21.14 21.54 23.42 24.95 25.51 27.21 28.75 29.43 29.54 30.06 31.21 32.10 32.44 32.57 32.67 33.05 33.43 33.65 34.51 34.78 35.18 35.26 35.48 35.71
traj-285:
35.02 34.17 32.18 30.20 28.64 28.29 27.37 26.25 26.34 26.50 26.68 26.79 26.69 26.59 26.84 26.84 26.87 26.71 26.66 26.34 26.17 24.50 22.52 21.19 20.04 18.80 16.86 15.02 14.43 12.71 10.94  9.48  7.61  6.25
22.54 22.61 22.72 22.92 23.73 24.22 25.98 24.42 23.12 21.34 20.02 18.18 17.32 15.43 13.74 12.16 10.25  8.85  7.65  5.91  5.05  3.98  3.99  4.00  4.00  3.99  3.97  4.00  4.09  4.34  4.52  4.72  4.69  4.61
traj-286:
36.60 36.06 34.32 32.35 30.97 29.82 28.54 27.50 27.20 26.79 25.84 24.95 23.76 22.59 20.81 19.91 19.44 17.69 15.84 15.55 13.69 11.86 10.28  8.76  7.43  6.35
22.35 22.38 22.47 22.61 22.69 22.77 21.85 20.46 19.78 18.83 17.50 17.60 17.75 17.89 17.95 17.95 18.32 18.68 17.97 17.91 17.76 17.85 18.25 19.00 19.52 19.97
traj-287:
35.58 34.41 33.60 33.08 31.33 29.43 28.98 28.83 28.67 28.44 28.27 28.18 28.19 27.89 26.27 24.59 23.95 22.50 20.84 18.99 18.70 16.81 14.89 13.61 12.84 11.60 10.29  9.45
20.52 21.22 21.48 21.53 22.21 22.83 23.73 25.48 26.57 27.96 29.08 30.87 31.17 32.86 33.76 33.82 33.90 34.07 33.88 33.39 33.31 33.03 32.72 32.76 33.31 34.52 34.62 34.57
traj-288:
37.02 35.04 34.46 32.79 32.23 30.56 31.17 29.42 28.78 27.89 27.99 27.94 27.90 27.85 27.86 27.68 27.55 27.18 26.08 24.30 22.56 20.68 18.87 17.38 15.90 14.93 13.65 11.79  9.83  8.65
22.63 22.71 22.72 22.76 22.76 22.77 22.20 21.48 20.27 18.54 17.29 15.87 14.14 12.96 11.42  9.75  7.94  6.11  4.51  4.31  4.40  4.22  4.17  4.17  4.16  4.16  4.14  3.98  3.82  3.75
traj-289:
38.08 36.63 34.93 34.63 32.87 31.17 29.72 28.42 27.23 27.00 26.12 25.67 24.46 23.03 21.28 20.98 19.53 17.95 16.67 14.79 13.77 11.82 10.40
22.64 22.77 22.88 22.86 22.84 22.90 22.79 21.93 20.42 19.94 18.32 17.72 17.21 17.38 17.64 17.67 18.54 19.41 19.37 19.31 19.29 19.13 19.28
traj-290:
38.86 37.41 36.57 34.62 33.44 31.47 29.49 28.31 28.32 28.03 26.99 27.44 28.28 28.84 29.52
22.68 22.74 22.81 22.75 22.74 22.87 22.92 24.40 24.70 26.62 28.28 29.69 31.47 32.85 34.68
traj-291:
38.44 37.58 35.87 34.72 33.05 31.56 30.09 28.11 27.82 27.48 26.90 26.32 26.32 26.15 26.15 26.14 26.20 26.21 26.33 26.42 26.71 25.87 25.19 24.71 22.95 21.53 20.08 18.90 18.03 16.29 15.44 13.45 11.82 10.92  9.14  7.29
22.28 22.37 22.67 22.74 22.84 22.79 22.77 22.66 22.59 21.95 20.78 18.98 17.65 15.76 14.30 12.57 11.14 10.57  8.96  8.02  6.20  4.78  4.38  4.19  3.98  4.01  4.04  4.07  4.13  4.13  4.09  4.09  4.05  4.03  4.09  4.11
traj-292:
34.79 33.54 31.74 30.30 28.47 27.37 26.11 26.03 26.04 25.26 23.53 21.68 20.55 19.15 18.21 16.59 15.61
20.18 20.23 21.04 21.66 22.31 22.66 21.30 19.48 19.18 17.62 17.64 17.48 17.24 18.12 18.44 18.95 19.16
traj-293:
38.74 36.88 35.17 34.30 32.46 30.97 30.45 29.99 28.22 27.57 27.03 26.16 26.17 26.14 26.14 25.90 25.46 25.02
20.28 20.16 20.11 20.06 20.12 20.14 20.73 21.01 21.83 23.11 24.07 25.70 27.42 28.31 30.22 32.04 33.83 35.74
traj-294:
35.42 34.85 32.90 31.19 30.06 28.43 28.11 27.48 27.41 26.84 26.34 26.23 26.25 26.25 26.05 25.10 23.73 22.91 21.57 20.40 18.54 17.95 16.22 14.47 13.60 11.83 10.64  9.19
20.83 20.68 20.28 20.04 20.05 19.15 18.08 16.26 15.27 13.41 12.57 10.82  9.23  7.44  5.78  4.05  4.01  3.95  4.03  4.08  4.23  4.32  4.58  4.81  4.78  4.78  4.78  4.77
traj-295:
34.35 32.68 30.97 30.37 28.40 27.30 26.78 26.61 25.02 23.57 22.38 20.60 18.92 18.17 16.63 15.16 13.38 11.52  9.66
22.42 22.60 22.80 22.79 22.66 21.02 19.82 19.01 17.81 17.84 17.90 17.96 18.58 18.98 19.82 20.46 21.16 21.28 21.67
traj-296:
36.25 35.17 33.29 31.69 30.40 28.60 26.88 26.57 26.68 26.64 26.60 26.51 26.22 26.22 25.50 24.06 22.80 21.32 19.49 17.85 16.64 15.81 14.18 12.99 11.02  9.89  8.45
20.52 20.63 21.28 21.76 22.19 22.15 23.13 23.79 25.70 26.58 27.73 28.79 30.63 30.93 32.49 33.03 32.69 33.33 33.90 34.46 34.75 35.02 35.55 35.65 35.92 36.20 36.53
traj-297:
36.52 35.63 34.14 32.29 31.35 30.01 28.31 28.18 27.98 27.90 27.67 27.55 27.34 27.20 27.03 26.79 26.63 26.43 26.29 26.21 24.39 23.52 22.07 20.10 19.22 17.52 15.80 14.04 12.07 10.63  9.04  7.22  6.66
22.35 22.44 22.56 22.67 22.72 22.75 22.77 20.87 19.86 18.86 17.14 16.07 14.43 13.15 11.90 10.17  8.75  6.99  5.54  4.94  4.11  4.01  3.82  3.94  3.97  4.01  3.97  4.01  3.99  3.99  4.65  5.29  5.46
traj-298:
36.67 35.83 34.50 33.16 31.20 29.91 28.08 27.07 26.08 24.30 22.55 20.76 18.99 17.41 15.59 14.04 12.45
22.17 22.03 21.84 21.80 21.98 22.17 21.40 19.80 18.50 17.84 17.91 17.97 18.81 19.10 18.74 18.28 17.74
traj-299:
34.79 33.00 31.28 30.43 28.72 28.63 28.11 27.68 27.42 26.87 26.01 25.46 23.75 22.87 21.21 19.87 18.14 16.14 14.77 13.21 11.76 10.66  8.97  7.84
22.11 22.65 22.91 22.95 23.97 24.26 25.89 27.04 28.90 30.78 31.42 33.32 33.45 33.60 33.75 33.74 32.91 32.99 32.85 33.71 34.67 35.41 36.45 36.81
