traj-0:
38.70 38.14 36.44 35.31 34.19 33.07 31.32 29.84 28.92 28.85 27.96 27.09 26.21 26.16 26.54 26.73 26.67 26.56 25.62 24.35 22.70 21.07 19.94 18.50 16.76 16.17 14.41 12.71 11.61
18.38 18.46 18.60 18.71 18.75 18.80 18.91 18.79 18.72 17.84 16.61 15.25 14.07 12.94 11.01  9.29  8.41  6.95  5.37  5.17  5.23  5.25  5.34  5.49  5.63  5.68  5.85  6.38  6.68
traj-1:
38.10 36.36 34.60 32.88 31.16 29.68 28.12 27.73 27.41 26.95 26.15 24.20 22.44 22.15 20.39 18.73 17.19 15.52 14.04 12.18 10.40  8.56  7.52
18.78 18.93 18.91 18.93 18.91 18.91 19.96 21.26 22.33 23.72 24.34 24.48 24.26 24.22 24.02 23.51 22.95 22.13 22.10 21.79 21.74 21.75 21.59
traj-2:
33.98 32.30 31.70 29.78 28.79 28.48 28.15 27.72 27.50 27.20 26.67 26.41 26.17 24.29 22.87 20.95 19.54 18.17 16.72 15.49 13.95 12.35
18.02 18.45 18.51 18.77 19.91 21.27 22.69 24.49 25.64 27.33 28.91 29.07 30.96 30.93 31.05 30.84 30.89 31.16 31.48 32.56 33.38 34.08
traj-3:
36.40 35.00 33.28 31.78 30.24 29.40 28.51 27.90 26.89 26.54 26.13 26.26 26.41 26.74 26.81 25.61 24.37 22.42 21.84 19.92 19.03 17.66 15.95 14.14 13.93 12.89 12.03 10.58  9.56
17.92 17.84 17.46 17.29 17.07 17.01 16.39 15.17 14.01 12.31 11.13  9.77  8.72  7.11  6.63  5.30  5.05  5.10  5.10  5.15  5.17  5.16  5.26  5.83  6.05  6.99  6.85  6.30  4.68
traj-4:
38.12 37.83 36.11 35.52 33.82 31.84 30.13 28.88 28.37 28.16 27.21 25.66 24.22 23.35 22.17 20.98 19.20 18.90 17.68 16.33 16.09
18.01 18.06 18.32 18.45 18.62 18.81 18.98 19.94 21.62 22.44 24.04 24.22 24.11 24.08 24.12 24.07 24.03 24.03 23.81 22.58 22.40
traj-5:
36.19 34.31 33.18 31.64 30.20 29.20 27.49 27.16 27.25 27.10 26.68 26.45 26.10 25.32 23.43 22.49 20.98 19.10 18.49 16.68 14.97 13.62
17.99 17.97 17.97 18.13 18.50 18.86 19.86 21.82 22.41 24.27 25.73 27.48 29.26 30.32 30.67 30.58 30.61 31.20 31.48 31.81 32.07 32.33
traj-6:
38.66 37.78 35.86 35.26 33.83 32.40 31.81 30.02 29.72 28.39 26.68 26.62 26.89 27.16 27.06 27.14 26.90 26.57 26.31 25.32 23.73 22.13 20.14 18.96 17.58 15.73 13.95 13.66 11.90 10.77  9.15  8.07  6.35  5.05
18.12 18.26 18.51 18.57 18.75 18.84 18.89 18.94 18.93 19.68 19.98 18.31 16.37 14.45 13.44 11.61  9.64  7.91  6.47  4.95  5.05  5.06  5.11  5.19  5.18  5.18  5.38  5.41  5.89  6.20  5.82  5.57  4.98  4.45
traj-7:
36.15 34.28 32.85 31.25 30.08 28.63 28.36 27.54 25.96 24.91 23.76 22.29 21.69 20.22 19.33 17.75 15.97 14.59 12.78 12.18 10.24  9.22  8.25  6.96
17.88 18.19 18.56 18.76 18.99 20.00 21.42 22.99 24.14 24.46 24.57 24.49 24.45 24.29 24.12 23.79 23.95 23.98 24.22 24.27 24.03 23.57 22.85 22.93
traj-8:
35.20 34.35 32.97 32.09 30.27 28.46 27.93 27.60 27.29 27.05 27.11 27.15 27.14 26.16 24.48 23.03 21.62 19.89
17.46 17.50 17.48 17.53 17.79 18.32 20.24 22.14 24.02 25.93 27.25 27.95 29.74 31.48 32.06 32.25 32.73 33.42
traj-9:
37.46 35.82 35.09 33.10 32.65 30.94 29.48 27.93 26.91 26.84 26.68 26.56 26.45 26.30 26.23 25.65 24.66 22.69 21.59 20.19 18.32 16.35 14.37 13.36 12.73 12.41
18.41 17.95 17.94 17.84 17.70 17.48 17.20 16.42 15.24 13.96 12.16 10.54  9.48  7.59  6.69  5.55  5.24  5.09  5.08  5.16  5.21  5.18  5.45  6.20  7.96  9.35
traj-10:
38.56 37.70 35.96 34.77 32.79 32.20 30.43 29.84 28.20 27.48 27.22 26.46 25.02 23.28 21.54 20.68 18.94 17.42 15.97 15.26 13.95 13.03 11.34 10.60  9.45  8.05
18.45 18.48 18.55 18.66 18.85 18.87 18.95 18.95 19.80 21.32 21.83 23.21 24.39 24.26 24.17 24.07 23.23 22.85 22.53 22.25 22.20 22.19 21.45 21.07 20.62 20.00
traj-11:
35.63 34.34 32.62 31.16 29.44 29.27 27.81 27.30 26.99 27.04 27.06 27.23 26.83 24.99 23.63 22.26 20.76 18.83 17.22 16.80 14.92 14.63
17.93 18.67 18.86 18.90 18.92 19.16 20.39 22.31 24.17 26.13 28.06 29.29 31.04 31.05 31.00 30.85 30.66 30.52 31.06 31.25 31.70 31.77
traj-12:
36.18 34.61 33.02 31.40 30.86 29.32 27.38 26.03 26.16 26.35 26.41 26.62 27.02 26.70 26.44 25.39 23.94 21.97 20.41 18.49 17.07 15.94 14.22 13.34
17.58 17.35 17.21 17.36 17.41 17.41 17.37 15.96 14.48 12.72 12.07 10.57  9.69  7.81  6.70  5.23  4.63  4.65  4.87  5.03  5.18  5.32  5.54  5.74
traj-13:
38.46 36.74 34.78 33.77 32.40 31.49 30.37 28.54 27.94 26.84 26.77 26.51 26.13 26.00 24.21 23.32 21.70 20.61 19.39 19.08 18.58
17.53 17.46 17.37 17.36 17.39 17.30 17.28 17.21 17.25 18.89 19.18 21.03 22.86 23.45 24.09 24.02 24.08 24.04 23.28 22.23 20.61
traj-14:
39.15 37.45 36.29 34.57 32.88 30.92 30.32 28.68 27.64 27.42 26.24 26.29 26.34 26.52 26.06 25.45 23.83 23.19 22.39 22.16
18.74 18.82 18.87 18.87 18.87 18.88 18.92 19.95 20.91 21.11 22.72 24.18 26.12 27.86 29.74 30.91 32.05 32.53 33.96 34.71
traj-15:
34.98 34.10 32.66 30.68 29.78 28.46 28.38 27.98 27.58 27.25 26.94 26.70 26.42 25.86 24.10 23.38 21.59 20.27 18.62 16.91 15.49 13.94 12.65 11.47  9.83  8.63
18.91 18.89 18.88 18.87 18.89 17.98 16.17 14.66 13.08 11.38  9.78  8.51  6.83  5.80  5.14  5.12  5.04  5.09  5.15  5.32  5.65  6.64  8.11  8.84  9.75 10.32
traj-16:
37.93 37.63 35.87 34.45 33.02 31.56 29.65 27.96 27.28 27.11 26.49 26.30 25.25 23.56 21.77 20.68 19.05 17.77 17.06 16.13
18.88 18.87 18.87 18.86 18.88 18.87 18.93 19.43 20.99 21.36 22.88 23.45 24.23 24.17 24.11 24.16 23.01 21.71 20.25 18.82
traj-17:
34.16 32.71 31.12 29.15 27.92 27.60 27.33 27.25 26.99 26.99 27.13 26.62 25.92 25.03 24.74 23.17 22.02 20.81 19.14 17.24 16.16 14.48 14.19
17.60 17.63 17.89 18.06 19.37 20.66 21.66 23.58 24.76 26.59 27.70 29.59 30.09 30.83 30.91 31.90 32.83 34.10 34.50 35.11 35.44 35.89 35.98
traj-18:
34.21 32.76 31.88 30.75 29.15 28.02 26.88 26.75 27.12 27.07 27.00 26.59 26.45 25.36 23.59 22.13 21.00 19.08 18.22 17.08 15.12 14.62 13.98 13.17 12.82 11.85 10.43  9.07  7.25  6.08
18.93 18.94 18.96 18.96 17.85 16.46 15.24 14.25 12.32 12.03 10.16  8.27  6.74  5.56  5.38  5.15  4.88  5.31  5.29  5.22  5.38  5.69  6.64  7.86  8.49  8.89  9.22  9.54  9.23  8.88
traj-19:
34.23 33.35 32.00 30.23 29.66 28.17 27.24 26.33 25.06 23.56 22.67 21.17 19.35 18.28 16.55 15.46 14.18 12.90 11.52 10.26  8.71  7.38
18.62 18.70 18.89 18.89 18.83 19.79 21.23 22.84 24.06 24.07 24.07 24.08 24.10 24.12 23.39 22.91 22.30 21.63 20.87 20.33 19.62 19.08
traj-20:
36.26 35.09 33.38 32.41 30.66 29.08 28.18 28.13 28.11 28.38 28.42 28.32 28.19 27.83 26.38 24.93 24.34
17.38 17.34 17.52 17.54 18.16 18.86 20.54 22.51 24.39 26.15 26.44 28.21 28.80 30.51 31.89 31.99 31.87
traj-21:
35.30 34.07 32.16 31.86 30.03 28.52 27.62 26.65 26.20 26.20 26.20 26.14 26.20 26.23 24.67 23.01 21.06 19.13 17.71 16.15 14.99 13.79 13.33
17.57 17.68 17.91 17.83 17.28 17.01 15.54 14.22 12.63 11.17 10.13  8.60  6.82  6.11  4.95  5.04  5.07  5.13  5.17  5.53  5.79  6.95  8.04
traj-22:
33.65 32.79 31.03 29.32 28.69 27.69 27.01 26.66 26.00 26.05 25.04 23.29 21.81 20.53 19.73 19.06 18.75 18.60 18.15
17.92 17.80 17.56 17.57 18.03 19.52 20.96 22.01 23.74 24.03 24.98 24.65 24.43 24.25 23.84 22.27 20.88 20.13 18.55
traj-23:
37.29 36.41 34.54 33.83 31.92 30.61 29.50 28.43 28.33 27.34 27.06 26.25 26.77 27.50 27.63 27.64 27.76 27.83
17.47 17.44 17.37 17.32 17.25 17.19 17.12 18.71 18.99 20.59 21.12 22.75 24.20 25.96 27.61 29.58 30.74 32.10
traj-24:
36.10 34.24 33.16 31.61 29.73 28.60 28.53 28.33 28.31 28.29 28.20 27.42 26.04 25.34 24.33 22.71 22.14 20.43 18.74 17.14 15.39 14.53 13.16 12.92 12.95 11.47
17.99 17.64 17.51 17.19 17.02 16.08 14.90 13.15 11.99 10.87  9.25  7.65  6.24  5.47  5.09  5.08  5.08  5.16  5.14  5.10  5.44  5.63  6.76  8.24  9.13 10.26
traj-25:
34.41 33.00 31.27 29.30 27.93 27.41 27.15 26.67 26.70 25.00 24.12 22.35 20.59 18.86 17.27 15.91 14.92 13.83 12.57 11.40  9.87  8.62  7.55  5.73
18.80 18.83 18.87 18.98 19.99 21.08 21.23 22.95 23.45 24.45 24.37 24.18 24.38 24.29 23.75 23.58 23.32 22.74 21.75 20.87 19.98 19.65 19.27 18.51
traj-26:
34.72 33.02 31.28 29.39 28.23 28.11 27.66 27.02 26.77 26.76 26.72 25.62 24.69 22.98 21.07 19.17
18.88 18.91 18.94 18.98 20.18 21.90 23.81 24.73 26.65 28.35 29.55 30.92 31.38 32.03 32.52 33.06
traj-27:
37.19 36.66 34.96 33.27 32.10 30.34 28.79 27.95 27.81 27.66 27.60 27.57 27.42 26.85 26.49 25.71 24.59 22.72 21.01 20.13 18.52 16.66 14.96 13.69 12.30 11.07  9.30  7.34  7.05  5.31
18.38 18.42 18.65 18.86 18.87 18.63 18.39 16.59 14.94 13.36 11.78 11.18  9.21  7.55  6.95  5.74  5.24  5.09  4.99  5.01  5.00  5.15  5.67  7.02  8.43  9.12  9.64 10.06 10.01  9.55
traj-28:
34.07 32.63 30.99 30.11 28.36 27.26 27.02 27.04 26.17 25.04 23.32 22.15 20.39 19.53 18.74 17.10 16.10 14.94 14.01
17.97 17.88 17.72 17.68 17.64 18.91 19.81 21.55 23.16 24.23 24.34 24.25 24.04 23.44 21.91 21.03 20.45 19.65 19.05
traj-29:
38.01 36.84 34.90 33.16 32.00 30.83 29.44 28.41 28.18 27.55 27.54 27.56 27.49 27.51 27.57 26.99 25.63 23.93 21.97 20.15 18.71 17.42 15.84 14.80
18.33 18.51 18.89 18.90 18.87 18.86 18.93 20.48 21.03 22.63 24.42 25.31 27.07 28.77 30.49 31.29 31.59 30.93 31.14 31.52 31.70 32.12 32.68 32.90
traj-30:
36.05 35.75 33.76 32.25 30.25 28.50 27.89 27.36 27.08 27.09 27.22 26.64 25.31 23.94 21.97 21.18 19.60 17.84 16.65 14.92 14.36 12.53 11.74 10.37  9.39  7.94
17.48 17.49 17.60 17.50 17.46 17.01 15.68 13.77 12.00 10.66  8.96  7.34  5.85  4.98  5.01  5.01  5.16  5.39  5.49  5.74  5.83  6.56  6.93  7.40  7.74  8.23
traj-31:
38.98 37.81 36.92 35.73 33.94 32.22 31.64 29.93 28.35 28.04 27.13 26.73 25.21 24.92 23.17 21.44 19.94 18.03 17.22 15.57 13.93 13.08 11.87 10.87
19.00 18.96 18.95 18.93 18.91 18.88 18.86 18.87 19.86 20.65 22.41 23.16 24.33 24.26 24.05 24.12 24.10 24.07 24.08 24.06 23.62 23.51 22.97 22.00
traj-32:
34.45 32.49 30.55 28.79 28.50 27.72 27.57 27.77 27.91 28.12 28.05 28.10 28.38 27.07 25.18 24.13 22.77 20.95 19.04
18.54 18.72 18.86 19.74 20.26 22.00 22.47 24.44 25.80 26.34 28.27 28.57 30.33 31.28 31.71 32.40 33.45 34.19 34.44
traj-33:
36.28 34.80 33.71 32.08 30.45 28.82 28.50 27.49 27.44 27.37 27.28 27.26 26.84 26.53 25.51 24.42 22.73 21.33 19.37 17.63 16.48 14.71 13.52 13.31 11.98 11.25  9.35  8.50  6.58  5.19
17.89 17.60 17.43 17.15 17.19 16.30 14.64 13.16 12.27 11.10  9.34  8.74  7.06  6.84  5.12  5.03  5.05  5.00  5.07  5.29  5.43  5.65  7.24  7.78  8.91  9.07  9.68  9.97 10.24  9.87
traj-34:
34.18 32.44 30.88 29.05 28.75 27.29 26.41 26.40 26.28 24.54 23.94 22.23 21.38 19.92 18.52 17.18 15.51 14.85 14.21 13.70
17.60 17.76 17.82 18.25 18.32 19.67 20.45 22.38 23.67 24.52 24.44 24.30 24.20 24.10 24.21 24.26 23.48 22.32 20.86 19.69
traj-35:
38.61 37.58 36.07 34.91 33.80 32.23 31.19 30.06 28.77 27.38 27.14 26.93 26.63 26.59 26.55 26.79 26.45 27.19 28.55 29.11 29.84 31.41 32.00
17.38 17.57 17.74 17.72 17.68 17.62 17.71 17.87 18.41 19.62 20.67 22.23 23.93 24.23 26.15 28.00 29.96 31.73 33.01 33.70 34.65 35.42 35.48
traj-36:
34.23 33.94 32.17 30.99 29.86 28.30 27.26 26.28 26.13 26.27 26.26 26.19 26.06 25.18 23.89 22.50 20.74 19.35 18.22 16.30 14.83 14.24 12.98 11.97 10.63  9.03  8.15  6.92
18.67 18.76 18.85 18.83 18.80 17.68 16.27 14.76 13.19 11.83 10.07  8.51  6.93  5.24  5.15  5.10  5.03  5.07  5.17  5.36  5.61  5.71  7.21  8.38  8.45  8.10  6.88  5.54
traj-37:
34.91 33.15 31.53 32.26 31.23 29.46 28.55 28.08 27.23 26.32 26.22 26.07 25.75 25.15 23.37 22.20 21.31 19.56 17.74 16.48 15.05 13.65 12.15 11.55  9.96
18.96 18.77 18.61 18.10 17.63 17.35 17.21 17.77 19.11 20.66 21.66 23.23 24.84 24.78 24.61 24.54 24.48 24.34 23.71 23.19 22.07 20.87 19.69 19.22 18.01
traj-38:
37.39 36.53 34.77 33.29 31.38 30.10 28.96 28.57 28.15 27.90 27.19 27.12 26.52 26.61 26.64 26.38 26.31 25.50 25.13 24.97 25.23
17.79 17.71 17.57 17.43 17.33 17.36 18.53 20.15 21.53 22.36 24.12 24.41 26.18 27.82 28.41 30.15 30.44 32.23 34.16 34.91 35.07
traj-39:
36.54 36.01 34.23 33.04 31.34 29.88 28.34 26.67 26.27 26.26 26.68 26.84 27.09 26.79 26.68 26.31 25.05 23.64 21.64 19.88 18.18 16.73 14.99 13.63 13.11 12.56
18.80 18.88 18.93 18.94 18.92 18.90 17.80 17.12 16.49 15.90 14.01 12.88 11.44  9.56  8.46  6.51  5.03  5.03  5.11  5.13  5.39  5.61  5.81  6.98  8.04  9.08
traj-40:
34.85 33.46 31.51 29.80 28.53 28.39 27.14 26.08 25.17 23.72 21.80 20.34 18.69 18.40 16.71 16.32 14.83 13.85 12.35 11.14  9.50  9.24
18.86 18.87 18.79 18.89 20.33 20.59 21.88 23.36 24.19 24.27 24.27 24.27 23.57 23.50 22.69 22.28 21.52 20.91 19.92 19.20 18.19 18.04
traj-41:
33.85 33.20 31.25 29.43 28.31 27.24 27.17 26.61 26.44 26.32 26.35 26.33 26.34 25.78 24.97
17.28 17.40 17.68 17.61 17.62 18.72 19.40 20.73 22.61 24.43 25.55 26.82 28.57 30.17 31.34
traj-42:
36.99 35.68 33.95 33.39 31.67 29.93 28.50 27.70 26.97 26.33 26.21 26.09 26.07 26.09 26.12 26.20 24.57 22.74 20.76 18.79 16.89 16.31 14.65 12.94 11.05  9.50  8.40  6.61
18.12 18.42 18.70 18.75 18.94 18.82 17.95 16.58 15.51 13.83 13.11 11.65  9.91  8.51  6.63  5.81  5.17  5.01  4.95  4.94  5.11  5.27  5.65  5.89  6.03  6.54  6.91  7.45
traj-43:
33.63 31.94 30.09 28.33 27.58 27.05 26.39 24.83 23.33 21.88 20.40 19.07 17.16 15.93 13.97 12.70 11.81 10.45 10.17
18.34 18.07 18.02 18.67 20.24 21.53 23.28 24.05 24.07 24.05 24.03 24.01 24.09 23.70 23.69 22.23 20.57 19.25 19.15
traj-44:
35.59 34.15 32.80 30.91 29.76 29.57 27.99 27.57 27.11 26.94 26.73 26.42 26.17 24.33 22.68 21.20
18.72 18.89 18.93 18.97 18.97 19.19 20.40 22.31 23.99 24.98 26.43 27.76 29.65 30.12 30.39 30.71
traj-45:
38.52 36.93 35.45 34.86 32.88 32.58 30.79 28.92 28.15 27.89 27.62 27.28 27.18 26.79 26.74 26.32 26.03 25.60 23.64 22.23 20.90 19.57 18.12 16.52 16.10 14.39 12.47 11.67  9.80  9.00  7.20
18.35 17.96 18.00 18.02 18.18 18.19 18.30 17.73 16.90 15.25 13.62 12.08 11.65  9.86  9.56  7.79  6.28  5.63  5.29  5.16  5.14  5.14  5.21  5.50  5.49  5.79  5.85  6.05  6.40  6.40  6.33
traj-46:
36.96 35.94 34.15 32.45 31.65 30.23 29.35 28.91 26.98 26.72 26.49 25.85 24.31 22.85 21.96 20.23 19.93 18.79 17.93 15.99 14.38 12.49 12.02 10.26  8.84
17.78 17.80 18.14 18.37 18.49 18.77 18.86 19.20 19.59 20.83 22.35 23.76 24.47 24.46 24.45 24.24 24.18 23.48 22.50 22.09 21.63 21.44 21.40 21.12 20.18
traj-47:
39.10 38.81 36.93 35.60 34.50 32.83 31.13 29.45 28.32 27.47 27.09 26.35 26.43 26.95 27.40 27.95 28.38 29.60 30.09
17.15 17.17 17.32 17.31 17.37 17.47 18.11 18.19 18.58 19.98 20.70 22.54 24.32 26.06 27.63 29.54 30.50 31.46 31.69
traj-48:
37.29 36.12 34.24 32.82 32.22 30.59 28.79 27.97 27.77 27.34 27.40 27.18 26.85 26.56 26.14 25.59 23.80 22.45 20.79 19.69 17.72 16.87 15.11 14.41 13.25 13.19 12.93 11.79 10.74
18.66 18.57 17.92 17.79 17.74 17.45 17.19 15.66 14.69 12.77 11.43 10.39  8.68  7.52  6.27  5.44  5.34  5.15  5.06  5.18  5.35  5.42  5.61  5.78  7.25  8.53  9.89 10.34 10.76
traj-49:
36.96 36.12 34.16 33.07 31.63 29.86 28.29 28.07 27.78 26.99 25.72 24.04 23.45 21.99 20.24 18.65 18.20 16.43 15.11 13.61 11.81
18.21 18.31 18.57 18.70 18.83 18.98 19.76 20.25 22.03 23.74 24.84 24.31 24.27 24.23 24.18 23.40 23.17 22.93 22.52 22.05 21.49
traj-50:
35.36 34.53 33.35 32.45 30.67 30.37 28.64 26.95 26.99 27.21 26.58 26.42 26.19 26.13 26.30 26.52 26.76 26.80 27.00
18.79 18.82 18.85 18.88 18.90 18.90 18.85 19.14 21.13 22.45 24.05 24.62 25.60 27.36 29.32 30.45 32.40 32.70 34.41
traj-51:
35.67 34.65 32.90 31.01 29.37 29.08 27.25 26.62 26.29 26.44 26.68 27.04 27.17 27.14 26.38 25.56 23.66 21.81 21.01 19.53 18.33 16.54 15.36 13.61 12.77 11.05 10.46  9.02  8.01
17.66 17.51 17.56 17.47 18.27 18.35 18.70 16.94 15.22 14.34 12.36 10.63  9.52  8.16  6.49  5.64  5.20  5.09  5.05  4.98  5.00  4.98  4.97  4.95  4.86  4.70  4.62  4.44  4.28
traj-52:
35.52 34.39 32.62 31.44 29.68 28.59 28.47 28.35 27.94 26.77 24.81 23.07 21.33 20.16 19.28 17.59 16.44 15.08 14.27 12.57 10.83  9.01  7.88  6.69
18.94 18.93 18.90 18.87 18.87 20.32 21.47 22.88 23.95 24.44 24.75 24.70 24.46 24.22 24.07 23.70 22.64 21.19 20.57 20.48 20.01 19.46 19.30 19.04
traj-53:
36.99 35.41 34.30 32.90 31.00 29.23 27.75 27.76 27.37 27.22 27.61 27.51 27.33 25.61 23.90 22.31 21.02 19.27 18.51 17.70 17.14 15.69 14.90
17.50 17.89 18.20 18.58 18.87 18.86 20.03 21.80 23.70 25.38 27.31 29.07 30.54 31.07 30.40 30.38 30.29 31.11 32.21 33.55 34.05 35.36 35.75
traj-54:
34.07 32.60 31.17 29.71 28.90 28.78 27.38 27.11 26.45 26.73 26.84 27.06 27.62 27.57 27.42 27.24 26.84 26.22 26.15 25.72 24.57 23.51 21.71 20.56 18.81 16.91 15.01 14.08 12.09 11.51  9.94  8.09
18.82 18.91 18.91 18.97 20.50 21.31 22.72 22.19 20.54 19.26 17.88 16.33 14.99 13.03 11.06  9.97  8.64  6.80  6.51  5.74  5.19  5.10  4.95  4.94  4.98  5.02  4.99  5.06  5.21  5.32  5.62  5.61
traj-55:
35.46 34.17 32.78 32.03 30.28 29.98 28.66 27.99 27.37 26.44 26.09 25.79 24.03 23.16 22.87 21.99 20.24 19.51 18.34 16.87 16.00 14.23 13.53
17.30 18.13 18.55 18.77 18.98 18.98 20.46 22.06 23.22 24.75 24.92 24.92 24.72 24.53 24.48 24.31 24.05 23.61 23.18 23.00 22.29 21.37 20.93
traj-56:
35.01 33.85 32.08 30.30 29.44 29.29 27.84 27.18 26.42 26.03 26.10 26.17 26.10 26.06 25.86 25.83 25.69 25.67
18.85 18.91 18.88 18.89 18.87 19.13 20.25 21.47 23.07 23.77 24.19 26.00 27.64 29.00 30.61 31.23 33.10 34.52
traj-57:
35.57 34.45 32.99 31.53 30.03 29.18 27.62 26.76 26.44 26.16 26.16 26.10 26.11 26.27 26.29 25.69 24.10 22.51 20.83 19.29 17.44 16.40 14.73 14.17 12.48 11.96 10.52
18.49 18.79 18.85 18.92 18.95 18.97 19.58 18.31 17.29 15.47 13.54 11.79 10.28  8.55  6.78  5.59  4.96  4.92  4.92  4.93  5.15  5.35  5.75  5.95  6.57  6.81  7.22
traj-58:
34.79 33.61 31.63 29.89 28.33 27.59 27.04 26.15 24.91 23.19 21.72 19.96 18.04 16.81 15.28 14.26 13.02
18.87 18.86 18.88 18.86 19.84 21.49 22.43 23.69 24.08 24.05 24.04 24.08 24.15 24.26 23.23 22.37 21.41
traj-59:
35.98 34.72 33.26 31.83 30.49 29.17 28.24 28.11 27.61 27.17 26.56 26.46 26.51 26.01 25.09 23.43 23.09 23.08 23.26
17.93 17.47 18.03 18.34 18.63 18.92 19.86 20.93 22.80 23.94 25.72 26.58 28.06 29.68 30.32 31.26 32.40 34.19 34.72
traj-60:
37.31 36.48 35.29 33.57 33.03 31.06 29.35 27.76 27.00 27.14 27.37 27.73 27.83 27.62 27.48 27.38 26.22 24.25 23.19 21.68 20.89 19.00 17.67 16.24 14.76 13.57 12.19 10.42  8.79  7.67
17.74 17.67 17.72 17.64 17.61 17.52 17.42 16.46 14.86 14.11 12.75 11.11  9.48  8.51  7.25  5.45  4.90  4.93  5.00  4.95  4.95  5.12  5.31  5.60  5.81  5.88  6.26  6.43  5.68  4.77
traj-61:
35.89 34.03 32.62 31.52 30.07 28.72 28.21 27.04 26.61 25.04 24.49 23.92 22.21 20.49 18.81 17.02 16.44 14.88 13.07 11.39  9.48  8.12  6.58
18.37 18.61 18.76 18.85 18.96 19.65 20.90 22.46 22.88 24.00 24.25 24.36 24.45 24.28 23.81 23.84 23.63 23.15 22.74 22.47 22.19 22.10 21.99
traj-62:
37.08 35.46 34.03 32.04 30.47 29.65 28.38 27.74 27.01 26.95 27.36 27.24 27.82 28.15 29.70 31.02
17.67 17.87 17.81 17.92 18.60 18.94 20.26 21.87 23.51 24.50 26.44 27.02 28.67 29.15 30.08 30.93
traj-63:
38.91 37.77 36.64 34.85 33.82 32.14 30.36 28.66 27.10 26.73 26.74 26.71 26.56 26.53 26.43 26.32 26.21 25.80 24.07 22.49 21.80 19.99 18.46 16.71 14.75 13.24 12.14 10.70
18.70 18.70 18.72 18.78 18.78 18.83 18.84 18.61 17.57 16.13 15.02 13.86 12.53 10.94  9.78  8.03  6.53  5.75  5.07  4.95  4.89  5.00  5.11  5.35  5.48  5.63  5.77  5.91
traj-64:
35.71 34.86 32.95 31.34 30.44 29.92 28.17 27.73 27.21 26.55 25.20 24.36 23.79 21.95 20.21 18.30 17.31 15.71 14.09
17.46 17.52 17.74 18.00 18.17 18.39 18.72 20.08 21.95 23.73 24.77 24.44 24.31 24.22 24.19 24.03 24.08 22.97 22.16
traj-65:
35.41 34.56 32.56 31.37 29.66 28.12 27.48 27.17 27.07 26.84 26.44 26.20 25.65 25.42 24.16 23.03 21.84 20.88
18.29 18.26 18.14 18.25 18.63 19.51 20.66 22.56 23.47 25.18 26.91 28.41 30.01 30.30 30.89 31.29 32.13 32.88
traj-66:
35.71 34.31 32.59 30.77 30.55 28.82 27.71 27.40 27.32 27.09 26.97 26.77 26.39 25.06 23.67 22.84 21.17 20.58 18.86 17.25 16.02 14.18 13.26 11.35  9.59  8.98
18.80 17.95 17.77 17.36 17.45 16.46 15.15 13.60 12.98 11.13 10.67  8.88  7.10  5.86  4.93  4.90  4.92  4.95  4.81  4.74  4.75  4.68  4.65  4.91  5.03  4.89
traj-67:
38.64 37.56 35.61 34.28 32.47 31.18 30.02 28.31 27.29 27.21 26.70 26.25 24.51 23.34 22.46 21.02 20.73 18.97 17.34 16.10 15.07 14.03 12.69
17.82 17.76 17.70 17.70 17.69 17.73 17.81 17.67 19.35 20.48 22.22 23.80 24.65 24.47 24.32 24.10 24.03 23.29 22.53 21.85 21.46 21.10 20.07
traj-68:
38.74 37.40 35.90 33.98 33.12 31.33 29.63 27.98 27.82 27.36 26.99 26.95 26.66 26.42 25.58 24.54 23.00 21.49 19.78
17.37 17.65 18.34 18.69 18.87 18.99 18.96 19.98 21.62 23.14 24.95 25.25 26.81 28.28 30.05 30.32 30.21 30.28 30.16
traj-69:
35.17 33.45 31.45 29.71 28.78 28.63 28.43 27.12 27.03 27.06 27.09 27.05 26.98 27.02 27.13 26.95 26.65 26.38 26.19 25.56 23.63 21.94 20.90 19.17 17.36 15.79 13.89 13.11
18.91 18.88 18.94 18.99 20.17 21.30 23.17 24.54 22.91 21.10 19.48 17.53 15.77 14.04 12.26 10.52  9.52  8.37  6.66  5.42  4.93  4.94  4.99  4.96  4.99  4.97  4.69  4.65
traj-70:
38.73 36.89 35.67 34.13 32.95 31.05 29.92 28.12 26.59 26.56 26.72 26.70 26.31 25.37 23.40 22.52 21.93 20.47 18.49 17.36 15.95 14.84 13.13 12.83 12.24 13.46 14.57 15.94
17.85 17.75 17.64 17.52 17.59 17.55 17.64 17.90 18.63 19.93 21.31 22.05 23.86 24.80 24.62 24.45 24.34 24.11 24.35 24.46 24.58 24.79 24.83 24.77 24.53 23.70 22.06 21.29
traj-71:
34.55 33.65 32.28 31.43 29.66 28.45 27.57 27.00 26.54 26.45 26.71 26.59 26.49 25.49 24.40 24.37 24.04 24.86
18.87 18.94 19.00 18.99 18.84 19.63 20.90 22.37 23.31 25.20 26.64 28.60 30.06 31.34 32.77 33.63 34.93 35.23
traj-72:
36.50 34.85 33.30 31.57 30.20 28.65 28.57 28.61 28.55 27.43 27.25 26.60 26.04 25.62 23.77 21.90 20.51 19.13 17.68 16.27 15.40 13.94 12.19 10.19  8.28  7.70
17.39 17.24 17.32 17.16 17.07 16.03 15.44 14.02 12.92 11.37  9.42  7.74  6.11  5.38  5.11  5.02  5.02  5.01  5.05  5.10  5.16  5.26  5.44  5.38  5.01  4.87
traj-73:
36.31 36.01 34.12 33.08 31.64 29.93 29.69 28.04 27.32 26.51 26.15 26.05 24.05 23.19 21.85 20.70 19.32 17.76 16.57 15.36 14.05 12.17 11.28
17.83 17.82 17.72 17.93 18.18 18.79 18.79 19.75 20.68 21.25 22.87 24.57 24.51 24.34 24.15 24.12 24.04 23.64 23.54 23.20 22.93 23.11 22.95
traj-74:
38.79 36.94 35.05 34.47 32.54 31.09 30.52 28.63 27.53 27.30 26.99 27.13 27.15 27.09 27.15 26.41 25.01 24.15 22.24 20.39 19.79
17.96 18.06 18.48 18.60 18.79 18.67 18.63 18.92 20.49 21.04 22.97 24.26 25.62 27.55 29.03 30.81 31.13 31.01 30.70 30.70 30.68
traj-75:
37.43 36.45 34.57 33.12 31.66 30.52 29.64 29.99 29.75 29.07 28.46 28.23 27.59 26.90 26.67 26.91 26.45 25.25 24.71 22.84 21.72 20.35 18.92 17.56 15.74 14.91 13.30 12.39 11.16
18.62 18.75 18.86 18.84 18.82 18.82 18.67 18.18 17.99 17.10 15.41 14.24 12.46 10.73 10.06  8.27  6.43  5.47  5.31  5.01  5.05  5.10  5.10  5.14  5.53  5.63  6.70  7.62  8.34
traj-76:
34.48 33.93 32.18 31.64 29.67 28.06 27.40 26.88 25.69 23.76 21.85 21.71 19.72 18.28 16.61 15.77 14.74 13.43 12.42
18.74 18.74 18.86 18.87 18.87 19.68 21.39 23.02 24.02 24.35 24.58 24.57 24.43 24.15 23.36 22.62 21.58 20.17 19.26
traj-77:
33.89 32.70 31.23 29.42 28.73 28.36 28.31 28.35 28.46 28.52 28.61 29.23 30.27 31.25 32.08
17.09 17.30 18.01 18.45 18.82 20.29 22.08 23.84 25.60 27.32 28.78 30.14 31.08 31.97 32.89
traj-78:
36.81 35.22 34.04 32.55 30.75 29.86 28.67 28.06 27.64 27.72 27.85 27.57 26.98 26.81 26.37 25.17 23.54 21.67 19.99 18.87 17.11 16.51 15.10 13.61 12.99 11.17  9.44  8.96  7.43
18.14 18.05 18.02 17.96 17.95 17.97 17.66 16.59 15.38 14.27 13.26 11.39  9.87  8.25  6.36  4.79  4.90  4.99  5.04  5.07  5.29  5.35  5.53  6.59  7.24  7.65  8.07  8.16  8.49
traj-79:
35.05 33.90 32.26 30.52 29.66 27.95 27.87 27.81 26.81 25.32 23.85 22.36 20.60 19.62 18.49 16.67 16.37 14.45 14.08 12.39 11.98 10.50  9.70
18.12 18.37 18.74 18.96 19.00 19.93 21.66 22.21 23.80 24.76 24.58 24.59 24.45 24.28 23.97 23.78 23.80 23.71 23.65 22.87 22.56 21.84 20.97
traj-80:
38.40 38.11 36.35 35.79 33.81 32.04 30.26 29.14 27.28 27.00 26.35 26.62 26.77 26.76 26.67 26.59 25.85 25.27 23.58 22.98 21.32 19.59 18.22 16.96
18.74 18.79 18.87 18.91 18.99 18.95 18.89 18.86 19.56 19.67 21.32 22.86 24.70 25.00 26.84 28.31 30.04 30.88 31.53 31.49 31.83 32.30 32.68 32.90
traj-81:
33.97 32.28 30.80 29.08 28.55 27.95 27.45 26.85 26.90 27.11 27.25 27.40 26.56 26.03 25.11 23.23 21.76 20.43 18.65 17.24 16.15 14.57 13.18 11.39 10.43  9.46  8.68  7.22  6.41
18.85 18.84 18.86 17.93 17.55 16.43 15.12 13.80 12.16 10.48  9.59  8.33  6.84  6.31  5.20  5.16  5.13  5.06  5.10  5.13  5.16  5.41  5.88  6.47  6.88  7.58  7.97  8.52  8.89
traj-82:
37.03 35.14 33.45 31.69 29.93 28.47 28.28 27.45 27.18 26.15 24.51 23.04 21.29 19.82 18.21 16.55 14.65 13.71 11.79 10.04  8.60
18.34 18.57 18.83 18.94 18.93 19.72 20.29 21.92 22.05 23.58 24.31 24.23 24.19 24.18 24.11 24.01 23.67 23.33 23.09 22.99 22.93
traj-83:
34.72 33.05 31.90 30.40 28.69 28.61 28.55 28.51 28.67 28.61 28.56 28.97 29.34 29.52 30.31 30.50 31.76 32.05
18.80 18.86 18.93 19.00 19.94 21.23 23.08 24.86 26.34 28.08 28.47 30.19 31.67 32.47 33.92 34.46 35.32 35.36
traj-84:
37.73 36.13 35.29 34.11 32.35 31.18 30.28 28.58 28.17 26.32 26.33 26.30 26.33 26.37 26.48 26.55 26.75 26.42 25.69 24.07 22.77 21.25 19.60 18.48 16.83 15.64 14.21 12.44 10.61  9.06  7.37
18.52 18.77 18.86 18.87 18.86 18.80 18.74 17.94 17.34 16.66 16.69 15.73 14.58 13.05 11.20 10.62  8.75  7.00  5.62  5.00  4.95  5.07  5.21  5.27  5.51  5.69  5.97  6.44  6.90  7.22  7.69
traj-85:
33.96 32.32 30.58 29.99 28.49 27.86 27.09 26.66 25.41 23.65 22.30 20.36 18.65 17.37 15.76 15.16 13.55
18.50 18.72 18.87 18.97 19.90 20.87 22.44 23.70 24.87 24.62 24.32 24.51 24.23 23.31 22.22 21.83 20.74
traj-86:
38.14 36.33 34.43 32.69 30.93 29.18 28.77 27.92 27.81 28.05 27.34 26.32 26.19 26.17 27.29 28.56 29.08 30.18 31.59
17.68 17.62 17.48 17.48 17.46 18.18 18.84 20.53 20.76 22.45 24.14 25.84 27.54 29.41 30.80 32.18 32.48 33.88 35.22
traj-87:
38.77 37.09 35.36 35.06 33.07 31.31 30.72 28.79 28.59 27.68 27.21 26.77 26.63 26.63 27.29 26.21 24.59 23.41 21.77 20.13 18.41 16.95 15.06 13.58 11.78 10.59  9.57  8.24  8.09
18.88 18.90 18.89 18.88 18.89 18.85 18.80 18.71 17.54 15.83 14.03 12.25 10.78 10.02  8.17  6.65  5.94  5.79  4.98  4.89  4.81  4.72  4.68  4.68  5.14  6.52  7.37  8.72  8.85
traj-88:
36.28 34.96 33.42 31.44 29.72 27.86 27.59 27.38 26.63 26.48 25.03 24.43 22.70 22.11 20.37 18.68 17.01 15.77 14.03 12.33 11.73 10.11  8.50  7.73  5.83  5.76
18.04 18.55 18.72 18.92 18.93 19.60 19.72 20.12 21.74 23.23 24.52 24.45 24.30 24.25 24.16 23.69 22.83 22.34 21.85 21.83 22.02 22.12 21.49 21.24 20.77 20.75
traj-89:
37.40 37.10 35.12 33.70 32.24 30.82 29.96 28.66 28.23 27.53 27.10 26.88 27.01 26.63 26.46 26.42 25.47 24.41 23.08 21.38 19.83 18.46
18.83 18.86 18.82 18.82 18.90 18.98 18.98 19.79 20.82 22.18 22.84 24.61 25.90 27.70 29.46 30.06 31.80 32.53 32.44 32.60 32.78 33.08
traj-90:
34.82 33.95 32.36 30.79 28.95 27.69 27.72 27.34 26.88 26.54 26.34 26.04 25.05 24.45 22.70 20.93 19.19 18.00 16.55 15.37 14.53 12.86 12.13 10.40  9.32  9.12 10.65
17.13 17.13 17.19 17.27 17.48 16.00 15.04 13.31 11.42 10.16  8.99  7.63  5.93  5.93  5.85  5.83  5.88  5.87  5.87  5.86  5.85  6.66  6.96  7.69  9.37  9.83 10.94
traj-91:
37.93 36.26 34.84 33.17 31.46 30.00 28.37 27.98 27.46 26.69 25.24 24.37 22.63 20.84 19.80 18.17 16.46 14.64 12.75 11.40 11.17
18.57 18.67 18.75 18.80 18.87 18.87 19.80 21.01 22.25 23.80 24.04 24.19 24.26 24.18 24.14 23.13 22.61 22.07 21.61 20.47 20.27
traj-92:
34.13 32.86 31.50 29.78 28.62 27.29 27.39 27.58 27.49 27.29 26.85 26.69 26.82 25.88 24.60 24.23 23.43 23.10 23.31
17.02 17.10 17.37 17.61 18.43 19.77 21.03 22.70 23.96 24.43 25.95 27.62 29.08 30.25 31.78 32.25 34.00 34.82 35.03
traj-93:
33.73 31.76 30.31 28.69 27.76 27.18 26.93 26.89 26.84 27.20 27.05 26.88 25.28 23.60 22.51 21.52 20.10 18.73 17.32 16.45 14.52 13.28 11.84 10.45
18.05 18.24 18.26 17.95 16.24 14.80 12.92 12.36 10.43  8.58  7.13  5.95  4.97  4.87  4.94  4.96  5.02  5.04  5.13  5.17  5.49  6.36  7.73  8.96
traj-94:
36.80 34.84 33.29 32.04 30.23 29.93 29.08 28.20 27.21 27.30 27.39 27.40 26.96 26.36 25.34 23.43 21.69 19.93 19.27 18.88 17.95 16.89
17.59 17.47 17.31 17.37 17.52 17.47 17.48 19.17 20.15 21.71 23.57 23.87 25.69 25.74 24.41 24.15 24.18 24.00 23.38 22.49 21.05 19.80
traj-95:
35.80 35.01 33.24 31.46 29.72 28.21 27.89 27.51 27.28 26.79 26.61 26.53 26.40 24.76 23.15 21.37 19.79
18.33 17.86 17.90 17.91 17.83 19.01 20.24 21.93 22.79 24.64 26.11 27.93 29.68 30.28 30.48 30.68 30.74
traj-96:
37.34 35.38 34.82 33.10 32.81 31.04 29.57 28.71 28.48 27.77 27.23 26.98 26.99 26.64 26.32 26.31 26.48 25.21 23.97 22.60 21.65 19.72 17.90 16.13 14.96 13.47 11.91
18.19 18.58 18.71 18.86 18.88 18.89 18.86 18.85 18.29 16.54 15.83 13.97 13.56 11.99 10.07  8.16  6.52  5.28  5.08  4.99  5.04  5.07  5.23  5.47  5.69  5.98  6.80
traj-97:
37.50 36.97 35.38 33.42 32.23 31.04 29.34 28.47 27.55 27.39 26.40 26.03 24.59 23.15 21.42 20.24 18.37 17.83 16.36 15.86
18.35 18.38 18.61 18.78 18.88 18.92 18.98 19.41 21.13 21.66 23.16 23.57 24.25 24.14 24.03 24.11 24.02 23.78 23.13 22.82
traj-98:
36.62 35.43 33.49 31.77 30.63 29.49 28.51 28.34 28.26 28.25 27.33 26.26 26.12 25.33 23.88 22.11 20.99 19.45 18.17 17.11 15.67 14.50
18.29 18.41 18.70 18.80 18.87 18.94 20.38 22.33 24.04 24.34 26.04 27.56 29.03 30.08 31.02 31.71 31.51 31.88 31.96 32.12 31.92 31.83
traj-99:
35.66 33.88 32.55 31.49 29.62 28.47 27.15 27.44 27.16 26.97 26.78 26.59 26.42 26.18 24.55 22.57 21.50 19.76 18.13 16.37 15.26 14.12 12.85
17.31 17.33 17.36 17.31 17.10 16.51 15.26 14.13 12.46 11.30  9.91  8.79  7.61  5.83  4.95  5.05  5.03  5.09  5.26  5.43  5.66  5.93  7.44
traj-100:
38.16 37.28 35.54 33.76 32.04 31.45 29.49 29.31 27.92 27.49 26.81 25.70 23.95 22.79 21.31 20.13 19.13 17.62 15.97 14.80 13.20 12.06
18.51 18.65 18.91 18.92 18.93 18.93 18.98 19.22 20.35 22.19 23.90 24.73 24.48 24.28 24.19 24.10 23.58 22.76 21.82 20.96 20.04 19.39
traj-101:
37.69 37.52 36.03 34.48 32.82 31.94 30.24 28.99 28.51 27.70 26.63 26.55 26.81 27.12 27.51 26.49 25.09 23.67 22.63 20.75 19.07
17.21 17.47 17.80 18.27 18.81 18.85 18.94 19.71 20.40 21.59 23.20 25.18 26.41 28.16 29.83 31.44 32.19 32.14 32.06 31.42 30.68
traj-102:
34.63 33.20 31.80 30.42 28.77 28.72 27.60 27.63 27.23 27.07 26.71 26.40 26.11 25.85 24.43 22.58 21.15 19.77 18.74 17.07 15.63 13.88 12.99 11.80 10.10
18.09 18.24 18.42 18.56 17.82 16.63 15.14 13.28 11.67 10.94  9.30  7.89  6.43  5.92  5.23  5.02  4.93  4.79  4.69  4.52  4.42  4.29  4.24  4.25  4.34
traj-103:
33.73 32.84 31.43 29.73 28.54 28.19 27.10 26.42 24.64 23.76 22.30 20.54 19.64 18.02 16.31 16.01 14.11 13.81 11.84 10.28  9.74  8.85  7.80  7.40
18.51 18.64 18.76 18.94 20.34 20.83 22.30 23.37 24.13 24.15 24.13 24.16 24.19 24.27 24.36 24.37 24.23 24.23 24.21 23.25 22.60 21.44 20.10 19.76
traj-104:
33.83 32.96 31.25 30.06 28.58 28.00 27.28 26.98 27.01 26.39 26.22 26.19 25.27 24.91 23.17 21.49 19.68 18.74 17.26 15.97 14.41
18.64 18.77 18.91 18.95 19.77 21.32 22.99 24.21 25.60 26.94 28.73 29.03 30.27 30.75 31.73 32.02 32.24 32.65 33.41 33.96 34.59
traj-105:
38.49 37.90 36.19 34.23 33.36 31.64 30.75 29.32 28.45 26.73 26.32 26.13 26.23 26.25 26.29 26.44 26.64 26.81 25.98 24.22 22.57 20.60 19.11 17.64 16.45 15.31 13.58 12.58
18.40 18.43 18.44 18.51 18.69 18.88 18.82 18.86 18.82 18.75 16.85 16.06 14.37 12.38 10.80  9.62  8.02  6.45  4.72  4.81  5.01  5.25  5.35  5.43  5.47  5.52  6.43  6.83
traj-106:
38.80 37.40 35.54 34.65 32.80 31.67 30.18 28.33 27.83 27.16 27.15 26.60 26.23 26.03 24.47 23.01 21.53 20.23 18.48 17.90 15.92 14.52 13.18 12.28
17.84 17.57 17.53 17.60 17.71 17.58 17.34 17.63 18.20 19.80 20.69 22.40 23.26 23.48 24.19 24.12 24.08 24.06 24.31 24.40 24.44 23.41 22.33 21.57
traj-107:
37.54 35.68 34.55 33.08 32.31 30.86 29.29 28.03 27.18 27.29 27.10 27.08 27.28 27.26 27.08 26.69 25.69
17.49 17.28 17.29 17.57 17.70 17.92 18.24 18.62 20.30 20.58 22.51 24.35 25.67 27.09 28.81 29.88 31.01
traj-108:
38.10 36.68 34.84 33.01 32.11 30.37 29.77 28.18 27.14 27.16 27.22 27.26 27.22 26.89 26.73 26.17 25.70 24.26 22.66 21.83 20.39 18.65 17.45 15.75 15.20 13.55 12.52 11.63 10.27
18.73 18.82 18.89 18.94 18.96 18.95 18.94 19.85 18.22 16.29 14.93 13.24 11.31  9.88  7.90  6.44  5.65  5.00  4.97  4.94  4.89  5.12  5.38  5.57  5.67  6.61  7.45  7.87  8.62
traj-109:
37.08 36.54 35.10 33.26 31.98 30.17 29.67 28.59 27.58 27.33 26.84 26.15 24.38 23.49 21.73 19.97 18.82 17.44 16.61 14.87 14.32
17.81 17.72 17.52 17.23 17.12 17.18 17.21 18.40 20.03 20.50 22.06 23.66 24.49 24.42 24.16 24.06 24.17 24.17 23.96 23.34 23.10
traj-110:
37.39 35.41 34.24 33.40 31.44 29.77 28.46 28.00 28.02 28.06 28.07 28.09 28.12 27.86 26.30 24.52 22.57 21.10
18.72 18.80 18.84 18.92 18.92 18.96 20.43 22.26 22.87 24.33 26.05 27.46 28.64 30.36 31.31 32.14 32.46 32.73
traj-111:
37.18 35.69 34.23 33.36 31.57 30.97 29.55 28.91 27.08 27.00 26.98 27.00 26.88 27.07 27.10 26.84 26.55 26.37 25.48 24.22 22.67 20.99 19.34 17.87 16.73 14.81 13.21 12.99 12.52
18.63 18.77 18.85 18.91 18.95 18.95 18.98 19.38 19.98 18.29 17.50 15.52 13.78 12.07 10.36  9.19  7.78  6.91  5.22  5.11  4.92  5.04  5.23  5.38  5.52  5.87  6.85  7.06  7.32
traj-112:
35.66 34.24 32.54 30.59 29.43 28.21 27.17 26.36 26.15 24.80 23.07 22.47 20.70 18.96 17.54 16.13 14.94 13.47 12.35 10.58  8.93  7.82  9.00 10.77 12.20
18.54 18.72 18.80 18.79 18.76 19.39 21.03 22.79 24.17 24.68 24.73 24.71 24.56 24.45 24.58 24.79 24.86 24.89 24.91 24.88 24.86 24.85 23.69 23.00 22.25
traj-113:
34.85 33.73 32.60 31.02 30.47 28.98 28.99 28.36 28.36 28.26 28.16 28.19 28.30 28.18 28.17 28.51 27.93 26.07 24.31 22.39 20.45 19.60
17.72 17.75 17.81 17.92 18.04 19.22 19.80 21.30 22.17 23.59 25.52 26.12 27.88 28.44 30.19 31.13 32.50 32.67 32.60 32.62 32.87 32.90
traj-114:
35.11 34.35 32.59 31.31 29.69 28.33 26.96 26.96 26.94 26.92 26.88 26.80 26.68 26.21 24.61 23.81 22.08 20.71 19.63 17.90 16.71 14.83 14.24 12.43 11.34 10.07  8.85  7.11  5.94
17.73 17.62 17.36 17.27 17.05 16.16 15.16 13.66 12.91 11.12  9.63  7.85  7.26  5.92  4.93  5.00  5.00  5.07  5.16  5.21  5.24  5.29  5.42  5.86  6.04  6.27  6.56  6.95  7.20
traj-115:
33.89 32.22 31.08 29.88 28.26 26.49 26.64 27.02 27.16 26.34 24.60 24.01 22.53 21.19 19.74 18.50 17.77 17.58 17.67 17.67
17.73 17.75 17.75 17.91 18.56 19.30 21.02 22.75 23.01 24.80 24.85 24.79 24.68 24.53 24.38 23.60 22.22 21.22 19.32 18.08
traj-116:
39.15 37.17 35.26 34.36 32.57 31.71 29.89 29.30 27.62 27.46 26.50 26.35 26.38 26.42 26.48 26.53 26.24 26.11 25.27 23.75 22.56 21.47 19.66 18.23 16.87 16.72
17.62 17.49 17.45 17.46 17.35 17.32 17.29 17.38 18.11 18.37 19.86 21.17 22.75 24.48 25.98 27.17 28.57 29.15 30.59 30.96 31.21 31.48 32.09 33.13 34.05 34.84
traj-117:
37.80 36.72 34.79 33.41 32.41 30.91 29.42 27.92 27.24 27.30 27.07 27.02 26.94 26.78 26.50 26.37 25.45 25.25 23.70 23.11 21.52 21.07 19.34 17.43 16.27 14.72 13.12 12.73
17.80 17.81 17.93 18.07 18.12 18.21 18.15 18.14 16.42 15.58 13.77 12.59 10.86  9.72  7.96  7.38  5.62  5.39  5.07  4.95  5.06  5.08  5.13  5.41  5.56  5.71  6.73  8.25
traj-118:
34.41 33.32 31.59 29.60 27.75 26.15 26.40 26.68 26.97 25.59 23.86 22.15 21.85 20.11 18.21 16.38 14.41 14.24 12.51 11.00 10.55  9.28  7.58
17.42 17.24 17.18 17.25 17.26 18.23 19.98 21.88 23.56 24.80 24.69 24.43 24.41 24.23 23.68 22.97 22.96 23.01 22.25 21.37 21.00 20.16 20.08
traj-119:
34.97 33.90 32.61 31.47 30.34 28.97 28.23 27.57 26.69 26.85 26.61 26.77 25.38 24.08 23.57 22.38 21.49
17.98 18.04 18.28 18.52 18.75 19.54 20.95 22.36 23.78 25.66 27.44 28.82 30.18 31.56 32.12 33.49 34.71
traj-120:
36.01 35.85 34.34 32.57 30.65 29.65 28.54 27.97 27.62 27.38 27.04 26.82 26.47 26.04 25.25 23.33 21.90 20.05 18.75 17.72 15.80 14.64 12.85 11.08  9.60  8.66  6.77  6.57
18.66 18.63 17.82 17.38 17.30 17.08 16.03 14.37 12.76 11.63 10.07  8.94  7.55  6.36  5.32  5.11  5.16  5.44  5.56  5.66  5.67  5.76  6.43  6.04  5.62  5.39  5.11  5.10
traj-121:
34.15 32.65 31.76 30.27 28.63 27.93 26.98 25.43 24.60 23.12 21.93 20.16 18.88 17.16 15.58 14.74 12.81 12.27 10.44  8.92  7.35  6.05
18.78 18.86 18.90 18.94 19.80 21.35 22.97 24.16 24.15 24.12 24.16 24.21 23.77 23.21 22.98 22.68 22.88 22.89 22.96 22.68 22.38 22.00
traj-122:
35.56 34.16 33.28 31.84 30.06 28.71 28.69 28.66 28.66 28.72 28.81 28.88 28.77 28.07 26.45 25.14 23.32 21.83 19.97 18.26 16.44 16.00 14.32 12.65 11.35  9.76  8.70
18.92 18.95 18.98 18.97 18.88 19.72 20.88 22.28 23.42 25.40 26.81 27.96 29.22 30.66 30.61 30.52 30.40 30.43 30.54 30.44 30.64 30.65 30.62 30.67 30.65 30.70 30.77
traj-123:
36.15 35.42 33.48 32.43 30.79 30.30 28.41 27.79 26.80 26.86 26.93 26.98 27.11 27.05 27.02 26.76 26.49 25.35 23.56 22.76 21.21 19.63 18.51 16.60 14.99 13.71 12.03
17.26 17.31 17.48 17.70 17.92 17.98 18.48 18.57 17.27 15.35 13.93 13.34 11.61  9.62  9.32  7.36  6.55  5.40  5.07  5.04  4.93  4.91  4.87  4.86  4.79  4.72  4.59
traj-124:
37.67 36.87 35.40 33.56 31.74 31.00 29.32 27.84 26.97 26.89 26.61 26.30 25.15 24.88 23.13 21.37 20.51 18.89 17.01 16.38 14.45 13.36 11.53 10.11  9.25  7.43  7.17
17.69 17.66 17.66 17.73 17.90 17.98 18.27 19.13 20.87 22.05 22.15 23.02 24.09 24.21 24.29 24.32 24.37 23.59 23.88 23.92 23.49 23.24 22.94 22.61 22.43 21.97 21.82
traj-125:
35.75 34.18 32.99 31.51 29.71 28.90 28.67 28.21 28.08 28.02 27.97 27.97 27.89 27.73 26.31 24.41 22.54 22.25 20.59 19.81 17.86 16.10 14.28
17.29 17.40 17.42 17.63 18.09 19.50 20.63 22.56 24.24 24.77 26.68 27.18 28.93 30.79 32.08 32.39 32.07 32.00 31.19 30.92 30.75 31.13 31.46
traj-126:
34.08 32.35 31.75 30.28 28.79 28.68 28.15 27.94 27.52 27.25 27.07 26.63 26.51 26.24 25.38 23.57 22.27 20.48 18.79 16.87 15.98 14.79 13.63 12.15 11.01  9.77
18.79 18.86 18.88 18.85 18.61 17.53 16.91 15.45 13.71 12.61 11.21  9.36  8.05  6.68  5.32  4.98  4.95  4.96  5.02  5.05  5.07  5.10  5.17  5.23  5.32  5.38
traj-127:
36.10 35.08 33.29 32.13 30.36 29.33 28.25 28.16 27.45 26.98 25.36 23.65 23.35 21.45 20.12 18.45 17.05 15.25 13.56
17.63 17.52 17.20 17.48 18.00 18.44 19.62 21.48 23.23 23.55 24.07 24.28 24.26 24.09 24.00 23.20 24.13 23.63 22.78
traj-128:
34.00 33.14 31.71 29.80 28.72 28.69 28.59 28.42 28.27 28.25 28.30 28.33 28.07 27.37 25.88 24.78 23.62
18.53 18.59 18.61 18.92 20.59 21.89 22.77 24.48 25.93 27.42 29.40 30.30 32.21 34.03 35.23 35.53 35.80
traj-129:
35.09 33.11 31.43 29.54 29.24 28.99 27.06 26.93 26.98 27.13 27.19 27.26 26.96 26.63 26.26 25.68 23.96 23.10 21.14 19.73 17.96 16.34 14.66 13.30 12.45 11.11  9.18  7.31  7.02
18.19 18.48 18.80 18.95 18.95 19.11 19.62 18.31 17.19 15.22 13.80 11.90 10.13  8.39  6.54  5.40  4.93  4.98  5.02  5.08  5.19  5.33  5.55  6.95  8.14  9.19  9.42  9.55  9.64
traj-130:
33.99 33.23 31.83 30.23 29.30 28.14 26.37 26.30 26.27 26.26 26.25 25.25 23.78 22.03 20.69 18.98 17.33 16.27 14.49 12.98 11.26 10.97
17.49 17.86 17.95 17.56 17.34 17.45 18.25 20.11 21.71 23.14 23.87 24.86 24.59 24.40 24.24 23.48 23.05 23.49 23.68 23.26 22.77 22.66
traj-131:
34.68 33.57 31.60 30.13 28.51 28.19 27.51 27.18 26.51 26.67 26.64 26.19 25.80 25.39 24.13 22.24 21.57 19.74 18.29 17.01
18.36 18.59 18.81 18.93 19.79 20.27 22.08 23.54 25.14 26.07 28.02 29.72 31.62 31.97 32.96 32.63 32.30 32.56 33.30 34.22
traj-132:
37.34 35.45 34.60 33.29 32.43 30.97 30.11 28.70 27.79 26.73 26.49 26.50 26.47 26.51 26.66 26.54 26.29 24.41 23.86 22.22 20.37 19.19 17.50 16.05 14.61 13.38 12.92 12.40 10.59  9.70  8.38  6.62
18.03 17.99 17.92 18.38 18.57 18.70 18.66 18.61 17.31 15.66 14.10 13.52 11.74  9.83  8.29  6.80  5.66  5.07  5.03  4.88  5.04  5.21  5.47  5.63  5.79  7.28  7.99  9.03  9.19  9.66 10.15 10.81
traj-133:
37.71 36.24 34.42 33.06 32.06 31.28 29.95 28.90 28.51 28.23 27.33 27.04 25.28 23.52 22.92 21.29 20.70 18.88 17.01 16.20 14.69 14.25 12.69 11.81 10.28
17.75 17.52 17.25 17.17 17.39 17.53 18.07 19.68 21.35 23.24 24.31 24.22 24.05 24.06 24.08 24.09 24.08 23.62 23.05 22.82 21.89 21.55 20.45 19.80 18.72
traj-134:
37.16 35.57 34.43 32.97 31.51 29.82 29.29 28.11 27.87 27.65 27.63 27.25 26.69 26.64 26.42 27.04 27.14 27.49 27.65
18.24 18.79 18.87 18.84 18.92 18.92 18.94 20.49 21.32 23.27 25.18 25.92 27.46 28.05 29.77 31.64 32.30 33.87 34.51
traj-135:
36.69 35.22 34.68 32.94 32.05 30.73 29.30 28.83 28.72 28.49 28.45 28.42 28.33 27.24 27.11 27.00 26.70 26.62 24.94 24.50 22.93 21.02 19.10 17.18 15.99 14.87 13.99 13.02 12.54 11.09  9.34  8.28
18.78 18.76 18.76 18.80 18.81 18.82 17.84 16.90 16.66 15.04 14.15 12.97 11.84 10.34  9.04  8.16  6.43  5.84  5.17  5.13  5.09  4.93  5.04  5.01  5.01  4.98  6.75  7.81  8.68  9.95 10.53 10.77
traj-136:
37.33 35.44 34.57 32.68 30.77 29.44 28.26 27.65 27.45 26.39 25.15 24.56 22.79 21.04 19.85 18.01 17.09 15.80 14.64 13.49 12.73
17.27 17.45 17.53 18.10 18.59 18.94 19.72 21.36 21.89 23.46 24.16 24.07 24.19 24.19 24.16 23.53 22.81 21.61 20.54 19.50 18.82
traj-137:
38.16 37.56 35.58 34.01 33.19 31.81 29.86 28.52 26.64 26.27 26.26 26.93 27.15 26.44 26.33 26.29 26.87 28.18 29.28 30.24 31.16
17.07 17.12 17.11 17.17 17.13 17.13 17.18 17.11 17.28 18.80 20.79 22.26 24.16 25.81 26.55 28.41 29.47 30.81 31.77 32.39 33.01
traj-138:
36.42 35.88 34.12 33.23 31.80 31.09 29.73 28.52 27.90 27.59 27.46 27.04 26.79 26.50 26.26 26.06 24.59 22.71 22.15 20.41 19.03 17.58 15.96 14.45 13.12 11.71 11.12  9.65
17.97 18.04 17.83 17.72 17.58 17.50 17.33 16.06 15.04 14.02 12.95 11.82 10.13  8.47  7.76  6.21  4.97  5.10  5.16  5.14  5.08  5.06  5.05  5.20  5.50  5.78  5.89  6.10
traj-139:
37.49 36.33 34.64 33.48 32.32 31.42 29.77 28.18 27.40 27.15 26.31 25.27 24.13 22.36 20.62 18.81 18.13 16.35 16.17 14.41 13.10 11.99
18.94 18.90 18.96 18.96 18.97 18.96 18.92 19.93 21.36 21.87 23.66 24.37 24.36 24.26 24.08 23.28 22.85 22.04 21.80 20.89 20.32 19.61
traj-140:
34.20 33.62 31.63 30.18 30.99 30.12 28.93 28.85 28.81 28.73 28.75 28.75 28.77 29.37 28.82 28.90 28.95 28.00 28.30
18.64 18.78 18.80 18.85 18.13 18.16 19.05 20.86 22.33 23.78 25.78 26.68 28.47 30.21 31.73 33.51 34.67 35.60 35.65
traj-141:
38.41 36.97 36.37 34.90 34.30 32.62 31.45 29.98 28.47 28.14 27.19 26.18 26.10 26.13 26.12 26.29 26.34 25.35 23.76 23.26 21.28 20.12 18.43 17.55 15.60 15.04 13.44 12.55 10.85  8.90  8.39
18.99 18.97 18.95 18.94 18.92 18.92 18.87 18.87 17.90 17.51 16.20 15.01 13.40 11.59  9.84  8.31  7.23  5.50  5.13  5.03  5.02  5.06  5.04  5.18  5.31  5.35  6.41  6.81  5.86  5.46  5.38
traj-142:
34.72 33.91 32.20 30.23 29.63 28.36 28.10 27.20 26.79 25.07 23.30 22.13 20.35 18.74 16.83 15.56 14.32 13.50
18.25 18.59 18.78 18.88 18.85 20.23 20.77 22.53 23.65 24.49 24.30 24.20 24.05 23.52 23.14 22.76 22.39 22.01
traj-143:
35.14 34.56 32.72 31.42 29.60 28.66 27.91 27.48 27.23 27.04 26.98 27.16 27.33 26.37 25.71 25.07 26.30
17.18 17.18 17.21 17.23 17.46 18.72 19.98 21.55 22.34 23.80 24.65 26.19 27.70 29.43 30.03 31.32 32.45
traj-144:
34.13 34.73 33.58 31.84 31.24 29.55 28.07 27.09 26.82 26.57 26.56 26.68 26.61 26.42 26.05 25.02 24.30 22.57 21.47 19.83 18.38 16.74 14.76 12.93 11.81 10.91  9.57
18.79 18.79 17.95 17.80 17.79 17.59 17.09 16.54 15.42 13.96 12.93 10.95  9.12  7.52  6.68  5.10  5.13  4.99  4.89  4.86  4.96  5.07  5.09  5.64  5.80  5.92  6.21
traj-145:
36.23 34.29 32.54 31.69 29.93 28.31 27.18 27.03 26.19 24.43 23.55 22.09 21.50 20.08 19.83 18.99 18.18 17.76 17.34
18.71 18.86 18.85 18.84 18.90 19.85 21.35 21.60 23.26 24.09 24.13 24.14 24.14 24.17 24.00 22.54 20.86 19.79 18.71
traj-146:
34.13 33.29 31.35 29.51 27.70 27.62 27.82 28.31 28.42 28.45 28.36 28.26 27.41 25.45 25.15 23.18 21.19 19.35 17.59 15.76 14.72
18.37 18.65 18.82 18.94 19.46 21.22 22.00 23.70 25.49 27.32 28.94 30.43 31.96 31.80 31.80 31.70 31.84 31.62 31.67 31.54 31.52
traj-147:
33.96 31.98 31.15 29.48 28.38 26.92 26.72 26.49 26.33 26.23 26.18 26.19 26.26 24.98 23.61 22.46 20.50 19.83 18.39 16.60 14.65 13.56
17.12 17.35 17.47 17.17 16.45 16.13 14.74 13.82 11.88 10.75  9.60  8.09  6.24  4.91  4.94  4.99  5.14  5.19  5.20  5.18  5.36  7.00
traj-148:
35.81 34.05 32.06 30.28 29.45 28.53 28.22 27.65 27.58 26.48 25.20 23.74 22.87 21.40 20.82 19.07 18.20 16.92 15.62 14.77
18.88 18.86 18.89 18.89 18.91 20.49 21.00 22.68 22.97 24.07 24.81 24.79 24.61 24.41 24.35 24.23 24.03 23.61 22.89 21.37
traj-149:
35.64 34.52 32.54 31.07 29.65 28.60 27.93 27.65 26.99 26.92 26.73 26.60 25.71 23.81 21.83 20.20 19.76 18.00 17.06 16.10 14.36 14.06
18.58 18.70 18.84 18.93 18.98 20.14 21.93 22.99 24.63 25.99 27.23 29.21 30.29 30.39 30.43 31.17 31.38 31.72 31.37 31.10 30.70 30.63
traj-150:
38.67 37.79 36.21 34.99 33.26 31.92 30.32 29.54 27.89 27.11 27.03 26.67 26.50 26.47 26.38 25.37 24.28 22.36 20.94 19.73 17.78 16.33 14.60 12.84 11.21  9.94  9.09
17.36 17.32 17.29 17.22 17.25 17.17 17.10 17.03 16.08 15.03 13.06 11.81 10.11  8.68  7.19  5.54  5.19  5.06  5.10  5.15  5.17  5.24  5.40  5.73  6.05  6.41  6.62
traj-151:
34.55 33.07 31.54 29.93 29.31 27.75 27.10 26.31 25.17 23.82 22.36 20.88 19.39 17.95 16.77 14.84 13.95 12.20 10.25  9.73  8.30  9.51 10.79 11.36 11.27
17.49 17.77 17.84 18.10 18.75 19.99 21.85 23.57 24.58 24.77 24.78 24.81 24.80 24.82 24.83 24.90 24.86 24.84 24.83 24.86 23.94 22.94 21.63 19.85 19.57
traj-152:
37.88 35.93 34.87 33.34 31.37 29.64 28.67 28.43 28.20 27.62 27.04 26.97 26.82 26.77 26.08 25.05 23.13 21.73 20.15 18.74 16.98
18.02 17.74 17.61 17.68 17.82 18.11 19.63 21.07 22.43 23.86 25.42 26.52 28.48 29.38 31.09 31.70 31.71 32.86 33.92 34.55 35.24
traj-153:
37.39 35.42 34.42 33.38 32.33 30.45 28.98 28.51 27.39 26.57 27.01 26.95 27.04 27.14 27.51 27.55 27.27 26.93 25.59 23.62 21.67 19.76 17.87 16.49 15.61 13.63 12.83 11.20 10.41
17.12 17.39 17.62 17.86 18.10 18.59 19.40 20.41 22.04 20.31 18.53 17.05 15.06 13.27 11.32  9.54  8.20  6.83  5.64  5.27  5.04  5.06  5.15  5.45  5.64  5.85  5.85  5.59  5.31
traj-154:
35.99 34.59 33.20 31.47 29.48 28.40 28.37 27.37 26.21 24.48 23.30 21.55 20.96 19.51 18.63 17.47 17.15
18.42 18.67 18.70 18.78 18.88 20.06 20.89 22.57 23.83 24.57 24.45 24.29 24.22 23.39 21.91 20.66 20.17
traj-155:
36.76 36.18 34.27 32.50 30.76 29.53 28.46 28.17 28.08 27.41 26.84 27.00 26.82 26.66 26.65 27.69
17.44 17.42 17.36 17.47 17.47 17.39 18.91 20.87 21.46 22.89 24.70 26.40 28.26 30.03 31.47 32.74
traj-156:
36.60 34.64 34.04 32.20 30.78 29.79 28.25 26.89 26.11 26.20 26.36 26.44 27.01 27.07 27.00 27.06 27.03 26.55 25.54 25.04 23.23 21.60 20.77 19.52 17.83 16.08 14.41 12.93 11.26 10.09  8.55  8.46
17.67 17.82 17.89 18.18 18.54 18.83 19.89 20.82 20.37 18.92 17.01 15.39 13.84 12.42 11.83  9.92  8.17  7.06  5.64  5.21  4.88  4.99  4.98  4.98  5.02  5.02  5.41  5.72  5.63  5.59  4.60  4.31
traj-157:
37.93 36.49 35.30 33.30 31.39 30.24 28.85 28.54 28.33 27.86 26.24 24.44 22.67 20.89 20.59 18.79 17.53 16.50 15.33 13.76 12.39 11.37  9.94  8.34  6.70  6.43
18.47 18.57 18.66 18.75 18.85 18.75 19.61 21.30 22.15 23.44 24.01 24.01 24.02 24.01 24.00 23.51 23.48 23.55 23.63 22.77 21.88 21.39 20.53 19.64 18.56 18.43
traj-158:
37.96 37.10 35.20 34.31 33.14 31.94 30.17 28.64 28.23 27.12 26.73 26.67 26.68 26.89 27.07 27.22 27.44 27.40 26.24
18.67 18.72 18.81 18.85 18.91 18.86 18.85 19.70 20.56 22.04 22.77 24.34 26.20 27.73 29.61 31.25 33.22 34.35 35.38
traj-159:
35.41 34.30 32.40 31.27 29.65 28.49 27.31 26.00 26.02 26.08 26.17 26.20 26.20 26.09 26.09 26.27 25.18 23.26 21.32 19.84 18.24 16.77 15.31 13.66 12.73 12.05 11.15 10.87
17.79 17.96 18.07 18.38 18.65 18.49 18.39 17.54 17.25 15.49 13.57 11.73 11.43  9.44  8.25  6.56  5.09  4.92  4.98  5.08  5.23  5.47  5.72  6.76  7.88  8.76  9.92 10.04
traj-160:
35.55 33.99 32.25 30.54 28.82 28.62 28.26 27.54 27.13 26.41 25.45 24.00 22.22 20.75 19.01 17.27 15.31 13.33 12.22 10.64 10.32  9.18
17.84 18.39 18.68 18.85 19.77 19.89 20.63 22.00 22.66 24.18 24.83 24.80 24.76 24.74 24.72 24.72 24.83 24.74 24.68 23.94 23.07 21.74
traj-161:
38.93 37.07 36.03 34.25 32.90 31.06 30.76 29.79 28.05 27.75 26.86 26.80 26.46 26.33 26.33 26.45 26.41 26.16 24.75 24.20
17.82 17.48 17.58 17.47 17.37 17.65 17.70 17.90 18.56 19.03 20.77 21.06 22.90 23.36 25.21 26.97 27.87 29.63 31.04 31.13
traj-162:
38.09 36.67 34.74 32.76 31.21 29.80 28.32 27.96 27.55 27.30 27.08 26.98 26.70 26.40 26.14 24.30 22.68 21.87 20.45 18.49 16.86 15.70 14.82 13.77 12.62 10.78  9.34  8.26  6.59  5.04
18.05 18.02 17.96 17.76 17.56 17.40 16.23 16.06 14.14 13.13 11.73 11.10  9.40  7.59  5.68  5.12  5.12  5.10  5.09  5.13  5.17  5.34  5.46  6.02  6.51  7.10  7.68  8.07  8.48  8.95
traj-163:
34.32 32.41 32.12 30.21 29.37 28.00 27.27 26.60 26.52 26.22 26.21 24.46 22.72 21.55 20.37 19.03 17.41 15.84 15.01 14.06
17.20 17.19 17.22 17.22 17.19 17.02 18.65 19.85 21.18 22.88 23.61 24.12 24.14 24.18 24.09 23.32 22.44 21.91 20.85 19.69
traj-164:
35.39 33.57 31.69 29.98 28.29 27.84 27.07 27.13 27.14 27.16 27.06 27.03 26.35 24.89
17.74 18.16 18.56 18.91 19.86 20.92 22.68 23.83 25.69 27.00 28.33 30.01 30.81 32.04
traj-165:
37.87 37.34 35.35 34.78 32.92 32.08 30.09 29.79 27.97 27.35 27.03 26.06 26.09 26.07 26.00 26.04 24.41 23.13 21.27 19.34 17.86 16.73 14.98 13.84 12.44 10.65  8.90  8.60
17.50 17.41 17.30 17.25 17.19 17.21 17.11 17.14 16.33 15.54 14.38 12.74 10.93  9.40  7.73  5.95  5.17  5.05  4.95  5.17  5.37  5.54  5.78  5.96  6.50  6.60  6.84  6.83
traj-166:
38.47 37.16 35.83 34.77 33.02 31.15 29.74 28.15 27.57 27.34 26.38 26.33 24.66 23.52 22.66 21.48 20.06 18.61 17.74 16.34 15.97 14.93 13.05 11.63  9.83  8.83
17.38 17.59 17.71 17.38 17.61 18.13 18.49 19.56 21.03 21.49 23.04 24.06 24.81 24.77 24.80 24.63 24.41 24.17 24.04 23.63 21.80 21.62 21.46 22.22 22.82 23.03
traj-167:
35.55 34.22 33.00 31.33 29.50 28.42 28.36 27.81 27.73 27.05 26.87 26.70 26.40 27.17 27.68
17.38 17.31 17.56 18.01 18.69 20.33 21.47 23.28 23.57 25.35 27.32 29.08 30.53 32.35 32.92
traj-168:
36.86 34.89 32.93 31.45 29.74 28.31 27.12 26.57 26.45 26.56 26.48 27.08 27.48 26.60 25.54 24.42 22.52 20.88 18.94 17.82 16.00 14.68 13.88 13.51
18.30 18.50 18.82 18.88 18.94 17.90 16.34 15.45 13.57 12.06 10.18  8.48  7.76  6.02  5.43  5.18  4.94  5.03  5.08  5.12  5.53  5.89  7.15  8.76
traj-169:
33.66 31.93 30.21 28.80 28.02 27.24 26.75 25.92 24.19 23.02 21.84 20.12 19.02 17.30 15.72 14.63
18.91 18.96 19.00 19.76 21.20 22.84 23.55 24.24 24.33 24.30 24.28 24.16 24.04 23.24 22.42 21.04
traj-170:
36.54 34.57 32.64 31.51 29.89 28.76 28.27 27.98 27.56 27.21 27.23 28.00 28.27 27.04 25.22 24.75 23.09 22.14 20.71 19.83 18.24 16.91 15.80 14.93 13.24
17.92 17.97 18.22 18.54 18.84 20.00 21.90 23.00 24.47 26.06 27.40 29.17 30.05 31.57 31.60 31.65 31.84 31.95 32.13 32.20 32.40 32.65 32.90 33.01 33.42
traj-171:
39.13 37.70 35.91 34.19 32.45 31.29 29.53 28.26 26.85 26.36 26.38 27.03 27.01 27.12 27.23 27.21 26.79 26.54 26.18 25.37 24.12 23.26 21.39 20.27 18.54 17.10 16.54 14.77 12.87 11.99 10.46  8.95
18.56 18.69 18.82 18.86 18.91 18.94 18.99 20.28 21.52 20.90 18.97 17.27 16.46 14.48 12.49 11.46  9.73  8.65  6.92  5.33  4.97  4.79  5.02  5.22  5.49  5.71  5.79  5.98  6.49  6.64  6.85  7.26
traj-172:
35.49 33.58 31.90 30.19 29.41 28.53 28.44 28.18 27.08 26.01 24.04 23.18 21.73 20.00 18.28 16.93 14.97 13.42 12.19 10.28  8.28
17.67 17.97 18.34 18.71 18.98 20.45 21.28 22.57 24.03 24.41 24.59 24.53 24.45 24.32 23.88 23.46 23.82 22.93 22.54 22.54 22.55
traj-173:
37.65 36.51 35.10 33.94 32.60 31.59 29.82 28.56 28.26 28.18 27.75 27.42 27.06 26.43 26.74 27.44 26.99 25.37 24.05 22.60 21.08 19.40 18.26 16.33 14.36 13.00 11.31 10.31  8.80  8.19
18.79 18.80 18.82 18.87 18.91 18.92 18.99 20.26 21.97 22.26 24.17 25.76 27.00 28.67 29.87 31.59 31.97 32.40 32.05 31.60 31.28 30.83 30.65 30.63 30.30 30.51 31.37 31.63 32.70 34.00
traj-174:
37.91 37.21 35.48 33.87 33.34 31.40 30.24 28.65 27.13 27.03 27.19 26.65 26.74 26.84 26.92 26.69 26.66 24.95 23.90 22.02 20.27 19.67 17.90 16.24 14.76 13.15 12.97
17.88 17.87 17.63 17.53 17.56 17.68 17.71 17.14 15.99 15.17 13.35 11.73 10.71  9.07  7.85  6.13  5.83  5.10  5.03  5.00  5.06  5.04  5.00  5.20  5.39  6.43  6.67
traj-175:
34.33 33.59 33.43 32.05 30.60 29.20 27.98 27.50 27.15 27.13 26.56 24.79 23.34 21.91 20.48 19.18 18.60 17.66 16.07 14.60 13.81
17.13 17.29 17.55 17.73 17.90 18.94 19.60 20.77 22.23 22.53 24.16 24.91 24.70 24.57 24.42 23.45 22.36 21.18 20.70 19.85 19.33
traj-176:
35.95 34.29 33.99 32.77 31.59 29.61 29.58 29.20 28.18 27.25 26.64 26.39 26.90 27.31 28.12 28.23 28.07 26.18
17.01 17.37 17.43 17.70 17.75 17.67 17.72 18.43 19.77 20.99 22.48 24.46 25.50 26.29 28.03 28.63 30.40 31.02
traj-177:
36.47 34.73 33.56 32.15 30.68 29.13 28.93 27.20 27.19 27.17 27.09 27.10 27.16 26.77 26.50 26.44 24.93 23.08 21.25 20.15 18.26 17.11 15.21 14.77 13.21 13.08
18.77 18.83 18.79 18.82 18.89 18.82 18.26 17.59 15.75 14.42 12.59 11.42  9.72  8.27  6.32  6.02  4.87  4.90  4.89  4.93  5.03  5.03  5.30  5.63  6.80  7.07
traj-178:
35.18 33.29 32.14 30.39 29.55 28.41 28.06 27.84 27.26 26.40 25.51 24.03 22.27 21.39 19.91 18.43 17.23 16.92 16.73
18.44 18.84 18.85 18.86 18.91 20.29 21.71 22.54 24.24 24.52 24.40 24.20 24.13 24.06 24.06 23.65 22.40 20.63 20.07
traj-179:
37.54 36.09 34.33 32.63 30.95 29.37 28.46 27.41 27.27 26.96 26.60 26.77 26.74 26.73 27.46 26.58 25.41 23.90 22.13 20.97 22.01 23.60 25.07 26.84 27.41 27.69
18.97 18.93 18.88 18.88 18.91 18.91 18.90 20.30 20.72 21.37 23.17 24.55 25.70 27.21 28.96 30.63 30.99 31.24 31.53 32.48 34.06 35.13 35.36 35.58 35.72 35.84
traj-180:
36.00 34.14 32.17 30.85 28.89 28.66 28.40 27.90 27.56 27.33 27.13 26.84 26.78 26.44 25.29 24.33 22.70 22.22 20.55 18.55 16.81 16.06 14.10 13.11 11.29  9.55  8.62
18.54 18.71 18.90 18.95 18.86 17.71 17.20 15.42 13.68 12.60 11.68  9.74  8.84  7.26  5.72  4.97  5.01  5.00  4.97  4.87  4.85  4.81  5.12  5.41  5.94  6.66  7.71
traj-181:
38.02 36.13 34.48 32.57 30.89 30.03 28.54 28.24 27.37 26.91 25.42 24.26 23.37 21.59 20.15 18.40 17.17 17.23 17.30
17.62 17.85 17.97 18.49 18.86 18.80 19.58 20.08 21.78 23.61 24.80 24.65 24.61 24.54 24.45 24.35 24.00 22.57 20.98
traj-182:
35.64 35.34 33.40 32.29 30.51 29.66 28.29 27.83 27.27 26.68 26.88 27.38 27.45 27.79 27.80 27.91 28.01 28.05 28.62 30.27 31.13
18.28 18.32 18.58 18.84 18.87 18.94 19.75 20.12 20.32 22.00 23.50 25.03 25.86 27.63 27.93 29.86 31.80 33.07 34.79 35.33 35.53
traj-183:
38.44 36.97 35.78 34.10 32.63 32.06 30.29 28.55 27.81 27.33 26.80 26.70 26.57 26.47 26.24 25.33 23.77 22.12 20.50 18.75 17.14 15.95 14.51 12.71 10.77  9.59  7.74  6.76  5.08
18.77 18.77 18.79 18.84 18.90 18.88 18.90 18.71 17.43 15.80 13.96 12.41 10.51  8.52  6.99  5.26  5.05  5.09  5.04  4.96  4.80  4.69  4.62  4.60  4.62  4.53  4.58  4.40  4.37
traj-184:
36.33 36.03 35.67 33.72 32.71 31.03 30.86 29.47 28.31 28.11 27.33 26.21 26.08 24.31 22.84 21.41 19.94 19.06 17.26 15.72 14.17 12.26 10.35  8.36  6.50
17.07 17.10 17.49 17.20 17.10 17.39 17.64 17.87 19.25 20.70 21.84 23.49 24.06 24.93 24.74 24.44 24.22 24.08 23.51 22.60 22.47 22.87 23.01 23.12 22.45
traj-185:
35.57 33.86 32.44 30.69 29.39 28.31 27.78 27.40 27.12 26.38 26.30 26.28 26.12 26.60 26.82 28.64 29.91 31.45 31.83
18.66 18.73 18.90 18.90 19.00 19.57 21.13 22.37 23.71 25.30 27.19 28.97 30.11 31.81 32.01 32.70 33.21 34.13 34.43
traj-186:
33.91 33.34 32.01 30.17 28.76 27.36 27.14 26.88 26.71 26.58 26.26 27.02 26.91 26.03 24.38 22.60 20.66 19.30 17.87 16.50 14.60 12.93 12.10 10.92  9.93  8.22  8.01
17.07 17.29 17.59 18.02 18.47 17.45 16.00 14.62 13.75 11.80 10.09  8.42  6.46  5.89  4.81  4.96  4.94  4.98  4.98  4.97  5.07  5.39  5.26  5.33  4.95  4.39  4.17
traj-187:
38.82 37.05 35.08 33.88 32.74 30.96 29.19 28.43 27.38 27.02 26.45 26.21 24.61 23.46 22.57 20.82 20.53 18.79 17.52 15.70 13.75 12.28 10.98  9.23
18.96 18.94 18.91 18.91 18.94 18.95 18.92 19.33 20.85 21.82 23.24 24.24 24.88 24.79 24.73 24.59 24.56 24.31 24.15 23.86 24.01 23.84 23.50 22.84
traj-188:
36.74 35.44 34.18 32.87 32.04 30.47 28.82 27.74 27.44 26.99 26.43 26.38 27.11 27.51 28.01 28.15 27.63 26.24 24.76 23.54 21.72 19.78 18.23 16.42
17.38 17.39 17.52 17.58 17.70 18.01 18.78 20.26 21.22 22.14 23.67 25.59 27.41 28.31 29.29 30.30 32.04 32.17 31.89 31.90 31.82 31.95 32.26 33.08
traj-189:
35.45 34.04 32.33 31.81 30.10 28.97 27.93 27.52 26.48 26.19 26.15 26.03 26.01 26.02 26.05 26.06 25.11 23.38 22.55 20.75 18.81 17.94 16.24 15.94 14.20 12.57 10.87  9.20  8.31  6.52
18.68 18.86 18.89 18.93 18.88 18.70 17.94 17.34 15.78 15.11 13.39 11.57 10.35  8.88  8.00  6.51  5.07  4.99  4.95  5.01  5.02  5.10  5.13  5.14  5.39  5.20  5.07  4.89  4.78  4.49
traj-190:
38.15 36.62 35.79 33.83 32.38 30.61 29.72 28.68 28.05 27.64 27.16 25.71 24.26 22.49 20.67 19.21 17.37 16.20 15.04 13.08 12.49 10.77  9.09  8.13  7.13  5.90
17.68 18.21 18.50 18.87 18.94 18.96 18.92 19.49 21.12 21.88 23.70 24.88 24.90 24.84 24.55 24.30 24.48 24.61 24.68 24.44 24.33 24.07 23.15 22.72 22.25 21.43
traj-191:
36.23 35.22 34.09 32.09 30.19 29.44 28.09 27.42 26.67 26.50 26.76 26.63 26.56 26.53 26.09 24.52 23.71 22.55 21.16 19.50 17.79 16.41
17.04 17.04 17.05 17.13 17.30 17.41 17.61 19.47 21.20 23.19 25.07 26.20 27.66 28.53 30.40 31.38 31.20 30.96 30.91 31.11 31.29 31.27
traj-192:
35.12 34.57 32.79 31.51 30.59 29.22 28.43 27.90 27.39 27.01 26.51 26.81 27.03 26.24 25.07 23.90 22.04 20.42 19.83 18.38 16.68 14.96 13.35 11.65  9.96  9.00  7.42  6.63
17.68 17.59 17.29 17.25 17.21 17.11 16.54 14.77 13.04 11.33 10.82  9.12  8.52  6.69  5.88  5.83  5.90  5.80  5.80  5.80  5.81  5.79  5.50  5.88  6.03  5.97  5.74  5.65
traj-193:
36.96 36.36 34.80 33.05 32.37 30.39 29.52 28.00 27.37 26.56 26.02 25.18 23.41 21.92 21.08 19.32 17.91 16.78 15.87 16.76 15.51 14.49 13.16 11.67 10.56
18.48 18.64 18.83 18.91 18.93 18.98 18.97 20.15 21.05 22.38 23.83 24.57 24.80 24.67 24.59 24.69 24.82 24.90 24.91 24.07 22.87 21.85 20.70 19.38 18.36
traj-194:
34.12 33.38 33.04 31.18 30.35 29.33 27.69 27.51 26.84 26.87 26.42 26.82 27.01 26.86 26.66 26.60 27.91 29.14
17.16 17.29 17.64 17.85 18.18 18.64 19.39 19.63 21.28 22.36 23.35 25.13 26.73 28.33 30.27 30.86 32.23 33.41
traj-195:
34.50 32.82 31.08 29.90 28.53 27.49 26.60 26.65 26.81 26.89 26.72 26.60 25.49 23.93 22.89 21.19 19.23 17.88 15.95 14.23 12.26 10.65  9.47  8.33
18.54 18.63 18.80 18.94 17.95 16.33 14.65 13.69 11.73 10.63  8.71  7.16  5.71  4.90  4.91  4.95  5.05  5.15  5.34  5.44  5.73  5.82  6.07  6.33
traj-196:
34.67 33.25 31.29 29.70 28.29 27.81 27.19 26.42 26.19 24.52 22.78 21.16 20.72 19.25 18.56 17.81 16.57
17.20 17.53 17.73 17.83 18.72 19.60 21.28 22.89 23.57 24.19 24.13 24.02 24.01 23.17 22.43 21.59 20.05
traj-197:
33.87 33.60 31.84 29.98 29.18 27.26 27.15 27.47 27.87 28.23 28.40 28.53 28.72 28.82 29.10 29.19 29.28 30.27 30.90
17.22 17.08 17.35 18.06 17.91 18.26 20.20 21.51 23.24 24.65 25.52 26.11 27.57 28.46 30.42 31.06 32.69 34.28 34.93
traj-198:
34.04 32.07 30.11 28.28 28.01 27.21 26.70 26.20 26.33 26.78 26.91 26.72 26.29 26.25 24.46 22.49 20.89 18.98 17.03 15.28 14.48 13.18 12.73 11.22  9.51  8.03  6.97  5.41
18.14 18.35 18.56 17.92 17.47 16.19 14.52 12.81 12.01 11.61 11.34  9.55  7.78  5.89  5.19  5.11  5.18  5.14  5.26  5.28  5.54  6.75  7.13  7.90  8.28  7.74  6.99  6.01
traj-199:
37.12 35.98 34.04 32.68 31.55 30.08 28.58 28.19 28.02 27.22 25.45 23.83 22.64 21.17 20.09 19.09 18.09 17.45
18.14 18.17 18.46 18.69 18.89 18.95 19.89 21.85 22.95 24.65 24.45 24.08 24.08 24.11 24.09 23.59 22.00 21.41
traj-200:
38.11 36.31 34.77 32.85 31.26 29.55 28.68 27.59 27.80 27.59 27.51 27.79 28.10 28.58 29.11 29.67 30.34 30.76 30.98
18.26 18.51 18.64 18.78 18.87 18.91 19.45 20.48 22.46 23.87 25.67 27.58 29.29 30.87 31.99 33.13 34.22 34.97 35.16
traj-201:
35.60 34.14 33.32 31.59 29.89 28.47 28.13 27.19 26.63 26.61 26.56 26.85 26.98 27.19 27.19 27.09 26.94 26.51 26.24 25.15 23.71 22.64 20.80 18.98 17.28 15.83 14.14 12.29 10.50  8.88  8.60
17.71 18.05 18.17 18.37 18.60 19.74 20.77 22.15 20.41 18.99 18.11 16.37 15.34 13.61 11.77 10.58  9.71  7.99  6.61  5.16  5.07  4.96  4.97  5.00  5.05  5.08  5.06  5.39  6.11  6.93  7.02
traj-202:
34.25 33.48 31.72 31.13 29.28 27.74 27.35 27.11 26.17 24.46 23.59 21.84 20.67 18.83 17.72 16.24 15.75 14.59 12.93 11.68
17.88 17.93 17.98 17.92 17.80 19.06 20.64 21.66 23.39 24.02 24.14 24.30 24.20 23.57 22.80 21.86 21.51 20.72 19.63 18.63
traj-203:
38.23 37.69 35.75 34.33 32.86 31.74 29.81 29.51 28.40 27.44 27.02 26.87 26.77 27.05 26.95 26.71 26.17 24.69 23.20 21.29 21.00 19.23 17.66 15.68 13.73 12.73 10.90  9.04  8.58
18.36 18.42 18.64 18.88 18.88 18.90 18.96 18.97 20.31 21.58 22.21 23.98 25.81 27.28 28.44 30.08 31.44 32.33 31.99 31.60 31.53 31.07 30.63 30.39 30.25 30.38 30.53 31.24 32.06
traj-204:
34.60 34.26 32.52 30.73 28.97 28.60 27.70 27.23 27.20 27.20 27.17 27.13 26.69 26.51 26.27 25.00 24.24 22.71 21.10 19.19 17.39 15.71 14.35 12.80 11.57 11.18
17.99 18.02 18.04 18.06 18.19 17.92 17.00 16.41 14.66 13.24 11.55 10.12  8.74  7.53  6.72  5.43  4.83  4.78  4.81  4.98  4.99  5.18  5.83  7.01  8.41  8.83
traj-205:
37.60 36.14 34.20 32.73 31.37 29.66 28.57 28.25 27.99 26.18 25.41 23.41 22.82 21.35 20.20 18.57 17.59 17.07 16.97
18.10 18.11 18.28 18.44 18.74 18.99 20.37 22.00 23.44 23.84 24.14 24.21 24.17 24.12 24.12 23.64 21.96 20.46 20.00
traj-206:
37.42 35.77 34.03 33.15 31.49 29.59 28.39 28.16 27.83 27.59 27.65 27.75 28.13 28.12 27.22 25.59 23.64 21.76 20.64
17.17 17.40 18.01 18.17 18.56 18.99 20.49 21.34 22.44 24.25 25.98 27.78 29.49 29.79 31.46 32.27 32.10 32.03 31.84
traj-207:
36.02 34.79 32.84 32.54 30.86 29.71 28.27 27.88 27.59 27.12 26.90 26.52 26.60 26.59 25.82 23.93 22.05 20.35 18.65 17.34 15.75 14.28 13.12 11.18  9.27  8.10  7.10
18.53 17.95 17.69 17.66 17.36 17.19 16.42 15.19 13.36 11.99 10.89  9.00  7.23  6.93  5.56  5.17  5.09  5.02  4.98  4.97  4.92  4.92  5.02  5.26  5.51  5.65  5.74
traj-208:
34.00 32.10 31.24 29.71 28.34 28.22 27.67 27.67 26.21 25.92 23.94 23.34 21.89 20.14 19.28 17.53 15.73 14.81 14.46 13.42
18.16 18.13 18.11 18.07 18.73 20.49 22.16 23.24 24.53 24.57 24.81 24.80 24.79 24.65 24.46 24.45 23.61 22.38 21.94 20.67
traj-209:
34.31 34.02 32.54 30.61 29.31 28.76 28.55 28.31 27.39 26.83 27.30 27.76 28.36 27.74 26.57 26.05 24.09 22.29 20.73
17.18 17.26 17.49 17.65 17.62 18.76 20.47 22.42 23.50 25.35 26.72 27.97 29.60 31.41 32.35 32.72 32.85 32.42 32.04
traj-210:
35.11 33.29 31.38 30.18 28.56 28.34 28.33 27.95 27.67 27.42 27.11 26.67 26.30 25.26 23.41 22.83 21.28 19.41 17.46 16.46 14.60 13.40 13.22 11.76 10.47  8.78  6.90
17.47 17.70 17.80 17.55 16.55 14.88 14.34 12.69 10.73  9.90  8.77  7.70  6.92  5.44  4.86  4.91  4.93  5.00  4.95  5.09  5.81  7.29  7.53  8.84  9.98 10.31 10.67
traj-211:
36.46 35.34 34.20 33.04 31.27 29.38 28.17 27.51 26.84 25.33 23.89 22.72 21.84 19.87 18.17 17.27 16.54 15.49 15.38
18.76 18.83 18.88 18.89 18.96 18.96 20.55 21.87 23.32 24.62 24.29 24.26 24.23 24.13 23.35 22.63 21.34 19.83 19.55
traj-212:
37.00 35.40 34.56 32.90 30.91 30.32 28.88 27.92 27.49 27.09 26.90 26.90 26.66 26.29 25.10 24.82 24.68 23.87 23.87 25.23 26.86
17.77 18.39 18.63 18.93 18.90 18.86 19.59 21.33 22.14 24.09 25.75 26.64 28.22 29.45 30.27 30.37 30.64 32.43 33.20 34.14 35.19
traj-213:
37.04 35.87 34.43 33.46 31.59 31.36 30.42 28.79 27.62 26.40 26.15 26.13 26.14 26.11 26.15 26.20 26.16 26.19 26.50 26.14 25.13 23.39 21.72 21.16 19.46 18.03 16.08 15.24 13.43 12.18 11.34 10.67 10.24  8.67  7.83
18.92 18.86 18.85 18.84 18.92 18.89 18.94 19.78 20.85 19.42 18.33 17.75 16.27 15.12 13.93 12.33 11.00  9.87  7.99  6.27  5.14  5.08  5.03  5.02  4.99  4.98  4.90  4.86  5.28  5.56  6.28  7.82  8.92 10.14 10.46
traj-214:
37.67 35.85 34.43 33.84 32.16 30.61 28.83 27.02 27.17 27.22 27.06 25.53 23.61 22.43 20.44 19.27 17.34 15.43 16.12 17.10
17.22 17.28 17.54 17.62 17.80 17.85 18.35 19.19 20.56 22.21 23.36 24.57 24.73 24.72 24.67 24.46 24.39 23.94 22.63 21.06
traj-215:
34.84 32.90 30.90 29.74 28.50 28.39 27.58 26.86 26.64 26.58 26.00 25.90 26.05
18.81 18.94 18.96 18.97 20.34 21.76 23.41 24.51 26.39 28.35 30.00 30.28 32.08
traj-216:
34.64 33.49 32.13 30.16 28.50 26.57 26.58 26.53 26.44 26.43 26.38 26.58 26.55 26.03 24.69 23.93 22.32 20.36 18.47 17.61 15.75 14.90 13.43 13.19 11.68 10.34  9.25  7.82  6.11
18.03 18.21 18.30 18.63 18.78 18.64 16.87 16.57 14.69 12.79 11.12  9.80  7.87  6.33  4.91  4.96  5.03  5.11  5.15  5.17  5.23  5.29  5.83  6.01  7.14  8.54  9.54  9.92 10.21
traj-217:
37.77 35.86 34.70 32.95 31.24 30.16 28.68 27.41 26.68 26.36 26.21 24.44 22.70 20.95 19.47 18.11 16.33 15.65 14.46 13.15 12.10 10.41  8.79  8.54  7.01
17.26 17.28 17.26 17.35 17.58 18.01 18.58 19.89 21.72 23.51 23.77 24.55 24.47 24.44 24.41 24.41 23.60 22.92 22.58 22.43 22.27 21.40 20.44 20.27 19.22
traj-218:
36.75 35.04 34.47 32.50 30.78 29.89 28.50 28.24 26.93 26.86 27.15 27.22 27.35 27.49 27.52 27.16 25.30 24.15 22.81 21.37 19.71 18.93 17.59 16.05 14.27 12.93
18.54 18.63 18.63 18.75 18.89 18.96 19.70 20.46 21.85 23.43 24.17 25.20 27.15 28.72 30.59 31.05 31.44 31.72 31.89 31.88 32.50 32.78 33.25 33.67 34.01 33.83
traj-219:
35.83 33.84 32.14 30.51 28.94 27.95 26.87 26.04 26.15 26.19 26.16 26.18 26.24 26.28 26.32 25.10 23.43 21.97 20.00 18.08 16.18 15.34 13.88 12.93 11.76  9.98  8.10  7.97
18.47 18.66 18.84 18.89 19.68 21.30 19.90 18.25 16.79 15.03 13.41 11.96 10.08  8.18  6.45  5.03  5.03  5.10  5.14  5.15  5.26  5.55  6.37  7.88  9.20  8.42  7.78  7.51
traj-220:
36.28 35.85 34.19 32.52 31.93 30.09 28.12 26.42 26.26 26.07 26.17 26.12 24.32 23.18 21.71 20.63 19.34 17.83 16.51 15.12 13.29 11.81
17.12 17.19 18.10 17.84 17.77 17.48 17.40 17.41 19.01 20.54 22.18 23.67 24.19 24.16 24.09 24.11 23.34 23.06 22.78 22.48 22.27 22.42
traj-221:
35.67 34.03 32.78 30.91 29.48 27.92 27.55 27.54 27.26 26.64 26.74 26.49 24.72 24.26 22.50 21.32 19.62 17.65 15.87 14.03
18.13 18.53 18.60 18.70 18.97 19.78 21.68 23.51 25.35 27.04 27.66 29.62 30.15 30.26 30.41 30.64 31.13 31.43 31.86 31.77
traj-222:
35.09 33.23 32.27 30.35 29.03 27.51 26.43 26.24 26.17 26.14 26.19 26.14 26.09 26.11 26.02 25.29 23.50 22.06 21.26 19.62 18.74 17.04 15.56 14.68 13.09
17.89 17.98 18.01 18.46 18.75 18.67 16.99 16.07 14.41 13.55 12.33 11.13  9.96  8.14  6.70  4.83  4.95  5.01  5.02  5.08  5.15  5.23  5.39  5.52  6.32
traj-223:
33.60 31.68 30.24 28.54 28.05 26.80 25.34 23.59 21.80 20.07 19.81 19.24 19.08 18.48 17.14 15.46 13.91 12.41 11.71 10.32
18.69 18.84 18.93 19.85 21.52 22.80 24.11 24.05 24.12 24.13 24.00 22.18 21.43 20.11 19.48 20.12 20.87 21.81 22.34 23.10
traj-224:
35.23 33.52 32.04 30.91 28.98 28.03 27.93 27.72 27.28 27.03 26.35 26.27 25.67 24.43 22.71 21.81 20.28 19.24 17.87 16.47
18.59 18.88 18.83 18.79 18.76 20.38 21.68 22.91 24.60 25.94 27.51 28.11 30.01 31.19 31.68 31.88 32.11 32.42 32.77 33.08
traj-225:
35.76 35.48 33.67 32.48 30.73 30.43 28.72 28.09 27.89 27.73 27.51 27.24 26.94 26.74 26.43 25.18 23.26 22.97 21.17 19.58 17.83 17.24 15.76 14.00 12.73 11.48 10.42
18.38 18.29 18.25 18.24 18.25 18.26 17.78 16.56 15.00 13.75 12.54 10.74  9.01  7.92  6.48  5.51  5.22  5.17  5.15  5.41  5.59  5.66  5.81  5.71  6.17  6.78  7.25
traj-226:
34.73 33.67 32.03 30.27 28.99 28.53 28.19 27.68 25.95 25.65 23.69 21.95 20.62 18.95 18.96 18.72 18.42
17.86 18.39 18.92 18.97 19.63 21.47 22.78 24.59 24.79 24.79 24.75 24.52 24.23 23.42 21.55 20.57 19.34
traj-227:
36.16 34.44 33.90 32.11 30.94 29.48 28.93 28.19 27.71 27.35 26.86 26.77 26.49 26.15 25.08 24.09 22.55 21.47 20.18 19.02 17.44 15.69 14.24
18.75 18.86 18.89 18.94 18.89 18.86 19.18 20.80 22.51 23.94 25.55 26.46 28.40 29.25 30.42 30.69 31.11 31.37 31.71 32.00 32.44 32.92 33.30
traj-228:
35.44 33.64 32.41 30.59 29.28 27.71 26.47 26.45 26.45 26.63 26.87 26.87 26.91 26.85 26.74 25.63 23.94 22.40 20.82 19.01 17.50 15.54 14.12 12.71 11.30 10.30
18.70 18.79 18.83 18.86 18.81 18.75 18.60 16.64 15.16 13.86 12.24 11.43  9.73  8.50  7.01  5.56  5.17  5.04  4.94  5.09  5.12  5.40  5.71  7.12  8.36  9.17
traj-229:
35.75 33.96 32.02 30.25 28.72 28.46 28.02 27.63 26.12 24.41 22.94 21.17 19.99 19.39 18.14 17.09 15.34 14.59 12.76 11.87 10.75  9.25
18.14 18.53 18.93 18.92 19.90 20.43 21.84 23.21 24.31 24.42 24.33 24.19 24.10 23.79 23.15 22.77 22.45 22.29 22.14 21.96 21.60 21.32
traj-230:
34.00 33.42 31.98 30.26 29.52 29.34 27.99 27.94 27.86 27.63 27.56 27.39 27.08 25.67 25.14 23.52 21.94 21.72
18.78 18.79 18.79 18.81 19.00 19.23 20.50 21.84 23.07 25.03 26.38 27.81 28.94 30.01 30.56 31.16 32.06 32.27
traj-231:
33.70 32.12 31.53 29.82 28.47 28.38 28.39 27.97 27.87 27.51 27.15 26.81 26.38 25.34 24.34 22.34 20.88 19.15 17.72 16.96 15.66 13.86 13.57 12.08 11.35  9.83  8.49  7.50  5.94
18.17 18.54 18.66 18.75 17.76 15.84 14.95 13.33 12.44 10.56  8.86  7.42  6.39  5.25  5.06  5.01  5.06  5.06  4.94  4.91  4.83  5.09  5.17  6.11  6.43  7.30  7.99  8.41  9.02
traj-232:
34.36 32.94 31.20 30.08 28.52 27.86 26.92 26.26 25.18 24.11 22.37 21.47 20.34 18.92 17.27 15.47 14.19 12.98 11.76  9.80  7.83  7.23
18.43 18.55 18.72 18.66 19.52 21.31 22.67 23.22 24.18 24.15 24.12 24.09 24.07 23.66 23.05 22.34 21.47 20.57 19.97 20.02 20.16 20.26
traj-233:
36.48 34.79 33.03 31.30 29.58 28.05 28.11 28.00 27.90 27.93 27.84 26.98 26.70 25.91 25.54 24.64
17.98 18.21 18.14 18.35 18.68 19.85 21.60 23.23 24.61 25.47 27.20 28.53 29.27 30.94 31.46 33.07
traj-234:
35.57 34.74 33.04 31.32 29.60 28.09 28.00 27.28 26.93 26.42 26.35 26.27 26.32 26.30 26.21 26.18 24.20 22.85 21.74 20.02 19.43 17.50 17.20 15.47 14.29 13.41 11.95 11.35
18.43 18.58 18.70 18.86 18.93 17.81 17.53 15.67 14.70 13.20 12.39 10.55  9.02  7.96  6.27  4.79  5.08  5.13  5.19  4.99  4.98  4.72  4.70  4.59  4.65  4.81  5.05  5.18
traj-235:
37.60 37.02 35.27 33.85 31.98 31.42 29.56 28.57 27.70 27.04 26.85 26.51 25.05 23.30 22.43 20.56 19.10 18.53 16.82 15.50 14.52 12.95 11.47
17.46 17.51 17.59 17.77 17.98 17.86 18.24 18.72 20.08 21.76 22.41 23.73 24.79 24.48 24.34 24.40 24.30 24.18 23.38 22.54 22.00 21.08 20.29
traj-236:
36.46 35.60 33.60 32.20 30.21 28.25 27.83 27.63 27.54 27.37 27.33 27.14 26.94 27.00 27.09 27.00 26.66
18.50 18.46 18.50 18.78 18.83 18.92 20.76 22.72 23.47 25.19 26.22 28.13 29.91 30.33 32.09 34.03 34.52
traj-237:
34.73 33.55 32.07 30.32 28.83 27.82 27.43 26.78 26.39 26.14 26.05 26.07 26.02 25.20 23.42 21.94 21.37 19.62 18.73 17.00 15.56 14.00 13.46 12.66 12.15 10.22  8.32
18.94 18.93 18.90 18.81 18.81 17.21 15.59 13.81 11.98 10.38  9.66  8.04  6.95  5.81  5.70  5.71  5.78  5.84  5.82  5.84  5.82  6.88  7.91  9.38  9.49  9.93 10.29
traj-238:
36.89 35.05 34.46 32.49 31.07 29.92 28.41 27.45 27.02 26.20 24.54 22.75 20.95 20.37 18.83 17.75 15.87 14.04 13.39 11.62 10.79  9.19
18.06 18.10 18.16 18.51 18.79 18.94 19.87 21.21 21.87 23.26 24.07 24.06 24.03 24.01 23.43 23.16 22.74 22.27 22.19 21.89 21.63 21.13
traj-239:
37.65 35.78 34.26 33.45 32.06 30.61 29.75 28.60 28.74 28.83 28.85 28.81 28.81 28.76 29.31 30.07 31.03
17.07 17.21 18.13 18.38 18.76 18.87 18.85 20.46 22.21 23.97 24.27 26.00 27.11 28.54 30.16 31.30 32.64
traj-240:
37.62 35.85 33.86 32.08 30.37 28.62 28.30 27.38 26.44 26.21 26.11 26.19 26.10 26.22 25.49 24.76 22.83 21.40 19.41 18.20 16.80 15.25 14.50 12.80 12.08 10.27  8.43  7.94
18.93 18.87 18.85 18.86 18.82 17.96 16.26 14.54 13.35 12.04 11.19  9.38  7.79  6.76  5.50  5.14  4.98  5.03  4.93  4.80  4.74  4.50  4.44  4.61  4.74  4.96  4.91  4.81
traj-241:
37.30 36.72 35.67 33.86 32.44 30.60 29.43 28.19 26.95 26.69 26.41 26.17 24.37 22.64 20.87 19.19 19.05 18.55 18.35
17.14 17.23 17.47 17.74 17.77 17.69 17.60 17.42 18.80 20.63 21.96 23.83 24.44 24.21 24.06 23.17 22.68 20.95 20.46
traj-242:
39.11 38.82 36.90 35.25 34.66 33.00 31.29 29.53 28.05 27.76 27.88 27.41 27.58 27.57 27.58 27.46 27.44 26.34 24.71 22.98 22.44
17.79 17.87 17.99 18.38 18.49 18.78 18.78 18.78 19.58 21.38 22.98 24.25 26.19 28.14 29.94 31.71 32.01 33.43 34.20 35.09 35.31
traj-243:
35.70 34.24 33.06 31.88 30.13 29.83 28.28 27.24 26.27 26.38 26.39 26.64 26.77 27.13 26.64 25.36 23.52 21.63 20.78 18.88 17.19 16.04 14.67 13.21 12.06 11.48
18.94 18.94 18.90 18.86 18.80 18.81 17.68 16.01 14.78 13.20 11.38 10.14  9.06  7.16  6.44  5.49  4.88  4.91  4.84  4.89  4.97  5.15  5.34  6.65  8.13  8.81
traj-244:
38.18 36.29 34.88 33.11 32.81 31.01 30.11 28.64 28.10 27.24 26.03 24.53 23.36 21.61 20.72 19.37 18.17 16.91 15.50 14.11 12.69 10.97
18.48 18.85 18.89 18.93 18.93 18.94 18.96 19.83 20.87 22.41 23.64 24.29 24.19 24.10 24.01 23.21 21.61 20.75 19.83 19.59 19.49 19.04
traj-245:
38.20 37.34 35.36 34.47 32.73 30.95 29.50 28.25 27.97 27.62 27.42 27.43 27.27 27.06 26.55 25.01 23.27 21.88 20.05 18.54 16.82 14.85 13.73 12.58 11.84 10.42
18.07 18.03 18.06 18.09 18.22 18.42 18.59 20.06 21.57 23.37 24.62 25.63 27.51 29.25 29.56 30.04 30.22 30.41 31.07 32.07 32.74 32.96 33.56 34.16 34.55 35.30
traj-246:
33.95 32.79 31.11 29.25 28.64 27.57 27.54 27.38 27.15 27.04 26.83 26.50 26.21 24.69 22.88 20.97 20.38 18.67 17.19 15.62 14.27 12.57 11.41  9.41
18.59 17.90 17.60 17.32 17.37 15.70 14.72 13.13 11.49 10.60  8.62  7.11  5.87  5.15  5.11  5.03  5.07  5.17  5.31  5.54  5.80  6.22  6.61  6.59
traj-247:
35.39 33.74 31.96 30.52 29.20 28.18 27.79 27.44 27.21 25.31 23.67 21.95 20.19 18.42 17.24 15.29 14.39 13.07 11.19
17.26 17.46 17.73 17.83 18.45 19.58 21.44 23.30 24.28 24.41 24.40 24.30 24.26 23.47 22.67 22.32 22.02 21.34 20.73
traj-248:
34.02 33.73 31.90 30.14 28.82 28.10 27.59 28.39 28.50 28.57 28.70 30.24 30.49 31.98 32.22
18.16 18.25 18.78 18.92 19.79 21.36 23.02 24.39 26.17 27.35 29.08 30.32 30.48 31.50 31.68
traj-249:
38.23 36.71 36.05 35.37 34.69 33.12 32.23 31.06 29.27 27.82 27.50 27.27 27.09 27.04 26.89 26.65 26.39 25.45 24.23 23.22 22.15 20.39 19.26 17.57 15.57 14.98 13.42 11.55 10.03  8.69  7.00
17.18 17.42 17.63 17.78 17.91 17.97 17.96 17.96 17.90 17.22 15.36 14.02 12.43 11.83 10.11  9.05  7.30  5.60  5.08  4.96  5.01  5.08  5.12  5.25  5.36  5.37  6.21  6.79  7.65  8.45  9.34
traj-250:
34.82 33.61 31.86 29.99 29.30 28.46 28.07 26.68 26.40 25.09 23.60 22.44 20.69 19.79 18.07 16.40 14.49 13.45 12.22
17.51 17.62 17.61 17.66 17.85 19.39 19.76 21.00 22.88 24.00 24.03 24.03 24.02 24.02 24.07 23.25 23.16 23.05 22.88
traj-251:
34.05 33.17 31.63 30.58 29.06 27.36 26.67 26.66 26.77 26.70 26.48 26.84 26.81 26.52 25.14 23.31 22.38 20.64 19.74 17.96 17.39
17.59 18.00 17.86 17.79 18.12 19.00 20.45 21.05 22.80 23.76 25.40 27.22 28.51 29.94 31.15 31.60 31.78 32.30 32.24 32.27 32.31
traj-252:
33.79 33.28 31.52 30.89 29.16 27.19 26.83 26.51 26.19 26.13 26.10 26.11 26.09 26.06 26.02 25.14 24.85 23.13 21.31 20.19 18.79 17.27 16.35 14.61 13.18 11.98 10.06  8.21  7.48  5.71
18.73 18.76 18.88 18.95 18.85 18.83 17.41 16.42 15.04 13.32 12.29 10.53  9.50  8.47  6.91  5.53  5.47  5.31  5.17  5.09  5.00  4.84  4.94  4.86  5.09  5.33  5.82  6.27  6.45  7.00
traj-253:
35.13 33.43 32.37 30.40 29.54 28.27 28.05 27.02 26.89 25.16 23.98 22.23 20.26 19.44 18.56 17.01 15.03 13.38 11.60 10.75  9.98  9.40
18.41 18.71 18.74 18.80 18.83 20.31 21.07 22.67 23.05 24.06 24.12 24.14 24.14 23.61 21.84 21.28 21.17 21.30 21.33 20.67 19.80 19.18
traj-254:
36.35 35.38 33.92 32.57 31.32 29.97 29.54 28.39 28.01 27.77 27.78 27.13 26.91 26.72 26.70 26.83 26.07 24.54 22.71 21.25 19.90 18.06 16.25 15.03 13.14 12.85 11.07 10.57  9.29
17.92 17.44 17.32 17.46 17.76 18.32 18.70 19.76 21.22 22.94 23.75 25.41 26.21 27.55 28.88 30.41 31.12 31.39 30.91 30.64 30.57 30.80 30.66 30.39 30.16 30.13 31.03 31.27 31.99
traj-255:
37.11 36.30 34.69 33.59 31.86 30.70 29.19 28.75 28.25 27.48 27.21 26.96 26.49 26.30 26.00 25.51 23.71 22.95 21.54 20.15 19.30 17.59 16.39 14.44 13.85 12.44 11.87 10.35  8.53
17.93 18.07 18.42 18.67 18.94 18.86 17.93 16.80 15.52 13.77 13.26 11.29  9.55  8.18  6.28  5.47  5.15  5.12  5.05  5.04  4.98  5.07  5.14  5.14  5.24  5.58  5.75  6.27  6.89
traj-256:
39.08 38.21 36.76 35.10 33.17 31.50 29.74 28.15 27.91 27.31 26.66 26.39 26.16 24.52 23.92 22.20 21.62 20.19 19.89 18.47 17.63 16.85 17.26
17.39 17.59 18.02 18.40 18.83 18.94 18.91 19.93 20.43 21.81 23.32 23.86 24.04 24.72 24.64 24.45 24.39 24.09 24.03 22.88 22.17 20.62 18.77
traj-257:
37.80 35.96 34.04 33.38 32.20 30.48 28.88 28.74 28.39 27.92 26.85 26.59 26.54 26.37 26.34 25.55 24.55 23.22
17.25 17.21 17.41 17.57 17.80 17.88 18.58 19.43 21.14 22.21 23.85 25.74 27.39 29.07 29.67 31.51 32.18 32.29
traj-258:
34.15 32.70 31.54 30.38 28.60 27.56 27.20 27.19 27.01 26.56 26.40 26.29 25.14 23.44 21.79 20.18 19.32 17.51 16.56 14.81 13.26 13.00 11.48
18.89 18.81 18.74 18.76 17.98 16.85 15.36 13.40 11.45  9.87  9.04  7.23  5.81  4.88  4.94  5.00  5.04  5.32  5.47  5.64  6.68  6.83  7.87
traj-259:
33.82 32.40 31.84 30.25 29.77 28.77 28.71 28.53 27.40 25.81 24.93 23.17 21.42 20.83 19.10 18.00 16.12 15.52 13.81 12.95 12.35 11.31
17.94 17.68 17.57 17.69 17.80 19.41 21.16 22.31 23.69 24.87 24.87 24.81 24.71 24.67 24.60 24.56 24.55 24.51 24.32 23.70 22.86 21.45
traj-260:
37.51 35.81 34.06 32.29 31.99 29.99 29.40 28.21 27.86 28.27 28.30 28.35 28.30 28.76 29.26 30.06 30.74
18.78 18.80 18.92 18.88 18.87 18.90 18.95 20.54 21.96 23.90 24.50 26.24 27.69 29.61 30.67 31.87 32.75
traj-261:
35.09 34.79 33.20 31.49 30.01 28.85 27.90 27.55 27.20 26.98 26.99 26.84 26.39 25.46 24.95 23.00 22.64 20.67 19.88 18.19 16.32 15.18 13.28 12.59 11.53  9.69  8.59  6.86  5.38
18.90 18.92 17.88 17.70 17.65 16.79 15.19 13.26 11.43 10.91  9.37  8.51  6.57  5.54  5.52  5.24  5.24  5.16  5.16  5.14  5.31  5.63  5.94  6.15  6.14  6.49  6.70  6.96  7.20
traj-262:
35.57 34.84 33.06 31.15 30.61 28.69 27.11 26.68 26.58 26.57 26.07 25.87 24.06 22.48 20.52 19.39 17.70 16.70 16.07 14.57 13.16 11.41 10.23
17.03 17.18 17.54 18.06 18.17 18.46 19.00 20.40 20.96 22.04 23.20 24.82 24.39 24.17 24.28 24.09 23.39 22.29 21.80 21.12 20.67 20.00 19.68
traj-263:
38.69 36.72 35.04 33.22 32.19 30.45 29.43 28.27 27.38 26.78 26.94 27.08 27.23 27.01 26.81 26.23 24.60 22.97 21.16 19.54 17.68 16.13
17.56 17.67 17.70 18.09 18.24 18.51 18.65 19.93 21.55 22.78 24.68 25.35 25.88 27.71 28.87 30.59 30.95 32.06 32.73 33.20 33.62 33.73
traj-264:
36.87 35.14 34.18 32.30 32.00 30.25 29.95 28.33 26.79 26.72 26.84 27.08 26.93 26.96 26.77 26.53 26.44 26.23 26.08 24.38 22.53 21.71 19.85 18.37 17.36 15.89 15.02 13.57 12.98
17.58 18.54 18.64 18.87 18.87 18.98 18.99 19.94 20.77 19.15 17.72 15.95 14.53 12.84 11.31  9.61  8.14  7.02  5.85  4.94  4.94  4.95  5.05  5.12  5.16  5.28  5.38  5.55  5.62
traj-265:
34.55 32.82 31.66 30.77 29.03 27.33 27.08 26.31 26.23 26.25 24.39 22.64 21.49 20.02 18.87 16.98 15.29 13.96 13.16 12.19 11.06  9.59  8.00
17.01 17.19 17.20 17.24 18.12 19.12 19.29 21.12 22.29 23.61 24.33 24.21 24.13 24.05 23.73 23.15 22.71 21.80 21.21 20.49 19.60 19.07 18.44
traj-266:
35.33 33.36 32.68 30.71 29.61 28.48 28.01 27.19 26.65 26.66 26.64 26.60 26.50 24.71 23.92 22.17 20.96 19.92 18.59 16.69 15.45 13.49
18.76 18.79 18.83 18.87 18.89 19.59 20.32 21.47 23.11 25.11 27.04 28.67 29.45 30.10 30.22 30.51 31.08 31.17 31.05 31.04 31.13 31.30
traj-267:
34.52 34.24 32.50 30.75 29.93 28.65 27.97 27.61 27.36 27.25 26.88 26.48 25.22 25.05 23.22 21.45 19.55 18.29 16.85 15.71 13.83 12.42 10.59  9.53  8.12  6.73
18.27 18.17 17.93 17.91 17.37 16.53 14.87 13.04 11.36 10.55  8.93  7.14  5.78  5.53  4.84  5.00  5.24  5.45  5.67  5.75  5.98  7.29  7.83  7.99  9.10  9.59
traj-268:
34.84 32.90 32.35 30.89 28.97 27.13 26.37 26.33 26.20 24.32 23.45 22.11 20.84 19.42 18.51 17.30 16.08 15.31 14.04
18.88 18.91 18.90 18.94 18.93 19.71 21.49 22.53 23.81 24.39 24.39 24.41 24.46 23.42 22.61 21.49 20.32 19.60 18.41
traj-269:
37.94 37.04 35.28 34.43 32.71 31.60 29.86 28.53 28.22 27.70 27.40 27.06 26.95 26.58 26.15 25.04 24.36 22.78 20.90 19.42 17.70 15.73 14.68 12.82 11.79 10.67  8.93
18.72 18.69 18.64 18.68 18.78 18.89 19.00 20.44 21.86 23.75 24.89 26.81 27.40 29.07 29.48 30.89 31.03 31.62 31.42 30.63 30.64 30.68 30.50 30.34 30.46 30.64 30.20
traj-270:
38.24 37.12 35.49 33.52 32.62 30.90 29.16 27.23 26.64 26.23 26.17 26.12 26.28 26.37 26.55 26.09 25.58 24.30 22.86 20.90 19.80 17.91 16.04 15.15 13.70 11.77 10.88
17.98 18.27 18.68 18.91 18.90 18.87 18.89 19.38 18.71 16.82 14.84 12.84 10.90  9.33  8.10  6.16  5.53  5.07  5.04  5.03  4.99  4.98  4.94  4.88  4.83  4.73  4.79
traj-271:
36.89 35.21 34.12 32.96 31.79 30.62 29.79 28.51 28.06 26.86 26.62 25.03 23.57 22.12 20.44 19.16 18.47 17.82
18.31 18.86 18.89 18.95 18.96 18.98 18.99 20.34 22.00 23.29 23.47 24.26 24.18 24.10 24.05 23.40 21.94 20.45
traj-272:
34.80 33.08 31.92 29.97 29.67 28.46 27.74 27.31 26.89 27.02 26.84 26.29 26.28 25.80 24.08
18.34 18.54 18.67 18.90 18.91 20.31 21.72 22.83 24.76 25.70 27.62 28.07 28.37 30.12 30.39
traj-273:
34.27 32.89 31.90 30.19 29.62 27.98 27.23 27.06 26.17 26.40 26.52 27.13 27.14 27.26 27.32 26.39 24.69 22.83 22.04 20.07 18.19 17.31 15.85 15.04 13.17 11.42  9.54  8.95  7.59  6.21  5.11
17.75 17.97 18.09 18.26 18.25 18.19 17.67 16.03 14.31 12.68 12.11 10.35  8.50  7.95  6.38  4.89  4.91  4.94  4.99  5.08  5.08  5.15  5.22  5.29  5.48  5.62  5.88  5.91  5.41  4.21  4.26
traj-274:
38.27 36.88 35.19 34.01 32.57 30.57 29.98 28.80 28.39 27.35 26.15 24.33 23.73 22.25 21.37 19.90 19.01 18.75 16.82 15.36 13.83 12.82 11.48  9.80
18.36 18.69 18.83 18.88 18.89 18.85 18.89 20.16 21.85 23.40 23.76 24.11 24.09 24.09 24.07 24.10 24.03 23.89 24.00 24.16 23.56 22.87 22.89 22.86
traj-275:
35.99 34.81 33.64 32.46 31.29 30.41 28.66 27.74 27.21 26.46 26.41 26.21 26.03 25.42 24.79 22.93 21.16 20.29 19.08 17.14 15.51 13.66 13.37
18.89 18.92 18.89 18.91 18.87 18.82 19.75 21.46 23.38 24.69 25.28 27.22 28.31 30.03 30.92 31.00 31.15 31.20 31.20 31.28 31.08 30.97 31.04
traj-276:
38.71 36.76 34.87 33.00 31.36 29.67 28.06 27.79 26.60 26.43 26.23 26.12 26.13 26.24 26.81 27.46 27.12 25.66 24.38 22.93 21.85 20.06 18.94 17.07 16.02 14.52 13.77 12.19 11.15  9.87
18.06 17.88 18.28 18.74 18.73 18.82 17.99 17.85 16.47 15.46 13.89 11.90 11.18  9.25  8.74  7.83  6.04  5.07  4.91  4.97  4.95  4.96  4.93  4.66  4.73  4.81  5.57  6.71  7.36  8.15
traj-277:
38.94 37.83 36.68 35.29 33.88 31.93 30.21 28.53 27.95 27.07 26.35 24.56 22.79 21.89 20.72 18.89 18.36 16.61 14.90 13.47 12.21 10.71  9.64  8.21  6.65  6.07
18.11 18.17 18.25 18.37 18.51 18.82 18.90 19.90 21.68 22.98 23.49 24.02 24.09 24.07 24.07 23.50 23.23 24.04 24.00 23.10 22.50 21.36 20.58 19.74 18.70 18.10
traj-278:
34.81 32.92 31.44 29.63 28.25 27.06 27.15 27.03 27.11 27.06 26.49 26.28 26.24 25.74 25.33 23.60 22.91 21.01 19.27 17.53 15.86
17.32 17.28 17.50 18.25 18.57 20.05 21.57 22.74 23.71 25.57 26.90 27.77 28.37 30.26 31.69 32.57 32.70 33.15 33.66 34.37 35.07
traj-279:
33.83 32.13 30.25 29.22 27.28 27.03 26.60 27.04 27.40 27.54 27.69 27.60 27.70 27.46 25.87 24.18 22.39 20.73 18.79 16.98 16.09 14.94 13.06 11.32  9.38  9.09
17.71 17.65 18.10 18.60 18.82 18.66 16.72 15.91 14.24 13.38 11.53  9.60  7.66  6.22  5.36  5.11  5.05  4.95  4.89  4.77  4.78  4.70  5.10  5.45  5.92  5.99
traj-280:
38.63 37.00 35.29 33.56 32.40 30.95 29.79 28.29 28.05 27.30 26.58 26.34 24.55 23.09 21.62 19.75 18.00 16.37 15.41
18.44 18.68 18.92 18.88 18.85 18.89 18.85 19.64 20.11 21.95 23.37 23.89 24.66 24.58 24.60 24.39 24.15 23.29 22.67
traj-281:
35.89 34.78 33.32 31.58 29.81 28.58 28.23 28.11 27.05 26.03 26.33 26.40 27.26 28.39 29.19 30.11
18.24 18.47 18.74 18.96 19.00 20.34 22.26 23.08 24.44 25.98 27.90 29.60 31.26 32.40 33.16 34.16
traj-282:
36.58 35.75 33.80 32.60 31.12 29.94 28.60 28.57 28.52 28.52 27.23 26.61 26.72 26.80 26.88 26.92 26.96 26.92 26.83 26.83 26.74 26.51 26.21 25.48 23.80 23.20 21.42 19.87 18.24 16.77 14.80 13.31 12.73 11.57 10.60  9.53  8.38  6.69  5.12
18.90 18.94 18.98 18.98 18.98 18.98 20.44 21.04 22.47 23.07 24.54 22.81 21.04 19.62 18.17 16.52 15.38 14.24 12.41 11.25 10.09  8.11  6.68  5.44  4.90  4.90  4.75  4.83  4.92  5.10  5.33  6.43  7.29  8.44  9.36  9.61  9.54  9.16  8.93
traj-283:
35.54 33.55 32.53 31.13 29.86 28.47 27.54 26.84 26.43 24.62 22.89 22.29 20.55 19.37 18.53 16.72 14.84 13.45 12.55 10.82  9.90  8.27  7.68
17.27 17.14 17.38 18.16 18.78 19.77 21.53 23.26 23.66 24.49 24.30 24.22 24.14 24.18 24.21 24.16 23.48 22.66 21.88 20.91 20.31 19.33 18.69
traj-284:
37.70 35.99 35.24 33.61 32.92 31.60 30.06 28.22 27.26 27.11 27.11 26.73 26.47 26.27 26.25 25.67 25.80 27.19 28.60 29.79 30.44
17.64 17.44 17.16 17.38 17.45 17.78 17.99 18.51 19.94 21.11 22.97 24.69 26.33 28.11 28.41 30.03 31.74 32.90 33.79 34.54 34.94
traj-285:
37.20 35.40 34.20 32.45 30.54 29.37 28.52 27.92 27.32 26.97 26.81 26.52 26.17 25.40 24.27 23.18 21.21 20.91 19.02 17.67 16.29 14.48 14.22 12.48 11.14 10.41  9.07
18.20 18.07 18.08 18.08 18.03 17.87 16.83 15.46 13.71 11.87 10.28  8.46  6.60  5.43  5.07  4.99  4.99  4.99  4.93  4.89  4.88  5.22  5.36  5.90  6.26  6.44  6.79
traj-286:
37.20 36.07 34.66 33.78 32.35 30.67 29.53 28.51 28.39 28.22 27.08 26.28 24.42 22.95 21.50 19.98 18.53 16.78 15.16 13.86 12.98 11.39 10.79  9.26
18.44 18.49 18.59 18.72 18.76 18.89 18.92 20.37 21.22 22.87 24.35 24.64 24.80 24.58 24.35 24.22 24.12 23.94 23.51 23.32 23.15 22.94 22.89 22.74
traj-287:
36.77 35.19 33.37 32.18 30.84 30.30 28.83 28.25 27.98 27.62 27.33 27.35 26.85 26.03 25.05 24.25 22.45 21.38 20.20 19.45 18.07 17.44
17.72 18.03 17.82 18.14 18.69 18.89 19.98 21.66 22.46 23.70 25.04 26.86 28.73 29.54 30.52 30.83 31.32 31.78 32.33 32.69 33.75 34.40
traj-288:
35.15 33.29 32.67 30.86 29.35 28.74 27.19 27.26 27.34 27.33 27.14 26.97 26.58 24.91 22.99 22.20 20.50 18.96 17.36 15.61 15.32 13.85 12.39 10.77  9.32  8.74
17.84 17.57 17.58 17.37 17.09 16.66 15.43 13.72 12.28 10.51  8.78  7.29  5.89  5.20  5.12  5.09  5.15  5.27  5.37  5.63  5.68  6.46  6.96  7.81  8.68  9.05
traj-289:
38.56 37.42 35.48 33.49 31.77 31.17 29.43 29.28 27.86 27.59 27.09 26.19 24.37 22.61 21.72 19.84 18.54 17.22 15.79 14.28 13.42 12.28 10.72
18.21 18.54 18.76 18.83 18.92 18.94 18.99 19.25 20.63 21.31 22.48 24.00 24.73 24.53 24.45 24.26 23.76 22.70 21.56 20.75 20.18 19.41 18.43
traj-290:
33.86 32.69 31.89 30.22 29.35 28.36 28.48 28.52 28.63 28.70 28.67 28.65 28.60 29.40 29.75 31.04 32.56
17.56 18.06 18.39 18.78 18.98 20.52 21.27 23.22 24.67 25.26 26.69 27.87 29.03 30.58 30.77 31.93 33.16
traj-291:
34.41 32.64 31.74 30.54 29.07 28.97 28.72 28.17 27.65 26.96 26.56 26.74 26.93 26.13 24.40 23.25 21.40 20.70 19.33 17.93 16.01 14.59 13.32 12.88 12.15 10.86  9.83  7.93  6.35
18.90 18.89 18.89 18.89 18.70 18.41 17.34 15.71 13.89 12.05 10.55  8.83  7.36  6.40  5.75  5.65  4.94  5.00  5.08  5.27  5.48  5.84  7.35  8.10  9.60  9.98  9.67  9.28  9.31
traj-292:
34.55 33.52 31.83 30.73 29.57 28.47 28.11 27.13 25.33 24.46 22.67 20.90 20.03 18.12 16.16 14.42 12.74 11.45 10.25 10.06  9.36  9.14
17.53 18.03 18.45 18.74 18.99 20.53 21.85 23.38 24.04 24.04 24.06 24.11 24.15 24.35 24.06 24.17 23.51 22.05 20.57 20.26 18.63 18.00
traj-293:
37.11 36.23 34.48 33.15 31.46 29.53 28.21 27.86 27.40 26.30 26.50 26.64 26.88 26.90 26.91 25.45 23.62 22.20 20.46 18.86 17.30 16.44 15.09 13.95
17.91 17.87 17.93 18.14 18.44 18.91 20.31 21.11 22.28 23.85 25.01 25.85 27.55 29.08 30.94 31.34 30.80 30.50 31.02 32.05 32.59 32.60 32.74 32.88
traj-294:
36.60 34.66 33.25 31.28 29.91 28.66 27.44 27.46 27.69 27.74 27.83 27.84 27.86 27.46 25.62 25.15 23.38 22.71 21.07 19.15 18.85 16.94 16.08 14.19 12.74 11.92 10.58  9.21  8.33
18.10 18.55 18.67 18.83 18.61 17.77 17.08 15.39 13.58 11.82  9.84  8.94  7.75  5.83  5.96  5.86  4.95  4.96  4.98  4.98  4.98  5.12  5.16  5.33  5.36  5.40  5.49  5.59  5.63
traj-295:
36.35 34.88 32.96 31.29 30.21 28.46 27.88 27.11 26.10 26.07 24.29 23.41 21.98 20.27 18.56 17.02 15.79 14.19 12.55 10.57 10.27  8.39  6.45  5.18
17.80 18.36 17.85 17.96 18.09 18.88 20.15 21.91 23.41 24.00 24.68 24.67 24.65 24.45 23.98 23.48 23.03 22.99 22.92 22.78 22.74 22.54 22.13 21.81
traj-296:
38.93 37.21 35.37 34.17 34.00 32.51 30.76 28.87 27.72 27.31 26.84 27.41 27.56 27.69 27.77 28.74 29.47 30.73 32.08 32.77
17.52 17.47 17.35 17.37 17.62 17.78 17.91 18.52 19.56 20.77 22.55 24.43 26.03 27.50 29.49 31.23 32.03 33.25 34.31 34.88
traj-297:
38.87 37.36 36.00 34.67 33.34 31.57 29.85 28.96 28.57 28.54 28.04 27.73 27.43 27.38 27.24 27.15 27.09 26.57 25.54 25.17 23.38 23.09 21.39 19.96 19.36 17.48 15.66 14.94 13.34 11.64 10.01  8.54
18.42 18.71 18.94 18.96 18.99 18.95 18.92 18.91 18.04 17.74 16.18 15.25 14.14 12.77 10.90  9.47  7.73  6.94  5.83  5.38  5.09  5.10  4.98  5.08  5.13  5.30  5.52  5.66  5.77  5.77  6.49  6.94
traj-298:
37.12 36.52 34.72 32.85 31.19 29.49 28.51 28.12 27.22 26.43 25.22 24.64 22.85 21.07 19.23 18.94 17.27 15.34 13.54 12.19 10.77  9.23  7.86
17.66 17.71 17.76 17.82 17.89 18.50 19.78 20.52 22.02 23.84 24.76 24.74 24.67 24.55 24.29 24.22 23.72 23.18 22.45 21.51 20.58 19.54 18.72
traj-299:
37.48 36.60 34.85 33.95 32.48 30.52 29.62 28.83 28.13 28.01 27.70 26.95 26.95 26.87 26.45 24.95 23.09 22.09 20.72 19.99
18.63 18.77 18.96 18.97 18.98 18.98 18.98 19.51 21.14 21.73 23.49 25.24 26.31 28.25 29.93 31.15 31.62 32.01 32.69 33.05
