traj-0:
38.35 36.46 35.72 33.86 32.22 30.89 29.08 27.12 25.15 23.42 23.38 23.56 23.03 22.90 22.92 23.01 22.90 22.75 22.72 22.52 22.25 22.31 22.12 21.17 20.32 18.86 17.68 15.94 14.48 13.29 11.54 10.94  9.07
23.39 23.64 23.80 23.72 23.87 23.84 23.94 24.18 23.90 22.89 22.82 22.08 20.23 18.96 17.66 16.66 15.01 13.12 11.40 10.28  8.73  6.79  5.92  4.83  4.61  4.41  4.36  4.24  4.26  4.34  4.37  4.37  4.43
traj-1:
37.42 36.02 34.28 33.14 31.95 30.80 29.08 27.66 25.69 24.44 23.20 22.76 22.20 21.24 19.53 18.04 17.44 15.67 15.37 13.79 13.23
24.31 24.68 24.90 24.89 24.90 24.86 24.87 24.85 24.86 26.31 27.77 26.24 24.63 22.90 22.50 22.33 22.27 22.24 22.19 21.45 20.67
traj-2:
35.94 34.01 33.15 31.21 30.00 29.13 27.44 26.55 24.84 23.60 24.21 24.78 25.76
23.70 23.35 23.34 23.46 23.42 23.57 24.23 24.33 24.97 26.11 28.00 29.52 30.38
traj-3:
35.44 33.92 32.08 31.39 29.57 27.74 26.11 25.42 23.73 23.74 23.49 23.02 22.77 22.46 22.55 22.41 22.40 22.48 23.14 22.13 21.03 20.13 18.65 17.17 16.01 14.84 13.09 11.91 10.15  8.72  8.16  7.65
23.15 23.37 23.52 23.54 23.56 23.71 23.33 23.05 22.04 20.65 18.80 16.88 15.73 14.49 13.59 13.02 11.07  9.68  7.82  6.35  4.82  4.74  4.63  4.50  4.42  4.34  4.52  4.69  4.81  4.87  6.27  7.60
traj-4:
36.73 34.94 32.95 32.10 30.95 29.21 27.80 26.06 25.77 24.59 23.50 21.92 21.41 19.41 18.23 17.05 15.27 13.93 13.12
24.96 24.90 24.92 24.90 24.85 24.84 24.86 24.78 24.72 23.88 22.93 22.44 22.50 22.51 22.51 22.36 22.14 21.58 21.23
traj-5:
36.53 35.29 34.24 32.37 30.51 28.53 27.63 26.23 24.51 23.78 23.59 23.82 23.91 24.52 25.74 27.64 29.12 29.97 31.43
23.74 23.43 23.37 23.24 23.17 23.38 23.30 24.15 24.81 25.89 27.62 28.86 30.68 32.08 32.12 32.23 32.83 33.27 33.96
traj-6:
36.17 34.64 32.69 31.67 30.37 28.96 27.08 25.22 24.48 23.68 23.59 23.35 23.32 23.19 23.13 22.70 22.71 23.02 23.10 23.53 23.67 23.04 22.99 22.42 20.73 20.13 18.37 16.39 15.23 13.59 11.70  9.94  9.46  8.71  8.09  7.96
23.29 23.47 23.42 23.56 23.67 23.75 23.86 24.55 24.83 23.33 22.23 20.59 19.59 18.07 16.10 14.62 13.51 11.70 10.53  9.55  8.25  6.59  6.29  4.42  4.06  4.06  4.08  4.17  4.31  4.52  4.67  4.84  4.92  5.29  7.12  7.70
traj-7:
35.87 34.18 32.33 32.04 30.19 29.00 27.82 26.07 24.69 22.75 21.78 20.40 19.53 18.34 16.55 14.76 13.27 11.71  9.90  8.16  6.17  5.33
24.07 23.74 24.01 23.95 23.83 23.72 23.58 23.37 23.36 23.10 22.91 22.48 22.42 22.37 22.30 22.13 22.05 21.98 22.03 22.22 22.42 22.56
traj-8:
37.73 35.99 35.12 33.37 31.64 29.91 27.95 26.22 24.83 24.18 23.87 23.71 23.80 24.65 25.41 26.26
24.54 24.84 24.86 24.87 24.89 24.91 24.92 24.92 25.72 27.61 28.41 30.23 31.12 32.66 34.02 35.64
traj-9:
36.90 35.04 33.09 33.02 31.10 30.33 28.57 26.86 25.00 23.44 23.49 22.93 23.06 23.31 23.24 23.43 23.15 23.03 23.21 23.02 22.94 22.77 22.12 20.34 18.87 18.01 16.85 15.75 14.01 13.41 11.64 11.07  9.58  8.40  8.34
23.39 23.51 23.58 23.60 23.76 23.83 23.89 24.30 23.65 22.60 21.45 19.74 17.87 16.03 15.04 13.13 12.49 10.60  8.92  7.63  7.13  5.64  4.07  4.13  4.10  4.15  4.19  4.24  4.47  4.52  4.65  4.74  4.87  6.27  6.56
traj-10:
36.38 34.58 33.45 32.33 30.68 29.82 27.87 26.72 25.29 24.23 23.11 22.66 21.10 19.62 17.85 16.38 14.62 14.14
23.66 24.06 24.29 24.51 24.87 24.89 24.90 24.95 24.99 26.66 25.01 23.97 22.91 22.71 22.46 22.28 22.13 21.76
traj-11:
37.14 35.61 34.72 33.45 31.72 29.96 28.63 28.15 26.22 25.92 24.53 23.35 22.09 21.35 20.20 19.99 18.46 18.18 16.44 15.02 13.62 11.89
23.43 23.32 23.37 23.32 23.51 23.76 24.10 24.45 24.79 24.84 25.89 27.40 28.60 30.15 31.65 32.20 33.22 33.33 34.01 34.15 34.58 35.19
traj-12:
37.80 36.28 35.56 33.71 33.34 31.51 30.17 29.42 27.50 25.75 23.87 23.68 23.66 23.64 23.29 23.27 23.04 22.85 22.55 22.43 22.56 22.37 22.05 20.36 19.50 17.75 15.98 14.79 13.06 11.28  9.76  8.77  7.28  5.63
23.06 23.32 23.43 23.71 23.70 23.69 23.66 23.81 24.03 24.21 23.81 23.08 21.49 19.77 18.01 16.36 14.81 13.25 11.30  9.50  7.69  6.34  5.49  4.82  4.80  4.66  4.60  4.68  4.83  4.89  4.96  5.50  5.92  5.50
traj-13:
34.95 33.26 31.84 30.14 29.01 27.27 25.91 24.45 23.75 22.53 22.14 20.38 19.52 18.32 17.44 15.67 14.48 13.59 11.71  9.83  8.27
24.02 24.25 24.45 24.67 24.85 24.90 24.91 23.98 23.84 23.03 22.66 22.75 22.72 22.67 22.56 22.40 22.25 22.13 21.82 21.69 21.48
traj-14:
33.77 32.46 30.57 29.97 28.03 26.71 25.72 24.52 23.15 22.41 22.10 21.65 20.97
23.33 23.39 23.33 23.29 23.28 23.35 24.05 24.91 26.12 26.90 28.84 30.42 32.00
traj-15:
36.65 35.62 34.16 32.82 31.98 30.67 30.13 28.67 26.68 24.70 24.45 24.22 23.90 23.50 23.04 22.93 22.58 22.53 22.44 22.36 22.40 22.45 22.39 22.33 22.15 20.61 18.87 17.11 15.92 14.15 12.41 11.00  9.14  8.84  7.04  5.24
24.16 24.32 24.57 24.81 24.85 24.83 24.82 24.82 24.83 24.82 23.65 22.50 21.02 19.36 17.54 17.06 15.61 14.49 13.18 11.72 10.24  8.70  7.75  5.80  5.56  4.89  4.72  4.70  4.75  4.72  4.82  4.86  4.95  4.94  4.97  5.17
traj-16:
34.98 33.52 32.93 31.20 30.02 28.54 26.74 25.09 24.78 23.24 21.35 19.64 18.77 17.01 15.24 13.96 12.22 11.71
24.09 24.18 24.22 23.93 24.00 24.07 24.16 23.53 23.51 22.74 22.29 22.26 22.23 22.14 22.10 21.74 21.41 21.28
traj-17:
33.62 32.48 30.84 30.39 28.63 27.04 25.57 24.45 24.45 24.44 25.12 25.82
23.22 23.18 23.40 23.60 24.42 24.89 24.86 26.31 27.21 28.68 30.34 31.47
traj-18:
36.61 34.73 32.83 31.88 31.30 29.41 27.54 25.76 25.07 23.84 23.71 23.56 23.32 23.25 23.06 22.86 22.68 22.57 22.39 22.31 22.17 22.14 20.37 18.94 17.20 15.46 14.86 13.12 11.94 10.15  9.71  8.48  7.32  6.72  5.39  5.02
24.69 24.73 24.78 24.80 24.77 24.76 24.51 23.66 23.13 21.73 19.97 19.46 17.57 16.92 15.72 13.73 12.45 11.56 10.06  8.61  6.85  5.24  4.77  4.69  4.82  4.81  4.84  4.88  4.91  4.88  4.84  6.11  7.31  7.91  9.23  9.57
traj-19:
38.96 37.48 36.61 34.88 33.14 31.72 30.27 28.31 27.46 26.27 24.54 22.67 21.41 19.64 18.46 16.67 14.89 13.22 13.74 14.26
24.99 24.88 24.83 24.77 24.65 24.82 24.84 24.75 24.69 24.61 24.54 23.93 22.72 22.64 22.58 22.53 22.45 21.95 20.58 19.37
traj-20:
38.23 36.67 36.09 34.22 32.56 31.49 29.67 27.99 26.66 25.56 24.52 23.61 23.19 23.06 21.99 21.69 20.57 18.73 17.03 15.62 14.08 13.67
23.11 23.14 23.19 23.32 23.42 23.63 24.08 24.41 24.69 24.97 26.17 27.31 29.08 29.64 30.99 31.44 32.96 33.54 33.62 33.73 34.48 34.69
traj-21:
35.84 34.86 33.01 32.81 30.84 29.21 27.52 26.03 24.45 23.76 23.63 23.23 23.16 23.11 23.03 23.00 22.27 22.12 22.06 22.05 21.06 19.34 17.90 16.45 14.97 13.24 12.94 11.18  9.26  8.48  7.57  6.52
23.72 23.52 23.29 23.29 23.26 23.19 23.12 23.01 22.16 20.36 19.78 17.85 16.56 14.93 13.80 11.99 10.13  8.54  6.69  5.93  4.30  4.23  4.20  4.21  4.27  4.31  4.34  4.41  4.62  4.75  5.04  5.27
traj-22:
37.50 36.63 35.08 33.46 32.28 30.53 28.80 26.81 25.95 24.45 24.15 22.20 22.10 20.40 19.21 17.46 16.57 15.09 14.41 12.55 10.95  9.47  7.73  6.55  4.91
24.53 24.64 24.84 24.88 24.87 24.87 24.85 24.98 24.99 23.93 23.66 23.80 21.86 22.63 22.48 22.33 22.23 22.06 21.70 21.31 20.73 20.17 19.58 19.23 18.80
traj-23:
35.24 33.79 32.38 31.20 30.32 29.15 27.16 25.42 23.64 23.18 22.64 21.44 20.46 18.60 17.09
24.40 24.62 24.85 24.88 24.89 24.90 24.88 24.78 25.49 27.27 29.13 30.25 30.54 30.64 30.33
traj-24:
36.58 34.63 33.81 32.35 30.61 29.48 28.61 27.15 26.28 24.80 24.75 23.96 23.64 23.37 23.22 22.95 22.62 22.70 22.81 22.98 22.90 22.63 22.47 22.54 22.25 22.07 21.11 19.38 18.79 17.37 16.73 14.97 13.78 12.33 10.57  9.98  8.87  8.57
24.37 24.75 24.76 24.79 24.85 24.85 24.86 24.87 24.83 24.63 24.33 22.61 20.90 19.99 19.53 18.33 17.19 15.32 14.21 13.06 11.96 10.31  8.76  8.09  7.08  6.31  4.77  4.58  4.49  4.37  4.29  4.30  4.40  4.59  4.74  4.76  6.40  7.77
traj-25:
37.46 36.64 34.98 34.16 32.39 30.62 28.88 27.46 26.16 25.42 24.15 22.87 21.07 19.28 17.51 15.72 14.84 13.97 13.13 11.31 10.42  8.88  7.89  6.49
24.43 24.58 24.77 24.83 24.77 24.59 24.71 24.85 24.82 24.83 23.96 23.53 22.88 22.93 22.92 22.88 22.74 22.57 22.31 21.68 21.23 20.38 19.87 19.14
traj-26:
35.02 33.61 32.76 31.31 29.86 28.16 26.98 25.82 24.52 23.69 24.22 24.94 26.12 26.31
24.39 24.74 24.76 24.80 24.86 24.92 24.94 24.97 25.99 27.15 29.06 29.90 31.14 31.38
traj-27:
36.60 34.87 33.13 32.58 30.94 29.65 27.89 25.91 24.24 23.37 22.74 22.70 22.64 22.60 22.62 22.58 22.59 22.68 22.67 22.89 22.98 23.39 22.15 20.19 18.70 17.22 16.34 14.58 13.12 11.15  9.96  8.94  8.74  8.36
24.83 24.84 24.85 24.85 24.85 24.87 24.86 24.84 24.81 23.37 21.67 20.25 19.50 17.62 15.77 14.55 12.97 12.12 11.28  9.59  7.78  5.84  4.35  4.11  4.07  4.09  4.09  4.10  4.13  4.17  4.31  5.84  6.66  8.08
traj-28:
34.67 33.53 32.12 30.14 28.71 26.95 25.78 24.46 22.61 20.98 20.69 18.90 17.42 16.83 15.07 14.07 13.31 11.37  9.97  9.37  7.52  7.09  5.39
24.77 24.79 24.82 24.88 24.92 24.87 24.81 23.87 23.62 22.86 22.83 22.59 22.51 22.46 22.29 22.16 21.96 21.53 21.33 21.42 21.40 21.45 21.40
traj-29:
37.27 36.40 34.68 33.20 31.45 30.58 29.14 27.43 25.76 24.86 24.17 22.98 22.71 21.33 20.05 19.42 18.38 17.67
24.44 24.63 24.89 24.85 24.87 24.87 24.86 24.84 24.88 25.43 26.27 27.84 29.24 30.36 31.64 32.26 33.36 34.08
traj-30:
35.00 33.87 31.89 30.08 29.03 27.16 26.88 25.14 24.75 23.72 23.78 23.76 23.38 23.08 22.88 22.67 22.70 22.80 22.76 22.37 22.02 21.02 20.42 18.95 17.49 15.64 14.19 13.60 11.82 10.08  8.47  6.68  5.92
23.04 23.20 23.23 23.54 23.72 24.34 24.45 23.90 23.88 22.61 21.01 20.48 18.75 16.80 15.24 14.11 12.96 11.00  9.29  7.53  6.15  4.62  4.57  4.35  4.07  4.27  4.48  4.49  4.66  4.69  4.88  4.71  4.66
traj-31:
37.90 36.24 34.27 32.58 31.13 29.67 28.57 26.60 25.66 24.29 23.21 21.32 20.47 18.75 16.98 15.11 13.20 12.41 11.10  9.25  8.04
24.03 24.50 24.75 24.79 24.80 24.79 24.82 24.82 24.74 23.89 23.52 22.94 22.68 22.47 22.41 22.28 22.15 22.19 22.14 21.61 20.06
traj-32:
37.45 36.27 34.86 32.88 31.44 29.66 28.24 27.39 25.66 24.05 23.84 23.18 22.22 21.15 19.84 19.22 17.60 15.90 14.21 12.70 11.21
24.70 24.73 24.80 24.89 24.93 24.90 24.89 24.88 24.86 25.96 26.51 27.91 29.32 30.43 31.32 32.32 33.34 34.31 34.56 34.98 35.35
traj-33:
38.08 37.49 35.54 33.94 31.97 30.48 29.95 28.20 26.87 25.13 24.26 23.35 22.66 22.58 22.48 22.47 22.52 22.59 22.58 22.63 22.84 23.05 23.02 22.02 20.17 18.21 16.45 15.58 13.83 12.64 11.06  9.97  8.30  8.09  7.01
23.08 23.09 23.12 23.37 23.42 23.25 23.19 23.28 23.30 23.24 22.72 21.70 20.25 18.39 17.26 15.52 14.13 13.15 11.89 10.07  8.51  7.76  5.91  5.05  4.38  4.28  4.53  4.67  4.85  4.90  4.91  4.91  5.93  6.49  7.96
traj-34:
37.90 36.18 34.20 32.23 30.24 28.79 26.83 25.98 24.49 24.17 22.98 22.86 21.99 20.28 19.09 17.60 15.83 14.13 12.89 11.19 10.91  9.05
24.63 24.70 24.80 24.85 24.87 24.91 24.88 24.88 25.78 26.28 25.02 24.49 22.80 22.40 22.38 22.32 22.28 21.31 20.62 19.85 19.72 19.28
traj-35:
34.99 33.70 32.14 30.46 29.09 27.69 25.72 23.91 23.33 22.85 22.50 21.81 21.06 20.91 22.01
23.93 23.32 23.38 24.08 24.51 24.85 24.95 25.55 26.40 28.27 29.01 30.58 32.38 34.06 35.53
traj-36:
37.35 35.67 33.74 32.53 31.67 29.99 28.22 26.94 25.44 24.78 24.08 23.47 23.19 23.29 23.12 22.61 22.52 22.65 22.62 22.48 22.38 22.02 22.17 21.03 20.16 18.69 17.83 16.66 15.22 13.28 11.55  9.80  8.96
24.55 24.70 24.89 24.92 24.90 24.93 24.92 24.92 23.88 23.40 22.12 20.72 19.37 17.46 16.09 14.46 13.02 11.99 10.45  9.44  7.93  6.25  4.43  4.13  4.17  4.24  4.29  4.40  4.43  4.51  4.74  4.87  5.96
traj-37:
33.99 32.03 31.46 30.02 29.45 27.99 27.43 25.57 23.95 22.25 20.46 18.69 16.91 16.32 14.56 13.26 11.72 11.46
24.53 24.60 24.67 24.76 24.80 24.71 24.66 24.40 23.73 23.17 22.76 22.60 22.41 22.34 22.11 21.43 20.66 20.51
traj-38:
34.51 32.64 30.89 29.10 27.31 25.42 23.88 23.64 23.64 22.97 22.79 21.81
23.13 23.29 23.46 23.70 24.48 24.82 26.00 26.18 26.29 28.14 29.34 30.98
traj-39:
37.12 35.64 33.91 33.05 31.40 29.42 27.44 25.92 24.49 24.26 23.30 23.09 22.88 22.86 22.89 22.92 22.83 22.70 22.61 22.52 22.43 22.33 22.57 22.59 22.03 21.23 19.44 17.69 17.39 15.62 14.74 13.54 12.09 10.32  9.73  9.59  9.31  8.74  6.97  5.24
24.36 24.19 24.35 24.47 24.65 24.76 24.90 24.97 25.80 25.99 24.65 22.78 21.15 20.99 19.36 18.49 17.48 15.57 14.33 12.71 11.80  9.96  8.18  7.03  6.16  4.64  4.58  4.38  4.37  4.28  4.24  4.21  4.16  4.19  4.25  4.52  4.63  4.74  5.27  4.86
traj-40:
35.39 34.00 32.56 31.68 29.91 29.05 27.91 26.74 25.34 25.00 23.35 21.97 20.14 18.39 17.45 16.08 14.89 13.11 12.47 11.17  9.90  9.35
24.67 24.81 24.92 24.90 24.87 24.84 24.80 24.77 24.77 24.06 23.16 22.91 22.57 22.44 22.39 22.30 22.17 22.06 21.74 20.33 19.57 19.36
traj-41:
38.63 37.12 36.26 34.74 34.14 32.39 30.65 28.79 27.13 25.34 23.43 23.20 23.09 22.86 21.65 19.78 18.45 16.90 15.49 14.36 12.96 11.63 11.07
23.16 23.13 23.12 23.07 23.04 23.20 23.07 23.16 23.57 23.60 24.02 25.85 27.74 29.46 30.85 31.19 31.40 32.39 33.45 34.10 35.00 35.52 35.74
traj-42:
39.08 37.91 36.15 34.40 32.45 31.00 29.16 28.16 26.73 25.26 24.88 23.95 23.75 23.40 23.02 23.03 22.90 22.64 22.32 22.07 22.09 21.25 20.07 18.58 17.13 15.37 13.60 12.16 11.01  9.37  8.56  7.91  7.86  7.68
24.84 24.93 24.89 24.80 24.77 24.78 24.81 24.75 24.66 23.61 23.53 21.96 20.18 18.61 17.06 15.36 13.47 11.50  9.59  7.83  5.95  4.47  4.37  4.25  4.11  4.09  4.11  4.17  4.19  4.43  5.36  7.23  7.53  9.28
traj-43:
37.75 36.04 34.33 33.74 32.30 31.42 29.42 27.69 26.05 24.36 23.47 22.45 21.67 20.25 19.36 17.57 16.09 15.22 14.63 12.94 12.88 12.73 12.37
24.53 24.72 24.77 24.82 24.88 24.94 24.94 24.94 24.96 26.00 24.33 22.78 22.80 22.82 22.73 22.51 22.33 22.17 22.06 21.54 20.59 19.26 18.03
traj-44:
35.45 33.86 32.91 31.50 30.38 28.43 27.29 26.12 24.62 24.41 23.70 22.96 22.85 21.82 22.33 22.74 21.40 20.07
23.31 23.41 24.05 24.33 24.56 24.76 24.88 24.92 25.69 26.21 28.03 29.72 30.00 31.43 33.32 35.15 36.35 36.93
traj-45:
34.46 33.03 32.46 30.55 29.07 27.80 27.76 26.51 25.16 23.97 23.67 23.53 23.54 23.41 22.99 23.24 23.20 23.22 22.91 22.77 22.54 22.07 21.05 19.29 17.50 15.74 13.99 12.53 10.78  9.59  7.93  6.39
24.18 24.47 24.58 24.58 24.63 24.70 24.69 24.68 23.77 22.27 20.31 18.87 16.99 15.77 14.59 13.49 11.70 10.79  9.03  7.82  6.82  5.27  4.10  4.09  4.11  4.14  4.26  4.31  4.30  4.36  4.41  4.38
traj-46:
38.85 37.04 35.48 33.78 32.18 30.22 29.11 28.00 26.85 25.14 24.89 23.24 22.63 22.12 21.75 19.83 18.07 17.17 15.68 13.84 12.09 10.60  9.28  8.63
23.03 23.18 23.21 23.33 24.46 24.73 24.80 24.86 24.86 24.88 25.05 25.69 25.07 23.23 22.91 22.60 22.29 22.19 22.14 21.57 20.80 20.28 19.37 18.85
traj-47:
36.66 35.20 33.38 32.78 31.02 29.44 27.73 26.08 24.35 23.84 23.65 22.36 21.30 19.47 18.21 17.17 15.44 14.61 12.74 11.46  9.54  8.06
23.56 23.30 23.58 23.66 24.15 24.72 24.81 24.87 25.76 27.66 29.08 30.43 30.47 30.33 30.40 30.46 31.17 31.62 32.11 32.33 32.56 32.54
traj-48:
33.89 31.95 30.05 28.56 27.43 25.73 23.90 23.60 23.43 23.21 23.12 22.63 22.58 22.61 23.02 23.12 23.59 23.99 24.10 23.53 22.84 22.05 21.21 19.76 18.03 16.84 15.70 14.39 12.62 11.73  9.97  8.94  8.98
24.50 24.69 24.76 24.83 24.84 24.90 24.96 24.96 23.51 22.14 21.23 19.56 17.68 17.20 15.53 14.01 12.86 11.95 10.32  8.84  7.72  6.42  4.76  4.52  4.36  4.30  4.22  4.09  4.19  4.35  4.64  6.04  6.76
traj-49:
36.06 35.47 33.52 32.37 31.38 29.87 28.72 27.56 25.60 23.88 22.94 21.27 20.44 18.66 18.06 16.29 14.81 13.76 11.77  9.87  7.90  6.82
23.38 23.33 23.32 23.23 23.17 23.27 23.31 23.41 23.40 23.43 23.50 22.59 22.72 22.63 22.56 22.49 22.29 22.15 22.11 22.45 22.75 22.91
traj-50:
39.08 37.42 36.29 34.58 33.70 32.05 30.33 29.44 28.00 26.57 25.99 24.28 23.66 22.37 22.10 22.04 21.15 20.03 19.24 19.82 20.09 20.32
23.90 24.42 24.68 24.87 24.91 24.97 24.94 24.94 24.90 24.89 24.88 25.79 26.37 27.08 28.99 29.29 30.45 31.95 33.56 35.07 35.93 36.12
traj-51:
35.82 33.89 33.06 31.13 29.44 27.49 26.69 24.91 24.38 23.84 23.30 22.93 22.57 22.44 22.12 22.07 22.02 22.01 22.04 22.06 21.02 19.86 18.13 17.53 15.81 15.51 13.76 11.97 10.28  9.40  7.66
23.07 23.30 23.37 23.63 23.63 23.94 24.09 23.46 22.41 21.30 19.59 17.79 16.29 14.44 12.93 10.98  9.70  8.36  7.02  6.06  4.64  4.44  4.26  4.22  4.21  4.21  4.10  4.11  4.24  4.35  4.63
traj-52:
35.15 34.29 33.81 31.92 30.07 28.84 27.16 25.65 24.94 23.36 22.14 20.45 19.29 17.83 16.05 15.16 14.92 14.32
23.03 23.19 23.28 23.31 23.35 23.33 24.15 24.42 24.63 23.79 23.00 22.17 22.15 22.07 22.09 22.12 21.94 20.61
traj-53:
36.58 35.03 33.12 32.29 30.62 28.83 28.07 26.54 26.02 24.42 23.24 22.44 22.17 22.06 21.98 21.92 22.87
23.96 23.59 23.29 23.21 23.22 23.36 23.66 24.34 24.50 25.55 26.76 27.51 29.03 30.59 31.68 33.00 34.39
traj-54:
37.86 36.60 34.63 34.32 32.57 31.64 29.95 27.96 26.26 24.62 24.35 24.13 23.99 23.74 23.56 23.21 23.03 22.81 23.25 23.40 23.71 23.26 21.56 20.49 19.02 17.24 16.34 14.60 12.84 11.66  9.67  7.95  6.67
23.30 23.30 23.31 23.33 23.52 23.55 23.65 23.88 24.09 23.58 23.14 21.51 20.55 18.96 17.25 15.31 13.48 11.63 10.28  8.48  6.53  4.67  4.32  4.20  4.11  4.12  4.13  4.12  4.19  4.21  4.26  5.01  6.26
traj-55:
34.45 33.44 31.68 29.86 28.42 26.80 25.71 24.79 23.97 22.27 22.05 21.57 19.59 18.40 16.63 14.84 14.24 12.50 10.74 10.15  8.56  6.99  6.48  4.98  4.77
23.25 23.34 23.36 23.27 24.30 24.63 24.86 25.38 26.30 25.36 23.54 22.71 22.69 22.67 22.56 22.38 22.35 22.32 22.14 22.10 20.98 19.92 19.71 18.53 18.31
traj-56:
37.43 36.02 34.27 33.99 32.30 31.73 30.29 29.71 27.97 26.34 25.52 24.60 24.13 24.10 23.16 22.38 21.50 22.47 23.08 24.23 25.72 27.18
23.33 23.45 24.07 24.16 24.56 24.62 24.80 24.84 24.90 24.83 24.82 25.30 27.19 28.05 29.77 30.99 32.12 33.44 34.34 35.43 36.55 36.73
traj-57:
36.48 34.60 33.88 32.13 31.00 29.29 27.44 26.30 24.50 24.36 23.99 23.81 23.64 23.38 22.95 22.65 22.45 22.43 22.22 22.14 22.13 21.33 19.93 18.17 16.70 15.25 14.66 12.88 11.12 10.53  8.81  7.74  7.18
24.77 24.86 24.88 24.77 24.70 24.58 24.48 24.41 23.90 23.05 21.46 19.53 17.55 15.94 14.07 12.17 10.41  9.17  8.18  6.40  5.86  4.37  4.11  4.09  4.09  4.10  4.10  4.10  4.17  4.24  4.26  5.41  5.76
traj-58:
38.52 37.41 35.71 34.54 33.66 32.19 31.05 30.17 28.71 28.13 26.35 24.92 23.11 22.33 21.11 19.62 18.17 17.57 16.11 14.75 12.83 11.95
24.17 24.56 24.92 24.90 24.87 24.81 24.89 24.89 24.90 24.92 24.84 24.68 24.64 23.83 22.39 22.25 22.10 22.12 22.17 22.22 21.63 20.01
traj-59:
35.67 34.78 33.36 31.48 30.64 28.93 28.63 26.96 25.24 24.65 24.32 24.10 24.40 25.44 26.85 28.46 29.00
23.05 23.07 23.34 23.57 23.68 23.51 23.48 23.14 24.08 24.95 26.58 27.69 29.33 30.55 30.61 30.41 30.43
traj-60:
34.96 34.67 32.69 31.56 29.68 27.82 26.66 24.78 23.96 23.81 22.84 22.84 22.84 22.59 22.74 23.01 23.17 23.63 22.79 22.15 20.19 18.71 17.27 16.11 14.65 12.91 11.73  9.80  9.01  8.77  7.10  7.07  7.27
23.83 23.87 23.95 24.22 23.97 24.24 24.08 23.65 21.89 21.69 20.23 18.30 16.48 14.96 13.04 11.57 10.02  8.23  6.62  5.23  4.99  4.91  4.89  4.87  4.90  4.71  4.57  4.64  4.84  5.01  5.97  7.40  8.79
traj-61:
36.71 34.75 33.92 32.18 31.03 29.31 27.58 25.69 24.25 23.78 22.04 22.06 21.21 19.71 18.82 17.34 15.58 14.99 13.28 12.39 11.27  9.89  7.93  7.37  5.59  5.46
24.63 24.85 24.81 24.74 24.74 24.71 24.64 24.78 25.64 26.01 25.15 24.26 22.63 22.65 22.55 22.47 22.35 22.31 22.28 22.29 22.34 22.33 22.21 22.17 21.31 21.21
traj-62:
37.32 36.49 34.77 32.78 31.61 29.85 28.68 27.24 25.56 24.44 23.05 22.78 22.59 22.33 22.16 20.76 19.09
24.45 24.64 24.90 24.88 24.89 24.81 24.81 24.81 24.79 24.81 26.03 26.54 28.39 29.55 30.41 31.60 31.16
traj-63:
36.11 34.39 32.94 31.23 30.07 28.08 26.94 25.49 24.40 23.64 23.11 22.55 22.48 22.36 22.36 22.24 22.18 22.01 22.02 22.22 22.12 21.84 20.11 18.39 16.92 15.75 14.43 12.83 11.38  9.93  8.37  7.85  6.80  5.80
24.85 24.83 24.79 24.81 24.84 24.84 24.83 23.89 22.38 20.79 18.96 17.09 15.29 13.63 12.15 10.38  9.81  7.96  7.66  5.89  5.30  4.85  4.45  4.43  4.44  4.52  4.60  4.67  4.71  4.78  5.65  5.94  5.12  4.63
traj-64:
38.58 36.91 34.92 34.62 32.92 31.01 29.93 28.30 26.57 25.95 24.42 23.11 21.29 19.67 18.06 16.27 14.50 12.80 11.71
23.76 23.61 23.43 23.40 23.27 23.34 23.31 23.38 23.24 23.18 23.08 22.70 22.61 22.57 22.40 22.21 22.09 22.22 22.35
traj-65:
35.37 33.75 31.80 30.96 29.06 27.56 26.21 24.29 24.16 24.18 24.20 24.09 24.23 24.64
23.28 23.38 23.70 23.44 23.91 23.74 23.73 23.92 25.88 27.37 28.80 30.58 32.52 34.46
traj-66:
35.54 34.97 33.29 32.44 30.73 29.02 27.57 25.83 25.08 23.75 23.45 23.04 22.96 22.96 23.02 23.10 23.12 23.41 23.79 23.90 23.77 23.33 22.96 22.09 21.25 19.46 18.30 16.57 14.85 13.10 11.33 10.44  8.85  7.26  5.64
24.36 24.53 24.85 24.83 24.82 24.75 24.77 24.90 24.86 24.81 23.22 21.81 20.99 19.55 17.62 15.82 13.91 12.05 10.21  9.52  9.15  7.40  6.57  5.74  4.12  4.05  4.21  4.30  4.40  4.48  4.56  4.65  4.86  5.50  6.13
traj-67:
37.95 37.10 35.38 33.61 31.89 30.13 28.40 27.25 25.53 24.44 22.80 21.35 19.96 18.20 17.90 16.16 14.67 13.03 11.20  9.34  8.06
24.70 24.80 24.88 24.85 24.86 24.86 24.86 24.85 24.82 24.67 23.94 22.78 22.77 22.54 22.50 22.31 22.13 21.56 21.52 21.51 21.54
traj-68:
36.71 35.83 33.90 32.14 30.41 29.23 28.11 26.67 25.83 24.22 23.62 22.29 22.03 21.88 20.94 19.62 17.87
24.32 24.47 24.83 24.80 24.78 24.82 24.84 24.85 24.86 25.77 27.05 28.04 29.74 30.00 31.75 32.43 32.46
traj-69:
36.11 34.64 34.09 32.39 31.52 29.76 28.60 27.75 25.76 24.17 23.88 23.40 23.09 22.63 22.78 22.52 22.22 22.18 22.26 22.21 22.21 22.22 22.05 22.00 21.05 19.32 18.42 16.65 15.20 13.42 11.77 10.03  9.73  8.73  7.63  6.91
24.32 24.52 24.58 24.87 24.90 24.91 24.90 24.92 24.92 23.97 22.59 21.10 19.44 18.15 17.16 15.81 13.90 12.20 11.25 10.96  9.72  8.87  7.15  5.66  4.66  4.56  4.60  4.73  4.83  4.85  4.74  4.87  4.87  6.04  7.25  8.02
traj-70:
33.83 33.54 31.72 30.03 29.25 27.27 25.50 24.77 22.86 22.12 20.40 18.61 16.84 15.71 14.02 12.55 11.64 11.30
23.09 23.18 23.16 23.06 23.05 23.16 23.22 23.34 23.59 23.08 22.36 22.23 22.20 22.15 21.10 20.35 19.15 18.33
traj-71:
35.90 34.28 32.84 32.00 30.28 28.62 26.88 24.92 23.26 23.20 22.54 22.56 22.61 21.49 19.68 17.80 16.86 15.21 14.49 12.73 12.10
24.52 24.88 24.89 24.88 24.85 24.86 24.82 24.90 25.97 26.05 27.87 28.46 30.33 31.56 32.28 32.20 32.14 31.91 31.86 31.00 30.44
traj-72:
34.03 33.68 32.06 30.77 30.29 28.43 27.45 25.53 24.03 23.99 23.63 23.28 23.04 22.81 22.41 22.21 22.13 22.37 22.51 23.04 23.43 23.44 22.61 21.08 19.35 18.77 17.33 16.73 14.99 13.83 12.39 10.60  9.16  7.49  6.70
23.48 23.52 23.89 24.37 24.47 24.68 24.80 24.86 23.76 23.46 21.67 20.12 18.43 17.70 15.77 14.03 13.25 11.61 11.14  9.67  7.92  6.83  5.32  4.87  4.90  4.91  4.86  4.84  4.82  4.74  4.66  4.75  4.88  5.47  6.09
traj-73:
35.86 34.81 33.13 31.23 29.74 28.34 26.61 24.77 23.13 21.54 20.42 18.75 17.28 15.49 13.84 12.34 10.67 10.09
23.80 23.83 23.91 24.08 24.04 24.35 24.69 24.50 23.66 22.95 22.50 22.42 22.35 22.15 21.66 20.76 19.74 19.41
traj-74:
34.69 33.93 32.03 30.14 28.88 26.91 25.02 24.02 23.07 22.66 22.50 22.25 21.22 20.84 19.05 17.41 16.00 15.99
23.48 23.33 23.12 23.25 23.33 23.59 24.01 25.03 26.75 28.50 29.51 31.09 32.24 32.67 33.13 33.53 34.73 35.59
traj-75:
38.26 37.18 35.19 33.50 32.07 30.91 29.53 27.57 25.80 24.23 22.94 22.69 22.41 22.42 22.49 22.82 23.25 23.76 23.65 23.42 23.49 23.06 23.03 22.50 22.35 21.08 20.50 19.06 17.30 15.81 14.05 12.59 11.70 10.52  9.64  8.43  7.78
24.01 23.88 24.04 24.44 24.72 24.78 24.82 24.91 24.98 25.78 24.27 23.39 22.50 20.55 19.77 18.05 16.13 14.74 12.80 10.88  9.69  7.98  7.69  5.90  5.64  4.31  4.26  4.21  4.23  4.29  4.43  4.60  4.70  4.70  4.71  5.48  6.59
traj-76:
34.36 32.43 30.61 28.65 26.68 25.07 24.58 22.88 22.84 22.24 21.28 19.52 18.05 17.15 15.29 13.80 12.96 11.14  9.25  7.46  5.89  4.13
24.14 24.34 24.60 24.77 24.89 24.95 25.30 25.84 25.44 23.62 22.16 22.08 22.03 22.01 22.11 21.37 21.21 20.82 20.63 20.59 20.49 20.35
traj-77:
35.78 34.13 32.38 30.90 28.96 28.69 26.86 25.61 24.70 24.21 24.17 24.33 24.48 24.38 24.07 22.69 21.17 19.98 18.51 16.64 15.32 13.89
23.73 23.47 23.27 23.35 23.47 23.58 24.27 24.87 25.35 26.89 27.47 29.39 29.92 31.91 32.21 33.06 34.07 33.95 33.80 33.92 34.20 35.15
traj-78:
35.21 34.35 32.42 30.91 29.48 28.60 27.42 25.68 25.39 23.46 23.02 22.78 22.79 22.86 22.91 22.91 22.86 23.34 23.46 23.25 22.80 22.76 22.20 21.91 20.38 19.79 18.02 16.52 14.63 13.74 12.28 10.93  9.95  8.60  8.27  7.96  7.80
24.37 24.49 24.65 24.76 24.89 24.85 24.84 24.80 24.73 24.57 22.79 21.28 20.69 18.90 17.11 15.23 13.55 12.04 10.68  8.99  7.60  7.07  5.45  4.96  4.39  4.27  4.02  4.14  4.35  4.45  4.63  4.75  4.84  6.24  7.42  9.12  9.97
traj-79:
35.15 33.83 32.51 30.55 29.01 27.20 26.13 25.05 24.44 22.95 21.02 19.54 17.79 16.90 15.72 13.95 12.78 11.43  9.55  8.67
23.07 23.08 23.29 23.31 23.42 23.31 23.28 23.30 23.25 23.07 22.74 22.57 22.42 22.35 22.30 22.26 22.08 21.91 21.76 21.68
traj-80:
37.48 35.77 34.65 33.21 31.47 30.34 28.88 27.19 26.34 24.67 24.77 24.83 24.68 24.32 24.18 24.10 24.08
24.45 24.61 24.73 24.81 24.88 24.88 24.93 24.96 24.97 25.90 27.62 28.19 29.62 31.30 31.79 33.33 34.62
traj-81:
35.95 34.15 33.01 31.35 29.57 28.34 26.46 24.61 23.51 22.51 22.52 22.67 22.53 22.58 23.18 23.02 23.16 23.09 23.40 24.08 23.66 22.14 20.94 19.35 17.61 16.14 15.56 13.81 12.33 11.73  9.96  8.37  8.07  7.09
23.94 23.86 23.75 23.70 23.68 23.69 23.92 23.82 22.27 20.81 19.44 17.87 16.70 15.25 13.46 11.65 10.73  9.23  7.26  5.63  4.63  4.40  4.19  4.27  4.48  4.53  4.56  4.74  4.82  4.83  4.92  5.74  6.46  8.17
traj-82:
36.37 34.76 33.04 31.58 30.01 28.75 27.35 26.43 25.36 23.47 22.10 21.52 19.57 17.83 16.38 14.61 13.71 11.75 10.33  9.17  8.77
23.00 23.03 23.09 23.14 23.30 23.31 23.46 23.54 24.21 23.74 22.32 22.39 22.63 22.51 22.42 22.29 22.19 21.87 20.54 19.58 19.26
traj-83:
36.03 35.50 33.73 32.06 30.34 28.64 28.10 26.65 25.78 24.62 24.25 23.43 23.20 22.06
23.50 23.46 24.05 24.30 24.50 24.71 24.72 24.85 24.87 26.20 27.29 28.89 29.30 30.75
traj-84:
38.43 37.58 36.40 34.62 33.19 31.41 29.95 29.40 27.49 26.63 25.29 24.65 23.79 23.72 23.36 23.06 22.96 22.86 22.38 22.41 22.56 22.58 22.64 21.13 19.68 17.91 16.43 15.27 13.48 12.32 10.59  9.99  8.70  7.92  7.64
24.86 24.81 24.81 24.88 24.87 24.90 24.88 24.86 24.87 24.85 23.92 22.70 21.03 20.10 18.34 16.58 14.69 13.33 11.74 10.36  8.52  7.30  5.94  4.91  4.84  4.87  4.86  4.88  4.87  4.88  4.89  4.89  5.84  5.05  4.05
traj-85:
37.99 36.27 34.59 33.43 32.57 31.14 29.40 27.68 26.81 24.84 24.25 22.56 22.04 21.17 19.38 18.22 16.73 15.54 13.96 12.60 11.49 10.46
24.08 24.30 24.45 24.59 24.65 24.76 24.86 24.83 24.83 24.73 24.69 23.88 23.37 22.06 22.12 22.07 22.08 22.07 21.56 21.18 20.71 20.33
traj-86:
34.92 33.73 32.33 30.89 29.76 28.04 26.32 25.73 24.05 23.25 23.22 24.21 25.67 27.37 28.03 29.96 31.69
23.51 24.08 24.35 24.59 24.73 24.82 24.67 24.63 25.64 27.41 29.09 29.76 30.65 30.47 30.38 30.47 30.42
traj-87:
38.56 36.57 34.59 32.86 31.37 29.72 28.47 26.73 25.92 24.37 23.84 22.97 22.60 23.29 23.26 23.30 23.21 23.07 22.99 22.73 22.57 22.44 22.37 21.41 19.50 18.33 16.56 15.10 13.92 12.74 11.58  9.82  8.97  8.74  8.67
24.86 24.84 24.88 24.93 24.90 24.87 24.82 24.83 24.81 23.82 23.20 21.96 20.22 18.50 16.63 15.26 13.56 12.19 11.33  9.59  7.81  6.33  5.74  4.27  4.16  4.29  4.43  4.49  4.57  4.66  4.72  4.83  6.11  7.96  8.25
traj-88:
34.94 33.80 32.15 30.41 29.28 27.58 25.84 24.60 24.30 24.01 23.02 22.78 22.55 23.15 23.15 22.25 21.04 20.16 19.26 17.53 15.78 15.48 14.02 13.66 12.33 10.91
24.76 24.81 24.81 24.86 24.87 24.92 24.93 25.80 26.93 28.05 29.42 28.98 27.02 25.40 25.10 23.45 22.79 22.43 22.33 22.13 22.19 22.19 21.36 20.88 19.63 18.32
traj-89:
37.47 35.79 33.85 32.41 30.69 29.53 27.56 26.39 25.06 24.02 23.79 23.95 25.11 26.21 27.59 28.56 30.17 30.64
24.07 24.54 24.90 24.87 24.88 24.83 24.92 24.94 24.94 26.60 27.18 28.74 30.21 31.03 32.31 33.06 34.17 34.48
traj-90:
33.77 32.89 31.48 30.62 28.67 27.56 26.12 24.49 23.39 23.54 23.08 22.83 22.52 22.52 22.68 22.90 22.92 22.83 22.45 22.29 22.19 22.10 21.23 20.62 18.93 18.36 16.59 16.29 14.54 13.12 12.43 10.66  8.93  7.52
24.91 24.86 24.73 24.67 24.79 24.87 24.94 25.86 24.27 23.37 21.71 20.99 20.28 18.44 17.44 15.53 14.19 12.86 10.97  9.42  7.98  6.24  4.69  4.64  4.41  4.22  4.12  4.13  4.30  4.24  4.17  4.40  4.57  4.77
traj-91:
34.30 32.73 31.71 30.83 28.87 27.15 26.26 24.50 24.32 22.81 21.35 19.52 18.39 16.90 15.54 14.33 13.87 12.72
24.74 24.75 24.77 24.78 24.81 24.74 24.66 23.96 23.77 22.68 22.16 22.09 22.07 22.10 22.11 21.25 20.75 19.27
traj-92:
37.11 36.43 35.24 34.66 32.70 31.54 29.82 28.97 27.56 25.57 24.52 24.23 24.32 24.77 25.21 25.75 26.35 26.61 27.73 29.64
23.41 23.50 24.39 24.56 24.73 24.70 24.81 24.82 24.81 24.79 25.36 26.52 27.99 29.90 30.97 32.32 33.76 34.28 35.72 36.31
traj-93:
33.60 32.17 30.93 29.59 28.03 26.10 25.04 24.40 23.76 23.63 23.29 23.40 23.50 23.85 23.67 24.08 23.90 23.35 22.67 22.02 20.40 19.82 18.06 16.89 15.44 14.28 12.81 11.67 10.51  9.34  8.00  7.46  6.42  6.23
23.67 23.55 23.34 23.26 23.24 23.25 23.27 22.83 21.30 19.76 18.45 17.06 16.33 14.45 12.61 10.97  9.07  7.87  6.42  4.66  4.24  4.21  4.24  4.34  4.40  4.34  4.41  4.48  4.49  4.59  5.20  5.95  7.30  7.54
traj-94:
35.46 34.84 33.06 31.27 29.44 27.69 25.75 24.74 23.25 21.52 19.52 17.59 16.56 15.10 13.91 12.58 11.10 10.10  8.98  7.46  6.77  5.37
24.08 23.89 23.81 23.83 23.83 23.85 23.69 23.55 22.98 22.46 22.45 22.33 22.29 22.25 22.20 21.71 21.14 20.76 20.27 19.34 18.95 18.18
traj-95:
35.03 33.57 32.15 30.48 29.04 27.34 25.86 23.97 23.15 22.79 22.60 22.46 22.06 21.91 19.96 18.08 16.66 14.97 14.39 13.19 12.45 11.46  9.84  8.28  6.55
24.71 24.75 24.80 24.88 24.89 24.93 24.93 25.58 26.36 26.82 27.81 28.45 29.82 30.56 30.85 30.60 30.61 31.29 31.79 32.68 33.19 33.84 34.58 35.42 36.34
traj-96:
34.61 33.79 32.03 30.12 29.56 27.63 25.92 24.53 24.28 23.68 23.04 22.47 22.18 22.19 22.27 22.46 22.66 22.80 22.89 23.11 23.14 21.88 21.47 19.53 18.06 16.33 14.61 14.31 12.55 11.67  9.86  8.85  7.79  7.19  6.06  5.08
24.03 24.01 24.04 24.38 24.50 24.72 24.81 23.79 23.10 21.78 20.85 19.13 17.22 16.75 15.22 13.60 11.68  9.77  9.42  7.72  6.49  4.96  4.91  4.69  4.63  4.60  4.57  4.54  4.44  4.41  4.31  5.07  6.51  8.19  9.07  9.38
traj-97:
36.01 35.47 34.06 32.40 30.73 29.60 27.78 25.84 24.39 23.84 22.35 20.51 18.76 17.00 15.72 14.30 13.50 12.27 10.45  9.05  7.46  5.62
24.56 24.65 23.90 23.75 23.65 23.68 23.35 23.17 23.18 23.10 22.88 22.74 22.53 22.33 22.25 21.50 21.26 21.01 20.67 20.20 19.54 18.87
traj-98:
33.80 32.64 31.75 30.03 28.06 26.36 24.60 24.49 24.45 24.31 23.50 22.12 21.90 20.44 18.73 17.08 16.44 14.86
24.52 24.60 24.67 24.82 24.92 24.98 25.88 27.34 28.22 29.33 30.95 32.34 32.96 34.02 34.82 35.57 36.12 36.90
traj-99:
34.03 33.50 31.61 30.60 29.47 27.79 26.53 24.74 24.90 23.92 23.44 22.88 22.86 22.78 22.69 22.52 22.59 22.40 22.35 22.34 22.64 22.01 20.15 19.27 17.51 15.74 15.29 13.39 11.64  9.86  8.58  7.94  6.79  5.49
23.84 23.85 23.99 24.11 24.29 24.61 24.76 23.95 23.69 22.10 20.75 19.77 17.90 16.86 15.16 13.48 11.83 10.03  8.66  7.07  5.21  4.61  4.12  4.10  4.06  4.30  4.31  4.45  4.59  4.68  6.03  6.68  7.67  8.78
traj-100:
37.08 35.93 34.49 33.03 32.16 30.42 28.68 27.01 25.43 24.99 23.50 23.19 23.06 21.59 20.57 19.39 17.64 15.88 14.26 14.38
24.43 24.63 24.87 24.89 24.89 24.90 24.90 24.89 24.91 25.20 26.43 25.10 24.07 23.00 22.53 22.34 22.30 22.30 21.21 20.37
traj-101:
38.74 38.00 36.38 34.60 32.85 30.93 29.06 27.69 26.16 24.70 24.25 24.13 24.28 24.23 23.68 22.12 21.82 19.89 18.66 16.89 16.38 14.82 13.40 12.18 11.31
23.59 23.32 23.15 23.15 23.13 23.03 23.15 23.29 24.27 25.08 25.76 27.59 28.24 29.70 31.28 32.08 32.14 32.50 32.70 33.21 33.33 33.26 33.73 34.03 35.14
traj-102:
34.40 33.62 31.90 30.71 29.24 28.52 27.24 26.05 24.62 24.62 24.00 23.74 23.76 23.62 23.51 23.32 23.08 22.85 22.47 22.14 21.19 19.27 17.56 15.81 14.62 13.14 11.30 10.27  9.91  8.22
23.88 23.75 23.58 23.48 23.36 23.33 23.20 23.09 22.03 21.44 19.99 18.15 16.56 15.09 13.40 11.62  9.68  8.45  7.21  5.98  4.79  4.33  4.14  4.11  4.07  4.11  4.27  4.45  4.52  5.57
traj-103:
33.87 32.14 31.57 29.59 28.44 26.79 25.09 24.25 23.23 22.79 21.03 19.70 17.93 16.43 14.65 12.79 11.89 10.15  8.50
24.73 24.72 24.75 24.84 24.90 24.96 23.98 23.87 23.34 23.11 22.65 22.51 22.43 22.35 22.21 21.80 21.41 20.44 19.40
traj-104:
35.51 33.90 32.15 30.46 28.78 27.64 26.75 25.08 24.20 23.22 23.14 22.61 22.01 21.07 19.33 18.20 16.61 15.19 14.07
23.32 23.48 23.50 23.43 23.44 23.37 23.38 24.08 25.04 26.66 27.45 28.91 30.28 31.66 31.73 31.57 31.85 32.46 32.84
traj-105:
35.17 33.62 33.10 31.33 30.77 28.94 28.15 26.68 25.31 24.96 24.45 24.18 23.87 23.49 23.14 22.92 22.82 22.64 22.85 23.22 22.84 22.24 22.03 20.36 19.21 18.01 16.82 15.35 13.63 11.89 10.43  9.84  8.89  8.33
24.77 24.81 24.81 24.86 24.87 24.88 24.88 24.90 24.93 23.51 22.66 21.28 19.87 18.03 16.51 14.64 14.16 12.63 10.82  9.03  7.09  6.02  5.68  4.90  4.93  4.89  4.83  4.82  4.87  4.85  4.83  4.81  6.22  7.47
traj-106:
34.60 32.85 30.89 28.94 27.12 25.83 24.51 22.92 21.32 20.73 18.74 17.85 16.08 14.59
23.75 23.22 23.17 23.21 23.24 23.16 23.12 23.16 22.95 22.90 22.72 22.61 22.42 22.37
traj-107:
35.45 33.90 32.50 30.62 29.92 28.02 26.36 25.76 24.44 24.11 23.93 24.13 24.17 23.94 22.23 20.77 19.88 18.63 17.47 15.90 14.00 13.24
23.19 23.22 23.24 23.26 23.26 23.25 23.33 23.38 24.37 25.83 27.64 29.10 30.62 31.59 32.09 32.58 32.49 32.32 32.29 32.24 32.75 32.76
traj-108:
35.94 34.23 32.58 31.98 30.26 28.50 27.05 25.63 24.71 23.93 23.46 23.30 23.32 23.03 22.50 22.22 22.15 22.13 22.10 22.15 22.17 22.13 21.18 19.42 18.53 17.04 15.88 14.11 12.36 11.18  9.71  8.81  8.72
24.53 24.72 24.87 24.88 24.88 24.85 24.84 24.86 25.34 23.67 22.45 21.12 20.82 18.92 17.18 15.90 14.03 12.49 11.13  9.81  7.92  6.21  4.60  4.50  4.46  4.39  4.35  4.27  4.49  4.62  4.81  6.58  8.28
traj-109:
34.91 34.28 32.32 30.57 29.70 28.01 26.52 24.76 23.01 22.08 20.58 19.12 17.46 15.73 14.07 13.82 13.54 12.03
24.56 24.61 24.87 24.85 24.88 24.88 24.88 24.66 23.84 23.45 22.92 22.60 22.32 22.09 21.20 21.03 20.94 20.15
traj-110:
33.86 32.62 31.24 29.55 27.90 26.25 25.68 24.70 23.94 23.60 23.33 22.80 21.89 20.43 19.49 17.70 16.04 14.34 13.78 12.06 10.82  9.49  7.72  7.14
23.66 23.54 23.23 23.20 23.19 24.10 24.48 25.49 27.06 27.70 29.55 30.87 32.12 31.86 31.71 31.34 31.01 31.22 31.22 31.52 31.58 31.79 31.55 31.47
traj-111:
36.29 34.56 33.98 32.36 31.38 30.02 28.56 26.72 25.88 24.09 23.52 23.41 23.25 23.24 23.18 23.05 22.89 23.20 23.21 23.30 23.13 23.04 21.60 21.30 19.41 18.82 17.13 16.53 14.81 13.09 12.51 10.75  9.00
23.06 23.14 23.18 23.22 23.28 23.38 23.61 24.32 24.54 23.68 21.82 20.81 19.27 17.30 15.65 13.91 12.71 10.79  8.88  8.56  6.78  5.59  4.49  4.49  4.36  4.48  4.63  4.66  4.72  4.81  4.77  4.62  4.72
traj-112:
36.73 36.16 34.31 32.93 31.56 30.79 30.30 28.53 26.91 24.93 23.31 22.25 20.68 19.79 18.00 17.14 15.98 14.19 13.90 12.44 10.71  8.99  7.61  6.00  4.29
23.04 23.06 23.21 23.29 23.43 23.48 23.61 24.16 24.43 24.22 23.91 23.37 22.85 22.76 22.68 22.61 22.60 22.46 22.41 22.15 21.43 20.96 20.35 19.36 18.45
traj-113:
35.83 34.73 33.82 31.96 30.62 29.33 27.56 26.60 24.99 23.70 23.98 22.81 21.04 19.85 18.59 16.69 15.06 14.78 13.23 13.01
23.83 23.63 23.75 23.62 23.62 23.79 23.65 24.05 25.12 26.61 28.14 29.72 30.60 31.97 32.57 33.14 33.63 33.74 34.98 35.41
traj-114:
36.53 34.73 33.38 31.44 30.46 28.52 27.46 25.99 24.49 24.27 24.16 22.84 22.78 22.37 22.31 22.23 22.17 22.13 22.23 22.53 23.16 23.00 22.03 21.03 19.25 18.36 16.39 14.63 13.16 11.42  9.64  8.18  7.80  6.59  5.50
23.43 23.38 23.27 23.23 23.15 23.06 23.11 23.11 22.24 22.05 21.77 20.28 18.88 17.47 16.41 15.09 14.38 13.23 11.50 10.03  8.65  7.12  5.87  4.69  4.47  4.43  4.25  4.45  4.65  4.81  4.96  5.96  6.88  8.41  9.92
traj-115:
38.00 36.27 35.97 34.29 32.90 32.09 30.40 28.65 26.94 25.79 24.30 22.48 21.10 19.65 18.46 16.97 15.20 13.41 13.11 11.39  9.40  7.96
23.35 23.71 23.77 24.31 24.45 24.56 24.77 24.79 24.84 24.83 23.90 23.48 22.70 22.65 22.57 22.50 22.33 22.22 22.21 21.95 21.89 21.94
traj-116:
33.87 32.70 30.73 28.74 26.77 25.58 23.85 23.12 23.11 22.26 21.50 20.51 22.05 23.33 25.25 26.93 28.72
23.77 24.07 24.39 24.55 24.85 24.85 25.80 26.80 27.10 28.50 30.07 31.32 32.31 32.55 32.81 32.57 32.22
traj-117:
34.70 33.24 31.52 30.06 28.46 26.86 24.93 24.82 24.55 24.13 24.09 23.58 23.07 22.58 22.72 22.64 22.66 22.25 22.29 22.45 22.02 21.12 19.66 17.94 17.35 15.61 14.14 12.56 10.82  8.95  7.91  8.00
24.86 24.86 24.91 24.90 24.90 24.89 24.59 24.24 23.10 22.25 21.80 20.27 18.59 16.84 15.39 13.69 11.86 10.08  9.12  7.50  6.41  4.72  4.73  4.73  4.78  4.93  4.86  4.71  4.77  4.87  6.47  7.30
traj-118:
33.89 33.31 31.65 30.18 28.74 27.86 26.49 25.65 23.69 22.39 22.12 20.35 18.87 17.10 15.36 14.76 12.80
24.58 24.63 24.90 24.91 24.92 24.92 24.97 24.97 24.99 24.08 23.62 22.74 22.70 22.74 22.59 22.58 22.69
traj-119:
37.78 36.04 34.62 33.14 31.39 29.66 27.68 26.51 24.86 23.56 23.51 23.12 22.97 22.00 20.88 21.77 22.56
24.69 24.88 24.94 24.81 24.85 24.87 24.87 24.91 24.95 26.19 26.62 28.39 29.96 30.86 32.42 33.79 35.23
traj-120:
36.61 34.67 33.19 31.23 30.09 28.37 26.92 25.34 24.65 24.09 23.79 23.43 23.36 23.32 23.26 23.11 23.27 23.38 22.87 22.65 22.16 21.18 20.88 19.13 17.39 15.64 13.90 12.47 11.03  9.71  7.97  6.13  5.90
23.80 23.94 24.25 24.52 24.65 24.86 24.94 23.93 23.21 21.39 20.18 18.60 17.53 15.96 15.60 13.87 12.24 10.61  9.66  7.74  6.46  4.76  4.75  4.79  4.77  4.85  4.84  4.82  4.82  4.87  5.38  5.18  5.17
traj-121:
38.19 36.51 34.53 33.94 32.17 31.05 29.86 28.10 26.36 24.60 23.82 22.42 20.77 19.04 18.74 16.98 15.80 14.04 13.75 12.11 11.15 10.65
24.29 24.52 24.77 24.77 24.87 24.90 24.91 24.82 24.77 23.91 23.54 22.82 22.52 22.53 22.55 22.49 22.30 22.02 21.94 21.48 20.50 19.85
traj-122:
34.85 33.20 31.97 30.02 28.45 26.63 25.07 24.31 23.31 22.39 22.20 21.16 19.33 19.04 17.11 15.72 14.56 12.67 10.93  9.74  8.60
24.05 23.99 23.84 23.45 23.29 23.50 24.47 25.28 26.16 27.67 29.42 30.70 31.21 31.17 30.66 31.06 31.27 31.67 32.38 32.62 33.06
traj-123:
37.67 36.19 35.12 33.46 31.91 30.07 28.33 26.70 25.84 24.11 24.09 23.73 23.63 23.50 23.28 23.20 23.11 23.00 22.92 22.59 22.46 22.06 20.41 18.65 16.89 15.14 13.36 12.19 10.74  9.29  8.45  7.28
23.15 23.15 23.14 23.13 23.04 23.04 23.04 23.03 23.02 22.14 21.62 19.81 17.96 17.22 15.41 13.89 11.99 10.72  8.95  7.04  5.79  5.02  4.47  4.26  4.12  4.08  4.10  4.14  4.15  4.26  4.31  4.36
traj-124:
37.79 36.39 35.37 35.10 33.23 31.59 29.63 28.18 26.19 24.40 23.07 22.06 20.27 19.07 17.61 16.44 14.49 14.19 13.36 12.74
23.22 23.43 23.37 23.50 24.11 24.50 24.82 24.87 24.82 24.66 24.53 22.91 22.19 22.21 22.24 22.23 22.20 22.20 21.94 20.54
traj-125:
38.46 36.80 35.03 34.14 32.87 31.72 29.86 28.68 27.53 25.68 24.10 23.68 23.37 23.30 22.22 20.43 19.86 18.00 17.34 15.39
24.12 23.79 23.35 23.41 23.41 23.33 23.62 24.16 24.18 24.55 25.56 26.95 28.87 29.46 31.04 31.53 31.68 31.28 31.40 31.72
traj-126:
34.97 33.55 32.10 30.35 28.91 27.18 26.88 25.09 24.27 22.65 22.36 22.43 22.49 22.43 22.36 22.43 22.55 22.61 22.75 22.77 23.00 23.31 23.18 22.30 20.65 19.16 18.28 16.67 14.91 13.17 11.45  9.97  8.91  8.53  7.56  6.28
24.57 24.75 24.82 24.83 24.79 24.74 24.73 24.96 24.99 24.84 23.18 22.01 20.98 19.22 17.36 15.92 14.41 13.28 11.55  9.64  9.04  8.36  6.56  5.40  4.67  4.63  4.60  4.56  4.51  4.50  4.42  4.35  5.87  7.49  8.88  9.81
traj-127:
38.31 36.44 34.47 32.77 31.29 30.09 28.89 27.13 25.94 24.21 22.61 20.70 18.95 18.18 16.62 15.80 14.24 13.89
24.26 24.20 23.92 24.04 24.00 23.97 23.95 23.96 24.00 23.64 23.30 22.84 22.63 22.54 22.40 22.29 21.13 20.23
traj-128:
38.46 36.50 34.78 33.91 32.21 30.21 28.47 27.01 26.17 24.58 24.40 23.67 22.87 22.93 24.10
24.13 24.36 24.53 24.61 24.80 24.85 24.86 24.92 24.91 25.76 26.32 28.05 28.79 30.76 32.04
traj-129:
38.02 36.50 34.54 33.84 32.70 32.40 31.27 29.39 27.66 26.83 24.92 24.71 24.29 23.37 23.02 22.69 22.49 22.43 22.53 22.63 23.05 22.84 22.80 22.87 23.06 22.38 21.05 19.58 18.11 16.93 15.19 13.42 11.68 11.38  9.63  9.15  8.85  8.10
23.84 23.93 24.00 24.01 23.99 23.96 24.06 24.47 24.66 24.65 24.75 23.31 22.86 21.23 19.79 18.79 17.26 15.34 14.40 12.88 10.96 10.03  8.19  7.92  7.42  6.08  4.62  4.41  4.39  4.32  4.34  4.49  4.56  4.56  4.65  4.84  4.85  5.36
traj-130:
33.86 32.70 30.99 30.69 28.95 27.19 25.47 24.61 23.28 21.49 19.50 18.60 16.85 15.38 14.78 13.30 12.38 11.51 10.88
24.60 24.67 24.77 24.82 24.91 24.84 24.81 24.68 23.85 22.97 22.88 22.76 22.70 22.47 22.38 21.45 20.37 19.34 18.49
traj-131:
37.76 36.38 34.65 33.18 31.71 30.52 28.82 27.98 25.99 24.92 24.20 24.26 24.11 24.94 26.32 28.23 30.10 32.08
24.31 24.71 24.87 24.86 24.87 24.84 24.81 24.74 24.75 24.87 26.51 27.10 28.81 30.52 31.01 31.26 31.72 31.80
traj-132:
36.31 34.43 32.50 30.55 28.59 26.64 25.07 24.68 24.28 23.72 23.68 23.55 23.45 23.29 23.29 23.12 22.96 22.69 22.17 21.19 19.71 18.83 17.36 15.61 13.84 12.86 11.11  9.64  7.84  6.91
23.83 23.86 23.94 23.94 24.35 24.46 23.91 23.86 22.77 21.04 19.24 17.30 15.62 14.58 13.34 11.54  9.56  7.65  6.37  4.77  4.59  4.48  4.34  4.27  4.17  4.15  4.33  4.48  5.15  5.45
traj-133:
34.33 33.47 32.33 30.34 28.60 27.42 26.56 24.86 23.68 23.06 22.10 21.43 19.44 17.72 15.96 14.42 12.60 12.20
24.65 24.69 24.79 24.87 24.92 24.96 24.98 24.98 25.71 25.35 23.81 22.79 22.70 22.51 22.32 22.12 21.64 19.80
traj-134:
38.97 37.53 36.17 35.31 34.17 32.99 32.11 30.97 29.53 28.95 26.96 25.83 24.81 24.76 24.77
24.18 24.36 24.57 24.73 24.85 24.86 24.86 24.86 24.87 24.88 24.95 24.93 26.42 27.87 29.65
traj-135:
34.44 32.84 31.34 29.38 27.41 25.48 24.05 23.41 23.40 23.73 23.63 22.90 22.62 22.14 22.29 22.39 22.35 22.49 22.56 22.18 20.29 18.84 17.06 15.88 14.70 13.52 11.76  9.86  8.82  7.70  6.98
24.91 24.83 24.77 24.64 24.61 24.44 23.55 21.68 20.43 18.50 18.29 16.44 14.83 13.65 11.76 11.02  9.17  7.19  6.90  5.17  4.64  4.56  4.54  4.67  4.79  4.85  4.94  4.81  6.33  7.93  8.97
traj-136:
35.26 33.55 31.87 31.00 29.05 27.59 26.74 25.28 24.27 22.91 21.03 19.84 18.95 17.50 15.72 14.13
24.09 24.50 24.95 24.88 24.79 24.78 24.72 24.54 23.87 23.23 22.90 22.75 22.63 22.48 22.28 21.41
traj-137:
37.90 36.50 34.66 32.82 31.94 30.33 29.76 28.11 26.19 24.33 23.94 22.77 22.06 22.18 22.32 22.33 22.41 22.56 23.47
23.95 23.81 23.67 23.74 23.95 24.30 24.37 24.68 24.78 24.67 24.06 23.25 23.13 25.11 25.94 27.65 28.84 30.82 31.94
traj-138:
38.55 36.56 35.39 33.91 32.73 31.03 29.26 28.11 26.11 24.90 24.60 23.97 23.80 23.69 23.41 23.26 23.08 23.04 22.81 22.86 22.73 22.73 22.42 22.30 22.11 20.34 19.16 17.40 16.51 14.77 13.33 11.84 10.13  8.70  7.30
24.78 24.84 24.86 24.91 24.89 24.87 24.85 24.85 24.85 24.70 23.26 21.56 20.48 19.67 18.25 16.75 15.07 14.19 12.94 11.79 10.58  9.02  7.31  6.17  5.55  4.67  4.61  4.67  4.77  4.78  4.72  4.63  4.65  4.75  4.76
traj-139:
34.93 34.34 32.92 31.80 30.69 29.01 27.32 25.59 23.96 22.72 21.61 19.88 18.69 17.52 15.75 14.76 14.61 14.52
24.62 24.67 24.72 24.81 24.86 24.88 24.82 24.77 24.56 23.08 22.91 22.63 22.51 22.39 22.15 21.63 19.87 18.68
traj-140:
35.87 34.30 33.15 31.17 30.04 28.18 26.49 25.93 24.37 24.13 23.24 23.27 23.23 22.16 21.25 19.72 19.42 17.54 15.84 14.65 13.02 12.00
23.41 23.51 23.70 23.72 24.18 24.77 24.71 24.73 24.94 25.12 26.89 27.41 28.93 30.44 30.86 31.76 31.74 31.66 31.63 31.60 31.58 31.76
traj-141:
33.78 33.21 31.23 30.39 28.75 27.09 25.95 24.58 24.26 23.73 23.64 23.34 22.82 22.76 22.70 22.40 22.20 22.13 22.15 22.15 22.19 21.41 19.71 19.12 17.65 15.88 14.06 12.32 11.73  9.99  8.32  6.88  5.97
24.61 24.63 24.72 24.77 24.80 24.84 24.91 23.97 23.61 21.88 21.69 19.95 18.71 17.31 16.33 14.68 12.69 10.84  9.09  7.21  5.25  4.45  4.18  4.13  4.14  4.12  4.31  4.47  4.53  4.73  5.78  6.53  6.83
traj-142:
34.28 32.57 30.93 29.05 27.11 26.05 24.25 23.36 21.66 19.97 18.17 16.39 15.79 14.31 12.82 12.52 10.71 10.41  8.61  7.43
23.55 23.54 23.66 23.82 24.25 24.51 24.99 23.71 22.88 22.56 22.41 22.29 22.25 22.12 22.01 21.98 21.74 21.71 21.59 20.40
traj-143:
35.16 34.06 32.83 32.00 30.69 28.72 27.12 25.31 24.24 23.04 22.39 22.20 22.11 22.10 22.95 23.58 23.97 24.72 25.25 26.65 27.55 29.32
23.27 23.20 23.14 23.12 23.16 23.22 23.25 23.35 23.41 23.58 24.92 26.77 28.64 28.94 30.46 31.39 32.45 33.88 34.83 36.21 36.30 36.46
traj-144:
35.54 34.71 33.32 31.37 30.78 29.05 27.36 25.91 24.41 24.02 23.39 22.94 23.11 22.81 22.48 22.39 22.29 22.27 22.36 22.33 22.04 21.25 19.49 18.31 17.42 15.96 14.79 13.03 11.86 10.02  9.28  8.19  6.95  6.00
24.09 24.28 24.55 24.86 24.88 24.90 24.96 24.94 23.86 22.81 21.29 19.45 18.56 16.65 15.73 14.66 12.96 11.45  9.64  7.94  6.04  4.82  4.65  4.55  4.48  4.39  4.36  4.32  4.31  4.41  4.56  5.66  7.20  8.72
traj-145:
34.20 32.55 31.00 29.07 28.10 26.50 24.76 23.09 21.79 21.01 19.24 17.48 16.89 15.40 13.75 12.25 10.45  8.80  6.84  5.30  4.11
23.09 23.17 23.25 23.31 23.32 23.32 23.32 22.85 22.37 22.27 22.05 22.08 22.12 22.18 21.69 20.45 20.77 21.55 21.69 21.62 20.13
traj-146:
38.87 37.08 35.24 34.37 32.83 31.18 29.48 27.79 26.37 24.71 24.44 23.59 23.85 24.09 22.82 21.69 20.06 18.39 16.52 15.14 14.08 12.42 10.75
23.60 23.44 23.50 23.53 23.67 24.10 24.35 24.52 24.71 24.89 25.03 26.82 28.52 30.45 31.79 31.78 31.75 31.87 32.16 32.00 31.95 32.17 32.45
traj-147:
38.29 36.55 34.89 33.16 32.57 30.61 29.15 27.97 25.97 24.93 23.34 22.82 22.58 22.60 22.82 22.86 23.00 22.98 22.96 22.87 22.79 22.46 22.12 21.18 19.72 17.97 16.35 14.88 13.12 11.36  9.90  8.25  6.86  6.21
24.15 24.38 24.53 24.67 24.71 24.88 24.89 24.88 24.87 24.89 23.91 22.51 20.54 18.69 17.41 15.66 14.29 12.43 10.79  9.23  8.51  6.99  6.25  4.62  4.40  4.14  4.24  4.42  4.49  4.69  4.73  5.78  6.56  6.86
traj-148:
35.89 33.96 32.23 31.36 29.61 28.47 26.51 25.92 24.18 23.88 23.50 23.38 21.94 20.23 18.46 16.70 14.93 12.97 11.28 10.14  8.40  8.68
23.97 24.40 24.66 24.80 24.85 24.88 24.84 24.79 24.58 24.52 24.13 23.86 22.75 22.75 22.74 22.78 22.62 22.52 22.42 22.39 21.62 21.50
traj-149:
34.08 32.25 30.29 28.32 27.73 26.28 24.64 24.56 24.06 22.97 22.56 23.29 24.14 24.98 26.74 27.33 28.80 30.27
24.09 24.51 24.87 24.84 24.84 24.88 25.98 27.13 28.96 30.42 31.16 32.90 34.50 35.60 36.42 36.51 36.71 36.92
traj-150:
38.86 37.14 36.34 34.49 32.74 31.27 30.10 28.39 27.26 25.26 24.82 23.01 23.19 23.15 23.28 23.41 23.44 23.49 23.50 23.52 23.62 23.50 23.40 23.35 23.07 22.76 21.79 19.84 18.66 16.92 15.19 14.01 13.12 11.34  9.89  8.94  7.70  7.98  7.02  7.04  7.27
24.68 24.86 24.84 24.86 24.86 24.86 24.87 24.88 24.87 24.82 25.20 25.73 23.85 22.20 20.94 19.37 18.35 16.71 15.84 14.46 12.59 10.95  9.51  8.93  7.48  6.05  4.35  4.27  4.31  4.33  4.34  4.42  4.46  4.59  4.68  5.64  6.87  7.40  9.09  9.81 10.01
traj-151:
34.28 32.88 31.15 30.57 28.85 28.26 26.54 24.78 23.23 23.04 21.44 19.65 19.05 17.29 15.34 13.82 11.98 10.77  9.22
24.49 24.71 24.78 24.81 24.83 24.84 24.78 24.62 23.86 23.63 22.93 22.77 22.73 22.50 22.22 21.83 21.26 20.95 20.63
traj-152:
38.62 36.69 34.88 34.14 32.33 30.35 28.42 26.59 25.56 24.92 23.81 23.41 22.65 22.36 22.20 21.39 20.18 19.43 17.74 15.79
23.32 23.35 23.43 23.27 23.33 23.59 23.79 23.98 24.53 24.87 26.24 27.52 28.21 30.05 30.61 32.40 32.79 33.04 33.48 33.67
traj-153:
38.51 36.57 34.67 33.51 31.52 29.77 28.94 27.45 25.76 24.71 23.89 23.34 22.85 22.37 22.28 22.49 22.50 22.57 22.78 23.01 22.70 22.67 22.32 22.40 22.15 21.15 20.28 18.51 17.93 16.43 14.66 13.78 12.63 11.50  9.96  8.52  8.00  7.84  7.64  7.41
24.00 24.40 24.86 24.86 24.86 24.91 24.91 24.93 24.95 25.62 24.35 23.80 21.91 20.80 20.08 18.19 16.40 15.21 13.29 13.10 11.16  9.37  7.85  7.26  5.59  4.82  4.60  4.50  4.51  4.46  4.39  4.36  4.46  4.54  4.70  5.55  7.47  8.55  9.90 10.09
traj-154:
38.87 37.79 36.10 34.39 32.66 31.23 29.52 27.80 26.09 24.93 24.75 23.31 21.50 19.80 18.01 16.52 15.08 13.61 11.98 10.69  9.74  8.14  6.87  5.59
24.16 24.51 24.81 24.86 24.85 24.81 24.83 24.83 24.88 24.84 23.96 22.67 22.64 22.71 22.52 22.34 22.28 22.14 21.97 21.79 21.72 21.52 21.26 20.58
traj-155:
37.40 36.81 35.33 33.58 31.86 30.68 29.54 27.80 27.21 25.75 24.37 23.65 23.59 23.39 23.35 22.34 21.08 19.75 18.01 16.82 15.13 13.35 11.72 10.05  8.93
24.91 24.91 24.91 24.90 24.88 24.88 24.88 24.88 24.88 24.87 24.92 26.02 26.99 28.67 29.50 30.85 31.33 31.73 32.35 32.86 33.56 34.13 34.78 35.57 35.97
traj-156:
35.96 34.25 32.74 31.53 29.58 28.96 27.79 26.25 24.89 23.93 23.43 23.31 23.17 23.18 23.14 23.00 23.02 22.85 22.86 22.65 22.40 22.16 21.16 20.87 19.15 18.85 17.06 15.87 14.70 12.92 11.34  9.89  8.99  8.78  8.56
23.42 23.82 24.30 24.54 24.87 24.90 24.89 23.90 23.87 22.56 20.87 20.04 18.43 16.56 14.92 13.14 12.12 10.75  9.18  7.28  6.44  5.05  4.46  4.36  4.11  4.12  4.19  4.24  4.29  4.27  4.36  4.59  6.13  8.03  9.90
traj-157:
36.38 34.74 32.82 31.06 30.48 28.78 27.62 25.93 24.65 23.48 22.66 22.41 21.13 20.17 19.58 17.81 16.34 15.15 13.96
24.00 24.34 24.80 24.90 24.91 24.92 24.92 24.90 25.62 26.60 25.58 24.23 22.73 22.26 22.16 22.15 22.18 22.13 22.08
traj-158:
38.79 36.91 35.18 33.37 32.07 30.25 28.31 27.35 25.95 25.19 23.94 22.51 22.50 22.50 22.46 22.15
23.61 23.74 23.68 23.34 23.32 23.45 23.75 23.99 24.28 24.51 25.52 26.68 27.80 29.66 31.36 32.38
traj-159:
34.32 32.56 31.44 29.56 27.67 25.89 24.76 24.28 24.00 23.71 23.69 23.69 23.83 23.80 23.39 23.26 23.10 22.62 22.07 21.17 19.42 17.68 17.10 15.35 13.62 11.87 10.72  9.11  8.50  7.32  6.62  5.17
24.08 24.03 23.69 23.41 23.37 23.21 22.47 21.32 19.65 18.04 16.06 14.42 13.43 12.15 10.68 10.06  9.40  7.62  6.49  4.79  4.73  4.49  4.42  4.58  4.75  4.80  4.85  4.90  5.34  6.29  7.04  7.89
traj-160:
35.26 34.96 33.18 32.88 31.17 29.97 28.08 26.10 24.75 23.50 21.65 19.67 17.92 17.04 15.56 14.97 13.28 11.75 10.02  8.93
23.36 23.34 23.41 23.44 23.36 23.34 23.30 23.15 23.10 23.18 22.91 22.80 22.67 22.55 22.34 22.27 21.32 20.94 20.68 21.22
traj-161:
39.10 37.24 35.87 34.43 33.85 32.27 30.65 29.13 28.53 27.03 25.40 24.07 23.03 22.30 22.13 23.29 24.10 25.91 27.68
24.24 23.60 23.20 23.29 23.37 23.44 23.54 23.71 23.71 24.45 24.77 25.69 26.80 28.56 30.05 31.45 31.66 32.43 33.08
traj-162:
33.86 32.17 31.13 29.82 28.48 27.04 25.57 24.60 23.96 23.49 23.26 23.09 23.01 23.03 22.75 22.46 22.31 22.36 22.44 22.04 20.25 19.07 17.60 16.72 15.54 13.77 12.31 10.56  8.65  6.98  6.44
23.67 23.37 23.36 23.22 23.16 23.12 23.10 22.51 20.88 19.57 17.75 16.04 14.14 13.84 11.96 10.20  8.85  7.21  5.76  5.38  4.64  4.59  4.70  4.73  4.79  4.88  4.80  4.78  4.72  4.59  5.75
traj-163:
38.25 36.55 35.39 34.21 33.35 31.39 30.65 29.09 27.67 25.95 24.52 23.58 21.63 20.23 18.46 17.86 16.10 14.91 13.19 12.89 11.10 10.18  9.20  7.90  6.35  6.09
24.77 24.76 24.78 24.78 24.80 24.86 24.88 24.86 24.88 24.93 23.95 22.61 22.39 22.54 22.51 22.46 22.46 22.37 22.19 22.17 21.63 21.03 20.49 19.75 18.60 18.44
traj-164:
36.76 35.69 34.27 33.44 32.01 30.25 29.41 27.44 26.04 24.47 23.93 23.47 22.80 22.76 21.81 20.92 19.32
24.23 24.63 24.74 24.82 24.86 24.84 24.85 24.88 24.91 25.74 26.75 27.80 29.45 29.75 31.36 31.65 32.03
traj-165:
33.84 32.48 30.90 30.31 28.74 27.46 26.28 25.08 24.52 24.29 23.93 23.45 23.26 22.68 22.54 22.83 22.84 22.92 22.63 22.81 22.15 21.24 20.09 19.21 17.74 16.56 14.80 13.34 12.20 10.43  9.82  9.52  8.70  8.38
23.21 23.20 23.17 23.16 23.11 23.08 23.05 23.05 21.46 20.22 18.49 17.00 16.41 14.73 13.33 11.53  9.69  7.82  6.13  4.47  4.32  4.13  4.10  4.09  4.10  4.11  4.18  4.28  4.23  4.19  4.12  4.70  6.25  7.67
traj-166:
38.59 37.82 36.14 35.10 33.15 31.24 29.33 27.46 26.64 24.69 24.58 23.84 22.58 21.25 20.36 18.89 17.69 15.93 14.45
23.23 23.20 23.28 23.27 23.25 23.52 23.78 24.38 24.61 24.36 23.78 22.54 21.46 22.79 22.70 22.57 22.46 22.31 22.14
traj-167:
38.66 37.22 35.43 34.85 33.15 31.73 30.33 28.89 27.77 26.32 24.76 24.55 24.28 24.88 25.56 24.26 23.97 22.15 21.86 20.02 19.32
23.25 23.42 24.14 24.22 24.44 24.56 24.68 24.75 24.85 24.74 25.71 27.08 28.61 30.41 31.46 32.73 32.79 33.16 33.23 33.81 34.04
traj-168:
36.19 34.82 33.08 31.17 29.65 28.02 26.25 24.88 23.95 23.95 23.95 23.92 23.85 23.73 23.62 23.22 22.80 22.60 22.47 22.39 22.06 21.14 19.96 18.24 17.94 16.20 15.02 13.83 12.30 10.53  9.88  8.35  8.06
23.55 23.55 23.52 23.47 23.52 23.55 23.54 23.67 22.14 21.44 19.98 18.65 17.42 15.66 14.28 12.50 10.55  9.97  8.31  7.39  6.19  4.60  4.39  4.16  4.12  4.15  4.24  4.32  4.40  4.65  4.77  5.90  6.28
traj-169:
38.72 37.88 36.13 34.66 33.53 32.09 30.64 29.75 27.76 26.28 24.63 22.83 22.60 21.47 20.03 19.46 18.88 17.13 15.35 13.84 13.16 12.16
24.98 24.93 24.87 24.88 24.90 24.90 24.89 24.90 24.88 23.98 23.99 24.01 23.97 22.90 22.55 22.45 22.33 22.04 22.05 21.44 20.16 18.90
traj-170:
38.08 36.12 34.94 33.22 32.04 30.27 28.59 27.17 25.45 23.82 23.22 23.09 22.94 24.51 25.02 26.47 28.21 29.31 30.22 31.94
24.53 24.86 24.89 24.92 24.90 24.90 24.86 24.89 24.90 25.64 26.72 28.47 30.33 31.37 31.47 32.66 33.65 34.15 34.45 35.31
traj-171:
39.14 38.85 37.11 35.82 34.25 33.08 31.92 30.20 29.33 27.37 26.78 25.27 24.10 23.76 23.58 23.21 23.04 22.20 22.20 22.39 22.59 22.75 23.20 23.57 23.31 21.59 19.82 18.63 16.94 15.47 13.99 12.53 11.64  9.88  8.48  7.93  7.10
24.53 24.47 24.51 24.62 24.67 24.72 24.77 24.81 24.83 24.87 24.87 23.76 22.98 21.79 20.43 18.48 16.85 15.38 14.59 13.19 11.62  9.66  8.15  6.46  4.67  4.08  4.21  4.34  4.32  4.37  4.46  4.53  4.65  4.81  6.23  7.54  9.19
traj-172:
35.05 33.62 32.04 30.13 28.35 27.76 26.08 25.45 23.55 21.73 20.50 18.76 17.02 15.84 14.19 12.79 12.04 10.56  8.67  6.85  5.27  4.19
23.05 23.11 23.10 23.14 23.18 23.15 23.01 23.04 22.56 22.09 22.06 22.10 22.10 22.12 21.29 21.03 21.13 21.44 21.79 22.10 22.38 22.54
traj-173:
38.76 37.30 36.44 34.73 33.57 32.70 31.22 29.55 27.86 26.16 24.59 24.11 23.36 22.35 21.51 19.57 18.36 16.73 15.83 13.95 13.39 11.92  9.96  8.36
24.90 24.91 24.85 24.89 24.85 24.87 24.85 24.82 24.83 24.84 25.66 26.71 28.23 29.95 30.49 30.39 30.35 30.31 30.24 30.35 30.38 30.45 30.59 30.87
traj-174:
33.99 32.67 31.96 30.29 28.52 27.11 26.26 24.80 24.73 24.10 23.80 23.11 23.01 22.83 22.99 22.77 22.46 22.41 22.48 22.45 22.45 22.58 22.65 22.72 20.90 20.31 18.61 17.14 15.38 13.62 11.89 10.73  9.87  8.51  7.45  6.17  5.36
24.69 24.81 24.84 24.90 24.90 24.91 24.89 24.82 24.53 24.23 24.19 22.47 22.19 20.43 18.59 16.83 15.25 13.43 12.84 11.05 10.09  8.29  6.82  5.03  4.22  4.25  4.40  4.56  4.63  4.67  4.65  4.65  4.70  6.08  7.27  8.50  9.71
traj-175:
34.56 33.05 31.78 30.07 28.38 26.42 24.72 23.15 22.73 20.93 20.08 18.29 16.81 15.06 14.76 12.98 11.82 10.09  8.14  6.37  4.51
23.03 24.08 24.33 24.50 24.69 24.83 24.68 23.80 23.29 22.78 22.73 22.60 22.48 22.41 22.40 22.33 22.15 22.30 22.31 21.44 20.86
traj-176:
38.91 37.72 36.25 34.49 33.03 32.15 30.42 29.56 28.14 26.95 25.40 24.09 23.96 22.66 23.04 23.59 24.39 26.14 27.83
24.89 24.88 24.89 24.89 24.84 24.82 24.86 24.88 24.90 24.95 25.00 25.93 26.45 27.06 28.63 29.38 30.34 30.32 30.29
traj-177:
36.65 36.35 34.48 33.75 32.29 30.58 29.41 28.28 26.31 25.75 24.65 24.08 23.02 22.63 22.22 22.08 22.11 22.17 22.12 22.11 22.12 22.17 22.38 22.56 22.66 22.89 23.06 23.16 21.62 20.14 18.92 17.19 16.02 14.54 12.78 11.00 10.41  8.66  8.37  7.42  6.69
24.43 24.39 24.47 24.54 24.72 24.87 24.84 24.83 24.87 24.88 25.58 26.60 28.24 27.19 25.68 24.27 22.78 21.07 19.60 19.02 17.24 15.25 13.27 11.43 10.05  8.23  7.35  5.39  4.14  4.17  4.14  4.26  4.31  4.37  4.42  4.60  4.66  4.82  5.77  7.09  8.03
traj-178:
36.18 34.74 33.30 32.42 30.67 29.20 27.46 26.32 24.60 24.08 23.45 22.15 20.27 19.38 17.62 17.02 15.54 13.78 12.42 10.95  9.09  8.01  6.67  5.82
24.95 24.93 24.90 24.88 24.84 24.81 24.75 24.67 23.96 23.82 22.12 22.12 22.56 22.47 22.34 22.30 22.20 22.08 21.93 21.89 21.86 21.90 21.64 21.51
traj-179:
36.23 34.49 32.49 31.05 29.60 28.73 27.04 25.57 24.05 23.55 23.50 25.08 26.16 27.18 29.07 29.47 30.85 31.05
24.81 24.90 24.89 24.88 24.91 24.94 24.95 24.95 25.89 27.69 29.29 30.28 30.35 30.53 30.60 31.05 32.41 32.64
traj-180:
35.46 34.89 32.95 31.69 30.32 28.72 26.94 25.84 24.16 23.64 23.43 23.03 22.76 22.18 22.41 22.52 22.68 23.27 23.36 23.23 23.34 22.76 22.47 20.58 19.69 18.51 17.34 15.59 14.12 12.86 11.06  9.07  7.54  6.48
24.79 24.82 24.81 24.85 24.87 24.75 24.53 24.32 23.44 22.42 21.60 19.84 19.15 17.44 15.92 14.95 14.11 12.56 10.57  9.33  7.36  5.46  5.38  4.81  4.70  4.61  4.56  4.47  4.42  4.47  4.50  4.34  4.22  4.14
traj-181:
33.90 32.49 30.49 29.64 28.47 27.60 26.42 24.73 23.88 22.35 21.38 19.47 18.04 16.84 15.08 13.56 12.13 10.75  8.78  7.12  5.29
24.56 24.63 24.73 24.79 24.84 24.88 24.88 24.81 25.04 24.18 22.69 22.33 22.26 22.20 22.10 21.57 21.59 21.64 21.76 21.90 22.01
traj-182:
37.20 36.04 34.85 33.37 32.28 31.20 29.51 28.08 26.34 25.51 24.64 24.58 24.47 23.33 21.80 20.31 18.60 17.51 15.74 14.29 12.64 10.83  9.17  8.61  7.24
23.48 23.41 23.35 23.42 24.02 24.52 24.85 24.91 24.95 24.97 25.53 27.45 28.87 30.33 30.73 31.24 31.96 32.20 32.53 32.28 32.20 31.89 32.44 33.74 34.98
traj-183:
35.36 33.75 32.93 31.01 29.14 27.29 25.83 24.62 24.16 23.99 24.04 23.82 23.64 23.37 23.02 22.82 22.77 22.63 22.10 21.21 20.72 19.75 18.28 16.79 15.34 14.18 12.71 11.25 10.68  8.96  8.54
23.46 24.04 24.27 24.63 24.83 24.75 24.61 23.87 22.09 21.16 19.44 17.57 16.11 14.43 12.81 11.23  9.33  7.38  6.17  4.65  4.57  4.48  4.38  4.40  4.41  4.51  4.61  4.65  4.72  4.96  6.68
traj-184:
33.78 33.08 31.50 30.08 28.72 27.58 25.59 24.11 23.30 21.42 19.49 17.71 15.96 14.47 12.73 10.90 10.49  8.74  7.37
23.41 23.66 24.23 24.48 24.72 24.85 24.83 24.70 23.30 22.89 22.58 22.38 22.29 22.18 21.45 20.71 20.49 19.79 19.30
traj-185:
35.48 34.76 32.90 31.58 30.61 29.17 28.60 27.07 25.79 24.93 24.27 23.56 23.18 22.28 21.19 19.50 17.56 15.67 14.58 13.43 12.04 10.34  9.46  7.92  7.14
23.50 23.51 23.48 23.55 23.47 23.42 23.40 23.59 23.76 24.25 25.16 26.63 27.39 29.15 30.61 31.40 31.61 32.00 32.25 32.46 32.72 33.11 33.24 33.90 34.15
traj-186:
38.23 36.79 36.20 34.75 33.87 32.10 30.69 29.22 27.53 25.83 24.99 23.85 23.60 23.26 23.09 22.80 22.66 22.48 22.58 22.67 22.63 22.61 22.62 22.51 21.53 19.84 18.64 17.47 16.60 15.46 13.71 11.95 10.23  9.63  8.78  7.86  7.20  6.52  5.15
24.98 24.98 24.97 24.94 24.90 24.82 24.77 24.69 24.74 24.62 24.62 23.08 21.45 19.75 19.24 17.69 15.83 14.15 13.23 11.63  9.94  8.42  6.63  6.37  4.79  4.46  4.28  4.22  4.13  4.15  4.16  4.15  4.28  4.32  5.22  6.03  7.01  8.24  9.58
traj-187:
36.95 35.58 34.01 32.26 31.68 29.80 29.04 27.14 25.80 24.77 23.22 21.52 19.82 18.05 16.88 15.71 14.85 14.34 12.79 11.29  9.83  9.22  7.55  6.14
23.85 23.33 23.34 23.48 23.56 23.47 23.35 23.30 23.27 23.34 23.42 22.78 22.40 22.40 22.37 22.31 22.26 21.99 21.23 20.57 20.74 20.59 19.68 18.87
traj-188:
39.09 38.22 37.07 35.32 34.73 32.73 30.98 29.52 28.66 27.50 25.57 24.47 24.28 23.90 24.25 24.56 24.74 24.91 24.97
24.89 24.87 24.88 24.93 24.93 24.93 24.87 24.85 24.84 24.64 24.85 26.50 27.90 29.60 31.39 32.26 33.34 34.68 35.68
traj-189:
36.78 35.60 34.42 33.25 32.39 30.95 29.23 28.10 26.20 24.42 24.33 24.20 24.03 23.87 23.61 23.23 23.53 23.16 23.47 23.38 22.65 22.18 21.07 19.58 17.81 16.35 14.59 13.43 11.84 10.09  9.79  8.26  7.85  6.81  6.34  5.48
24.97 24.92 24.91 24.86 24.89 24.82 24.85 24.91 24.75 23.95 23.07 21.92 20.44 19.30 17.73 15.96 14.06 13.28 11.55  9.57  7.71  5.91  4.32  4.29  4.35  4.48  4.65  4.78  4.69  4.63  4.66  5.45  6.10  7.39  8.15  9.49
traj-190:
37.02 36.14 34.41 32.97 32.11 30.36 28.62 27.19 25.24 23.31 22.89 21.74 19.90 19.30 17.53 16.07 14.34 14.04 12.17 10.23  9.69
24.79 24.81 24.92 24.90 24.88 24.81 24.80 24.80 24.77 24.89 24.26 22.72 22.53 22.49 22.49 22.37 22.21 22.18 21.81 21.63 21.39
traj-191:
34.56 33.68 32.49 30.74 29.04 27.59 26.42 24.68 23.64 23.09 22.18 21.41 20.38 18.44 16.62
24.98 24.98 24.98 24.99 24.93 24.90 24.85 25.74 27.13 28.69 29.90 30.28 31.80 31.98 31.83
traj-192:
34.07 33.94 32.40 32.11 30.39 29.22 27.46 26.61 25.41 23.54 23.62 22.64 22.54 22.50 22.34 22.21 22.30 22.31 22.37 22.40 22.46 22.64 22.08 20.89 19.14 17.36 16.76 14.99 14.66 12.95 11.21  9.25  7.74  6.14  5.56  5.29
23.64 23.67 24.60 24.68 24.88 24.89 24.73 24.67 24.59 23.93 23.64 22.06 20.16 18.30 16.52 15.14 13.59 11.94 11.03  9.44  7.91  6.88  5.21  4.70  4.60  4.70  4.73  4.75  4.75  4.74  4.71  4.89  5.39  6.55  8.25  8.46
traj-193:
39.04 37.27 36.30 34.81 32.93 31.29 29.40 27.71 26.01 24.22 23.93 22.30 20.75 19.57 18.38 17.49 16.03 15.14 13.46
23.30 23.33 23.31 23.28 23.23 23.13 23.01 23.06 23.14 23.07 22.97 22.48 22.12 22.05 22.08 22.07 22.05 22.06 21.39
traj-194:
36.58 35.40 34.25 32.77 31.33 30.44 28.48 26.77 25.36 23.61 22.73 22.51 22.81 21.47 19.56 17.72 17.45 15.83 14.24 13.66 11.85 10.65  9.32  8.03
24.66 24.75 24.89 24.89 24.85 24.84 24.88 24.88 24.92 25.60 26.31 28.26 29.58 30.42 30.77 30.93 31.05 31.59 31.87 31.82 31.95 32.10 31.64 31.14
traj-195:
34.89 33.86 31.89 30.60 29.10 28.32 26.50 24.93 24.75 24.52 24.00 23.86 23.59 23.30 23.04 22.86 22.75 22.50 22.32 22.11 22.06 22.00 21.25 19.58 18.69 17.26 15.37 15.23 13.79 12.00 11.11  9.36  8.35  7.75  7.50
24.07 23.97 23.67 23.61 23.50 23.43 23.56 23.60 23.57 22.73 20.84 19.73 18.75 17.36 15.78 14.59 13.03 11.52  9.56  7.77  6.79  6.20  4.86  4.73  4.72  4.75  4.74  4.75  4.83  4.93  4.89  4.73  6.39  8.13  8.92
traj-196:
36.45 34.74 33.58 31.86 30.44 28.48 27.03 26.16 24.46 23.59 22.71 20.90 20.30 18.52 16.73 15.54 14.25 12.86 12.05 10.43  8.88  8.34  6.91
24.35 24.62 24.67 24.80 24.82 24.87 24.84 24.87 25.77 23.98 23.52 22.77 22.70 22.50 22.35 22.23 21.41 21.07 20.57 19.76 18.90 18.67 18.02
traj-197:
33.84 32.38 31.10 29.31 28.53 26.78 25.98 24.91 24.34 24.01 23.51 22.86 21.31 20.77 19.29 17.97 16.58 15.20
23.48 23.43 23.42 23.27 23.35 24.02 24.42 25.06 26.83 27.92 29.66 31.13 31.12 31.09 31.07 30.95 30.76 30.58
traj-198:
36.70 34.97 33.84 31.86 31.01 29.24 27.80 26.38 25.53 24.25 23.06 22.46 22.56 22.52 22.61 22.78 22.77 22.79 22.84 22.92 22.69 22.44 22.03 21.02 19.26 17.79 16.61 15.16 14.25 12.51 10.76  9.41  8.16  7.28  5.98
25.00 24.85 24.89 24.92 24.93 24.91 24.92 24.93 24.98 25.67 24.06 22.36 20.70 19.36 17.62 16.69 14.81 13.90 12.29 10.49  9.07  7.53  5.99  4.47  4.42  4.34  4.29  4.18  4.22  4.21  4.48  4.80  5.58  6.24  7.10
traj-199:
36.74 36.29 34.41 32.52 30.78 29.62 27.88 26.77 25.63 24.68 23.96 23.13 21.22 20.33 18.57 16.79 15.91 14.47 13.35 12.30 11.03  9.73
23.56 23.67 24.16 24.36 24.49 24.53 24.66 24.83 24.98 25.48 23.99 22.92 22.68 22.59 22.39 22.29 22.21 22.07 21.77 21.63 21.42 21.40
traj-200:
36.24 34.49 32.73 31.03 29.57 27.85 26.37 24.85 24.88 24.85 25.47 26.54 27.56
24.96 24.92 24.91 24.90 24.86 24.85 24.84 25.62 26.94 28.43 30.17 31.29 32.23
traj-201:
34.86 34.26 32.28 30.56 28.99 27.73 26.05 24.88 23.94 22.81 22.68 22.50 22.52 22.48 22.58 22.69 22.76 22.74 22.81 22.67 22.20 21.21 19.43 18.54 16.77 15.29 14.69 12.93 11.47  9.63  8.55  7.49  6.00  5.46
23.51 23.47 23.47 23.36 23.34 23.34 23.14 23.13 22.37 21.04 19.45 17.99 17.10 15.10 14.16 12.35 10.84 10.20  8.39  7.64  6.48  4.84  4.95  4.93  4.88  4.87  4.87  4.81  4.80  4.74  5.91  7.04  7.78  8.06
traj-202:
37.88 36.83 35.13 33.67 32.04 30.15 28.48 27.65 26.28 24.35 23.23 22.41 21.01 20.12 18.34 17.17 16.58 14.84 13.10 11.82 10.23  8.99  7.01  6.77
23.71 23.65 23.68 23.58 23.51 23.38 24.08 24.34 24.63 24.77 24.70 24.05 22.88 22.82 22.60 22.37 22.30 22.12 21.26 21.19 20.76 20.57 20.75 20.93
traj-203:
38.34 37.77 36.02 34.23 32.48 31.04 29.56 28.41 27.30 25.62 24.16 23.54 23.92 24.38 24.52 24.82 24.53 23.81
24.79 24.86 24.92 24.89 24.91 24.90 24.88 24.87 24.86 24.89 25.98 27.77 29.13 30.94 32.74 34.09 35.87 36.38
traj-204:
33.84 31.99 30.08 28.41 27.57 25.90 24.59 24.17 23.81 23.50 22.86 22.68 22.61 22.73 22.53 22.47 22.29 22.11 22.10 20.33 18.84 17.38 15.62 13.86 12.13 10.37  8.75  8.18  6.28  5.79
23.73 24.34 24.76 24.77 24.83 24.91 24.99 23.10 21.83 20.36 18.51 17.41 15.43 13.99 12.28 10.40  8.93  7.38  5.60  4.73  4.72  4.66  4.69  4.65  4.70  4.69  4.79  4.82  5.45  5.64
traj-205:
36.44 34.46 33.29 32.14 30.44 28.99 27.85 26.27 25.70 24.34 23.36 22.31 21.23 19.28 17.49 15.72 13.93 12.36 11.64 11.13  9.83
24.81 24.90 24.90 24.90 24.93 24.91 24.92 24.86 24.95 25.65 25.91 24.36 22.76 22.41 22.28 22.32 22.26 21.25 20.14 19.52 18.18
traj-206:
39.00 37.52 35.83 34.45 32.99 31.80 30.38 28.39 26.39 25.82 24.93 24.34 24.08 24.13 22.78 21.35 19.59 18.02 16.41 14.98 13.73 12.15 10.77  9.12  7.20  6.69
25.00 24.82 24.80 24.81 24.78 24.76 24.76 24.78 24.92 24.93 25.44 26.96 28.93 30.12 31.47 31.86 31.91 31.51 31.13 31.70 32.16 32.76 33.34 33.72 34.18 34.18
traj-207:
36.80 36.51 34.90 33.02 31.47 30.80 29.08 27.89 26.10 25.60 24.92 23.85 23.84 23.85 24.01 24.12 24.03 24.03 23.61 23.42 22.72 22.39 22.22 21.44 19.63 18.74 17.29 15.74 14.08 12.59 11.43  9.97  9.00  8.34  7.92  7.83
24.30 24.38 23.64 23.68 23.67 23.59 23.58 23.51 23.39 23.33 22.98 21.97 20.55 18.55 17.28 15.42 13.69 12.96 11.13  9.25  7.77  7.04  5.27  4.53  4.41  4.43  4.52  4.62  4.63  4.61  4.62  4.75  4.99  6.59  8.26  9.72
traj-208:
34.60 32.85 31.26 30.42 28.66 27.19 25.77 24.75 23.96 23.06 21.42 19.97 18.22 17.92 16.13 14.44 12.85 11.27  9.46  8.41  7.50
23.64 24.43 24.81 24.87 24.90 24.90 24.92 24.92 23.86 23.26 22.74 22.43 22.31 22.31 22.36 22.11 21.48 20.52 20.94 21.19 21.43
traj-209:
34.44 32.53 30.58 29.50 27.61 25.69 24.33 23.65 22.88 22.62 23.13 23.66 24.46 25.50 27.16 28.34 30.11
23.51 23.26 23.13 23.21 23.29 23.59 24.56 26.42 27.45 29.41 31.05 32.62 34.36 35.80 36.37 36.53 36.78
traj-210:
34.30 32.87 31.42 29.68 28.03 27.47 25.76 24.76 23.71 23.37 23.59 23.62 23.14 23.51 23.31 23.14 22.94 22.82 22.83 22.72 22.57 22.19 22.07 21.22 19.30 18.72 17.24 15.48 14.89 13.14 11.40  9.94  8.61  7.44  5.78
24.38 24.54 24.65 24.74 24.81 24.84 24.89 25.41 25.72 25.17 23.21 22.14 20.48 18.86 17.52 16.24 14.29 13.38 11.47 10.33  8.74  6.81  6.05  4.69  4.39  4.31  4.28  4.22  4.16  4.11  4.31  4.43  5.14  6.10  7.01
traj-211:
38.82 38.24 36.48 34.74 32.76 31.30 30.11 28.96 27.52 26.09 25.14 24.00 23.43 21.51 19.52 18.64 16.87 15.68 13.73 11.75  9.77  9.17  7.46  7.16  5.19  4.38
24.71 24.72 24.76 24.79 24.86 24.92 24.87 24.84 24.82 24.84 24.80 23.96 22.77 22.67 22.61 22.52 22.41 22.33 22.18 22.26 22.17 22.13 22.03 22.02 22.19 22.34
traj-212:
37.50 35.57 33.68 32.93 32.65 30.74 29.67 27.83 26.29 25.15 24.88 23.88 23.17 23.41 23.86 24.20 24.68 23.13 21.30 19.38 17.67 16.83 15.96 15.22 13.38 12.69 11.28  9.71
23.60 23.19 23.39 23.55 23.66 24.02 23.68 23.28 23.30 24.07 24.20 24.91 26.63 28.17 29.11 30.56 32.07 33.01 33.44 33.62 33.33 33.25 32.28 31.32 30.79 30.80 30.54 30.38
traj-213:
38.48 37.64 35.68 34.22 32.35 30.63 29.48 27.48 25.90 25.22 24.95 24.91 24.41 23.99 23.62 23.26 22.76 22.47 22.23 22.13 22.13 22.08 22.13 22.17 22.17 22.30 21.24 19.75 18.00 16.23 14.77 13.03 12.73 10.98  9.47  9.20  8.87  7.21  6.71  6.18  5.88  5.08
24.30 24.34 24.49 24.56 24.76 24.91 24.90 24.83 24.76 24.74 24.08 23.78 22.46 21.50 20.29 18.49 17.16 16.16 14.88 13.37 12.78 11.02  9.32  8.45  6.71  5.65  4.05  4.23  4.46  4.38  4.23  4.17  4.14  4.26  4.58  4.71  4.74  5.34  6.57  7.50  8.18  8.89
traj-214:
36.34 36.04 34.28 33.69 31.99 30.20 29.11 27.37 26.22 24.91 23.13 22.57 21.43 19.81 18.64 16.90 15.71 14.08 13.29 12.93
24.72 24.74 24.93 24.91 24.88 24.82 24.78 24.73 24.67 24.58 24.72 24.04 22.66 22.33 22.27 22.25 22.26 21.16 19.32 18.50
traj-215:
37.15 36.54 34.86 33.70 31.96 30.48 29.01 27.43 25.44 24.71 24.72 24.72 24.70 24.69 24.49 23.64 22.07 21.04 19.07
23.34 23.46 24.07 23.96 23.67 23.66 23.47 23.54 23.66 24.71 25.87 27.02 28.13 29.87 31.67 32.41 33.24 33.50 33.61
traj-216:
37.44 36.01 34.56 33.13 32.53 30.82 29.95 28.18 26.42 26.13 24.32 23.80 23.71 23.54 23.17 23.02 22.86 22.51 22.49 22.39 22.17 22.33 22.13 22.04 21.22 20.64 19.20 18.90 17.15 15.38 13.91 12.15 10.37  8.89
24.67 24.89 24.86 24.75 24.79 24.84 24.67 24.52 23.81 23.72 23.52 21.60 20.54 19.59 18.11 17.03 15.71 13.86 12.22 11.87 10.05  8.35  6.66  6.39  4.83  4.68  4.34  4.34  4.28  4.24  4.21  4.24  4.25  4.22
traj-217:
37.37 36.04 34.27 33.97 32.05 31.02 29.27 27.55 26.57 25.63 24.36 24.24 24.02 22.14 21.60 19.64 18.46 17.27 15.48 13.63 12.54 10.72
23.52 23.54 23.67 23.67 23.66 23.49 23.48 23.50 24.21 24.28 24.26 23.15 22.64 22.21 22.31 22.50 22.42 22.34 22.17 21.54 20.57 20.54
traj-218:
35.13 33.42 31.68 29.99 28.58 26.88 25.77 24.83 24.23 24.20 23.31 23.51 23.94 24.95 25.77 27.05 27.82
24.36 24.51 24.61 24.80 24.81 24.87 24.91 25.52 26.45 27.89 29.54 30.39 32.13 33.03 33.89 35.20 35.99
traj-219:
38.62 37.58 36.16 34.44 32.68 31.55 29.88 29.00 27.04 25.60 24.23 22.84 22.11 22.38 22.52 22.97 23.01 23.15 23.29 23.23 23.17 23.14 23.03 22.94 22.77 22.55 22.34 21.13 19.36 17.62 16.75 15.28 14.40 12.92 11.43 10.26  9.08  8.20  7.93  6.35
23.82 24.11 24.42 24.77 24.88 24.87 24.87 24.86 24.83 24.81 24.80 24.75 23.99 22.66 21.78 19.84 19.32 17.61 15.71 15.17 13.33 12.82 11.05  9.31  8.55  6.75  5.58  4.32  4.28  4.27  4.26  4.27  4.29  4.42  4.55  4.67  4.79  4.87  5.00  5.16
traj-220:
36.63 35.46 34.05 32.33 30.57 29.70 28.01 27.14 25.21 23.66 22.75 22.30 21.16 19.31 17.83 16.98 15.25 13.30 12.51 10.55  8.87  8.30
24.90 24.89 24.89 24.87 24.84 24.82 24.83 24.79 24.92 25.65 24.55 23.91 22.44 22.44 22.36 22.32 22.22 22.20 22.13 22.05 21.39 21.14
traj-221:
35.30 33.60 31.92 30.77 29.02 27.31 25.84 24.40 24.29 24.12 23.92 22.81 20.82 19.52 17.76 16.24 14.90 14.17 12.86 10.97  9.17  7.58  7.31
24.79 24.83 24.83 24.83 24.87 24.85 24.85 25.92 27.41 28.58 30.34 31.76 31.73 31.31 31.11 32.38 33.31 33.77 34.61 35.20 35.90 36.63 36.75
traj-222:
35.99 34.47 32.91 31.40 30.14 28.35 27.81 26.09 25.21 24.06 23.47 23.65 23.38 23.26 23.04 23.11 22.90 22.94 22.83 22.61 22.35 22.27 22.13 22.08 22.02 21.14 19.67 18.20 16.46 14.68 14.35 12.60 11.43  9.70  8.39  8.38
23.88 23.89 23.98 23.99 24.00 24.41 24.66 24.80 24.89 25.52 23.81 23.25 21.32 19.77 19.13 17.68 15.70 15.09 13.28 12.05 10.81  9.56  7.96  7.42  6.24  4.75  4.48  4.36  4.17  4.14  4.23  4.51  4.65  4.92  6.36  6.66
traj-223:
37.52 35.86 34.17 32.44 31.02 30.15 28.98 28.14 26.39 24.85 24.83 23.82 22.51 21.05 20.45 18.70 17.80 16.33 15.46 14.32 12.90 11.82 10.12  8.93
23.92 24.34 24.79 24.87 24.86 24.89 24.87 24.83 24.78 24.70 24.40 23.67 23.61 22.45 22.40 22.33 22.25 22.19 22.22 22.14 22.08 22.04 21.99 20.75
traj-224:
36.91 36.35 34.61 32.64 31.24 30.10 28.36 26.63 26.04 24.57 24.31 23.83 24.67 26.12 27.08 28.31 29.40 30.82 31.02
23.40 23.57 24.22 24.53 24.69 24.82 24.87 24.84 24.80 25.94 26.99 28.59 30.36 30.38 30.46 30.67 30.92 31.96 32.18
traj-225:
36.73 34.84 33.73 32.27 30.53 29.08 28.48 26.50 25.02 24.16 23.91 23.70 23.50 23.14 23.41 23.50 23.55 23.67 23.09 22.80 22.81 22.81 22.55 21.42 19.71 18.82 17.07 15.88 14.75 13.00 11.22  9.56  8.17  7.35  6.42  5.81
24.27 24.51 24.61 24.75 24.93 24.89 24.86 24.82 23.91 22.93 21.14 19.73 18.25 16.93 15.40 13.70 12.28 10.34  9.29  8.76  7.87  6.59  4.77  4.50  4.30  4.30  4.35  4.38  4.51  4.63  4.77  4.97  5.83  6.85  8.10  8.76
traj-226:
36.70 35.25 33.77 32.58 31.42 30.26 29.09 28.25 26.52 25.13 23.78 22.24 21.97 20.26 18.49 17.32 15.57 13.90 13.85
24.92 24.88 24.87 24.84 24.85 24.84 24.83 24.81 24.82 24.67 24.51 23.52 22.99 22.37 22.48 22.48 22.41 21.93 20.85
traj-227:
37.94 37.15 35.66 33.73 33.24 31.50 30.83 28.87 28.06 26.71 26.15 24.84 23.70 22.25 21.38 21.04 19.06 17.33 16.05 14.12 13.60 12.10 10.25  8.67  6.81
23.28 23.42 23.53 23.54 23.45 23.56 23.71 24.07 24.34 24.79 24.98 25.71 27.11 28.47 30.24 30.51 30.74 30.44 30.33 30.32 30.28 30.43 30.48 30.49 30.43
traj-228:
38.96 38.38 36.41 35.54 33.84 32.09 30.34 29.46 27.73 26.03 24.52 23.74 22.75 22.71 22.48 22.39 22.07 22.06 22.04 22.03 22.19 22.19 22.23 22.27 22.18 22.11 21.16 20.27 18.52 17.07 16.21 15.35 13.61 12.44 10.75  9.56  8.11  6.67  6.18
24.36 24.52 24.77 24.79 24.86 24.88 24.91 24.92 24.99 24.99 25.80 26.53 25.51 23.54 21.73 20.42 18.79 17.90 16.75 15.01 13.16 11.44  9.72  7.75  6.71  6.42  4.84  4.72  4.52  4.43  4.64  4.85  4.82  4.70  4.74  4.76  5.61  6.72  7.05
traj-229:
37.88 36.19 34.46 32.70 31.25 29.25 28.39 26.71 25.86 24.64 24.42 23.33 22.00 20.54 18.77 16.84 15.79 14.03 13.75 13.85 13.94
24.40 24.81 24.86 24.84 24.84 24.86 24.85 24.85 24.87 23.96 23.76 22.43 22.22 22.14 22.13 22.10 22.07 22.05 21.92 20.08 18.50
traj-230:
35.06 34.47 32.79 31.09 29.70 28.25 26.53 25.37 23.82 23.61 23.09 23.08 23.11 21.54 19.80 18.21 18.82 19.72
24.61 24.69 24.87 24.77 24.75 24.75 24.82 24.82 25.92 26.01 27.05 28.91 30.48 31.60 31.90 32.96 34.11 35.42
traj-231:
37.41 35.67 35.00 34.06 32.30 30.68 29.78 28.65 26.96 25.47 24.26 23.87 23.59 23.43 23.14 23.02 22.98 22.79 22.65 22.79 22.79 23.07 21.82 20.93 19.74 18.32 17.15 15.39 13.67 12.24 10.49  9.89  8.19
24.04 24.37 24.48 24.64 24.76 24.83 24.84 24.90 24.95 23.85 22.31 20.74 18.81 17.04 15.37 13.67 11.77 10.07  9.20  7.47  6.22  4.27  4.03  4.10  4.23  4.33  4.38  4.51  4.62  4.63  4.75  4.78  4.95
traj-232:
36.02 34.66 32.75 31.22 29.40 28.11 26.63 24.85 24.06 22.39 21.72 19.82 18.64 17.75 16.57 15.38 13.92 12.63 11.08 10.09  8.46  6.73  4.92
23.97 23.85 23.60 23.54 23.38 23.40 23.42 23.55 23.85 23.93 22.79 22.36 22.34 22.33 22.31 22.25 22.19 21.92 21.61 21.36 21.09 21.73 22.02
traj-233:
38.66 37.78 36.06 34.28 32.53 30.76 30.23 28.48 27.06 25.38 24.13 23.57 23.02 23.25 24.53 25.34 26.35 27.13 28.30
24.91 24.91 24.95 24.92 24.91 24.91 24.92 24.90 24.93 24.98 25.67 26.56 27.88 29.29 30.27 31.14 31.95 32.61 33.54
traj-234:
34.02 32.05 30.85 29.01 28.21 26.59 26.04 24.78 24.18 23.80 23.34 22.64 22.47 22.53 22.53 22.85 22.92 22.97 23.26 22.82 22.11 21.12 20.84 19.08 17.92 16.48 14.72 12.98 11.22  9.52  8.54  7.30  6.18  5.68
24.46 24.77 24.63 23.91 23.66 23.17 23.00 22.27 21.01 20.23 19.36 17.75 16.12 15.42 13.92 13.20 11.33 10.38  8.50  6.66  5.49  4.42  4.34  4.10  4.12  4.14  4.17  4.23  4.44  4.72  5.76  7.06  8.32  8.91
traj-235:
34.07 33.23 31.49 29.74 28.02 26.57 26.01 24.26 23.94 22.25 20.58 19.10 17.93 16.16 14.98 13.29 11.85
24.44 24.72 24.90 24.90 24.89 24.90 24.84 24.68 24.34 23.49 22.73 22.48 22.37 22.39 22.30 21.85 21.54
traj-236:
34.13 32.73 32.15 30.43 28.98 27.54 26.09 25.24 24.29 24.40 24.90 26.26
24.34 24.69 24.73 24.87 24.90 24.90 24.92 24.91 26.67 28.14 29.44 30.74
traj-237:
38.86 37.32 36.05 34.67 33.87 32.24 31.37 29.48 28.88 27.75 26.03 25.74 24.75 23.73 23.89 23.57 23.53 23.51 23.26 23.27 23.14 23.39 23.13 22.89 22.75 22.33 22.00 22.13 21.88 20.17 18.79 16.90 15.13 14.83 13.07 11.88 10.81  9.85  8.82
23.60 23.63 23.72 23.74 23.76 23.89 23.88 23.99 24.15 24.46 24.82 24.91 25.44 24.00 23.74 21.93 21.27 19.38 17.43 15.45 13.92 13.40 11.48 10.63  8.83  7.07  6.60  4.78  4.62  4.16  4.15  4.44  4.66  4.70  4.82  4.82  4.85  4.86  5.56
traj-238:
35.17 34.34 32.63 31.18 30.01 28.25 26.50 25.01 23.60 21.93 20.44 19.28 17.84 16.97 15.19 14.27 14.04 14.10
24.76 24.76 24.74 24.77 24.85 24.90 24.92 23.81 22.85 22.13 22.13 22.10 22.07 22.03 22.21 21.61 20.43 18.88
traj-239:
36.44 35.58 33.88 33.02 31.24 30.10 28.67 27.85 26.10 24.44 23.58 23.06 22.26 22.18 21.08 20.20 18.61
24.62 24.65 24.85 24.88 24.88 24.89 24.91 24.92 24.87 25.98 26.70 26.98 28.69 29.17 30.38 30.42 30.49
traj-240:
38.71 37.55 36.23 34.75 33.19 31.36 29.65 27.94 27.37 25.92 24.56 23.14 22.98 22.88 22.86 22.89 22.95 22.95 22.87 22.71 22.53 22.17 22.09 21.04 19.58 17.84 16.39 14.92 13.20 11.43  9.55  9.36  8.77  8.14  7.80  7.47  6.68
23.05 23.21 23.42 23.65 23.95 24.49 24.68 24.79 24.81 24.89 23.97 23.23 21.91 20.54 18.70 17.62 15.81 14.16 12.38 10.69  9.01  7.20  5.98  4.77  4.47  4.25  4.25  4.28  4.35  4.35  4.44  4.66  4.78  6.63  8.43  9.95 10.38
traj-241:
34.44 32.98 30.99 29.28 28.43 26.69 25.01 23.17 22.19 21.07 19.59 17.82 16.38 15.79 14.20 13.12
24.97 24.89 24.83 24.80 24.84 24.83 24.87 24.75 23.48 22.19 22.15 22.13 22.19 22.14 21.34 20.03
traj-242:
38.54 37.70 36.23 35.12 33.68 31.92 31.04 29.07 27.30 25.88 25.15 23.75 23.16 23.30 22.68 21.69 19.80 19.52 18.07 17.79
24.52 24.58 24.66 24.73 24.82 24.86 24.87 24.92 24.90 24.98 24.99 25.54 27.29 29.04 30.79 31.28 31.58 31.70 32.79 34.71
traj-243:
34.56 34.01 32.06 30.81 29.06 27.24 26.10 24.44 24.13 23.92 23.71 23.48 23.34 23.18 23.37 23.50 23.64 23.76 23.71 23.69 23.33 22.30 20.31 18.57 16.83 15.65 14.49 12.82 11.27 10.10  8.74  8.14  7.13  6.49  6.13
24.29 24.37 24.57 24.76 24.79 24.79 24.73 24.00 22.30 21.12 19.67 18.22 17.46 15.85 14.41 13.48 11.52  9.81  9.21  7.35  5.72  4.32  4.18  4.44  4.38  4.34  4.31  4.47  4.63  4.75  4.94  5.27  6.48  8.28  9.39
traj-244:
38.78 37.11 36.25 35.10 33.38 31.65 30.49 28.74 27.31 25.45 24.27 23.12 21.67 19.69 17.92 16.74 15.25 13.58 11.66
24.68 24.75 24.80 24.78 24.88 24.89 24.89 24.84 24.79 24.75 24.55 23.88 22.82 22.64 22.48 22.34 22.24 22.15 21.67
traj-245:
37.13 36.49 34.88 33.52 31.60 31.09 29.43 28.25 26.78 25.38 23.98 22.29 22.41 23.82 25.21 26.46
23.03 23.11 23.36 23.64 23.83 23.77 23.59 23.51 23.49 24.28 25.17 26.23 27.73 29.09 30.32 31.61
traj-246:
37.90 36.46 35.02 33.28 32.86 31.71 29.99 29.12 27.96 26.53 24.74 24.24 24.27 23.98 23.66 23.48 23.25 23.12 22.88 23.06 22.70 22.46 22.27 21.35 19.66 18.78 17.62 15.86 14.15 12.68 11.27  9.43  8.45  8.30
23.94 24.18 24.44 24.65 24.75 24.80 24.85 24.86 24.80 24.73 23.88 22.23 21.31 19.75 17.89 16.75 15.25 13.30 11.62 10.62  8.74  7.28  6.49  4.92  4.66  4.67  4.74  4.78  4.81  4.83  4.82  4.73  6.19  6.66
traj-247:
36.12 34.16 32.70 31.53 29.55 27.79 26.36 25.22 23.45 22.79 21.21 20.61 18.83 17.64 16.21 15.31 13.67 12.82
24.55 24.90 24.82 24.83 24.82 24.80 24.85 24.84 23.99 23.67 22.64 22.57 22.45 22.37 22.24 22.18 21.42 20.48
traj-248:
35.16 33.44 31.53 29.87 28.41 27.26 25.35 24.34 24.08 23.61 23.46 24.76 26.11
24.50 24.62 24.75 24.90 24.91 24.93 24.99 26.66 27.48 29.13 30.06 31.18 32.01
traj-249:
38.70 38.11 36.15 35.29 33.55 31.80 30.20 29.21 28.63 27.19 25.49 23.89 23.56 23.36 23.17 23.16 23.16 23.28 22.97 22.78 22.44 22.24 22.03 21.01 20.42 18.70 17.23 15.35 14.17 12.39 11.23  9.47  8.71  7.94  7.06  6.11  5.88
24.59 24.66 24.88 24.88 24.88 24.91 24.90 24.90 24.90 24.90 24.89 24.82 23.32 21.40 19.81 17.81 16.41 15.12 13.35 11.55  9.64  8.24  6.28  4.67  4.59  4.38  4.21  4.42  4.48  4.66  4.78  4.87  5.42  7.11  8.67  9.84 10.04
traj-250:
38.84 36.86 35.43 33.77 32.01 30.85 29.12 27.98 26.28 25.98 24.46 22.75 21.50 19.86 18.41 17.52 15.74 14.56 13.45 11.88 11.36
24.39 24.58 24.69 24.89 24.88 24.87 24.84 24.81 24.76 24.70 24.41 23.64 22.86 22.46 22.40 22.37 22.28 22.13 21.82 21.38 21.19
traj-251:
37.08 35.13 34.01 32.54 31.81 30.13 29.11 27.65 25.89 24.19 23.03 22.94 23.03 23.51 23.78 24.21 24.59 24.83 25.68
23.82 23.63 23.54 23.34 23.29 23.13 23.27 23.40 23.40 23.70 24.17 25.71 27.34 29.17 30.26 32.12 33.41 34.16 35.77
traj-252:
36.05 34.54 32.73 31.64 31.02 29.35 27.38 25.88 24.45 24.26 23.84 22.78 22.45 22.80 22.76 22.82 23.01 23.23 23.03 22.28 20.42 20.12 18.35 16.37 15.22 13.48 12.01 10.55  9.86  8.91  8.70
23.03 23.08 23.13 23.34 23.32 23.36 23.58 24.26 22.87 22.05 20.23 18.56 16.59 15.12 13.14 11.45  9.85  8.15  6.28  4.99  4.62  4.63  4.73  4.77  4.77  4.82  4.85  4.85  4.85  6.56  6.78
traj-253:
36.45 34.69 32.70 31.24 29.49 28.64 26.64 24.89 24.80 24.52 23.12 21.48 19.58 18.38 16.62 15.72 14.40 13.64 11.75 10.17  8.31
24.52 24.69 24.91 24.90 24.88 24.87 24.86 24.61 24.32 24.20 23.19 22.46 22.04 22.03 22.04 22.03 21.13 19.72 20.36 19.74 19.29
traj-254:
35.12 33.39 32.37 30.42 28.93 27.48 25.64 24.83 24.50 23.89 23.90 25.84 27.81 29.61 30.79
23.89 23.30 23.39 23.66 24.05 24.28 24.96 26.21 27.01 28.56 30.49 30.79 30.87 31.62 32.46
traj-255:
35.90 34.52 33.19 32.16 30.79 29.12 27.19 26.04 25.17 24.86 24.32 23.69 23.05 22.83 22.95 22.85 23.08 22.89 23.04 23.28 23.49 22.98 22.33 20.70 20.41 18.64 16.87 15.11 14.52 12.75 11.32  9.94  8.75
24.10 23.90 23.91 24.05 24.21 24.60 24.86 24.88 24.84 23.48 22.56 21.08 19.41 17.70 16.42 14.61 13.15 11.28  9.29  7.99  7.18  5.86  4.83  4.18  4.12  4.18  4.36  4.57  4.66  4.68  4.60  4.57  5.21
traj-256:
38.17 37.04 35.20 33.84 31.98 30.08 28.11 26.50 25.99 24.37 23.07 21.21 20.34 18.86 17.39 15.60 14.26 13.39
23.57 23.42 23.32 23.52 23.78 23.97 24.05 24.72 24.94 23.80 23.12 22.58 22.38 22.17 22.15 22.08 21.39 20.45
traj-257:
36.67 34.91 33.17 32.29 30.81 29.44 27.47 26.32 24.69 24.40 24.55 25.72 26.95 28.18 29.26 30.91 31.15
24.91 24.88 24.89 24.90 24.87 24.85 24.86 24.82 25.82 27.71 29.14 30.02 30.45 30.94 31.65 32.70 33.13
traj-258:
38.89 37.02 35.76 34.65 32.91 31.29 29.60 28.73 27.60 26.12 25.08 23.66 23.25 22.96 22.82 22.81 22.82 22.86 22.84 22.68 22.57 22.44 22.12 22.03 21.18 19.70 18.25 16.47 14.98 13.59 11.94 10.63  9.75  9.56  8.92  7.62  6.29  5.76
23.02 23.21 23.35 23.49 24.01 24.59 24.69 24.78 24.90 23.86 23.12 21.88 20.22 18.77 17.43 15.56 14.05 13.28 12.08 10.11  9.11  8.04  6.22  5.68  4.05  4.09  4.12  4.15  4.22  4.29  4.50  4.64  4.74  4.97  5.40  5.96  7.24  7.85
traj-259:
34.65 33.86 32.25 30.35 29.63 27.73 26.21 25.26 23.46 21.74 19.78 18.03 16.29 15.09 13.90 12.43 11.50
23.51 23.41 23.43 23.30 23.36 23.41 23.61 24.08 23.43 22.90 22.50 22.47 22.48 22.42 22.36 21.43 20.70
traj-260:
36.28 35.10 33.66 31.93 29.97 28.59 26.83 25.38 24.41 23.70 22.24 22.12 22.01 21.88 21.81
24.39 24.39 24.43 24.49 24.70 24.87 24.92 24.98 25.76 26.31 26.92 28.47 29.65 30.86 31.84
traj-261:
36.31 34.68 34.11 32.40 30.64 28.90 27.78 26.37 25.25 23.68 22.41 22.56 22.50 22.43 22.20 22.25 22.26 22.28 22.28 22.19 22.17 22.05 22.00 21.34 19.49 17.70 16.54 15.96 14.21 13.16 11.43 10.84  9.36  8.20  8.12
24.06 24.33 24.39 24.60 24.66 24.79 24.84 24.80 24.78 24.87 24.11 22.63 20.97 20.17 19.25 17.84 16.45 14.48 13.07 11.16  9.25  7.34  5.94  4.82  4.45  4.46  4.27  4.16  4.19  4.23  4.46  4.56  4.79  6.40  7.68
traj-262:
38.44 36.70 35.25 33.45 32.38 30.62 29.10 27.31 26.60 25.68 25.48 23.56 22.01 21.18 19.81 18.94 17.19 15.41 14.24 13.06 11.68 10.67  9.53
23.43 23.62 23.43 23.33 23.60 23.72 23.54 23.36 23.44 23.63 23.86 24.08 23.06 22.59 22.30 22.24 22.23 22.16 22.10 22.05 21.43 19.74 18.19
traj-263:
36.50 34.93 33.05 31.23 30.13 28.47 27.32 25.96 24.23 23.80 23.81 25.28 27.06 27.61 29.31 30.34
23.65 23.34 23.74 24.24 24.43 24.73 24.88 24.98 25.87 27.21 28.98 30.11 30.46 30.62 31.50 32.20
traj-264:
35.84 34.02 32.18 30.80 28.86 26.90 25.43 24.99 23.16 22.84 22.61 22.50 22.36 22.39 22.40 22.37 22.34 22.25 22.25 22.18 22.13 21.05 19.59 18.41 17.23 15.27 14.97 13.22 11.74 10.56  9.08  7.21  6.47
23.09 23.24 23.20 23.30 23.23 23.23 23.03 22.77 22.31 21.10 19.21 18.18 16.26 15.35 14.26 12.66 11.72 10.38  8.88  7.51  6.16  4.55  4.36  4.27  4.25  4.20  4.19  4.25  4.43  4.54  4.71  4.48  4.40
traj-265:
36.54 35.67 33.74 32.59 30.85 29.38 28.26 26.54 25.00 24.93 23.52 22.54 21.15 19.67 18.48 16.72 15.83 13.96 13.14 11.47 10.97  9.23  8.69
24.78 24.74 24.79 24.87 24.94 24.86 24.75 24.64 24.39 23.79 22.58 21.40 22.66 22.46 22.30 22.13 22.01 21.53 21.25 20.80 21.05 21.32 21.15
traj-266:
36.26 35.96 34.25 32.82 31.38 30.21 28.22 26.78 24.87 24.05 23.13 22.44 22.19 21.54 21.65 21.59
24.93 24.89 24.93 24.88 24.88 24.87 24.87 24.88 24.99 25.57 26.84 27.88 29.21 30.82 32.24 33.13
traj-267:
35.28 33.74 32.45 30.49 29.34 27.89 26.23 24.88 23.27 22.85 22.82 22.96 23.08 23.23 23.37 23.35 23.22 23.17 22.93 22.59 22.44 21.36 20.33 19.17 17.70 16.24 14.77 13.04 12.17 10.40  8.94  7.38
24.33 24.50 24.63 24.79 24.84 24.78 24.66 24.61 23.70 21.85 20.51 19.08 17.94 16.29 14.48 12.86 10.87 10.28  8.38  6.65  6.07  4.49  4.38  4.37  4.46  4.56  4.74  4.79  4.80  4.87  4.91  5.35
traj-268:
36.30 34.87 33.15 32.58 30.83 29.67 28.52 26.53 25.69 23.88 22.95 21.23 19.75 18.31 17.42 15.69 15.09 13.46 11.95 10.48  8.76  6.81  4.84  4.02
24.27 24.47 24.65 24.75 24.88 24.88 24.87 24.84 24.83 24.61 23.66 22.87 22.69 22.50 22.35 22.20 22.13 21.45 21.31 21.56 22.11 22.46 22.78 22.72
traj-269:
36.10 34.96 33.62 32.64 30.90 29.17 28.87 26.95 25.24 24.92 23.73 23.15 22.66 23.63 25.46 26.90 27.34 29.22 30.97 31.84
24.60 24.77 24.81 24.86 24.94 24.93 24.93 24.97 24.96 25.24 26.50 28.14 29.81 30.77 31.14 31.90 32.19 32.72 33.33 33.25
traj-270:
37.81 35.90 34.63 33.41 31.46 30.60 29.17 28.33 26.87 25.74 24.27 24.03 23.76 23.67 23.34 23.15 22.74 22.90 22.87 22.76 22.91 23.07 22.71 22.08 20.26 18.48 16.73 15.25 13.76 12.00 11.12  9.17  8.42  6.85  5.60
23.22 23.46 23.75 23.93 24.30 24.43 24.73 24.79 24.83 24.79 23.89 22.55 21.02 20.42 18.77 17.64 15.86 14.11 12.32 10.93  9.16  7.72  6.28  5.44  4.70  4.59  4.45  4.53  4.61  4.72  4.80  4.95  5.36  6.33  7.16
traj-271:
37.60 36.31 34.61 33.17 32.08 30.40 28.71 27.83 26.70 25.16 24.24 22.96 22.18 20.38 19.78 18.04 16.85 15.36 13.78 12.10 10.95  9.88
23.09 23.17 23.36 24.20 24.44 24.68 24.77 24.83 24.92 23.81 22.68 21.50 21.86 22.59 22.53 22.43 22.32 22.25 21.51 20.59 20.09 19.44
traj-272:
36.54 36.06 34.22 32.49 30.56 29.74 27.89 26.71 25.60 24.90 24.17 24.16 24.00 23.78 22.56 21.73
23.66 23.54 23.08 23.25 23.41 23.21 23.48 23.64 24.27 25.37 26.49 28.25 29.06 30.48 31.54 31.61
traj-273:
34.09 32.12 30.38 29.25 29.88 28.12 27.82 26.03 24.75 24.33 23.79 23.68 23.62 23.50 23.27 23.05 22.95 22.72 22.54 22.45 22.28 21.41 19.61 18.16 17.57 16.10 14.67 13.50 12.04 11.44  9.74  8.96  7.54  6.68  5.05
24.78 24.81 24.80 24.79 24.20 24.19 24.18 24.27 23.66 22.25 20.89 19.35 18.52 16.65 15.19 13.64 12.65 10.86  9.37  8.24  6.34  4.72  4.42  4.44  4.45  4.46  4.54  4.61  4.71  4.73  4.79  4.67  4.83  4.67  4.49
traj-274:
36.85 35.09 33.35 32.78 30.88 29.71 28.24 26.53 25.01 23.27 22.05 21.30 19.55 18.37 16.58 15.71 14.52 13.70 12.97 11.75 10.51
23.35 23.58 24.21 24.38 24.92 24.92 24.90 24.86 24.88 24.83 23.53 22.79 22.52 22.55 22.47 22.37 22.24 21.99 21.10 20.11 18.72
traj-275:
34.01 33.01 31.24 29.38 27.52 26.07 24.41 24.07 23.07 22.46 22.15 20.96 20.20 19.27 17.70 17.40 15.52 13.64 11.81 11.15
23.36 23.31 23.33 23.58 23.66 24.11 24.68 25.16 26.69 27.60 29.28 30.83 31.33 32.02 32.82 32.82 32.86 33.38 33.87 34.01
traj-276:
36.37 34.75 34.16 32.33 30.81 30.16 28.52 26.53 24.86 23.99 23.08 22.47 22.23 22.30 22.22 22.35 22.41 22.56 22.53 22.50 22.40 22.57 23.22 22.12 21.13 19.99 19.11 17.76 16.59 15.13 13.39 11.62 10.44  9.56  7.84  7.31  5.63
23.64 23.79 23.88 24.13 24.42 24.40 24.73 24.84 24.73 24.64 23.32 22.41 20.87 19.69 17.91 16.01 14.39 12.63 11.85 10.44  8.46  7.71  6.25  5.23  4.63  4.41  4.25  4.12  4.24  4.35  4.46  4.59  4.67  4.70  5.21  5.48  6.15
traj-277:
35.62 35.03 33.64 32.75 31.27 29.63 27.92 26.48 24.84 24.59 22.66 22.47 21.26 20.07 18.59 17.12 15.38 14.36 13.82 13.04
24.56 24.69 24.85 24.90 24.88 24.89 24.90 24.87 24.94 25.10 24.96 24.15 22.77 22.62 22.46 22.25 22.09 22.13 21.95 21.95
traj-278:
37.48 36.29 34.70 33.39 31.47 29.59 29.02 27.25 26.66 24.97 24.26 24.34 24.27 23.91 22.39 21.69 19.95 18.99 17.72 16.33 15.70
23.75 23.55 23.42 23.19 23.30 23.54 23.71 24.39 24.33 25.27 26.78 28.58 30.29 31.62 32.87 33.30 34.16 34.63 35.22 35.54 35.55
traj-279:
38.06 37.76 35.78 34.23 33.58 32.23 30.71 28.96 27.00 26.28 24.70 24.32 23.95 23.36 22.91 22.42 22.43 22.58 22.95 22.95 23.02 22.97 22.52 22.30 21.25 19.51 17.76 16.62 15.15 13.37 11.63 10.48  8.58
23.64 23.61 23.53 23.42 23.37 23.25 23.20 23.27 23.32 23.28 22.33 21.25 20.00 18.78 17.87 16.07 15.52 13.78 12.18 10.99  9.51  8.32  6.66  5.79  4.20  4.46  4.57  4.60  4.54  4.64  4.59  4.60  4.52
traj-280:
34.77 33.34 31.35 30.22 28.57 26.58 25.99 24.45 23.40 21.44 19.63 19.33 17.60 15.84 13.93 13.38 11.50  9.84  8.00
24.15 24.30 24.47 24.53 24.71 24.73 24.62 23.79 23.18 22.98 22.65 22.62 22.42 22.22 21.64 21.44 21.51 21.92 21.98
traj-281:
38.68 37.87 36.10 35.81 34.07 32.23 31.67 29.99 28.03 27.48 25.82 24.61 24.29 24.14 24.89 26.59 27.19
23.74 23.60 23.53 23.48 23.56 24.06 24.14 24.51 24.70 24.76 24.95 25.74 27.01 28.35 30.08 30.64 30.58
traj-282:
34.31 33.29 31.45 29.70 27.90 25.98 24.56 23.18 23.13 22.86 22.83 22.64 22.57 22.40 22.32 22.42 22.24 22.15 22.04 22.05 21.12 19.37 18.22 17.03 15.27 14.68 12.91 11.75  9.96  8.85  8.47  8.37
24.21 24.35 24.55 24.73 24.88 24.84 23.80 22.76 21.64 19.67 19.37 17.54 16.91 15.32 14.22 12.38 10.75  8.87  7.40  5.99  4.40  4.15  4.08  4.08  4.27  4.30  4.44  4.53  4.64  5.85  7.79  8.66
traj-283:
33.70 32.65 30.70 29.40 27.42 25.69 24.04 22.51 20.69 19.25 17.76 16.87 15.39 13.64 13.65
24.00 23.94 23.83 23.89 23.86 24.04 23.64 23.47 22.67 22.57 22.48 22.39 22.19 21.45 19.84
traj-284:
39.18 37.49 35.76 34.30 32.56 31.43 30.26 28.80 27.14 25.68 24.15 23.34 22.65 23.84 25.54 26.86
24.34 24.67 24.91 24.89 24.87 24.89 24.87 24.84 24.73 24.72 25.58 26.60 27.57 29.01 30.00 30.33
traj-285:
35.50 35.21 33.41 31.74 30.59 29.18 27.50 25.61 24.02 23.60 23.22 23.17 23.27 23.27 23.26 23.29 23.56 23.57 23.02 22.82 22.67 22.00 21.44 20.79 18.85 17.96 16.77 15.90 14.44 13.84 12.38 11.51 10.37  9.20  7.45  6.89  6.75
23.52 23.62 24.31 24.54 24.73 24.75 24.77 24.75 24.41 22.70 21.55 19.85 17.98 16.55 14.98 13.76 12.93 11.43  9.63  7.81  7.64  5.78  4.72  4.61  4.43  4.36  4.23  4.17  4.13  4.11  4.19  4.15  4.10  4.08  4.32  4.41  4.64
traj-286:
36.52 35.20 33.60 31.88 30.03 28.88 27.66 26.15 24.99 23.26 22.01 20.33 19.73 18.24 17.64 15.89 15.59 14.09 13.69 12.08 11.79  9.84  7.87  6.59  5.40
23.68 23.52 23.51 23.49 23.46 23.44 23.34 23.16 23.10 22.46 22.35 22.04 22.06 22.03 22.02 22.03 22.05 21.29 20.76 20.14 20.10 20.04 19.78 19.55 19.42
traj-287:
37.26 36.96 35.82 33.83 32.13 30.47 29.89 27.94 27.36 25.66 24.70 24.09 24.11 23.76 23.60 21.77 20.35 18.44 16.71 15.64 13.71 11.87  9.89
23.28 23.34 24.14 24.34 24.47 24.59 24.66 24.73 24.81 24.91 25.47 27.26 28.25 30.22 31.80 31.61 31.32 31.05 30.72 30.53 30.69 30.53 30.66
traj-288:
34.24 32.29 30.32 28.92 27.05 26.05 25.07 23.79 23.83 23.82 23.29 23.13 23.02 22.90 22.70 22.70 22.54 22.33 22.12 21.15 20.55 19.08 17.32 15.87 15.00 13.23 12.08 10.86  8.99
23.48 23.41 23.30 23.23 23.15 23.14 23.24 21.71 20.38 20.19 18.28 16.37 14.87 13.10 11.30 11.00  9.14  7.84  6.10  4.77  4.73  4.59  4.56  4.53  4.46  4.34  4.23  4.20  4.26
traj-289:
34.05 32.76 31.19 29.48 28.69 26.70 25.17 23.49 21.98 20.74 18.97 17.78 16.61 14.84 13.96 12.41 11.62  9.76  8.34
23.73 23.47 23.29 23.37 23.51 23.69 23.92 24.04 22.80 22.68 22.58 22.44 22.31 22.18 22.10 21.99 22.02 21.31 20.80
traj-290:
36.80 35.08 33.34 31.62 29.85 27.88 26.71 25.30 23.46 23.30 23.67 24.00 24.57
24.41 24.83 24.91 24.91 24.93 24.97 24.95 25.00 25.75 26.00 27.77 28.69 30.32
traj-291:
38.11 36.29 35.05 33.09 31.19 30.32 29.14 27.49 26.13 24.88 23.49 23.26 22.97 23.20 23.42 23.71 23.77 23.64 23.56 23.45 23.34 23.21 22.72 22.21 20.40 18.62 17.46 15.71 15.11 13.33 11.60 10.16  9.57  8.50  8.39
23.67 23.44 23.35 23.19 23.26 23.22 23.26 23.48 24.09 23.98 23.71 22.02 20.16 18.83 17.86 16.57 15.50 13.97 12.40 11.52  9.79  8.03  6.29  5.23  4.42  4.43  4.47  4.47  4.50  4.62  4.68  4.80  4.86  6.40  6.98
traj-292:
35.36 33.90 31.91 30.47 28.76 27.33 26.48 25.05 24.25 22.85 22.72 22.19 20.36 18.88 17.99 16.21 15.32 13.64 12.29 10.47  8.62  6.78
24.86 24.87 24.91 24.91 24.92 24.91 24.87 23.88 22.82 21.72 21.45 21.56 22.13 22.09 22.08 22.04 22.01 21.21 20.97 21.36 21.87 22.39
traj-293:
38.37 37.20 35.68 33.83 32.02 30.32 29.06 27.65 26.49 24.72 24.24 23.97 23.71 24.37 23.73 22.48 20.81 18.94 17.35 16.33
23.86 23.70 23.53 23.26 23.23 23.24 23.30 24.00 23.89 24.59 25.54 27.23 28.94 30.26 32.03 32.33 32.11 31.74 31.41 31.05
traj-294:
34.69 33.12 31.50 30.35 28.96 27.52 26.95 25.37 24.72 23.62 23.56 23.29 23.25 23.31 23.14 22.98 22.81 22.70 23.37 23.74 23.22 22.18 21.46 19.54 17.82 16.08 15.21 13.46 11.70  9.94  8.69  8.60
24.85 24.84 24.85 24.86 24.88 24.89 24.88 23.78 23.31 21.85 21.16 19.73 17.89 16.92 15.35 13.74 12.26 10.28  8.44  7.68  6.00  4.96  4.47  4.07  4.17  4.25  4.25  4.26  4.26  4.25  5.67  6.70
traj-295:
35.06 33.99 32.00 31.43 30.00 28.07 26.91 24.99 23.39 22.30 21.35 19.40 17.63 17.33 15.38 13.62 13.66
24.13 24.33 24.45 24.47 24.60 24.74 24.81 24.97 25.38 24.17 22.85 22.44 22.40 22.38 22.38 21.55 19.62
traj-296:
34.44 33.37 31.63 31.05 29.61 28.44 27.57 26.42 25.55 24.03 23.46 23.47 23.59 23.61 23.59
24.50 24.72 24.80 24.81 24.83 24.83 24.85 24.89 24.89 25.97 27.10 28.22 29.82 30.95 31.98
traj-297:
36.70 35.12 33.16 32.02 30.50 29.20 27.41 25.97 24.25 23.95 22.86 22.85 22.92 22.99 22.97 22.96 22.93 22.90 22.65 23.05 22.94 22.84 22.69 20.92 19.75 17.84 16.07 14.34 12.55 10.85  9.11  8.51  6.67  5.38
23.45 23.37 23.36 23.45 23.52 23.62 23.76 24.16 24.39 24.46 23.14 22.23 20.30 18.47 16.84 16.55 14.90 13.01 11.97 10.09  8.12  7.09  5.17  4.38  4.34  4.28  4.40  4.25  4.35  4.45  4.58  4.66  4.83  4.89
traj-298:
38.17 37.31 35.55 34.07 33.47 31.74 30.00 28.85 26.86 25.27 24.09 22.55 21.14 19.68 18.19 17.30 15.56 14.69 12.95 11.94 10.86  9.26  7.64  6.69
24.54 24.73 24.92 24.88 24.87 24.85 24.85 24.84 24.79 24.53 24.42 23.91 22.81 22.52 22.39 22.30 22.14 22.08 21.66 21.32 21.02 20.39 19.70 19.01
traj-299:
35.09 33.36 31.64 30.26 28.54 27.07 25.39 24.86 23.34 23.45 23.10 22.76 21.17 20.12 18.57 17.05
24.74 24.86 24.87 24.82 24.90 24.88 24.86 25.31 25.73 27.64 29.59 31.03 32.24 32.85 33.60 34.57
