traj-0:
 4.40  6.33  7.50  8.30  9.48 10.85 12.40 12.93 14.55 15.96 17.63 19.19 20.80 21.10 23.04 24.37 26.14 27.77 28.55 29.13 29.14 29.14 29.10 29.09 29.05 29.02 28.16 26.45 25.06 23.78 22.57 21.47 19.59 18.45 16.73 15.51 14.78 13.09 12.02 10.64  9.85  9.32
33.22 32.73 32.95 33.10 33.30 33.41 33.20 33.20 33.30 33.45 33.60 33.17 32.54 32.56 32.51 32.46 32.36 32.13 32.07 30.64 29.50 28.34 26.58 25.14 23.71 22.62 20.95 20.06 18.76 18.11 17.59 17.14 16.44 16.05 15.79 15.21 14.79 14.02 13.59 12.45 11.45 10.70
traj-1:
19.56 21.32 22.31 24.23 25.64 26.67 28.52 29.17 29.26 29.31 29.27 29.33 29.17 29.10 28.35 27.86 27.41 25.50 24.77 22.89 21.34 20.28 18.42 17.42 16.08 14.72 13.73 12.06 10.11  8.88  6.99  5.26  4.32
17.85 18.20 18.31 18.72 18.74 20.11 20.53 21.99 23.89 25.09 26.70 27.28 28.34 30.20 32.02 32.20 32.78 33.37 33.43 32.87 32.80 32.76 32.56 32.57 32.66 32.72 32.64 32.58 32.44 32.42 32.45 32.33 32.52
traj-2:
 2.05  3.84  5.63  7.35  8.48 10.13 11.01 12.34 13.96 15.92 16.22 18.01 18.38 20.15 21.15 22.02 23.24 24.02 25.71 27.67 27.97 29.24 29.14 29.15 29.26 29.46 29.29 29.29 28.41 27.05 26.17 24.59 23.01 22.62 20.86 19.65 17.89 16.44 14.95 13.80 12.30 11.44 10.02  8.88  7.11
34.44 33.60 33.05 32.79 32.56 32.48 32.53 32.43 32.50 32.52 32.53 32.65 32.47 32.49 32.46 32.51 32.58 32.71 32.62 32.70 32.72 31.33 29.86 28.27 26.92 25.08 23.21 22.91 21.44 20.56 20.42 19.97 19.63 19.58 18.75 18.16 17.92 17.43 17.00 16.01 14.88 14.01 12.87 12.28 11.36
traj-3:
14.24 15.28 16.33 17.77 18.56 20.00 21.73 23.07 23.96 25.72 26.83 28.24 29.14 29.09 29.17 29.29 29.33 29.45 29.64 29.92 29.47 28.24 27.27 25.66 23.81 21.92 20.16 19.86 17.89 17.02 15.14 13.89 12.28 10.43 10.13  8.25  7.95  6.19  4.85  3.30
16.79 17.47 18.17 18.53 18.62 18.79 18.91 19.03 19.06 19.34 19.91 20.82 21.96 22.68 23.84 25.25 26.28 27.45 28.61 30.06 31.24 32.23 32.66 32.59 32.55 32.50 32.49 32.49 32.51 32.50 32.51 32.42 32.31 32.25 32.22 32.15 32.16 32.21 32.24 32.25
traj-4:
 4.50  5.63  7.19  7.96  9.92 10.97 12.61 13.48 14.28 16.18 17.51 18.73 20.21 21.77 23.31 24.52 25.87 27.57 29.52 29.58 29.23 29.29 29.43 29.50 29.53 29.64 28.37 27.47 26.43 24.65 23.54 21.87 20.13 18.56 17.82 16.66 15.05 14.29 12.98 11.24 10.22  9.06
33.95 33.24 32.89 32.75 32.51 32.44 32.44 32.30 32.31 32.40 32.50 32.58 32.59 32.69 32.78 32.95 33.15 33.54 33.20 31.22 29.32 28.44 27.11 26.00 24.98 22.99 21.55 20.60 19.50 18.71 18.63 17.95 17.10 16.12 15.76 14.94 13.94 13.40 12.51 11.52 11.05 10.54
traj-5:
17.97 19.55 20.59 21.99 23.36 24.27 25.47 26.48 28.18 29.30 29.36 29.34 29.26 29.39 29.13 28.56 26.84 25.05 23.40 21.43 19.65 18.28 17.52 16.00 15.43 13.71 12.45 10.63  9.68  7.89  6.00  4.77
13.84 14.88 15.62 16.46 17.69 18.45 19.34 20.22 21.23 22.79 24.27 25.72 27.44 29.27 30.91 32.62 32.78 32.88 32.94 32.83 32.84 32.90 32.87 33.06 32.94 32.88 32.73 32.63 32.56 32.75 33.21 33.66
traj-6:
 3.51  4.45  6.37  7.69  9.52 10.56 12.32 14.20 16.16 18.08 18.97 20.79 22.07 23.82 24.49 26.42 28.04 29.18 29.24 29.50 29.69 29.72 29.62 29.54 28.47 27.79 26.36 24.69 23.72 22.04 20.70 19.29 18.68 17.28 15.72 14.66 13.11 12.36 11.50  9.93  8.82
32.20 32.55 32.69 32.69 32.79 32.67 32.56 32.57 32.81 32.83 32.91 32.96 32.95 33.33 33.49 33.37 32.48 31.20 30.19 28.57 26.64 25.23 23.55 22.84 21.24 20.43 19.18 18.65 18.28 17.32 16.17 14.78 14.06 12.88 11.96 11.00  9.80  9.24  8.58  7.43  6.38
traj-7:
10.59 11.92 13.42 15.00 16.29 17.59 18.70 19.96 21.39 23.25 25.02 26.49 27.36 28.19 29.20 29.15 29.53 29.85 30.12 29.93 29.79 29.61 27.77 26.20 25.16 23.52 22.36 20.86 19.42 18.47 17.36 16.31 14.41 13.09 11.26 10.79  9.06  7.25  5.47  3.79  2.84
20.74 20.67 20.53 20.57 20.35 20.16 20.11 19.81 19.42 18.83 19.26 19.74 20.49 21.20 22.72 24.48 25.97 27.24 29.11 30.69 31.88 32.75 33.47 33.44 33.49 33.30 33.21 32.77 32.54 32.54 32.68 32.71 32.70 32.57 32.58 32.49 32.81 33.25 33.64 33.97 34.29
traj-8:
 3.07  3.82  5.42  6.73  8.02  9.33 10.99 11.97 13.14 15.00 16.67 18.60 19.92 21.89 22.60 24.59 25.70 27.18 28.77 29.08 29.28 29.27 29.43 29.46 29.18 29.04 28.02 26.74 24.90 23.57 22.30 20.77 19.09 17.27 15.89 14.19 12.28 11.48  9.58  9.29
32.67 32.69 32.74 32.65 32.66 32.51 32.53 32.57 32.68 32.78 32.91 33.00 32.92 33.28 33.14 33.08 32.81 32.57 32.05 30.08 29.07 27.77 25.84 25.27 23.38 21.90 20.56 19.67 19.76 19.86 19.90 20.01 19.32 19.15 18.84 18.92 18.33 18.04 17.51 17.43
traj-9:
 9.39 10.72 11.53 13.13 14.96 15.64 17.21 18.10 19.99 21.65 23.61 25.46 27.15 28.76 29.46 29.66 29.62 29.44 29.41 29.15 29.03 28.82 28.02 26.20 24.59 23.27 21.49 20.90 19.37 17.68 16.71 15.11 13.23 11.80 10.73  9.08  7.70  6.31  5.27  3.46  2.63
19.60 19.42 19.38 19.62 19.85 19.96 19.81 19.72 19.63 19.63 19.88 20.45 21.13 21.44 22.74 23.48 25.44 26.54 28.00 29.66 30.36 32.02 33.57 33.67 33.72 33.76 33.71 33.71 33.70 33.72 33.97 34.09 34.13 34.15 34.12 34.28 34.28 34.29 34.38 34.62 34.80
traj-10:
 4.86  6.10  7.50  8.30  9.37 11.16 12.82 14.55 15.86 17.18 18.80 20.67 22.56 23.10 24.84 25.79 27.39 28.69 30.16 30.17 30.12 29.93 29.70 29.79 29.83 28.92 28.20 26.81 25.47 24.82 23.53 22.24 20.90 19.53 18.76 17.81 16.66 15.14 14.77 13.72 13.11
34.83 34.08 33.61 33.23 32.66 32.41 32.45 32.41 32.41 32.43 32.48 32.46 32.87 33.05 33.15 33.28 33.32 32.99 31.64 30.20 29.32 27.92 25.97 24.38 23.54 21.88 20.59 20.19 19.58 19.37 17.99 17.05 15.87 14.71 14.08 12.68 11.62 10.45 10.07  8.70  7.73
traj-11:
 8.48  9.01 10.36 10.96 12.60 13.44 15.01 16.68 17.66 18.95 20.15 21.23 22.55 23.30 24.15 24.56 25.89 27.47 28.19 29.14 29.36 29.18 29.20 29.14 29.11 29.03 27.62 25.68 24.60 22.69 22.09 20.56 18.94 18.25 16.39 14.91 12.94 11.49 10.33  8.38  7.24  5.38  3.94
 8.02  8.28  9.08  9.43 10.36 10.74 11.42 12.04 12.78 14.30 15.49 16.44 17.81 18.45 19.23 19.61 20.64 21.19 21.40 23.13 24.81 26.75 28.48 29.96 31.72 32.01 33.16 32.77 32.67 32.50 32.51 32.60 32.64 32.63 32.54 32.56 32.47 32.71 32.72 32.71 32.84 33.04 33.10
traj-12:
 2.83  3.66  5.57  6.32  7.63  8.98 10.15 11.61 12.51 14.16 15.42 17.21 18.84 20.56 21.23 23.07 24.88 26.84 27.14 29.04 29.07 29.06 29.05 29.05 29.10 29.10 28.59 26.86 26.29 24.62 23.47 22.11 21.18 20.01 19.38 17.90 17.02 15.50 14.38
32.26 32.30 32.25 32.23 32.24 32.20 32.18 32.14 32.14 32.13 32.14 32.16 32.18 32.21 32.19 32.21 32.09 32.03 32.06 31.77 30.32 28.54 26.84 25.46 23.54 22.36 21.39 21.24 21.15 20.79 19.39 18.34 17.53 16.68 16.17 15.03 14.38 13.14 12.24
traj-13:
20.60 20.99 21.67 22.63 23.47 24.90 26.46 28.17 29.36 29.50 29.62 29.37 29.10 29.02 29.02 29.05 27.78 25.88 24.10 22.45 21.10 19.51 18.32 17.07 15.16 13.40 11.77 10.66  8.95  7.20  5.28  4.40  3.05  2.38
12.64 14.13 15.99 17.40 18.24 19.64 20.82 20.92 22.45 23.59 25.51 26.58 27.94 28.63 30.42 32.17 33.54 33.34 33.09 32.76 32.65 32.52 32.28 32.58 32.80 32.53 32.61 32.66 32.66 32.86 32.79 33.30 33.91 34.18
traj-14:
 4.10  4.68  6.39  8.24  8.91 10.62 12.60 13.43 15.01 16.12 17.96 19.40 21.06 22.99 24.60 25.89 27.11 28.34 29.10 29.08 29.21 29.26 29.25 29.14 27.66 26.24 24.28 22.60 21.43 20.43 19.54 18.33 17.27 16.39
32.41 32.51 32.77 32.90 32.64 32.51 32.40 32.36 33.08 33.07 32.94 32.77 32.61 32.35 32.37 32.37 32.41 32.36 30.62 28.65 26.99 25.26 23.78 22.31 20.99 20.63 20.52 20.32 19.84 19.02 18.52 17.62 16.13 14.83
traj-15:
20.24 21.47 22.99 24.22 24.51 25.88 27.10 28.14 29.01 29.03 29.06 29.07 29.05 29.20 29.37 29.36 27.86 25.94 25.12 23.38 22.33 21.18 19.61 17.69 16.92 15.41 14.51 12.69 12.25 10.31  9.23  7.37  5.96  4.62  3.01  2.52
18.56 19.62 20.63 20.82 20.91 20.87 20.94 21.77 22.62 23.91 25.62 25.92 27.67 29.13 30.86 31.43 32.03 32.32 32.38 32.59 32.53 32.69 32.82 33.19 33.36 33.35 33.20 32.93 32.94 33.25 33.42 33.94 33.83 34.09 34.13 34.21
traj-16:
 2.19  3.45  5.30  6.88  8.48 10.39 11.80 13.55 15.41 17.16 18.95 20.41 22.39 24.15 25.89 27.68 29.41 29.98 29.96 29.96 29.85 29.81 29.79 29.86 29.80 28.87 27.74 26.04 24.09 22.44 21.24 19.35 18.86 18.35 17.69 18.03 19.04 19.40
33.49 33.11 32.52 32.62 32.75 32.72 32.69 32.60 32.79 32.83 32.81 32.68 32.69 32.98 33.30 33.51 32.60 30.95 29.48 28.88 27.15 25.90 24.59 23.09 22.49 20.91 20.87 20.75 20.86 20.94 20.94 20.56 19.71 17.91 16.07 14.38 13.00 12.32
traj-17:
19.12 19.99 21.17 22.35 23.72 24.02 25.75 27.50 28.23 29.20 29.35 29.24 29.30 29.24 29.25 29.28 28.02 26.22 24.36 22.59 20.91 19.76 17.90 16.27 14.87 13.36 11.51  9.57  9.44  7.54  6.22  4.55  2.80  2.50
17.82 18.53 19.72 20.57 21.25 21.22 21.15 21.28 21.62 23.20 24.81 26.61 27.76 29.50 30.26 31.74 32.98 32.81 32.83 32.77 33.04 33.25 33.50 33.56 33.48 33.21 33.05 32.81 32.80 32.50 32.49 32.61 32.83 32.88
traj-18:
 2.07  2.30  3.91  5.03  6.96  7.56  9.53 10.38 11.92 13.17 14.14 15.25 16.72 17.73 19.70 20.08 20.79 22.67 23.68 25.66 27.51 28.73 29.14 29.14 29.13 29.12 29.11 29.15 28.55 27.48 26.11 25.04 23.18 21.45 20.32 19.06 17.90 16.33 15.18 13.44 12.51 10.90  8.97  7.02  6.25
34.18 34.02 33.10 32.59 32.16 32.19 32.23 32.26 32.31 32.52 32.51 32.51 32.43 32.29 32.29 32.20 32.19 32.55 32.53 32.40 32.24 32.01 30.18 29.31 27.89 25.89 24.45 22.71 21.56 21.28 19.88 18.30 18.31 17.60 17.71 17.69 17.35 17.01 16.99 16.73 16.70 16.73 16.79 16.57 16.46
traj-19:
 9.98 10.94 12.86 14.81 16.52 17.88 19.23 20.01 21.52 22.96 23.97 25.00 26.43 27.27 28.43 29.31 29.36 29.37 29.37 29.57 29.46 29.17 28.30 26.63 25.70 24.46 22.63 20.63 20.22 18.22 16.92 16.19 14.24 13.40 11.46  9.76  8.66  7.46  6.36  4.68  3.64  2.18
16.28 16.53 16.73 16.84 17.44 17.89 18.58 18.97 19.54 20.20 20.45 20.61 20.97 21.12 21.50 23.22 23.79 25.45 27.25 28.98 29.77 31.00 32.02 32.40 32.49 32.74 32.92 32.90 32.79 32.80 32.69 32.65 32.49 32.49 32.31 32.50 32.43 32.57 32.72 32.97 33.24 32.61
traj-20:
 3.09  4.61  6.02  6.31  8.28  9.14 10.36 11.43 13.15 14.95 16.23 17.60 19.01 20.91 22.07 23.81 25.54 27.10 28.58 29.16 29.36 29.39 29.32 29.41 29.44 29.47 28.55 27.13 25.61 23.82 22.38 20.98 19.44 18.21
32.71 32.57 32.59 32.64 32.87 32.95 32.97 32.93 32.80 32.67 33.13 33.63 33.91 34.13 33.91 33.58 33.05 32.53 32.27 30.46 29.49 28.28 27.15 25.35 24.47 23.02 21.42 20.72 19.85 19.04 18.55 17.94 16.70 15.37
traj-21:
 7.94  8.60 10.22 11.97 12.72 14.42 14.87 16.24 17.59 19.26 19.98 21.45 23.04 24.81 26.62 28.24 29.12 29.17 29.19 29.26 29.38 29.38 29.46 28.76 27.69 26.67 24.89 23.27 21.91 20.12 18.68 17.03 15.19 13.58 11.69 10.49  9.58  8.17  6.50  5.65  3.92  3.63
12.70 12.98 13.80 14.69 14.97 15.58 15.84 16.49 17.18 17.79 18.08 18.77 19.53 19.90 20.71 21.59 22.70 23.77 25.21 26.58 28.26 29.40 30.58 32.24 33.93 34.41 34.18 33.43 33.18 33.06 33.06 32.74 32.64 32.56 32.47 32.30 32.28 32.39 32.26 32.29 32.21 32.20
traj-22:
 2.41  2.99  4.98  5.56  7.32  9.09 10.35 12.20 14.01 14.85 16.77 17.80 19.44 21.33 22.64 24.40 26.12 27.43 29.10 29.11 29.08 29.05 29.01 29.08 29.02 28.12 27.65 26.27 25.18 24.39 23.30 22.66 21.25 19.97 18.22 16.79 15.09 14.17
34.17 34.28 34.08 33.96 33.47 32.88 32.65 32.41 32.46 32.44 32.35 32.27 32.15 32.04 32.05 32.11 32.02 32.00 31.18 29.70 27.94 27.04 25.26 23.99 22.84 21.30 21.00 19.98 19.11 18.25 17.02 16.54 15.21 13.83 13.16 12.59 11.98 11.27
traj-23:
19.52 19.73 19.81 20.04 20.30 20.82 21.00 22.11 22.68 23.81 24.22 25.36 25.75 27.32 28.87 29.28 29.42 29.43 29.48 29.54 29.68 29.58 29.51 28.21 27.76 26.08 24.72 22.83 21.12 19.83 19.05 17.17 15.50 14.14 13.06 11.23 10.00  8.73  7.28  5.65  3.81  3.51
 6.44  8.21  8.80 10.71 11.78 13.66 15.54 16.50 16.97 18.06 18.42 19.52 19.87 21.06 21.65 22.39 24.13 25.10 26.55 28.23 29.22 30.61 30.90 32.10 32.69 33.28 33.15 32.89 32.91 32.95 32.91 32.97 32.85 32.73 32.67 32.56 32.43 32.48 32.45 32.45 32.36 32.36
traj-24:
 3.20  3.49  5.33  6.36  8.15  9.94 11.61 12.88 14.78 16.44 18.22 20.03 21.28 22.46 23.89 25.07 27.06 28.90 29.91 29.84 29.62 29.50 29.42 29.37 29.35 29.22 28.50 27.66 26.01 24.85 23.63 21.93 21.14 19.23 17.75 16.16 14.39 13.00 11.88 10.80  9.52  8.11
33.97 33.89 33.48 33.41 33.15 32.85 33.60 33.55 33.48 33.71 34.08 33.92 34.31 34.45 34.64 34.58 34.56 34.39 32.80 31.43 29.65 28.67 26.75 25.95 24.41 22.66 20.87 20.27 19.38 18.77 18.23 17.50 17.41 17.20 16.92 16.18 15.35 15.63 15.90 15.67 15.50 15.25
traj-25:
 6.23  7.37  8.90 10.28 12.15 13.91 14.17 16.03 17.81 18.52 20.27 22.10 22.63 23.88 25.40 27.09 27.47 28.33 29.21 29.63 29.64 29.89 29.83 29.64 29.57 28.31 26.75 24.91 23.89 21.90 19.99 18.29 17.66 16.26 15.44 13.87 12.42 10.99  9.83  7.91  7.10  5.15  4.11  3.00
20.60 20.38 20.25 20.49 20.33 19.87 19.73 19.98 20.54 20.46 20.53 20.61 20.69 20.72 21.07 21.33 21.39 21.57 22.35 24.14 25.21 26.60 27.91 29.66 31.06 32.07 33.07 33.53 33.80 33.68 33.36 33.30 33.24 33.19 33.13 33.14 32.91 32.75 32.88 33.01 32.78 32.71 32.59 32.35
traj-26:
 2.70  4.29  5.20  7.05  8.39  9.56 11.45 13.29 15.04 15.67 17.28 19.10 19.92 21.73 22.85 24.52 26.42 28.16 28.97 30.10 30.12 29.95 29.87 29.85 29.92 29.80 28.80 27.23 25.79 24.72 23.74 22.58 21.77 20.74 19.63 19.11 17.94
33.86 33.81 33.57 33.11 32.73 32.52 32.30 32.52 32.47 32.58 32.77 32.87 32.81 32.86 32.99 33.01 33.21 33.47 33.69 32.11 30.15 28.36 27.01 26.19 24.79 23.31 21.77 21.17 20.00 18.93 18.10 17.11 16.27 15.16 13.69 12.98 11.45
traj-27:
14.90 16.09 16.64 17.66 18.49 19.22 19.78 20.17 20.64 21.18 21.96 23.38 25.17 25.61 27.13 28.61 29.18 29.61 29.46 29.17 29.14 29.03 29.03 28.58 28.01 26.27 24.41 22.70 21.18 19.19 17.89 16.34 15.07 14.26 12.40 11.06  9.90  7.90  6.26  5.33  4.18  2.72
 7.29  8.83 10.07 11.54 13.25 14.10 15.58 16.21 16.74 17.75 19.40 19.96 20.59 20.69 21.13 21.52 21.69 23.31 25.21 27.04 27.33 29.30 30.30 32.20 32.38 33.02 33.23 33.44 33.47 33.40 33.49 33.57 33.62 33.71 33.72 33.56 33.38 33.44 33.26 33.25 33.28 32.48
traj-28:
 3.53  4.81  5.94  7.76  9.74 11.56 13.51 15.44 17.10 18.98 20.09 22.02 23.46 25.17 27.04 28.23 29.69 29.51 29.42 29.51 29.57 29.61 29.04 27.61 26.34 24.82 23.00 21.64 20.10 19.26 17.74 16.68 15.02 13.77 12.90 11.18  9.29
32.69 33.31 33.43 33.42 33.19 32.89 32.76 32.61 32.54 32.48 32.43 32.38 32.35 32.36 32.18 32.04 30.82 29.13 28.07 26.75 24.77 22.87 20.96 20.02 19.19 17.96 17.95 18.04 16.80 16.21 15.27 14.95 14.65 14.45 14.24 13.78 13.55
traj-29:
17.39 17.69 19.53 20.77 22.30 23.43 25.20 25.48 26.62 28.23 29.18 29.28 29.53 29.34 29.11 29.03 28.38 27.74 26.33 24.40 23.30 21.64 20.18 19.01 17.59 16.69 15.25 13.42 11.69 11.39  9.59  7.77  6.49  4.58  3.82
20.24 20.26 20.49 20.60 20.80 20.78 20.94 20.84 20.89 21.27 22.81 23.41 25.31 27.28 29.21 30.41 32.13 32.32 32.67 32.53 32.40 32.24 32.35 32.35 32.39 32.46 32.41 32.61 32.71 32.72 32.82 33.56 33.99 34.56 34.89
traj-30:
 2.47  3.38  4.18  5.89  6.62  8.03  9.16 11.02 12.53 13.15 14.60 15.85 17.31 18.85 19.80 21.40 23.10 24.56 26.49 27.81 28.99 30.18 29.95 29.90 29.58 29.43 29.31 29.21 28.30 27.69 26.75 25.45 25.05 23.65 22.13 21.17 19.55 17.72 16.03 14.98 13.36 11.96 10.73  9.10  7.24
32.58 33.29 33.80 33.70 33.55 33.03 32.50 32.20 32.25 32.31 32.41 32.48 32.47 32.46 32.56 32.62 32.69 32.78 33.02 33.05 32.90 31.47 29.73 29.43 27.55 26.44 24.50 22.91 21.30 20.80 19.88 18.92 18.64 17.80 17.37 17.12 16.74 16.12 15.50 15.23 14.93 14.86 14.57 14.26 13.58
traj-31:
20.17 20.40 21.05 21.02 20.90 22.34 23.09 24.47 24.99 26.48 27.50 28.44 29.12 29.16 29.25 29.14 29.25 29.26 29.32 27.74 26.00 25.71 24.07 22.52 20.71 19.69 18.70 17.12 15.59 14.38 12.72 11.02  9.65  8.07  6.24  4.96  3.66
11.20 12.75 14.56 16.01 17.37 18.40 18.83 19.57 19.76 20.63 20.79 21.66 22.81 23.96 25.57 27.43 29.18 29.76 31.48 32.26 32.69 32.73 33.56 34.07 33.24 32.41 32.29 32.45 32.44 32.51 33.01 33.54 33.76 33.86 34.01 34.09 33.36
traj-32:
 2.54  4.02  5.07  6.76  8.07  8.77 10.42 12.18 13.49 14.34 16.29 17.22 18.94 20.15 22.06 23.67 25.54 27.36 29.28 30.32 30.17 29.90 29.83 29.54 29.41 29.39 28.36 27.66 26.05 24.72 23.36 22.01 20.63 19.44 17.73 16.13 14.48 12.91 11.70 10.37  9.50
33.85 33.45 33.19 32.87 32.79 32.71 32.89 32.87 32.93 32.87 32.94 32.96 33.15 33.28 33.33 33.22 32.91 33.12 33.29 31.79 30.72 28.90 27.15 25.70 24.20 22.99 21.59 20.78 20.00 19.52 18.55 17.46 16.39 15.62 14.61 13.69 12.59 11.78 11.16 10.95 10.95
traj-33:
20.06 20.33 20.54 20.69 21.57 22.13 23.34 24.58 26.17 27.08 28.23 29.08 29.14 29.43 29.54 29.49 29.57 29.57 28.04 27.24 25.49 23.93 22.36 20.83 19.05 18.06 16.28 14.52 13.20 11.44  9.53  7.74  6.27  4.71  3.23  2.29
10.25 11.85 13.54 14.76 15.99 17.19 18.26 19.71 20.30 20.62 21.06 21.95 23.05 24.50 26.46 28.35 30.33 31.52 32.71 32.69 32.89 32.85 33.12 32.97 32.84 32.75 32.74 32.69 32.58 32.62 32.50 32.57 32.63 32.56 32.56 32.46
traj-34:
 2.96  3.82  5.41  5.62  7.56  8.14 10.13 11.53 12.69 14.38 16.32 18.13 19.67 20.87 22.73 23.03 24.77 26.13 27.86 29.71 29.81 29.71 29.66 29.59 29.65 29.46 29.17 28.02 26.56 26.14 24.75 23.40 22.40 20.98 20.33 19.63 19.21 19.16
34.25 34.10 33.91 33.91 33.75 33.63 33.46 33.29 33.19 33.10 33.06 33.20 32.98 33.22 33.21 33.23 33.22 33.22 33.24 32.95 31.31 30.22 28.47 27.08 25.70 24.00 23.16 21.65 20.80 20.62 19.70 18.43 17.45 16.19 14.90 13.92 12.22 11.84
traj-35:
11.21 12.38 13.39 14.48 15.93 17.46 18.78 20.33 21.51 22.57 24.28 25.62 27.16 28.28 29.18 29.24 29.27 29.36 29.43 29.46 29.23 27.28 26.40 24.81 23.15 21.65 20.94 19.11 18.27 16.33 15.15 13.32 11.44 10.55  8.66  7.04  6.39  4.56
 9.60 11.09 12.48 13.74 14.65 15.60 16.81 17.80 18.43 19.05 20.05 20.47 20.66 21.88 22.85 24.31 24.89 26.80 28.39 29.97 31.74 32.05 32.97 33.06 33.12 32.97 32.88 32.74 32.65 32.50 32.37 32.24 32.28 32.24 32.31 32.28 32.33 32.38
traj-36:
 3.92  4.79  6.24  7.91  8.96 10.18 12.03 13.78 15.55 16.57 17.72 17.90 19.41 21.09 22.89 24.76 26.46 28.31 29.83 29.91 29.74 29.58 29.56 29.43 29.27 28.26 26.57 25.12 24.09 22.63 22.24 21.16 20.62 20.80 20.63 20.47 20.32 20.03 19.77
32.36 32.35 32.45 32.61 32.67 32.78 32.92 32.87 32.89 32.84 32.99 33.05 33.09 33.13 33.60 33.54 33.15 32.58 32.28 30.33 28.80 27.31 26.27 24.78 23.10 21.44 20.74 19.70 19.42 18.56 17.79 16.28 15.51 13.97 12.99 11.15  9.32  7.58  6.42
traj-37:
 8.82 10.12 11.94 13.65 15.15 16.74 18.49 19.90 21.16 22.71 23.90 25.80 27.09 28.44 29.38 29.79 29.92 29.67 29.36 29.52 29.63 29.62 27.72 26.54 24.88 23.48 21.83 20.69 19.67 17.89 16.77 14.95 13.63 11.80 10.06  8.35  6.47  4.54
14.96 15.53 16.30 17.08 17.63 18.19 18.79 19.06 19.25 19.32 19.41 19.41 19.65 20.64 22.29 23.75 24.32 26.02 27.83 29.82 31.28 32.16 32.63 32.70 32.64 32.50 32.49 32.45 32.40 32.38 32.35 32.23 32.22 32.20 32.19 32.20 32.21 32.33
traj-38:
 4.44  5.44  7.19  9.06  9.89 11.60 13.46 14.29 16.07 17.07 18.72 20.59 21.96 22.89 24.73 26.27 28.13 29.47 29.44 29.52 29.64 29.52 29.55 28.56 27.20 25.95 24.16 22.46 20.77 19.48 17.79 15.88 14.60 12.74 11.10  9.30  8.08  6.35
32.93 32.89 32.88 32.86 32.85 32.88 32.81 32.74 32.63 32.64 32.85 32.99 33.07 32.67 32.52 32.47 32.18 30.86 29.04 27.39 25.88 24.59 22.64 20.96 20.16 19.51 19.35 18.87 18.16 18.06 17.78 17.39 17.12 16.94 16.48 15.74 15.48 15.02
traj-39:
20.25 20.95 21.65 22.56 23.42 24.34 25.64 27.25 29.02 29.32 29.73 29.67 29.62 29.34 29.24 29.26 28.14 26.44 24.73 22.77 21.02 20.43 18.89 17.34 16.03 14.10 13.80 12.05 10.49  9.75  8.33  6.69  5.28  3.48  2.83
13.60 15.41 16.10 17.33 18.38 19.46 20.90 21.02 21.73 22.95 24.70 26.32 26.94 28.91 30.67 31.31 32.25 33.09 32.97 32.75 32.72 32.67 32.60 32.68 32.49 32.23 32.22 32.27 32.32 32.15 32.26 32.30 32.45 33.09 33.39
traj-40:
 4.77  6.68  8.22  9.13 10.43 11.40 12.18 13.53 14.36 16.30 17.62 19.44 21.12 22.91 24.04 24.89 26.86 27.97 28.10 29.36 29.51 29.73 29.69 29.65 29.65 29.39 28.32 27.52 25.54 24.14 22.17 20.40 18.81 18.22 16.39 15.53 13.77 12.26 11.04  9.44  8.62
34.13 34.08 34.04 33.93 33.84 33.77 33.65 33.54 33.42 33.11 32.97 33.01 32.80 32.66 32.56 32.52 32.46 32.29 32.02 31.37 29.84 28.62 26.72 25.11 23.45 21.65 20.57 20.17 20.00 20.03 20.07 19.64 18.78 18.63 18.46 18.08 17.38 16.40 15.80 14.89 14.29
traj-41:
17.21 17.48 17.69 18.22 19.40 20.83 20.78 22.15 22.19 23.58 24.99 25.77 26.67 28.38 29.14 29.16 29.43 29.40 29.40 29.36 29.34 29.31 27.93 26.34 24.64 23.41 22.40 20.49 18.62 16.91 15.70 13.97 12.88 11.02  9.05  7.70  5.75  4.47  2.91  2.41
 8.89  9.94 10.94 12.51 13.81 15.18 15.54 16.95 17.02 18.01 19.21 19.88 20.62 21.49 22.66 22.95 24.74 25.91 27.91 28.76 30.73 31.33 32.01 32.16 32.34 32.28 32.32 32.41 32.34 32.33 32.44 32.51 32.54 32.59 32.76 32.79 32.84 33.44 34.26 34.48
traj-42:
 2.52  3.07  4.77  5.64  7.25  9.00 10.94 12.73 14.58 15.97 17.26 18.88 19.66 21.29 23.01 24.23 26.10 27.29 29.11 29.22 29.40 29.60 29.63 29.58 29.48 29.52 28.06 26.93 25.14 23.96 22.20 21.37 20.24 19.58 18.91 18.45 17.97 17.23
34.37 34.30 33.78 33.41 32.76 32.74 32.52 32.44 33.03 32.80 32.63 32.79 32.83 32.90 32.97 33.09 33.23 33.00 32.55 31.36 29.60 27.75 26.26 25.41 23.49 22.53 21.17 20.72 19.90 19.41 19.15 18.18 16.96 16.00 15.06 14.27 13.16 12.13
traj-43:
18.82 19.09 19.22 19.44 19.94 20.23 20.86 21.57 22.75 24.13 25.28 26.96 28.30 29.25 29.26 29.29 29.48 29.88 30.26 29.12 28.61 27.11 26.02 24.11 23.79 21.91 20.81 19.73 18.16 16.75 15.61 13.97 12.67 11.68  9.69  8.31  6.61  4.94  3.43  2.56
 7.50  8.58  9.56 11.06 12.89 14.04 15.92 17.30 18.52 19.88 20.78 21.28 21.42 23.00 24.71 25.01 26.70 28.65 30.48 31.90 32.18 32.71 32.72 33.10 33.12 33.67 33.54 33.58 33.79 33.81 33.67 33.51 33.41 33.46 33.57 33.59 33.46 33.81 33.90 34.02
traj-44:
 2.23  3.61  5.24  6.97  8.84 10.04 11.90 13.60 14.15 15.70 17.29 19.06 20.92 22.92 24.70 26.41 28.16 29.06 29.23 29.21 29.40 29.23 29.26 29.27 28.87 27.12 26.00 24.49 22.52 21.35 20.19 18.53 17.52 16.05 15.02 14.32 13.38 11.74
33.78 33.28 32.76 32.35 32.67 32.56 32.54 32.46 32.44 32.29 32.15 32.06 32.57 32.67 32.62 32.55 32.33 31.34 30.26 28.76 27.01 25.08 23.87 22.50 21.81 20.91 20.88 20.91 20.99 21.10 21.24 20.53 19.88 18.76 17.97 17.47 16.71 15.76
traj-45:
 9.41 11.17 11.93 13.39 15.07 16.40 18.26 19.27 20.43 22.21 23.72 25.04 25.90 27.61 28.12 29.35 29.75 29.70 29.69 29.55 29.54 29.67 29.70 28.10 26.52 24.66 23.40 22.33 20.51 18.57 17.05 15.12 14.17 12.30 10.61  8.72  7.02  6.72  4.85  3.66
16.24 15.60 15.35 15.56 15.81 15.94 16.16 16.29 16.60 17.46 18.41 19.44 19.97 20.83 21.09 22.23 23.95 24.24 25.98 27.06 28.14 30.13 31.03 32.17 32.31 32.53 32.51 32.67 32.72 32.93 32.54 32.58 32.76 32.72 33.21 33.47 33.34 33.28 33.43 33.52
traj-46:
 4.62  6.47  7.85  9.69 11.57 12.33 14.24 15.91 16.72 18.44 20.07 21.46 23.06 23.53 25.34 26.96 28.68 29.46 30.94 30.90 30.85 30.51 30.35 30.20 30.02 29.88 28.48 27.13 25.73 25.16 24.10 22.82 21.82 20.45 19.60 17.91 17.21 16.04 14.67 13.66 12.64 12.05
34.02 34.24 34.31 34.21 33.97 33.88 33.75 33.77 33.73 33.56 33.49 33.30 33.17 32.96 32.94 32.99 32.86 32.97 32.27 30.79 29.60 27.94 27.16 25.63 24.36 22.86 21.73 20.61 19.55 19.09 18.21 16.88 15.97 14.72 13.98 12.94 12.34 11.57 10.32  9.46  8.48  7.83
traj-47:
11.11 11.89 13.31 14.63 16.26 17.25 18.39 19.35 20.36 21.48 22.76 23.55 24.66 26.44 28.20 29.07 29.61 29.89 29.85 29.85 29.76 29.72 27.91 26.63 26.26 24.51 22.80 21.80 20.41 18.54 16.58 15.09 13.20 11.75 10.92  8.97  7.57  5.85  4.93  3.16  2.63
 6.76  7.39  8.54  9.51 10.48 11.52 12.85 14.00 15.20 16.48 17.88 19.06 20.27 21.13 21.50 23.05 24.72 25.67 26.72 28.59 29.95 31.43 32.03 32.32 32.74 32.81 32.94 33.09 33.25 33.22 33.18 33.04 33.68 33.89 33.91 34.33 34.63 34.48 34.50 34.43 34.43
traj-48:
 3.09  4.36  6.20  8.03  9.09  9.69 11.65 12.16 13.79 15.01 16.80 18.35 19.40 21.20 22.63 24.51 25.56 26.91 28.32 29.73 29.80 29.78 29.53 29.40 29.19 28.28 26.48 25.10 23.56 22.16 21.38 21.13 20.94 21.00 20.91 20.78 20.72 20.63 20.64
34.04 34.35 34.12 33.63 33.60 33.56 33.30 33.38 33.50 33.53 32.98 32.82 32.72 32.45 32.47 32.55 32.61 32.35 32.02 30.79 29.62 28.16 26.49 25.10 23.16 21.63 20.77 19.44 18.79 18.25 16.71 16.02 14.12 12.73 10.95  9.56  8.89  6.93  6.12
traj-49:
12.98 14.38 15.19 16.83 18.44 20.11 21.88 23.26 24.56 26.46 28.40 29.38 29.48 29.54 29.60 29.47 29.37 29.23 29.15 29.18 28.11 27.32 25.93 25.03 23.89 21.94 20.36 19.21 17.22 15.32 14.21 13.09 11.56 10.10  9.04  7.87  6.29  4.30  2.84
14.84 15.40 15.76 16.48 17.09 17.32 17.85 18.19 18.38 18.36 18.53 19.94 21.75 23.19 24.90 26.37 27.54 28.93 30.70 31.00 32.23 32.58 33.17 33.19 33.10 32.95 32.88 32.88 32.94 32.69 32.72 32.72 32.69 32.60 32.58 32.51 32.27 32.46 33.10
traj-50:
 4.08  5.87  6.33  8.11  9.83 11.31 12.92 14.20 15.44 16.94 17.80 19.47 20.73 22.32 22.88 24.34 26.19 27.35 28.88 29.24 29.06 29.09 29.29 29.38 29.36 29.21 29.09 27.83 26.04 25.19 23.54 23.17 21.95 20.95 19.91 19.25
32.91 32.97 33.10 32.44 32.56 32.65 32.86 32.95 33.02 33.02 33.16 32.45 32.27 32.18 32.14 32.25 32.38 32.42 32.10 31.43 29.56 28.20 26.61 25.59 24.21 22.81 21.73 20.90 20.24 19.75 19.04 18.78 17.69 16.90 15.74 14.91
traj-51:
 9.40 10.59 12.43 12.71 14.13 14.98 16.66 16.90 18.60 19.74 21.35 22.08 23.00 24.28 25.55 26.74 28.19 29.07 29.11 29.16 29.04 29.08 29.13 29.07 27.54 27.18 25.31 23.61 22.66 21.66 19.93 18.15 16.55 14.75 13.13 11.84  9.97  8.65  7.10  6.17  4.40  3.22
11.12 11.12 11.20 11.32 11.82 12.14 13.09 13.26 14.22 14.65 15.57 16.09 16.78 17.55 18.05 18.93 19.87 21.61 22.96 24.74 26.56 28.48 29.67 31.43 32.17 32.16 32.06 32.06 32.27 32.41 32.69 33.33 33.53 33.38 33.14 33.08 32.95 32.95 32.80 32.83 32.85 32.75
traj-52:
 4.67  6.34  7.68  9.66 10.72 12.16 13.74 15.17 17.09 19.00 20.76 22.01 23.46 25.39 26.63 27.53 29.44 29.63 29.88 30.04 30.12 30.23 30.32 30.37 29.37 28.01 26.46 25.18 23.59 22.53 21.02 19.71 18.67 17.77 16.84 15.97 15.20 14.27
33.34 33.26 33.20 33.27 33.27 33.26 33.18 33.17 33.19 33.05 33.14 33.32 33.43 33.49 33.33 33.29 32.87 30.98 29.12 27.30 26.49 25.07 23.30 21.62 20.73 19.82 18.82 18.03 17.11 16.43 15.60 14.53 13.61 12.64 11.62  9.95  8.52  6.80
traj-53:
 8.52  9.06 10.63 12.58 14.54 15.85 17.46 19.40 20.80 21.92 23.57 25.21 25.56 26.46 28.10 29.21 29.22 29.24 29.29 29.19 29.03 29.12 28.65 28.35 26.60 25.70 23.90 21.97 20.94 19.78 18.70 17.59 16.00 14.58 13.37 11.40  9.82  9.37  7.43  5.81  3.95
20.89 20.86 20.73 20.47 20.33 20.37 20.36 19.89 20.12 20.56 21.30 20.34 20.25 20.11 21.10 22.58 22.88 24.84 26.47 28.34 28.74 30.61 32.02 32.07 32.46 32.67 32.90 32.82 32.85 32.91 32.95 32.81 32.56 32.73 32.84 32.85 32.69 32.61 32.36 32.25 32.29
traj-54:
 3.60  5.22  7.10  8.51 10.27 12.02 14.00 14.56 16.49 17.90 19.45 19.75 21.50 23.24 23.83 25.70 27.47 29.12 29.26 29.25 29.21 29.24 29.25 29.23 28.84 27.89 26.89 25.94 24.02 22.17 20.29 18.84 17.06 15.24 14.11 13.05 11.90 10.55  9.03
33.07 33.00 32.98 33.01 32.94 32.95 32.92 32.92 32.75 32.62 32.47 32.46 32.35 32.31 32.31 32.30 32.23 31.59 30.11 28.36 27.17 25.17 23.93 22.28 21.00 19.85 18.63 17.33 17.81 17.60 17.50 17.42 17.30 17.03 17.01 17.45 17.90 18.75 19.77
traj-55:
16.87 17.65 19.03 20.16 21.18 21.71 23.33 23.99 25.58 27.13 28.27 29.01 29.65 29.84 29.62 29.43 29.25 29.12 28.08 26.79 25.96 24.26 23.20 21.26 20.61 19.05 17.91 16.51 15.08 13.11 11.45 10.55  9.45  8.29  7.03  5.26  3.64
11.93 13.66 15.07 16.59 17.18 17.39 18.18 18.54 19.67 20.67 21.75 22.14 24.02 25.33 27.20 28.56 29.37 31.15 32.43 33.38 33.32 33.20 33.19 33.12 33.08 32.97 32.86 32.67 32.43 32.26 32.32 32.11 32.23 32.46 32.57 33.08 33.50
traj-56:
 3.52  3.94  5.64  6.95  8.76  8.92  9.50 11.27 12.70 14.29 16.16 17.74 19.35 21.20 22.66 24.48 24.92 26.50 27.13 28.22 29.24 29.29 29.53 29.56 29.46 29.21 29.14 29.08 28.08 27.33 25.56 23.98 23.70 22.73 21.81 20.13 18.27 16.86
34.46 34.34 33.77 33.23 32.51 32.44 32.41 32.50 32.52 33.05 32.91 32.76 32.79 32.89 33.04 33.10 33.12 33.24 33.23 32.13 31.15 30.85 29.01 28.41 26.97 25.34 23.56 22.77 21.33 21.51 20.67 19.60 18.87 17.94 17.36 16.86 16.16 15.72
traj-57:
18.23 19.40 20.79 22.50 23.71 24.55 26.33 26.58 28.41 29.08 29.76 30.16 30.17 30.16 30.23 30.50 30.63 29.27 28.58 27.05 25.59 23.85 23.47 21.71 20.80 19.08 17.83 16.18 14.63 12.98 11.73 10.02  8.44  7.73  6.35  4.86  3.62  2.11
16.31 16.79 17.48 18.25 18.55 18.70 19.58 19.74 19.80 20.72 22.55 24.22 25.85 27.34 29.32 31.04 31.93 33.29 33.43 33.56 33.69 33.67 33.87 33.71 33.69 33.68 33.65 33.43 33.19 33.04 32.80 32.60 32.42 32.36 32.27 32.19 32.24 32.18
traj-58:
 2.42  3.94  5.65  7.28  8.70  9.95 10.93 12.66 13.42 14.09 16.02 17.78 19.14 20.45 21.90 22.85 24.46 25.85 27.38 28.24 30.04 30.01 29.87 29.74 29.74 29.60 29.01 28.56 27.40 25.77 23.97 23.32 21.81 20.10 18.50 17.65 16.20 14.82
32.67 32.73 32.58 32.68 32.61 32.71 32.71 32.68 32.65 32.60 32.69 32.73 32.76 32.78 32.85 32.89 32.96 33.04 32.45 32.25 31.67 30.51 28.93 27.16 25.61 23.77 22.18 21.69 21.36 20.60 20.10 19.75 18.92 17.99 17.52 17.18 16.59 16.08
traj-59:
14.56 16.09 17.47 18.49 20.21 21.24 22.86 23.88 24.72 25.85 27.70 29.31 29.87 29.89 29.86 29.92 29.77 29.54 29.40 29.22 29.16 27.87 26.87 25.77 24.24 22.91 21.17 19.33 17.43 16.54 14.94 13.56 11.93 10.43  8.90  6.97  5.94  4.21  2.52
14.67 15.48 16.38 16.98 17.85 18.33 18.98 19.42 19.79 20.56 21.11 21.33 22.03 22.33 24.12 25.21 26.39 27.53 28.38 29.75 31.20 32.59 33.20 33.26 33.63 33.67 33.54 33.33 33.42 33.40 33.26 33.15 33.02 32.93 32.75 33.21 33.38 33.60 33.98
traj-60:
 2.01  3.79  5.44  6.45  8.41  9.33 11.11 12.73 13.47 15.08 16.17 17.75 19.31 20.63 22.59 24.34 26.22 26.81 28.61 29.31 29.29 29.24 29.22 29.20 29.23 29.26 28.08 27.23 25.75 24.16 22.46 20.57 20.58 20.57 20.18 20.06 19.80
32.37 32.40 32.50 32.33 32.42 32.55 32.65 32.58 32.64 32.76 32.79 32.47 32.40 32.14 32.43 32.37 32.42 32.51 32.24 30.76 29.70 28.29 27.17 25.42 23.51 22.92 21.50 21.27 20.81 20.23 20.35 20.23 18.46 16.80 14.91 13.56 12.44
traj-61:
 9.50  9.96 11.17 12.49 14.35 15.44 16.69 18.49 19.22 20.86 22.42 24.04 25.62 27.12 27.40 28.71 29.02 29.12 29.21 29.26 29.33 29.45 29.45 29.95 28.71 27.36 25.56 23.74 23.32 21.57 20.21 18.63 16.71 15.62 13.65 13.22 11.26  9.78  8.18  6.18  4.67
 9.17  9.55 10.55 11.81 12.20 12.91 13.39 14.23 14.64 15.65 16.75 17.66 18.56 19.71 19.81 21.02 21.14 22.89 24.36 26.12 27.96 29.66 30.41 32.15 33.44 33.32 33.33 33.57 33.58 33.57 33.35 33.19 33.08 33.04 32.91 32.97 33.30 33.54 33.81 33.81 33.60
traj-62:
 4.87  5.96  7.03  8.66 10.43 11.38 13.35 13.93 15.76 17.58 19.24 20.58 22.47 23.76 25.25 27.09 28.98 29.11 29.29 29.64 29.75 29.51 29.28 28.37 28.09 26.35 25.19 24.18 22.73 21.58 19.84 19.15 17.47 16.04 14.33 14.04
33.96 33.77 33.51 32.58 32.44 32.28 32.24 32.38 32.51 32.62 32.75 32.77 32.84 32.58 32.44 32.91 32.90 31.02 29.77 28.15 26.27 24.43 22.45 20.82 20.59 20.37 20.47 20.52 20.02 19.59 19.05 18.93 18.45 18.08 17.44 17.36
traj-63:
17.46 17.95 18.69 19.00 19.57 20.47 22.29 22.93 24.70 25.94 27.55 27.98 28.13 29.13 29.19 29.41 29.50 29.38 29.40 28.85 27.33 26.28 24.52 22.75 20.85 19.50 17.81 16.23 15.26 13.36 11.38  9.95  8.74  6.78  6.50  4.60
10.74 12.05 13.88 15.70 17.24 18.56 19.20 19.36 19.96 20.22 21.00 20.94 20.86 22.46 23.32 25.23 26.89 28.63 30.62 32.04 32.11 32.15 32.37 32.59 32.91 32.88 32.60 32.43 32.33 32.32 32.41 32.40 32.64 32.83 32.91 33.05
traj-64:
 2.38  3.52  4.58  6.57  7.78  9.70 11.32 12.85 14.77 16.11 17.62 19.61 21.04 22.69 24.31 26.22 27.27 28.62 30.54 30.86 30.71 30.43 30.10 29.76 29.44 29.20 29.05 28.69 27.00 25.54 24.14 22.88 22.10 20.63 19.37 18.56 17.66 16.52 15.84 14.29 12.90 11.36  9.92  9.36  8.03
34.37 34.34 34.34 34.08 33.84 33.42 33.29 33.17 33.47 33.45 33.24 33.14 33.04 33.03 33.11 33.39 33.43 33.86 33.36 31.62 30.46 29.33 27.96 26.25 24.36 23.08 22.25 21.68 20.72 19.49 18.66 17.74 17.19 15.95 14.93 14.27 13.64 12.67 12.36 11.23 10.23  8.96  7.89  7.50  6.53
traj-65:
19.69 19.60 19.51 20.22 20.82 22.48 23.89 25.33 26.56 28.20 29.33 29.43 29.61 29.57 29.55 29.56 29.43 29.48 29.44 27.89 26.60 25.52 23.84 22.07 20.74 18.88 16.92 15.56 13.69 11.86 10.25  8.32  6.65  4.77  3.87
12.13 13.35 14.75 15.88 16.42 17.40 18.50 19.32 20.65 21.32 22.73 23.26 24.66 24.96 26.74 28.58 29.41 31.21 32.95 33.20 33.29 33.19 33.01 33.05 33.11 33.02 33.08 33.03 33.03 32.75 32.97 33.13 33.50 33.41 33.41
traj-66:
 3.79  5.62  6.85  7.73  9.55 10.96 12.42 13.01 14.96 16.16 17.37 18.76 19.96 21.93 23.28 25.22 26.79 28.67 29.73 29.74 29.72 29.67 29.37 29.15 29.08 29.02 27.83 26.07 25.09 23.55 21.91 21.36 19.39 18.22 16.28 14.52 13.18 11.25  9.94  8.25
33.43 33.34 33.30 33.06 32.45 32.11 32.11 32.12 32.19 32.33 32.42 32.59 32.61 32.59 32.66 32.84 32.87 33.11 31.80 30.61 29.47 27.72 26.32 24.87 23.41 21.56 20.26 19.91 19.53 18.99 18.53 18.53 18.56 18.63 18.61 18.57 19.08 19.51 20.12 20.82
traj-67:
 8.60 10.09 10.32 11.71 12.07 13.54 15.22 16.81 18.58 19.37 20.72 21.44 23.18 24.60 26.30 27.71 29.23 29.55 29.69 29.80 29.86 30.24 29.92 29.48 28.08 27.51 25.76 24.26 22.40 20.63 18.67 17.80 16.67 15.19 13.30 12.13 10.24  9.24  7.73  6.14  4.45  3.40
12.38 13.64 13.83 14.98 15.23 15.80 16.66 17.16 17.95 18.42 18.98 19.26 19.85 20.30 20.98 21.80 22.40 23.77 25.58 26.99 27.70 29.39 30.67 31.92 33.31 33.39 33.83 34.09 33.74 33.43 33.16 32.85 32.82 32.98 33.07 33.17 33.18 33.24 33.47 33.82 34.33 34.59
traj-68:
 3.76  5.15  6.86  7.44  8.03  9.75 11.73 13.54 15.26 16.35 17.79 19.34 21.25 22.83 24.78 25.48 26.92 28.08 29.55 30.15 30.71 30.43 30.07 29.79 29.51 29.04 27.48 25.60 23.70 22.54 21.90 20.61 19.56 18.56 16.97 16.55
33.29 33.07 32.75 32.77 32.97 33.02 33.09 32.77 32.74 32.67 32.52 32.45 32.37 32.28 32.25 32.24 32.19 32.14 31.48 30.78 29.80 28.11 26.25 24.82 22.99 21.85 20.59 19.97 19.47 18.94 18.58 18.05 17.41 17.06 16.00 15.77
traj-69:
13.04 13.35 13.77 14.34 14.89 15.38 15.76 16.52 17.25 17.93 19.22 19.81 21.54 22.07 23.33 24.07 25.89 27.59 28.16 29.44 29.46 29.30 29.16 29.05 29.03 28.66 26.90 25.26 23.97 22.30 20.93 19.65 17.79 17.03 15.30 13.60 11.72 10.11  8.56  6.57  6.19  4.35
 6.00  6.79  7.90  9.26 10.84 11.86 12.63 13.78 15.11 16.53 17.25 17.60 18.59 18.92 20.20 20.53 21.21 21.32 21.37 22.67 24.14 26.10 27.32 29.26 30.37 32.32 33.18 32.97 32.81 32.65 33.03 33.43 34.13 33.92 34.34 34.19 34.35 34.39 34.23 34.20 33.98 33.58
traj-70:
 3.20  4.25  6.14  7.31  8.39  9.85 11.48 11.91 13.45 14.90 16.68 18.01 19.37 20.85 21.60 23.26 24.43 26.30 28.18 29.06 29.25 29.48 29.52 29.72 30.02 29.96 29.80 29.43 28.79 28.03 26.63 25.42 24.72 22.91 21.50 20.61 19.62
34.78 34.50 34.12 33.75 33.51 33.07 32.57 32.38 33.10 33.83 33.80 33.86 33.47 33.19 33.11 32.49 32.41 32.36 32.07 31.39 30.86 29.73 28.57 27.26 25.87 24.96 23.07 22.18 21.21 20.45 19.78 19.08 18.76 18.48 17.97 16.80 15.75
traj-71:
14.12 15.07 16.33 17.93 19.39 21.19 22.44 24.33 25.79 26.35 28.24 29.86 29.82 29.80 29.75 29.56 29.29 28.74 26.75 25.60 24.56 23.36 21.88 19.95 18.14 16.21 14.53 12.74 12.48 10.68  9.40  8.04  7.32  5.88  4.04
16.58 17.12 17.62 18.41 19.42 20.27 20.62 21.20 21.26 21.29 21.33 22.45 24.24 26.10 27.81 29.16 31.13 32.16 32.15 32.42 33.10 33.35 33.39 33.40 33.17 32.73 32.88 32.84 33.19 33.92 34.05 33.98 34.10 34.24 34.48
traj-72:
 4.80  6.05  8.01  9.18 10.96 12.66 14.35 15.84 17.12 18.92 19.96 21.70 21.92 22.84 24.72 25.00 26.50 28.09 29.86 30.21 30.20 29.99 29.89 29.61 29.38 29.07 29.03 28.41 27.33 25.56 23.62 22.61 21.42 19.54 17.58
34.01 33.35 33.35 33.32 33.25 33.22 32.70 32.67 32.58 32.50 32.55 32.82 32.78 33.08 33.60 33.67 34.01 34.50 33.70 31.79 30.74 29.02 28.24 26.64 24.73 23.05 22.47 21.44 21.21 20.62 20.27 20.12 19.89 19.32 18.97
traj-73:
15.10 16.78 17.69 19.30 21.09 22.74 24.17 25.46 26.29 28.07 29.28 29.56 30.11 30.64 31.07 30.98 30.95 30.01 28.16 26.62 25.57 23.84 22.19 20.56 18.86 18.09 16.86 16.08 14.82 13.06 11.16 10.07  8.10  6.50  4.57  4.27
16.22 16.92 17.23 17.94 18.45 19.52 20.29 21.10 21.15 21.54 22.51 24.14 25.97 27.81 29.12 31.11 32.00 33.31 33.71 33.80 33.69 33.59 33.27 32.91 32.65 32.77 33.07 33.20 33.32 33.54 33.70 33.84 33.82 34.01 34.13 34.16
traj-74:
 4.33  5.72  7.53  8.93  9.97 11.62 13.06 14.86 16.61 18.38 18.83 20.54 22.42 23.95 24.57 26.37 27.90 29.57 29.70 29.77 29.85 29.89 29.94 29.07 28.01 26.65 25.51 24.17 23.11 21.85 20.94 20.42 19.40 18.62 17.46 16.38
34.42 34.36 33.79 33.23 33.06 32.93 32.81 32.58 32.73 32.85 32.80 32.88 32.87 32.76 32.73 32.61 32.33 31.94 30.27 28.93 27.61 26.13 24.18 22.63 20.96 20.27 19.54 18.54 17.53 16.40 14.74 13.97 12.34 10.84  9.27  7.86
traj-75:
16.84 17.25 18.74 19.84 20.83 22.30 24.11 25.42 26.75 28.30 29.06 29.07 29.21 29.53 29.68 29.95 30.04 29.10 27.32 25.40 24.03 22.44 20.65 18.87 17.43 15.76 14.45 12.97 11.46  9.67  8.02  7.48  5.85  4.06  2.86
14.55 14.71 15.55 16.24 16.86 17.71 18.47 19.20 20.41 21.50 22.05 23.23 25.17 27.05 28.47 30.20 31.36 32.88 32.82 32.51 32.54 32.55 32.42 32.37 32.58 32.71 32.86 33.21 33.36 33.66 33.92 33.86 33.97 33.95 33.94
traj-76:
 3.04  4.43  6.35  7.25  9.21 10.63 12.13 13.27 14.04 15.91 17.32 19.24 20.08 21.73 22.92 24.17 25.47 27.42 28.64 29.01 29.21 29.41 29.67 30.03 29.96 30.02 30.18 30.19 28.67 26.88 24.99 24.74 22.98 21.03 19.08 17.11 15.47 14.40 12.97 11.40  9.95  9.36
32.29 32.43 32.49 32.56 32.78 32.74 32.70 32.76 33.03 33.70 33.53 33.40 33.33 32.74 32.47 32.29 32.39 32.26 32.37 30.41 29.39 28.36 27.28 25.37 24.55 22.92 21.98 20.04 18.79 18.39 18.29 18.33 18.31 18.23 18.41 18.34 18.41 18.46 18.54 18.69 18.79 18.84
traj-77:
18.72 19.68 20.87 22.25 23.36 24.52 25.98 27.32 28.26 29.20 29.58 29.65 29.69 29.54 29.47 29.41 28.68 26.87 25.21 23.79 22.37 21.42 19.50 18.20 16.35 16.05 14.13 13.33 11.85 10.32  8.95  7.23  6.63  4.81  2.88
14.06 14.69 15.52 16.62 17.40 18.06 19.24 20.35 21.03 22.59 24.15 25.89 26.39 27.87 28.73 30.60 32.21 32.30 32.63 32.61 32.54 32.49 32.35 32.42 32.36 32.35 32.23 32.38 32.54 32.64 32.83 32.97 33.00 32.70 32.38
traj-78:
 4.92  6.77  8.04  9.88 10.80 11.52 13.31 15.08 16.01 17.66 18.57 20.22 21.73 23.60 25.53 27.52 28.45 30.11 30.01 29.66 29.57 29.68 29.70 29.54 29.48 29.32 27.80 26.30 24.95 23.84 22.34 20.77 19.89 18.96 17.76 16.40 16.00
34.85 34.67 34.67 34.74 33.74 32.90 33.03 32.81 32.94 33.04 32.60 32.58 32.64 32.70 32.60 32.44 32.16 31.24 30.41 28.59 28.31 26.38 26.08 24.27 23.44 21.69 21.03 20.34 19.37 17.86 17.04 16.08 15.17 13.65 12.94 12.11 11.86
traj-79:
 6.16  7.80  8.78 10.30 11.66 12.87 13.35 14.88 15.61 16.77 17.84 19.10 20.40 21.47 23.23 24.62 26.39 28.06 29.32 29.38 29.53 29.55 29.55 29.31 29.03 28.33 27.18 26.20 24.21 22.45 21.02 19.66 17.95 16.33 14.41 12.74 10.83  9.06  8.54  7.06  6.07  4.59  2.70
 9.60 10.72 11.37 12.36 13.58 14.49 14.83 15.66 16.37 17.47 17.76 18.27 18.80 19.18 20.04 20.65 20.41 21.13 22.59 23.60 25.16 26.38 27.33 29.12 30.60 32.02 32.58 32.64 32.79 32.80 32.87 32.91 32.93 32.86 32.70 32.53 32.55 32.49 32.41 32.70 32.78 32.93 33.06
traj-80:
 4.84  6.19  6.80  8.54  9.88 11.35 13.23 14.72 16.51 18.50 19.36 21.03 22.88 24.71 25.31 27.03 28.16 29.82 29.94 29.83 29.71 29.54 29.28 28.24 27.16 25.91 25.09 23.22 22.08 20.47 19.43 18.17 18.16 18.78 18.95 19.44 20.00 20.38 21.13 21.05
34.35 33.88 33.73 33.50 33.29 33.21 33.09 33.14 33.15 33.32 33.17 33.10 33.02 32.55 32.52 32.31 32.17 31.22 29.28 27.49 26.05 24.39 22.81 21.85 20.96 20.72 20.65 20.14 20.36 19.39 19.23 18.76 17.50 15.81 15.38 13.69 12.16 10.21  8.49  7.98
traj-81:
20.32 20.00 19.57 19.28 18.79 18.63 18.93 19.72 21.05 21.51 22.48 23.60 25.14 26.47 28.16 29.01 29.13 29.13 29.11 29.13 29.07 28.35 26.77 24.98 23.42 22.85 21.32 19.37 17.45 16.23 14.46 13.04 11.94 10.43  8.76  7.09  5.28  4.18
 6.07  6.83  7.94  9.23 11.11 12.66 13.75 14.68 16.02 16.40 17.69 18.95 19.67 20.42 21.24 21.66 23.49 25.23 26.99 28.78 30.50 32.19 32.57 33.35 33.32 33.31 33.21 33.08 33.53 33.78 33.61 33.32 33.24 33.11 32.81 32.72 32.79 32.76
traj-82:
 4.93  6.49  7.08  8.66 10.09 11.41 13.31 14.48 16.02 17.77 19.65 21.50 23.44 25.11 26.67 28.54 29.13 29.13 29.10 29.13 29.12 29.10 29.06 28.46 27.37 25.41 23.98 22.98 21.30 19.57 17.86 16.16
34.75 34.19 33.97 33.21 32.58 32.42 32.55 32.53 32.53 32.46 32.52 32.76 32.81 32.80 32.92 32.55 30.75 29.33 27.91 26.20 24.45 23.29 21.38 19.54 18.73 19.09 19.60 19.87 19.99 19.97 20.30 20.32
traj-83:
10.80 11.66 13.63 15.28 16.90 18.62 20.34 22.14 23.91 24.24 25.92 26.69 28.52 29.27 29.30 29.37 29.45 29.50 29.59 29.56 29.14 28.51 26.59 24.64 24.20 22.41 20.52 18.92 17.56 15.95 14.91 12.98 11.60  9.85  8.27  7.40  5.81  4.36  2.98
18.35 18.42 18.55 18.76 19.01 18.83 19.11 19.36 20.06 20.24 20.65 20.84 21.13 22.19 23.90 25.61 27.38 27.95 29.95 30.25 31.19 32.60 32.88 32.67 32.68 32.56 32.38 32.27 32.40 32.56 32.54 32.50 32.56 32.83 33.12 33.25 33.47 33.78 34.08
traj-84:
 2.82  4.64  5.48  7.24  8.75 10.54 11.92 13.02 14.65 16.03 17.77 19.63 19.92 21.67 22.87 24.16 26.07 26.93 28.57 28.83 29.28 29.38 29.50 29.62 29.57 29.40 28.26 26.67 25.12 23.66 22.46 20.93 19.01 17.51 16.06 15.11 14.20 12.94 11.41
32.22 32.32 32.35 32.54 32.76 32.85 33.14 33.16 33.10 33.07 33.19 33.19 33.16 33.20 33.14 33.17 33.09 33.09 32.06 31.92 30.19 28.46 27.18 25.34 24.78 23.01 21.74 20.91 21.17 20.86 20.61 20.29 19.94 19.47 18.84 18.55 18.05 17.26 16.31
traj-85:
15.25 15.85 17.56 18.85 20.72 22.42 24.37 25.91 27.17 29.10 29.53 29.54 29.66 29.63 29.73 29.67 29.42 29.23 28.74 26.83 24.90 23.31 21.44 19.54 17.97 16.09 15.84 14.05 12.34 11.88 10.04  9.39  7.40  7.06  5.27  3.72
18.47 18.54 18.93 19.33 19.82 20.25 20.55 20.94 21.01 21.08 22.49 23.35 24.84 26.27 27.91 28.65 28.81 30.36 32.23 32.30 32.28 32.52 32.69 32.63 32.73 32.84 32.84 33.12 33.27 33.29 33.32 33.33 33.27 33.29 33.23 33.11
traj-86:
 3.05  3.91  5.32  7.05  8.54  9.67 11.41 13.11 14.86 15.90 17.45 18.03 19.66 20.25 22.02 22.37 24.00 25.55 27.29 27.58 29.48 29.59 29.54 29.39 29.26 29.21 29.17 29.27 29.24 28.20 27.85 26.77 25.81 24.24 22.38 20.46 19.06 17.84 16.69 15.58 14.02 12.69 11.78 10.38  9.65  8.72
33.85 33.48 32.87 33.13 33.37 33.39 33.55 33.94 34.09 33.82 33.31 33.09 32.65 32.62 32.40 32.35 32.24 32.66 32.82 32.88 32.33 31.14 29.68 28.53 26.67 25.31 24.46 22.70 21.13 19.58 19.10 17.50 17.29 17.09 17.04 16.72 16.21 15.77 15.31 14.71 13.46 12.08 11.41 10.23  9.40  8.25
traj-87:
16.18 16.33 17.88 18.14 19.15 19.75 20.05 21.13 22.37 22.66 23.33 23.88 25.44 26.35 28.04 29.09 29.15 29.24 29.28 29.31 29.41 29.37 29.08 27.11 27.01 25.79 25.13 23.36 21.84 19.92 18.08 17.77 15.88 14.03 12.05 10.93  9.93  8.24  6.65  4.86  3.02  2.39
 9.29  9.31 10.37 10.76 12.36 13.69 14.40 16.01 17.25 17.70 18.82 19.44 20.03 20.23 21.06 22.32 23.18 24.89 26.48 27.49 29.28 30.45 32.06 32.13 32.41 33.01 32.95 32.78 32.82 32.78 32.56 32.53 32.63 32.50 32.61 32.50 32.53 32.64 32.63 33.39 34.10 34.67
traj-88:
 2.27  4.14  5.95  7.04  7.34  9.32 11.11 13.04 14.34 15.98 17.97 19.17 20.78 21.42 23.15 25.08 26.94 28.47 28.61 29.23 29.23 29.19 29.22 29.41 29.70 29.65 29.35 29.22 27.54 26.17 24.44 23.18 21.43 19.80 18.54 17.54 15.97 14.29 12.40 10.63  9.39  8.18
32.26 32.25 32.15 32.18 32.18 32.09 32.22 32.28 32.38 32.60 32.69 32.88 33.10 33.19 33.51 33.44 33.40 32.41 32.15 30.46 29.56 27.81 27.51 25.65 24.46 22.80 21.31 20.70 20.31 20.13 19.88 19.62 19.54 19.35 18.59 18.04 17.53 16.98 16.55 16.28 17.04 17.67
traj-89:
18.28 18.63 18.78 18.99 19.39 19.33 19.56 20.66 22.30 22.97 24.37 25.26 27.20 28.85 29.93 29.94 30.01 29.87 29.71 29.73 29.53 29.30 27.71 25.84 23.86 22.92 21.18 19.27 17.80 16.55 15.78 14.19 12.47 10.79  8.88  8.58  6.66  4.87  3.24
 7.06  8.91 10.65 11.72 13.42 14.91 16.82 17.80 18.48 18.37 18.66 18.98 19.15 20.03 21.47 21.87 23.52 25.42 27.20 28.70 30.28 32.25 33.39 33.17 33.12 32.94 32.72 32.70 32.63 32.71 32.90 33.26 33.12 33.17 33.40 33.46 33.57 33.78 34.22
traj-90:
 3.45  5.35  7.33  9.22  9.54 11.18 12.92 14.82 16.32 16.88 18.84 20.40 21.78 23.63 25.52 27.03 28.64 29.28 29.48 29.73 29.79 29.45 29.36 28.50 27.57 26.51 24.63 22.93 21.60 19.81 19.04
33.26 33.23 33.43 33.20 33.10 32.72 32.45 32.58 32.34 32.44 32.39 32.69 32.90 33.18 33.11 32.58 32.01 30.17 29.37 28.10 26.67 24.77 22.86 21.31 21.01 20.64 20.19 19.83 19.55 19.04 18.76
traj-91:
15.27 15.66 17.08 18.55 19.70 21.52 22.76 23.98 24.89 26.50 27.48 29.05 29.01 29.29 29.46 29.63 29.94 29.84 28.00 26.46 25.67 24.60 23.42 21.61 19.80 17.89 16.57 14.70 12.96 11.19 10.05  8.22  7.60  5.64  3.74  2.01
16.04 16.26 17.30 18.22 19.00 19.82 20.23 20.31 20.44 20.74 20.96 22.16 23.05 24.74 26.52 28.34 29.95 31.71 32.12 32.20 32.37 32.57 32.82 32.63 32.26 32.55 32.75 32.73 33.00 33.01 32.99 32.98 32.98 33.12 33.09 33.20
traj-92:
 3.69  4.79  6.67  8.39  9.12 10.56 11.82 13.35 14.67 15.93 17.76 18.50 19.76 21.29 21.51 22.85 24.44 25.99 27.55 28.24 29.92 30.22 30.24 30.23 30.29 30.25 30.16 29.97 29.49 29.11 28.25 27.01 25.52 24.53 23.68 22.64 21.30 20.04 19.02 17.51 16.10 14.56 14.30 12.89
34.36 34.37 34.16 33.92 33.88 33.68 33.44 33.12 33.02 32.78 32.66 32.56 32.64 32.51 32.50 32.60 32.91 33.04 33.21 33.34 32.31 32.18 31.00 30.11 28.99 27.53 26.54 26.03 24.34 22.75 21.45 20.49 19.42 18.69 18.04 17.35 16.43 15.51 14.48 13.55 12.26 11.09 10.86  9.86
traj-93:
 8.86  9.69 10.92 11.48 12.99 13.87 14.81 16.37 17.65 18.93 20.40 22.21 23.01 24.23 25.94 26.56 27.59 29.12 29.46 29.83 29.98 29.89 29.95 28.56 26.83 25.05 23.39 22.09 20.31 18.71 16.98 15.64 14.07 12.11 10.31 10.02  8.11  7.47  5.77  4.15
11.27 11.97 12.95 13.49 14.69 15.61 16.30 17.36 18.34 19.34 20.08 20.11 19.96 20.00 20.25 20.41 20.85 22.00 23.94 25.86 27.63 28.90 30.66 32.04 32.27 33.17 33.95 33.87 33.40 33.35 33.03 32.88 32.66 32.42 32.31 32.27 32.27 32.36 33.17 34.16
traj-94:
 2.66  3.77  5.54  7.27  8.31  9.79 10.64 12.25 13.37 14.77 15.39 16.80 17.84 19.30 20.14 21.98 22.38 23.56 25.41 27.32 28.48 29.11 29.31 29.46 29.49 29.45 29.36 29.35 28.05 27.44 26.20 25.77 24.24 23.10 21.42 19.85 18.73 17.89 17.36 17.18 16.52 15.95
34.52 34.13 33.27 32.64 32.44 32.30 32.27 32.08 32.15 32.24 32.30 32.44 32.77 32.99 33.08 33.01 33.00 33.12 32.40 32.40 32.07 30.45 29.07 27.59 26.57 25.14 23.32 23.02 21.53 20.97 20.24 19.86 18.64 17.99 16.94 16.12 15.47 13.79 12.08 11.36  9.90  8.82
traj-95:
17.89 19.79 21.49 23.19 24.26 25.38 27.24 28.49 29.92 29.96 30.07 29.67 29.49 29.31 29.05 28.00 27.13 25.26 24.34 22.40 20.62 18.69 17.60 16.22 14.46 12.94 11.72 10.45  8.52  7.21  6.03  4.10
18.67 19.03 19.46 19.85 20.15 20.56 21.14 21.75 22.89 23.89 25.85 27.74 28.83 30.05 31.08 32.25 33.09 33.03 32.98 32.62 32.38 32.26 32.25 32.19 32.20 32.19 32.21 32.22 32.14 32.26 32.48 32.65
traj-96:
 3.84  5.72  6.57  8.01  9.68 11.10 13.02 14.91 15.69 17.62 17.93 19.02 20.86 22.48 23.83 25.45 26.20 27.79 28.64 29.94 29.88 29.80 29.65 29.60 29.50 29.42 28.85 27.63 27.33 25.61 24.75 23.16 22.36 20.95 19.57
33.73 34.08 34.10 34.07 34.01 33.93 33.66 33.44 32.90 33.36 33.32 33.50 33.43 33.17 32.35 32.90 33.24 33.21 32.42 31.17 29.91 28.44 26.79 25.17 23.41 21.67 20.02 18.69 18.51 17.52 17.36 17.42 17.43 16.52 15.68
traj-97:
 8.73 10.06 10.49 11.81 11.99 13.65 14.70 16.37 17.25 18.75 20.39 22.25 23.02 24.91 25.97 27.49 28.45 29.26 29.66 30.10 30.27 30.14 29.86 29.50 28.24 26.31 24.91 23.51 21.71 20.86 19.36 17.63 17.18 15.47 14.43 13.11 11.38 10.36  8.52  7.53  6.29  4.85
11.43 12.53 12.86 14.15 14.38 15.34 16.28 16.95 17.38 18.02 18.59 18.97 18.79 18.65 19.52 20.72 21.16 22.56 24.31 25.84 27.72 28.23 29.72 31.53 32.71 32.98 33.04 33.13 33.15 33.05 32.92 33.05 33.03 32.98 32.73 32.40 32.61 32.63 32.68 32.72 32.80 32.97
traj-98:
 2.19  3.59  5.20  6.40  7.66  9.38 11.23 12.79 14.10 15.71 17.68 19.21 20.33 21.40 22.86 24.06 25.87 27.33 28.66 30.22 30.36 30.29 30.19 29.90 29.49 29.19 28.54 27.59 26.66 25.30 23.85 22.39 21.93 20.36 18.91 17.42 16.13 14.53 13.41 12.00 11.16
34.00 33.53 33.54 33.55 33.49 33.40 33.49 32.67 32.66 32.32 32.24 32.31 32.39 32.55 32.74 32.89 32.95 33.10 32.13 30.96 29.37 28.40 27.03 25.39 23.51 21.86 21.29 20.63 20.05 19.10 18.21 17.26 17.01 16.60 16.01 15.46 14.71 14.25 14.01 13.57 13.30
traj-99:
 7.47  9.07 10.91 11.45 13.28 14.23 16.08 17.85 18.57 19.71 21.50 22.09 23.78 25.61 26.53 28.12 28.49 29.28 29.31 29.26 29.19 29.08 29.06 29.05 28.25 27.11 26.15 24.29 23.43 22.04 20.34 19.27 17.73 16.35 15.33 13.49 11.90 10.40  8.78  6.97  5.24  4.16  3.78
16.25 16.12 16.28 16.31 16.55 16.84 17.52 18.43 18.80 19.22 19.78 19.95 20.31 20.41 20.04 20.68 21.47 22.88 23.48 25.33 26.89 28.80 30.71 31.01 32.30 32.25 32.16 32.31 32.32 32.36 32.44 32.51 32.64 32.77 32.76 32.98 32.94 32.89 32.99 32.88 33.03 33.68 33.95
traj-100:
 3.20  3.82  5.48  6.36  8.14  9.80 11.75 12.58 14.41 14.67 16.41 16.95 18.89 20.89 21.92 23.67 24.65 26.60 27.77 29.49 29.50 29.48 29.35 29.18 29.12 29.13 27.99 27.20 26.06 24.24 22.89 21.98 20.53 18.73 17.73 16.40
33.45 33.53 33.52 33.49 33.40 33.23 32.98 32.85 32.66 32.66 32.61 32.60 32.48 32.44 32.40 32.24 32.05 32.10 32.00 31.23 30.05 28.41 26.66 24.73 23.04 22.23 20.95 19.90 18.96 18.56 18.00 17.56 16.63 16.26 15.34 14.09
traj-101:
10.74 11.68 12.66 13.77 15.04 16.43 17.90 19.33 20.29 21.66 23.23 24.76 25.75 27.53 28.73 29.68 29.69 29.93 29.98 29.84 30.18 29.94 28.01 26.74 25.88 23.99 22.09 20.46 19.68 18.41 17.37 15.53 13.68 11.97 10.51  8.57  7.68  5.94  4.30  2.76
12.30 12.87 13.46 14.03 14.72 15.53 16.19 16.92 17.59 18.43 19.44 20.48 20.86 21.52 21.92 23.50 25.10 26.07 27.97 29.24 31.11 33.04 32.77 33.01 33.14 33.26 33.24 33.09 33.07 33.09 33.14 33.04 32.97 33.15 33.36 33.64 33.93 34.14 34.58 34.80
traj-102:
 4.67  5.69  6.79  8.69 10.67 12.22 13.37 14.73 15.44 17.44 19.12 20.48 21.83 23.36 24.80 25.44 27.26 28.78 29.06 29.05 29.05 29.04 29.07 29.06 28.15 27.03 26.75 25.23 24.28 23.16 21.37 19.65 19.40
33.34 33.07 32.50 32.44 32.61 32.68 32.62 32.55 32.55 32.52 32.53 32.43 32.45 32.43 32.41 32.45 32.58 32.13 30.16 29.56 28.11 26.64 25.18 23.31 21.55 21.13 21.06 19.82 19.39 18.94 18.35 17.59 17.47
traj-103:
14.92 16.16 18.01 19.72 21.45 22.62 24.41 25.72 27.06 28.01 29.21 29.40 29.60 29.79 29.77 29.52 29.30 28.52 26.60 25.53 23.65 22.71 20.84 20.22 18.42 17.34 15.61 13.77 12.93 12.05 10.75  9.20  7.28  6.23  4.81
19.58 20.40 21.03 20.79 20.60 20.52 20.22 19.93 20.58 20.92 21.94 23.08 24.94 26.82 27.66 29.64 30.81 32.57 32.50 32.60 32.83 33.18 32.92 32.85 32.59 32.44 32.39 32.38 32.48 32.83 32.66 32.63 32.62 32.48 32.12
traj-104:
 4.61  6.02  7.62  9.47 10.74 12.72 14.17 16.12 17.79 19.52 20.57 22.35 23.23 24.94 25.62 27.33 27.87 29.87 29.81 29.58 29.38 29.22 29.14 29.00 28.21 27.10 26.00 24.43 23.47 22.65 21.10 19.89 18.42 17.91 16.30 15.46 14.03
32.32 32.40 32.37 32.36 32.44 32.53 32.61 32.71 33.02 33.32 33.16 33.03 32.94 32.81 32.81 32.79 32.70 32.61 31.01 29.29 27.42 25.49 24.33 22.56 20.88 19.96 18.96 18.54 17.98 17.29 16.30 15.52 14.35 14.04 13.04 12.46 11.97
traj-105:
 7.53  8.56  9.49 10.36 10.34 10.97 12.40 13.53 15.01 16.30 17.27 18.02 18.46 20.33 21.11 22.69 23.89 24.28 25.93 27.12 27.71 29.00 29.72 29.66 29.70 29.61 29.36 29.30 29.22 29.29 28.75 26.87 25.06 23.85 22.07 20.19 18.87 17.26 15.90 14.63 13.33 12.49 10.70  8.96  7.07  5.43  3.80  2.57
 8.53 10.12 11.16 12.41 12.63 13.09 14.28 15.10 16.19 16.93 17.53 18.14 18.47 19.16 19.39 19.43 19.52 19.45 19.95 20.58 20.93 21.82 23.55 24.40 26.22 27.88 28.06 28.33 30.16 30.46 32.21 32.30 32.38 32.42 32.31 32.35 32.29 32.30 32.31 32.40 32.62 32.60 32.64 33.10 32.96 32.95 33.53 34.64
traj-106:
 3.37  4.93  5.52  7.43  8.28  9.43 11.32 11.47 11.62 12.56 13.97 15.61 17.53 18.61 19.53 20.71 22.15 23.92 25.67 26.92 28.38 29.16 29.33 29.47 29.47 29.55 29.44 28.71 28.07 26.56 25.42 23.70 22.16 20.32 19.24 18.11 16.44 14.92 14.28 13.26 12.40 12.16 11.28 11.10 10.30
33.25 33.20 33.18 33.20 33.02 32.78 32.57 32.57 32.56 32.59 32.50 32.39 32.19 32.12 32.11 32.10 32.20 32.24 32.49 32.20 31.99 30.25 29.22 27.44 25.62 24.44 23.02 21.76 21.36 20.32 19.63 18.73 17.70 17.35 17.61 16.37 15.39 14.26 13.31 11.94 10.62 10.10  8.60  8.27  6.85
traj-107:
12.06 13.21 14.93 15.78 17.07 17.89 19.24 21.18 21.65 23.31 24.74 25.40 26.49 28.26 29.16 29.18 29.17 29.17 29.20 29.26 29.31 29.32 28.49 26.56 24.91 23.38 22.14 20.32 19.28 17.70 16.36 14.40 13.39 11.41 10.53  8.97  7.59  5.93  4.15
17.06 17.58 18.21 18.39 18.69 18.91 19.04 19.39 19.54 20.00 20.44 20.90 21.10 21.44 23.05 24.21 25.62 26.21 27.65 28.50 29.97 31.41 33.05 32.97 32.52 32.16 32.42 33.19 33.48 33.57 33.59 33.86 33.22 33.02 32.64 32.68 32.74 32.82 32.87
traj-108:
 4.10  4.55  6.42  8.00  8.88 10.50 11.06 12.58 13.70 15.41 16.17 18.07 19.23 21.11 22.85 24.13 25.89 27.83 28.42 28.65 29.34 29.61 29.62 29.53 29.23 29.07 27.70 26.25 24.96 23.17 22.11 21.22 20.27 19.10 17.53 16.47 15.26 13.72 12.93 11.60 11.49
32.93 33.06 32.44 32.46 32.56 32.45 32.57 32.52 32.48 32.44 32.48 32.79 32.88 32.98 33.09 33.06 33.00 33.14 32.07 31.87 30.19 28.31 26.99 25.15 23.70 22.36 20.98 19.83 18.66 18.04 17.12 16.36 15.89 15.18 13.96 13.10 11.61 10.78 10.12  8.67  8.69
traj-109:
15.93 16.68 17.40 18.06 18.72 19.19 19.50 21.14 22.85 23.07 24.90 26.42 27.81 28.23 29.06 29.47 29.68 29.68 29.45 29.20 29.05 27.64 25.77 24.45 22.67 21.00 19.27 17.87 16.72 15.72 14.59 12.89 11.93 10.22  8.34  7.89  7.12  5.52  3.92
 7.25  8.84 10.53 12.22 14.07 15.11 16.18 17.20 18.16 18.36 19.11 19.83 20.86 21.24 22.73 24.53 25.64 27.64 29.54 31.18 31.75 33.09 32.97 32.66 32.86 32.90 32.72 32.60 32.66 32.57 32.50 32.45 32.37 32.18 32.30 32.86 32.93 33.29 33.59
traj-110:
 3.17  4.16  5.66  6.64  7.57  9.06 10.07 11.73 13.57 14.51 16.26 18.01 18.65 20.18 21.75 23.33 24.06 26.01 27.92 28.59 29.98 29.99 29.98 29.65 29.82 29.98 29.98 28.55 27.08 25.55 24.03 23.04 21.84 21.15 19.76 18.33 18.05 18.52 17.22 16.85 15.71
33.29 32.90 32.83 32.73 32.67 32.61 32.59 32.60 32.57 32.55 32.65 32.66 32.66 32.79 32.62 32.54 32.52 32.36 32.10 32.01 30.89 30.29 28.80 27.10 25.62 24.22 23.10 21.83 20.98 19.98 19.47 19.50 18.89 18.65 17.30 15.98 15.35 13.61 12.54 12.14 11.02
traj-111:
15.45 16.54 17.83 19.09 19.89 20.98 21.90 22.16 23.94 25.78 26.97 27.88 29.37 29.46 29.70 29.76 29.70 29.67 29.45 29.48 29.24 29.36 29.48 27.71 26.56 25.60 24.08 22.25 20.97 19.15 18.16 17.14 16.08 14.59 12.84 11.12  9.47  7.82  6.09  4.73
 8.59  9.57 10.77 12.15 13.02 14.41 15.96 16.30 16.82 17.42 18.44 18.89 19.78 20.07 21.79 23.16 24.52 25.24 26.91 27.60 28.91 30.88 31.46 32.09 32.32 32.39 32.68 32.69 32.77 32.84 32.69 32.65 32.74 33.01 33.08 33.36 33.61 33.66 33.62 32.92
traj-112:
 3.62  4.43  6.36  7.88  9.20 11.13 11.22 13.03 14.91 16.59 18.47 20.15 22.03 23.45 25.34 26.76 27.48 28.28 29.08 29.08 29.08 29.10 29.12 29.13 29.36 29.20 28.88 27.13 25.55 24.09 23.22 22.19 21.17 20.41 20.11 19.18 18.74 18.30 17.44 16.80
33.12 32.62 32.44 32.37 32.41 32.53 32.54 32.68 32.75 32.70 32.58 32.55 32.45 32.34 32.61 32.81 32.74 32.34 30.61 28.89 28.29 26.88 25.08 23.90 22.57 20.59 20.43 19.70 18.94 18.37 17.80 16.87 15.21 14.17 13.30 11.79 11.06  9.12  7.35  6.78
traj-113:
 8.06  8.77  9.74 11.11 12.14 13.64 15.23 16.52 17.47 18.72 20.45 21.20 22.83 23.33 25.15 26.63 28.41 28.70 29.67 29.72 29.50 29.32 29.17 29.01 28.57 27.29 25.83 24.12 22.97 21.79 20.73 18.92 17.30 16.26 14.46 13.74 11.89 10.11  8.97  7.83  5.90  5.14  3.38
 6.63  7.49  8.58  9.80 11.21 12.38 13.57 14.61 15.08 15.90 16.72 17.00 17.49 17.69 18.52 19.11 19.98 20.76 22.38 23.85 25.58 27.42 28.76 30.63 32.58 32.91 33.04 32.78 32.72 32.79 33.02 33.48 33.85 33.91 33.78 33.70 33.65 33.53 33.50 33.51 33.55 33.57 33.52
traj-114:
 2.55  3.64  5.61  6.83  8.50 10.34 11.31 12.66 14.52 15.16 17.08 19.04 20.94 22.53 24.46 25.86 26.81 28.50 29.30 30.42 30.40 30.24 29.98 29.91 29.71 29.43 29.33 28.70 27.74 27.18 25.33 23.54 22.75 21.13 21.02 20.95 20.98
34.38 34.45 34.48 33.87 33.56 33.31 33.28 33.26 33.23 33.27 33.27 33.55 33.71 33.62 33.62 33.58 33.50 33.20 33.02 31.61 30.71 28.96 27.56 26.99 25.12 23.18 21.31 20.60 19.32 18.30 17.64 17.07 16.79 15.95 14.15 12.97 11.40
traj-115:
 7.86  9.34  9.96 11.85 13.62 14.17 16.01 17.21 19.05 19.57 21.02 22.13 23.84 24.04 25.58 27.07 27.65 28.35 29.35 29.23 29.12 29.13 29.07 29.04 28.73 26.84 24.93 23.10 22.25 20.82 19.53 18.53 17.00 15.43 14.46 12.90 11.25 10.08  9.01  7.30  5.50  4.12  2.49
14.50 14.82 14.98 15.42 15.75 15.84 16.14 16.67 17.05 17.34 17.62 18.03 18.63 18.66 19.37 20.36 20.70 21.31 23.01 24.37 25.73 26.84 28.76 30.09 32.03 32.22 32.53 32.26 32.31 32.29 32.26 32.23 32.23 32.24 32.21 32.28 32.55 32.63 32.70 33.02 33.23 33.94 34.89
traj-116:
 1.99  3.53  5.39  7.34  9.33 11.21 12.50 13.95 15.38 16.11 17.44 18.52 19.85 21.71 23.08 24.79 26.62 27.76 29.31 30.59 30.53 30.26 30.33 30.08 29.75 29.74 29.51 28.14 26.54 25.64 24.54 23.04 21.63 20.24 20.03 18.65 17.32
33.50 33.54 33.46 33.24 33.33 33.26 33.31 33.37 33.45 33.52 33.55 33.63 33.73 33.49 33.02 33.17 33.29 33.37 33.55 32.17 30.91 29.33 27.51 26.23 24.60 23.35 22.45 21.19 20.32 19.03 17.76 16.77 15.58 14.33 14.11 12.85 11.76
traj-117:
16.67 17.31 18.83 20.02 21.60 23.49 25.25 26.61 27.37 29.02 29.06 30.11 29.96 29.83 29.60 29.34 29.09 28.39 27.14 25.49 23.93 22.07 20.26 19.40 17.87 16.07 14.37 14.09 12.26 11.48  9.67  7.93  6.85  5.78  4.09  2.35  2.06
19.65 19.52 19.39 19.34 19.18 19.02 19.74 20.64 21.15 21.81 22.27 23.75 25.02 26.98 28.86 29.01 30.37 32.04 32.66 33.11 33.74 33.78 33.79 33.82 33.94 33.64 33.33 33.30 33.19 33.09 32.87 32.87 33.00 33.09 33.33 33.32 33.33
traj-118:
 4.47  4.72  6.45  7.92  9.66 10.38 12.04 13.55 14.47 16.20 16.50 17.73 18.90 20.61 22.32 23.19 25.16 26.30 28.04 29.76 29.72 29.81 29.59 29.40 29.00 28.14 27.09 25.76 24.49 23.05 22.60 20.65 18.91 17.78 16.24 14.76 13.97
34.35 34.19 33.41 33.45 33.49 33.34 33.44 33.88 33.88 33.52 33.13 33.12 33.12 32.53 32.36 32.53 32.73 32.49 32.54 31.73 30.00 28.00 26.21 24.44 22.76 21.22 20.09 18.90 18.23 17.64 17.54 17.10 16.69 16.45 17.39 18.74 19.27
traj-119:
18.40 19.48 21.09 22.79 23.45 24.91 24.96 26.56 28.11 29.48 29.46 29.45 29.56 29.65 29.70 29.22 28.01 26.11 24.28 23.68 22.01 20.54 18.93 17.22 16.40 15.17 13.63 11.80 10.62  8.84  7.22  6.07  4.17  2.19
19.02 19.11 19.05 19.68 19.99 20.72 20.70 20.90 21.67 23.12 24.89 26.07 27.65 29.00 30.44 31.54 32.46 32.24 32.51 32.55 32.54 32.46 32.46 33.20 33.28 33.36 33.78 33.48 33.10 32.84 32.74 32.74 32.78 32.72
traj-120:
 3.10  4.97  5.99  7.92  8.20  9.63 10.80 12.65 14.57 16.07 17.99 18.28 20.08 21.93 22.94 24.42 25.56 27.52 28.00 29.02 29.17 29.25 29.43 29.68 29.53 29.35 28.39 27.44 26.06 25.41 23.69 21.85 20.31 18.45 17.59 15.85
33.51 33.45 33.42 33.08 32.96 32.84 32.77 32.64 32.63 32.62 32.57 32.62 32.37 32.40 32.41 32.39 32.50 32.63 32.08 31.58 29.99 28.95 27.67 25.90 24.02 22.57 21.42 20.86 20.30 20.31 20.10 19.80 19.57 19.29 19.17 18.85
traj-121:
 7.95  9.31 10.27 12.10 13.89 15.73 17.33 18.67 19.57 21.43 22.47 23.71 25.65 26.74 28.17 29.16 29.30 29.35 29.35 29.32 29.29 29.04 29.01 28.28 26.73 25.00 23.38 21.70 20.36 19.17 17.30 16.48 14.68 13.36 12.11 10.16  8.88  7.67  5.81  5.44  3.63
15.44 15.91 16.24 17.00 17.55 18.20 18.58 18.87 19.12 19.71 20.40 20.59 20.79 20.74 20.91 22.18 23.60 25.04 26.78 27.41 29.02 30.89 31.49 33.15 33.74 34.01 34.05 33.45 32.91 32.97 32.89 32.77 32.75 32.70 32.65 32.70 32.69 32.68 33.06 33.01 33.16
traj-122:
 2.52  3.87  4.99  6.86  7.17  8.09  9.87 11.02 12.52 14.23 15.50 16.94 18.87 19.66 21.36 21.70 23.28 24.53 25.87 27.07 28.44 29.02 29.24 29.44 30.04 30.01 29.92 29.48 29.04 27.35 26.76 25.21 24.08 22.59 21.27 19.61 17.97 16.87 15.26 14.67 13.45 12.06 10.83  9.28  8.99  7.28
33.63 33.41 33.16 33.10 33.01 32.93 32.79 32.67 32.56 32.47 32.55 32.70 32.84 32.88 32.99 33.11 33.43 33.64 33.44 32.90 32.45 30.83 30.37 29.22 27.35 26.04 24.91 23.03 21.93 21.13 21.02 20.69 20.43 19.80 18.97 18.10 17.30 16.71 15.98 15.53 14.88 14.39 14.12 13.14 13.16 12.22
traj-123:
13.38 14.97 16.24 17.54 17.61 18.97 19.59 20.93 21.85 22.92 23.34 24.77 26.07 27.96 28.44 28.56 29.29 29.46 29.54 29.45 29.57 29.32 29.13 28.33 27.17 26.28 24.52 23.20 21.25 20.85 19.08 17.48 15.96 14.09 12.68 10.83 10.00  8.51  6.74  4.76  2.82
10.18 10.45 10.85 11.89 12.01 13.41 13.98 15.21 16.53 18.03 18.59 19.38 19.97 20.48 20.85 21.17 22.54 23.78 25.38 27.32 28.68 30.34 30.85 32.66 32.84 32.94 33.15 32.53 32.47 32.54 32.71 32.76 32.87 32.91 33.00 32.88 32.90 33.17 33.43 33.53 33.66
traj-124:
 3.01  3.71  5.58  6.04  7.95  8.42 10.09 11.89 13.73 14.03 15.83 16.93 18.43 19.53 21.52 21.78 23.35 25.26 27.24 28.63 29.67 30.16 30.37 30.01 29.71 29.57 29.09 28.06 27.21 25.81 25.19 23.77 21.79 20.01 18.17 17.90 16.32 15.92 14.19 13.83 11.89
34.19 34.32 34.05 33.82 33.39 33.23 33.18 32.67 32.77 32.73 32.53 32.42 32.36 32.29 32.23 32.25 32.28 32.46 32.53 32.54 31.66 30.00 28.78 27.28 25.94 24.23 22.57 21.02 20.96 20.27 19.68 19.02 19.05 19.10 19.03 19.16 20.04 20.20 20.43 20.44 20.61
traj-125:
12.04 12.53 13.43 13.58 14.76 16.00 17.21 18.84 20.25 21.07 22.86 23.70 24.48 26.22 27.19 28.31 29.04 29.18 29.31 29.23 29.45 29.46 28.03 26.42 24.65 23.49 21.99 20.52 18.63 16.77 15.91 14.47 12.80 11.49  9.63  9.36  7.52  6.75  4.82
 9.18 10.12 11.58 11.84 13.09 14.23 15.61 16.20 17.18 18.19 18.05 18.09 17.75 18.58 19.45 20.82 22.64 23.79 25.76 27.50 29.20 30.97 32.26 32.56 33.07 33.15 33.11 33.11 33.02 33.00 32.86 32.65 32.86 33.18 33.27 33.14 33.63 33.96 34.07
traj-126:
 2.33  3.41  5.11  7.07  8.67 10.25 11.94 13.67 14.74 16.21 17.54 18.46 20.28 21.20 22.39 24.02 25.98 27.23 28.47 29.10 29.37 29.51 29.55 29.50 29.45 29.10 28.39 26.92 25.57 24.17 22.61 21.01 19.72 18.01 16.39 14.62 12.73 11.14  9.62  8.37  7.11  6.24
32.40 32.35 32.44 32.55 32.82 32.93 32.96 32.95 33.13 33.23 33.35 33.29 32.79 32.66 32.48 32.41 32.21 32.01 32.08 30.43 29.35 28.21 26.83 25.13 24.35 22.68 21.30 20.70 20.00 19.28 18.14 17.13 16.35 15.36 14.64 13.90 13.26 12.50 11.38 10.57  9.05  8.94
traj-127:
 9.61  9.81 10.78 11.69 13.13 13.95 15.45 16.61 17.12 18.37 19.39 20.63 21.67 22.47 24.01 25.56 27.51 28.25 29.22 29.17 29.13 29.13 29.13 29.21 29.20 28.37 28.19 26.74 24.85 23.15 21.24 19.46 17.86 16.04 14.22 12.88 11.10 10.00  8.86  7.26  5.71  4.54
 7.67  7.99  9.62 10.93 12.26 13.08 14.36 15.57 16.01 16.95 17.58 18.31 18.95 19.44 20.42 21.01 21.16 21.52 23.14 24.56 26.39 28.11 28.41 30.18 30.48 32.17 32.74 34.07 34.20 33.97 33.69 33.56 33.34 33.19 33.15 33.18 33.04 33.05 32.79 32.86 33.11 33.19
traj-128:
 4.69  5.86  7.60  9.16 11.13 11.81 13.38 15.02 16.77 18.23 19.65 20.48 21.82 23.65 25.47 26.97 27.26 28.39 29.19 29.17 29.17 29.19 29.08 29.19 29.15 28.32 28.09 26.56 25.39 24.53 23.12 21.38 20.44 18.98 17.69 16.72 16.40 15.94 15.85 15.73
33.88 33.71 33.40 33.16 32.95 32.85 32.78 32.52 32.48 32.58 32.54 32.68 32.82 33.19 33.29 32.37 32.33 31.83 31.01 29.79 28.81 27.49 25.59 24.35 22.93 21.30 20.75 20.16 19.91 19.82 20.08 20.20 20.13 19.28 18.47 17.67 16.02 14.23 13.48 11.93
traj-129:
20.58 20.61 20.88 21.14 21.76 23.06 23.93 24.81 25.50 26.72 28.29 29.01 29.24 29.16 29.14 29.11 29.12 29.08 27.51 26.54 24.87 23.62 21.99 20.03 18.86 17.92 16.18 15.12 14.04 12.30 10.41  9.49  7.56  5.88  5.29  3.76  2.07
10.56 10.86 12.67 14.62 16.14 17.29 17.84 18.53 20.41 21.31 21.66 23.04 24.21 25.71 26.30 28.04 29.77 31.50 32.22 32.27 32.36 32.43 32.34 32.35 32.26 32.19 32.20 32.24 32.27 32.33 32.33 32.35 32.40 32.63 32.71 32.77 32.87
traj-130:
 4.75  5.49  6.71  7.92  9.65 11.03 12.95 13.36 15.02 16.65 17.60 19.41 20.26 21.55 22.45 23.71 25.63 26.45 27.62 28.48 29.21 29.22 29.26 29.20 29.24 29.15 29.09 28.56 26.63 25.43 23.96 22.37 21.54 19.75 18.19 17.62 16.01 14.65 13.47 12.27 11.44  9.85  9.38  8.71  8.81
34.80 34.46 34.07 33.64 33.17 33.45 33.62 33.83 33.53 33.25 33.06 32.69 32.52 32.76 32.87 32.96 33.01 32.66 32.45 32.27 30.41 29.67 28.40 26.58 24.63 23.46 22.56 20.65 20.17 20.35 20.49 20.54 20.19 19.61 19.55 19.33 18.18 17.00 15.87 14.50 13.98 12.84 11.58  9.94  9.13
traj-131:
14.01 15.48 16.80 17.85 18.96 20.90 22.66 24.51 26.42 28.19 29.20 29.32 29.51 29.56 29.44 29.39 30.03 30.72 30.73 29.83 27.85 26.16 24.25 22.90 20.91 19.13 17.28 15.69 14.67 13.68 11.99 11.55  9.61  8.17  6.61  5.07  4.03  2.54
20.90 20.90 20.89 20.92 20.85 20.79 20.71 20.57 20.53 21.15 22.59 22.91 24.86 25.15 26.91 27.63 29.28 31.03 32.16 33.75 33.69 33.59 33.50 33.39 33.34 33.09 32.69 32.40 32.55 32.52 32.71 32.70 32.73 32.56 32.38 32.37 32.27 32.11
traj-132:
 2.77  3.84  5.60  7.31  8.22  9.87 11.28 13.13 14.27 15.92 17.08 18.57 20.42 22.25 23.75 25.17 26.86 28.18 29.35 29.60 29.48 29.50 29.48 29.48 29.11 27.33 26.12 25.32 23.43 22.60 20.69 19.81 18.03 17.43 15.77 14.82 13.48 11.86
33.60 33.62 33.27 33.42 33.48 33.64 33.73 33.58 33.37 33.33 33.39 33.26 33.32 33.33 33.48 33.21 32.31 32.06 31.08 30.07 28.26 26.91 25.13 23.95 22.05 21.39 20.92 21.14 21.01 21.09 21.38 21.24 21.17 21.13 21.05 20.96 20.62 19.98
traj-133:
17.41 18.85 20.35 20.58 21.28 22.73 23.32 24.80 26.24 27.26 28.06 29.23 29.37 29.37 29.31 29.28 29.48 29.37 29.37 27.61 25.70 24.50 22.92 21.55 19.78 17.93 16.35 15.75 13.94 13.67 11.79 10.64  8.72  6.94  5.11  4.24
13.01 14.28 15.50 15.69 16.46 17.65 18.11 19.26 20.09 20.76 21.22 22.77 23.74 25.55 26.82 28.68 29.87 31.65 32.08 32.84 32.49 32.48 32.63 33.07 33.27 33.35 33.22 33.17 33.06 33.19 33.66 33.65 33.64 33.61 33.61 33.39
traj-134:
 3.25  5.06  5.99  7.89  9.33 10.09 11.83 13.80 15.44 17.30 17.65 19.35 20.99 22.61 23.26 24.98 26.81 27.57 29.53 29.56 29.66 29.56 29.57 29.55 29.54 29.55 28.69 27.74 25.95 24.33 23.16 21.42 20.44 18.64 18.13
32.37 32.52 32.36 32.17 32.22 32.19 32.22 32.36 32.39 32.59 32.59 32.70 32.80 32.96 33.07 33.41 32.99 32.20 31.91 31.31 29.58 27.86 25.92 25.05 23.80 22.91 21.24 20.46 19.92 19.69 19.52 19.50 19.51 19.44 19.24
traj-135:
 9.78 11.32 12.98 14.89 16.61 17.48 19.22 21.02 22.70 24.14 25.96 27.46 27.72 28.49 29.01 29.21 29.55 29.66 29.83 29.94 29.81 29.25 28.08 26.80 25.73 24.64 23.43 21.53 21.23 19.39 17.81 16.50 15.07 13.30 11.74 10.67  8.94  7.83  6.49  5.30  4.23  3.23
16.21 16.16 16.21 16.36 16.87 17.07 17.61 17.93 18.38 18.76 19.24 20.21 20.39 20.97 22.87 23.56 25.49 26.80 27.93 29.83 30.56 31.01 32.31 32.57 33.16 33.25 33.22 33.43 33.46 33.25 33.06 32.57 32.59 32.41 32.32 32.29 32.37 32.38 32.41 32.68 33.22 33.57
traj-136:
 4.57  5.83  7.34  8.81 10.41 11.57 13.48 15.40 17.12 18.46 19.03 20.47 22.14 23.82 24.49 26.39 27.81 28.56 29.49 29.89 29.83 29.74 29.61 29.70 29.37 28.85 27.10 25.25 23.68 22.35 20.82 19.69 18.92 17.17 15.75 14.04 12.57 12.17 10.75
34.54 34.16 33.69 33.61 33.38 33.13 32.84 32.52 32.43 32.30 32.41 32.74 32.94 33.08 33.18 33.07 32.46 32.09 31.52 29.78 29.23 27.29 25.68 23.79 22.54 20.97 20.35 20.06 19.25 18.93 18.39 17.49 17.06 17.27 16.23 15.29 14.25 14.03 13.27
traj-137:
16.94 18.32 19.62 21.00 22.22 23.73 25.13 25.73 27.25 29.06 29.21 29.19 29.18 29.18 29.16 29.02 28.84 27.00 25.61 24.86 23.25 21.30 21.03 19.12 17.65 15.83 14.25 13.04 11.37  9.68  7.98  6.36  4.62  2.93
13.12 14.49 15.84 17.15 18.17 19.43 20.54 20.66 21.06 21.82 22.42 24.19 25.61 27.48 29.30 31.19 32.29 32.84 33.26 33.47 33.80 33.39 33.26 32.91 32.85 32.89 33.23 33.10 32.95 32.87 32.68 32.95 33.60 33.97
traj-138:
 2.65  3.26  4.66  6.21  7.95  9.32 10.70 12.01 13.41 15.23 16.66 17.54 19.08 21.00 22.69 23.39 24.74 26.53 27.51 28.68 29.14 29.32 29.56 29.44 29.56 29.43 29.46 28.19 26.78 25.19 23.75 21.97 20.54
33.72 33.59 33.37 33.07 32.42 32.38 32.33 32.40 32.34 32.21 32.29 32.34 32.43 32.49 32.36 32.34 32.27 32.47 32.54 32.01 30.83 29.94 27.97 26.11 24.21 22.98 21.46 20.03 19.14 19.16 19.13 19.19 19.31
traj-139:
 9.48 10.39 11.67 12.89 13.17 14.59 15.83 16.72 17.95 19.90 21.50 23.31 25.17 26.37 28.28 28.49 29.38 29.40 29.49 29.61 29.40 29.27 29.05 27.28 25.35 24.28 22.67 21.23 19.88 18.70 17.48 15.75 14.06 12.12 10.15  8.51  6.55  4.62
14.47 15.04 15.68 16.30 16.42 17.62 18.99 19.24 19.37 19.73 20.30 20.66 20.44 19.78 20.03 20.92 22.68 23.88 25.10 26.61 28.10 29.71 31.60 32.15 32.27 32.29 32.17 33.20 33.31 33.04 32.90 32.47 32.49 32.69 32.92 33.07 33.20 33.10
traj-140:
 4.61  5.79  7.70  9.46  9.75 11.45 13.18 14.26 16.02 17.80 19.11 20.16 21.94 23.21 24.09 25.91 26.20 26.96 27.25 27.74 29.18 29.45 29.42 29.37 29.33 29.28 29.09 28.42 27.95 26.08 24.25 22.78 21.66 19.86 18.24 16.81 15.41 13.58 11.69  9.87
33.92 33.57 33.02 32.58 32.51 32.32 32.22 32.14 32.12 32.17 32.22 32.34 32.53 32.77 32.94 32.57 32.65 32.28 32.26 32.04 31.34 30.59 28.65 26.78 25.43 24.32 22.43 21.37 21.40 20.72 20.55 20.49 20.41 20.19 20.10 19.79 19.55 19.25 19.10 19.09
traj-141:
19.07 20.47 22.09 23.12 24.59 25.93 27.38 28.45 29.11 29.21 29.40 29.40 29.25 29.17 28.58 28.28 26.36 25.22 23.39 22.35 21.36 19.90 18.65 16.75 15.88 14.71 12.92 11.21 10.07  8.34  6.40  4.67  4.37
17.54 17.68 18.55 19.07 20.06 20.48 21.06 21.41 22.69 24.46 26.31 27.56 29.55 30.44 32.23 32.72 32.58 32.39 32.53 32.54 32.50 32.56 32.47 32.55 32.60 32.89 33.22 34.05 34.13 34.15 33.79 33.72 33.73
traj-142:
 4.48  6.42  8.25  8.85 10.61 11.91 13.36 15.11 16.50 17.59 19.47 21.44 23.38 23.91 25.58 27.02 27.89 29.01 29.18 29.45 29.64 29.63 29.47 29.21 28.72 27.37 26.73 25.57 24.45 23.61 22.00 21.25 19.72 18.54 17.14 15.52 14.39 12.98 11.23  9.82  9.15
32.79 32.99 33.24 33.28 33.45 33.51 33.48 33.13 33.05 32.81 32.86 32.83 32.83 32.68 32.56 32.64 32.59 31.11 30.39 28.58 26.89 25.60 23.89 22.56 21.85 20.59 19.85 18.70 18.06 17.67 16.85 16.54 15.84 15.18 14.46 13.67 13.15 12.32 11.46 10.73 10.39
traj-143:
18.84 19.95 20.92 22.29 23.62 24.98 26.79 28.54 29.09 29.23 29.21 29.26 29.35 29.43 29.51 27.89 26.08 24.53 22.97 22.51 20.79 18.88 17.24 15.98 14.22 13.12 11.17 10.63  8.83  6.92  6.63  4.76  2.77
18.00 18.25 18.53 19.09 19.77 20.52 21.33 21.76 22.72 23.98 25.90 27.67 29.27 30.77 32.36 33.12 33.21 33.36 33.99 34.16 33.40 33.23 33.51 33.27 33.25 33.40 33.78 33.97 34.45 34.61 34.68 34.85 34.67
traj-144:
 4.01  4.62  6.56  7.67  9.50 10.80 11.86 13.57 15.17 16.48 18.43 19.46 21.08 22.86 24.86 26.31 27.25 29.12 29.18 29.26 29.24 29.15 29.12 29.05 28.16 27.45 26.41 25.06 23.63 23.02 21.13 19.49 19.24 17.61 17.08 15.38 14.00 12.89 11.51  9.74  7.83
32.93 32.99 32.77 32.85 32.59 32.52 32.58 32.46 32.36 32.40 32.36 32.42 32.52 32.62 32.63 32.70 32.77 32.13 31.23 29.49 27.73 26.01 24.27 22.30 20.77 19.39 18.48 17.77 17.92 17.41 17.20 16.37 16.29 15.42 15.15 14.80 14.50 14.16 13.77 13.51 13.32
traj-145:
12.46 12.73 13.16 14.42 15.19 16.25 17.34 17.69 18.97 20.04 20.94 22.05 23.75 24.87 26.11 27.80 28.58 29.31 29.68 29.77 29.64 29.46 29.04 28.09 26.22 25.92 24.02 22.28 21.55 19.84 17.88 16.06 15.04 13.32 12.06 11.25  9.55  7.82  6.28  4.51
 8.83 10.28 11.67 13.22 14.21 15.63 16.73 17.12 18.00 18.68 19.22 19.55 19.75 19.69 19.75 20.74 21.32 22.58 24.52 26.26 27.44 29.15 31.09 32.16 32.32 32.27 32.64 32.78 32.89 33.44 33.65 33.18 33.10 33.00 32.74 32.85 32.95 33.43 33.95 34.61
traj-146:
 3.41  3.86  5.68  7.23  9.06 10.69 10.97 12.53 14.32 15.76 17.25 18.42 19.57 21.39 22.81 24.67 26.46 28.21 29.95 30.23 29.94 29.63 29.34 29.08 29.02 28.04 26.64 25.21 23.52 21.76 20.15 19.20 17.80 16.24 15.11
33.59 33.63 33.59 33.34 33.19 32.85 32.73 32.48 32.57 32.59 32.54 32.51 32.51 32.38 32.45 32.61 32.73 32.88 32.01 30.57 28.84 26.89 25.30 23.35 22.76 21.28 20.94 20.82 20.50 20.38 20.08 19.87 19.73 19.23 18.80
traj-147:
20.06 20.49 21.23 22.88 24.10 25.99 27.86 29.03 30.13 30.63 30.39 30.11 29.66 29.41 29.35 29.49 28.85 27.37 25.55 24.68 23.42 21.70 19.99 18.11 16.62 15.85 14.10 12.20 12.01 10.09  9.60  8.01  6.05  4.48  3.50  2.05
13.81 14.70 15.97 16.82 17.17 17.53 17.89 18.88 20.39 21.78 23.22 24.38 26.19 27.72 29.36 30.21 32.10 32.33 32.26 32.17 32.18 32.40 32.57 32.49 32.56 32.56 32.49 32.60 32.59 32.57 32.64 32.91 33.26 33.62 33.85 34.12
traj-148:
 4.05  5.41  6.21  7.96  8.79  9.98 11.73 13.17 14.17 15.30 16.71 17.99 19.91 21.65 23.27 24.94 26.84 28.03 29.02 29.19 29.42 29.62 29.84 29.77 29.51 28.57 26.86 25.83 24.40 22.81 21.29 20.33 19.59 18.45 17.04 16.26 14.81
32.62 32.93 33.16 33.72 33.99 34.43 34.10 33.98 33.80 33.46 32.73 32.55 32.30 32.45 32.37 32.68 32.88 32.80 31.07 30.10 28.45 27.61 26.00 24.54 22.82 21.30 20.51 19.86 19.16 18.14 17.21 16.71 15.90 15.02 13.89 13.11 11.93
traj-149:
 6.66  7.05  8.91 10.56 11.51 13.48 14.60 16.22 17.93 19.59 20.90 22.46 23.31 24.62 24.96 26.78 28.42 30.15 30.20 30.10 29.97 29.93 29.76 29.50 29.49 29.52 29.57 28.13 27.22 26.67 25.11 23.55 21.75 20.11 19.20 17.33 15.59 14.48 12.67 11.83 10.26  8.30  6.76  4.89  3.75  2.18
14.68 14.72 14.88 14.96 15.02 14.95 15.09 14.75 14.94 15.21 15.67 16.70 17.14 17.97 18.29 18.36 19.25 20.23 21.26 22.44 23.87 25.22 27.19 27.35 27.64 29.50 31.26 32.11 32.51 32.51 33.04 32.85 32.78 32.76 32.66 32.67 32.54 32.54 32.50 32.46 32.52 32.47 32.54 32.55 32.45 32.33
traj-150:
 3.82  5.22  6.24  7.88  8.70 10.45 12.14 13.31 14.54 16.49 18.10 20.09 22.09 23.03 24.96 25.77 26.25 28.24 29.41 29.39 29.39 29.40 29.63 29.77 29.01 28.65 27.27 25.72 24.15 22.62 22.41 21.47 20.23 19.69 19.39 19.08 19.03 18.64 18.36
32.93 33.02 32.99 32.79 32.75 32.72 32.69 32.62 32.42 32.36 32.33 32.31 32.33 32.40 32.73 32.63 32.08 32.08 30.99 29.54 27.79 27.31 25.67 23.98 22.20 21.72 21.16 19.98 19.90 18.76 18.54 16.94 15.62 14.44 13.22 11.54 10.95  9.11  7.39
traj-151:
20.84 22.45 23.59 25.03 26.50 27.79 29.55 29.49 29.54 29.53 29.57 29.32 29.23 29.31 29.30 28.16 26.53 24.73 22.95 21.60 19.81 17.90 16.73 15.12 13.67 12.30 10.64  9.64  8.04  7.13  5.66  4.58  3.53
16.83 17.85 19.04 19.72 20.52 21.12 21.73 22.02 23.80 24.10 25.93 27.45 28.23 30.15 31.08 32.02 32.15 32.22 32.28 32.13 32.13 32.20 32.27 32.26 32.29 32.19 32.33 32.32 33.08 33.39 33.92 34.32 34.60
traj-152:
 4.32  6.16  8.13  9.23 11.13 11.57 13.57 15.26 16.26 17.45 19.31 21.22 23.10 23.50 25.37 27.33 29.02 29.21 29.23 29.32 29.37 29.44 29.43 29.32 28.55 27.06 25.77 24.14 22.61 21.50 20.35 18.83 17.34 16.74
32.59 33.26 33.07 32.95 32.71 32.63 32.64 32.53 32.62 32.72 32.81 32.98 33.04 33.06 32.78 32.99 32.20 30.44 29.84 28.37 27.41 25.46 24.03 23.14 21.65 21.00 20.46 19.49 18.54 17.82 17.30 16.28 15.32 14.85
traj-153:
12.45 13.30 14.94 15.70 17.39 18.82 20.59 21.67 23.27 23.94 25.56 27.18 28.66 29.18 29.51 29.66 29.54 29.42 29.20 29.01 28.24 27.25 25.30 23.79 22.13 20.13 19.51 17.74 16.45 14.56 13.28 11.92 10.16  8.21  7.22  6.15  4.40  3.47
14.44 14.71 15.45 15.86 16.59 17.29 17.54 17.72 18.78 18.66 18.77 19.46 20.62 22.44 24.15 25.46 26.62 28.18 29.58 31.45 32.36 32.46 32.76 32.68 32.77 32.75 32.72 32.68 32.71 32.83 32.89 32.76 32.86 33.16 33.40 33.68 34.55 34.47
traj-154:
 4.79  5.14  6.71  8.52  9.24 11.01 11.86 13.36 15.19 16.93 18.12 19.75 20.81 21.52 23.13 23.92 24.75 26.22 28.07 29.53 29.24 29.27 29.28 29.27 29.40 29.23 28.65 27.60 25.91 24.37 23.47 21.64 19.74 18.41 17.57 15.98 14.54 12.71 10.86 10.37  8.65  7.12
33.70 33.52 32.54 32.72 32.79 32.76 32.75 32.85 32.86 32.71 32.66 32.78 32.94 33.00 33.23 33.21 33.15 32.97 32.75 31.63 29.78 28.48 27.59 26.44 24.47 22.86 21.81 20.86 20.41 19.61 19.34 18.95 18.81 18.77 18.62 18.43 18.76 19.09 18.93 19.13 19.99 20.97
traj-155:
 9.93 10.88 12.74 14.67 15.24 16.88 17.84 19.42 21.21 22.64 23.94 25.56 27.42 28.44 29.21 29.39 29.64 29.40 29.29 29.42 29.56 29.47 28.13 26.60 24.74 23.92 21.94 20.06 18.48 16.61 15.22 14.40 13.19 11.35  9.45  8.45  6.53  4.95  4.38
18.76 18.60 18.39 18.34 18.16 18.14 17.95 17.69 18.12 19.23 20.04 20.51 21.14 21.20 22.49 23.35 24.91 26.77 28.26 28.79 30.54 32.00 33.27 33.32 33.16 32.97 32.82 32.88 32.94 33.00 33.10 33.29 33.27 33.53 33.63 33.61 33.97 34.45 34.55
traj-156:
 3.24  4.59  5.82  6.93  8.86 10.35 11.65 13.06 14.33 15.14 17.12 17.62 19.43 21.37 22.74 24.66 26.16 27.26 29.18 30.28 30.29 30.01 29.96 29.64 29.76 29.56 28.61 27.30 25.58 24.33 22.79 21.78 20.28 19.85 17.98 16.37 15.23 13.76 12.33 10.50
32.25 32.28 32.54 32.71 32.58 32.55 32.34 32.30 32.31 32.31 32.37 32.37 32.45 32.65 32.59 32.53 32.95 33.21 32.82 31.66 31.36 29.49 28.14 26.49 25.07 23.28 21.54 20.44 19.65 18.95 18.15 17.82 16.55 16.24 15.84 15.81 15.55 15.13 14.66 14.89
traj-157:
 8.38  9.17 10.42 12.21 12.50 14.24 15.17 16.72 17.44 18.93 20.49 21.95 22.72 24.50 25.52 26.97 28.70 29.46 29.44 29.56 29.49 29.58 29.50 29.12 27.46 25.50 24.98 23.36 22.35 20.66 19.34 18.06 17.13 15.80 14.86 13.33 12.18 10.43  8.57  6.94  5.15  4.85
11.95 12.57 13.62 14.24 14.32 15.18 16.23 17.06 17.29 17.89 18.36 19.17 19.43 19.95 20.33 20.86 21.73 22.91 23.45 25.16 26.64 28.53 29.80 31.54 32.09 32.03 32.09 32.15 32.18 32.24 32.31 32.43 32.48 32.55 32.75 33.16 32.95 33.02 33.00 33.01 32.91 32.87
traj-158:
 3.25  5.01  6.93  8.57 10.04 10.93 12.86 14.80 15.86 17.75 18.57 20.31 21.87 23.76 25.51 26.82 27.00 28.68 29.09 29.28 29.43 29.59 29.60 29.62 29.20 28.22 27.55 26.05 25.84 24.10 22.47 21.25 20.50 19.51 18.05 17.30 15.94 14.17 13.00 12.06 10.67  8.95  8.12  6.24
33.03 33.74 33.47 33.04 32.70 32.55 32.40 32.52 32.61 32.67 32.76 32.82 32.86 32.85 33.40 32.98 32.75 32.11 30.35 29.36 28.64 26.76 25.79 24.05 22.98 21.41 20.94 19.90 19.82 18.98 17.84 17.06 16.55 15.73 14.61 13.93 13.35 12.62 11.78 10.83  9.61  9.07  8.86  8.31
traj-159:
17.48 18.71 20.17 21.85 23.63 25.27 27.04 28.26 29.24 29.46 29.70 29.67 29.47 29.37 29.24 28.80 28.21 26.57 24.86 23.57 22.19 20.59 19.39 17.43 15.51 13.98 12.28 11.21  9.76  8.94  7.01  5.03  3.95
19.12 19.10 19.12 19.24 19.42 19.59 19.89 21.30 22.75 23.29 24.89 25.46 27.27 29.01 30.91 32.00 32.45 32.46 32.47 32.55 32.66 32.65 32.66 32.62 32.52 33.13 33.22 32.91 32.39 32.41 32.26 32.04 32.18
traj-160:
 2.50  3.63  5.27  6.20  7.28  8.23  9.21 11.12 12.53 14.52 16.38 17.97 19.46 21.18 22.65 23.25 25.19 27.12 28.07 29.46 29.39 29.32 30.04 30.42 30.68 30.74 29.41 28.55 27.79 25.81 24.00 22.07 20.36 19.52 18.08 16.44 15.04
32.88 32.74 32.97 33.00 32.99 33.09 33.18 33.21 33.52 33.65 33.36 33.06 32.56 32.51 32.42 32.35 32.32 32.42 32.27 30.89 30.31 28.46 27.02 25.13 23.98 22.94 21.68 20.80 19.99 20.06 20.08 20.57 21.20 20.96 20.57 20.20 19.84
traj-161:
10.98 12.43 14.05 15.92 17.53 18.22 19.87 20.94 22.08 23.36 24.55 25.79 27.23 28.13 29.02 29.36 29.34 29.30 29.26 29.28 29.03 28.53 27.91 26.17 24.46 22.84 21.39 19.66 19.09 17.27 15.42 13.48 11.76  9.82  8.66  7.58  6.46  5.52  4.42  4.10
12.13 12.43 12.79 13.19 14.14 14.48 15.55 15.99 16.77 17.78 18.76 19.80 20.50 21.15 22.62 24.32 24.62 26.39 27.42 28.73 30.29 32.10 32.37 33.18 32.91 32.95 32.90 32.79 32.75 32.76 32.74 32.64 32.38 32.65 32.62 32.60 32.50 32.47 32.50 32.93
traj-162:
 4.51  5.47  6.82  8.37  9.84 11.53 13.49 14.68 16.49 17.96 19.29 21.06 22.29 23.71 25.61 27.41 29.32 29.88 29.97 29.87 29.68 29.83 29.54 29.49 29.34 27.79 26.48 25.59 24.02 22.67 21.07 19.74 18.80 17.31 16.74 15.02 13.41 12.00 10.64 10.21  8.72  7.61  6.26
32.59 32.69 32.74 32.74 32.72 32.47 32.52 32.54 32.73 32.75 32.87 33.06 32.97 32.89 33.11 33.46 33.29 31.58 29.82 28.66 26.67 25.43 23.60 22.12 20.95 20.24 18.99 17.44 17.35 17.49 17.08 16.05 15.42 14.34 14.14 13.19 12.01 10.92  9.88  9.57  8.41  7.36  6.00
traj-163:
13.29 14.31 15.63 16.49 18.29 19.45 20.43 21.14 22.35 23.43 23.85 24.68 26.42 27.97 29.11 29.38 29.81 29.68 29.47 29.32 29.03 27.74 25.85 24.69 22.71 21.18 19.45 18.05 16.13 15.03 13.29 12.53 11.24  9.52  7.71  6.31  5.33  3.82
 6.42  8.06  9.19 10.19 11.04 12.44 14.02 15.04 16.32 17.83 18.67 19.13 19.85 20.99 22.50 23.08 25.03 27.01 28.57 30.29 31.31 32.63 33.27 33.93 33.73 33.20 33.00 32.91 32.80 32.67 32.47 32.48 32.43 32.54 32.75 33.08 33.52 33.96
traj-164:
 2.71  3.81  5.25  7.11  8.34  9.76 11.12 12.61 14.41 15.72 17.36 18.99 20.68 21.39 23.01 24.96 25.71 27.53 29.08 29.09 29.08 29.10 29.12 29.14 29.14 29.17 28.22 27.60 26.54 24.96 23.03 22.08 20.55 19.29 18.13 17.56 16.73 15.79 15.45 14.35 13.18 12.32 11.87
34.19 34.01 33.75 33.40 33.14 32.25 32.25 32.83 32.70 32.72 32.72 32.52 32.38 32.43 32.61 32.27 32.20 32.02 31.37 30.78 29.35 28.45 26.50 25.33 24.16 23.07 21.42 20.69 19.70 18.62 18.47 18.27 17.25 16.68 15.60 14.99 13.77 12.42 11.55 10.21  8.68  7.05  6.17
traj-165:
17.27 17.70 18.83 19.60 21.17 22.72 23.95 25.41 26.31 28.13 29.14 29.10 29.06 29.09 29.38 29.65 29.87 29.21 27.36 25.53 25.34 23.46 22.16 20.69 19.47 17.81 16.51 14.90 13.26 11.64 10.57  9.26  7.50  5.60  3.83
15.57 16.02 16.84 17.35 18.01 19.03 19.61 20.47 20.76 21.20 22.04 23.50 24.97 25.56 27.54 29.52 30.99 32.74 33.03 32.78 32.75 32.46 32.36 32.32 32.29 32.33 32.31 32.29 32.40 32.55 32.53 32.57 32.60 32.60 32.72
traj-166:
 3.22  4.91  6.76  8.36 10.26 11.76 13.25 15.05 16.23 17.49 18.35 20.23 22.14 23.92 25.52 26.49 28.03 28.68 29.25 29.49 29.49 29.57 30.11 30.11 30.33 29.03 28.25 26.75 25.49 23.81 22.72 21.23 20.65 19.25 17.79 16.98 15.71 14.89 13.74 11.85 10.53  9.99
34.70 34.47 34.27 34.05 33.73 33.55 33.29 33.15 32.81 32.54 32.68 33.03 33.10 33.19 33.63 33.51 32.89 32.09 31.10 29.42 28.26 26.63 25.09 24.44 22.56 21.72 21.57 20.93 20.23 19.32 18.72 17.66 17.47 16.90 16.43 16.00 15.34 14.89 14.33 13.99 13.37 13.10
traj-167:
12.76 13.93 15.24 16.65 17.86 19.53 21.00 22.02 23.15 24.07 25.48 26.20 27.28 28.30 29.17 29.21 29.20 29.17 29.19 29.19 28.85 27.19 25.25 24.64 23.12 21.97 20.22 18.29 16.91 15.52 13.82 12.01 10.12  9.82  7.96  6.05  4.40  2.78
11.14 11.99 12.93 13.70 14.57 15.59 16.31 16.80 17.42 17.67 18.76 19.62 20.24 21.42 22.37 24.34 26.25 28.25 29.72 30.46 32.14 32.84 32.94 32.90 33.00 33.00 32.81 32.66 32.50 32.55 32.74 32.88 33.01 32.98 32.86 32.71 32.61 32.48
traj-168:
 2.72  4.13  5.15  6.61  7.90  9.19 10.99 12.72 14.52 16.05 17.71 19.60 21.40 22.94 24.28 25.26 26.36 28.29 28.51 29.05 29.09 29.13 29.13 29.15 29.14 28.22 27.06 26.30 24.68 22.84 21.12 19.25 17.32 15.90 15.39 14.20 13.53 12.26 11.31 10.40  9.28  9.10
34.88 34.59 34.45 34.06 33.92 33.70 33.36 33.21 33.05 32.90 33.12 33.45 33.52 33.67 33.66 33.79 33.81 33.31 32.25 30.53 28.79 27.36 25.63 23.83 22.94 21.43 20.79 20.55 20.08 19.87 20.13 19.67 19.18 17.79 17.15 15.74 14.86 13.34 12.13 11.07  9.44  9.20
traj-169:
19.60 19.61 19.72 19.79 19.62 19.46 19.15 19.39 19.61 20.35 21.95 23.67 25.23 26.98 28.89 30.76 30.44 30.40 29.71 29.85 29.66 29.60 29.45 28.22 26.71 25.30 23.92 22.96 21.51 20.54 19.27 17.62 15.99 15.35 13.59 13.29 11.41  9.89  8.16  7.17  5.75  4.20  2.96
 7.42  9.09 11.08 12.18 13.74 14.53 15.46 16.91 18.42 19.01 20.20 20.86 20.81 21.03 20.82 21.26 22.97 23.27 24.90 26.69 28.45 29.26 31.02 32.44 32.71 33.04 32.76 32.51 32.34 32.35 33.20 33.18 32.86 32.70 32.82 32.86 32.56 32.50 32.76 32.69 32.56 32.49 32.48
traj-170:
 3.46  5.07  6.21  7.78  9.59 11.10 12.70 13.81 15.30 16.81 18.52 19.30 21.18 22.71 23.83 25.67 26.78 27.79 29.63 29.70 29.87 29.78 29.65 29.51 29.23 29.36 28.52 26.69 25.79 24.17 23.09 21.56 20.37 19.09 18.18 17.19 16.94 15.83 15.00
34.33 34.15 33.93 33.80 33.77 33.51 33.24 33.07 32.75 32.57 32.37 32.36 32.36 32.36 32.48 32.78 32.68 32.74 32.06 30.90 29.28 28.22 26.98 25.27 24.05 22.92 21.26 20.72 20.55 19.95 18.85 17.86 16.38 15.01 13.86 12.52 12.26 10.81  9.60
traj-171:
12.17 13.06 13.30 14.12 14.94 15.91 16.79 18.37 19.35 20.91 22.19 23.87 25.23 26.50 28.29 29.14 29.28 29.32 29.29 29.32 29.38 29.23 28.34 26.69 25.68 23.74 21.92 20.14 18.33 16.87 15.10 14.40 12.49 11.21  9.28  7.34  5.93  4.93
 8.47 10.08 10.52 11.88 13.10 14.72 16.52 17.55 17.90 18.69 19.52 20.36 20.69 20.97 21.14 22.31 23.87 24.46 26.37 27.95 29.77 31.71 32.41 32.63 32.67 32.89 33.15 33.26 33.33 33.27 33.72 33.59 33.25 32.89 33.03 32.75 32.71 32.53
traj-172:
 3.89  5.78  7.38  8.19  9.99 10.54 12.47 14.29 14.59 16.33 17.32 19.12 20.60 21.49 23.37 25.10 26.37 27.59 29.01 29.07 29.22 29.52 30.16 30.21 30.04 29.72 29.61 29.37 28.69 27.39 27.19 25.40 24.06 23.46 22.33 21.03 20.80 19.58 18.11 16.68 15.15 14.25
33.77 33.57 33.64 33.63 33.01 32.63 32.69 32.71 32.74 32.72 32.60 32.54 32.70 32.69 32.68 32.66 33.10 33.39 32.21 31.61 30.06 30.00 28.69 27.50 26.08 24.99 23.51 22.78 21.44 20.35 20.12 19.30 18.29 17.68 16.61 15.14 14.95 13.75 12.46 11.57 10.93 10.34
traj-173:
15.90 17.18 18.87 19.66 21.02 22.55 23.71 24.85 26.43 28.22 29.13 29.35 29.34 29.39 29.43 29.40 29.55 30.02 29.45 27.80 26.91 25.08 23.15 21.68 20.65 19.10 17.88 16.78 15.32 13.39 11.91 10.52  9.40  7.79  5.82  4.12  3.09
18.77 19.13 19.55 19.81 20.26 20.35 20.59 20.79 20.93 21.68 22.42 23.99 25.95 26.56 27.25 29.23 29.67 31.44 33.22 33.51 33.60 33.77 33.76 33.47 33.19 32.85 32.50 32.54 32.64 32.66 32.67 32.82 32.96 33.20 33.42 33.72 33.87
traj-174:
 3.93  5.30  6.22  7.43  9.08 10.37 11.95 13.07 13.95 15.16 17.15 19.07 20.92 22.71 24.31 25.84 26.94 28.65 29.37 29.36 29.49 29.50 29.46 29.41 29.01 28.28 27.22 26.59 25.46 24.57 22.99 21.66 20.45 19.88 18.47 16.82 15.89 15.08 13.89 12.76
32.89 32.80 32.75 32.81 32.68 32.64 32.63 32.90 33.24 33.34 33.46 33.19 33.05 32.22 32.22 32.24 32.50 32.27 31.40 30.37 28.69 27.27 26.02 24.64 22.71 21.29 20.41 20.20 19.03 18.54 17.51 16.46 15.63 15.33 14.28 13.38 12.85 12.39 11.54 10.59
traj-175:
20.95 21.22 22.70 23.31 24.57 26.01 27.23 28.38 29.13 29.27 29.39 29.44 29.56 29.67 29.79 28.67 27.28 25.57 24.06 22.34 21.29 19.71 18.88 17.37 15.93 14.18 13.03 11.15  9.89  8.86  6.94  5.83  4.14  3.28  2.77
15.72 15.85 16.81 17.22 18.07 19.12 20.10 21.51 22.85 24.14 25.89 26.78 28.25 29.64 31.30 32.01 32.34 32.60 32.77 32.68 32.63 32.52 32.43 32.36 32.22 32.26 32.22 32.27 32.42 32.59 32.80 32.85 33.14 33.64 33.86
traj-176:
 2.46  4.45  6.33  7.89  9.16 10.63 12.57 14.00 15.71 17.07 18.70 20.32 21.87 23.59 25.51 26.63 28.54 29.04 29.14 29.20 29.35 29.29 29.43 29.32 28.79 28.58 27.21 26.18 24.71 23.37 21.94 20.84 19.48 18.95 17.84 16.94 15.66 14.15 13.44 12.36
33.01 32.94 32.87 32.72 32.70 32.86 32.68 32.68 32.56 32.44 32.24 32.26 32.30 32.40 32.17 32.02 32.26 30.85 30.10 28.50 27.05 25.32 23.37 22.48 20.77 19.83 18.44 18.57 18.49 18.41 17.94 16.65 15.37 14.98 13.88 13.23 12.11 11.29 10.61  9.61
traj-177:
 6.01  7.63  9.19  9.72 11.27 12.90 13.92 15.33 17.03 18.06 19.36 21.13 21.39 21.75 23.51 24.43 26.09 27.71 28.29 29.29 29.32 29.63 29.52 29.39 29.19 29.06 28.24 26.72 25.24 24.06 22.94 22.02 20.71 18.93 17.04 15.25 13.79 12.07 10.46  9.00  7.40  6.28  4.71  3.09
13.46 13.83 14.16 14.28 14.62 15.08 15.11 15.21 15.80 16.09 16.79 17.66 17.84 18.03 18.64 18.92 19.40 20.58 21.20 22.92 23.42 24.91 26.58 27.75 29.47 30.60 32.36 32.54 32.50 32.61 32.61 32.65 32.62 33.00 33.45 33.12 33.15 33.34 33.40 33.82 33.83 33.83 33.74 34.26
traj-178:
 2.81  3.76  5.66  7.35  8.85  9.40 11.31 13.27 14.66 16.14 17.51 19.33 19.73 21.05 22.96 24.33 25.64 27.38 29.02 29.19 29.14 29.24 29.40 29.44 29.29 28.43 28.14 26.96 25.10 23.54 22.26 21.24 20.99 20.79
33.00 33.75 33.79 33.77 33.86 33.84 33.64 33.27 33.01 32.56 32.26 32.37 32.36 32.22 32.18 32.18 32.36 32.49 31.77 30.00 28.57 26.63 24.83 23.38 21.42 19.80 19.76 18.44 17.76 16.61 16.28 15.03 13.44 11.97
traj-179:
10.77 11.90 12.92 13.99 15.06 16.14 17.80 19.58 21.36 22.96 24.62 25.90 27.64 28.59 29.54 29.52 29.49 29.36 29.34 29.12 28.41 28.11 26.33 25.53 23.68 22.33 20.81 20.00 18.56 17.46 16.33 15.29 14.31 12.80 10.82 10.56  8.71  7.26  5.26  4.66  2.78  2.56
10.05 11.51 13.14 14.53 16.07 16.88 17.52 18.14 18.93 19.40 20.14 20.63 21.10 21.33 22.56 24.05 25.51 27.45 29.21 30.34 32.03 32.06 32.23 32.27 32.55 32.66 32.73 32.71 32.57 32.53 32.48 32.46 32.45 32.36 32.31 32.27 32.52 32.45 32.45 32.39 32.66 32.70
traj-180:
 2.96  3.62  5.42  7.02  7.88  9.23 10.89 12.37 13.93 15.25 15.68 17.26 18.62 19.52 21.25 22.79 23.64 24.97 25.92 27.79 29.01 29.41 29.66 29.66 29.77 29.66 29.27 29.08 28.00 26.33 25.27 23.96 23.26 21.32 19.55 17.72 16.10 14.79 12.85 12.03 10.32  9.95  8.14  6.51
33.91 33.22 32.37 32.16 32.28 32.56 32.69 32.57 32.51 32.52 32.43 32.55 32.57 32.62 32.70 32.69 32.69 32.72 32.71 32.67 31.34 30.96 29.72 29.12 27.36 25.92 24.07 22.43 21.22 20.56 19.39 18.31 18.06 17.59 17.59 16.90 16.80 16.78 16.38 16.21 15.85 15.86 15.85 15.71
traj-181:
 9.57 10.64 12.46 13.94 14.47 16.36 18.16 20.09 21.58 22.77 24.48 25.67 27.06 28.26 29.28 29.94 29.93 29.68 29.60 29.43 29.15 28.49 26.78 25.92 24.32 22.48 21.65 20.09 19.52 17.79 16.66 15.21 13.28 11.35  9.47  8.88  7.53  5.77  3.82  2.44
16.03 15.93 16.42 16.52 16.70 17.00 17.36 17.61 17.02 17.42 18.21 18.67 19.90 21.09 22.78 24.56 25.18 26.99 28.62 29.50 31.13 32.54 32.88 32.94 33.05 32.92 32.84 33.14 33.19 33.54 33.22 33.29 33.40 33.64 33.61 33.86 34.18 34.64 34.56 34.87
traj-182:
 2.17  3.90  5.18  6.89  8.71  9.00 10.85 12.71 13.98 15.74 17.47 18.84 20.22 21.95 23.76 24.79 26.73 27.28 29.11 29.90 29.79 29.69 29.52 29.31 29.17 29.13 27.88 26.71 25.33 24.29 23.33 22.19 20.70 19.88 18.15 16.32 14.90 13.33 11.94 11.14
34.70 34.03 34.01 33.91 33.78 33.61 33.01 32.67 32.61 32.66 32.85 32.90 33.09 33.38 33.33 33.09 33.33 33.15 32.47 30.68 29.84 28.09 26.15 24.90 22.91 22.31 20.76 20.00 19.14 18.61 17.95 17.27 16.40 16.00 16.70 16.31 16.76 17.24 17.56 17.74
traj-183:
20.34 21.79 23.04 24.67 25.69 26.72 27.46 28.35 29.30 29.51 29.56 29.61 29.43 29.31 29.53 29.46 27.90 26.05 24.92 23.13 21.43 19.65 17.99 16.25 14.97 13.55 12.40 10.45 10.29  8.35  6.95  5.25  3.43  2.44
18.88 18.99 19.12 19.87 20.11 20.59 20.88 21.24 22.68 24.64 25.39 27.05 28.07 29.62 31.36 32.25 33.17 33.90 33.46 32.85 32.32 32.38 32.65 32.97 33.53 33.75 33.35 33.00 33.09 33.09 33.22 33.35 33.42 33.41
traj-184:
 4.88  5.18  6.89  7.74  9.50 10.91 11.67 13.56 15.29 16.12 17.97 19.83 21.16 23.03 24.73 26.42 27.87 28.68 29.34 29.33 29.52 30.01 30.32 30.76 30.38 29.52 27.70 25.83 25.50 23.97 23.11 22.41 21.51 20.16 19.34 17.78 16.19 14.50 13.51 11.77 10.65  9.20  8.28  7.09
34.24 34.21 34.03 33.99 33.92 33.72 33.88 33.37 33.33 33.55 33.48 33.53 33.06 32.85 32.88 32.69 32.47 32.12 30.26 28.30 27.08 25.30 23.54 21.59 20.35 19.91 19.62 19.24 19.13 18.23 17.49 16.63 15.74 14.38 13.78 13.25 12.68 12.01 11.47 10.78 10.12  9.15  8.78  8.18
traj-185:
15.45 15.89 16.59 17.18 17.60 18.04 18.68 19.01 20.04 21.51 22.60 23.94 25.78 27.74 28.37 29.47 29.68 29.71 29.71 29.53 29.32 29.07 29.02 28.49 26.61 25.26 23.99 22.04 21.16 19.27 17.31 16.18 15.04 13.91 12.12 11.10  9.14  7.15  6.23  4.56  3.66  2.39
 8.76 10.43 12.14 13.63 14.55 15.88 16.90 18.79 20.34 20.36 20.18 19.96 19.54 19.21 19.71 20.30 22.05 23.81 25.09 26.92 28.40 30.04 30.80 32.34 32.39 32.59 32.76 33.12 33.00 32.48 32.73 32.91 33.02 33.16 33.42 33.45 33.40 33.48 33.61 33.69 33.89 33.97
traj-186:
 2.63  3.61  5.54  7.38  8.76 10.32 10.85 12.11 13.58 15.45 16.13 17.10 19.07 20.74 22.38 24.32 26.26 27.00 28.70 29.66 29.62 29.56 29.46 29.46 29.43 29.22 28.39 27.37 25.81 24.05 22.69 21.39 20.11 18.71 17.80 16.79 16.02 15.05 14.77
32.82 32.70 32.53 32.63 32.51 32.61 32.59 32.60 32.63 32.56 32.60 32.46 32.38 32.38 32.37 32.59 32.73 32.89 33.39 31.77 30.11 28.59 26.95 25.32 24.40 23.11 21.58 20.79 19.55 18.82 17.68 16.26 14.87 13.45 12.52 11.40 10.53  8.98  8.45
traj-187:
19.66 19.70 20.05 20.21 20.50 20.50 21.87 23.04 24.42 24.67 25.86 27.28 28.26 29.07 29.27 29.34 29.39 29.33 29.44 29.55 29.24 28.44 26.97 25.54 24.36 22.55 20.62 18.80 18.50 16.57 15.73 14.15 12.67 10.81  9.29  7.61  6.16  4.27
 9.30  9.99 11.75 13.30 14.54 15.49 16.44 17.62 18.91 19.34 19.96 21.07 21.33 22.81 24.65 25.45 26.36 28.33 30.06 31.66 33.19 33.91 33.85 33.76 33.86 33.88 34.31 33.53 33.53 33.41 33.30 33.12 32.94 32.98 33.14 33.72 34.22 34.63
traj-188:
 4.13  5.44  6.13  8.07  9.19 11.05 12.42 13.50 15.48 16.55 17.76 19.37 20.97 22.93 24.59 26.30 28.29 28.59 29.11 29.24 29.38 29.49 29.69 29.81 28.92 28.43 27.07 25.61 24.22 23.47 22.16 20.48 18.53 17.97 16.37 14.95 14.46 12.62 11.90 10.43  8.84
34.23 33.27 32.51 32.42 32.42 32.41 32.38 32.43 32.36 32.39 32.54 32.53 32.59 32.50 32.29 32.25 32.11 32.06 30.70 29.26 27.75 26.59 24.63 22.71 21.29 21.02 20.38 19.59 18.78 18.36 17.64 16.72 16.45 16.56 16.86 17.53 17.70 18.43 18.90 19.64 20.49
traj-189:
11.72 12.60 13.61 14.28 15.48 17.27 18.92 19.46 21.07 22.16 22.25 23.90 25.18 27.11 28.55 29.24 29.29 29.33 29.30 29.13 29.22 29.33 29.28 27.98 26.21 25.77 24.21 22.44 20.81 18.91 17.32 15.44 15.14 13.22 11.86  9.97  9.29  7.91  6.69  5.62  3.99  2.55
11.33 12.95 14.66 16.20 17.15 17.93 18.48 18.70 19.25 19.83 19.79 19.64 19.74 19.95 20.78 22.48 23.67 24.54 25.69 27.49 29.27 30.74 32.21 33.49 33.19 33.13 32.93 32.54 32.29 32.04 32.13 32.20 32.19 32.24 32.26 32.30 32.33 32.46 32.59 32.78 32.88 33.13
traj-190:
 4.02  4.98  6.36  7.79  9.11 10.35 11.88 13.81 14.85 16.73 17.67 18.88 20.71 21.57 23.36 25.28 26.60 27.79 29.11 29.07 29.18 29.32 29.50 29.35 28.40 28.14 27.29 26.28 25.09 23.49 21.88 20.86
33.32 32.74 32.52 32.48 32.46 32.37 32.32 32.35 32.36 32.35 32.29 32.20 32.74 32.96 32.72 32.52 32.40 32.51 31.08 29.36 27.57 26.22 24.66 22.97 21.29 20.45 19.32 18.34 17.40 16.75 16.05 15.61
traj-191:
 8.02  8.67 10.23 11.64 12.55 13.70 15.32 16.77 17.17 18.52 19.80 20.83 21.65 23.06 23.90 25.42 26.80 28.22 29.04 29.87 29.89 29.87 29.73 29.61 29.53 29.02 27.57 25.95 24.82 23.80 22.48 20.90 19.05 17.10 15.81 13.88 12.39 10.79  9.37  8.00  7.17  5.42  3.59  2.09
 9.76  9.91 10.36 10.89 11.31 11.75 12.82 13.66 13.98 14.92 15.89 16.67 17.34 18.22 18.69 19.61 20.48 21.34 21.83 23.41 24.55 26.04 27.99 29.18 30.09 31.68 32.28 33.03 33.29 33.32 33.37 33.53 33.70 33.70 33.29 33.39 33.65 33.84 34.02 34.28 34.45 34.43 33.74 33.31
traj-192:
 3.89  4.19  6.17  7.84  9.61 11.57 12.54 13.71 14.82 16.75 18.43 20.29 22.19 23.32 24.81 25.58 27.44 28.18 29.44 30.06 29.74 29.35 29.31 29.41 29.27 28.54 27.21 25.79 24.93 23.62 22.44 21.20 20.60 20.01 19.80 18.99 18.88
33.19 33.22 33.15 33.07 32.94 32.73 32.57 32.59 32.94 33.28 33.06 32.81 32.64 32.65 32.65 32.48 32.37 32.21 31.29 30.15 28.27 26.69 24.84 23.48 22.68 21.52 20.21 19.15 18.26 18.00 17.76 16.43 14.55 13.04 12.44 10.74 10.46
traj-193:
10.27 10.50 11.66 12.88 13.98 15.45 16.93 17.65 19.39 21.03 22.83 24.03 25.78 27.32 27.88 28.56 29.12 29.16 29.19 29.15 29.21 29.33 29.07 27.36 26.01 25.71 23.92 21.99 20.30 18.49 16.95 16.44 14.71 13.00 11.33  9.40  7.72  5.79  4.43
 9.04  9.24 10.53 11.69 13.22 14.49 15.72 16.05 16.63 17.38 18.07 18.28 18.90 19.36 19.90 20.95 22.54 24.08 25.66 27.08 28.83 29.67 31.38 32.20 33.20 33.19 33.25 33.06 32.93 33.20 33.76 33.99 34.20 33.35 33.51 33.89 34.21 34.38 34.50
traj-194:
 4.60  6.05  7.39  9.20 10.35 11.97 13.78 14.82 16.52 17.92 19.76 21.01 22.48 24.25 25.20 26.98 28.60 29.01 29.29 29.49 29.56 29.65 29.83 29.95 29.06 28.10 27.52 26.94 25.52 24.60 23.07 21.82 20.83 20.07 19.12 18.35 17.09 15.92 14.70
32.25 32.76 33.11 33.09 33.00 33.14 33.07 33.01 32.95 32.89 32.92 32.87 32.80 32.68 32.84 32.99 32.84 30.99 30.88 29.13 27.92 27.05 25.52 24.05 22.36 21.24 20.66 20.28 19.44 18.99 18.03 17.04 16.34 15.80 14.96 14.39 13.22 12.19 10.82
traj-195:
18.93 19.61 20.20 20.52 21.04 21.71 22.62 23.99 25.64 26.73 28.45 29.63 29.85 30.06 29.89 29.74 29.48 29.37 29.27 29.03 27.75 25.88 24.68 22.83 22.42 20.72 18.80 17.81 16.72 15.57 14.06 12.26 11.35  9.57  8.05  6.32  4.62  4.34
 9.19 10.82 12.13 12.85 14.29 15.81 16.47 17.68 18.44 18.97 19.67 20.32 21.99 23.56 24.74 25.79 27.39 29.24 30.26 31.73 32.16 32.38 32.50 32.75 32.95 32.63 32.45 32.54 32.38 32.36 32.37 32.29 32.40 33.05 33.55 33.41 32.99 32.66
traj-196:
 2.02  2.31  4.16  5.77  7.00  8.00  9.60 10.67 11.32 13.02 14.05 15.61 17.13 17.75 19.64 21.22 22.65 24.62 26.04 28.04 29.44 29.59 29.62 29.46 29.23 29.16 29.07 28.20 26.75 26.17 24.33 22.60 21.03 20.26 18.58 17.42 16.10 15.17 13.83 12.01 10.29  9.52
32.71 32.65 32.51 32.58 32.42 32.35 32.39 32.29 32.14 32.11 32.16 32.21 32.15 32.11 32.14 32.14 32.16 32.19 32.20 32.18 30.77 30.07 28.27 27.14 25.28 24.15 23.06 21.52 21.23 21.10 21.06 20.92 20.86 20.86 20.25 19.88 19.35 18.90 18.14 17.48 16.72 16.39
traj-197:
 6.74  8.34  9.29 10.71 12.34 12.98 14.60 16.20 16.57 17.98 18.98 20.60 21.55 22.38 23.85 24.52 26.21 27.27 28.23 29.26 29.70 29.62 29.55 29.47 29.21 29.08 29.02 28.83 27.93 26.17 24.56 22.86 20.94 20.38 18.77 17.14 15.24 13.67 13.07 11.51  9.73  7.81  5.95  4.21  3.32
11.38 11.86 12.16 12.57 13.28 13.64 14.33 15.21 15.37 16.26 16.62 17.36 18.27 18.97 19.21 19.23 19.55 20.17 20.42 21.09 22.67 24.32 25.91 27.33 27.49 29.47 31.33 32.17 33.84 33.45 33.06 32.66 32.37 32.34 32.34 32.44 32.64 32.70 32.77 33.07 32.72 32.48 32.64 33.19 33.17
traj-198:
 4.77  6.32  6.66  8.58  9.17 11.01 12.94 14.72 16.07 17.92 19.81 21.67 23.60 25.58 26.77 28.43 29.10 29.66 29.57 29.56 29.65 29.58 29.48 29.37 29.16 28.01 26.72 25.12 23.59 22.60 21.27 19.72 18.09 17.35 15.59 13.63 12.22 11.47 10.17  8.80
32.75 32.62 32.17 32.19 32.17 32.19 32.24 32.59 33.14 32.95 32.64 32.41 32.34 32.34 32.35 32.24 32.37 30.54 28.62 28.32 26.57 25.34 23.87 23.10 21.61 20.07 18.78 17.67 16.90 16.23 15.22 14.38 14.13 13.90 13.26 13.63 14.82 15.20 16.23 17.24
traj-199:
12.53 13.19 14.09 14.86 16.21 17.20 17.96 18.95 19.89 20.89 22.45 24.15 25.94 26.29 27.95 28.60 29.60 29.96 29.81 29.63 29.49 29.25 29.26 29.08 29.01 29.26 27.52 26.01 24.08 22.15 21.85 20.04 18.34 16.40 14.44 14.03 12.07 10.38  8.67  7.49  6.61  4.93  4.33
 7.98  9.08 10.49 11.97 13.42 14.61 16.40 17.55 19.14 19.67 20.13 20.49 20.30 20.23 20.72 21.26 22.43 23.88 25.35 26.30 27.26 28.51 28.83 30.58 31.42 33.24 32.86 33.01 32.66 32.35 32.34 32.21 32.16 32.22 32.46 32.49 32.47 32.44 32.33 32.28 32.24 32.25 32.23
