traj-0:
22.11 21.59 20.25 19.38 17.48 16.72 15.22 14.90 13.10 12.34 10.88  9.29
 1.74  2.56  3.94  4.13  4.58  4.91  5.76  6.26  6.22  5.50  4.20  3.11
traj-1:
21.06 21.41 21.62 22.19 22.48 22.71 23.04 23.09 23.18 23.22 23.17 23.08 23.02 23.21 23.28 23.42 23.51 22.44 21.33 20.77 18.81 16.95 15.01 14.50 12.66 11.39  9.59  7.60  7.01
 0.91  2.19  3.30  4.73  6.48  7.47  9.28 10.51 12.47 13.61 14.94 16.34 17.51 19.35 19.82 20.67 22.02 23.54 22.10 21.49 21.30 21.58 21.23 21.19 21.01 21.03 20.94 20.74 20.65
traj-2:
22.22 22.22 22.23 22.23 22.18 22.31 22.67 22.86 23.01 23.00 22.99 23.04 23.07 23.23 23.25 23.10 22.67 22.37 22.92 24.70 26.45 28.07 28.41 28.75 29.33 29.74 30.22 30.49 30.66
 1.39  3.08  4.81  6.52  7.71  9.69 11.24 12.90 14.24 15.31 17.06 18.23 19.39 21.34 21.94 23.70 24.95 25.95 26.14 26.30 26.35 25.74 24.79 23.02 21.41 19.86 18.14 16.99 15.58
traj-3:
21.77 22.36 20.91 19.94 18.05 16.59 14.89 13.35 12.59 10.81 10.25  8.40  7.62
 1.78  3.57  4.74  4.00  4.31  4.67  5.29  6.00  5.20  4.65  4.43  3.78  3.47
traj-4:
21.81 21.84 21.92 22.06 22.05 22.31 22.14 21.76 22.34 23.07 23.05 22.98 22.93 22.01 20.69 18.97 17.20 16.09
 1.04  2.47  4.40  6.13  7.58  8.61  9.91 11.72 13.42 15.27 16.68 17.28 19.14 20.91 21.33 21.29 21.19 20.50
traj-5:
22.33 22.09 21.89 21.98 22.56 22.88 23.07 23.08 23.07 23.24 23.26 23.33 23.31 23.31 23.14 23.09 23.07 23.10 24.29 26.05 27.51 29.23 30.62 32.12 33.48
 0.91  1.95  3.93  5.24  7.11  8.76 10.51 12.19 12.69 14.14 14.93 16.59 18.34 18.88 20.51 21.66 23.32 25.22 26.06 26.13 26.11 26.52 27.30 28.19 28.83
traj-6:
23.26 22.36 20.97 20.44 18.53 16.83 15.73 15.28 14.62 13.78 12.00 11.82 11.55
 1.28  2.75  3.71  3.91  4.44  4.80  6.23  7.30  7.97  7.74  7.78  6.46  5.27
traj-7:
23.58 23.29 23.06 22.79 22.48 22.87 22.99 23.18 22.87 22.52 23.13 23.15 23.31 23.05 23.00 21.83 20.50 19.74 17.99 16.26 15.65 14.83 13.70 12.39 10.78
 1.47  2.82  3.56  5.28  7.19  9.01  9.73 11.18 13.06 14.11 15.74 16.34 18.05 19.76 20.05 21.60 21.65 21.68 21.79 21.75 21.13 20.25 19.12 18.59 17.88
traj-8:
23.19 22.97 22.80 22.85 22.87 22.93 23.21 23.16 23.10 23.11 23.13 23.20 23.21 23.17 23.12 23.08 23.32 23.60 23.75 25.51 26.96 28.24 29.56 30.22
 0.50  2.45  3.37  5.03  6.41  8.33  9.48 11.45 12.76 14.31 14.83 16.54 17.72 19.44 21.32 23.13 25.03 25.88 26.02 26.03 26.05 25.46 24.11 23.33
traj-9:
21.45 21.88 21.56 19.79 18.39 16.75 15.62 13.85 12.15 10.82  9.63
 1.96  3.17  4.95  4.23  4.10  4.37  4.50  4.68  5.40  6.24  6.53
traj-10:
21.15 22.03 22.67 23.07 23.38 23.57 23.77 23.84 23.65 23.73 23.76 23.82 23.87 23.88 23.64 22.36 20.62 18.75 17.88 15.99 15.43 13.63 12.63 11.21  9.70  8.58  6.74
 1.00  2.74  4.22  5.01  6.72  7.59  8.75  9.05 10.82 12.55 14.27 15.97 17.45 18.93 20.58 21.89 21.47 21.14 21.00 20.43 20.22 20.04 19.84 19.53 19.77 19.97 20.40
traj-11:
22.04 22.17 22.11 22.05 22.07 22.36 22.39 22.38 22.05 22.40 22.61 22.95 23.02 23.05 23.14 23.15 22.88 24.36 26.13 28.08 28.04 28.10
 1.57  2.88  4.80  6.52  7.28  9.08  9.38 11.26 13.21 14.80 15.54 17.43 19.30 20.34 22.10 23.54 24.91 26.09 26.13 26.53 27.93 29.65
traj-12:
21.84 21.95 20.26 19.39 17.73 16.62 15.43
 1.51  3.45  4.44  4.55  4.76  4.79  6.36
traj-13:
22.60 22.68 22.45 22.43 22.28 22.03 21.88 22.26 22.51 23.00 23.08 22.11 21.50 21.95 22.31 21.92 20.86 19.43 17.69 16.14 15.19 13.46 12.09 10.43  9.09
 1.91  2.21  3.97  4.27  6.00  7.04  9.00 10.87 12.26 13.64 14.52 16.06 17.12 18.84 19.32 21.25 21.22 21.21 21.15 20.14 18.80 18.16 17.85 17.80 17.62
traj-14:
22.37 22.24 22.18 22.37 22.27 22.58 22.75 22.77 22.98 23.23 23.27 23.26 23.12 22.97 23.06 23.10 23.78 24.04 25.79 26.67 28.25 29.46 31.17 31.46
 1.96  3.18  4.50  5.97  7.93  9.90 11.84 12.74 14.46 16.43 18.09 19.24 20.42 21.59 23.32 24.42 25.90 26.04 26.04 26.02 25.28 24.80 24.47 24.53
traj-15:
21.03 21.16 20.78 20.59 18.67 17.61 16.04 14.99
 1.12  1.39  3.14  3.37  3.50  3.67  3.82  3.60
traj-16:
21.89 22.19 22.70 23.12 23.11 23.07 23.07 22.57 21.91 21.63 21.96 22.42 22.31 22.37 21.67 20.81 19.49 18.32 17.44 16.19 14.55 12.64 10.79  9.41
 1.44  2.26  3.74  5.42  7.00  8.02  9.11 10.68 12.36 13.70 14.99 16.64 17.64 19.60 21.45 21.41 21.31 21.23 21.18 20.38 19.33 19.00 18.90 18.85
traj-17:
21.18 21.30 21.59 21.66 21.84 22.00 22.25 22.41 22.71 22.72 22.75 22.92 23.05 23.13 23.32 23.33 23.01 22.97 23.79 24.04 25.17 26.90 27.19 28.43 29.02
 1.87  2.45  4.00  5.14  6.83  8.03  9.54 10.79 12.77 14.50 16.16 16.40 18.28 18.62 20.49 22.48 23.53 25.02 25.99 26.14 26.19 26.27 26.37 27.92 28.72
traj-18:
22.43 22.27 21.26 20.87 19.45 17.55 16.20 15.72 14.39 13.14 11.55 10.78  8.92  7.13  6.86
 0.87  1.12  2.75  3.33  4.28  4.76  4.97  5.31  6.31  6.55  7.18  8.34  8.10  7.34  7.22
traj-19:
23.00 23.19 23.27 23.35 23.54 23.65 23.74 23.68 23.59 23.58 23.56 23.50 23.49 23.12 21.81 21.01 19.95 18.77 17.59 16.52 16.18 14.72 12.81 11.77 10.30
 1.07  2.65  3.50  5.21  6.07  7.22  8.99 10.44 12.37 14.03 15.70 17.12 19.04 21.01 22.33 22.15 21.73 21.60 21.61 20.91 19.43 18.13 18.23 18.27 18.35
traj-20:
23.03 23.13 22.68 22.26 21.88 21.97 22.23 22.21 22.25 22.45 22.70 22.66 23.24 23.30 23.43 23.46 23.32 22.34 22.08 21.50 21.60 22.85 24.52 25.09 26.81 28.55 29.01
 1.57  1.85  3.71  4.52  5.55  7.04  8.65  9.21  9.41 11.09 12.24 13.16 14.25 16.08 17.50 19.24 20.10 21.79 21.95 22.81 24.69 25.21 26.01 26.07 26.17 26.81 28.22
traj-21:
22.32 22.46 21.26 20.37 19.20 18.00 16.43 15.69 13.92 13.17 11.63 11.11  9.37  7.60  7.11
 1.96  2.60  3.92  3.96  3.94  3.80  3.81  4.11  4.92  5.30  5.84  6.14  6.05  5.27  5.10
traj-22:
23.10 22.36 22.32 22.52 22.68 22.82 22.67 22.78 22.93 22.99 23.15 23.31 23.40 23.41 22.12 21.06 19.50 18.03 17.16 16.38 15.37 14.04 12.53 11.95 10.08  8.52  6.81  5.25  4.10
 1.12  2.89  4.27  5.93  6.86  8.12  9.68 11.53 12.95 14.23 15.98 17.43 18.31 19.64 20.97 21.27 21.24 21.18 21.16 20.74 20.11 19.29 18.20 18.19 17.91 17.58 17.21 17.34 17.26
traj-23:
22.34 22.43 22.59 22.68 22.82 22.99 23.07 23.12 23.16 23.24 23.26 23.12 23.02 22.72 22.15 21.68 21.99 23.72 24.31 24.89 26.32 28.04 28.50 29.68 31.27 32.49 33.55 34.22 34.48 34.54
 1.24  1.83  3.55  5.48  7.42  7.68  9.45 11.05 12.65 14.57 15.12 16.95 18.55 20.39 22.29 23.13 24.83 25.70 26.04 26.03 26.12 25.59 25.01 24.15 23.85 24.48 24.91 26.53 28.00 28.29
traj-24:
22.38 21.97 20.02 18.91 17.19 16.03 14.58 13.49 11.89 11.00  9.10  8.03  6.53
 1.79  3.71  4.09  4.11  4.16  4.27  4.50  4.83  5.48  5.43  4.82  4.62  3.52
traj-25:
21.52 21.61 22.16 22.37 22.69 23.18 23.27 23.30 23.35 23.38 23.46 23.04 22.56 21.38 19.53 17.77 16.88 14.89
 1.37  2.23  3.92  4.74  6.19  8.11  9.88 11.52 13.25 14.41 16.15 18.07 19.72 20.99 21.34 21.42 21.44 21.43
traj-26:
23.15 22.99 22.12 21.47 21.60 21.92 22.03 22.37 22.74 22.70 22.59 22.43 22.64 23.18 23.37 23.15 23.11 22.86 22.87 22.81 24.19 25.89 27.06 28.36 29.58 31.37 33.17 34.47 34.65
 0.78  1.03  2.69  4.29  5.20  6.99  7.93  9.17 10.76 12.19 13.65 15.63 16.47 18.24 19.11 21.03 21.61 23.51 23.81 25.80 26.23 26.52 26.77 27.65 28.18 28.85 28.53 27.03 26.16
traj-27:
21.97 21.75 21.48 20.14 19.86 18.38 16.44 14.76 14.19
 1.19  1.93  2.06  3.13  3.22  4.20  4.52  4.85  5.03
traj-28:
22.86 22.64 22.24 22.31 22.25 22.12 22.41 22.38 21.89 21.84 21.79 21.63 21.36 21.23 20.85 18.92 17.15 16.85 15.53 14.05 12.60 11.80
 1.08  3.05  4.96  6.27  7.84  9.76 11.47 12.02 13.82 15.18 16.09 17.75 19.47 20.04 21.92 21.85 21.79 21.78 21.50 20.95 20.23 19.93
traj-29:
22.62 22.77 22.96 22.87 22.90 22.96 23.05 23.17 23.24 23.39 23.49 23.69 23.61 23.37 23.18 23.78 23.99 25.17 26.62 28.04 29.69 29.73 29.56 29.09 28.77 28.44 28.13 28.14
 1.64  3.26  4.99  6.96  8.95 10.06 11.39 13.25 14.88 16.27 17.44 19.19 20.94 22.63 24.30 25.87 26.07 26.27 26.47 26.47 25.60 24.37 22.40 20.57 19.50 17.72 16.04 15.04
traj-30:
22.49 22.33 21.28 19.71 18.30 17.15 15.66 13.70 12.53 11.02 10.00  8.88  7.83
 1.10  1.86  3.57  4.04  4.42  4.74  5.49  5.83  5.36  4.77  4.46  4.10  3.82
traj-31:
22.42 22.74 22.91 23.11 23.26 23.14 23.01 23.00 22.88 22.89 22.94 22.83 22.85 21.84 21.34 21.31 19.42 17.95 16.24 15.00 13.60 14.60 15.11
 1.64  3.40  4.64  6.03  7.19  9.15 10.81 11.29 12.98 14.75 16.62 18.22 18.79 20.31 20.95 21.25 21.73 21.81 21.41 20.98 19.60 17.98 17.11
traj-32:
22.28 22.06 21.95 21.92 21.85 22.06 22.05 22.37 22.58 22.88 23.18 23.16 23.28 23.35 23.33 23.24 23.21 23.17 23.14 22.88 24.43 26.18 27.90 29.63 29.78 30.30 31.32 32.33 33.19 33.84
 0.41  1.19  2.78  3.38  5.03  5.94  7.88  9.53 10.52 11.40 13.07 13.62 15.56 16.13 17.87 19.56 20.91 22.02 23.18 24.92 26.16 26.09 26.10 26.04 24.11 23.65 22.30 21.04 19.98 19.17
traj-33:
23.72 22.79 21.56 21.38 19.54 17.69 15.83 14.88 13.06 11.69 10.29
 1.47  1.60  2.96  4.27  4.18  4.21  4.72  6.19  6.78  6.14  5.75
traj-34:
22.63 22.90 23.29 23.46 23.60 23.52 23.43 23.31 23.21 23.16 23.22 23.33 23.45 23.60 23.80 22.69 20.84 19.65 18.77 17.03 15.92 14.46
 0.62  1.46  3.21  4.06  5.45  6.30  7.98  9.65 10.95 11.75 13.50 14.87 16.32 18.10 19.94 21.28 21.25 21.27 21.25 21.18 20.76 20.27
traj-35:
23.08 22.81 22.50 22.08 22.20 21.59 21.34 21.15 21.18 21.58 21.45 21.63 21.63 21.59 21.56 21.51 21.27 21.17 21.06 22.64 24.37 25.82 27.27 28.09 28.63
 1.65  2.51  3.57  5.13  5.84  7.38  8.87 10.67 12.40 14.01 14.68 16.17 16.78 18.53 19.13 20.65 22.23 23.65 25.29 26.35 26.54 26.62 26.77 28.00 29.46
traj-36:
21.85 21.20 21.15 19.35 18.87 17.15 15.35 14.76
 1.79  2.32  4.25  4.06  4.01  3.96  4.25  4.36
traj-37:
23.16 22.86 22.91 22.55 22.56 22.65 22.83 22.92 22.98 23.16 22.50 21.97 21.77 20.00 18.56 16.62 15.00 13.87 11.90
 1.13  2.77  3.84  5.70  7.30  9.08 10.61 12.54 14.45 16.26 18.13 19.80 20.35 21.17 21.22 21.35 22.16 22.28 22.41
traj-38:
22.27 22.42 22.62 22.80 22.95 23.06 23.29 23.21 23.36 23.38 23.49 23.52 23.59 23.64 23.61 23.58 23.12 22.61 22.33 24.01 25.74 27.50 28.64 29.58 29.82 30.27 30.47 30.51 30.66 30.85 31.03
 1.26  2.68  4.54  6.06  7.84  8.17  9.97 11.08 12.98 13.53 15.51 16.40 17.84 19.01 20.38 22.10 23.63 24.68 25.49 26.02 26.08 26.05 25.82 24.34 22.53 20.81 18.85 16.88 15.00 13.29 11.85
traj-39:
22.15 21.01 20.93 19.48 17.76 17.18 15.65 15.19 14.07 12.87 11.40
 1.45  2.50  4.24  4.14  4.26  4.42  5.65  7.57  8.72  8.81  8.69
traj-40:
23.65 23.53 23.17 22.97 23.04 23.08 23.11 23.14 23.27 23.32 23.27 23.16 23.03 22.65 20.78 19.11 17.36 16.80 15.11 14.00 12.15 10.45  9.12  7.23  5.84  5.04
 0.88  2.76  4.49  5.78  7.42  9.41 10.80 12.48 13.37 15.14 15.73 17.73 19.50 21.36 21.54 21.53 21.30 21.17 20.64 19.65 19.78 19.72 19.93 19.92 20.97 21.64
traj-41:
22.86 22.44 21.53 21.41 21.24 21.30 21.35 21.66 21.89 22.30 22.71 22.51 22.26 22.04 21.63 21.47 21.56 21.68 21.74 23.17 24.89 26.33 26.91 28.59 29.69
 1.75  2.33  3.78  5.69  7.69  9.24 10.40 12.06 12.89 14.27 16.22 17.27 18.71 19.41 21.21 21.91 23.21 24.07 25.65 26.21 26.50 26.71 26.87 27.32 27.73
traj-42:
21.66 21.73 21.62 20.25 18.46 16.99 15.33 14.63 13.06 11.54  9.95  8.23
 0.86  1.70  3.07  4.36  4.16  4.34  5.20  5.72  6.19  5.79  5.38  4.79
traj-43:
21.10 21.03 22.02 22.17 22.31 22.51 22.88 22.93 23.03 23.00 23.10 23.21 23.27 22.89 21.49 19.72 18.23 16.89 15.02
 1.85  2.14  3.84  5.22  7.01  8.46 10.39 11.65 13.59 14.68 16.30 17.17 18.62 19.71 20.32 21.09 21.17 21.26 21.32
traj-44:
23.48 23.31 23.17 23.05 22.61 22.10 22.19 22.60 23.16 23.12 23.07 23.06 22.99 22.66 22.94 22.95 23.03 23.06 24.60 26.31 27.18 28.63 29.06 29.70 29.91 29.91 30.53 31.32 31.52 32.89
 0.57  2.44  4.41  5.20  7.06  8.91  9.35 10.89 12.74 14.73 15.02 16.78 17.36 19.24 21.11 22.76 24.08 25.20 26.17 26.23 26.28 24.92 24.25 22.44 20.60 19.22 17.59 15.90 15.68 14.40
traj-45:
23.55 22.31 21.40 20.02 18.66 17.25 16.43 14.78 13.56 12.75 12.13 10.29  8.51  6.59
 0.80  1.80  2.28  3.33  3.65  4.06  4.32  5.32  6.63  8.00  9.03  9.71  9.61  9.39
traj-46:
21.59 21.89 22.27 22.43 22.71 23.04 23.13 23.27 23.14 22.99 22.95 23.09 23.23 22.80 21.58 19.91 18.47 17.28 15.99 14.61 12.72 11.06  9.13
 0.74  2.02  3.69  4.51  5.97  7.92  8.78 10.33 12.06 13.64 14.72 16.26 17.69 19.44 20.89 21.09 21.08 21.10 21.09 20.66 20.11 20.04 20.11
traj-47:
21.59 21.86 22.02 22.25 22.48 22.61 23.02 23.06 22.99 23.09 23.06 22.67 22.50 22.35 22.84 22.96 23.30 24.68 25.83 26.72 28.14 29.28 30.37 31.73 32.27 32.85 33.04 33.61 33.73 34.39
 0.50  2.40  3.74  5.47  7.14  8.99 10.86 11.63 13.47 15.44 17.12 18.89 19.93 21.42 22.75 23.57 25.14 26.08 26.05 26.04 25.89 25.42 24.14 22.68 21.49 20.00 19.42 17.69 17.42 15.54
traj-48:
21.01 22.46 21.75 19.86 18.21 16.51 14.66
 1.62  2.89  4.59  3.99  3.93  3.95  3.66
traj-49:
22.47 22.72 22.81 22.90 22.88 22.60 22.74 22.94 22.90 22.98 23.05 23.04 22.56 22.34 21.36 21.28 21.11 19.23 18.05 17.18 16.68 14.97 13.08 12.64 11.10  9.30
 0.73  1.83  2.96  4.37  5.66  7.58  8.15 10.12 10.94 12.89 14.52 15.40 17.11 17.31 18.83 20.73 21.82 21.37 21.20 21.07 20.75 20.23 20.51 20.61 20.97 21.24
traj-50:
23.34 23.31 23.21 23.16 23.13 23.14 23.21 22.77 22.70 22.83 22.90 22.94 23.03 23.12 23.27 23.40 23.48 23.36 24.75 25.34 27.05 28.31 29.79 31.46 33.24 34.20
 0.99  2.50  4.25  5.76  7.16  8.24 10.11 11.84 12.13 14.12 15.17 16.39 17.81 18.92 20.65 21.52 23.45 25.23 26.18 26.31 26.64 26.26 25.94 25.57 25.20 24.12
traj-51:
23.22 23.20 23.10 21.88 20.67 19.29 17.66 15.66 13.95 12.08 10.93  9.58
 1.35  2.46  4.45  5.77  4.69  4.01  4.05  4.03  4.17  4.03  4.11  3.79
traj-52:
21.31 21.81 22.13 22.30 22.26 22.69 22.45 22.47 22.31 22.67 23.13 23.34 23.40 22.38 20.86 19.14 17.38 16.50 15.34
 1.74  2.98  4.14  5.83  7.66  8.75 10.59 11.94 13.85 15.34 17.10 17.66 19.38 21.07 21.52 21.55 21.50 21.47 21.40
traj-53:
23.07 22.64 22.06 21.72 21.77 21.79 22.10 22.34 22.53 22.89 22.95 22.67 22.81 22.69 22.04 22.11 22.65 23.42 24.36 26.12 27.87 28.02 28.18 28.41 28.58 29.03 29.26
 0.43  1.64  3.33  4.90  6.89  7.19  8.91 10.33 12.19 13.78 15.61 16.96 18.27 19.86 21.55 22.23 24.12 25.65 26.18 26.33 26.33 24.50 23.11 21.68 20.99 19.26 17.88
traj-54:
21.09 22.38 23.47 23.60 23.77 22.82 21.73 20.52 18.80 17.66 15.98 14.73 12.96 12.40
 0.75  1.31  2.78  3.36  5.12  6.77  5.63  4.66  4.29  4.64  5.55  5.88  6.62  6.84
traj-55:
22.99 23.11 22.93 22.53 22.60 22.66 22.74 23.05 23.24 23.12 22.89 22.92 23.07 22.39 22.17 22.75 21.95 20.43 20.13 18.38 16.61 14.84 13.11 12.57
 0.56  0.83  2.64  4.06  5.87  6.66  7.40  9.13 10.30 11.93 13.55 15.55 16.19 17.91 18.47 20.28 20.73 21.68 21.66 21.65 21.55 21.40 20.54 20.30
traj-56:
21.42 21.86 22.20 22.44 22.70 22.86 22.97 23.06 23.13 23.13 22.45 22.11 21.27 21.25 21.16 21.12 21.38 22.50 23.45 24.74 25.04 26.80 27.09 28.45 28.94 30.14 31.28 32.24
 1.59  3.22  4.52  5.76  7.30  8.28  8.86 10.54 11.11 13.04 14.70 15.17 16.80 17.10 19.08 20.70 22.60 24.12 25.16 26.04 26.04 26.23 26.31 27.48 28.10 29.52 30.71 31.97
traj-57:
21.96 22.08 21.26 19.97 18.68 16.99 16.40 14.44 12.57
 1.20  2.19  4.00  4.18  4.09  4.34  4.46  4.30  4.03
traj-58:
23.43 22.73 22.78 22.89 22.72 22.88 22.85 23.02 23.06 23.03 23.20 23.28 22.13 21.02 19.11 17.93 16.67 14.85 14.13 13.71 14.38
 1.30  2.75  4.69  6.62  7.95  9.60 11.05 12.45 14.31 15.79 17.67 19.11 20.55 20.89 21.13 21.15 21.22 21.37 21.09 19.19 18.59
traj-59:
22.08 22.19 22.37 22.49 22.64 22.71 22.65 22.78 22.83 23.15 23.19 23.19 22.58 22.87 23.05 22.94 22.42 23.00 24.18 25.35 26.23 28.16 30.07 31.41 32.22 32.54 33.30 33.65 34.35 34.77 34.79
 1.34  2.16  4.08  6.06  6.79  8.64 10.49 11.26 13.05 14.49 16.20 18.09 19.86 21.27 23.16 24.29 25.96 26.11 26.28 26.40 26.49 26.23 25.73 25.32 24.15 22.74 21.32 20.58 18.84 17.10 16.80
traj-60:
23.78 23.25 21.94 21.37 20.97 19.48 17.73 17.18 15.64 14.32
 0.55  0.83  2.32  3.18  4.85  4.16  3.99  4.07  4.03  3.55
traj-61:
22.46 22.48 22.79 22.99 23.14 23.16 23.18 23.07 23.13 23.30 23.23 23.09 22.25 21.74 19.99 18.80 17.33 15.68 14.02 12.87 12.00 10.26
 0.66  2.62  4.54  6.26  7.39  9.11 10.53 12.41 13.82 15.56 17.54 19.26 20.88 21.08 21.57 21.49 21.40 21.55 21.74 21.88 21.98 21.95
traj-62:
23.69 23.42 23.33 23.29 23.14 22.94 23.10 23.12 23.31 23.32 23.30 23.30 23.15 23.08 23.19 23.53 24.52 26.26 28.14 28.67 28.62 28.75 28.68 28.88 29.00
 1.98  3.95  5.32  6.11  7.76  9.61 11.51 12.52 14.19 16.16 17.83 18.70 20.43 21.90 23.82 25.53 26.07 26.19 25.52 25.11 24.81 23.02 22.57 20.61 19.18
traj-63:
21.55 21.54 21.57 19.94 18.48 17.36 15.60 14.09 12.65
 1.24  2.53  3.95  4.94  4.90  4.88  4.90  6.19  7.19
traj-64:
22.60 22.62 22.68 22.69 22.64 22.46 22.88 23.36 23.45 23.48 23.47 23.42 23.22 23.13 22.13 20.45 18.74 18.14 16.26 15.97 14.17 13.63 11.75 10.39  9.68  7.72  6.51  4.60
 0.80  2.64  4.45  6.29  7.96  9.45 10.54 12.34 13.49 15.43 17.11 19.09 20.64 21.14 22.41 21.99 21.83 21.75 21.47 21.40 20.54 19.59 19.59 19.86 19.89 20.10 19.96 20.01
traj-65:
21.65 22.18 22.26 22.76 22.93 22.94 22.84 22.98 23.06 23.08 23.13 23.15 23.19 23.28 23.23 23.15 23.07 23.19 24.95 26.56 27.57 29.33 30.62 31.58 32.55
 1.46  3.35  3.64  5.43  7.23  7.62  9.54 10.91 12.87 14.05 15.33 16.22 18.11 19.43 21.39 22.47 23.81 25.29 26.20 26.45 26.55 25.93 25.54 23.97 23.44
traj-66:
21.67 22.41 23.07 22.66 21.28 19.34 17.89 16.15 15.86 14.13
 0.90  2.07  3.90  4.75  4.85  4.41  4.44  4.63  4.70  5.57
traj-67:
23.77 23.50 23.18 23.01 23.02 22.90 22.93 22.84 22.85 22.93 23.04 22.82 22.65 22.39 21.10 19.28 17.84 16.35 14.71 13.60 12.22 11.97 10.63 10.37
 0.87  1.96  3.83  5.82  7.44  8.41  9.67 11.66 12.87 14.60 16.08 17.79 19.21 21.06 21.56 21.57 21.54 21.34 21.09 20.53 19.37 19.07 17.84 17.68
traj-68:
22.57 22.44 23.05 23.02 22.97 22.92 22.96 23.10 23.23 23.04 22.87 22.71 22.72 22.52 22.67 22.72 22.27 23.55 25.30 27.02 28.19 28.66 29.30
 0.90  1.48  3.24  4.33  6.16  7.13  8.89 10.61 12.09 13.95 15.76 17.60 18.90 20.64 22.44 24.12 24.97 26.19 26.35 26.66 28.22 30.02 30.96
traj-69:
23.72 23.39 23.10 22.32 21.15 19.54 17.79 15.91 14.60
 1.83  3.14  4.53  5.94  4.85  4.17  4.48  4.74  5.65
traj-70:
22.92 22.91 23.09 23.33 23.50 23.75 23.85 23.87 23.86 23.87 23.76 23.73 23.64 22.72 22.56 20.96 19.01 17.35 15.56 14.40 12.67 11.28 10.47
 0.48  1.53  3.06  4.48  5.94  7.65  8.23  9.96 11.70 12.84 14.81 16.80 18.46 19.91 20.16 21.24 21.49 21.69 21.98 22.09 22.26 22.42 22.45
traj-71:
21.13 21.25 21.27 21.60 21.85 22.01 22.24 22.33 22.38 22.66 23.05 23.07 23.07 23.11 23.14 23.28 23.68 24.93 25.23 26.97 28.73 30.48 32.25 33.66
 1.23  2.16  3.91  5.87  6.85  7.87  9.56 11.03 12.14 14.09 16.01 17.95 19.13 20.82 22.59 24.44 25.35 26.16 26.13 26.09 26.72 27.13 27.51 27.93
traj-72:
21.63 21.55 21.10 19.37 18.02 16.22 15.19
 0.55  1.04  2.98  3.58  3.87  4.21  5.89
traj-73:
23.73 22.87 22.53 22.91 23.02 22.79 22.28 22.23 22.58 22.66 23.38 23.63 23.46 23.10 23.03 22.06 20.86 19.31 18.14 17.25 15.76 15.46
 0.98  2.23  3.97  5.45  7.15  7.93  9.16 11.04 12.88 13.17 14.31 15.46 16.94 18.89 19.18 20.73 21.48 21.51 21.53 21.63 22.03 22.07
traj-74:
21.71 21.92 22.04 22.20 22.22 22.23 22.29 22.33 22.13 22.19 22.55 23.06 23.32 23.22 23.19 23.20 23.20 23.31 24.79 25.63 27.05 27.94 28.12 28.12 28.62 28.82 29.13
 0.86  2.79  4.13  6.08  6.67  8.11  9.68 10.91 12.90 13.88 15.49 17.05 18.78 20.50 21.26 22.09 23.68 25.19 26.12 26.21 26.31 26.37 24.45 24.15 23.68 22.44 21.13
traj-75:
21.07 21.54 22.28 22.75 23.01 21.89 20.54 19.58 17.98 16.85 15.31 14.75 12.87 11.27  9.95  8.78
 0.85  1.61  2.80  3.22  4.03  5.64  4.33  4.11  4.45  4.68  5.65  6.27  5.86  6.08  5.30  3.94
traj-76:
22.32 22.24 22.34 22.50 22.58 22.79 22.85 22.67 22.80 22.93 23.03 23.09 23.21 22.79 22.37 20.79 18.82 17.08 15.92 14.49 12.85
 1.32  1.61  3.35  4.64  6.46  8.02  9.86 11.57 12.90 13.63 15.06 15.92 17.65 19.33 20.67 21.67 21.67 21.85 22.00 22.07 22.15
traj-77:
22.68 22.08 21.69 21.54 21.45 21.29 21.48 21.76 21.70 21.74 21.94 22.02 22.02 22.42 22.88 23.66 23.67 24.91 26.37 28.06 28.58 29.23 29.69 30.11 30.43 30.98 31.40
 1.82  3.73  4.98  6.58  7.27  9.06 10.77 12.57 14.52 16.16 17.73 18.48 20.26 21.08 22.98 24.80 25.25 26.17 26.20 25.46 24.35 22.91 22.07 20.68 19.42 17.63 15.68
traj-78:
23.50 22.71 21.36 19.46 18.05 16.44 14.83 13.89 12.34 10.38  8.92
 1.34  2.65  3.81  4.12  4.34  4.93  5.89  6.44  6.73  6.91  7.08
traj-79:
23.15 22.95 23.06 23.09 23.04 23.00 22.92 22.84 22.96 23.06 23.25 23.20 23.20 22.64 22.20 20.42 19.53 17.80 16.64 16.00 14.68 12.87 11.14  9.58
 1.97  3.52  5.13  6.02  7.17  8.61 10.37 11.94 12.93 14.09 16.06 17.94 19.67 21.34 21.74 21.33 21.26 21.19 20.59 20.18 19.29 19.23 19.44 19.69
traj-80:
21.26 21.83 22.30 22.67 22.96 23.00 23.14 23.05 22.91 23.12 23.29 23.28 23.44 23.53 23.59 23.84 24.71 26.47 28.12 29.06 30.16
 1.37  2.49  4.26  5.77  6.98  8.37 10.06 12.00 13.76 15.74 17.47 19.44 20.87 22.59 23.94 25.58 26.07 26.34 27.09 28.53 29.69
traj-81:
21.56 22.40 23.05 22.29 20.71 19.54 17.74 16.93 15.37 14.43
 0.85  2.23  3.58  5.36  4.45  4.00  3.42  3.30  3.34  4.84
traj-82:
21.17 21.22 21.58 21.65 21.89 22.08 22.42 22.92 22.98 23.35 23.54 23.42 23.32 22.52 21.47 20.17 18.38 17.50 15.58 13.62 11.98
 1.44  1.74  3.54  4.90  6.65  8.61 10.53 11.92 12.14 13.28 14.70 16.36 16.88 18.36 19.78 21.03 21.15 21.20 20.63 20.69 20.61
traj-83:
21.91 22.28 22.43 22.86 23.24 23.27 23.00 22.92 22.73 22.59 22.71 22.75 23.11 23.09 23.09 23.31 23.55 24.52 26.30 28.01 29.00 29.17 29.82 30.78 31.55
 0.85  2.41  3.00  4.71  6.12  8.08 10.03 11.92 13.23 15.01 16.85 17.15 18.90 20.75 21.69 23.63 25.60 26.13 26.07 25.28 24.33 23.28 22.24 20.51 18.70
traj-84:
23.04 21.91 20.25 19.47 17.74 15.98 15.13 14.84 12.85 11.94
 1.54  2.49  3.57  4.11  4.47  4.82  4.95  5.03  5.12  4.61
traj-85:
21.43 22.15 22.36 22.42 22.35 22.65 22.46 23.09 23.17 23.16 23.06 23.00 22.75 22.30 20.86 19.45 18.85 16.92 16.33 14.58 13.21 12.00 10.44 10.48
 1.55  2.66  4.54  5.22  6.96  8.89 10.65 11.96 12.54 14.50 16.08 17.71 19.49 21.19 21.74 21.86 21.85 21.90 21.86 21.75 21.61 21.34 20.14 18.35
traj-86:
22.67 22.88 23.35 23.36 23.15 22.96 22.96 23.08 23.23 23.40 23.61 23.55 23.46 23.36 23.32 23.30 23.23 24.71 25.86 26.73 28.37 30.09 31.23 32.65 33.70
 1.05  2.81  4.18  6.13  7.84  9.22 11.04 12.28 13.44 15.16 17.13 18.61 19.76 21.23 22.82 23.35 25.32 26.13 26.06 26.01 26.16 25.32 24.00 22.96 22.26
traj-87:
21.65 21.04 19.33 19.03 17.30 15.83 15.27 14.25 13.19 12.00
 1.81  3.39  4.42  4.49  4.70  5.66  6.33  7.80  8.80  9.48
traj-88:
22.81 22.00 22.40 23.00 22.93 22.93 22.93 22.88 22.86 22.80 22.91 22.98 23.08 23.08 23.00 21.55 19.93 18.80 17.93 16.26 14.83 14.23 13.07 12.17 10.57  9.30  7.89  5.96
 1.03  2.49  3.92  5.72  7.45  8.01  9.89 11.74 13.43 13.88 14.94 16.64 18.57 19.36 21.10 21.67 21.53 21.42 21.49 21.09 20.59 19.47 17.98 18.05 18.13 18.14 18.45 18.64
traj-89:
22.25 22.27 22.33 22.32 22.36 22.44 22.61 22.63 22.79 22.96 22.99 23.11 23.18 23.19 23.18 23.20 23.21 23.29 23.64 23.98 24.24 25.82 26.40 28.12 28.65 29.55
 0.77  1.93  3.35  4.15  5.66  6.87  8.82  9.70 11.59 13.55 13.84 15.19 16.05 18.05 19.20 20.32 22.24 23.55 25.34 25.98 26.13 26.50 26.63 25.80 25.28 24.27
traj-90:
21.88 22.74 23.01 23.21 21.97 20.65 18.80 17.40 16.32 14.69 13.03 11.14 10.62
 1.25  1.44  2.23  4.13  5.43  4.46  4.15  4.64  4.93  5.81  6.70  6.59  6.50
traj-91:
22.33 22.46 22.58 22.37 22.33 21.63 21.34 21.22 21.51 22.05 22.47 23.04 23.14 23.13 22.17 20.51 18.78 17.34 16.45 15.62 13.96 13.55 11.87 10.00  8.25
 1.13  1.82  3.57  5.54  6.77  8.57 10.36 11.21 12.25 13.85 15.37 16.85 18.77 20.45 21.61 21.71 21.67 21.65 21.64 20.50 19.44 19.07 18.64 18.44 19.12
traj-92:
23.28 22.74 22.28 22.72 22.45 22.74 23.09 23.38 23.38 23.44 23.28 23.27 23.27 23.04 23.04 22.69 22.92 24.81 26.27 27.14 28.72 29.32 29.86 30.74 31.80
 0.85  2.59  4.45  6.12  7.94  9.52 11.09 13.01 14.10 15.82 17.57 19.28 20.94 22.93 23.39 25.20 25.57 26.12 26.15 26.17 26.73 27.63 28.48 29.50 30.70
traj-93:
21.07 21.07 19.95 19.66 17.85 16.14 15.38 14.97 13.43 11.55  9.92  9.24  8.32  7.75
 1.80  2.10  3.42  3.49  4.15  4.96  6.24  7.00  7.23  7.87  7.32  6.41  5.24  4.30
traj-94:
21.36 21.79 22.40 22.54 22.98 23.03 22.98 22.99 22.91 23.08 22.95 22.59 22.84 23.16 22.19 21.83 20.55 18.82 17.08 16.26 15.21 13.67 12.04 10.30  8.63  7.39  6.23
 0.54  2.29  4.16  4.50  6.19  7.75  9.03 10.08 11.42 12.99 14.90 15.56 16.41 18.13 19.60 20.34 21.57 21.52 21.44 20.91 20.34 19.46 19.17 19.02 18.93 18.87 18.83
traj-95:
21.27 21.54 21.93 22.02 22.21 22.40 22.70 23.09 23.21 23.32 23.49 23.56 23.39 23.13 23.05 22.99 22.91 23.38 25.00 25.86 27.22 28.76 30.50 31.34
 0.56  1.94  3.71  4.60  6.12  7.13  8.80 10.52 11.97 13.39 15.33 16.77 17.64 18.77 20.57 22.21 23.58 25.25 26.26 26.38 26.62 27.44 28.18 29.73
traj-96:
22.36 22.10 21.98 20.95 19.25 17.57 15.99 14.90 12.93 12.47
 0.95  2.35  3.96  4.63  4.07  4.17  4.52  5.55  5.21  5.03
traj-97:
22.92 22.80 22.40 22.82 22.77 22.85 22.54 22.20 21.95 22.20 22.03 21.79 22.53 22.96 23.17 22.49 20.51 18.56 16.59 14.61 13.25 11.83 10.50
 0.77  1.73  3.47  4.44  6.22  6.68  8.40  9.92 11.76 13.36 13.90 15.75 17.49 18.67 19.43 21.16 21.32 21.21 21.24 21.20 21.23 21.47 21.78
traj-98:
21.22 21.65 21.83 22.11 22.42 22.74 22.84 22.80 22.85 22.92 22.94 22.88 22.87 22.98 23.50 23.65 24.51 25.65 26.54 28.20 29.12 29.46 29.34 29.49 29.40 29.52 29.50 29.49
 1.95  3.78  5.34  7.16  8.67 10.53 12.16 13.73 15.08 16.65 18.62 20.12 21.47 23.18 24.90 25.64 26.08 26.04 26.03 25.39 23.68 21.74 20.42 18.69 17.17 15.22 13.37 11.91
traj-99:
21.71 22.29 22.55 22.82 22.23 20.79 20.56 18.70 16.76 15.31 13.69 12.14 12.04 10.59  9.31  7.99  7.09  6.23  5.61
 1.42  2.25  3.43  5.33  5.98  4.71  4.52  4.09  4.44  4.80  5.71  6.91  7.19  8.19  8.09  6.99  5.96  4.46  3.54
traj-100:
21.82 21.64 21.39 21.80 22.23 22.55 22.66 23.05 23.09 23.09 22.00 21.51 21.80 22.15 22.67 21.06 20.60 18.89 17.17 16.18 15.93 15.78 13.98 12.55 11.08  9.14
 1.11  3.02  4.81  5.60  7.52  9.09  9.87 11.59 13.07 14.49 16.05 16.74 18.71 19.18 20.51 21.63 21.55 21.34 21.09 20.43 20.27 20.39 20.76 20.96 21.11 21.39
traj-101:
21.91 22.10 22.38 22.73 22.87 23.11 23.19 23.29 23.42 23.41 23.19 22.68 22.32 22.04 21.49 21.30 21.10 21.31 22.18 23.82 25.25 26.99 28.78 30.57 32.56
 1.18  2.61  4.19  5.94  7.31  9.21 10.10 11.26 12.40 13.56 14.67 15.90 16.83 18.61 20.44 21.37 22.81 23.49 25.08 26.18 26.25 26.65 26.14 25.72 25.54
traj-102:
23.35 21.95 20.54 19.38 18.13 16.59 15.74 14.84 14.42 12.59 11.59 10.94  9.39  8.85  7.28
 1.99  2.96  3.51  3.77  4.03  4.76  5.27  6.61  7.39  7.82  7.24  6.65  5.54  5.30  4.49
traj-103:
22.88 22.69 22.39 22.51 22.62 22.90 22.90 22.97 22.95 23.01 23.02 22.58 21.76 21.03 19.06 17.58 15.86 14.72 13.65 11.95 10.14
 1.44  2.92  4.77  6.65  7.68  9.37 11.26 12.86 13.99 15.33 17.28 19.15 20.97 21.35 21.46 21.37 20.72 20.35 20.08 19.63 19.41
traj-104:
22.82 22.73 22.92 22.97 23.00 23.15 23.35 23.20 23.16 22.93 22.84 22.96 22.93 22.24 21.50 21.98 22.87 23.32 24.07 24.65 26.44 27.31 28.78 30.13 31.11 32.24 32.34
 1.13  2.94  4.69  6.13  7.26  8.39  9.53 11.41 11.93 13.87 15.75 17.70 18.22 19.77 20.75 22.55 24.16 25.66 26.09 26.08 26.08 26.02 25.20 23.84 22.64 21.01 19.47
traj-105:
21.77 21.53 21.11 21.00 19.47 17.68 16.23 15.05 13.06 11.40  9.91  9.36
 1.89  2.57  3.00  4.84  4.17  3.55  3.75  3.92  4.09  4.60  4.72  4.74
traj-106:
23.20 22.74 22.56 22.74 22.80 23.17 23.08 23.06 23.15 23.40 23.63 23.57 23.32 23.19 22.00 20.16 18.40 17.24 16.46 14.65 12.92 11.39 10.43
 1.55  3.27  5.12  6.86  7.15  9.12  9.63 11.45 12.04 13.49 15.21 16.63 18.38 19.54 21.10 21.67 21.40 21.14 20.68 20.11 20.29 20.79 21.00
traj-107:
21.59 21.61 21.73 21.76 21.71 21.69 21.79 22.16 22.23 22.47 22.66 22.84 23.13 23.00 22.58 22.26 22.22 23.84 25.60 27.37 28.76 29.15 29.45 29.64 30.06 30.32 30.80 31.02 31.47 32.06
 1.50  2.96  4.90  6.02  8.00  8.72 10.71 12.61 13.45 15.05 15.77 17.43 18.96 20.70 22.64 24.53 25.23 26.21 26.31 26.43 25.08 23.89 22.62 21.74 20.30 19.41 17.65 16.69 15.31 13.68
traj-108:
22.82 23.49 23.32 22.39 22.24 21.11 19.35 18.77 17.05 16.76 15.46 14.98 14.04 12.13 11.70 10.12  8.77  7.14
 1.67  3.36  4.77  6.05  5.79  4.52  4.28  4.42  4.74  4.82  5.50  5.85  6.55  6.96  6.77  6.28  5.82  5.30
traj-109:
21.86 21.88 21.93 21.99 22.27 22.58 22.97 23.29 23.48 23.62 23.59 23.41 22.65 22.00 20.54 19.38 17.62 16.51 15.04 14.20 12.29 10.49  9.82
 1.20  2.07  3.89  5.15  7.09  8.88 10.42 12.39 13.55 14.72 16.63 18.01 19.42 20.76 21.90 21.85 21.73 21.65 21.34 21.07 20.91 21.66 21.62
traj-110:
21.67 21.77 21.83 21.90 21.97 21.98 22.24 22.38 22.39 22.35 22.62 23.11 23.25 23.36 23.44 23.48 23.48 23.43 23.31 24.09 25.27 27.06 28.85 30.55 30.89 32.38 33.90 34.10
 0.56  2.15  2.98  4.58  6.07  7.08  8.72 10.61 11.02 12.91 14.14 15.86 16.84 18.29 19.77 21.75 22.34 24.32 25.59 26.03 26.10 26.10 25.77 25.48 25.45 26.51 26.49 26.71
traj-111:
22.78 22.47 22.00 21.72 19.86 19.16 17.47 16.03 14.14 13.55
 0.44  1.45  2.76  3.53  4.18  4.15  4.38  4.71  4.71  3.70
traj-112:
21.93 22.68 22.98 22.94 22.91 22.91 22.83 22.67 22.90 23.20 23.34 23.61 23.86 23.80 23.19 21.94 20.39 18.95 17.76 16.17 14.58 13.65
 0.58  1.64  3.50  4.34  6.00  7.62  9.40 11.15 12.71 14.35 15.14 16.65 18.36 19.24 21.09 22.46 21.26 21.11 21.03 20.22 19.11 18.42
traj-113:
23.50 23.35 22.94 22.47 22.63 22.64 22.93 22.48 22.59 22.76 22.86 23.05 22.89 22.85 22.79 22.92 22.43 22.30 22.25 23.16 24.59 26.05 26.60 28.39 30.05 30.88 32.55 33.98 34.80
 0.79  1.73  3.10  5.02  6.84  7.77  9.25 10.57 11.65 12.91 13.64 15.33 16.94 18.52 20.07 21.39 23.29 24.66 25.56 26.17 26.16 26.17 26.15 26.87 27.76 27.95 28.25 28.58 27.00
traj-114:
21.26 21.45 21.38 19.44 19.15 17.43 16.59 14.84 13.45
 1.10  2.49  3.85  4.30  4.39  4.60  4.65  5.14  4.09
traj-115:
23.49 23.44 23.30 23.21 23.06 22.98 22.89 23.05 22.72 22.64 22.83 23.14 23.20 23.34 23.34 22.95 21.42 20.61 18.91 17.16 16.15 14.75 13.61
 1.46  2.84  4.44  5.31  6.71  8.25  9.72 11.43 13.17 13.57 14.41 16.09 16.67 18.61 19.67 21.52 21.50 21.37 21.24 21.13 21.09 21.01 20.97
traj-116:
21.21 21.47 21.64 21.80 21.89 21.88 21.79 22.09 22.17 22.64 23.06 22.19 21.73 21.75 22.02 22.19 22.61 22.69 22.52 22.42 24.11 24.69 26.16 27.04 28.07 28.24 28.32
 1.72  2.50  3.96  4.72  6.28  7.74  8.30  9.78 10.31 11.89 13.02 14.70 16.52 17.37 18.53 20.24 21.58 22.72 24.09 25.73 26.26 26.40 26.56 26.67 28.29 29.35 30.92
traj-117:
21.86 21.23 20.85 19.57 17.82 16.93 15.31 14.55 14.00 12.46 11.44  9.79  7.91  7.14
 1.51  3.39  3.56  4.80  4.94  4.98  5.95  6.81  6.88  7.25  7.15  7.04  6.52  6.34
traj-118:
21.47 21.30 21.32 21.37 21.38 21.36 21.29 21.31 21.25 21.21 21.21 21.18 21.23 21.20 20.97 19.20 18.02 16.53 14.76 13.53 11.81
 0.99  2.98  3.89  5.31  6.57  7.56  9.40 11.03 12.89 13.45 15.32 17.19 17.93 19.23 20.63 21.43 21.37 21.31 20.87 20.58 20.19
traj-119:
23.20 23.07 22.94 22.77 22.82 22.87 22.95 23.00 23.04 23.13 23.34 23.34 23.27 23.19 23.10 23.42 23.82 24.06 25.53 26.67 28.44 30.38 32.23 32.72
 1.49  3.45  5.08  7.03  8.41  9.76 11.74 13.55 15.27 15.68 17.15 19.10 20.45 22.41 23.52 25.42 25.99 26.17 26.16 26.18 26.27 26.30 26.19 26.26
traj-120:
23.76 22.84 21.37 20.03 18.09 16.66 14.89 14.38 14.04 12.15 10.74
 1.90  3.17  4.24  4.46  4.92  4.87  5.80  7.69  8.18  8.81  8.76
traj-121:
21.98 22.09 22.60 23.34 23.44 23.54 23.55 23.56 23.54 23.21 23.11 22.70 22.61 22.34 21.64 20.13 18.98 17.55 15.89 14.11 12.99 11.36 11.09
 1.08  1.66  3.58  5.42  6.58  8.32 10.09 11.17 12.56 14.25 14.78 16.66 18.53 20.36 20.47 21.02 21.18 21.24 20.80 20.05 19.66 18.99 18.87
traj-122:
21.67 21.62 22.14 22.54 23.14 23.18 23.14 23.15 23.11 23.13 23.18 23.12 22.99 22.68 22.32 22.98 23.22 22.19 23.86 25.04 26.78 28.54 30.18 31.02 31.95 32.59 32.75
 1.83  2.66  4.59  5.92  7.52  8.39 10.33 12.00 13.67 15.35 16.21 17.87 18.76 20.26 21.20 22.90 23.44 25.02 26.06 26.10 26.36 26.35 25.24 24.65 23.02 21.47 20.32
traj-123:
21.16 20.72 19.37 17.67 17.09 15.31 13.67 11.86 10.04  9.53
 1.92  3.54  4.09  4.46  4.54  4.84  5.69  5.44  5.00  4.71
traj-124:
21.11 21.55 22.06 22.41 22.74 22.90 23.01 22.58 22.02 21.77 22.16 23.08 22.93 22.11 21.67 19.92 19.33 17.85 16.10 15.10 13.15 11.67 10.24  9.13  7.68  6.07
 0.82  1.94  3.28  4.70  6.21  6.84  8.68 10.46 12.25 14.20 15.18 16.68 18.59 19.91 20.65 21.38 21.32 21.32 21.36 21.53 21.69 21.77 21.83 21.88 21.92 22.23
traj-125:
23.17 22.66 22.26 22.57 22.68 23.19 23.23 23.24 23.26 23.10 22.38 21.90 21.71 22.05 22.76 22.96 23.56 24.33 25.19 26.91 28.46 29.76 31.29 32.85 33.75 34.01
 1.95  3.59  5.11  7.09  7.48  9.03 10.71 12.47 14.40 16.08 17.92 19.36 19.82 21.75 23.59 24.81 25.72 26.15 26.34 26.52 26.51 27.55 28.70 29.72 30.59 31.08
traj-126:
23.74 23.29 21.95 20.27 18.48 18.03 16.95 15.36 15.09 13.61 11.85 10.70
 0.82  1.64  2.99  3.27  3.62  3.74  3.92  4.67  4.80  5.95  6.87  5.43
traj-127:
22.96 22.98 22.95 23.05 22.86 22.64 22.45 22.16 22.31 22.60 22.98 23.15 22.53 21.18 20.04 18.28 17.12 15.41 13.43 11.72  9.93
 1.19  3.02  3.32  5.21  7.12  8.98 10.10 10.96 12.89 14.18 15.77 17.44 19.25 20.58 21.68 21.62 21.48 21.39 21.11 21.49 22.07
traj-128:
23.47 23.40 23.29 23.05 23.26 23.36 23.38 23.16 22.60 21.73 21.62 21.71 21.71 21.76 21.80 21.99 22.26 22.26 23.96 25.41 26.85 28.20 28.81 29.46 30.02 31.27 32.28 32.95 34.10 34.16
 1.84  2.67  3.90  5.60  6.77  7.35  9.11 11.08 12.02 13.62 15.47 17.02 17.91 19.44 20.84 22.75 24.56 25.91 26.41 26.64 26.85 26.28 25.86 24.18 23.62 22.30 20.61 19.46 18.08 17.78
traj-129:
22.26 22.15 21.50 20.30 18.42 17.27 15.83 14.05 12.33 10.65  8.92  7.43  6.12
 1.15  2.53  3.81  4.47  4.87  4.82  4.70  5.44  5.31  4.64  4.79  4.34  3.72
traj-130:
21.80 21.94 22.31 22.52 22.86 22.93 22.03 21.89 22.48 22.95 22.74 22.41 22.18 21.84 20.22 18.48 17.62 15.95 15.41
 1.29  2.89  4.83  5.67  7.08  8.23  9.86 11.65 12.81 14.71 16.15 17.68 18.66 20.07 21.22 21.26 21.28 22.03 22.10
traj-131:
21.34 21.79 22.42 23.06 23.06 23.13 23.05 23.17 23.06 23.05 23.10 23.32 23.48 23.70 23.60 23.34 23.11 22.97 22.53 24.18 25.28 27.05 28.12 29.58 29.95 30.57 31.12 31.90 32.80 33.69 34.63 34.82
 1.04  1.28  2.84  4.55  6.51  7.56  9.13 10.29 11.94 12.39 14.28 15.34 16.19 17.63 19.36 20.74 22.35 23.78 25.58 26.15 26.08 26.00 25.70 25.29 24.05 22.19 21.91 20.11 18.43 16.68 15.03 14.46
traj-132:
22.62 22.02 20.94 20.21 19.18 18.04 16.40 14.50 12.86 11.77  9.91  9.12  8.56
 1.72  2.16  3.08  3.59  4.07  4.36  4.90  5.46  6.07  6.51  6.55  4.79  3.52
traj-133:
22.94 23.15 22.22 22.28 22.64 22.84 23.07 23.06 23.09 23.21 22.87 22.42 22.19 22.01 22.71 22.96 21.08 19.27 18.10 16.69 15.00 14.22 12.51 11.71  9.92  9.63
 1.34  1.90  3.59  4.26  6.07  7.90  9.54 10.62 12.38 13.84 15.75 16.57 16.76 18.62 20.25 21.11 21.62 21.34 21.17 21.02 20.25 19.63 19.77 20.05 20.48 20.54
traj-134:
22.35 22.59 22.85 23.14 23.28 23.26 23.23 23.11 23.07 23.06 23.10 23.15 23.15 23.17 23.11 23.10 23.07 23.07 22.90 23.74 24.89 25.75 26.61 28.20 29.74 31.20 31.78
 1.63  2.72  4.05  5.68  6.24  8.21  8.51 10.27 12.18 13.84 14.59 16.30 17.46 18.31 20.00 21.58 23.51 24.09 25.99 26.31 26.49 26.62 26.78 26.36 26.04 25.28 25.27
traj-135:
21.82 21.99 20.69 18.76 18.47 16.55 15.64 14.90 14.27 12.76 11.14
 1.91  3.43  4.45  4.26  4.31  4.69  5.34  5.84  6.32  7.43  7.90
traj-136:
22.79 22.85 22.93 22.75 22.72 22.50 22.39 22.05 21.52 22.00 22.57 23.02 23.23 23.34 23.00 21.61 20.35 18.90 17.76 16.61 15.74
 1.31  3.15  4.68  6.31  6.91  8.63  9.28 10.97 12.89 14.37 15.98 17.66 18.52 18.80 20.53 20.76 21.09 21.16 21.22 21.28 21.28
traj-137:
21.32 21.51 22.07 22.16 22.38 22.64 22.90 23.40 23.55 23.64 23.59 23.55 23.44 23.42 23.17 22.90 22.54 21.32 22.94 23.53 24.96 25.82 27.27 27.87 29.40 30.75
 1.60  3.45  5.31  6.07  7.13  8.50  9.52 11.45 13.10 14.26 15.66 16.53 18.18 19.01 20.63 22.52 24.25 25.29 26.31 26.42 26.59 26.75 26.93 27.00 26.73 26.28
traj-138:
21.41 21.33 20.63 19.01 17.05 15.37 13.73 12.31 10.62  9.11  7.63
 1.30  1.59  3.39  4.09  4.45  5.38  6.38  7.33  7.99  7.74  7.06
traj-139:
22.80 22.71 22.76 22.90 23.09 23.24 23.40 23.53 23.52 23.48 23.40 23.30 23.26 22.04 21.03 19.25 18.66 16.70 14.99 13.49 12.08 10.46  8.49  6.53  6.23
 1.67  2.99  4.87  6.06  7.34  9.04 10.29 11.99 12.29 14.27 16.22 17.67 18.94 20.39 20.69 21.17 21.19 21.28 20.92 20.58 20.38 20.28 20.03 19.77 19.74
traj-140:
22.57 22.55 22.59 22.60 22.51 22.45 22.55 22.13 22.62 22.81 23.07 23.32 23.29 23.29 23.20 23.24 23.58 24.84 26.01 27.21 28.11 28.13 28.14 28.26
 0.88  1.75  3.64  5.21  7.14  8.83 10.09 11.98 13.60 14.60 16.05 17.49 19.43 20.35 22.26 23.40 25.23 26.08 26.04 26.03 27.76 29.54 30.40 32.10
traj-141:
23.78 22.18 20.41 19.26 18.24 16.62 16.05 15.81 14.05 13.36
 1.77  2.65  3.42  4.05  4.36  4.76  4.91  5.08  5.95  6.61
traj-142:
23.77 23.12 22.93 22.31 22.30 22.28 22.22 22.13 21.90 22.46 22.96 22.95 22.64 22.19 21.77 21.53 20.48 19.32 18.18 16.71 14.91 12.97 11.19  9.36  7.59
 1.51  2.91  3.61  5.49  5.72  6.02  7.84  8.83 10.41 12.23 13.83 14.90 16.68 18.26 19.99 21.59 21.70 21.82 21.87 21.72 21.72 21.72 21.81 21.82 22.26
traj-143:
22.54 22.70 22.89 22.88 22.97 23.01 23.11 23.11 23.11 23.23 23.18 23.16 23.10 23.12 23.07 23.04 23.01 23.02 22.95 23.08 23.49 24.27 24.85 26.29 27.43 29.15 30.03 32.00 33.86 34.04
 0.52  1.68  2.98  4.55  5.89  6.59  7.31  8.60  9.61 11.25 13.19 14.03 15.73 16.03 17.93 18.52 19.94 21.87 22.66 24.08 25.69 26.10 26.13 26.16 26.23 26.07 25.98 25.87 25.70 25.93
traj-144:
23.80 22.48 21.09 19.42 18.28 17.13 15.66 14.82 13.63 11.71 10.92
 1.32  2.28  3.29  3.92  3.95  4.00  4.10  4.16  4.26  4.79  6.07
traj-145:
23.79 23.72 23.63 23.36 23.23 22.97 22.97 22.91 22.85 22.87 22.94 23.09 22.67 22.24 21.17 19.40 18.81 17.35 15.94 14.08 12.96 11.02 10.33  8.91
 1.47  2.97  3.79  5.62  6.72  8.53  9.82 11.77 13.54 15.40 16.45 18.42 20.36 22.02 21.95 21.92 21.93 21.92 21.89 21.93 21.91 21.75 21.78 21.84
traj-146:
23.66 23.10 23.17 23.28 23.40 23.55 23.52 23.56 23.48 23.44 23.40 23.40 23.37 23.27 23.15 23.10 23.00 23.87 24.13 25.45 26.32 28.01 28.90 30.30
 1.83  3.40  4.43  5.60  7.33  9.31 11.05 12.21 14.13 15.20 16.57 17.72 19.47 20.63 21.69 23.38 24.14 25.94 26.09 26.24 26.45 25.83 25.14 24.01
traj-147:
21.17 21.47 20.34 18.44 16.79 15.80 14.99
 1.82  3.79  4.23  4.29  4.63  5.77  7.59
traj-148:
22.29 22.92 23.35 23.64 23.32 23.10 22.90 22.81 22.86 22.97 22.86 22.12 21.28 21.20 19.34 17.57 16.68 15.02 14.00 12.22 11.67  9.94
 0.77  2.39  4.11  5.85  7.76  9.39 11.01 12.87 13.44 15.19 17.00 18.34 19.94 20.83 21.40 21.44 21.44 21.17 21.04 20.86 20.79 20.41
traj-149:
21.15 21.75 22.22 22.67 22.75 22.62 22.49 22.51 22.52 22.61 22.84 23.19 23.18 22.99 22.68 22.53 22.36 22.29 23.95 24.24 25.95 27.40 28.71 29.29 30.18 30.71 30.72
 1.06  2.66  4.06  5.61  7.12  9.06 10.43 11.14 11.96 13.53 15.50 16.33 18.25 20.23 21.38 23.26 25.04 25.87 26.37 26.44 26.80 26.76 26.10 24.32 23.01 21.19 19.28
traj-150:
23.38 23.17 22.57 22.45 20.79 19.05 17.08 16.79 14.98 13.47 12.27 12.06 12.71
 0.97  1.18  2.91  3.64  4.73  4.02  4.33  4.39  5.24  6.49  7.54  9.12  9.99
traj-151:
21.21 21.85 22.06 22.16 22.38 22.38 22.23 22.32 22.53 22.23 23.01 23.08 22.67 22.22 20.60 19.71 17.96 17.38 15.65 14.96 13.35 12.14 10.94  9.49  7.73  6.13
 1.66  2.66  4.42  5.50  7.37  8.24  9.75 11.31 12.74 14.28 16.05 17.71 19.46 20.93 21.55 21.62 21.72 21.74 21.61 20.33 19.29 17.81 17.75 17.77 17.74 17.66
traj-152:
21.28 21.63 22.09 22.43 22.26 22.05 22.05 22.30 23.10 23.30 23.45 23.35 23.30 22.11 21.34 21.33 21.62 22.14 23.49 24.35 26.12 27.25 28.61 29.03 29.89 30.47
 1.88  3.70  5.21  6.33  7.90  9.74 11.67 12.22 13.93 15.39 16.24 18.22 19.11 20.61 21.22 22.49 23.88 25.76 26.10 26.11 26.13 26.13 27.52 28.58 29.82 31.13
traj-153:
23.11 22.74 21.51 20.08 18.51 17.09 16.82 15.22 14.97 13.44 12.32 11.62
 1.29  2.07  3.48  3.38  3.46  3.56  3.90  4.90  5.06  6.19  7.50  8.50
traj-154:
23.33 23.02 22.94 22.92 23.07 23.08 22.88 22.69 22.32 22.13 21.80 22.42 22.20 21.69 20.00 18.53 16.84 15.38 13.58 11.96 10.56
 0.97  2.53  3.09  4.66  5.67  7.66  8.95 10.04 11.96 13.83 14.99 16.74 18.56 20.47 21.12 21.09 21.07 21.01 21.31 21.85 22.70
traj-155:
21.63 21.68 21.78 22.00 22.19 22.40 22.66 22.72 23.00 22.97 22.78 22.94 22.96 23.01 23.14 23.08 22.81 23.36 24.66 25.54 27.28 28.56 30.36 31.46
 0.60  1.63  2.72  4.56  5.63  7.00  8.64  9.64 11.56 13.14 15.11 16.60 18.40 18.99 20.40 22.13 23.74 25.34 26.00 26.20 26.11 26.11 25.99 26.41
traj-156:
22.21 21.81 21.69 19.76 19.46 17.53 16.12 14.67 13.80 12.61 12.05 11.07  9.61  7.94  7.17  5.68
 1.44  3.21  3.61  4.00  4.01  4.03  4.27  5.14  5.72  6.55  6.89  7.39  8.28  7.44  6.60  5.57
traj-157:
22.06 22.67 22.70 22.94 22.97 22.94 22.96 22.39 22.17 21.34 21.98 22.80 23.10 23.25 22.37 21.06 19.41 17.67 15.94 14.24 13.40
 0.95  2.53  4.33  6.19  7.27  8.35  9.72 10.98 11.18 12.49 14.15 15.93 17.04 18.72 19.95 21.04 21.22 21.37 22.13 22.51 22.55
traj-158:
23.36 23.30 23.12 23.16 23.15 22.96 22.70 22.38 22.06 21.39 21.50 21.71 21.68 21.61 21.98 22.37 22.83 22.97 23.23 24.88 25.47 27.22 28.65 28.76 29.52 30.27 32.04 32.88 34.23 34.67
 1.74  1.97  3.87  4.49  5.20  7.18  8.37 10.00 11.22 12.23 13.36 14.88 16.67 17.78 19.00 20.93 22.52 23.90 25.40 26.38 26.42 26.50 27.67 28.78 29.90 30.35 31.21 31.60 30.20 28.80
traj-159:
23.40 21.48 21.20 19.43 18.55 17.06 15.18 14.26 12.38 11.44 10.65  9.41  8.44  6.58  6.34
 1.97  2.37  2.47  3.30  3.34  3.41  3.64  3.78  3.77  4.46  6.23  7.67  7.67  7.34  7.16
traj-160:
22.91 22.71 22.48 22.33 22.18 22.09 22.44 22.78 23.07 23.14 22.73 22.50 22.33 21.59 21.27 20.46 18.75 17.02 15.23 13.59 12.99
 1.17  2.81  4.55  5.64  6.72  8.50 10.26 11.42 13.14 14.03 15.81 16.78 18.75 20.15 20.63 21.41 21.70 21.83 22.53 22.62 22.64
traj-161:
21.52 21.44 21.59 21.79 22.28 22.71 23.23 23.08 22.91 22.58 22.16 22.07 22.18 22.76 23.25 23.35 23.39 22.88 24.70 25.57 27.33 28.79 30.45 32.19 33.98
 1.90  2.93  4.44  5.92  7.39  8.73 10.49 11.67 13.16 14.41 16.14 18.08 18.37 19.81 21.18 22.76 23.62 25.53 26.09 26.14 26.21 26.01 25.36 24.63 23.90
traj-162:
22.95 22.52 22.03 21.20 20.25 18.84 17.59 16.99 15.30 14.85 13.51 12.56 10.92  9.37  8.65  7.21  6.96
 0.53  1.12  1.59  2.64  3.86  4.71  4.92  4.92  5.83  6.58  7.70  7.84  7.56  6.59  6.07  5.10  4.94
traj-163:
23.35 23.22 22.92 22.82 22.80 22.79 22.61 22.49 22.22 21.95 21.73 21.48 21.25 20.91 20.10 18.93 18.07 16.67 15.06 13.73 13.45
 1.56  2.14  3.92  4.99  6.57  8.45 10.21 11.04 12.99 14.63 15.77 16.99 18.55 20.52 21.32 21.38 21.46 21.63 20.97 19.68 19.31
traj-164:
23.01 23.04 23.09 23.12 22.88 22.60 22.15 21.69 21.84 22.49 22.93 23.34 23.38 23.35 23.11 22.61 23.47 23.72 25.10 25.95 27.44 28.62 30.25 31.20 31.73 31.88 33.05 33.48 34.61 34.56
 1.90  3.32  4.50  6.18  8.10  9.09 10.64 12.03 14.00 15.82 17.05 18.42 19.28 21.21 22.57 24.41 25.95 26.11 26.06 26.04 26.00 25.83 25.23 23.74 21.87 21.30 19.82 19.31 17.69 16.79
traj-165:
23.49 23.02 21.71 19.78 18.48 17.32 16.43 14.97 14.07 13.37 11.68 11.01  9.21  7.48  5.99
 1.42  3.26  4.65  4.14  4.10  4.26  4.39  5.36  6.19  6.66  5.99  5.86  5.40  4.78  3.83
traj-166:
23.11 22.99 22.84 22.70 22.54 22.32 22.23 22.33 22.85 23.25 23.53 23.75 22.96 21.49 20.47 18.74 17.55 15.79 15.10 13.63 12.21 10.51  9.65  8.21  6.30  5.95
 1.26  2.81  4.80  6.23  7.65  9.39 11.32 13.30 15.13 17.02 18.42 20.12 21.59 21.73 21.72 21.77 21.77 21.59 21.58 21.35 21.34 21.21 21.10 20.87 21.08 21.32
traj-167:
21.34 21.73 22.05 22.60 23.07 23.33 23.39 23.36 23.12 22.82 23.08 23.06 23.07 23.05 23.08 23.12 23.13 23.14 22.93 24.45 26.21 27.97 29.80
 0.87  1.86  2.95  4.72  5.93  7.64  8.20 10.13 10.98 12.70 14.51 15.66 17.52 18.56 20.52 22.22 22.52 24.36 25.78 26.21 26.12 26.04 26.14
traj-168:
22.01 22.19 22.24 20.61 18.89 16.92 15.30 13.71 13.17 11.48  9.76  8.37  7.43
 0.80  2.43  3.80  4.64  4.24  4.32  4.74  5.23  5.47  6.05  6.71  7.62  8.18
traj-169:
22.37 22.43 22.50 22.65 22.69 22.70 22.80 22.64 22.12 21.73 22.23 23.02 22.29 21.41 20.07 18.32 16.55 14.93 13.51 12.14 10.15  8.75  7.38  6.27
 0.40  1.93  3.47  5.38  6.90  8.80 10.78 11.79 13.51 15.42 16.16 17.81 19.38 20.46 21.28 21.25 21.17 20.79 20.67 20.51 20.43 20.39 20.38 20.33
traj-170:
21.45 21.89 22.30 22.31 22.75 22.65 22.58 22.71 22.79 23.04 23.02 22.94 23.07 23.12 23.16 23.17 23.20 23.02 24.43 26.19 28.00 28.37 28.84 29.27 30.03 30.38 30.71 31.13 31.37 31.68
 2.00  3.58  5.50  5.67  7.62  9.19 10.89 12.13 13.25 14.29 14.85 16.72 18.43 19.53 20.92 22.65 23.85 25.28 26.17 26.15 25.46 25.02 24.62 23.19 21.66 20.22 18.34 16.69 15.78 14.55
traj-171:
22.86 23.11 23.28 23.41 22.36 22.03 21.43 20.37 19.32 17.32 16.74 15.09 14.25 12.59 11.95 10.90  9.48
 1.40  2.99  4.40  5.56  7.11  6.22  5.21  4.05  4.01  3.95  4.08  4.53  4.91  6.01  7.12  8.45  9.40
traj-172:
22.13 22.27 22.63 22.84 23.03 23.11 23.18 22.91 22.94 22.92 23.25 23.16 23.30 23.24 23.11 22.03 21.60 20.29 18.55 17.36 16.11 14.23 12.84 10.93  9.09  8.77  7.11  5.28
 0.98  2.13  3.99  5.97  7.19  8.45  9.50 11.45 12.45 13.83 15.61 17.54 18.53 20.51 21.10 22.49 22.13 21.35 21.27 21.37 21.28 20.70 20.48 19.99 19.67 19.33 18.79 18.23
traj-173:
23.45 23.27 23.41 23.35 23.07 22.55 21.79 22.04 22.78 22.98 23.08 23.14 23.20 23.43 23.49 23.27 23.19 24.59 26.31 28.23 29.66 30.78 31.17 31.27 31.58 31.70
 0.91  2.72  4.16  6.07  7.07  8.90 10.70 11.14 12.78 14.38 15.25 16.99 18.67 20.41 22.38 23.22 25.13 26.00 26.26 26.01 25.58 25.28 24.15 22.41 20.78 19.70
traj-174:
22.35 21.10 19.71 18.56 16.84 15.49 14.88 13.17 11.71 11.49
 1.95  3.19  4.16  4.41  4.80  5.95  6.89  7.47  6.30  6.10
traj-175:
22.76 22.80 22.89 22.97 22.92 22.87 22.92 23.09 22.82 23.15 23.33 23.46 23.41 23.37 23.33 23.30 22.14 21.37 19.60 17.83 16.69 16.40 14.47 13.48 11.77 10.69  9.15
 0.43  1.78  3.23  5.07  6.91  8.03  9.80 11.01 12.97 14.37 15.24 16.98 18.15 19.00 20.68 22.16 23.67 22.68 21.94 21.91 21.86 21.16 20.73 20.45 19.96 19.58 19.03
traj-176:
22.48 22.54 22.70 22.86 22.98 23.34 23.46 23.23 22.92 23.24 23.49 23.56 23.55 23.48 23.30 23.19 23.14 22.53 23.71 25.45 27.19 28.07 30.00 31.66
 1.97  3.25  4.79  5.92  6.65  8.22  9.64 11.62 13.07 14.87 16.60 17.19 19.14 19.73 21.63 22.50 23.67 25.55 26.35 26.41 26.29 26.19 26.29 26.50
traj-177:
21.28 20.69 19.68 18.66 17.23 16.35 14.60 13.75
 1.31  3.22  3.67  3.90  4.24  4.41  4.52  4.32
traj-178:
21.06 21.51 21.99 22.30 22.79 22.90 23.10 23.10 23.11 23.10 23.02 23.05 22.96 22.15 21.57 19.62 18.76 17.02 15.57 13.90
 1.46  3.30  4.88  6.05  7.95  8.35 10.01 11.48 12.24 13.72 15.64 17.63 19.56 20.83 21.33 21.69 21.67 21.59 21.47 20.54
traj-179:
21.74 21.83 21.99 22.18 22.27 22.25 22.37 22.45 22.59 22.65 22.54 22.49 22.22 22.18 22.59 23.04 23.04 23.13 23.27 23.26 22.82 24.65 25.51 26.67 28.42 29.36 30.55 32.46 33.63 34.45
 0.78  1.81  3.68  4.68  6.17  6.93  8.30  9.02 10.43 12.22 13.97 14.56 16.32 16.85 17.93 19.77 20.07 21.87 23.62 23.92 25.73 26.42 26.61 26.89 27.32 27.55 27.93 28.51 28.73 27.57
traj-180:
22.45 22.61 22.84 21.41 19.67 18.80 17.09 15.94 14.32 12.47 11.94
 0.44  1.48  3.41  4.52  3.94  4.15  4.45  4.70  5.55  5.63  5.49
traj-181:
21.69 22.32 22.29 22.28 22.23 22.20 22.19 21.81 21.88 22.33 22.99 22.57 22.62 22.80 22.18 21.23 19.29 17.83 17.23 16.83 15.71 14.64 13.02 12.43 10.51
 0.98  2.77  4.18  4.80  6.37  6.89  8.45  9.92 11.28 11.97 13.76 15.39 16.94 17.82 19.49 20.70 21.06 21.15 21.19 21.66 21.65 21.20 20.88 20.90 21.09
traj-182:
23.45 23.31 23.04 23.15 23.22 23.24 23.23 23.22 23.06 23.19 23.29 23.17 23.14 23.32 23.38 23.29 23.15 23.45 23.65 24.68 25.84 26.69 27.85 28.29 28.68 29.23 29.59 30.09 30.55 31.12 31.70 32.17
 1.37  1.84  3.64  4.51  5.70  6.56  8.04  8.94 10.75 12.73 14.19 16.12 17.85 19.72 20.75 21.64 23.29 24.93 25.80 26.39 26.61 26.77 26.96 25.08 24.29 22.90 21.02 19.21 17.61 15.76 14.25 13.12
traj-183:
21.37 21.77 20.18 19.34 17.47 16.93 15.21 13.95 12.15 11.59
 0.74  2.39  3.58  3.64  3.91  4.10  4.90  6.07  5.83  5.33
traj-184:
21.92 22.29 22.36 22.49 22.51 22.25 22.07 22.08 21.90 22.73 23.13 23.25 22.18 21.23 19.54 18.64 17.46 16.04 14.97 13.67 11.83 11.70  9.86  8.65  7.18
 1.37  2.88  4.71  6.33  7.91  9.73 11.39 13.15 14.82 16.62 17.47 17.75 19.28 20.75 21.00 21.02 21.05 21.03 21.02 20.96 20.37 20.10 19.57 18.13 18.11
traj-185:
22.89 22.60 22.27 21.92 21.67 21.43 21.18 21.33 21.74 21.95 22.07 22.07 22.38 22.54 22.87 22.93 22.76 22.63 23.86 25.32 26.79 28.18 29.08 30.81 32.69 33.14
 1.15  2.20  4.14  5.67  7.24  9.17 10.83 12.51 14.08 15.39 16.60 17.41 19.23 21.11 22.79 23.36 25.15 25.56 26.30 26.47 26.66 26.35 26.11 25.69 25.28 25.20
traj-186:
21.62 21.23 20.12 19.69 18.01 17.73 15.97 15.55 14.39 13.47 11.55 10.85  9.92  8.99
 1.52  2.59  3.51  3.62  3.98  4.10  4.73  4.93  6.01  6.95  7.05  6.51  5.71  4.76
traj-187:
21.68 21.61 21.56 21.54 21.47 21.32 21.32 21.38 21.29 21.36 21.24 21.25 21.26 21.17 21.11 19.15 18.26 16.30 14.70 12.82 10.91  9.16  7.23  6.03  4.04
 0.72  2.06  3.91  4.94  6.66  8.59 10.54 12.06 13.44 14.41 16.24 18.20 18.28 20.12 20.86 21.23 21.27 21.44 21.59 21.59 21.61 21.82 21.86 21.90 21.92
traj-188:
21.76 21.88 21.90 22.03 22.16 22.33 22.36 22.34 22.31 22.04 22.29 22.58 22.90 23.39 23.27 23.24 23.20 24.63 26.11 27.93 28.07 28.06
 1.66  3.28  5.13  7.11  8.78 10.25 11.68 12.47 13.22 15.17 17.02 18.03 19.28 21.20 22.31 23.36 25.29 26.06 26.04 26.79 27.06 27.95
traj-189:
22.06 21.20 20.26 18.86 17.43 15.98 15.08 14.12 13.49 12.57 11.87 10.53  8.82
 1.01  2.29  3.91  4.35  4.63  4.58  4.42  5.42  6.86  8.46  8.49  8.85  8.47
traj-190:
23.70 23.53 23.10 23.28 23.27 23.41 23.56 23.67 23.67 23.74 23.60 23.57 23.43 23.24 23.17 23.02 22.92 21.01 19.13 17.37 17.07 15.90 15.70
 0.65  1.96  3.83  5.56  5.58  6.91  8.71 10.64 11.01 13.00 14.82 15.97 17.35 19.12 19.69 21.16 22.59 22.21 21.76 21.64 21.61 20.01 19.78
traj-191:
22.30 22.33 22.48 22.69 22.86 23.05 23.10 23.14 23.21 23.15 23.35 23.48 23.47 23.09 23.15 23.12 23.21 24.47 26.21 27.39 29.19 30.29 32.00 32.91
 1.64  3.12  4.15  5.52  7.00  8.74  9.88 11.71 13.48 15.29 16.42 17.27 19.23 21.19 22.37 23.35 25.17 26.02 26.07 26.09 26.92 27.29 27.99 28.23
traj-192:
22.73 22.53 21.99 20.15 18.30 16.85 16.02 15.28 13.77 12.80 11.15 10.26  8.42  8.16
 1.54  1.80  3.44  4.17  4.17  4.30  4.64  5.02  5.80  6.32  7.20  7.34  7.45  7.61
traj-193:
22.96 21.55 21.59 21.81 22.21 22.24 22.37 22.39 22.51 22.73 23.14 23.40 22.43 22.08 21.07 19.50 18.05 17.47 15.84 14.44 13.29 11.53 10.06
 1.11  2.35  4.07  4.92  6.20  7.88  9.27 10.39 11.92 13.30 15.15 17.08 18.68 19.36 20.66 21.03 21.09 21.00 20.52 20.35 20.28 20.48 21.55
traj-194:
21.26 21.54 21.83 22.07 21.98 22.26 22.70 22.86 22.83 22.73 23.12 23.20 23.19 23.16 23.13 23.13 23.28 23.44 24.79 24.16 25.34 27.04 28.20 29.39 30.92 30.50 29.74 29.16 28.86
 1.58  3.17  4.57  6.23  7.85  9.77 10.92 12.79 13.13 14.41 16.11 17.52 18.96 20.67 21.48 23.00 23.86 25.25 26.03 26.33 26.46 26.75 26.97 26.72 25.66 24.57 22.78 21.07 20.23
traj-195:
23.80 23.77 23.75 23.03 22.22 20.74 18.85 16.88 16.00 14.29
 1.33  3.03  4.14  5.30  4.14  3.86  3.76  4.09  4.26  4.84
traj-196:
21.21 21.61 21.84 22.16 22.52 22.84 23.12 22.87 22.54 22.11 22.70 23.23 22.50 21.65 20.13 18.43 16.68 15.81 14.31 12.43 10.70  8.98  8.45  6.54
 0.74  2.22  3.55  5.22  6.90  8.29  9.39 11.36 13.13 14.95 16.46 18.27 20.01 20.66 21.49 21.32 21.22 21.11 20.93 21.22 21.50 21.80 21.87 22.12
traj-197:
21.99 21.65 21.29 21.64 21.94 22.50 23.23 23.18 23.06 22.96 22.79 22.21 21.96 22.00 21.93 21.72 22.55 23.28 24.66 26.41 28.22 29.36 29.82
 0.66  2.24  3.02  4.78  6.07  7.45  9.26 10.34 11.76 12.86 14.51 16.33 17.98 18.88 20.85 22.19 23.82 25.31 26.06 26.10 26.87 27.90 28.39
traj-198:
21.13 21.28 20.94 20.16 18.25 16.82 16.05 14.42 12.69 10.81  9.55
 1.20  1.46  3.22  3.63  3.33  3.36  3.61  3.75  4.14  4.05  3.98
traj-199:
22.20 22.83 23.71 23.73 23.61 23.28 22.96 22.63 22.40 22.37 22.12 21.90 21.64 21.43 21.11 21.06 20.75 20.45 18.68 17.22 16.04 14.18 12.75 11.55  9.59  8.49
 1.18  1.67  3.43  3.36  5.36  6.98  8.61 10.45 11.80 13.66 14.97 16.14 17.81 19.56 19.83 20.13 22.00 21.97 21.84 21.81 21.78 21.79 21.71 21.81 22.14 22.54
traj-200:
21.37 21.43 21.56 21.78 22.07 22.21 22.39 22.47 22.66 22.73 22.93 22.97 22.99 23.00 23.03 23.08 23.21 23.41 24.52 25.99 27.45 28.78 30.27 30.98 31.87
 0.48  1.16  2.78  4.30  6.14  7.89  9.81 11.38 12.90 13.96 15.86 17.70 18.79 20.47 21.37 23.06 24.92 25.41 26.01 26.26 26.04 26.16 27.12 27.66 28.40
traj-201:
22.26 21.16 20.10 18.95 17.04 15.93 14.24 13.12 11.69 11.02 10.46
 1.89  2.79  3.26  3.46  3.87  4.19  4.71  4.99  5.94  7.45  8.39
traj-202:
22.60 22.47 22.34 22.38 22.23 22.28 22.41 22.74 22.88 22.94 22.92 23.10 23.22 22.43 21.62 21.71 19.93 17.95 17.65 16.09 15.97 14.31 12.52 11.16  9.78  8.02  6.92  5.42
 1.32  1.81  3.34  5.30  6.86  7.32  8.35 10.14 10.82 12.14 14.03 15.48 17.24 19.05 20.37 21.75 21.43 21.25 21.22 20.19 19.91 18.94 19.19 19.40 19.58 19.97 20.32 20.74
traj-203:
21.76 21.95 22.17 22.31 22.50 22.56 22.61 22.74 22.79 23.10 23.11 22.85 22.77 22.31 22.01 21.88 21.98 21.82 21.83 23.27 24.12 25.83 26.42 28.04 29.01 29.66 30.45 31.16
 1.48  2.03  3.91  5.88  6.95  8.50 10.08 11.20 12.61 13.80 14.65 16.31 16.96 18.78 20.37 21.37 23.14 24.00 25.81 26.42 26.57 26.81 26.89 27.62 28.89 29.81 31.14 32.17
traj-204:
21.40 21.31 20.57 18.84 18.33 16.35 14.74 13.16 11.48  9.67
 0.62  2.49  3.77  3.73  3.64  3.60  3.56  3.81  4.17  4.14
traj-205:
21.69 22.14 22.56 22.72 22.89 22.99 23.17 23.16 22.29 21.54 21.57 21.70 21.45 20.03 18.59 16.91 14.95 13.22
 1.84  3.28  4.28  5.72  7.11  8.82 10.09 11.81 13.47 14.68 16.63 18.11 20.05 21.29 21.21 21.27 21.44 21.33
traj-206:
21.45 21.50 21.88 22.13 22.59 22.46 22.50 22.76 22.82 23.12 23.03 22.95 22.91 22.84 23.00 22.89 22.85 23.89 24.95 25.81 27.56 29.44 29.91 30.52 30.74 31.30 31.96 32.35 32.88 33.38
 1.40  1.69  3.36  5.21  7.12  7.46  8.67 10.48 11.82 13.30 15.29 16.92 18.28 19.35 21.13 22.38 24.18 25.74 26.35 26.46 26.78 26.25 25.29 23.60 22.76 21.41 19.60 18.15 16.34 14.67
traj-207:
23.19 22.94 22.30 22.42 21.41 19.73 17.86 16.03 15.21 13.96 13.13 12.69
 0.67  0.83  2.55  4.00  4.83  4.03  3.85  4.20  4.78  6.22  7.60  9.47
traj-208:
22.18 22.09 22.13 22.14 22.28 22.40 22.43 22.63 22.68 22.90 23.07 23.11 23.17 23.32 22.34 21.71 19.85 19.56 17.64 15.82 14.42
 1.61  3.50  4.10  5.97  7.60  9.50  9.80 11.59 12.81 14.47 16.31 17.37 18.47 20.46 21.87 21.70 21.26 21.18 21.03 20.27 19.84
traj-209:
21.07 21.95 22.53 23.18 23.22 23.26 23.39 23.41 22.42 21.57 21.47 21.74 21.61 22.10 22.34 22.72 23.08 24.07 25.82 26.41 28.20 30.16 31.15 32.36 33.08 33.90
 1.84  3.15  4.33  6.19  7.88  9.79 11.51 13.15 14.71 16.45 16.93 18.83 20.37 22.06 22.27 24.10 25.51 26.06 26.02 26.01 25.82 25.94 27.07 28.29 29.00 29.70
traj-210:
23.04 21.82 20.71 18.77 17.64 16.76 14.80 13.33 12.17 11.62  9.96  9.42
 1.17  2.43  3.73  4.19  4.34  4.51  4.81  5.74  7.03  7.56  7.80  7.74
traj-211:
22.06 22.07 22.20 22.38 22.45 22.68 22.98 23.17 23.33 23.47 23.46 23.48 22.68 22.21 20.31 18.89 18.30 16.83 15.72 14.30 12.63
 1.15  2.25  3.78  5.68  7.03  8.84 10.72 12.61 14.47 16.19 17.92 18.47 20.23 20.90 21.14 21.12 21.12 21.12 20.82 20.69 20.96
traj-212:
21.88 21.72 21.61 21.45 21.31 21.57 22.16 22.13 21.88 21.85 21.97 22.29 22.84 22.86 22.92 22.95 23.09 23.67 24.17 25.92 27.08 28.58 29.88 30.57 31.87 33.17
 1.75  2.90  4.15  6.01  6.70  8.55 10.09 11.93 12.73 14.15 15.88 17.54 19.25 19.93 21.72 22.29 24.10 25.78 26.11 26.29 26.43 27.32 28.24 28.63 29.55 28.92
traj-213:
21.76 21.78 21.64 20.61 19.09 17.18 16.32 14.56 13.51 11.90  9.92
 0.93  1.99  3.93  4.53  4.00  3.45  3.30  3.31  3.20  3.23  3.23
traj-214:
23.12 22.87 22.63 22.69 22.60 22.68 22.59 22.68 22.55 22.65 22.74 22.59 22.70 22.38 21.84 20.36 18.64 16.68 14.96 13.94
 0.49  2.01  3.65  5.61  7.30  8.03  9.83 11.06 12.24 14.10 16.09 17.58 19.50 20.97 21.19 21.73 21.71 21.58 22.42 22.34
traj-215:
21.05 21.17 21.98 22.18 23.02 23.02 23.04 23.08 23.11 23.21 23.21 22.70 22.69 23.23 23.40 23.27 23.18 23.10 23.20 23.90 24.59 25.73 26.62 28.53 28.76 28.78 29.42 29.77 30.55 30.57 31.08
 1.97  2.29  3.93  4.48  5.76  7.17  7.77  9.63 10.44 11.82 13.76 15.63 17.05 18.07 19.31 20.63 21.20 23.00 24.23 25.84 26.22 26.16 26.01 25.56 24.04 23.28 21.58 20.75 19.09 18.43 16.71
traj-216:
22.69 21.73 20.18 18.41 16.77 15.81 14.91 14.72 14.47
 1.31  2.13  3.36  4.25  4.88  5.39  7.11  8.38  9.33
traj-217:
22.22 22.78 23.08 23.03 23.07 23.11 22.96 22.95 22.92 22.96 22.93 22.99 23.05 22.71 21.10 19.39 17.63 17.03 16.77 14.89 12.99 11.93 10.79  9.22  8.21  6.37  5.49
 0.64  2.27  3.12  5.09  6.25  7.93  9.90 10.48 11.96 13.71 15.63 17.29 18.63 20.35 21.44 21.14 21.10 21.07 20.91 21.06 21.14 21.18 21.27 21.27 21.39 21.44 21.50
traj-218:
21.08 21.40 22.22 23.06 23.04 23.10 22.87 22.77 22.57 22.40 22.06 21.87 22.27 22.64 22.61 22.72 22.90 23.01 23.04 24.76 25.92 26.22 28.11 28.68 29.23 29.81 30.19 30.39 30.53 30.60 30.77
 1.23  1.54  2.99  4.79  6.29  6.51  8.47  9.32 10.84 12.20 13.35 15.16 16.83 18.64 19.59 21.29 22.24 23.57 25.00 26.01 26.26 26.33 25.86 24.62 23.78 22.09 20.61 18.68 17.44 15.67 13.77
traj-219:
22.64 22.06 20.69 19.80 18.34 17.78 15.78 14.21 12.34 11.87 10.10  8.63  6.94  5.49
 1.76  3.64  4.84  4.90  4.83  4.83  4.86  5.54  6.14  5.97  5.22  4.58  3.70  3.03
traj-220:
21.82 22.09 22.39 22.45 23.04 23.02 22.87 22.66 22.72 22.85 23.16 23.31 23.37 23.24 23.14 23.02 21.78 20.17 18.43 16.67 15.40 13.43 13.15 11.34  9.37  7.97  6.45
 1.78  3.25  4.97  5.56  7.28  8.38  9.34 10.72 12.41 13.73 15.63 17.38 18.15 20.13 21.56 23.32 22.01 21.36 21.22 21.01 21.13 21.29 21.31 21.54 21.64 21.98 22.36
traj-221:
21.51 22.21 22.88 23.04 23.06 22.99 22.92 23.10 23.27 23.08 22.65 22.35 22.62 22.65 23.02 23.11 23.16 23.52 24.81 26.53 28.03 28.04 29.58 29.68 29.77 29.44 29.21 28.87 28.66 28.33 28.27
 1.75  3.08  4.12  6.05  7.41  8.94 10.04 11.41 12.28 14.20 16.08 17.75 19.39 19.98 21.80 23.27 23.84 25.32 26.04 26.02 25.48 25.18 24.17 22.19 21.28 19.84 17.91 16.16 14.52 12.84 12.55
traj-222:
22.18 21.97 21.67 20.29 18.83 17.11 15.94 15.74 14.10 13.67
 0.89  1.91  3.68  4.98  4.92  4.89  4.87  5.04  5.87  5.74
traj-223:
21.58 22.28 22.83 22.79 22.88 22.80 23.16 23.38 23.19 22.70 22.32 22.32 23.16 22.48 22.29 21.58 20.02 18.27 17.38 15.59 13.96 12.84
 1.75  3.40  4.53  5.04  6.87  7.19  8.09  9.11 10.23 11.67 13.16 15.06 16.49 18.23 18.79 20.59 21.33 21.24 21.24 21.49 22.10 22.48
traj-224:
23.24 22.80 22.45 21.91 21.70 21.42 21.27 21.21 21.34 21.74 21.88 22.00 22.29 22.07 22.28 22.58 23.35 23.55 23.71 24.48 25.35 26.82 27.93 29.26 30.20 31.27
 1.25  2.63  3.63  5.14  5.91  7.67  9.60 10.64 11.70 13.43 15.17 16.03 17.94 18.66 20.40 21.79 23.48 25.11 25.84 26.31 26.39 26.37 26.15 25.11 24.45 24.01
traj-225:
21.53 21.83 22.00 21.34 20.00 18.21 17.92 16.86 15.02 14.36 13.49 12.97 12.13 10.68  9.18
 0.57  2.10  2.98  4.44  3.71  3.58  3.64  3.90  4.48  4.94  6.73  8.10  9.28  9.77 10.14
traj-226:
23.38 23.33 23.29 23.04 22.91 22.70 22.65 22.65 22.68 22.70 22.81 22.98 23.09 23.03 22.58 21.14 19.38 17.60 15.84 13.90 12.16 10.74  9.36
 0.41  1.98  3.67  5.32  6.48  7.85  9.81 11.63 13.51 15.31 16.22 17.86 19.54 21.31 23.05 22.26 21.67 21.66 21.69 21.54 21.23 20.89 20.59
traj-227:
21.50 21.55 21.62 21.70 21.80 21.92 21.89 21.90 21.93 22.20 22.67 22.77 23.03 23.16 23.19 23.17 23.19 23.46 25.17 26.06 27.23 28.94 30.38 31.79 32.72 33.81 34.26
 1.19  2.11  3.33  5.10  6.49  8.35  9.10 10.79 12.18 13.83 15.64 17.36 19.17 21.06 22.82 24.22 25.96 26.09 26.06 26.02 26.00 26.76 27.50 28.35 28.84 29.23 29.87
traj-228:
23.60 23.02 22.20 21.37 19.87 19.07 17.32 15.42 15.12 13.31 12.05
 0.69  1.68  2.77  3.86  4.80  4.88  4.91  4.97  4.95  5.55  6.33
traj-229:
21.19 21.62 22.07 22.38 22.60 22.87 23.16 23.38 23.42 23.46 23.21 22.09 21.57 21.87 20.49 18.75 17.29 15.67 14.42 12.95 11.87 10.39  9.67  8.67
 0.94  2.57  4.45  5.82  6.86  8.19  9.93 11.28 13.02 14.38 16.32 17.97 19.83 20.27 21.44 21.43 21.31 20.69 20.08 19.32 19.33 20.65 21.16 21.82
traj-230:
22.68 22.72 22.85 22.79 22.80 22.87 22.94 22.99 23.00 22.95 22.95 22.95 23.20 23.44 23.50 23.50 23.38 23.15 23.53 23.78 25.58 26.74 27.91 29.57 30.52
 0.64  1.78  3.66  5.35  6.61  8.27  9.95 11.47 12.89 13.61 15.28 15.69 17.29 18.74 20.46 21.06 22.98 24.03 25.89 26.05 26.19 26.47 26.67 25.65 24.45
traj-231:
22.25 22.78 23.08 22.29 20.60 18.85 17.16 15.99 15.22 14.88 12.93 11.84 10.21  8.64  7.58  6.18  5.57
 0.91  2.66  3.23  4.91  4.59  4.17  4.52  5.37  6.58  7.07  7.00  6.70  6.16  5.51  4.99  4.25  3.85
traj-232:
22.77 22.71 22.65 22.60 22.88 22.89 23.08 23.00 23.00 22.71 22.02 22.36 22.55 22.44 22.01 21.10 19.22 17.74 16.48 15.74 14.24 12.63 12.18 10.36  9.72
 1.50  2.27  4.08  5.52  6.75  8.58  9.10 11.07 11.37 13.34 14.30 16.02 17.17 18.88 20.20 21.86 21.39 21.25 20.52 20.03 18.87 19.07 19.19 19.16 18.73
traj-233:
21.38 21.55 21.71 22.00 22.13 22.58 22.73 22.91 23.17 23.00 22.80 22.54 22.99 23.21 23.18 23.20 23.22 23.66 23.88 24.15 25.89 27.05 28.30 29.03 29.72
 1.04  1.86  3.20  5.09  6.50  8.36  9.44 10.50 12.31 13.82 15.22 16.29 18.02 19.57 21.32 22.88 23.53 25.29 25.88 26.02 26.28 26.47 25.32 23.71 22.42
traj-234:
22.19 21.91 20.22 18.80 17.37 15.64 14.15 12.52 12.00 10.77  9.59  7.67  5.77  5.10
 1.99  3.75  4.71  4.75  4.80  4.88  4.77  5.13  5.23  6.17  7.31  7.02  6.59  6.49
traj-235:
21.51 21.25 21.18 21.15 21.67 21.92 22.25 22.42 22.66 23.04 23.07 23.18 23.22 23.29 22.81 22.00 20.18 18.48 17.60 16.45 14.78
 1.95  2.10  2.39  4.18  5.79  6.64  8.57 10.00 11.03 12.88 13.73 15.64 16.23 17.68 19.62 20.69 21.49 21.50 21.40 21.26 21.01
traj-236:
21.59 21.65 21.87 21.88 21.89 21.67 21.73 21.83 22.01 22.02 22.23 22.40 22.64 22.69 22.87 23.04 23.12 23.23 24.59 26.04 27.21 28.23 29.38 30.29 31.11
 1.00  1.71  3.66  5.36  6.25  7.88  9.64 10.30 11.91 12.36 14.27 15.87 17.72 18.40 19.99 21.71 23.33 25.28 26.03 26.11 26.23 26.72 27.85 28.95 30.02
traj-237:
22.84 21.39 20.56 18.74 16.77 15.00 13.40 11.48
 0.76  2.02  3.56  3.99  3.60  3.48  3.58  3.50
traj-238:
21.01 21.12 21.28 21.60 22.05 22.75 22.95 23.10 22.99 23.17 23.02 22.96 22.44 22.94 22.98 21.71 19.82 18.07 16.61 14.79 13.39 11.71  9.84  8.38
 0.72  1.39  2.84  4.65  5.70  7.13  7.62  9.59 11.51 13.33 15.10 16.18 17.92 19.76 20.49 21.46 21.32 21.23 21.09 21.25 21.00 21.17 21.34 21.52
traj-239:
21.89 22.58 23.17 23.30 23.31 23.39 23.58 23.63 23.53 23.43 23.41 23.38 23.25 23.21 23.19 22.87 22.37 23.62 23.84 25.03 26.79 28.24 29.72 30.44 31.53 32.25
 0.78  2.59  4.22  5.09  6.99  8.07  9.49 11.39 12.22 14.18 15.05 16.99 18.96 20.41 20.98 22.65 24.48 25.94 26.14 26.15 26.08 26.11 27.37 28.08 29.30 30.26
traj-240:
22.63 21.26 20.17 18.31 17.02 16.77 15.43 15.26 14.06 12.45 11.56 10.06  8.65  7.93
 1.87  2.82  3.57  4.04  4.68  4.84  6.20  6.45  7.72  8.66  9.44  9.56  9.71  9.78
traj-241:
21.81 22.42 22.91 22.96 23.06 23.10 22.42 21.98 21.72 21.95 23.00 23.26 22.70 22.27 21.57 20.29 19.10 17.35 16.36 15.28 13.36 11.92 11.24  9.34
 1.37  2.57  4.21  5.34  7.14  8.53 10.15 10.93 12.91 13.43 15.09 17.05 18.30 18.95 20.35 21.16 21.25 21.18 21.12 20.80 21.07 21.14 21.25 21.41
traj-242:
21.34 21.67 22.34 22.60 22.84 22.86 22.71 22.73 22.65 22.59 22.62 22.66 22.94 22.89 23.08 23.14 23.16 23.12 23.14 22.70 23.41 24.51 24.80 26.67 27.43 29.07 30.70 31.84 32.74 33.51
 0.59  1.08  2.82  3.36  5.22  5.78  7.59  8.37 10.10 10.50 11.69 12.86 14.75 16.24 18.22 18.51 20.50 22.09 22.97 24.80 25.46 26.09 26.01 26.22 26.33 25.51 24.40 23.59 22.67 22.24
traj-243:
22.24 22.57 22.84 22.45 20.54 18.85 18.55 16.85 15.72 14.58 14.05
 0.56  1.39  3.20  4.06  4.65  4.33  4.38  4.58  4.77  4.95  5.00
traj-244:
22.59 22.69 22.84 22.91 22.96 22.99 22.98 23.00 23.23 23.37 23.35 23.29 23.26 23.30 23.35 22.30 22.01 20.25 19.06 17.87 16.97 15.13 13.18 12.53 11.36 10.67
 0.76  1.97  3.82  4.35  6.26  7.72  9.15  9.84 11.16 12.91 14.21 15.66 17.12 19.01 20.74 22.36 22.31 21.93 21.93 21.93 21.94 21.86 21.56 21.11 20.34 19.88
traj-245:
23.50 23.24 23.05 22.92 22.69 22.67 22.58 22.96 23.49 23.61 23.53 23.39 23.27 23.08 22.94 22.79 22.83 23.51 23.74 25.23 26.40 27.78 28.81 29.92 30.39 30.97 31.43 31.99 32.54 32.86
 1.80  3.71  5.27  6.40  8.37  8.58 10.13 11.25 12.93 14.06 15.45 16.59 18.56 20.47 21.34 23.21 24.77 25.98 26.18 26.17 26.18 26.31 26.29 26.16 24.29 22.55 20.82 19.45 17.94 17.58
traj-246:
23.54 22.52 21.85 20.60 18.96 17.91 16.23 15.92 14.89 13.98
 0.54  1.96  2.67  3.31  4.05  4.59  4.88  5.13  6.62  7.83
traj-247:
23.35 23.29 23.25 23.21 23.13 23.05 23.22 23.38 23.17 23.00 23.16 23.16 23.24 23.24 23.07 21.80 20.47 18.48 16.71 15.53 14.38 12.42 10.74  9.57
 0.50  1.87  2.96  3.96  4.47  6.45  7.29  9.28 11.21 12.91 14.86 15.16 17.14 17.39 19.14 20.50 21.29 21.39 21.37 21.35 21.57 21.55 21.13 20.95
traj-248:
21.54 21.66 21.82 21.92 22.26 22.68 23.19 23.18 23.09 22.95 23.08 23.09 23.28 23.32 23.48 22.94 22.86 22.90 23.23 24.66 26.15 26.74 28.15 29.27 30.99 31.84 33.07
 0.42  1.38  2.84  4.08  5.54  7.41  9.14 10.34 12.32 13.66 15.34 17.00 18.85 19.15 20.85 22.49 22.78 24.75 25.25 26.16 26.08 26.03 25.52 26.45 26.38 26.35 26.20
traj-249:
23.03 22.11 21.09 20.94 19.20 17.50 15.69 14.58 12.76 10.88 10.44  8.91  7.06  5.59
 0.95  1.90  2.62  2.88  3.62  4.40  4.72  5.16  5.89  6.12  5.96  5.41  4.91  4.51
traj-250:
22.62 21.77 21.52 21.85 22.08 22.51 22.77 22.76 22.91 23.02 23.05 23.12 22.14 21.23 21.01 20.73 19.59 18.11 16.63 15.95 16.31
 1.35  3.12  3.66  5.50  6.43  8.29  9.63 10.57 11.91 13.68 14.28 16.00 17.68 18.89 19.10 21.01 21.09 21.19 21.27 19.68 17.90
traj-251:
21.60 22.01 22.38 22.70 22.99 22.95 22.97 23.00 23.17 23.21 23.36 23.37 23.24 22.99 22.53 22.13 22.13 21.70 22.74 23.92 25.67 26.54 28.02 29.43 29.98 31.49 33.23
 2.00  3.54  4.77  5.98  7.13  8.38  9.45 10.81 12.72 13.78 15.58 16.64 18.51 19.97 21.81 23.67 23.90 25.77 26.25 26.38 26.59 26.73 26.97 26.50 26.30 25.60 24.72
traj-252:
23.59 23.26 22.13 21.15 20.05 18.96 17.30 16.76 15.16 14.81 13.91 12.25 10.97  9.80
 0.42  0.77  1.86  2.80  4.00  4.24  4.69  4.83  5.84  6.31  7.85  8.74  8.87  9.00
traj-253:
23.13 22.67 21.33 21.10 21.09 21.18 22.41 23.29 23.44 23.64 23.80 23.85 23.80 23.79 23.81 23.20 22.82 20.87 19.15 17.68 15.92 14.27 12.53 11.61 10.26  8.82
 1.13  1.56  2.50  4.10  4.70  6.23  7.65  8.88 10.36 12.08 13.99 15.45 16.30 17.72 19.47 21.02 21.78 21.60 21.44 21.44 20.74 20.63 20.28 20.05 19.86 19.77
traj-254:
23.57 23.27 23.17 23.06 23.06 23.03 22.79 22.90 22.99 22.88 23.05 22.99 22.93 22.92 22.90 23.80 24.81 25.40 27.14 28.18 28.41 28.90
 1.87  3.83  4.42  6.33  7.51  8.77 10.75 12.46 14.00 15.77 17.14 18.84 20.53 22.22 24.03 25.49 26.05 26.16 26.44 28.05 28.49 29.93
traj-255:
21.37 21.37 21.28 19.59 17.65 17.35 15.70 14.81 14.52 13.09 11.64 10.26  9.41  7.59  6.15
 1.79  2.15  3.93  4.02  4.31  4.36  4.78  4.95  5.02  6.31  7.39  8.54  9.22  9.53  9.58
traj-256:
22.90 22.81 22.80 22.78 22.91 22.81 22.98 23.06 23.10 22.95 22.78 22.84 22.74 22.74 22.09 21.23 19.81 18.31 16.67 14.94 13.86 12.87 11.06  9.13  7.68
 1.04  2.50  3.51  5.38  7.35  8.68 10.66 11.24 13.09 14.51 15.84 15.95 17.90 18.57 20.10 21.59 21.62 21.64 21.65 20.84 21.35 21.65 22.34 22.67 22.86
traj-257:
22.98 22.90 22.90 22.95 22.99 22.93 22.80 22.75 22.91 23.27 23.19 23.22 23.34 23.36 23.27 23.27 23.25 23.49 24.72 25.61 27.61 29.33 30.06 30.17 30.20 30.21 30.24 30.28 30.32 30.39
 1.04  2.20  3.72  4.30  6.17  8.09  9.12 11.11 13.01 14.71 16.16 17.62 19.35 19.64 21.61 23.32 23.62 25.52 26.21 26.28 26.42 26.14 24.36 22.87 21.03 19.48 17.85 16.00 14.33 12.36
traj-258:
22.13 22.24 21.61 19.93 18.22 17.34 15.37 14.52 13.26 12.49 10.90  9.99  8.06  6.86
 0.72  1.30  3.16  4.21  4.51  4.60  4.86  5.00  5.12  5.43  6.65  8.32  8.06  7.47
traj-259:
22.09 22.96 23.49 23.36 23.31 23.21 23.19 23.22 23.20 23.13 22.42 22.28 21.75 22.58 21.44 19.62 17.88 17.31 16.28 15.19 13.93 12.88 11.20 10.12  8.65  7.64
 0.48  1.86  3.26  5.17  6.31  7.98  9.94 10.54 12.52 14.37 15.89 16.26 17.79 19.58 20.75 21.35 21.18 21.13 20.58 19.35 18.87 18.52 18.05 17.70 17.36 17.03
traj-260:
23.27 22.71 21.95 22.12 22.22 22.32 22.95 23.09 22.61 22.17 21.24 22.17 22.30 22.22 22.47 22.20 21.86 22.99 23.68 24.85 25.14 26.00 27.18 28.09 28.33
 1.33  2.36  3.60  5.32  6.47  7.35  9.10  9.37 11.17 13.00 14.56 16.32 16.59 18.33 20.08 21.65 23.25 24.69 25.34 26.14 26.18 26.38 26.53 28.06 29.20
traj-261:
21.49 22.97 23.31 22.21 21.12 19.47 19.22 17.41 15.86 13.95 13.05 12.81 13.71
 1.78  2.87  3.70  5.25  4.47  3.72  3.55  3.43  3.52  4.06  5.21  5.71  7.41
traj-262:
22.82 22.91 23.10 23.27 23.41 23.59 23.50 23.27 22.99 22.93 22.81 22.56 22.44 22.12 21.73 20.62 18.85 17.78 15.96 15.04 13.50 11.89 10.66
 1.14  1.73  3.41  4.58  5.76  7.19  8.91  9.97 11.46 12.75 14.54 16.24 17.87 19.35 21.30 21.50 21.39 21.14 20.58 20.67 20.42 20.05 19.70
traj-263:
23.66 23.44 23.08 23.04 23.03 23.04 22.98 23.00 23.05 23.12 23.19 23.18 23.15 23.16 23.13 23.07 23.05 23.03 23.06 23.14 24.19 25.65 27.40 28.28 29.84 31.80
 0.78  1.15  3.06  4.98  6.13  7.51  9.13  9.72 11.50 12.38 14.16 14.60 16.20 17.81 18.69 20.69 21.53 23.05 23.65 25.63 26.24 26.36 26.47 26.42 26.47 26.49
traj-264:
21.37 21.15 19.54 18.35 16.45 14.69 12.96 11.03
 1.80  2.61  3.38  3.35  3.50  3.53  3.50  3.21
traj-265:
23.08 22.36 21.84 21.76 21.51 21.68 21.90 22.37 22.38 22.54 22.76 23.21 23.51 23.61 23.66 22.97 22.14 21.68 19.73 17.99 16.11 14.28 13.10 11.25 10.04  8.14  7.84
 0.67  1.73  2.75  3.75  4.77  5.63  7.08  8.95 10.00 11.97 12.17 13.25 15.19 16.61 17.71 19.57 20.75 21.06 21.28 21.11 21.01 20.63 20.59 20.93 21.12 21.39 21.43
traj-266:
21.22 21.61 21.94 22.15 22.39 22.70 22.61 22.77 22.65 22.83 22.67 22.56 22.21 22.32 22.92 23.17 23.05 22.41 21.91 22.65 23.13 24.37 25.81 27.53 28.11 29.57 30.54 31.70
 1.27  2.60  3.88  5.11  5.90  7.27  8.81 10.79 11.13 11.37 13.26 13.70 15.47 16.03 17.75 18.94 20.11 21.41 22.43 24.11 25.44 26.10 26.42 26.82 26.99 28.11 29.65 31.22
traj-267:
23.68 23.59 23.59 22.54 21.86 21.00 19.25 17.78 16.91 15.03 13.10 12.25
 1.87  3.79  4.66  6.33  4.93  4.12  4.01  4.15  4.23  4.32  4.36  3.22
traj-268:
23.27 22.08 21.47 21.14 21.23 21.69 22.18 22.34 22.79 22.46 22.00 22.16 22.40 22.42 21.43 19.47 18.87 17.09 15.43 14.00 12.75 11.41  9.44  8.46  7.45
 0.86  1.65  3.17  4.91  5.20  6.92  7.65  8.57 10.19 12.14 13.50 15.15 16.94 18.92 20.65 21.01 21.04 21.15 21.21 21.33 21.54 21.79 21.86 22.14 22.56
traj-269:
21.91 21.87 21.76 21.83 21.95 22.13 22.32 22.47 22.57 22.83 22.89 23.06 23.09 23.13 23.10 23.15 23.54 24.73 25.32 27.17 28.92 30.47 32.17 33.73 34.34
 1.60  3.09  4.91  5.64  7.05  8.44 10.37 11.54 13.24 15.18 15.61 17.09 18.97 20.95 22.37 24.28 25.41 26.24 26.25 26.25 25.92 24.98 24.08 24.85 26.34
traj-270:
21.79 21.79 21.29 19.41 18.05 16.32 16.02 14.92 13.83 12.63 11.60 10.06  8.67
 1.70  2.09  4.00  3.61  3.31  3.21  3.23  4.56  6.01  7.60  8.75  9.31  9.45
traj-271:
21.24 21.60 22.01 22.63 22.84 22.69 22.62 22.37 21.32 21.80 22.43 22.86 22.95 21.23 19.63 18.16 16.68 16.09 14.22 13.10 11.25 10.14  9.17  7.43  5.98
 1.78  3.71  5.39  7.22  9.15 10.15 11.78 13.06 14.69 16.15 17.94 19.49 20.73 21.60 21.46 21.39 21.32 21.21 20.85 20.85 20.80 20.76 21.04 21.28 21.47
traj-272:
23.74 23.47 22.07 21.77 21.99 22.42 22.96 23.19 23.13 23.01 23.04 23.03 23.05 23.04 23.04 22.08 21.39 21.06 21.13 21.19 22.76 24.20 24.80 26.56 28.23 29.10 29.87 30.64 31.59 32.26 32.58 33.23 33.61
 0.76  1.31  2.56  3.04  4.63  5.80  7.36  9.28 10.09 11.45 13.23 13.83 15.24 17.20 17.48 19.24 21.11 22.94 24.16 25.70 26.43 26.56 26.61 26.78 26.50 24.73 23.02 21.33 19.64 17.80 16.56 14.87 14.02
traj-273:
21.64 21.92 20.36 19.19 17.26 16.06 14.13 13.16
 1.44  2.94  4.19  3.95  3.92  4.04  4.36  4.53
traj-274:
23.05 22.99 22.90 23.06 23.11 23.15 23.19 23.16 23.21 23.28 23.32 23.33 23.33 23.26 23.27 23.26 23.22 23.22 21.94 21.15 19.39 17.67 15.94 14.30 12.62 11.16 10.54
 0.53  2.04  3.68  5.36  6.31  7.94  9.91 11.59 13.05 14.52 16.26 16.56 18.30 19.31 20.84 21.48 23.43 24.59 23.35 22.35 21.59 21.46 20.62 19.64 18.84 18.11 17.80
traj-275:
22.71 22.86 23.09 23.31 23.53 23.29 22.96 22.83 22.90 23.15 23.20 23.16 23.13 23.22 23.36 23.47 23.49 23.51 23.58 24.97 26.44 28.25 28.45 28.47 28.77 29.32 30.48 31.13 31.75
 0.97  2.73  3.59  4.74  6.08  7.50  9.07 11.02 11.86 13.83 14.90 16.66 17.26 18.96 19.54 20.12 21.84 23.57 25.40 26.21 26.01 25.22 23.96 22.70 21.40 19.65 18.68 16.85 15.45
traj-276:
22.07 21.69 20.45 19.34 17.94 16.76 15.49 14.86 14.70
 1.54  3.07  4.09  4.53  4.85  4.97  5.69  7.42  7.67
traj-277:
21.20 21.30 21.86 22.24 22.44 22.66 22.76 23.14 23.13 23.04 22.92 22.49 22.04 21.63 20.28 19.99 18.25 17.15 16.18 14.78 12.78 11.28  9.36  7.41  7.11
 1.56  1.85  3.66  5.25  6.55  8.10  9.25 11.06 12.72 13.90 15.89 17.71 19.03 20.03 21.35 21.42 21.31 21.30 21.23 21.28 21.19 21.23 21.41 21.63 21.63
traj-278:
21.67 21.83 22.02 22.23 22.35 22.48 22.55 22.67 22.77 22.69 22.84 22.91 22.97 23.10 23.13 23.09 22.77 22.46 23.03 24.10 25.54 27.31 28.92 29.73 30.53 31.19 31.78
 0.89  2.49  3.82  5.17  6.70  7.47  8.70 10.38 11.84 12.65 14.57 15.05 16.97 18.65 19.20 20.89 21.94 23.87 25.36 26.15 26.14 26.13 25.77 24.16 22.39 20.54 18.97
traj-279:
21.68 21.72 20.54 18.76 17.91 16.10 15.27 14.09 12.79 11.17 10.06  9.04  8.42  7.38
 1.80  3.32  4.34  4.26  4.28  4.80  5.81  6.88  7.03  7.07  7.01  5.71  5.11  3.46
traj-280:
22.41 22.49 22.57 22.54 22.60 22.62 23.30 23.36 23.32 23.29 23.39 23.34 23.36 22.83 22.47 21.89 20.67 18.76 17.58 15.87 14.75 13.08
 0.59  0.88  2.78  4.01  4.89  6.23  7.51  8.92 10.03 11.63 13.41 14.98 16.57 18.42 19.42 20.62 21.81 21.62 21.51 21.70 21.98 22.20
traj-281:
21.32 21.63 22.08 22.76 23.36 23.49 23.67 23.52 23.23 23.18 23.03 22.82 22.93 22.99 23.30 23.28 23.07 23.08 23.34 23.76 24.52 25.98 27.35 28.90 30.24 31.41 32.40 33.84
 0.52  0.86  2.41  3.93  5.16  5.44  6.30  7.95  9.83 10.67 12.16 13.76 14.85 16.08 18.05 18.64 20.57 22.52 24.13 25.73 26.18 26.08 26.05 25.15 23.88 22.45 21.25 20.18
traj-282:
22.47 22.33 21.50 19.83 18.26 16.57 14.97 13.29 12.52 11.48  9.96  8.53
 0.96  1.46  3.19  4.18  4.30  4.70  5.44  6.50  6.90  7.43  8.21  8.74
traj-283:
23.73 23.24 22.20 21.66 22.03 22.49 22.91 23.05 23.22 23.26 23.37 23.40 23.38 23.31 22.43 21.17 19.29 17.38 16.14 14.84 13.21 12.07 10.88  9.69  8.44  7.41
 1.75  2.65  4.34  6.18  7.92  9.43 11.19 11.71 13.62 14.22 15.67 17.44 18.89 20.25 21.22 21.18 21.26 21.36 20.66 20.20 20.08 20.02 20.04 20.07 20.49 20.77
traj-284:
22.56 22.64 22.86 22.90 22.86 22.97 23.09 23.14 23.22 23.41 23.57 23.46 23.53 23.37 23.21 23.03 23.15 24.58 24.87 25.16 25.71 26.01 27.76 28.06 29.91 30.59 31.25 31.61 32.48 32.64 33.13 34.10 34.45
 1.23  3.21  5.16  5.69  7.33  8.94 10.92 11.71 13.69 14.85 16.20 18.19 19.05 20.45 21.90 23.57 25.15 26.10 26.20 26.26 26.49 26.54 26.76 26.80 27.00 26.15 24.92 24.38 22.74 22.20 20.29 18.67 16.92
traj-285:
21.27 22.49 23.23 22.16 20.38 18.84 17.16 15.88 14.59 13.00 11.88 10.63  8.77  6.99  6.21
 1.83  2.06  3.09  4.64  4.35  4.21  4.44  4.76  5.15  5.90  6.23  6.64  6.89  6.71  6.75
traj-286:
22.01 22.46 22.72 22.86 22.71 22.69 22.84 22.94 22.98 23.05 23.15 22.68 22.51 21.67 20.13 19.24 17.49 16.50 15.71 14.39 12.92 10.96  9.73  8.21  6.67  4.89
 1.15  2.75  3.59  5.51  6.24  7.66  9.24 10.31 11.99 13.54 15.51 17.45 19.29 20.46 21.27 21.27 21.13 20.60 19.51 18.84 18.19 17.97 17.79 17.85 17.79 17.75
traj-287:
23.50 23.44 23.17 23.14 23.13 23.10 23.07 23.02 23.12 23.18 23.33 23.32 23.07 23.10 23.14 23.19 23.16 23.17 23.56 23.79 24.09 25.81 26.39 27.93 29.54 29.61 29.56 29.54 29.54 29.78 29.80 29.89 29.96
 0.41  1.59  3.51  5.40  6.52  6.56  8.55 10.46 12.18 13.05 14.83 15.13 17.04 19.01 20.38 21.49 22.92 23.95 25.90 26.09 26.12 26.31 26.37 26.63 25.48 23.90 22.86 21.17 19.46 17.75 15.99 14.54 13.35
traj-288:
21.91 22.18 22.33 20.80 20.34 18.54 16.79 15.84 15.55 14.21 12.35 10.60  9.43
 1.04  2.58  3.82  4.68  4.48  4.31  4.70  6.12  6.86  8.28  8.79  9.30  9.75
traj-289:
22.10 22.45 22.92 23.06 23.15 23.04 23.05 22.88 22.80 22.80 22.89 22.46 22.11 20.40 18.55 17.96 16.49 14.82 14.22 12.28 10.59  9.22  7.62  7.05  5.15
 1.91  3.68  5.13  6.96  8.44 10.35 11.16 13.08 14.78 16.75 17.44 19.35 20.13 21.10 21.32 21.35 21.35 20.81 20.38 20.02 19.63 19.32 19.07 18.96 18.57
traj-290:
23.56 23.42 23.32 23.28 23.27 23.31 23.30 23.27 23.16 23.14 23.00 22.98 23.10 23.04 23.09 23.15 23.84 24.56 26.32 28.08 29.52 31.19 32.36 32.87
 0.81  2.54  4.20  5.84  7.25  8.92 10.52 11.35 13.32 14.42 15.77 16.92 18.86 20.62 22.35 24.06 25.69 26.11 26.27 26.58 26.17 25.92 24.30 23.32
traj-291:
23.36 22.45 20.89 19.11 18.22 16.62 14.95 13.81 12.11 10.71  9.64
 1.98  3.57  4.72  4.39  4.46  4.76  5.83  6.18  6.47  6.85  6.54
traj-292:
22.77 22.85 22.93 22.98 23.03 22.92 22.97 22.98 23.22 23.14 23.02 22.98 22.38 21.82 20.09 18.61 17.42 15.77 15.01 13.30 11.97 11.12
 1.57  2.91  4.34  6.26  7.72  9.41 11.11 13.08 15.06 16.67 18.05 18.84 20.57 20.78 21.15 21.10 21.08 21.16 21.28 21.50 21.48 21.50
traj-293:
22.09 22.24 22.37 22.47 22.55 22.81 23.13 23.11 23.04 23.04 22.97 23.16 23.20 23.25 23.08 22.98 23.09 23.16 24.32 25.49 26.36 27.84 29.01 29.53 30.01 30.53 30.89 31.12 31.59 31.71 32.19
 0.52  2.50  3.60  4.83  6.82  8.43 10.29 11.55 12.61 14.09 15.79 17.66 18.65 20.26 22.20 23.67 24.89 25.53 26.39 26.51 26.58 26.72 25.79 24.06 22.86 21.17 19.87 18.89 17.12 16.57 14.74
traj-294:
21.93 21.45 20.49 19.10 17.94 16.11 15.11 14.77 12.93
 1.23  2.42  3.35  3.80  3.87  4.50  5.27  5.77  6.27
traj-295:
21.18 21.39 21.87 22.12 22.65 23.18 23.32 23.19 23.07 23.11 23.11 23.10 23.11 22.28 20.72 19.58 18.12 16.32 16.03 14.13 13.56 11.64 10.74  9.63
 1.19  2.47  4.38  5.20  6.88  8.46 10.22 11.56 13.53 14.62 16.28 17.37 19.15 20.70 21.65 21.54 21.39 21.66 21.70 22.26 22.15 22.04 22.10 22.19
traj-296:
21.97 22.04 22.07 22.28 22.10 22.00 21.99 22.13 22.27 22.67 23.06 23.15 23.21 23.10 23.03 22.51 21.73 22.86 24.67 26.41 26.98 28.41 29.30 30.08 30.62 31.58
 1.59  2.98  4.70  6.17  7.69  9.08  9.88 11.05 11.98 13.67 15.17 16.26 17.92 19.34 20.47 22.25 23.91 25.37 26.17 26.16 26.16 26.76 27.65 28.53 29.49 31.09
traj-297:
22.02 21.12 19.59 17.62 17.32 15.76 14.84 13.87 12.62
 1.53  2.84  4.08  4.37  4.41  5.32  5.62  6.14  5.78
traj-298:
22.70 22.70 22.76 22.87 22.90 22.94 23.01 22.43 21.02 21.06 21.20 21.32 21.42 21.40 21.28 20.25 19.67 17.75 15.95 15.15 14.02
 1.32  2.94  3.92  5.92  7.53  8.33  9.62 11.47 12.82 13.12 14.83 16.44 18.14 19.49 20.37 21.35 21.43 21.73 22.35 22.53 22.87
traj-299:
23.37 22.93 22.97 23.03 23.12 23.14 23.15 23.21 23.31 23.47 23.62 23.70 23.47 23.33 23.08 23.01 24.54 26.31 28.15 28.11 28.19 28.39 28.43 28.51 28.60
 1.81  3.62  4.81  6.81  8.59  9.95 11.66 13.62 14.49 15.93 17.40 19.28 20.88 22.59 24.57 25.32 26.10 26.10 25.38 23.84 21.98 20.15 18.83 17.24 15.33
