traj-0:
34.13 32.40 31.02 29.10 27.23 25.64 25.06 23.66 23.36 22.43 22.29 21.43 21.07 21.31 21.54 21.67 22.19 22.55 22.03 21.38 20.15 18.35 16.50 15.13 13.34 12.26
21.74 21.40 21.02 20.49 20.19 20.13 20.16 19.38 17.71 16.01 15.66 13.95 13.23 12.07 11.87 11.60  9.75  8.53  7.18  6.64  5.08  5.14  5.19  5.22  5.96  6.47
traj-1:
34.77 33.57 32.24 30.72 28.79 28.28 26.60 26.00 24.07 22.84 22.25 21.34 20.38 18.45 17.87 15.99 14.16 12.18 10.74  9.23  7.76  6.25  5.67  4.08
21.67 21.44 21.31 21.31 20.81 20.61 20.22 20.25 20.32 21.56 22.07 23.50 24.57 24.68 24.68 24.74 24.88 24.99 24.75 23.50 22.63 21.92 21.85 22.02
traj-2:
33.93 33.03 31.36 29.66 28.19 27.31 25.53 25.23 23.64 23.31 22.64 22.27 21.52 21.46 21.18 19.37 18.77 17.20 15.92 15.04 13.73
22.67 22.72 22.79 22.81 22.88 22.90 22.89 22.89 23.84 24.95 26.83 28.14 29.92 30.82 32.52 33.10 33.14 33.22 33.30 33.37 33.38
traj-3:
37.98 36.10 35.05 33.36 31.37 29.68 29.07 27.23 26.27 24.37 22.50 21.88 21.56 21.21 21.19 21.22 21.22 21.26 21.26 21.55 22.02 21.96 21.42 21.12 20.41 18.66 17.03 15.59 13.64 12.53 12.23 10.33  8.42  6.94  5.42
21.91 21.77 21.64 21.58 21.73 21.42 21.33 21.65 21.84 22.12 21.77 20.30 19.51 18.35 17.51 15.95 14.87 13.25 12.70 11.48  9.75  9.46  7.84  6.79  5.52  5.17  5.41  5.55  5.84  5.99  6.03  6.32  6.85  6.06  4.97
traj-4:
34.70 34.40 32.65 30.88 29.17 27.70 26.55 24.78 22.99 21.78 20.20 18.36 17.84 16.21 14.69 13.06 11.17  9.63  8.85  7.77  6.84
22.53 22.55 22.52 22.66 22.93 22.87 22.80 22.64 23.28 23.81 24.50 25.01 24.96 24.82 24.72 24.68 24.58 23.78 21.97 20.55 19.34
traj-5:
34.47 33.08 31.58 29.85 28.36 26.59 25.13 23.20 21.65 21.43 21.58 21.72 21.55 21.82 21.72 21.53 21.07 20.69 22.35 23.82 25.58 26.77
22.75 22.93 22.94 22.95 22.93 22.92 22.88 22.85 23.65 24.12 26.06 26.65 28.54 29.35 31.15 32.00 33.48 34.64 35.38 35.50 35.69 35.82
traj-6:
34.48 32.57 30.94 29.86 27.99 26.97 25.11 23.56 23.41 23.44 23.49 22.96 22.88 22.54 22.47 22.02 21.33 20.49 19.54 17.92 15.98 14.25 13.38 12.20
20.81 20.42 20.32 21.10 20.71 20.57 20.07 19.29 17.53 16.39 14.62 12.97 11.59  9.64  8.48  7.19  6.18  5.35  4.80  4.54  4.75  4.90  4.99  5.14
traj-7:
34.85 33.41 32.53 31.37 29.65 27.93 26.74 25.90 24.72 23.21 22.94 21.39 19.51 17.73 16.03 14.05 12.12 10.42  9.51  7.78  7.49  6.75  7.49
22.16 22.34 22.46 22.59 22.70 22.87 22.88 22.87 22.92 23.72 23.84 24.62 24.84 24.80 24.96 25.02 24.72 24.52 24.20 23.37 21.40 19.57 17.84
traj-8:
38.09 36.73 35.60 34.46 32.48 30.60 28.91 27.04 26.60 25.04 23.98 22.77 23.33 23.31 23.38 23.58 23.77 23.93 23.99
22.06 22.07 22.14 22.14 22.04 21.91 21.70 21.62 21.47 20.91 20.42 21.99 23.39 25.14 26.89 28.63 30.40 32.33 32.62
traj-9:
35.75 36.52 34.79 33.40 31.71 29.96 28.62 27.06 25.82 24.11 22.95 22.83 22.71 22.64 22.62 22.48 22.35 22.19 21.43 20.51 18.97 17.99 16.06 14.97 13.59 13.13 11.64 11.20
22.15 21.47 21.21 21.18 21.25 20.93 20.91 20.84 20.54 20.04 18.91 17.75 16.72 14.81 12.99 11.09 10.14  8.52  7.22  5.76  4.96  4.77  4.95  5.40  5.96  6.22  6.89  7.18
traj-10:
34.70 32.95 31.53 30.64 28.94 26.95 26.09 24.35 22.68 21.23 19.76 18.24 16.42 14.55 13.40 12.29 11.10  9.54  8.59  7.60  7.67
22.20 22.37 22.48 22.50 22.69 22.81 22.84 22.93 23.57 24.20 24.90 24.86 24.85 24.92 24.95 24.93 24.23 23.21 21.61 19.89 18.93
traj-11:
39.05 38.19 36.70 34.93 33.86 32.23 30.51 29.64 27.97 26.55 25.07 23.52 22.72 21.11 21.24 21.19 21.17 21.20 21.14 21.11 21.51 23.17 24.96 26.75
20.56 21.18 22.06 22.20 22.22 22.31 22.46 22.54 22.69 22.87 22.90 22.76 23.08 23.69 25.10 27.08 28.34 30.32 32.06 32.65 34.54 35.26 35.40 35.39
traj-12:
35.97 35.37 33.41 32.82 31.38 30.00 28.22 27.07 25.30 23.46 22.66 21.93 21.75 21.81 21.68 21.39 21.35 21.41 22.05 21.84 20.83 19.13 18.04 16.95 15.83 14.67 13.35 11.87 10.54  9.75  8.07
22.72 22.71 22.79 22.80 22.82 22.81 22.79 22.87 22.87 22.70 21.55 20.08 18.46 16.61 14.71 13.21 11.32  9.73  7.86  6.45  5.30  4.82  4.93  5.01  5.08  5.18  6.17  6.94  8.33  9.07 10.00
traj-13:
35.87 34.07 33.51 31.83 30.06 28.83 27.68 25.94 25.64 24.03 23.79 23.57 22.18 20.80 19.06 17.64 15.67 13.82 13.25 11.54 10.10  8.33  7.03  6.95  6.90  5.44
21.71 21.27 21.13 20.72 20.14 20.18 20.23 20.26 20.26 21.07 21.24 21.44 22.69 24.04 24.71 24.60 24.66 24.85 24.83 24.85 24.97 25.02 23.98 22.77 21.40 20.25
traj-14:
33.91 32.51 30.53 28.78 27.88 26.42 25.82 24.00 22.60 21.50 21.29 21.07 21.09 21.20 21.49 22.28 22.56 23.14
22.27 22.71 22.93 22.96 22.92 22.89 22.86 22.56 21.74 23.28 25.03 26.97 27.65 29.39 30.39 32.01 32.74 33.95
traj-15:
39.16 38.58 38.40 36.54 34.91 33.28 31.86 31.17 29.39 27.63 26.52 24.85 24.43 23.16 22.43 22.27 22.13 21.95 21.58 21.44 21.52 21.46 20.36 18.49 16.66 15.82 13.91 12.23 11.09  9.89
22.35 22.21 22.13 21.81 21.59 21.54 21.48 21.38 21.12 20.73 20.61 20.41 20.50 19.07 17.39 16.58 15.26 13.43 12.26 10.59  8.70  7.23  5.67  5.30  5.03  5.20  5.45  6.05  6.51  6.99
traj-16:
33.76 32.09 30.38 28.66 26.90 25.42 24.60 23.58 23.55 22.39 21.23 19.70 18.76 16.80 14.97 13.84 11.89 10.07  9.10  9.05  8.56  7.23  5.81  4.19
22.23 22.30 22.43 22.50 22.74 22.88 22.90 24.56 25.70 27.22 26.01 24.98 24.44 24.66 24.96 24.95 24.97 24.53 23.22 21.86 20.00 18.69 18.37 18.16
traj-17:
35.21 33.85 31.96 30.84 28.95 27.56 26.18 25.06 23.82 23.70 23.72 23.75 23.67 23.66 23.66 25.41 27.34 29.19 30.69 32.52
21.52 21.49 21.74 21.73 21.88 22.28 22.61 22.88 23.52 25.23 26.70 27.85 29.84 31.80 32.10 33.01 33.30 33.70 33.93 34.38
traj-18:
38.69 36.94 35.45 33.62 33.02 31.23 30.94 30.11 28.37 26.49 24.51 24.17 22.47 22.66 22.79 22.88 22.83 22.95 23.04 23.05 23.00 22.55 22.22 20.71 18.97 17.61 15.72 13.73 12.03 11.79
20.26 20.15 20.12 20.07 20.07 20.21 20.26 20.55 21.03 21.49 21.38 21.28 20.90 18.91 17.30 16.14 14.45 12.77 11.89 10.11  9.30  7.38  6.11  5.16  5.03  5.10  5.09  5.29  4.95  4.77
traj-19:
37.57 36.92 35.18 34.98 34.24 32.48 31.41 29.83 28.25 26.36 24.59 23.92 23.58 23.20 22.11 21.60 20.69 18.96 18.39 16.80 15.73 14.77 13.35 11.36 10.38  8.46  7.65  6.39  5.72  4.27  4.06
20.49 20.54 20.38 20.60 20.78 21.35 21.67 21.84 21.98 21.91 22.61 23.84 25.51 27.15 28.50 26.95 25.49 25.21 25.08 24.77 24.69 24.68 24.49 24.57 24.31 23.83 23.40 22.52 21.80 20.43 20.18
traj-20:
37.99 36.03 35.56 33.71 33.41 31.68 29.92 29.07 27.87 26.29 24.85 23.12 23.16 23.23 23.25 23.28 23.36 23.50 24.00 24.63
22.34 22.66 22.72 22.89 22.88 22.95 22.93 22.93 22.93 21.78 22.17 23.16 24.60 26.38 28.10 28.39 30.15 31.61 33.17 34.75
traj-21:
37.15 36.06 34.55 33.03 31.26 29.86 29.17 27.68 25.87 24.10 22.74 22.77 22.86 22.95 22.92 22.86 22.64 22.30 22.08 21.74 21.45 21.03 19.24 18.36 16.69 16.13 14.68 13.34
20.21 20.37 20.56 20.79 21.12 21.21 21.34 21.45 21.68 21.65 20.28 19.72 17.99 16.36 14.66 13.48 12.38 10.56  9.53  8.14  6.36  5.59  5.11  5.15  5.34  5.38  5.54  6.28
traj-22:
37.08 36.81 35.11 34.21 32.44 30.65 29.51 27.74 26.27 24.80 22.95 22.44 21.24 19.83 17.89 16.51 14.68 14.38 12.44 11.01  9.73  7.98  6.16  4.42
22.44 22.57 22.96 22.94 22.92 22.94 22.93 22.86 22.85 22.88 23.62 23.92 24.99 24.95 24.88 24.86 24.95 24.94 24.84 24.37 23.40 23.11 22.47 21.68
traj-23:
36.44 35.84 34.41 32.78 30.80 29.07 28.77 27.00 25.54 24.95 23.46 23.44 23.45 23.58 23.47 23.44 23.43 23.43 24.75 26.64 28.38 29.82 30.40
22.53 22.56 22.53 22.66 22.85 22.81 22.82 22.89 22.91 22.87 23.94 24.24 26.14 27.85 29.31 29.85 31.32 32.21 33.05 33.14 33.19 33.22 33.24
traj-24:
35.25 33.57 31.64 29.94 27.95 27.10 25.35 23.88 23.80 23.65 22.50 22.03 22.36 22.70 22.53 22.31 22.46 22.54 22.72 22.68 22.51 22.44 22.14 21.83 21.48 20.58 18.83 17.99 16.65 14.70 13.16 11.84 10.67  9.83  8.52  7.49
22.11 22.21 22.40 22.60 22.68 22.69 22.82 23.85 24.66 26.05 27.36 25.56 24.42 22.63 21.56 20.20 18.89 17.26 15.64 14.28 12.33 11.81 10.02  8.27  6.86  5.33  4.81  4.79  4.76  4.81  5.46  6.52  7.68  7.65  7.87  7.91
traj-25:
36.62 34.71 32.98 32.09 30.60 30.00 28.07 27.18 25.70 24.81 23.17 22.20 21.19 19.55 18.71 16.76 15.55 13.90 13.09 11.11 10.54  9.16  8.85  8.62
22.29 22.61 22.92 22.92 22.93 22.93 22.95 22.97 22.96 22.93 23.93 24.82 25.70 25.06 24.98 24.74 24.81 24.93 24.82 24.63 24.56 23.16 21.33 20.56
traj-26:
34.64 33.52 31.73 30.00 28.97 27.58 25.98 25.20 23.44 23.12 22.84 22.41 21.95 22.18 22.52 22.97 24.27 25.71 26.25 27.73 28.91
20.05 20.18 20.35 20.75 21.14 21.44 22.17 22.58 22.38 23.69 25.09 26.09 27.94 29.12 30.98 32.73 33.50 34.44 34.71 35.03 35.18
traj-27:
37.64 36.31 35.24 33.66 32.57 30.75 29.43 27.75 26.06 24.90 23.44 23.38 23.30 23.17 23.08 22.94 22.52 22.22 21.73 20.81 19.12 17.97 17.09 15.66 15.09 13.50 12.58
20.55 20.48 20.40 20.28 20.24 20.18 20.14 20.10 20.06 20.03 19.02 17.26 15.51 14.05 12.68 11.60  9.92  8.46  6.79  5.61  5.07  5.30  5.44  5.65  5.67  6.88  8.59
traj-28:
35.16 33.22 32.36 30.65 29.46 27.75 26.38 24.94 24.06 22.56 21.87 20.00 19.00 17.25 15.49 13.81 12.52 10.54  9.45
22.43 22.63 22.73 22.89 22.90 22.87 22.81 22.74 22.70 23.84 24.60 24.79 24.50 24.61 24.88 24.99 25.04 24.79 24.28
traj-29:
37.97 36.27 35.17 33.54 32.94 31.10 30.40 28.91 26.99 25.95 24.21 22.91 22.08 22.78 23.28 23.38 23.44 23.53 23.63 23.77
20.99 20.92 20.83 20.73 20.69 20.69 20.67 21.26 21.72 21.82 22.20 23.29 24.02 25.60 27.33 29.05 30.50 32.35 33.44 34.53
traj-30:
35.88 35.37 33.41 31.42 29.66 28.77 27.01 25.61 24.88 23.90 22.74 21.80 21.29 21.46 21.70 22.07 22.32 21.87 21.71 20.22 18.84 17.48 16.05 15.46 13.54 11.65  9.79  8.14  6.30  5.40
20.63 20.48 20.14 20.19 20.21 20.31 21.02 21.24 21.06 20.42 18.84 17.08 15.79 13.98 12.22 10.28  8.53  6.85  6.28  5.10  4.98  4.94  4.91  4.90  4.68  4.78  5.02  5.12  5.02  5.09
traj-31:
37.76 37.46 35.62 35.18 33.34 32.56 30.93 30.04 28.31 27.00 25.11 23.58 22.93 21.19 21.03 20.43 18.91 17.45 16.85 15.06 13.26 12.24 10.49  8.76  8.16  6.52  4.92
20.43 20.49 20.29 20.32 20.33 20.41 20.64 20.72 20.75 20.55 20.25 20.37 20.31 21.05 22.46 24.21 24.58 24.85 24.88 24.76 24.78 24.72 24.81 24.92 24.93 24.87 24.86
traj-32:
34.35 32.42 31.70 30.66 29.64 27.93 27.64 25.75 24.71 23.46 23.58 23.82 23.85 23.88 23.78 23.65 23.68 24.44 25.90 26.77 28.07
22.10 21.70 21.60 21.23 20.90 20.82 20.87 20.72 20.68 20.61 22.54 24.13 25.60 26.47 28.21 29.66 31.39 33.00 33.05 33.13 33.68
traj-33:
36.04 35.74 34.12 32.86 31.63 30.92 29.03 27.06 25.91 24.25 22.56 22.17 21.73 21.45 21.37 21.27 21.40 21.50 21.65 21.66 21.80 21.21 20.36 18.65 16.73 15.17 13.53 11.82  9.87
20.47 20.52 21.07 21.25 21.28 21.21 21.65 21.96 22.21 22.50 21.71 20.85 19.75 17.80 16.83 15.30 13.85 12.53 11.00 10.42  8.70  7.02  5.46  4.65  4.43  4.73  5.25  5.91  6.31
traj-34:
33.63 31.88 30.47 29.87 28.17 26.39 25.20 23.47 21.82 21.18 20.03 18.80 17.21 15.38 14.30 12.48 11.90 10.04  9.33  9.63
22.73 22.89 22.84 22.82 22.75 22.72 22.75 22.75 22.62 23.04 24.32 24.52 24.76 24.85 24.76 24.52 24.49 24.08 22.33 20.95
traj-35:
34.65 32.94 31.02 29.24 28.64 26.87 25.12 23.57 23.61 23.65 23.79 23.64 23.64 23.74 25.37 25.96 27.87
22.51 22.69 22.89 22.94 22.96 22.97 22.99 23.98 25.90 26.49 28.27 30.03 30.63 32.09 33.07 33.10 33.44
traj-36:
36.49 34.89 33.11 31.35 29.92 28.50 27.01 25.03 24.15 23.76 22.55 22.73 22.75 22.83 22.87 22.88 22.99 23.01 22.71 22.35 21.97 20.97 19.21 17.32 16.18 14.26 12.91 11.34  9.38  8.87  6.98
22.60 22.81 22.87 22.89 22.92 22.91 22.91 22.87 22.77 21.14 19.69 17.98 17.68 15.76 14.60 13.64 11.88 10.72  9.04  7.30  6.82  5.55  5.01  4.95  4.79  4.83  5.08  5.25  5.48  5.60  5.68
traj-37:
34.83 33.78 32.17 31.06 29.12 27.77 26.46 24.77 23.06 21.90 20.59 19.20 18.24 16.34 14.86 13.14 11.46  9.79  8.17  6.73
21.72 21.60 21.43 21.27 21.47 21.74 21.89 22.19 22.61 22.93 24.23 24.27 24.40 24.47 24.68 24.91 25.05 24.54 24.10 23.64
traj-38:
35.50 33.67 32.92 31.13 29.81 28.41 27.43 25.69 24.81 23.24 22.43 21.86 22.21 21.29 22.06 22.60 23.00 23.05 24.52 25.67 27.38
22.09 21.66 21.45 21.31 20.86 20.53 20.27 20.18 20.10 21.03 22.44 24.20 25.26 26.50 28.32 30.12 31.94 32.23 33.01 33.21 33.87
traj-39:
37.80 36.93 35.23 34.37 32.59 30.81 30.26 28.55 26.81 25.04 23.55 23.48 23.04 22.82 22.92 22.88 22.93 22.91 22.93 22.71 22.45 21.99 21.63 21.23 19.33 17.39 15.68 15.39 13.70 12.68 11.43  9.88
22.55 22.64 22.90 22.90 22.85 22.78 22.81 22.84 22.90 22.92 23.71 21.87 20.03 18.72 17.06 15.30 13.69 13.12 11.42 10.32  9.27  7.56  6.48  5.69  5.19  5.18  5.20  5.27  5.58  5.50  5.63  5.32
traj-40:
37.43 36.28 34.81 33.33 31.87 31.02 29.83 28.34 26.63 25.46 24.60 22.77 21.09 19.25 17.38 16.36 14.45 12.70 11.56  9.83  9.53  7.86  6.49
22.73 22.79 22.87 22.89 22.93 22.91 22.91 22.92 22.88 22.95 22.93 23.58 24.10 24.68 24.68 24.68 25.03 25.12 25.14 25.09 25.10 24.60 24.05
traj-41:
36.08 34.46 32.85 31.90 30.75 29.03 27.30 25.84 24.44 22.90 22.17 21.31 21.34 21.19 21.19 21.16 21.85 22.22
20.32 20.42 20.65 21.26 22.06 22.22 22.37 22.43 22.67 23.38 24.05 24.85 26.79 28.07 29.83 30.42 32.01 32.78
traj-42:
37.35 35.65 35.14 33.21 31.48 29.71 27.71 27.41 25.67 23.76 23.58 23.04 22.66 22.12 21.62 21.39 21.51 22.05 22.56 22.94 22.58 22.36 20.69 20.28 18.55 17.44 15.51 15.22 13.48
22.33 22.56 22.60 22.79 22.85 22.90 22.86 22.85 22.85 22.62 21.75 19.93 19.03 17.33 15.80 15.29 13.46 12.44 11.22  9.62  7.99  6.88  5.85  5.42  4.93  4.95  5.40  5.47  5.87
traj-43:
33.87 33.57 31.65 31.05 29.14 28.25 26.26 24.52 23.39 23.19 22.96 21.57 21.11 19.40 18.69 16.80 14.87 12.99 11.07  9.73  7.80  7.50  5.68  4.28
22.29 22.26 22.29 22.35 22.68 22.73 22.86 23.00 24.32 26.01 27.99 26.56 25.87 25.13 24.97 24.99 24.64 24.67 24.23 24.02 23.62 23.58 23.29 23.15
traj-44:
35.72 34.03 33.43 31.71 30.23 28.49 27.89 25.98 25.86 24.99 25.93 24.17 23.09 22.78 22.51 22.07 21.66 21.47 21.20 20.60 20.48
22.64 22.88 22.89 22.90 22.92 22.89 22.90 22.99 22.98 23.00 21.90 22.27 23.93 25.29 26.32 28.09 29.23 30.45 31.63 33.35 33.71
traj-45:
36.22 34.36 34.06 32.37 30.66 29.26 28.74 27.02 25.35 23.69 23.11 22.70 22.36 22.45 22.80 22.89 22.90 22.60 22.23 21.78 21.68 20.74 19.21 17.50 16.92 15.24 13.82 12.51 11.65  9.92  8.12  7.43
20.98 21.04 21.04 21.13 21.23 21.08 21.38 21.75 22.14 21.91 21.48 20.20 18.49 17.59 15.64 14.57 13.45 11.56  9.89  7.96  7.38  5.88  5.19  5.31  5.46  5.81  6.89  8.38  9.03  8.78  8.29  6.92
traj-46:
38.82 36.85 35.44 34.25 32.68 30.69 29.23 27.77 26.31 25.15 23.34 22.15 21.13 19.47 17.60 16.61 15.28 14.06 12.63 10.94 10.66  9.24  8.08  7.48
22.09 22.27 22.41 22.52 22.73 22.79 22.81 22.84 22.85 22.88 22.72 23.28 23.83 24.37 24.60 24.66 24.82 24.96 25.12 24.88 24.63 23.26 22.23 22.02
traj-47:
33.87 32.77 31.23 30.17 28.35 28.05 26.34 25.06 24.90 24.21 22.43 22.06 21.81 21.83 21.79 21.63 22.24 22.95
21.14 21.00 20.82 20.59 20.15 20.18 20.36 21.74 22.00 22.94 22.77 24.72 25.86 27.66 28.90 30.10 31.91 33.23
traj-48:
38.29 37.14 35.71 34.81 33.33 31.84 30.68 28.90 27.12 25.64 24.75 23.46 23.16 22.52 22.84 22.95 22.96 23.06 22.84 22.73 22.54 22.47 21.80 21.51 19.70 17.80 16.39 15.22 13.75 12.40 10.61  8.72  6.83
22.64 22.75 22.86 22.91 22.92 22.92 22.91 22.92 22.93 22.92 22.87 21.95 20.90 19.01 18.16 16.16 14.25 12.82 11.42 10.54  8.79  7.89  6.30  5.79  5.04  5.27  5.48  5.65  5.94  6.30  6.20  6.55  6.82
traj-49:
36.48 34.77 32.89 30.96 29.14 27.38 25.71 24.57 22.98 21.65 19.87 18.83 18.68 16.88 15.15 13.62 11.91 10.50  9.48  8.97  7.74  6.79  5.91
21.05 21.05 21.17 21.39 21.18 21.53 22.11 22.38 22.72 23.19 24.03 24.25 24.51 24.81 24.92 24.95 24.66 24.29 23.41 22.14 20.60 19.71 19.00
traj-50:
37.13 36.26 35.07 34.52 33.06 31.85 30.54 29.08 27.40 26.35 24.96 23.60 23.37 23.02 22.40 21.60 21.47 21.30 20.34 18.95 17.23 15.27 13.71 12.82 11.05 10.25  9.21  7.72
21.50 21.28 21.22 21.30 21.62 21.74 21.84 21.87 22.12 22.42 22.60 23.77 24.62 26.29 27.99 29.72 30.61 32.32 33.48 33.68 33.08 33.11 33.13 33.16 33.59 34.00 34.55 35.35
traj-51:
36.62 35.02 33.64 32.00 31.49 29.57 28.49 26.63 25.06 24.59 23.16 21.93 21.42 21.10 21.09 21.18 21.40 21.50 21.62 22.26 22.64 22.41 21.21 19.47 17.51 16.23 15.39 13.40 12.24 11.19  9.59  8.00  6.80  5.01
21.07 20.68 20.22 20.32 20.52 21.05 20.75 20.50 20.27 20.78 21.44 20.97 19.24 18.01 16.83 15.67 14.26 12.28 12.01 10.29  9.09  7.19  5.66  5.21  4.89  4.65  4.45  4.46  4.63  4.88  5.33  6.00  6.25  6.66
traj-52:
36.18 34.21 33.91 32.20 31.01 29.24 28.35 26.89 25.99 24.51 24.82 23.20 22.30 20.54 19.59 18.07 16.14 15.05 13.37 12.50 10.69 10.02  9.39  9.42  9.54
22.34 22.57 22.62 22.95 22.93 22.94 22.94 22.94 22.94 22.96 21.98 22.33 23.10 24.03 24.33 24.67 24.91 24.96 25.03 25.06 24.62 24.04 22.75 21.96 20.24
traj-53:
34.57 32.73 31.84 30.26 28.66 27.52 25.55 24.33 23.63 23.61 23.48 22.81 22.17 22.03 21.37 20.28 18.44 17.59 15.70 15.29 13.77
20.03 20.07 20.09 20.45 21.20 21.49 21.67 21.88 23.52 24.98 26.39 28.23 30.08 30.63 32.46 33.44 33.86 33.59 34.15 34.41 35.43
traj-54:
36.80 35.63 33.97 32.20 31.01 30.12 28.36 26.63 24.89 23.43 21.96 21.44 21.25 21.09 21.10 21.14 21.20 21.22 21.39 21.51 21.65 22.05 21.64 20.57 18.61 17.46 16.04 14.89 13.28 12.85 12.24
22.58 22.71 22.84 22.96 22.91 22.91 22.92 22.91 22.90 21.85 20.97 19.59 18.49 17.37 16.49 14.74 13.58 12.30 11.29 10.79 10.34  8.45  7.07  5.62  5.29  5.45  5.65  5.77  6.59  7.41  8.49
traj-55:
37.77 36.99 35.16 33.76 32.78 32.49 30.60 29.66 28.40 26.66 24.87 24.08 23.20 21.85 20.52 18.88 18.07 16.49 14.90 13.02 11.27 10.11  9.03
20.52 20.43 20.37 20.46 20.54 20.49 20.24 20.21 20.22 20.13 20.15 20.99 21.93 22.87 24.08 25.03 24.96 24.96 24.93 24.88 24.85 24.82 23.42
traj-56:
38.72 37.37 35.63 34.26 33.15 31.48 29.66 28.84 27.11 26.46 24.96 23.81 23.27 22.92 22.92 21.82 22.30 22.13 22.05 20.61 18.79 17.45 15.72
22.22 22.17 22.04 21.80 21.54 21.24 21.23 21.31 21.36 21.31 21.95 23.23 24.47 25.97 27.07 28.03 29.90 31.49 32.38 33.59 33.99 34.17 34.32
traj-57:
36.20 34.58 33.99 32.32 30.43 29.69 27.73 26.96 25.80 24.44 23.67 23.49 23.37 23.20 22.83 22.59 22.21 21.95 21.59 20.82 19.34 17.50 16.76 15.35 13.94 12.98 11.20  9.85
21.60 21.93 22.00 22.11 21.69 21.57 21.33 20.97 20.70 20.14 18.33 16.55 15.66 14.24 12.29 10.31  8.65  7.80  6.44  5.25  5.11  5.05  5.15  5.55  5.98  5.85  5.14  4.35
traj-58:
35.20 34.49 33.27 31.35 30.33 28.42 26.82 26.23 24.86 23.61 22.23 20.89 19.35 18.54 17.00 15.41 13.51 12.71 11.03  9.22  8.49  7.94
20.64 20.40 20.05 20.36 20.60 20.30 21.04 21.03 21.68 23.22 24.26 25.11 24.94 24.79 24.71 24.67 24.85 24.73 24.50 24.21 22.42 22.21
traj-59:
37.24 35.44 34.42 32.77 31.88 30.11 28.97 27.80 26.32 24.85 23.39 22.94 22.17 21.13 21.30 21.47 21.04 20.26 18.70 17.55 15.97 14.36 13.62 12.26 10.84
21.78 21.71 22.07 22.52 22.60 22.76 22.86 22.89 22.88 22.81 23.75 24.53 26.19 27.67 29.38 31.06 32.05 33.03 33.34 33.54 34.04 34.63 34.92 35.34 35.71
traj-60:
34.89 33.21 31.25 30.65 29.20 27.46 25.71 24.87 23.59 23.23 21.84 21.27 21.64 22.06 22.34 22.51 22.53 22.66 22.74 22.77 22.77 22.42 22.23 21.93 20.91 19.16 17.55 15.89 14.46 13.14 11.67 10.01  8.83  7.30  6.50  4.96
22.04 22.25 22.48 22.56 22.76 22.84 22.88 22.91 23.88 24.36 25.58 24.14 22.81 21.03 19.69 17.83 17.53 15.81 14.33 12.72 11.83 10.39  8.71  7.00  5.88  4.96  5.03  5.05  5.07  5.46  5.89  6.28  6.65  7.10  7.65  8.76
traj-61:
35.86 34.24 33.38 32.03 30.13 28.79 26.90 25.08 24.79 22.98 22.60 21.99 21.85 20.69 18.88 17.50 16.10 14.35 12.51 11.06  9.37  8.79  7.54  6.15
22.03 22.00 21.93 21.78 21.45 21.22 20.81 20.68 20.74 21.39 22.12 23.35 24.41 25.29 25.03 24.85 24.72 24.69 24.44 24.23 23.22 21.66 20.29 20.21
traj-62:
38.35 36.60 34.64 33.22 32.12 30.37 28.59 27.39 25.98 25.39 23.67 23.30 22.80 22.49 22.59 22.49 22.09 21.38 20.55 18.85
22.02 22.22 22.45 22.63 22.76 22.87 22.95 22.98 22.96 22.97 23.93 25.64 26.97 28.93 29.47 31.15 32.54 34.41 34.67 34.88
traj-63:
37.11 35.98 33.99 32.52 31.09 29.91 28.12 27.23 25.48 24.62 23.76 22.37 22.07 22.11 22.45 22.68 22.71 22.87 22.98 23.20 23.08 22.99 22.94 22.70 21.08 19.27 18.76 17.12 15.22 14.45 13.01
22.59 22.64 22.79 22.81 22.85 22.87 22.91 22.90 22.85 22.87 23.39 23.96 22.01 21.43 19.86 18.25 16.59 14.99 14.11 12.14 10.40  8.66  8.37  6.39  5.42  5.01  4.91  4.94  5.09  5.55  6.69
traj-64:
33.98 32.72 30.88 29.50 28.86 28.02 26.22 25.30 23.78 22.24 21.02 20.24 19.73 18.51 17.24 16.00 14.96 13.85 12.75 11.28  9.57  9.62
20.94 20.61 20.34 20.23 20.12 20.16 20.45 21.08 22.33 23.09 23.72 24.08 24.67 24.73 24.79 24.91 24.97 25.03 25.10 25.11 24.26 22.81
traj-65:
37.69 35.82 34.00 33.18 31.56 29.75 28.91 27.20 26.16 24.59 23.14 22.93 21.99 21.88 22.01 21.24 21.37 21.46 21.55 21.35 20.62 19.28 17.37 15.96 15.36 13.62
21.59 21.29 21.09 20.91 20.48 20.25 20.20 20.17 20.34 20.48 21.13 21.34 23.02 24.86 25.44 26.57 27.89 29.04 30.29 32.07 33.55 34.33 34.37 34.43 34.46 34.51
traj-66:
36.63 35.82 34.38 32.55 31.15 29.18 28.47 26.92 25.07 23.41 22.83 22.59 22.60 22.53 22.45 22.16 22.00 21.92 21.44 21.13 20.00 18.38 16.62 14.96 13.61
22.27 22.26 22.19 21.65 21.59 21.61 21.52 21.22 20.91 19.81 18.84 17.21 16.15 14.87 13.75 11.78 10.80  8.98  7.49  6.51  4.97  4.92  4.91  5.50  6.73
traj-67:
34.18 33.11 31.68 29.89 28.12 26.64 25.44 24.26 23.27 22.36 21.26 19.35 18.33 16.37 14.47 12.62 11.25  9.45  9.17
22.42 22.74 22.91 22.93 22.90 22.89 22.90 22.90 23.45 24.81 25.65 25.10 25.05 24.87 24.88 24.91 24.97 24.78 24.66
traj-68:
35.91 35.11 33.70 32.12 30.73 30.03 28.47 26.70 24.97 23.83 22.81 22.41 21.62 21.53 21.40 21.32 21.12 21.35 21.60
20.95 20.79 20.48 20.58 21.00 21.26 22.17 22.23 22.32 22.39 23.60 24.15 25.41 27.33 28.89 29.59 31.53 32.85 34.49
traj-69:
36.81 36.22 34.30 33.27 31.65 29.86 28.14 26.14 25.25 23.73 22.83 23.34 23.13 22.81 22.60 22.76 22.81 22.96 22.62 22.45 21.96 21.88 21.37 20.56 18.68 16.71 16.41 14.65 12.90 12.03
22.31 22.45 22.81 22.87 22.94 22.91 22.97 22.99 22.96 23.79 22.49 20.73 19.98 18.59 16.72 15.02 14.45 12.75 11.46 10.68  8.86  8.57  6.89  5.35  5.14  5.19  5.23  5.51  6.22  7.50
traj-70:
36.14 35.57 33.96 31.98 30.38 28.53 26.62 24.96 23.57 23.56 23.08 23.02 22.07 20.37 18.50 16.59 14.60 13.18 11.30  9.58  8.71
21.01 20.88 20.64 20.55 20.67 20.64 20.56 21.19 22.29 22.43 24.29 24.58 26.25 25.35 25.04 25.01 24.95 24.91 24.76 24.51 24.36
traj-71:
33.62 32.30 31.15 29.42 28.54 26.61 24.66 24.36 22.57 22.27 21.45 21.68 22.10 21.54 21.39 21.32 21.31 21.33 22.45 22.65
20.09 20.08 20.12 20.14 20.15 20.10 20.01 20.00 20.06 20.04 21.75 22.92 24.68 26.57 28.31 29.73 30.63 32.22 33.81 34.04
traj-72:
35.56 33.85 33.26 31.59 30.43 29.54 28.06 27.47 26.05 24.56 22.87 23.04 22.67 22.26 22.29 22.65 22.87 23.00 23.11 23.15 23.27 22.67 22.02 20.47 19.43 17.88 16.07 15.24 13.64 12.80 11.31  9.50  8.76  7.73  6.29  5.17
22.60 22.77 22.78 22.81 22.83 22.84 22.85 22.82 22.94 22.96 23.58 22.31 20.34 18.43 17.89 16.28 14.36 13.20 11.24 10.94  9.18  7.59  5.93  5.25  5.22  5.16  5.25  5.37  6.42  7.87  7.57  6.80  6.52  5.82  4.50  4.16
traj-73:
35.13 33.26 32.42 31.05 29.19 27.41 25.53 23.95 23.27 21.65 20.26 18.30 18.02 17.02 16.01 14.04 12.31 11.74 10.35  9.36  9.22  9.59  9.82  9.93
20.26 20.47 20.52 20.69 21.07 21.38 21.77 22.38 22.67 23.64 24.15 24.21 24.33 24.57 24.63 24.75 24.77 24.72 24.30 23.57 21.93 20.28 18.34 17.46
traj-74:
34.79 33.09 31.22 29.32 27.68 25.90 25.31 23.41 22.84 21.17 21.62 22.13 21.46 21.39 21.23 21.24 21.62 22.47
20.22 20.11 20.24 20.42 20.61 21.26 21.30 21.65 21.58 22.07 23.42 25.03 26.78 28.29 29.54 30.38 31.82 33.23
traj-75:
34.74 34.24 32.27 30.33 28.51 27.42 25.79 24.20 23.83 23.80 23.70 23.77 23.86 23.91 23.90 22.95 22.82 22.32 21.96 20.16 19.86 19.29 18.97 17.26 16.97 15.23 13.53 12.91 12.10 10.72  8.88  7.08  6.54
21.60 21.46 21.18 20.88 20.92 20.74 20.80 20.52 18.77 18.47 16.74 15.34 13.40 11.64 10.81  9.38  7.91  6.19  5.04  4.41  4.45  4.67  4.72  5.02  5.09  5.49  6.39  7.65  9.16  9.26  9.49  9.70  9.67
traj-76:
37.21 35.44 33.74 32.03 30.93 29.78 28.06 27.51 26.05 24.86 23.48 21.91 21.15 19.40 17.50 15.68 13.69 12.09 11.24  9.79  8.05  7.41  6.73  6.30
22.19 22.43 22.63 22.76 22.78 22.80 22.87 22.88 22.91 22.91 23.60 23.93 23.68 24.48 24.52 24.59 24.65 25.07 25.09 25.18 24.98 23.43 21.70 21.32
traj-77:
35.11 34.00 32.32 30.35 28.90 27.13 25.37 23.85 23.51 22.64 22.05 22.34 22.67 23.14
21.96 22.18 22.43 22.64 22.84 22.83 22.94 23.95 25.88 27.58 29.20 30.51 32.15 33.73
traj-78:
38.19 37.62 35.91 34.75 32.97 31.52 30.03 29.37 27.96 27.07 25.91 24.74 23.55 23.48 22.54 21.93 21.35 21.82 22.52 22.63 22.85 22.78 22.63 22.53 22.51 22.47 22.23 22.11 21.73 20.78 19.51 18.81 17.03 15.28 13.56 12.52 11.68 11.28 10.43 10.20  8.78  8.54
22.25 22.38 22.65 22.74 22.86 22.91 22.91 22.91 22.89 22.89 22.91 22.91 24.40 25.84 27.37 26.35 24.55 22.81 21.04 20.76 18.97 18.18 16.34 14.57 13.97 12.51 10.96  9.10  7.17  5.66  4.90  4.91  4.73  4.46  5.17  5.58  6.43  7.30  8.67  9.13 10.38 10.56
traj-79:
35.02 34.73 32.96 31.64 30.21 28.42 27.56 26.19 24.90 23.77 22.22 21.62 19.88 19.13 17.88 15.93 14.49 12.85 11.75  9.90  8.57
20.74 20.79 21.33 21.32 20.60 20.30 20.25 20.54 21.10 21.67 22.86 23.47 24.24 24.58 25.00 24.97 24.95 24.86 24.81 24.08 22.66
traj-80:
38.98 37.63 35.95 34.50 33.90 32.42 30.54 29.13 27.30 26.12 25.58 24.12 23.21 22.01 21.41 21.29 21.18 21.13 21.15 21.32 21.27
20.21 20.20 20.15 20.12 20.15 20.18 20.24 20.30 20.42 21.20 21.85 22.88 24.54 25.82 27.33 27.74 29.65 30.25 31.93 33.81 34.11
traj-81:
38.54 36.99 35.86 34.03 32.10 32.04 30.68 29.70 27.85 27.42 25.80 24.84 23.46 23.22 23.02 22.97 22.91 23.04 23.18 22.75 22.44 21.81 21.53 20.36 18.82 17.02 15.26 13.62
20.70 20.47 20.39 20.23 20.42 20.72 21.32 21.80 21.52 21.46 21.15 20.33 19.13 17.37 15.91 14.14 12.97 12.11 10.69  9.35  8.58  7.29  6.76  5.19  4.98  4.79  4.81  4.98
traj-82:
37.53 35.79 34.94 33.49 31.87 30.54 29.65 28.14 26.27 24.57 23.54 22.63 21.55 20.02 18.45 16.79 15.07 14.77 12.80 11.48  9.94  8.72  7.03  5.57
20.09 20.11 20.13 20.12 20.14 20.16 20.16 20.14 20.11 20.23 20.44 22.06 23.21 24.09 24.42 25.16 25.04 25.07 24.86 24.71 23.84 23.37 22.62 22.14
traj-83:
38.65 37.25 35.39 34.35 32.98 31.30 29.31 28.87 27.16 25.26 24.29 23.80 23.12 22.10 21.56 21.83 21.89 21.61 21.13 19.53 17.69 15.80 13.93 12.90
20.16 20.18 20.15 20.11 20.17 20.25 20.38 20.40 20.16 20.43 21.88 22.63 23.60 25.08 26.76 28.20 29.62 31.56 32.54 33.16 33.11 33.29 33.34 34.57
traj-84:
35.93 34.03 32.61 31.73 30.60 28.78 28.18 26.49 25.65 23.84 23.39 23.04 22.97 22.90 22.79 22.57 22.42 22.12 21.77 21.15 20.03 18.25 16.57 14.89 12.96
22.37 21.79 21.58 21.54 21.57 21.56 21.53 21.30 21.07 20.62 19.47 17.67 16.47 14.61 13.19 11.39 10.33  8.86  7.31  6.54  5.00  5.07  5.09  5.15  5.24
traj-85:
37.81 37.22 35.37 33.67 32.50 30.54 29.09 27.64 26.74 25.60 24.34 23.45 22.90 21.25 20.50 18.69 17.03 16.44 14.62 12.90 11.22 10.04  8.26  6.89  5.57  4.32
20.58 20.57 20.26 20.15 20.09 20.25 20.57 20.65 21.14 21.95 22.57 23.93 25.41 25.73 25.43 24.98 24.91 24.92 24.91 24.89 24.65 24.07 23.36 23.13 23.02 22.82
traj-86:
36.94 35.19 33.77 33.03 31.43 30.92 29.20 27.92 26.63 25.19 23.50 22.05 21.18 21.68 22.67 22.92 23.15 23.65 24.84
22.18 21.87 21.60 21.47 21.40 21.43 21.51 21.72 21.85 22.13 23.00 24.33 25.79 27.52 29.22 30.67 31.72 33.39 34.59
traj-87:
37.63 36.47 34.48 33.02 31.14 29.36 28.21 26.52 24.83 23.93 23.24 22.85 22.66 22.33 22.24 22.22 22.13 21.91 21.53 20.84 19.33 17.98 17.13 15.41 13.65 12.50 10.51  9.56  7.65  5.86
22.40 22.41 22.32 21.67 21.61 21.62 21.52 21.09 20.48 20.40 18.86 17.01 15.95 14.19 12.32 11.07  9.49  8.12  6.76  5.49  5.17  5.23  5.30  5.57  6.49  6.91  6.98  6.72  6.83  6.98
traj-88:
37.97 36.27 34.81 33.08 31.32 30.43 28.64 26.90 26.60 24.87 24.57 23.48 23.23 22.18 21.20 19.45 17.61 15.66 15.36 13.40 12.56 10.58  9.04  9.25  9.37  9.49
22.61 22.88 22.91 22.91 22.91 22.91 22.89 22.96 22.96 22.96 22.96 24.51 25.02 26.56 25.52 24.91 25.00 25.14 25.18 25.16 25.11 25.05 23.92 22.30 20.59 18.60
traj-89:
38.95 37.81 36.61 34.84 33.37 31.90 30.19 28.70 27.00 26.40 24.44 23.69 23.13 23.18 23.20 23.27 23.36 23.40 23.58 25.25 26.58 28.48 30.18
22.55 22.63 22.71 22.84 22.91 22.91 22.93 22.89 22.88 22.88 22.88 22.90 23.20 25.10 26.00 27.14 29.09 30.55 32.03 33.08 33.16 33.18 33.31
traj-90:
37.04 35.63 33.84 32.07 31.18 30.02 29.12 27.69 26.51 25.02 23.85 23.45 23.25 23.08 21.82 21.61 21.27 22.12 22.40 22.45 22.66 22.79 23.02 23.09 23.12 23.09 22.59 22.33 21.53 20.77 19.11 17.48 16.66 15.01 13.32 11.59  9.86
22.73 22.95 22.94 22.92 22.90 22.88 22.88 22.89 22.93 22.98 23.61 24.56 25.70 26.85 25.36 24.50 22.56 21.21 20.03 19.23 17.59 16.74 14.76 12.98 11.23 10.68  8.77  7.99  6.17  5.46  4.97  4.86  4.77  4.62  4.52  4.49  4.51
traj-91:
36.06 34.47 32.84 30.91 29.22 28.65 26.66 24.73 23.10 22.99 21.26 19.91 18.00 17.40 15.43 13.45 12.57 11.21  9.77
21.31 21.68 21.94 22.02 22.41 22.60 22.71 22.86 23.81 24.09 24.70 24.87 24.90 24.90 24.86 24.81 24.62 24.40 23.45
traj-92:
36.25 35.28 33.67 32.80 30.88 29.00 28.23 27.56 26.31 24.67 24.06 23.39 23.39 23.47 23.51 23.52 23.50 23.51 25.14 25.96 27.18
21.47 21.70 21.37 21.21 20.88 20.47 20.66 20.73 20.97 21.12 21.29 23.09 24.79 25.95 27.73 29.52 30.37 32.13 33.05 33.16 33.32
traj-93:
34.57 32.68 30.85 29.62 28.14 26.25 24.67 23.08 22.89 22.66 22.76 22.91 22.99 22.79 22.15 21.89 20.91 19.69 18.89 17.45 15.69 14.32 12.41 11.43 10.04  8.37  7.08  6.14
21.47 21.24 21.19 21.03 20.87 21.01 20.76 19.63 18.45 16.67 15.53 13.66 11.68  9.71  7.86  7.02  5.56  5.13  5.16  5.15  5.34  5.75  6.35  6.81  7.54  8.01  8.55  8.94
traj-94:
36.21 34.58 32.69 32.17 30.47 29.00 28.26 26.82 25.20 24.65 23.25 21.84 20.53 19.11 17.15 16.97 15.11 13.23 11.80 10.48  8.88  8.03  8.06  8.64  9.07  9.54
20.78 20.53 20.28 20.23 20.18 20.20 20.31 21.02 21.94 22.12 22.53 23.31 24.17 24.26 24.41 24.64 24.85 24.71 24.50 24.23 23.70 22.35 21.48 19.82 18.91 17.83
traj-95:
35.64 33.69 31.69 30.85 29.39 28.24 26.51 24.73 23.74 23.49 23.15 22.62 22.58 23.09 22.90 22.52 21.14 20.31
22.35 22.77 22.80 22.85 22.89 22.89 22.87 22.87 24.03 25.72 27.34 28.86 29.31 31.17 32.30 33.84 35.07 35.23
traj-96:
36.67 36.38 34.55 32.65 30.67 29.13 27.38 26.79 25.18 23.89 22.71 22.78 22.99 23.18 23.15 23.16 22.82 22.29 21.68 21.43 20.05 19.01 17.37 16.21 14.52 12.94 12.67
22.30 22.25 21.88 21.75 21.58 21.40 21.21 21.12 20.75 20.02 18.87 17.51 15.58 13.60 12.14 11.24  9.55  8.50  6.99  6.41  4.99  5.13  5.28  5.42  5.93  6.70  6.82
traj-97:
34.44 32.86 31.77 29.93 28.02 27.77 25.86 24.97 23.33 21.86 20.48 19.18 17.39 15.62 13.77 11.80 10.43  9.07  9.00  7.69  6.38  5.13  4.50
21.99 21.79 21.69 21.56 21.86 22.02 22.52 22.48 23.49 24.71 24.59 24.41 24.66 24.82 24.90 24.90 24.71 23.37 22.71 21.21 19.95 18.49 17.80
traj-98:
35.71 34.73 33.07 31.63 30.57 29.05 27.84 26.13 25.76 25.03 23.25 23.07 22.90 22.29 21.79 21.62 21.50 21.72 21.88 22.10
20.97 20.74 20.51 20.43 20.63 21.10 21.15 21.14 21.10 20.69 20.59 22.54 23.24 25.06 25.80 27.16 28.35 29.39 31.13 32.74
traj-99:
39.11 37.21 35.76 33.87 32.29 31.15 29.94 28.28 26.73 25.01 24.34 23.63 21.78 21.69 22.40 22.47 22.64 22.65 22.64 22.44 22.36 22.20 22.05 21.79 20.75 19.09 17.34 15.37 14.78 13.04 11.31
20.20 20.25 20.25 20.25 20.31 20.31 20.50 20.66 21.06 21.51 21.74 22.07 22.33 21.00 19.26 17.93 15.98 14.55 13.65 11.76 10.87  9.40  8.22  6.49  5.49  4.96  5.15  5.04  5.15  5.79  6.30
traj-100:
36.18 35.32 33.48 32.11 30.97 28.99 27.25 26.16 24.81 23.26 23.01 21.77 20.06 18.22 16.99 15.95 15.19 14.50 13.11 11.41  9.70  9.20  7.68  5.89  4.85
20.43 20.37 20.37 20.26 20.25 20.53 20.97 21.13 21.59 22.71 22.88 24.38 25.07 24.56 24.25 24.38 24.73 24.81 24.93 25.00 24.38 24.06 23.19 23.14 23.56
traj-101:
35.27 33.89 32.11 30.53 29.95 28.23 26.95 25.93 24.24 22.89 22.18 21.44 21.74 22.04 22.15 22.70 23.21 23.46 24.36 26.09 27.85 29.59 30.48
21.28 21.35 20.86 20.42 20.34 20.22 20.14 20.11 20.49 21.03 22.12 23.83 25.20 26.93 27.75 29.59 31.14 32.41 33.02 33.06 33.09 34.02 34.30
traj-102:
35.32 34.57 33.02 31.66 29.96 29.19 27.83 26.71 24.97 23.23 23.00 22.55 22.09 21.69 21.63 21.60 21.43 21.42 21.33 21.15 21.15 21.08 20.92 19.24 17.79 15.85 15.04 13.63 12.99 11.54  9.92  8.16
20.42 20.52 20.48 20.53 21.13 21.52 21.94 22.21 22.42 21.72 20.87 19.02 17.13 15.81 14.74 13.50 12.60 11.95 10.43  8.61  7.47  6.02  5.77  5.08  5.09  5.37  5.69  6.52  7.47  7.13  7.02  6.76
traj-103:
36.45 35.26 33.54 32.13 30.20 28.22 26.45 24.99 23.39 21.94 20.22 18.24 16.48 15.62 13.68 11.82 10.53  9.23  8.95  8.15
22.68 22.75 22.74 22.80 22.88 22.90 22.88 22.92 23.82 24.89 25.20 25.07 25.00 25.01 24.96 24.38 24.03 23.29 21.97 20.23
traj-104:
39.11 37.84 36.16 34.34 33.80 32.20 30.82 29.11 27.65 25.67 24.49 23.33 23.35 23.51 23.49 23.48 23.50 23.58 23.57 22.04 20.32 20.02
21.40 21.21 21.02 21.15 21.36 21.95 22.18 22.45 22.64 22.91 22.94 24.45 25.89 27.29 28.44 29.60 31.07 32.81 34.00 35.21 35.44 35.46
traj-105:
36.22 37.31 35.98 34.57 32.85 31.43 29.68 28.21 27.06 25.72 24.45 23.21 22.65 22.47 22.40 22.08 22.06 22.11 21.95 21.80 21.51 21.07 19.42 18.74 16.95 16.38 14.80 13.96 13.60
22.44 22.00 21.56 21.48 21.37 21.31 21.09 20.87 20.67 20.40 20.14 19.04 17.95 16.23 15.62 13.99 12.88 11.15  9.46  7.83  6.75  5.81  4.99  5.08  5.24  5.41  5.94  7.52  9.46
traj-106:
37.85 36.13 34.38 32.69 31.50 30.17 28.68 27.80 26.18 24.42 23.21 21.76 19.82 17.89 16.40 15.85 14.16 13.31 11.37  9.76  9.51  7.81  6.96  5.37
20.17 20.20 20.22 20.21 20.27 20.36 20.45 20.56 21.32 22.07 23.35 24.53 24.89 24.85 24.93 24.89 24.97 24.93 24.62 23.65 23.49 23.04 23.02 22.89
traj-107:
37.53 35.79 34.06 32.33 30.62 28.90 27.42 26.58 25.01 24.01 23.03 21.71 21.54 21.70 21.91 21.80 21.80 21.52 20.28 18.91 17.61 15.91 14.80
21.28 21.06 20.82 20.15 20.14 20.12 20.10 20.08 20.15 21.33 21.84 23.19 24.82 26.41 27.52 29.52 30.21 31.87 33.05 33.38 33.56 34.35 34.91
traj-108:
38.66 36.97 35.26 34.39 32.43 30.69 29.20 28.03 26.27 25.11 23.63 23.43 22.40 21.05 21.71 22.35 22.95 22.29 22.23 22.18 22.23 22.31 22.29 22.19 21.89 21.70 20.63 19.17 17.45 16.01 15.02 13.66 13.11 11.70 10.61
22.05 22.38 22.71 22.79 22.89 22.93 22.86 22.83 22.78 22.82 23.85 24.07 25.23 24.62 23.11 21.59 20.20 18.53 16.65 14.96 13.90 12.00 10.86  9.68  7.74  6.87  5.50  5.04  5.08  5.27  5.35  5.92  6.27  7.41  8.73
traj-109:
34.14 32.54 30.68 29.25 28.65 28.07 27.77 25.96 24.92 23.14 22.17 21.21 19.43 18.84 17.41 16.20 15.98 14.15 12.21 10.47  8.99  8.49  7.77  6.34  4.54  4.24
21.47 20.88 20.26 20.16 20.14 20.75 20.72 20.52 20.33 21.24 22.65 23.75 24.58 24.51 24.31 24.42 24.63 24.86 24.82 24.11 22.96 22.15 20.96 19.75 19.41 19.42
traj-110:
35.93 34.81 33.15 31.21 30.34 28.43 27.28 25.60 23.90 23.86 23.81 23.76 23.69 23.61 23.77 24.41 24.67
21.91 21.96 22.13 22.32 22.23 22.39 22.46 22.73 22.94 24.81 25.69 27.39 28.51 30.23 31.71 33.44 33.58
traj-111:
34.35 35.70 34.47 32.74 30.97 29.22 27.69 25.79 24.02 23.39 23.18 22.97 22.99 22.98 22.78 22.45 22.16 21.59 20.76 18.98 17.78 16.50 14.75 13.54 12.32 10.36  9.22
22.63 21.92 21.67 21.45 21.19 21.04 20.74 20.40 20.23 19.84 18.23 16.47 15.20 13.30 11.67  9.91  8.16  6.92  5.37  4.94  4.87  4.75  4.67  4.69  4.56  4.39  4.24
traj-112:
34.66 32.90 31.04 29.60 27.67 26.29 25.74 24.10 22.55 21.68 20.56 19.54 17.74 16.26 15.02 13.02 11.65  9.76  7.81  7.63  7.65  7.76  6.84
20.81 20.54 20.87 21.24 21.71 22.09 22.32 22.98 23.75 24.41 25.38 25.13 24.99 25.02 25.03 25.03 24.98 24.42 24.37 22.67 22.37 20.45 18.70
traj-113:
37.90 37.32 35.58 34.69 33.22 32.06 30.89 29.15 27.40 26.50 24.76 23.16 22.63 22.21 22.08 21.92 21.77 21.29 20.85 19.44 18.27 16.59 16.03
22.66 22.75 22.87 22.89 22.87 22.88 22.86 22.89 22.94 22.90 22.81 23.86 25.56 27.14 27.99 29.26 30.31 32.25 33.92 34.57 34.71 34.69 34.82
traj-114:
38.82 37.32 35.43 33.48 32.02 30.22 28.64 27.35 26.11 24.19 23.36 22.49 22.00 21.18 21.11 21.13 21.15 21.16 21.36 21.46 21.95 21.51 21.29 19.87 17.93 17.34 15.39 13.95 12.25 10.44  8.62  7.77
21.07 20.97 20.94 20.71 20.96 20.78 20.45 20.24 20.42 20.11 19.19 18.24 17.83 16.65 15.50 14.63 13.17 11.38  9.43  8.75  8.42  6.48  6.28  4.99  5.07  5.17  5.57  5.90  6.66  7.01  7.26  7.18
traj-115:
33.88 32.74 30.97 29.20 28.90 27.18 25.43 23.90 23.39 23.21 21.91 20.61 19.35 18.40 16.69 15.35 14.05 13.05 11.89 10.16  8.43  6.76  5.06
22.22 22.31 22.46 22.62 22.62 22.77 22.87 23.63 23.95 24.19 25.35 25.06 24.68 24.42 25.03 25.05 25.00 25.05 25.07 25.09 24.86 24.37 23.90
traj-116:
38.77 37.50 35.54 34.22 33.61 32.00 31.23 29.83 28.05 26.24 25.76 24.04 22.26 21.12 21.78 22.00 23.22 23.33 23.38 23.43 23.45 23.60 23.67 23.79
21.97 21.77 21.70 21.62 21.57 21.86 21.81 21.95 22.10 21.45 21.13 20.52 19.61 19.97 21.61 21.81 23.34 24.76 25.65 27.41 27.71 29.45 30.62 32.20
traj-117:
38.76 37.60 36.15 35.01 33.30 31.55 29.75 28.00 26.26 25.10 23.54 23.18 22.94 22.36 21.72 21.90 22.00 22.08 22.63 23.18 23.43 23.47 23.49 23.40 23.24 23.12 22.87 21.23 19.47 18.71 16.89 14.96 14.67 13.03 12.51
22.68 22.77 22.83 22.80 22.86 22.86 22.88 22.91 22.94 22.92 23.84 24.94 25.79 25.23 23.63 21.82 20.23 18.97 17.65 16.38 14.48 12.48 11.61  9.86  8.14  6.94  5.22  4.75  4.75  4.76  5.04  5.47  5.54  6.65  8.20
traj-118:
36.41 35.27 34.42 32.72 30.97 30.08 28.64 27.18 25.45 24.31 23.51 21.68 20.25 19.32 17.97 16.14 15.26 14.96 13.28 11.52  9.54  8.66  7.40  5.62  4.07
22.12 22.29 22.39 22.71 22.86 22.87 22.84 22.81 22.76 22.88 23.28 23.71 24.91 24.90 24.72 24.65 24.83 24.89 25.11 25.29 25.17 25.16 24.45 23.70 23.10
traj-119:
38.44 36.79 35.57 34.18 32.41 30.63 29.51 28.15 26.27 25.40 24.10 23.79 23.51 23.59 23.61 23.55 23.48 23.42 23.35 23.54 24.71 25.40 26.91 27.47 28.96 30.73
20.48 20.49 20.34 20.42 20.35 20.32 20.28 20.24 20.32 20.53 21.00 21.34 23.26 23.55 25.27 26.73 27.82 29.23 30.66 32.38 33.02 33.30 34.26 34.37 35.39 35.55
traj-120:
35.72 34.63 33.23 31.39 29.47 27.98 26.26 24.49 23.59 23.42 22.91 22.47 22.69 23.12 23.44 23.37 23.35 23.30 23.05 21.83 20.69 19.23 17.42 15.99 14.21 13.23 11.85 10.06  8.93  8.19  6.94  5.93
22.32 22.52 22.80 22.85 22.91 22.92 22.92 22.85 22.66 21.66 20.17 18.25 17.06 15.15 13.41 11.67 11.08  9.35  7.59  6.23  5.70  5.11  5.07  5.52  5.87  7.47  8.90  8.60  7.61  7.00  5.87  5.22
traj-121:
37.95 36.07 34.20 32.21 30.64 29.60 27.74 27.14 25.26 23.77 22.67 22.05 20.77 18.87 18.57 16.82 15.46 13.72 12.03 10.59  9.42  8.25  7.04  6.23  5.70  5.38  4.82  4.57
21.09 20.70 20.09 20.15 20.21 20.30 20.36 20.38 20.42 20.44 21.71 22.89 24.25 24.54 24.60 25.16 25.42 25.59 25.52 25.43 25.31 25.19 24.30 22.84 21.42 20.50 18.96 18.41
traj-122:
34.36 33.27 32.18 30.76 29.04 27.46 25.50 24.16 23.25 22.87 21.83 21.44 21.23 22.00 22.53 23.19 23.43 23.65 25.23 26.15
21.72 21.19 20.82 20.69 20.68 20.69 20.48 20.16 20.37 20.83 21.80 23.59 25.29 26.50 27.26 29.02 30.17 32.13 33.13 33.57
traj-123:
37.52 36.03 34.10 32.22 30.42 28.60 27.45 26.46 25.05 24.50 22.85 21.77 21.62 21.37 21.23 21.52 22.27 22.55 21.93 21.73 21.24 20.96 19.32 18.23 16.51 15.36 13.80 12.90 12.27
20.14 20.24 20.37 20.57 20.83 20.87 21.08 21.14 21.29 21.24 20.11 19.08 17.46 15.56 15.38 13.60 11.84  9.96  8.34  7.80  6.43  5.93  5.27  5.27  5.45  5.71  6.51  7.68  8.51
traj-124:
37.11 35.51 34.23 32.52 31.12 29.98 28.01 26.23 24.77 23.25 21.87 21.20 19.37 17.54 16.82 15.01 13.92 12.54 11.05  9.27  9.29  9.32  9.49
22.64 22.78 22.85 22.83 22.80 22.76 22.79 22.88 22.99 23.81 24.52 24.76 25.09 25.06 25.00 24.95 25.06 25.17 25.34 24.72 23.22 21.37 19.67
traj-125:
37.47 35.79 34.39 32.59 30.81 29.03 27.84 26.66 24.96 23.38 23.22 22.87 22.07 21.47 21.52 21.58 20.12 18.86 17.56 16.19
22.14 22.65 22.88 22.93 22.92 22.92 22.90 22.89 22.89 23.98 24.59 26.07 27.87 29.39 30.24 31.97 33.12 33.30 33.44 33.62
traj-126:
36.73 35.12 33.31 31.39 29.78 28.10 26.36 24.72 23.95 22.72 22.36 22.55 22.49 22.46 22.36 22.24 22.09 21.85 20.65 19.35 17.37 16.25 14.34 12.72 10.97
21.24 21.30 21.21 21.11 21.14 20.81 20.44 20.10 19.71 18.67 17.55 15.78 13.98 13.08 11.09  9.91  8.79  7.04  5.64  5.08  4.87  5.12  5.45  5.89  6.24
traj-127:
34.94 33.24 31.33 29.40 27.94 26.06 24.55 23.54 23.28 22.44 21.78 20.68 19.28 18.44 16.56 14.66 13.82 11.92 10.49  8.87  7.78  7.02
20.19 20.32 20.51 20.79 21.02 21.23 22.34 23.96 25.08 26.47 27.02 25.47 25.06 24.92 24.74 24.92 24.85 24.64 24.20 23.75 22.97 22.14
traj-128:
38.26 37.19 35.27 34.97 33.12 32.00 30.82 29.46 28.03 26.96 25.32 23.47 22.20 21.62 21.57 21.71 21.97 22.03 21.07 19.24 18.49 16.87 15.21 13.84 13.05 11.80 10.48  9.10  7.93  7.88
20.86 20.83 20.50 20.50 20.27 20.13 20.10 20.29 20.57 21.66 22.30 22.92 24.37 25.62 27.59 28.37 30.29 31.32 32.58 33.03 33.09 33.20 33.26 33.48 33.65 33.86 33.90 34.03 34.48 34.78
traj-129:
36.34 35.18 34.15 32.20 31.04 29.79 28.15 26.88 25.46 24.39 22.99 22.87 21.74 21.47 21.45 21.22 21.32 21.47 22.17 22.67 22.03 21.72 20.14 18.61 18.15 16.26 14.81 13.90 12.33 10.97  9.20  7.79
20.41 20.49 20.42 20.26 20.30 20.45 20.64 20.69 20.59 20.34 19.08 18.37 16.83 16.95 15.51 13.95 12.57 10.98  9.24  8.54  6.76  5.93  4.90  4.67  4.56  4.30  4.51  4.70  5.05  5.67  5.63  4.43
traj-130:
37.49 35.71 33.98 33.10 31.64 30.06 28.17 26.45 24.71 23.59 23.18 22.37 20.51 18.71 18.13 16.36 15.22 13.26 11.28  9.97  9.54  8.96  8.70  6.87  5.27  4.61
22.44 22.61 22.68 22.83 22.86 22.90 22.95 22.96 22.96 24.45 25.24 26.40 25.90 25.63 25.51 24.94 24.92 24.83 24.69 23.18 22.16 20.49 20.64 21.07 21.34 21.41
traj-131:
36.59 35.47 34.14 32.35 32.02 30.27 29.97 28.13 26.16 24.30 23.31 23.56 23.67 23.76 23.85 23.61 23.48 23.49 24.97 26.46 28.20 29.12
20.42 20.48 20.53 20.72 20.72 21.05 21.00 20.58 20.61 20.78 22.26 24.09 24.68 26.44 27.31 29.17 30.97 32.17 33.05 33.06 33.62 34.23
traj-132:
38.66 36.89 35.42 33.44 31.44 29.64 27.70 25.96 24.42 23.64 22.87 22.46 21.72 21.48 21.63 21.59 21.69 22.18 22.20 22.01 21.55 20.18 18.29 16.78 14.84 13.23 11.78 10.38  8.80  8.41  6.81  5.79  4.95
22.29 22.46 22.55 22.67 22.68 22.72 22.85 22.84 21.69 20.41 18.60 18.17 16.91 16.20 14.78 13.34 11.87 10.15  8.34  7.77  6.35  5.25  5.06  4.99  4.93  5.59  6.67  8.01  8.94  9.04  8.73  7.39  6.30
traj-133:
34.89 33.68 32.36 31.27 29.77 28.37 26.46 25.40 24.19 23.49 22.86 22.57 20.93 19.25 17.45 16.18 14.89 13.31 12.17 11.19  9.64  8.77  7.50  6.82
21.16 21.00 20.85 20.63 20.36 20.16 20.37 20.61 21.05 22.70 24.21 24.64 25.42 24.88 24.83 24.80 24.75 24.76 24.73 24.56 23.41 22.38 21.04 20.07
traj-134:
34.31 33.22 31.83 31.08 29.84 28.03 27.16 26.07 24.70 23.04 22.18 22.01 21.24 21.17 21.04 21.11 21.15 20.66
20.90 20.87 20.91 20.82 20.73 20.49 20.47 20.29 20.12 21.10 22.76 24.18 26.00 27.08 28.92 30.70 32.67 33.88
traj-135:
38.48 36.55 36.06 34.28 32.95 31.95 30.90 29.20 28.37 26.65 24.86 23.40 22.57 22.32 21.54 21.43 21.47 21.45 21.27 21.55 21.66 22.11 21.65 21.05 20.32 18.95 16.97 15.81 14.52 12.77
22.00 21.71 21.64 21.34 21.50 21.75 22.15 22.50 22.71 22.95 22.99 21.91 20.20 19.71 18.32 16.75 14.85 14.11 12.69 10.84  9.86  8.09  7.35  6.25  5.16  5.06  5.00  4.89  4.97  4.85
traj-136:
37.91 36.14 34.29 33.06 31.76 30.09 29.17 27.42 25.61 24.71 22.89 21.51 20.46 18.89 17.33 16.13 14.33 12.34 10.90  9.46
21.03 21.13 20.42 20.42 20.44 20.53 20.50 21.33 21.77 22.05 22.68 23.78 24.50 24.69 24.80 24.95 24.69 24.52 24.40 23.07
traj-137:
33.97 32.20 30.72 29.45 28.32 26.67 25.15 23.44 22.97 21.05 21.14 21.24 21.42 21.48 21.54 21.51 21.36 21.19 21.26 21.12 19.69 18.18 16.78 15.71 14.32 12.79 12.50
21.87 21.84 21.71 21.65 21.62 20.93 20.12 19.23 18.86 18.67 20.29 21.09 22.72 24.32 24.92 26.71 28.43 30.24 30.82 32.46 33.03 33.17 33.36 33.60 33.87 35.00 34.92
traj-138:
37.58 36.64 35.00 34.15 32.57 30.60 30.02 28.24 26.48 25.06 23.36 22.36 22.48 22.91 22.86 22.88 22.82 22.75 22.65 22.41 22.06 21.75 21.54 20.24 19.95 18.25 17.96 17.76 15.96 14.53 13.36 11.42 10.91  9.35  8.37
21.16 21.48 21.89 22.14 22.51 22.77 22.86 22.93 22.84 22.76 23.72 22.17 21.31 19.82 18.00 16.89 15.55 14.26 12.29 10.59  8.87  7.45  6.59  5.18  5.18  4.43  4.47  4.69  5.32  5.61  5.85  6.35  6.51  7.02  7.32
traj-139:
36.25 35.10 34.21 32.41 31.52 30.11 28.96 27.25 26.68 25.24 24.66 23.34 22.52 21.40 19.51 17.64 16.41 14.75 13.22 11.56  9.87  8.19  7.61  5.86  4.56
22.68 22.83 22.90 22.89 22.90 22.91 22.91 22.87 22.83 22.81 22.86 23.69 23.97 24.20 24.65 24.78 24.90 24.99 24.91 24.87 24.83 24.84 24.97 24.88 24.38
traj-140:
34.60 33.54 32.08 30.48 28.75 27.92 25.95 24.47 23.43 23.18 22.07 21.30 21.82 22.56 22.99 23.54 25.15 26.68 27.40 29.15 30.58
21.79 21.80 21.93 22.15 22.46 22.61 22.87 22.84 24.48 25.33 26.53 27.70 29.16 30.50 31.26 32.26 33.13 33.99 34.40 35.23 35.44
traj-141:
35.47 34.13 32.73 30.77 28.85 28.36 26.57 25.44 23.49 22.97 22.18 21.91 21.76 21.70 21.49 21.35 21.27 21.15 21.01 21.17 20.16 18.56 17.69 16.21 14.69 13.54 12.98 12.50
21.89 21.68 21.53 21.47 21.84 21.97 22.30 22.49 22.19 21.41 19.80 19.03 17.52 16.15 14.48 12.64 11.07 10.12  8.91  7.31  5.85  5.88  5.88  5.88  5.93  6.73  8.28  9.60
traj-142:
35.36 34.19 33.31 31.60 31.31 29.61 28.13 26.14 24.40 23.54 21.86 20.85 19.06 17.57 16.77 15.17 13.71 12.22 11.66 10.23  9.75  9.61
22.31 22.34 22.40 22.57 22.62 22.93 22.82 22.93 23.00 23.57 23.96 24.21 24.62 25.01 25.12 25.14 25.15 25.16 25.17 24.94 23.12 22.85
traj-143:
37.91 36.26 34.30 33.16 32.29 30.54 29.37 27.61 25.85 25.08 23.43 23.46 23.46 23.32 23.43 23.67 25.18 26.31 28.18 29.06 30.18 31.90 32.18
22.48 22.58 22.78 22.82 22.85 22.93 22.91 22.94 22.92 22.92 23.87 25.33 27.09 28.55 30.32 32.06 33.11 33.13 33.08 33.14 33.21 33.80 33.91
traj-144:
38.77 37.07 35.33 34.18 32.53 30.94 29.75 28.57 26.80 25.06 23.50 22.93 22.04 21.97 22.02 22.04 22.08 22.43 22.79 22.89 22.76 22.76 22.45 22.20 21.81 21.39 19.82 18.74 16.74 15.01 13.29 12.11 10.21  8.34  7.47
22.43 22.62 22.84 22.84 22.87 22.91 22.89 22.87 22.94 22.97 23.93 25.51 24.29 23.13 21.40 20.10 18.96 17.43 16.39 14.57 12.72 12.42 10.56  9.41  7.72  5.98  4.79  4.89  5.01  5.10  5.05  5.05  5.02  5.36  5.54
traj-145:
34.27 33.16 31.78 29.89 28.81 27.51 25.92 24.29 22.52 22.25 21.28 20.47 19.20 18.31 16.43 14.74 13.01 11.27  9.99  8.86  8.29
22.14 21.93 21.70 21.13 20.74 20.40 20.12 20.31 21.08 21.52 23.27 24.12 24.73 24.71 24.93 24.97 24.83 24.61 23.90 22.95 22.43
traj-146:
38.97 38.12 36.49 35.32 33.59 32.16 31.05 29.35 28.21 26.47 24.74 23.73 23.69 22.65 21.35 21.06 21.26 21.97 22.23 23.00 23.45 24.72 26.07 26.99 28.78 29.94
20.19 20.14 20.31 20.55 21.07 22.10 22.26 22.51 22.73 22.84 22.84 22.72 22.42 22.33 23.54 25.30 27.26 29.05 29.58 31.21 32.22 33.08 33.99 34.70 35.34 35.56
traj-147:
35.91 35.61 33.63 32.75 31.07 29.63 28.76 26.93 25.23 24.36 23.16 22.76 22.20 22.16 22.19 22.35 22.33 22.45 22.16 21.85 21.20 20.43 18.69 16.77 15.40 13.97 13.84 13.54
22.50 22.47 22.58 22.65 22.77 22.86 22.89 22.89 22.93 22.87 21.99 20.93 19.65 17.77 15.84 14.10 13.08 11.10  9.42  7.98  6.33  5.35  5.11  5.41  5.79  6.84  7.42  9.39
traj-148:
33.97 33.13 31.17 30.02 28.52 26.84 25.95 24.54 22.86 21.86 19.90 17.95 15.99 14.29 12.88 11.37 10.25  9.50  8.71  7.37  7.29  6.91  5.95  4.93
22.52 22.61 22.80 22.92 22.92 22.91 22.93 22.99 23.62 23.75 24.10 24.38 24.70 24.68 24.61 24.31 24.03 23.21 22.53 21.09 20.50 19.00 18.26 17.52
traj-149:
34.12 33.55 32.12 30.71 28.92 28.32 26.33 24.55 23.54 23.58 23.79 23.81 23.78 23.74 23.97 24.63 25.78
22.43 22.56 22.71 22.87 22.89 22.85 22.91 22.85 24.54 25.12 26.85 28.62 30.11 31.52 32.35 33.43 34.01
traj-150:
37.35 35.62 34.45 32.73 30.78 29.18 27.24 25.34 24.19 23.73 21.89 21.91 21.93 21.96 22.03 22.25 22.26 22.42 22.52 22.51 22.39 22.25 21.47 20.59 19.88 18.07 17.51 15.83 15.54 13.82 13.32 12.81
22.51 22.67 22.77 22.85 22.79 22.82 22.74 22.82 22.96 23.34 23.79 22.41 21.22 19.73 18.55 16.82 14.85 13.49 11.78 10.88  9.46  8.33  6.69  5.49  5.19  5.22  5.43  5.89  5.96  6.83  8.74  9.79
traj-151:
39.16 37.40 35.40 34.21 32.54 30.82 29.37 28.54 27.08 25.43 23.71 21.84 20.55 19.08 18.48 16.53 15.04 14.38 12.54 11.41 10.38  8.83  7.46
22.39 22.58 22.73 22.76 22.79 22.85 22.87 22.90 22.90 22.91 22.90 22.98 24.26 24.08 24.15 24.35 24.56 24.65 24.83 24.57 24.11 23.41 22.77
traj-152:
36.50 34.89 33.02 31.51 30.13 28.93 27.66 25.77 25.08 23.91 23.57 22.90 22.47 23.16 23.36 23.39 23.84 24.54
21.60 21.22 20.75 20.53 20.41 20.29 20.59 21.25 21.77 23.30 23.94 25.48 27.34 29.15 30.92 31.21 32.25 33.97
traj-153:
36.94 36.50 34.57 33.97 32.12 30.61 28.68 26.72 25.50 23.87 23.29 23.24 23.30 22.75 22.95 22.96 22.69 22.27 21.72 19.97 19.16 17.43 15.49 14.36 13.48 12.13
20.64 20.74 20.97 20.97 21.14 21.36 21.14 20.85 20.86 19.93 18.61 17.16 15.38 13.59 11.89 10.44  9.31  7.42  5.54  5.20  5.08  5.46  5.59  5.73  5.87  5.86
traj-154:
37.34 35.46 33.79 33.49 31.65 31.13 29.17 27.37 25.45 24.42 23.75 22.86 21.81 20.16 18.89 16.95 15.46 14.89 13.20 11.27  9.37  8.81  6.96  5.30  4.49
20.86 20.42 20.08 20.09 20.24 20.20 20.38 20.67 21.11 22.05 22.56 24.32 25.88 25.16 24.91 24.96 24.97 24.98 25.00 24.91 24.46 24.24 23.50 23.04 22.75
traj-155:
34.58 32.91 31.18 29.71 28.52 26.76 24.98 23.25 21.63 21.35 21.16 21.19 21.38 21.43 21.85 22.15 22.72
22.48 22.79 22.83 22.86 22.89 22.89 22.91 22.95 23.95 24.05 25.02 26.84 28.52 29.12 31.00 31.81 33.27
traj-156:
33.76 33.46 31.49 30.35 28.60 26.86 25.14 23.96 23.85 23.55 21.95 21.65 21.88 22.39 22.65 22.77 22.61 22.73 22.61 22.43 21.77 21.20 20.26 18.70 16.73 16.22 14.50 12.61 11.43 10.43  9.01  7.58
22.30 22.28 22.38 22.43 22.43 22.75 22.92 22.87 22.59 22.60 21.87 21.41 19.65 18.22 16.81 15.00 13.23 11.31 10.20  8.48  7.23  6.24  5.34  4.96  5.22  5.31  5.65  6.28  6.52  6.76  6.45  6.02
traj-157:
37.70 36.15 35.28 34.11 33.15 31.20 29.75 27.90 27.37 25.78 24.80 23.49 22.64 21.07 20.29 19.17 18.17 16.36 15.30 13.73 12.20 11.05  9.60  8.84  8.45  8.11  7.83
21.62 21.62 21.65 21.61 21.77 21.82 21.91 21.82 21.94 22.12 22.25 22.98 24.62 25.85 25.60 25.21 24.98 24.81 24.74 24.63 24.63 24.53 23.55 22.33 21.63 19.80 19.23
traj-158:
36.97 35.79 34.36 33.76 32.34 30.63 29.53 28.35 27.47 26.07 24.62 23.77 23.87 23.74 23.67 23.46 23.36 24.12 25.14 26.85 28.31 30.25 31.59
22.31 22.42 22.51 22.54 22.57 22.65 22.72 22.80 22.81 22.88 22.95 24.04 25.79 27.26 28.14 29.89 31.32 33.06 33.10 33.10 33.17 33.44 33.88
traj-159:
37.53 36.93 35.31 33.92 32.59 31.31 29.80 28.34 26.78 25.24 23.75 23.58 23.57 22.70 22.81 22.79 22.64 22.50 21.72 21.27 19.45 17.85 16.53 14.83 13.54 13.46 13.25 13.23
20.82 20.80 20.49 20.27 20.12 20.15 20.15 20.16 20.14 20.19 19.09 17.63 16.73 15.36 13.93 11.95 10.78  9.36  7.55  5.82  5.23  5.04  5.27  5.57  6.83  7.12  9.08  9.38
traj-160:
35.19 33.67 32.25 30.33 28.42 27.27 25.48 24.99 23.39 22.56 21.07 19.29 17.98 16.21 15.92 14.10 12.97 11.80 10.08  9.60  8.84  8.78  8.72  8.69
21.40 21.74 22.08 22.50 22.75 22.84 22.86 22.85 22.54 22.36 23.57 24.18 24.24 24.50 24.54 24.63 24.49 24.45 24.02 23.25 21.77 19.88 18.78 17.66
traj-161:
36.49 34.78 33.35 31.62 29.87 28.97 27.25 25.49 24.62 22.84 22.89 22.45 22.68 23.12 22.88 23.48 24.56 25.71 27.42 27.75 29.46 31.12 32.30
22.36 22.55 22.69 22.81 22.89 22.89 22.91 22.88 22.77 23.54 25.44 26.17 28.06 29.12 31.05 32.49 33.12 33.14 33.13 33.12 33.16 33.25 33.26
traj-162:
33.88 33.58 31.75 30.31 28.98 27.13 25.29 24.06 22.77 22.34 21.99 21.77 21.59 21.15 21.27 21.55 21.75 20.39 19.03 17.53 15.85 14.51 13.16 12.21 10.82 10.59
20.57 20.54 20.42 20.26 20.27 20.64 20.85 20.80 19.64 18.28 16.52 14.72 12.93 11.02 10.28  8.58  6.63  5.20  5.11  5.10  5.36  5.77  6.69  7.45  8.56  8.75
traj-163:
34.97 33.81 32.10 30.34 28.86 27.30 25.77 25.30 23.68 22.45 21.03 19.12 17.30 15.60 14.20 12.79 11.64 10.82  9.63  8.98  7.71  6.73  5.91
22.75 22.81 22.88 22.93 22.90 21.75 22.12 22.13 22.45 23.24 24.02 24.32 25.06 25.13 25.05 24.93 24.83 24.36 23.34 22.85 21.80 20.95 20.20
traj-164:
38.46 36.66 35.64 33.78 32.91 31.31 29.60 29.31 27.36 25.52 23.77 22.40 22.53 22.87 23.06 23.17 23.19 23.21 21.98 20.80
21.30 21.21 21.30 21.45 21.51 21.75 21.93 22.00 21.86 22.00 22.89 24.05 25.61 27.40 29.12 30.26 32.17 32.77 34.10 34.98
traj-165:
38.50 38.20 36.47 34.75 32.96 31.50 30.61 28.90 27.42 26.25 24.77 23.79 21.93 21.63 21.67 21.88 22.38 22.67 22.95 23.03 23.25 23.14 22.91 22.79 22.52 21.98 21.85 20.48 19.39 17.83 17.28 15.29 13.65 12.60 11.44 10.55
22.62 22.64 22.69 22.76 22.76 22.80 22.83 22.91 22.87 22.85 22.85 23.40 23.96 24.00 22.86 20.90 19.36 18.00 16.37 15.49 13.78 12.32 10.61  9.17  8.51  6.73  6.46  5.32  5.20  5.21  5.17  5.04  5.41  6.00  7.48  9.00
traj-166:
39.11 38.28 36.54 35.08 33.92 32.44 30.71 28.97 27.20 26.03 24.44 23.20 21.81 20.11 19.81 17.87 16.16 14.23 12.54 10.58  9.12  7.15  6.85
22.80 22.78 22.84 22.92 22.88 22.82 22.75 22.63 22.68 22.77 23.00 24.33 25.66 25.29 25.26 25.20 25.14 25.16 25.00 24.90 24.76 24.81 24.83
traj-167:
38.07 36.63 34.78 32.93 30.96 29.67 27.71 27.46 25.72 24.38 23.39 23.40 23.54 23.57 23.57 23.51 23.56 24.07 25.30
20.37 20.53 20.72 20.97 20.92 21.18 20.88 20.72 20.08 20.39 21.38 23.33 25.08 26.22 27.97 29.45 31.13 33.01 33.78
traj-168:
38.95 37.15 36.16 35.89 33.91 32.28 30.84 29.04 27.19 25.29 23.66 22.52 22.61 22.81 22.89 22.99 23.09 23.22 22.86 22.63 22.24 20.38 19.79 17.93 16.80 15.11 13.29 12.00 10.21  8.87  8.00  6.21  5.27  4.04
21.64 21.02 20.62 20.49 20.67 20.50 20.55 20.67 20.80 20.75 20.26 19.07 17.23 15.57 14.43 12.45 10.68  8.89  7.71  6.10  5.03  4.30  4.43  5.01  4.90  5.39  5.99  6.34  6.50  6.48  6.48  6.04  6.01  5.12
traj-169:
33.65 32.44 31.15 30.12 28.52 26.62 25.58 24.32 23.39 22.60 22.13 21.42 19.88 19.33 17.39 15.67 14.25 12.53 10.79  9.18  8.47  7.00  5.16
21.04 21.30 21.45 21.22 20.36 20.24 20.27 21.02 22.72 24.11 25.04 25.51 25.15 24.96 24.93 24.95 24.96 24.93 24.51 24.09 23.28 22.09 21.49
traj-170:
35.20 34.07 33.19 31.20 29.42 27.69 25.96 24.81 23.98 22.97 22.64 22.31 22.13 21.69 21.54 21.26 20.93 20.88
22.50 22.72 22.78 22.84 22.88 22.95 22.98 23.00 23.47 24.79 25.69 27.43 28.23 29.90 30.59 32.47 34.15 34.45
traj-171:
38.75 37.01 36.71 34.99 33.50 31.95 30.53 28.86 27.43 25.65 25.17 23.86 23.31 23.13 22.93 22.95 22.97 23.00 23.02 22.79 22.18 20.96 20.49 18.63 16.75 14.79 13.12 11.72  9.73  8.62  7.66  6.28
20.71 20.68 20.67 20.50 20.48 20.40 20.32 21.01 21.07 21.09 20.96 19.81 18.16 16.99 15.73 14.61 13.30 11.54  9.76  8.07  6.74  5.73  5.56  4.93  4.96  5.13  5.43  5.70  5.86  5.45  5.04  4.57
traj-172:
34.41 34.11 32.33 31.10 29.55 29.00 27.12 25.59 24.00 23.85 23.47 22.06 21.72 20.50 18.93 18.07 16.95 15.66 14.56 12.96 11.60 10.04  9.78  7.95  7.14
21.76 21.70 21.28 21.04 20.51 20.42 20.13 20.15 21.08 21.34 21.59 22.83 22.98 24.18 24.57 24.92 24.94 24.92 24.98 24.63 24.36 24.08 23.92 23.31 23.63
traj-173:
37.42 35.68 34.54 32.78 31.06 30.17 28.75 27.92 26.48 25.30 23.89 23.55 23.23 22.65 22.36 22.11 21.75 20.01 18.20 17.05 15.94 13.96 13.37
22.67 22.80 22.87 22.94 22.92 22.93 22.91 22.90 22.90 22.88 23.60 23.91 24.98 26.82 28.50 30.27 32.22 33.18 33.20 33.43 33.59 33.31 33.26
traj-174:
34.26 32.51 32.23 30.46 29.33 27.46 25.47 23.69 22.55 22.74 23.05 23.04 23.00 22.97 22.96 22.65 22.22 21.91 20.89 19.58 18.19 17.31 15.56 14.13 12.44
20.57 21.41 21.52 20.93 21.58 22.14 21.91 21.65 20.10 19.06 17.36 15.65 14.77 13.05 11.92  9.96  8.62  7.53  5.86  4.92  5.00  5.07  5.30  5.70  6.25
traj-175:
36.61 35.17 34.29 32.31 30.87 29.99 28.85 27.07 26.18 24.39 23.17 22.64 22.16 20.32 19.87 18.22 17.62 16.17 14.51 12.60 10.61  9.46  8.36  7.21  5.61
22.71 22.81 22.81 22.87 22.92 22.92 22.96 22.94 22.94 22.94 24.40 25.34 26.14 25.35 25.16 24.85 24.87 24.93 24.86 24.90 24.89 24.80 24.65 24.34 23.23
traj-176:
34.76 32.80 31.92 30.03 28.28 26.87 24.99 24.04 23.18 22.06 21.44 21.23 21.14 21.15 21.54 21.78
20.59 20.78 20.87 21.52 21.98 21.87 22.12 22.80 23.48 25.06 26.58 28.08 29.88 31.38 33.20 34.86
traj-177:
36.41 35.01 33.52 31.80 30.30 29.44 27.79 27.25 25.52 24.92 23.25 22.70 22.09 22.26 22.16 21.93 21.92 21.80 21.83 21.67 21.14 21.00 20.77 19.15 18.86 16.87 16.01 14.72 13.41 11.74 10.75  9.23  7.58
22.68 22.70 22.76 22.78 22.74 22.75 22.83 22.85 22.76 22.78 21.70 21.05 19.42 17.43 15.84 14.03 12.74 10.83 10.53  8.81  7.15  6.29  5.88  5.08  5.14  5.06  5.23  5.53  6.47  6.95  8.07  9.34 10.24
traj-178:
37.52 36.21 34.70 32.86 32.19 30.42 29.22 27.46 25.84 24.14 22.84 21.01 19.11 17.34 15.60 13.90 13.11 11.81 10.76  9.03  8.56  8.36  8.39  8.52  7.99
21.39 21.16 21.12 20.96 20.96 20.56 21.02 21.75 22.29 22.68 23.08 23.59 24.02 24.27 25.05 24.90 24.80 24.61 24.34 23.36 22.68 20.80 19.66 18.18 17.31
traj-179:
37.76 36.21 34.39 32.81 31.09 29.17 27.99 26.11 24.98 23.93 23.15 22.09 21.18 21.28 21.60 21.85 22.97 23.17 24.63 26.37 27.10 28.31 29.56
21.82 20.99 20.35 20.52 20.47 20.42 20.50 20.66 20.65 22.24 23.85 25.38 26.74 27.91 29.23 30.51 31.84 32.06 33.04 33.21 33.29 34.15 34.77
traj-180:
35.20 34.07 32.20 32.01 31.13 29.94 28.80 26.88 25.38 23.51 23.47 22.97 22.66 22.29 22.47 22.71 22.81 22.73 22.49 22.08 21.43 20.30 18.36 17.22 15.69 14.67 12.94 11.49 10.36  8.70  7.02
22.72 22.76 22.85 22.89 22.92 22.88 22.76 22.88 22.91 22.72 22.42 20.76 19.65 17.95 15.99 14.28 13.41 11.64  9.92  8.23  6.84  5.42  5.02  5.04  5.07  5.13  6.01  7.11  6.93  7.46  7.76
traj-181:
35.66 36.49 35.12 33.67 32.81 31.58 29.59 28.55 26.94 25.01 23.04 22.74 21.80 20.61 18.62 17.34 15.40 13.65 12.76 11.29  9.61  8.08  7.03  6.32
22.51 22.20 21.28 21.42 21.40 21.34 21.13 21.03 21.18 21.21 21.46 21.89 23.20 24.55 24.72 24.84 24.87 24.96 25.00 25.04 25.09 23.93 22.26 21.26
traj-182:
34.22 32.38 31.90 29.92 28.05 26.56 25.62 23.89 23.49 23.37 22.88 22.29 22.56 22.64 22.54 22.10 21.75
20.46 20.34 20.25 20.12 20.26 20.48 21.08 22.04 23.60 24.99 26.70 28.49 29.22 31.12 31.88 33.21 34.25
traj-183:
34.89 33.19 31.61 30.71 28.93 27.11 26.12 24.65 22.65 22.08 21.42 21.25 21.25 21.22 21.47 21.57 21.88 21.77 20.49 19.78 17.94 17.06 15.90 14.47 13.30 11.62  9.87  8.25  6.52  5.74
20.39 20.35 20.30 20.29 20.34 20.41 20.52 20.32 20.28 19.68 17.85 16.07 14.11 12.81 10.84 10.48  8.51  6.64  5.21  5.00  4.93  4.96  4.94  4.90  5.05  5.40  5.73  6.47  6.99  7.33
traj-184:
34.70 33.35 31.42 30.53 28.99 27.68 26.71 25.33 23.55 22.49 21.67 20.59 19.55 17.69 16.85 15.46 13.52 11.59 10.71  9.35  7.74  6.95  6.56
20.43 20.61 21.08 21.51 21.69 21.35 20.99 20.66 20.46 22.00 23.40 24.21 24.70 25.07 25.09 25.03 24.86 24.65 24.58 24.15 23.62 22.25 21.37
traj-185:
39.19 37.75 36.32 34.65 33.22 31.73 29.76 28.90 27.47 26.05 24.29 23.94 22.95 22.62 22.41 22.37 22.32 21.82 21.62 20.03 18.10 16.65 15.76 14.05
22.76 22.78 22.80 22.83 22.84 22.87 22.83 22.85 22.88 22.87 22.97 23.26 24.71 26.15 27.64 29.09 30.33 32.15 32.38 33.12 33.23 33.30 33.45 33.82
traj-186:
35.40 33.48 32.49 30.74 29.55 27.80 26.02 24.25 22.76 23.13 22.95 22.77 22.76 22.76 22.83 22.92 22.92 22.89 22.33 21.89 20.73 19.10 17.76 15.80 14.63 13.09 11.55 10.83  9.51  7.88  6.17  4.53
22.71 22.91 22.92 22.95 22.97 22.90 22.94 22.95 23.49 22.14 20.68 19.18 17.48 16.65 14.72 13.05 11.31 10.73  8.94  7.24  5.91  5.20  5.19  5.21  5.36  6.28  6.89  7.59  8.75  9.08  9.52  9.69
traj-187:
38.16 36.33 35.56 34.02 32.07 31.47 29.71 28.51 27.62 26.12 24.47 23.65 22.58 21.20 19.86 18.41 16.51 14.85 13.21 11.83 10.50  9.03  8.94  7.77  6.34  5.20  4.87
21.81 22.16 22.25 22.44 22.79 22.84 22.94 22.88 22.88 22.81 22.61 23.03 23.59 24.23 24.51 24.72 24.95 24.94 24.64 24.45 24.24 23.19 22.91 21.53 20.20 18.99 18.66
traj-188:
34.17 33.20 31.58 31.05 29.06 27.24 25.61 24.32 23.26 22.97 22.22 22.08 22.57 22.65 22.36 22.19 21.67 20.24 19.48 17.95 17.01
20.22 20.30 20.56 20.44 20.27 20.27 20.42 21.20 22.71 23.38 24.44 26.42 28.12 28.41 30.18 30.75 32.07 33.33 33.66 34.18 34.48
traj-189:
37.17 36.87 35.12 34.04 32.54 30.77 29.31 27.49 26.73 26.19 24.28 23.31 22.08 21.64 21.68 21.66 21.36 21.37 21.46 21.57 21.49 20.41 18.68 17.79 16.16 14.99 13.34 12.80 11.62 10.27  9.19  7.63  6.78
21.52 21.48 21.41 21.32 21.18 20.88 20.76 20.64 21.17 21.40 21.25 19.83 18.65 17.27 16.53 15.24 13.50 11.72 10.24  8.28  6.59  5.14  4.86  4.83  4.70  4.83  5.57  5.97  7.51  8.90  9.55 10.46 10.33
traj-190:
37.68 37.38 35.58 35.28 33.56 31.84 29.90 28.49 27.00 26.12 24.66 23.01 22.78 21.13 20.37 18.53 17.69 15.71 13.81 12.08 11.79 10.08  8.69  7.63  5.98
21.83 21.82 22.09 22.13 22.39 22.57 22.92 22.92 22.92 22.88 22.89 23.74 23.93 24.82 25.00 25.07 25.03 25.04 25.04 25.26 25.35 25.38 24.96 24.55 23.89
traj-191:
33.83 32.04 30.66 28.87 27.89 26.30 25.51 23.87 23.85 23.81 23.83 23.79 23.62 23.51 23.63 24.83 26.16 27.34 29.05 30.22 31.09 32.86
21.37 21.24 21.25 21.31 21.33 21.98 22.25 22.85 24.31 25.19 26.36 28.25 29.96 30.82 32.24 33.08 33.93 34.98 35.28 35.49 35.66 35.96
traj-192:
38.79 37.13 35.68 33.99 33.15 31.18 29.34 27.87 26.68 25.79 23.81 23.63 22.76 22.24 21.80 21.23 21.37 21.44 21.47 22.06 22.21 21.89 20.31 18.76 17.63 16.26 14.55 13.05 11.88 10.55
22.54 22.89 22.81 22.86 22.87 22.85 22.79 22.82 22.82 22.83 22.55 21.56 19.83 18.93 18.04 16.58 14.89 13.88 12.18 10.50  8.55  6.76  5.77  4.96  5.05  5.15  5.21  6.27  7.53  9.01
traj-193:
38.16 36.24 34.85 33.01 32.05 30.15 28.49 26.85 25.30 24.44 23.15 22.11 21.67 21.14 19.78 19.48 17.74 16.57 14.82 14.22 12.39 10.67  8.97  7.08  6.03  4.35
21.76 21.45 21.26 21.00 20.84 20.68 20.57 20.62 21.04 20.95 20.81 22.16 23.45 24.27 25.31 25.29 25.04 24.80 24.55 24.57 24.45 25.27 24.96 24.82 24.90 24.89
traj-194:
35.48 34.61 32.83 30.93 29.13 28.09 26.96 24.98 24.41 22.74 21.70 21.54 21.25 21.24 21.35 21.28 21.12 20.87 19.87 18.02
20.49 20.41 20.34 20.45 20.48 20.60 21.13 20.95 20.90 21.53 22.96 23.41 25.30 27.21 28.36 30.27 31.39 33.09 34.37 35.00
traj-195:
39.05 37.61 35.87 34.93 33.15 32.06 30.37 28.47 28.17 26.41 25.00 23.25 22.77 22.30 22.59 22.84 22.98 23.05 23.12 23.12 23.16 22.95 22.64 21.25 20.26 18.29 17.12 15.56 13.99 13.22 12.07 10.32  8.41  7.05
20.51 21.07 21.38 21.43 21.49 21.42 21.75 21.92 21.97 22.30 22.63 21.76 20.36 18.99 17.42 16.07 15.02 13.63 11.91 11.61  9.85  8.41  6.98  5.59  5.07  5.09  5.28  5.53  6.43  6.99  7.87  7.85  7.46  7.14
traj-196:
36.33 36.03 34.31 32.33 30.58 29.98 28.25 27.37 25.60 24.49 23.30 21.87 20.19 18.33 17.16 16.03 14.53 12.69 11.34 10.37  9.49  9.16  8.85  7.82
22.52 22.54 22.66 22.86 22.86 22.86 22.89 22.89 22.95 22.99 24.33 25.70 25.56 25.44 25.36 25.29 24.69 24.79 24.69 24.40 23.82 21.90 21.40 20.17
traj-197:
37.22 36.92 35.04 33.58 32.48 30.57 28.68 27.50 26.50 25.41 24.29 23.72 22.80 22.62 22.15 22.43 22.75 22.82 22.53 21.40 20.26
20.29 20.31 20.22 20.12 20.10 20.16 20.32 20.55 20.68 20.71 21.43 22.04 23.73 24.12 25.73 27.43 29.05 29.93 31.90 33.55 33.75
traj-198:
33.77 32.62 31.16 30.27 28.55 26.84 26.27 24.51 23.34 22.90 21.11 21.12 21.12 21.10 21.07 21.06 21.09 21.35 22.17 22.45 22.14 21.46 20.16 19.31 17.65 16.10 14.68 13.75 13.13 12.48 11.93 10.27  8.62  7.10
22.60 22.85 22.85 22.88 22.86 22.87 22.85 22.87 22.90 22.26 21.39 19.64 17.92 16.25 15.38 14.18 12.71 10.79  9.34  7.44  6.96  5.69  4.34  4.44  5.06  5.39  5.76  6.67  8.21  9.87 10.06 10.13  9.48  8.95
traj-199:
38.00 36.91 35.54 33.90 33.34 31.38 30.10 28.59 26.85 26.25 24.62 23.39 22.94 22.09 21.15 20.50 18.59 17.80 16.27 15.28 13.45 12.85 11.14  9.16  7.56  5.84
22.10 21.72 21.12 20.54 20.40 20.21 20.22 20.26 20.21 20.23 20.31 21.01 21.71 23.31 24.99 25.41 24.91 24.64 24.70 24.74 25.08 25.17 25.03 24.89 24.57 23.87
traj-200:
35.05 34.47 32.94 31.55 29.59 27.83 25.84 24.23 23.27 23.12 22.52 22.28 21.69 21.10 19.76 18.40 17.61 15.67 14.39 12.74 11.77 10.47  9.00
20.67 21.31 22.34 22.61 22.88 22.90 22.95 22.96 24.66 26.26 27.89 29.72 31.15 32.45 33.02 33.03 33.04 33.11 33.16 33.27 34.27 35.50 35.75
traj-201:
35.32 33.59 32.49 30.53 29.35 27.89 27.00 25.52 24.92 23.36 22.35 23.23 23.10 22.97 22.88 22.90 23.07 23.25 23.39 23.39 23.32 23.29 23.17 22.84 21.83 20.67 19.25 17.43 15.61 14.77 13.31 12.72 11.92 10.18  9.91  8.19  7.59  6.07  4.90
22.48 22.47 22.50 22.76 22.84 22.93 22.95 22.97 22.98 23.92 22.34 20.83 19.63 18.56 17.12 15.98 14.60 12.65 11.47  9.99  8.50  7.90  6.44  5.04  5.00  5.00  5.07  5.19  5.69  5.87  6.63  7.80  8.16  8.52  8.66  9.28  9.22  9.30  9.70
traj-202:
36.64 34.80 33.00 32.08 30.29 29.39 27.58 25.91 24.83 24.67 23.40 21.89 20.79 18.96 17.29 15.66 14.14 12.42 11.62  9.85  8.94  7.84
21.35 21.30 21.12 20.68 20.20 20.25 20.38 21.20 22.58 22.83 24.29 25.55 25.07 24.79 24.90 24.94 24.96 24.96 24.86 24.56 24.49 24.28
traj-203:
38.75 38.46 36.48 34.51 33.19 31.65 29.68 28.54 26.79 25.31 24.74 23.44 22.85 22.27 21.72 21.62 21.69 21.13 20.22 18.95 17.49 16.81 15.43 13.87 13.31
21.46 21.49 21.53 21.62 21.79 21.93 22.26 22.41 22.63 22.79 22.84 23.89 25.54 27.18 29.02 29.97 31.96 32.17 33.79 33.93 34.23 34.28 34.49 34.57 34.52
traj-204:
38.72 37.40 35.43 34.84 33.45 31.77 30.35 29.40 28.39 27.33 26.13 24.72 23.19 22.78 22.59 22.36 22.25 22.09 21.82 21.70 21.48 20.26 18.33 16.64 15.86 14.29 13.65 12.08 10.40  8.89
22.43 22.18 21.87 21.76 21.51 21.35 21.07 20.85 20.63 20.42 20.21 20.10 19.33 17.39 15.47 13.54 12.38 10.95  9.32  8.47  6.80  5.47  5.07  4.93  4.97  4.92  4.90  4.89  4.88  4.83
traj-205:
38.42 37.83 36.39 34.67 33.82 32.13 30.70 28.95 27.21 26.31 25.13 24.25 22.88 21.48 19.95 18.10 16.31 14.77 13.07 11.48 10.98  9.42  9.43  9.57
22.61 22.61 22.71 22.66 22.66 22.71 22.70 22.82 22.92 22.87 22.85 22.84 24.19 25.26 25.21 24.81 24.90 24.98 24.74 24.41 24.26 23.38 21.64 21.11
traj-206:
34.25 33.08 31.75 30.62 28.92 28.40 26.51 24.79 23.64 23.32 23.08 23.21 23.31 23.36 23.67
20.29 20.25 20.32 21.06 21.84 21.93 22.45 22.71 24.12 25.48 27.13 28.83 30.61 31.49 32.93
traj-207:
35.13 34.09 32.78 31.02 29.06 27.87 26.58 25.32 23.71 23.48 23.34 23.37 23.38 23.35 22.97 22.98 22.95 22.35 21.82 20.76 18.92 17.84 16.16 14.74 13.27 11.74 10.98  9.55  7.85  7.56
22.39 22.36 22.34 22.42 22.67 22.69 22.71 22.75 22.00 20.24 18.65 16.97 15.25 14.96 13.02 11.03 10.18  8.60  7.23  5.67  4.89  4.89  4.85  4.79  4.80  4.93  4.83  4.69  4.48  4.42
traj-208:
36.36 34.86 33.46 31.76 30.63 29.74 28.00 27.70 26.00 24.15 22.33 22.08 20.26 19.97 18.09 16.14 14.19 13.34 11.95 11.10  9.46  9.17
22.79 22.70 22.79 22.85 22.89 22.85 22.64 22.62 22.54 22.98 23.74 23.90 24.52 24.56 24.78 24.95 25.00 25.02 25.03 25.03 24.50 24.41
traj-209:
34.25 33.65 31.79 30.07 28.49 26.59 24.61 23.20 22.30 21.01 21.13 21.14 21.17 21.19 21.20 21.13 21.06 19.37 18.34 16.71 15.19 14.39
22.20 22.21 21.76 20.91 20.39 20.11 20.08 21.13 21.60 22.62 23.99 25.67 26.50 27.67 29.13 31.04 32.53 33.21 33.46 34.18 34.90 35.23
traj-210:
38.75 37.88 36.46 35.58 34.13 32.75 30.88 29.83 28.66 26.94 26.11 24.48 22.92 23.05 23.29 22.91 22.53 22.61 22.63 22.74 22.78 22.65 22.27 22.24 21.67 21.24 20.72 19.51 17.68 16.97 15.08 13.59 11.91 11.01 10.10  9.18  8.78
22.09 22.19 22.26 22.28 22.46 22.71 22.83 22.82 22.75 22.73 22.76 22.96 24.17 23.14 22.14 20.41 18.84 16.92 16.35 14.77 13.90 12.21 10.38  9.79  8.21  6.47  5.44  5.04  4.61  4.75  4.66  4.78  4.85  6.37  7.55  9.04  9.73
traj-211:
36.53 34.82 33.39 31.69 30.29 28.62 27.13 25.38 23.72 23.52 23.36 23.20 23.04 21.99 21.34 21.13 19.68 17.76 17.19 15.44 14.40 12.42 10.56  9.24  8.47  7.56
22.74 22.66 22.65 22.74 22.81 22.86 22.91 22.98 23.87 25.24 26.36 27.47 28.88 27.83 26.13 25.91 25.20 24.92 24.87 24.81 24.70 24.47 24.02 23.13 22.03 21.00
traj-212:
36.30 34.32 33.77 32.02 30.28 28.50 26.62 25.07 23.45 23.14 22.98 22.82 22.91 23.22 23.58 25.11 26.46
22.52 22.78 22.78 22.84 22.87 22.95 22.93 22.68 23.55 25.46 27.11 28.75 29.69 31.56 32.29 33.07 33.26
traj-213:
34.92 34.05 32.63 30.93 29.77 28.61 27.12 26.24 25.07 23.42 23.31 23.11 22.70 23.33 23.36 23.29 23.12 22.78 22.30 21.96 21.74 20.56 18.85 18.26 16.82 14.89 13.47 12.94 11.76 10.44  8.72  8.29
22.16 22.26 22.42 22.73 22.88 22.92 22.90 22.87 22.77 21.99 20.74 19.57 18.06 16.26 15.66 14.18 13.02 11.30  9.43  7.72  6.56  5.14  5.01  5.14  5.45  5.80  6.51  6.77  7.29  7.92  7.66  7.26
traj-214:
35.01 34.71 34.21 33.11 31.58 30.76 29.04 27.43 26.84 25.43 23.75 23.62 22.39 21.31 20.10 18.26 17.97 16.06 14.38 12.39 10.80  9.42  8.87  8.56  8.85
20.19 20.17 20.39 20.59 20.66 21.11 21.71 22.36 22.46 22.64 22.43 22.16 22.03 23.41 24.65 24.84 24.90 24.86 24.96 24.87 24.48 23.14 21.33 19.67 17.72
traj-215:
35.59 34.28 32.72 30.79 29.66 27.71 25.88 24.01 23.35 21.96 21.86 21.72 21.52 21.34 21.37 21.40 22.50 22.95 24.59 26.18
20.55 20.34 20.31 20.30 20.37 20.38 21.07 20.95 20.85 20.74 22.48 24.03 24.57 26.45 28.27 30.16 31.72 32.09 33.21 33.44
traj-216:
34.96 33.07 31.90 30.04 28.76 27.33 26.21 24.23 23.37 23.05 22.52 21.94 21.29 21.28 21.24 21.28 21.61 21.89 22.44 21.96 20.09 18.34 16.47 15.02 13.77 13.92 13.23 12.94 11.41 10.20  8.98
20.26 20.35 20.29 20.29 20.28 20.26 20.24 20.14 19.37 18.59 16.84 14.97 13.65 11.75 10.20  9.63  8.08  7.97  6.52  5.14  4.73  4.40  4.20  4.14  5.41  6.69  8.52  9.05  9.40  9.66  9.86
traj-217:
33.84 32.38 30.52 28.97 27.60 26.24 25.11 23.39 23.30 22.32 20.83 18.86 17.25 16.12 14.40 12.47 11.20  9.69  9.11  8.92  8.49  8.55  8.47
20.92 21.27 21.76 22.15 22.48 22.81 22.96 23.86 24.22 25.81 24.78 24.81 24.92 25.01 25.09 25.23 24.73 23.81 22.07 21.64 19.73 18.50 17.31
traj-218:
37.20 36.38 34.61 33.52 31.78 30.72 28.88 28.31 26.93 25.15 23.80 23.62 22.32 22.19 21.35 21.14 21.15 21.13 21.10 21.98 23.11 24.46 26.18 26.48 28.26 30.00
21.02 21.13 21.34 21.48 21.40 21.32 21.06 20.93 20.54 20.11 20.26 20.51 21.93 22.32 24.01 25.24 26.12 27.97 29.46 30.76 32.25 33.02 33.12 33.14 33.17 33.33
traj-219:
36.41 35.28 33.98 32.67 30.94 29.50 28.02 27.13 25.36 23.89 23.66 23.40 22.46 22.22 21.87 21.32 21.70 22.01 22.21 22.40 22.62 22.72 22.93 22.68 22.21 22.13 21.55 21.23 19.72 18.77 16.97 16.45 14.48 13.30 12.43
22.64 22.75 22.77 22.84 22.83 22.89 22.93 22.90 22.83 23.71 25.10 26.19 27.90 26.76 25.39 23.52 21.92 20.64 18.99 17.65 16.27 14.51 12.64 10.95  9.45  8.28  6.76  6.19  4.94  5.07  5.22  5.30  5.57  6.44  7.95
traj-220:
37.79 36.06 34.45 33.07 31.92 31.00 29.24 27.68 26.84 24.87 23.78 23.01 22.73 22.66 20.80 18.90 18.16 16.76 14.83 13.26 11.30 10.16  8.60  6.70  5.84  4.64
20.28 20.24 20.28 20.25 20.25 20.25 20.16 20.18 20.21 20.20 21.29 22.41 23.87 24.69 25.21 24.89 24.96 24.88 24.74 24.57 24.37 24.20 23.70 23.93 24.18 24.64
traj-221:
36.97 35.52 33.80 32.62 30.89 30.33 28.55 26.77 25.58 24.68 23.01 22.43 22.20 22.66 22.72 22.52 21.84 20.35 20.01
22.28 22.37 22.56 22.63 22.78 22.85 22.92 22.93 22.93 22.93 23.92 24.63 26.43 27.98 29.84 31.49 33.06 34.19 34.50
traj-222:
37.33 36.74 34.98 33.22 32.36 30.62 28.88 27.10 25.66 23.78 23.71 22.97 22.68 22.48 22.94 23.26 22.95 22.65 22.32 22.14 21.97 21.54 19.77 18.19 17.63 15.75 15.19 13.75 13.16 11.36  9.62  7.71
22.46 22.55 22.72 22.84 22.86 22.86 22.93 22.94 22.94 22.69 22.40 20.82 19.69 17.75 16.15 14.23 12.82 11.17  9.25  8.38  7.26  5.91  5.06  4.95  4.92  5.22  5.42  5.69  5.76  5.51  5.48  5.24
traj-223:
33.91 32.47 30.72 30.02 29.87 28.36 27.60 26.26 24.35 23.16 21.32 20.23 18.29 16.48 14.52 13.38 11.75 10.65  9.49  8.07  7.72
20.45 20.14 20.22 20.30 20.55 21.33 21.79 22.39 22.81 22.92 23.56 24.27 24.49 25.20 25.13 25.14 25.15 25.11 25.11 24.54 23.13
traj-224:
36.94 35.41 33.73 32.53 31.58 30.27 29.14 27.74 26.79 25.76 24.74 23.64 22.54 22.10 21.64 21.86 22.15 21.83 20.89 20.61
21.52 21.17 20.83 20.67 20.38 20.43 20.67 21.36 21.88 22.39 22.93 24.34 25.60 25.82 27.63 28.78 30.49 32.12 33.71 33.98
traj-225:
35.52 33.77 32.01 30.30 28.60 28.19 26.56 24.82 23.94 22.89 21.72 21.08 21.13 21.15 21.28 21.47 22.19 22.52 22.76 22.30 21.54 20.78 19.12 17.76 16.63 14.91 13.07 11.94 10.30  9.20  7.89  6.42
22.80 22.82 22.84 22.84 22.78 22.77 22.75 22.92 22.86 21.45 19.89 18.24 16.77 15.64 14.48 13.25 12.13 11.08  9.76  8.00  6.15  5.51  4.85  4.98  4.98  5.09  5.74  6.06  6.32  6.55  6.46  6.54
traj-226:
35.64 33.94 32.53 31.12 29.93 28.18 26.41 24.94 23.55 23.40 22.03 20.90 19.02 17.49 16.19 14.86 13.18 11.19  9.45  7.84  7.37
22.22 22.46 22.68 22.84 22.88 22.81 22.87 22.88 21.87 22.13 23.47 24.27 24.84 24.62 24.57 24.60 24.49 24.55 24.07 23.69 23.63
traj-227:
38.91 37.24 36.17 34.66 34.07 32.10 31.15 30.09 28.24 26.66 25.59 24.53 23.46 22.21 21.28 21.87 22.62 23.31 23.46 25.07 26.83 28.06
21.56 21.66 21.72 21.84 21.91 21.89 21.68 21.40 21.59 21.98 22.28 22.54 23.37 24.48 25.85 27.60 28.74 30.59 32.05 33.18 33.44 33.56
traj-228:
35.20 34.14 32.42 30.44 28.74 27.88 25.96 24.38 22.89 22.38 21.67 21.52 22.23 22.91 22.82 22.46 22.28 20.97 20.81 19.16 17.68 15.72 14.67 12.93 11.27  9.32  7.39
21.25 21.01 20.66 20.39 20.40 20.37 20.31 20.13 18.87 17.61 15.81 13.95 13.40 12.44 10.88  8.95  7.32  5.97  5.72  4.97  4.98  5.21  5.65  6.35  6.71  6.95  6.51
traj-229:
38.97 37.09 35.69 33.70 31.81 30.74 29.28 28.19 26.42 24.95 23.29 22.11 21.13 19.84 18.77 16.93 15.63 13.78 12.43 10.79  9.69  8.98  8.06  6.92  6.34  5.55  5.19
20.32 20.27 20.21 20.13 20.11 20.15 20.13 20.15 20.15 20.21 21.31 22.21 23.30 24.58 24.34 24.30 24.26 24.27 24.19 24.08 23.41 21.81 21.04 19.62 18.79 17.60 17.09
traj-230:
36.64 34.90 33.13 31.94 30.17 28.40 27.80 26.10 24.13 23.01 22.45 22.18 21.96 21.77 21.52 21.33 21.01 19.18 17.42 16.20 14.28 12.35 11.04  9.85  8.67
22.58 22.88 22.91 22.94 22.86 22.78 22.76 21.80 22.06 22.38 23.91 25.64 27.55 28.97 30.74 31.86 32.67 33.01 33.10 33.16 33.19 33.26 33.36 33.45 33.55
traj-231:
34.43 32.73 31.02 29.37 28.27 26.82 25.33 23.76 23.37 22.30 22.58 22.68 22.66 22.82 22.94 23.03 23.09 23.03 22.97 22.48 21.97 21.62 19.98 19.50 17.58 16.77 14.83 13.96 12.07 11.77
22.57 22.52 22.63 22.78 22.86 22.92 22.93 23.76 24.55 23.11 22.05 20.54 18.71 17.10 15.65 14.25 12.51 11.62 10.44  8.57  6.90  5.80  5.21  5.11  5.10  5.09  5.35  5.56  5.45  5.41
traj-232:
35.49 33.85 33.04 31.28 30.57 28.65 27.78 26.02 24.77 23.33 21.95 20.81 18.85 18.55 16.74 15.04 13.61 12.51 10.85  9.47  8.64  8.24  7.31
21.65 21.31 21.25 21.15 21.09 20.90 20.75 21.62 21.96 23.12 24.28 24.33 24.52 24.56 24.74 24.91 25.07 24.99 24.84 23.56 22.29 21.68 20.23
traj-233:
37.04 35.63 34.84 33.60 32.25 30.51 29.07 28.19 26.22 24.53 22.80 22.57 22.23 21.68 21.62 21.25 21.13 21.09 20.08 19.79 18.29 16.56
22.34 22.38 22.47 22.53 22.60 22.75 22.93 22.87 22.90 22.94 23.70 24.71 26.46 28.01 28.45 29.97 31.48 32.07 33.17 33.10 34.11 35.09
traj-234:
36.56 36.01 34.53 32.60 30.88 28.93 27.47 25.76 24.01 23.99 22.88 21.98 22.60 22.84 22.89 22.89 22.85 22.87 22.93 22.61 22.29 22.12 21.50 19.52 18.53 17.18 15.52 14.94 13.15 12.97
22.33 22.34 22.38 22.52 22.63 22.85 22.89 22.94 22.83 22.53 21.75 20.32 18.43 16.75 15.35 13.40 12.24 11.36  9.64  8.15  6.78  5.50  4.77  4.85  4.88  4.90  4.90  4.88  5.18  5.24
traj-235:
34.56 33.16 31.33 29.57 27.76 25.89 25.64 23.89 22.45 21.28 19.83 18.10 16.25 14.62 13.53 12.38 10.74  9.72  7.93  8.16  8.37  8.63  9.01
22.19 21.42 21.32 21.21 21.17 21.34 21.38 21.59 22.61 23.41 24.07 25.07 25.08 25.12 25.22 25.28 25.30 25.32 24.49 23.28 22.51 21.02 19.44
traj-236:
34.72 33.55 32.27 30.43 28.60 28.36 26.48 24.82 22.89 21.72 21.38 21.28 21.22 21.12 21.11 21.05 21.14 21.21 20.44
21.65 21.16 20.89 20.46 21.07 21.25 21.70 22.29 22.76 24.20 24.81 26.24 27.93 28.98 30.57 31.85 33.63 34.98 35.40
traj-237:
34.90 34.01 32.18 30.60 29.20 27.49 26.59 24.82 23.22 22.82 22.88 22.93 22.99 23.09 22.88 22.61 22.18 21.96 20.67 19.27 18.97 17.06 15.32 13.87 13.44 12.18 11.10
22.36 22.29 21.50 21.41 21.23 21.14 21.07 20.90 19.79 17.92 16.16 15.37 13.71 12.02 10.83  9.07  8.15  7.07  5.70  5.25  5.24  5.09  5.16  6.17  7.01  8.42  9.69
traj-238:
36.67 35.80 34.10 33.50 31.74 30.06 28.37 26.63 25.44 23.75 22.73 20.97 19.18 17.75 15.86 14.25 12.37 10.75 10.30  8.57  7.17
22.54 22.62 22.90 22.89 22.84 22.77 22.83 22.78 22.68 22.40 23.24 24.03 24.32 24.50 24.69 25.09 24.56 24.15 24.04 23.31 23.00
traj-239:
34.75 32.90 31.46 29.58 28.25 26.96 25.73 24.88 23.42 23.18 22.24 22.15 21.62 21.56 21.69 22.36 23.09 23.86 24.44
21.94 21.33 20.75 20.15 20.29 20.38 21.19 21.72 22.64 22.81 24.54 24.83 26.74 27.04 28.89 30.06 31.56 33.17 34.71
traj-240:
34.73 34.07 32.19 31.64 30.20 28.41 27.52 25.76 24.17 23.11 22.60 21.65 21.55 21.06 21.08 21.06 21.30 21.37 21.47 21.72 21.83 21.23 20.20 18.39 16.45 14.61 13.49 13.01 12.24 10.81  9.46
21.71 21.92 22.46 22.61 22.91 22.92 22.94 22.87 21.87 20.62 20.61 18.85 18.66 16.87 15.24 14.66 12.78 11.02  9.07  8.90  8.43  6.57  5.15  5.03  5.09  5.53  6.49  7.23  8.86  9.29  9.68
traj-241:
35.00 33.93 32.27 31.54 29.63 27.70 26.23 24.63 23.42 22.93 21.38 19.54 17.79 15.87 14.14 12.16 11.32  9.87  9.38  9.04  8.86  8.95
21.53 21.59 21.58 21.43 20.87 20.40 20.31 21.06 22.54 23.21 24.44 25.13 25.10 25.08 25.06 24.98 24.96 23.79 23.44 22.67 20.69 20.40
traj-242:
34.52 32.91 31.14 29.17 28.90 27.27 26.67 24.94 23.55 23.29 22.10 21.55 22.09 22.47 23.11 24.55 26.38 27.28 29.13
21.90 21.84 21.79 21.93 22.04 22.61 22.66 22.89 24.30 24.82 26.40 27.45 29.17 30.17 32.00 33.09 33.17 33.14 33.59
traj-243:
36.30 34.89 33.15 31.40 29.64 28.74 26.99 25.79 24.18 23.88 23.34 22.84 22.87 22.88 22.98 23.01 22.92 22.69 22.68 22.58 22.47 22.18 21.03 20.66 18.85 18.01 16.91 15.46 14.59 13.09 12.79
22.66 22.75 22.85 22.79 22.75 22.78 22.97 22.95 21.97 21.96 21.39 19.67 18.08 16.64 15.27 14.38 12.60 10.70  9.81  8.69  7.80  6.40  5.25  5.05  4.78  5.08  5.47  5.62  5.69  4.58  4.62
traj-244:
38.76 36.93 35.96 34.33 32.71 31.14 29.71 29.55 27.82 27.28 25.47 23.91 22.88 22.23 21.35 19.95 18.36 16.38 14.40 12.45 10.70  9.14  8.43  7.43
21.86 21.28 20.95 20.48 20.45 20.15 20.20 20.46 21.01 21.17 21.58 22.14 23.63 25.03 25.19 25.18 25.16 25.30 25.36 25.21 25.04 24.73 23.47 22.08
traj-245:
36.49 36.38 35.10 34.01 32.62 31.46 29.61 28.58 26.72 25.37 23.76 23.29 22.75 22.31 21.90 22.50 23.28 23.48 24.96 25.24
20.04 20.32 20.50 20.29 20.16 20.05 20.28 20.36 20.42 20.72 20.96 22.55 24.43 25.86 27.81 29.29 31.02 32.15 33.02 33.11
traj-246:
33.79 33.41 31.66 30.79 29.04 27.91 26.21 25.62 23.76 23.10 22.39 21.21 21.37 21.51 21.58 21.54 21.55 21.61 21.67 21.74 21.56 21.09 20.57 19.47 17.86 16.55 15.59 14.21 13.97 13.19 12.65
21.69 21.84 22.10 22.01 22.43 22.63 22.88 22.86 22.60 22.27 21.21 19.62 18.10 16.55 15.19 13.74 13.44 11.63 10.34  8.90  7.91  6.64  5.67  5.21  5.07  5.26  5.49  5.83  6.02  7.81  9.11
traj-247:
33.64 32.03 30.29 30.03 28.70 27.16 25.51 23.74 23.35 22.55 22.26 22.19 20.71 18.96 17.51 16.95 15.02 14.11 12.26 10.88  9.13  7.71  6.26  4.76  4.68  4.40  4.21  4.12
21.30 21.26 20.85 20.73 20.36 20.45 20.70 21.17 21.37 22.91 23.48 23.90 25.20 25.09 24.98 24.79 24.89 25.12 25.82 25.80 25.52 25.34 25.08 23.88 22.03 20.99 19.36 18.07
traj-248:
36.87 35.13 34.02 32.25 31.65 29.86 27.89 27.01 25.64 24.95 24.76 22.95 22.94 23.14 23.30 23.39 23.50 23.65 25.31 27.07 28.83 30.69 30.86
22.68 22.79 22.86 22.91 22.92 22.92 22.95 22.95 22.92 22.90 23.14 23.70 24.55 26.04 27.80 29.24 30.43 32.16 33.03 33.38 33.63 33.96 33.95
traj-249:
34.74 34.15 32.25 30.55 29.95 28.47 27.87 26.13 24.33 23.55 23.47 22.83 22.38 21.31 21.17 21.17 21.18 21.40 21.45 21.50 21.50 21.72 21.94 22.08 21.76 20.65 18.68 16.96 15.25 13.70 12.31 11.24  9.83
22.75 22.74 22.76 22.86 22.91 22.91 22.91 22.90 22.88 22.88 22.59 22.46 22.16 21.03 19.25 17.48 15.54 13.87 13.40 11.43 11.13 10.92 10.11  8.26  6.83  5.39  5.34  5.53  5.75  5.68  5.75  4.96  4.00
traj-250:
35.15 33.27 31.51 29.54 29.24 27.49 25.70 23.95 22.32 22.22 20.50 18.79 17.20 15.22 13.90 12.66 10.80  9.53  9.43  9.07  7.92
22.28 22.72 22.74 22.82 22.84 22.86 22.90 22.90 23.88 23.93 24.71 24.66 24.97 24.95 24.89 24.75 24.40 23.12 22.53 21.08 19.59
traj-251:
35.25 33.61 32.51 30.83 30.25 28.56 27.11 25.62 25.03 23.34 22.96 22.50 22.42 21.57 21.49 21.70 21.21 20.50 18.91 17.55
22.07 21.77 21.97 22.27 22.41 22.74 22.91 22.94 22.95 23.84 25.25 26.97 27.26 28.53 30.36 31.21 33.13 33.87 34.90 35.26
traj-252:
37.40 35.42 34.23 32.55 31.42 29.71 28.60 27.42 25.63 23.73 23.44 23.11 23.42 23.12 22.80 22.60 22.44 22.39 22.05 21.64 21.41 20.46 19.42 18.40 16.59 14.74 13.46 12.32 11.54  9.84
22.39 22.35 22.33 22.46 22.56 22.76 22.83 22.88 22.94 22.96 22.91 22.25 20.29 18.48 16.52 14.58 13.75 11.85 10.11  8.41  6.94  5.21  4.98  4.89  5.17  5.72  6.39  6.89  7.27  8.16
traj-253:
37.85 36.19 34.28 33.12 31.65 30.21 28.49 27.00 25.83 24.53 23.64 23.32 22.09 20.41 18.89 17.92 16.07 14.93 13.41 11.57 11.27  9.51  8.95  7.37  6.38  5.51  5.16
22.10 22.55 22.86 22.87 22.86 22.85 22.87 22.91 22.94 22.99 23.63 24.09 25.34 24.88 24.37 24.39 24.61 24.70 24.81 24.57 24.55 24.12 22.51 21.57 20.43 19.35 18.51
traj-254:
33.61 32.22 30.44 29.40 27.68 27.10 25.36 25.06 23.56 23.10 22.53 22.00 21.93 21.75 21.49 20.19 18.89 17.03 16.16 14.23 13.48 11.85
22.07 21.93 21.93 22.10 22.44 22.54 22.76 22.81 23.63 25.13 26.81 28.36 29.25 31.03 31.82 33.04 33.02 33.22 33.22 33.34 33.41 33.55
traj-255:
38.39 36.67 35.04 34.15 32.40 30.67 28.89 28.30 26.55 25.96 24.28 22.47 22.72 22.93 22.90 22.92 22.94 23.12 23.25 23.20 23.10 23.08 22.33 21.75 20.51 19.81 17.95 16.40 14.65 13.77 12.38 11.20
22.47 22.61 22.72 22.69 22.80 22.92 22.92 22.91 22.84 22.84 23.00 22.95 21.39 20.38 18.78 17.39 16.55 14.77 12.80 11.64 10.15  9.55  7.96  6.30  5.16  4.95  5.11  5.00  4.86  5.40  6.68  7.82
traj-256:
39.09 37.65 36.10 34.27 32.44 30.58 29.30 27.50 25.77 24.27 22.90 21.40 20.19 18.37 17.94 16.41 15.83 14.37 12.64 10.75 10.51  9.06  7.60  7.36  6.94  7.42
20.10 20.09 20.17 20.25 20.39 20.62 21.24 22.03 22.57 22.96 23.42 23.67 24.17 24.48 24.56 24.93 25.02 25.09 25.17 24.62 24.45 23.49 22.50 22.33 20.39 19.38
traj-257:
35.19 33.24 31.78 30.77 29.05 27.13 25.99 24.58 22.94 22.37 21.38 21.86 22.34 22.73 22.52 22.43 22.04 20.41 18.46 18.25 17.45 16.67
20.13 20.14 20.11 20.15 20.13 20.12 20.12 21.17 21.92 21.95 23.57 24.79 26.44 28.01 29.38 30.16 32.02 33.17 33.51 33.73 33.93 34.96
traj-258:
35.50 34.40 33.00 31.84 30.98 29.27 27.81 25.90 24.30 24.02 23.22 22.46 22.21 21.78 21.54 21.81 22.19 21.98 21.78 21.28 21.15 20.17 19.30 17.41 16.81 15.18 13.49 12.16 10.53  9.61  7.81  6.95  5.86
22.67 22.71 22.79 22.81 22.76 22.85 22.73 22.67 21.58 20.31 19.61 17.91 16.97 15.07 14.36 12.49 11.73  9.90  8.70  6.89  6.62  5.12  5.12  4.99  4.97  5.29  5.69  6.15  7.22  8.23  7.39  6.60  5.56
traj-259:
37.69 36.86 34.93 33.67 31.91 30.06 28.08 27.56 25.62 23.77 22.78 22.46 21.25 20.40 18.42 16.64 15.78 14.22 12.51 11.69 10.04  9.47  8.05  6.24
22.06 21.78 21.43 21.22 21.15 20.94 20.67 20.61 20.89 21.29 22.22 23.03 24.52 24.71 24.97 24.92 24.89 24.92 24.97 25.07 24.35 24.25 23.77 23.32
traj-260:
39.12 37.40 35.81 33.92 32.54 30.67 29.23 27.72 26.56 24.56 23.49 22.97 22.63 22.29 21.86 21.76 21.41 20.02 19.38 18.55 17.77
22.76 22.81 22.81 22.82 22.81 22.82 22.86 22.92 22.93 22.98 24.21 25.65 26.85 28.02 29.84 30.43 32.04 33.19 33.37 33.58 33.74
traj-261:
37.13 35.24 33.64 32.80 31.08 29.17 27.55 26.99 25.34 23.54 22.98 22.94 22.97 22.94 23.06 23.08 23.00 22.87 22.48 21.90 21.25 20.93 19.23 18.07 16.42 14.55 12.93 11.71 10.11  9.88  8.25  7.40
21.81 21.70 21.53 21.53 21.50 21.54 21.61 21.81 22.32 21.53 19.64 18.80 16.94 15.74 13.98 13.12 11.72 10.87  9.18  7.89  6.24  5.74  4.92  5.05  5.23  5.70  6.52  6.85  7.47  7.66  6.59  6.44
traj-262:
36.85 36.27 34.76 33.07 31.40 30.82 29.09 28.49 26.72 25.57 24.39 22.65 20.83 18.97 18.04 16.83 15.93 14.31 12.56 12.26 10.45  9.74  8.32  7.35  5.61
21.50 21.60 22.00 22.32 22.60 22.67 22.96 22.96 22.95 22.93 22.95 23.46 24.02 24.47 24.58 24.58 24.59 24.84 24.84 24.88 24.52 24.08 22.83 22.41 21.87
traj-263:
36.52 34.61 34.31 32.55 31.12 30.53 29.10 27.37 26.52 24.77 23.05 21.37 21.12 21.08 21.17 21.86 22.38 22.71
21.89 21.94 21.98 22.21 22.40 22.45 22.59 22.80 22.86 22.89 23.85 24.87 25.04 26.47 27.94 29.81 31.03 31.73
traj-264:
35.63 33.88 31.94 31.08 29.35 28.76 27.02 25.55 24.39 22.80 23.20 23.06 22.87 22.57 22.44 22.38 22.38 22.18 21.80 21.46 21.19 19.96 18.05 17.17 15.60 15.06 13.42 12.14 10.65  9.57  7.83
22.32 22.41 22.59 22.76 22.80 22.82 22.88 22.86 22.84 23.25 21.64 20.50 19.45 17.82 16.20 14.39 12.93 10.94  8.99  7.24  6.39  4.97  5.07  5.17  5.32  5.43  6.55  6.88  7.54  7.90  8.79
traj-265:
37.42 35.54 34.38 32.63 31.19 29.32 27.48 26.04 24.68 23.33 22.69 21.61 21.03 20.48 19.48 17.62 15.93 14.61 12.91 11.17  9.56  8.66  7.12
20.34 20.14 20.14 20.07 20.06 20.05 20.07 20.08 20.13 20.26 20.35 21.85 22.42 24.19 24.69 25.10 25.00 24.91 24.86 24.35 23.44 22.71 22.33
traj-266:
37.76 36.65 35.20 33.74 32.01 30.15 28.54 27.34 25.44 24.13 23.92 21.95 21.76 21.64 21.56 21.54 21.51 21.47 21.89
21.46 21.31 21.09 20.90 20.67 20.63 20.66 20.57 20.40 21.72 22.28 22.53 24.42 25.86 27.65 28.81 30.78 31.75 32.80
traj-267:
34.42 32.45 31.35 29.67 27.98 26.82 24.84 23.83 23.56 22.38 21.67 21.46 22.36 22.39 22.49 22.74 22.69 22.73 22.70 22.57 22.22 21.58 21.28 20.67 18.99 18.70 16.97 15.05 13.32 12.66 11.26 10.15  8.68  6.80  5.77  5.17
22.37 22.61 22.74 22.78 22.85 22.92 22.98 24.48 25.32 26.54 24.82 22.91 21.35 20.85 19.22 17.23 15.27 13.54 12.79 10.89  9.26  7.58  6.80  5.78  4.93  5.00  5.27  5.82  6.76  7.33  8.36  9.24  9.13  8.96  8.21  7.70
traj-268:
38.32 36.65 35.54 34.37 33.48 31.71 31.41 29.62 27.89 26.17 25.57 23.82 23.10 21.52 20.44 18.82 17.05 16.18 14.64 13.29 12.01 10.85  9.40  8.78
22.39 22.54 22.66 22.77 22.85 22.95 22.94 22.84 22.87 22.92 22.93 22.73 23.41 24.50 24.71 24.54 24.57 24.69 24.77 24.85 24.77 24.52 23.39 22.74
traj-269:
36.68 36.39 34.63 33.79 31.82 31.02 29.51 28.62 27.54 25.67 24.94 23.04 21.17 21.47 21.87 22.26 22.71 23.00 23.19 22.73 22.41
22.15 22.21 22.23 22.20 21.98 21.73 21.23 20.82 20.29 20.35 20.51 20.98 20.97 22.92 24.54 26.19 28.03 29.26 30.41 32.30 33.52
traj-270:
34.00 32.83 31.39 29.62 27.84 26.39 25.79 23.99 23.95 23.76 23.27 23.27 23.41 23.48 22.93 22.70 22.63 22.21 21.85 21.69 20.25 18.33 16.57 14.84 13.98 12.58 11.42 11.16  9.89  9.61
22.73 22.76 22.84 22.85 22.87 22.78 22.77 22.69 22.39 20.49 18.72 18.12 16.41 15.30 13.88 12.05 11.50  9.60  7.93  6.75  5.41  4.85  4.60  4.45  4.46  4.45  5.94  6.27  7.74  7.86
traj-271:
34.38 32.60 30.88 29.44 27.67 26.05 25.10 23.78 22.49 20.65 18.66 17.41 16.15 14.24 12.38 10.94  9.60  8.69  7.66  6.22  4.87
20.61 20.40 20.09 20.13 20.19 20.33 21.39 22.77 23.70 24.08 24.25 24.51 24.75 24.56 24.36 24.15 23.32 21.66 20.45 19.93 19.44
traj-272:
33.92 33.33 31.87 30.39 28.61 27.14 26.55 24.55 23.48 23.66 23.82 23.85 23.82 23.85 25.16 25.85 27.39
22.63 22.70 22.88 22.89 22.89 22.88 22.88 22.86 24.46 25.90 27.38 29.13 30.26 32.21 33.11 33.53 34.55
traj-273:
37.79 36.61 34.88 33.72 32.07 30.31 29.45 27.70 26.27 25.69 24.22 22.68 22.80 22.69 22.75 22.86 22.90 22.94 22.98 22.98 23.01 22.91 22.05 21.32 20.36 18.65 17.42 15.69 13.97 12.23 10.41  8.42
22.57 22.65 22.65 22.65 22.68 22.78 22.77 22.71 22.90 22.88 22.86 22.73 21.43 20.11 18.96 17.71 16.26 15.39 13.91 12.19 11.32  9.86  8.18  6.91  5.46  4.93  4.65  4.49  4.48  4.71  5.06  5.19
traj-274:
35.86 34.15 32.32 30.50 29.00 28.04 26.40 24.62 24.02 22.37 21.29 20.01 19.72 17.76 17.30 16.35 14.46 13.08 11.72 10.94  9.26  8.91  8.58  8.20  7.50  7.18
22.01 21.79 21.40 21.25 21.18 21.03 21.04 20.96 20.92 21.34 22.98 24.19 24.24 24.24 24.45 24.68 25.01 25.01 24.98 24.66 24.43 22.85 21.64 20.65 19.33 18.82
traj-275:
38.87 37.21 35.48 33.97 32.09 30.98 29.05 27.18 25.67 24.78 23.37 22.01 21.62 21.26 21.13 21.10 21.22 21.28 21.47
20.34 20.16 20.24 20.44 20.57 20.33 20.09 20.12 20.15 20.15 21.17 22.34 23.57 24.80 26.04 28.03 29.75 30.56 32.37
traj-276:
34.50 33.67 32.24 30.35 28.64 28.04 26.31 25.01 23.63 23.34 22.70 22.89 22.91 22.85 22.58 22.61 22.28 22.14 21.81 20.14 18.41 16.43 14.60 13.35 12.02 10.29  9.70  8.11  6.70
20.44 20.39 20.32 20.23 20.18 20.17 20.15 20.14 19.31 17.95 16.34 14.70 13.89 12.33 10.41  9.56  7.84  7.08  5.51  4.77  4.72  4.70  4.93  5.14  5.58  6.09  6.17  5.49  4.53
traj-277:
34.07 32.14 30.15 28.17 26.40 25.65 24.35 22.89 21.07 19.57 18.75 16.93 15.82 13.82 13.03 11.14  9.73  8.81  7.89
20.46 20.65 20.53 20.57 20.59 21.61 22.78 23.52 24.02 24.22 24.30 25.04 25.04 25.01 25.00 24.63 23.81 23.13 22.47
traj-278:
37.49 35.65 34.24 33.03 32.16 30.18 28.75 26.85 25.28 24.82 23.82 23.74 23.69 23.74 23.75 23.75 23.74 25.29 26.16 27.70 28.06 29.82 31.31
21.81 21.55 21.60 21.67 21.58 21.34 21.28 21.03 21.84 22.23 23.89 25.37 27.13 28.03 29.73 30.33 32.08 33.10 33.17 33.94 34.38 35.24 35.33
traj-279:
34.55 33.17 31.64 29.78 28.33 26.58 24.82 24.22 22.26 23.14 23.21 23.15 23.01 22.92 23.04 23.20 23.23 23.24 23.32 23.29 22.94 21.23 19.66 17.76 16.33 15.47 13.73 11.91 10.18  8.91  8.12  6.69
22.62 22.62 22.73 22.81 22.82 22.86 22.98 22.98 23.00 21.63 19.84 18.97 17.44 15.49 14.12 12.40 10.63 10.33  8.55  7.12  5.16  5.00  4.98  5.04  5.06  5.09  5.95  6.69  7.68  7.38  7.28  6.97
traj-280:
36.23 34.30 32.70 32.10 30.61 29.42 28.21 26.26 24.79 22.92 21.45 19.85 17.89 16.07 14.13 12.72 11.33  9.94  9.48
22.57 22.82 22.91 22.93 22.94 22.91 22.93 22.89 22.92 23.48 23.85 24.36 24.55 24.87 24.67 24.48 24.40 23.64 23.27
traj-281:
38.91 37.08 35.17 33.21 31.38 30.81 28.99 27.83 25.92 24.55 23.59 22.80 22.35 21.74 22.34 22.63 22.89 22.67 22.54 21.32 20.83 19.51
21.33 21.00 20.71 20.49 20.27 20.24 20.15 20.17 20.34 21.16 22.51 23.63 24.29 25.49 27.33 28.15 30.12 31.63 32.98 33.95 34.20 35.06
traj-282:
34.73 33.11 31.17 29.53 28.09 26.61 25.13 23.88 23.36 22.44 22.61 22.70 22.64 22.80 22.93 23.01 22.69 22.29 21.97 21.83 21.28 20.80 19.37 18.85 16.96 15.13 13.22 12.54 10.92
21.48 21.83 22.23 22.74 22.89 22.87 22.86 23.72 24.44 23.05 21.32 20.09 18.40 17.24 15.37 13.94 12.07 10.16  8.70  8.12  6.45  5.75  5.06  4.92  4.63  4.49  4.42  4.48  4.36
traj-283:
38.30 36.58 35.40 33.66 32.50 31.03 29.34 27.37 26.49 25.00 23.51 23.31 22.01 21.00 19.38 18.08 16.29 14.87 13.27 11.50  9.92  9.44
22.73 22.77 22.83 22.91 22.89 22.90 22.93 22.95 22.97 22.88 23.87 24.43 25.84 25.67 25.29 25.11 25.04 24.99 24.98 24.58 23.61 22.59
traj-284:
33.79 33.27 31.63 30.85 29.03 28.01 26.42 24.89 23.42 22.24 21.55 21.42 21.41 21.37 21.44 22.00 22.51 22.92
20.81 20.73 20.52 20.40 20.34 20.38 20.17 20.10 21.09 22.15 22.91 24.28 26.25 27.75 29.19 31.01 32.17 33.15
traj-285:
36.87 35.21 34.67 33.01 31.26 30.76 29.05 27.44 26.43 24.80 23.32 23.20 22.53 21.40 21.22 21.20 21.52 21.74 21.95 21.98 21.37 20.40 18.65 16.66 15.36 13.61 11.75
22.05 21.63 21.53 21.23 21.00 21.00 20.85 20.61 20.40 21.02 20.63 20.36 18.47 17.11 15.47 14.06 12.13 10.80  8.89  6.98  5.73  5.11  4.69  4.54  4.65  4.68  4.85
traj-286:
38.84 37.74 36.00 34.22 32.37 30.71 30.00 28.47 26.94 25.53 24.04 23.24 21.94 20.36 18.52 16.64 14.73 13.03 11.26  9.56  9.35
21.07 21.19 21.28 21.00 20.69 20.27 20.26 20.35 20.37 20.69 21.79 23.32 24.10 24.95 24.96 24.98 24.98 25.03 25.07 24.35 24.14
traj-287:
33.99 32.28 30.58 28.58 28.28 26.58 25.47 23.63 22.79 22.47 22.19 22.02 21.96 22.00 20.59 19.09 17.49 17.01 15.15 13.19 11.34 10.08  8.85  7.50
22.69 22.84 22.91 22.93 22.93 22.96 22.98 22.97 24.46 26.22 27.51 29.46 29.95 31.91 33.27 34.14 34.08 34.09 33.97 33.76 33.57 33.46 33.38 33.34
traj-288:
35.32 34.73 32.82 31.72 29.74 28.04 26.27 24.78 23.26 23.02 22.54 23.08 23.12 23.12 23.13 23.10 23.05 22.57 22.17 21.45 20.42 18.67 17.54 16.65 14.70 13.75 11.98 10.43
22.72 22.67 22.79 22.81 22.85 22.86 22.90 22.92 21.99 21.81 20.09 18.20 16.37 14.90 14.02 12.30 12.00 10.08  8.72  6.86  5.37  4.95  4.99  5.01  5.38  5.29  5.50  4.91
traj-289:
36.45 35.32 33.77 33.15 32.00 30.60 29.64 27.81 26.60 25.37 23.83 23.54 23.02 21.88 20.59 19.65 18.63 17.63 16.14 15.34 13.35 11.70 10.62  9.26  8.09
20.11 20.24 20.43 20.70 20.96 20.98 20.74 20.29 21.07 21.66 22.64 23.40 25.29 26.65 25.39 24.88 24.89 24.81 24.74 24.67 24.53 24.38 24.26 23.28 22.10
traj-290:
38.90 38.03 36.35 34.75 33.09 31.57 30.99 29.35 27.92 26.24 25.22 23.71 22.56 22.42 21.95 21.97 21.90 21.83 21.82 20.30 19.74 17.86 16.08 15.28
22.12 21.90 21.36 20.98 20.60 20.28 20.17 20.50 21.05 21.64 22.14 22.78 24.06 24.83 26.64 28.34 30.23 31.12 32.89 34.06 33.87 33.70 34.18 34.40
traj-291:
37.43 36.31 34.59 33.54 31.54 30.10 28.20 28.04 26.22 24.48 23.96 23.55 22.66 22.90 22.88 22.90 22.94 22.96 22.69 21.89 20.67 18.71 16.95 15.09 13.43 11.74
20.93 20.80 20.41 20.34 20.22 20.20 20.48 20.74 21.44 20.81 19.79 18.92 17.32 15.38 13.70 12.30 10.50  9.34  8.22  6.68  5.39  5.11  5.18  5.43  5.49  4.99
traj-292:
37.24 35.39 33.41 31.58 29.72 28.30 27.30 25.54 23.70 22.98 22.07 21.19 19.20 17.67 15.74 14.94 13.43 12.58 10.91  9.30  7.91  7.56  6.11  4.40  4.17
20.92 20.80 20.54 20.53 20.58 21.13 21.43 22.10 22.59 22.97 24.00 25.17 25.06 25.02 24.85 24.84 24.75 24.59 24.32 23.48 22.09 21.80 20.58 19.66 19.47
traj-293:
34.96 34.36 32.91 31.23 30.03 28.27 26.69 24.99 23.59 23.12 22.97 22.82 22.69 22.63 22.52 21.53 20.76 18.85 17.55 15.69 14.66 13.42 12.31 10.58  8.89
21.04 21.10 21.21 21.30 21.32 21.55 21.84 22.14 22.60 24.49 26.15 27.38 28.50 29.46 30.50 32.22 33.02 33.20 33.42 33.67 33.81 34.11 34.35 34.09 33.03
traj-294:
38.84 36.88 35.47 33.80 31.82 31.22 29.76 28.32 26.84 25.07 24.77 23.49 22.02 22.63 22.70 22.89 23.00 23.01 22.95 22.83 22.10 21.49 21.00 19.39 18.32 17.23 15.34 14.82 13.38 12.38
22.26 22.48 22.58 22.67 22.77 22.79 22.85 22.91 22.95 22.79 22.73 21.87 20.76 18.96 18.07 16.12 14.40 12.62 11.13  9.19  7.55  6.30  5.81  5.15  5.15  5.16  5.46  5.51  6.69  7.67
traj-295:
35.94 33.96 32.71 31.70 30.25 28.82 27.38 25.85 24.32 23.05 22.30 20.88 19.32 18.51 16.56 15.48 13.73 12.41 11.52 10.08  8.95  7.98  7.02  5.45  4.74
20.28 20.22 20.17 20.17 20.18 20.12 21.08 21.20 22.41 23.36 23.85 24.15 24.11 24.04 24.11 24.13 24.19 24.13 24.10 24.05 22.50 20.91 20.15 19.01 17.93
traj-296:
36.02 35.49 33.99 32.94 31.32 29.61 27.81 26.32 24.75 23.73 23.26 22.67 22.25 21.18 21.35 20.67 19.52 18.11 16.62 15.35 13.70 13.24
20.85 20.68 20.27 20.07 20.21 21.02 21.76 22.36 22.97 24.56 25.90 27.70 28.32 29.37 31.19 33.05 33.28 33.51 33.73 34.32 34.87 34.96
traj-297:
35.46 34.29 33.14 31.45 30.29 28.58 26.60 24.82 23.49 22.85 22.26 21.99 21.20 21.22 21.39 21.66 21.97 22.30 22.51 22.72 22.00 21.78 20.14 18.85 17.26 16.14 14.43 12.78 11.47  9.98  8.58  7.67  6.29  4.60
22.39 22.33 22.30 22.58 22.76 22.88 22.91 22.88 21.96 20.33 18.80 18.10 16.46 14.78 13.11 12.98 11.36 10.18  8.80  8.22  6.43  6.22  5.18  4.93  5.18  5.29  5.57  6.56  7.74  8.51  9.25  9.74  9.62  8.74
traj-298:
35.32 33.50 31.61 31.03 29.29 28.31 27.07 25.42 24.88 23.48 22.81 21.33 19.61 18.43 16.63 14.92 13.52 11.82 10.97  9.22  8.48  6.68
20.20 20.19 20.23 20.19 20.22 20.38 20.65 21.20 21.37 22.44 23.01 24.21 24.46 24.39 25.07 24.90 24.81 24.66 24.55 24.04 23.54 23.66
traj-299:
39.15 37.78 36.33 34.99 33.16 31.16 30.86 29.32 28.15 27.65 25.85 24.60 23.60 22.05 22.07 22.26 22.18 21.30 21.32 21.32 21.42 21.42 21.61 21.55
21.63 21.11 20.69 20.25 20.29 20.24 20.24 20.57 21.07 20.91 20.45 20.29 20.41 21.26 22.73 24.67 25.26 26.62 28.35 28.90 30.51 31.66 33.30 34.37
