traj-0:
25.27 24.65 23.97 23.32 21.56 19.67 18.78 16.85 15.69 14.32 13.56 11.94 10.07  9.78
 0.50  1.82  3.48  3.80  4.16  4.19  4.31  4.71  5.94  6.71  6.83  7.03  6.69  6.61
traj-1:
23.50 23.36 23.25 23.73 24.21 24.64 25.04 24.97 24.62 24.37 24.36 23.33 21.71 20.56 18.99 17.24 15.47 13.87 12.25 10.61  8.68  7.44  5.79
 0.92  2.47  4.00  5.37  6.76  8.09  9.91 11.67 13.54 15.24 15.59 17.27 18.14 18.07 17.82 17.84 18.00 18.10 18.53 19.05 19.56 20.38 21.19
traj-2:
24.06 24.42 25.10 25.16 25.10 25.05 24.94 24.84 24.77 24.91 25.07 25.05 25.06 25.04 25.01 24.87 24.85 24.96 25.11 24.90 24.51 24.81 26.34 28.09 29.84 31.60 32.03 33.41 33.82
 0.55  2.46  4.14  5.04  6.98  7.56  9.08  9.67 11.06 12.44 13.90 15.81 17.21 17.52 18.71 20.40 21.03 21.55 23.53 24.64 26.53 28.50 29.03 29.14 29.32 29.61 29.38 28.50 26.93
traj-3:
23.10 23.24 23.43 22.52 20.87 18.87 17.99 16.38 15.97 14.26 12.47 11.93
 1.26  2.14  3.82  4.69  4.60  4.57  4.74  5.81  6.17  5.86  5.38  5.29
traj-4:
25.29 25.07 24.89 24.83 25.14 25.35 25.46 25.34 25.23 25.11 25.01 24.68 23.02 21.16 19.25 18.06 16.10 14.69 12.89 11.82
 1.42  2.13  3.64  5.35  7.26  8.41  9.30 10.73 11.61 12.94 14.92 16.83 17.50 17.68 17.53 17.51 17.44 17.54 18.25 18.60
traj-5:
23.41 23.47 23.56 23.72 23.88 23.78 23.82 23.69 23.70 23.76 24.09 24.55 25.05 24.94 24.96 24.96 25.00 25.12 25.20 25.59 26.86 28.63 30.39 31.28 32.47 32.51 32.54 32.56 32.58 32.43 32.45 32.55
 1.11  1.40  3.29  4.27  5.81  7.76  8.11 10.08 10.58 12.47 13.81 15.62 17.28 19.19 20.46 21.63 23.63 25.35 26.52 28.39 29.23 29.17 29.11 29.11 27.95 26.76 24.92 23.63 22.28 20.71 18.83 17.56
traj-6:
24.55 24.08 23.78 22.39 20.43 19.84 18.19 17.91 16.84 16.30 15.20 14.57 12.65 11.14 10.30  8.58  7.29  5.97
 1.08  2.32  2.93  4.10  4.02  4.12  4.57  4.70  6.26  7.50  8.80  8.63  8.26  7.62  7.29  6.46  5.81  5.14
traj-7:
23.85 24.44 25.14 25.12 25.03 24.99 25.09 25.08 25.23 25.32 25.34 24.84 24.15 23.62 21.74 20.21 19.20 17.26 16.43 14.77 13.06 11.21  9.65  8.61  7.11  6.63
 1.14  2.29  3.69  4.55  6.25  6.78  8.73  9.03 10.79 11.94 13.11 14.98 16.23 17.45 17.77 17.87 17.89 18.00 18.11 18.34 18.56 19.07 19.26 19.39 19.68 19.75
traj-8:
23.98 24.35 24.48 24.68 24.69 24.72 24.75 24.74 24.82 24.95 25.11 25.06 25.06 25.05 25.08 25.10 25.09 25.19 25.14 25.30 26.85 28.29 30.06 31.82 33.29 33.34 33.28 33.24 32.94 33.03 33.16 33.01 33.00 32.83
 0.58  2.24  3.19  4.78  6.63  7.68  8.79 10.06 11.99 12.84 14.53 16.32 17.77 19.64 20.83 22.26 23.98 25.15 27.11 28.04 29.07 29.25 29.49 29.68 28.39 27.10 25.15 23.66 21.86 20.54 18.62 16.80 15.26 13.90
traj-9:
24.24 23.52 22.28 21.56 19.81 18.11 16.56 15.85 13.91 13.07 11.79 10.38  9.21  7.39  6.39
 1.02  2.01  3.22  3.58  4.45  4.74  5.69  6.70  6.56  6.54  6.35  6.59  6.64  6.86  6.73
traj-10:
25.69 25.14 24.83 24.95 25.17 25.06 24.90 24.69 24.71 24.94 24.15 23.44 23.11 21.25 20.08 19.88 18.36 16.42 14.80 13.25 11.94 10.52  9.85
 1.74  2.60  4.55  5.12  7.10  7.93  9.30 11.10 11.39 13.18 14.74 15.84 16.54 17.22 17.42 17.64 17.93 17.74 17.85 18.04 18.20 18.47 18.64
traj-11:
23.03 24.09 24.26 24.81 24.92 24.91 24.96 24.72 24.73 24.65 24.63 24.62 24.71 24.61 24.69 24.88 25.16 25.21 26.10 27.28 28.73 30.16 31.03 32.17 33.09 34.47 34.65
 1.58  2.41  4.13  5.98  7.55  8.76 10.76 12.63 14.01 15.83 16.37 18.27 19.72 21.69 23.52 25.32 27.27 28.55 29.02 29.12 29.21 29.34 29.29 29.06 28.82 27.43 27.20
traj-12:
24.98 24.58 24.52 22.67 21.57 19.66 18.21 16.77 15.45 13.72 11.92 10.96  9.27  8.49  7.69
 0.40  2.24  3.57  4.28  4.11  4.42  4.79  4.99  5.42  5.95  6.47  6.71  6.35  5.48  4.58
traj-13:
23.50 23.46 23.43 23.82 24.08 23.87 23.68 23.90 24.61 24.45 24.16 23.45 21.50 20.91 19.42 17.57 16.09 14.58 12.82 11.14 10.98 10.42  9.05  8.54  7.57  6.74  5.54  4.98
 1.69  3.13  3.91  5.65  7.45  8.97 10.73 11.88 13.64 15.55 16.21 17.45 17.85 17.89 17.93 17.69 17.55 17.33 17.19 17.38 17.64 17.83 18.51 19.09 20.12 20.99 22.04 22.64
traj-14:
24.91 24.80 24.45 24.17 24.75 24.96 25.12 25.06 25.10 25.14 25.18 25.18 25.19 25.20 25.14 24.69 25.22 25.53 26.68 26.98 28.76 30.23 32.21 32.45 32.58 32.54 32.81 32.91 33.06 33.09
 1.29  2.64  4.52  6.17  8.07  8.90 10.36 12.09 14.07 15.42 17.29 18.48 20.26 21.96 23.45 25.30 27.12 28.44 29.04 29.04 29.03 29.01 28.83 27.76 26.56 25.42 23.79 22.60 21.21 19.29
traj-15:
23.95 23.84 23.39 22.30 20.73 18.92 18.33 16.67 16.38 15.89 14.04 12.34 10.94
 0.55  1.02  2.05  3.21  4.23  4.91  4.90  5.75  6.79  8.73  9.43  9.52  9.46
traj-16:
25.71 25.08 24.86 24.80 24.67 24.51 24.48 23.69 23.49 23.33 23.00 22.43 21.40 19.73 18.00 16.09 14.75 13.03 11.22 10.67
 1.75  3.52  5.43  6.31  8.16  9.83 11.50 13.31 14.35 15.13 16.67 17.23 17.61 17.39 17.39 17.62 17.79 18.29 19.09 19.36
traj-17:
23.46 23.76 23.84 23.93 24.07 24.27 24.39 24.48 24.54 24.74 24.72 24.57 24.84 25.04 25.06 25.04 25.05 24.95 25.60 26.54 27.99 29.16 30.92
 1.18  2.95  4.95  6.52  8.29  9.95 10.94 12.77 14.64 16.45 18.01 19.37 21.32 22.12 22.99 24.86 25.16 26.98 28.45 29.07 29.15 29.19 29.29
traj-18:
24.77 23.72 22.60 21.16 19.46 18.03 17.29 15.98 14.37 13.11
 1.51  2.35  3.26  3.89  4.23  4.60  4.73  6.11  5.87  5.25
traj-19:
25.39 24.46 24.50 24.57 24.52 24.56 24.93 25.02 25.11 25.18 25.08 24.92 23.00 21.08 20.29 19.07 17.50 15.83 14.03 13.03 11.34 10.08  8.23  6.52  6.22  4.31
 1.81  3.52  5.01  6.41  7.93  9.32 11.10 12.77 14.50 15.67 17.12 18.93 18.58 18.17 18.11 18.07 17.62 17.33 17.76 17.88 17.83 17.93 17.83 18.32 18.33 18.29
traj-20:
23.97 24.18 24.59 24.95 25.03 25.04 25.13 25.08 25.10 25.06 25.02 24.62 24.82 24.93 25.12 24.97 24.82 24.80 25.15 25.58 26.30 27.16 28.90 29.20 30.94 31.83 32.12 32.19 32.27 32.30
 0.80  2.32  4.17  6.04  7.81  8.11 10.09 11.93 13.10 14.24 16.22 18.11 19.69 20.51 22.27 23.65 25.18 26.66 27.80 28.93 29.34 29.54 29.83 29.84 29.88 29.90 28.25 27.42 26.08 25.27
traj-21:
24.02 24.16 23.58 22.15 20.71 19.29 17.38 17.08 16.58 14.83 14.54
 0.60  1.71  3.34  4.06  4.21  4.32  4.78  4.83  5.15  5.51  5.60
traj-22:
23.87 23.85 23.66 23.69 24.09 24.56 25.03 24.96 24.86 25.00 24.73 24.31 22.74 22.48 20.61 19.00 17.07 15.28 13.70 11.99 11.13 10.19
 1.75  2.14  2.12  4.08  5.60  7.45  9.39  9.68 11.41 12.88 14.53 16.07 17.02 17.17 17.60 17.87 17.88 17.84 18.44 19.27 20.56 22.29
traj-23:
23.45 23.66 23.83 24.08 24.23 24.19 23.54 23.56 23.80 24.56 25.06 25.16 25.21 25.31 25.20 24.30 23.72 24.34 24.81 25.19 25.86 26.73 28.19 29.07 30.21 31.87 32.74
 1.78  3.20  4.27  5.87  7.50  8.53 10.05 12.01 12.87 14.60 16.14 17.58 19.36 20.25 21.96 23.59 24.42 26.10 27.69 28.62 29.09 29.11 29.12 29.12 29.18 29.98 30.67
traj-24:
24.51 23.35 23.25 21.48 19.76 18.92 17.12 16.19 15.94 14.59 13.22 11.96
 1.44  3.01  3.11  3.92  3.99  3.98  4.10  5.63  5.79  7.00  7.72  8.94
traj-25:
25.62 24.06 23.73 23.65 23.66 23.89 24.12 24.47 25.10 25.06 25.10 25.16 25.20 25.22 25.12 24.99 23.65 22.34 20.58 18.70 16.73 14.87 14.27 12.62 11.41  9.43  9.10  7.50
 0.93  2.05  2.69  4.16  5.80  7.51  8.06  9.54 11.14 13.08 13.84 15.24 16.96 17.56 19.30 20.63 19.54 18.53 17.83 17.87 17.86 17.86 17.82 17.91 17.99 17.85 17.69 17.22
traj-26:
24.43 24.50 24.54 24.54 24.68 24.66 24.57 24.51 25.19 25.29 25.15 25.09 25.09 25.10 25.08 25.05 25.10 25.10 25.10 25.05 24.85 25.87 26.74 28.47 29.92 31.07 32.31 32.46 32.55 32.68 32.61 32.61 32.47 32.44 32.50 32.69 33.01
 0.95  2.50  3.63  5.05  6.95  8.36  9.81 11.02 12.85 14.66 15.50 16.37 18.36 18.66 20.58 22.29 23.75 24.35 26.10 26.66 28.34 29.09 29.18 29.45 29.72 29.91 28.75 27.62 25.99 24.66 23.36 21.39 19.43 17.69 16.49 14.62 12.75
traj-27:
24.18 23.41 21.82 21.06 20.48 19.00 17.55 15.94 15.66 14.64 14.50 12.81
 1.93  2.56  3.30  3.56  3.67  3.97  4.69  5.60  5.71  7.33  7.60  8.59
traj-28:
25.24 24.90 24.12 23.41 24.21 24.81 25.09 25.14 25.03 24.89 24.76 24.56 24.41 22.55 22.03 20.32 18.56 17.74 16.30 14.33 13.09 11.37  9.67  7.86  7.56
 0.80  1.29  2.74  3.75  5.52  6.79  8.48  9.07 11.06 12.94 14.82 16.78 17.98 18.11 18.15 18.21 18.12 17.98 17.75 17.65 17.59 17.45 17.26 17.07 17.02
traj-29:
24.67 24.59 24.41 24.44 24.53 24.53 24.57 24.58 24.81 24.86 25.03 24.94 24.84 24.85 24.83 24.89 25.01 25.08 25.14 25.17 25.29 25.56 26.79 27.75 29.21 30.93 31.23 32.55 32.51 32.51 32.46 32.36 32.30 32.34 32.23 32.29 32.37 32.51
 1.26  2.55  4.39  5.98  7.56  8.82  9.94 11.01 12.34 12.64 14.39 16.18 16.44 17.91 19.51 20.04 21.98 22.63 24.39 25.55 26.73 28.51 29.13 29.28 29.47 29.60 29.67 28.46 26.67 24.80 23.36 21.81 20.94 19.03 17.48 16.08 14.71 12.75
traj-30:
24.43 24.21 24.16 22.69 20.93 19.17 17.69 16.29 15.39 14.02 12.69
 0.69  1.89  3.45  4.79  4.75  4.95  4.80  5.67  6.36  7.56  8.43
traj-31:
23.25 23.55 24.03 24.45 24.55 24.69 24.25 23.97 23.69 23.64 23.56 23.30 23.29 23.79 23.76 23.23 22.15 20.41 20.11 18.37 17.23 15.80 14.65 13.57 12.06 10.74  9.77  8.16
 0.51  1.79  3.46  5.35  6.22  7.46  8.97  9.96 11.87 12.28 12.57 12.71 12.86 14.77 15.07 16.33 17.52 17.85 17.84 17.71 17.63 17.80 17.87 18.34 19.55 20.49 21.30 22.43
traj-32:
23.79 23.93 24.09 24.16 24.26 24.38 24.34 24.71 25.00 25.10 25.16 25.22 25.20 25.19 25.15 25.14 25.15 25.17 25.18 25.19 25.10 25.01 25.08 26.55 28.33 30.10 30.97 32.53 33.07
 1.28  2.57  3.75  4.72  6.09  7.29  8.81 10.43 11.93 12.80 13.39 15.15 15.45 17.21 17.50 19.45 19.75 21.72 22.53 24.52 25.97 27.53 28.17 29.15 29.14 29.20 29.15 28.72 27.76
traj-33:
23.94 24.43 24.12 22.77 21.22 20.09 18.73 17.74 15.99 15.19 14.18 13.75 12.47 10.69 10.16
 1.15  2.21  4.03  4.56  4.02  4.14  4.42  4.76  5.29  6.03  7.08  7.49  8.57  9.43  9.69
traj-34:
24.42 24.29 24.15 24.13 24.09 23.54 23.32 24.09 24.18 24.10 24.47 24.85 24.60 22.85 21.25 19.80 18.00 17.20 15.78 13.83 13.31 11.47  9.61  7.94  6.02  4.41  4.21
 0.64  1.54  3.22  4.41  6.26  8.08  9.62 11.00 12.96 14.29 15.88 17.14 18.21 18.58 17.96 17.95 18.05 18.11 18.27 18.43 18.51 18.65 18.51 18.28 18.22 19.39 19.86
traj-35:
24.94 24.79 24.56 24.97 24.66 24.86 24.88 24.61 24.68 25.01 25.02 25.14 25.10 25.10 25.05 25.05 25.10 25.15 25.44 25.58 25.92 26.17 27.36 29.13 30.29 32.12 32.37 32.58 32.74 33.00 33.34 33.59
 0.98  1.54  3.27  5.20  6.86  8.27 10.01 11.80 13.60 15.45 15.75 17.50 18.69 20.14 21.83 23.41 24.84 25.41 26.89 27.47 28.85 29.02 29.03 29.03 29.01 28.42 26.98 25.55 24.51 22.94 21.56 20.47
traj-36:
25.13 23.86 22.60 22.37 20.69 19.30 17.52 15.99 14.78 14.55 12.73
 1.89  2.67  3.48  3.68  4.64  4.84  4.88  5.87  7.26  7.44  7.30
traj-37:
23.95 24.13 24.50 24.46 24.46 24.46 24.31 24.04 23.86 24.02 24.74 24.14 22.46 20.98 20.80 19.32 18.47 16.74 15.76 14.45 13.30 13.12 11.45  9.72  7.91  6.54  4.70
 0.66  2.43  3.81  5.20  6.94  8.24  9.30 10.52 11.91 13.19 15.05 16.49 17.18 17.35 17.60 17.96 17.78 17.55 17.61 17.92 18.77 19.01 19.61 20.22 20.90 21.50 22.18
traj-38:
25.10 25.12 25.10 25.14 25.25 25.18 25.09 25.03 25.15 25.11 25.02 24.96 24.97 24.99 24.97 24.99 24.92 25.27 26.26 27.13 28.84 30.56 31.16 32.22 32.61 33.36 33.72
 1.82  3.78  4.38  6.16  7.91  9.10 10.77 12.73 14.71 16.49 17.91 19.02 20.43 22.41 24.14 26.07 26.56 28.48 29.12 29.23 29.37 29.63 29.70 28.66 27.78 26.36 25.71
traj-39:
23.53 23.89 24.18 23.48 23.18 21.27 19.62 18.46 16.74 14.92 13.12 11.19  9.73  8.28  6.75
 0.83  1.96  3.30  4.41  4.43  4.12  4.32  4.46  4.78  4.53  4.53  4.31  4.15  4.09  3.10
traj-40:
23.23 24.50 24.46 24.33 24.61 24.78 24.68 24.39 24.22 24.06 23.87 23.79 22.33 20.40 19.08 18.21 16.62 15.10 13.53 12.53 10.89
 0.62  2.17  3.05  4.79  6.66  7.90  9.29 11.23 12.65 13.89 15.58 16.16 17.25 17.47 17.61 17.68 17.80 18.05 18.27 18.41 18.74
traj-41:
24.54 24.69 24.95 25.01 25.11 24.99 24.98 24.98 24.99 24.96 24.97 25.03 24.82 24.57 24.66 24.65 25.07 24.91 24.90 24.96 26.85 28.02 28.90 30.37 32.03 32.11 32.38 32.54 32.61 33.07 33.33
 0.59  2.24  4.07  5.61  7.52  9.04 10.65 11.17 13.14 14.36 15.29 16.32 17.73 19.61 21.37 22.56 24.44 26.12 27.80 28.41 29.04 29.08 29.12 29.23 28.70 27.70 26.43 24.79 24.20 22.32 20.42
traj-42:
24.65 24.32 23.12 21.18 19.43 17.67 16.48 15.58 15.30 13.63 11.95 10.79 10.11
 1.58  2.95  4.15  4.57  4.83  4.97  5.68  6.44  6.55  7.06  6.54  5.14  4.27
traj-43:
25.41 24.88 24.98 24.85 24.84 24.61 24.43 24.27 24.08 24.13 23.95 23.89 24.33 24.40 22.65 21.23 20.68 18.96 18.66 16.75 15.10 13.20 11.91 10.78  9.56  8.33  6.85  5.43
 0.75  2.43  3.31  4.83  5.96  7.40  8.42  9.44 10.68 12.03 13.93 15.75 17.54 19.51 18.80 18.13 18.08 17.95 17.96 18.22 18.13 18.15 18.75 19.41 19.94 20.50 21.36 22.12
traj-44:
24.99 24.14 23.69 23.61 23.80 23.93 23.94 24.21 24.27 24.35 24.59 24.78 24.95 25.07 25.08 24.65 24.62 24.13 23.49 24.39 25.04 26.31 27.78 29.52 31.29 32.49 32.43
 1.23  2.93  4.64  6.55  7.95  9.39  9.63 11.32 13.12 14.37 16.24 17.36 18.40 20.36 20.66 22.60 22.90 24.64 25.83 27.43 28.28 29.04 29.05 29.09 29.10 28.05 27.76
traj-45:
24.00 23.08 22.90 21.17 19.24 18.96 17.31 16.25 14.90 13.01 11.63
 1.68  2.56  2.81  3.59  4.01  4.11  4.62  5.50  6.68  6.63  6.54
traj-46:
24.18 24.23 24.10 24.29 24.65 24.78 24.24 23.95 24.01 24.29 24.40 24.95 23.09 21.65 20.04 18.90 17.04 16.02 14.60 13.51 11.53
 0.70  2.70  4.54  5.57  7.18  8.85  9.74 11.50 11.80 13.64 15.44 17.35 17.93 17.94 17.94 17.90 17.99 17.93 17.84 17.70 17.60
traj-47:
24.54 24.59 24.71 24.80 24.79 24.91 25.10 25.13 25.09 25.14 25.18 25.17 25.14 25.07 25.01 25.14 25.08 25.02 24.97 25.19 25.90 26.22 28.00 28.60 30.36 32.06 33.06 34.44 34.67 34.88 34.95
 0.45  1.95  3.45  5.25  5.79  7.51  9.29 10.17 11.92 13.39 15.35 16.03 17.42 18.72 19.42 21.33 23.10 24.31 25.19 27.09 28.81 29.01 29.02 29.03 29.04 28.80 28.53 27.09 28.82 30.60 31.19
traj-48:
24.48 24.60 24.11 22.79 22.02 20.42 18.97 18.38 16.84 16.40 14.99 14.17 12.31 11.09 10.41  8.77
 0.56  1.20  2.96  4.00  4.07  4.30  4.56  4.62  5.58  5.96  7.25  7.13  6.61  6.08  5.69  4.81
traj-49:
25.02 24.47 24.20 24.27 23.99 24.09 24.34 24.35 24.42 24.66 25.11 25.14 24.51 22.64 21.48 19.55 17.87 16.28 14.70 12.97 12.18 10.57  9.14  7.89
 0.49  1.52  3.00  4.11  6.06  7.71  9.57 10.94 11.54 13.46 14.62 16.50 18.04 18.64 18.11 18.05 18.06 18.04 18.07 18.31 19.09 19.95 20.37 21.02
traj-50:
23.22 23.43 23.47 23.66 23.89 24.00 24.27 24.53 24.73 24.55 24.49 24.71 24.47 24.79 25.14 25.15 25.11 25.10 25.07 25.33 26.32 28.09 29.24 30.99 32.55 33.02
 1.52  3.43  3.82  5.56  7.27  8.16  9.91 11.22 12.04 14.01 15.43 17.09 17.80 19.09 21.02 22.78 24.26 25.58 26.74 28.49 29.03 29.02 29.05 29.10 29.84 30.17
traj-51:
23.06 23.81 22.78 21.01 19.62 18.19 16.70 15.65 13.79 12.07 10.80  9.00  7.07  6.40
 1.29  2.28  3.86  3.95  4.35  4.67  5.60  6.54  6.27  5.98  5.63  5.12  4.75  4.34
traj-52:
24.87 24.70 24.69 24.48 24.39 24.38 24.58 24.14 23.82 23.79 23.59 22.13 20.95 20.08 18.18 16.52 15.50 13.78 12.63
 1.12  2.99  4.93  6.80  8.23  8.83 10.70 12.17 13.06 14.60 15.76 17.09 17.13 17.25 17.51 17.60 17.59 17.48 17.36
traj-53:
25.48 25.35 25.05 25.05 25.05 25.04 25.00 25.00 24.96 24.87 24.89 24.91 25.07 25.05 24.99 25.04 25.21 25.60 25.92 26.77 27.66 29.16 30.33 31.21 32.27 32.30 32.41 32.34 32.30 32.21 32.15
 1.95  2.80  4.75  5.48  7.37  8.52 10.20 11.74 13.66 15.45 16.71 17.73 19.64 21.50 22.58 24.33 26.13 28.03 28.58 29.06 29.07 29.09 29.09 29.08 28.08 27.78 25.84 24.32 23.06 21.60 21.01
traj-54:
24.15 23.69 22.34 20.88 19.19 17.68 15.98 15.30 13.51 11.54  9.69  8.63  6.91  6.62
 1.98  2.34  3.33  4.13  4.50  4.45  5.38  5.92  5.94  5.90  5.60  5.46  5.46  5.52
traj-55:
24.99 24.33 23.57 23.40 23.23 23.84 24.23 24.35 24.25 23.53 23.94 23.82 23.91 22.27 20.55 18.96 17.34 15.96 14.41 12.84 12.23 10.71  9.28  7.61  5.90
 0.86  1.45  2.60  4.34  4.73  6.58  8.53  9.10 10.97 12.78 14.17 15.83 17.14 18.27 17.90 17.83 17.87 17.95 18.05 18.17 18.24 18.50 18.68 19.25 19.98
traj-56:
24.21 23.98 24.18 24.54 25.01 24.99 25.15 25.20 25.30 25.19 25.02 24.69 24.36 23.46 23.73 24.24 24.02 23.85 25.23 25.68 26.18 27.91 28.20 29.36 31.13 32.57 33.32
 1.26  2.24  4.04  5.19  6.92  8.51 10.44 12.07 13.99 14.87 16.29 17.64 18.33 19.87 21.74 23.58 24.56 26.38 27.71 28.80 29.12 29.41 29.48 29.66 29.81 28.56 27.30
traj-57:
23.46 22.66 21.03 19.15 17.32 15.54 13.85
 1.65  3.31  3.96  4.36  4.85  5.42  6.12
traj-58:
23.55 23.54 23.57 23.83 23.87 24.01 24.11 24.27 24.46 24.39 24.30 24.11 22.72 21.95 20.03 18.86 17.55 15.64 14.76 13.33 12.45 10.47  8.57  6.75  4.93  4.29
 2.00  2.92  4.12  5.83  6.99  8.10  9.96 11.76 13.30 14.45 16.12 18.05 18.59 18.25 18.07 18.06 18.07 18.18 18.03 17.91 17.81 17.81 17.98 18.12 18.25 18.32
traj-59:
25.49 25.24 24.93 24.35 24.15 24.47 24.69 25.00 25.25 25.26 25.24 25.18 25.15 25.09 25.10 25.03 24.14 23.96 24.93 25.11 26.37 26.67 28.42 29.56 31.21 32.38 32.78 33.24
 1.70  2.76  3.84  5.66  7.37  9.24 10.46 12.28 13.70 14.87 15.73 17.66 19.45 21.20 21.50 23.20 24.72 26.61 28.03 28.43 29.08 29.07 29.13 29.28 29.43 28.43 27.42 26.26
traj-60:
25.42 24.62 23.83 22.26 21.24 19.67 17.85 17.57 16.35 16.21 14.86 14.16 12.34 10.94  9.88  9.66
 0.53  2.28  3.81  4.35  4.03  4.17  4.21  4.32  5.55  5.81  7.25  7.23  7.38  6.57  4.99  3.76
traj-61:
24.07 24.06 23.69 23.39 23.51 23.59 23.65 24.48 25.10 24.95 24.62 24.64 23.39 22.70 20.77 18.86 16.90 15.28 14.26 12.31 10.76  9.65
 0.81  2.22  3.40  4.87  5.90  7.42  8.08  9.61 11.40 12.24 14.12 15.39 16.73 17.45 17.80 17.87 17.83 17.75 17.65 17.76 17.91 17.95
traj-62:
25.64 25.30 25.13 25.18 24.90 24.83 24.79 24.82 25.10 25.14 25.05 25.18 25.18 25.25 25.24 25.24 25.06 24.88 24.76 24.86 26.43 28.17 29.90 31.65 32.50 32.56 32.60 32.79 32.87 32.93 33.11 33.29 33.60
 1.60  2.92  4.84  5.74  7.54  7.95  9.93 11.27 13.25 13.79 15.27 16.75 17.34 18.82 20.30 22.25 23.68 25.47 27.07 28.36 29.09 29.32 29.58 29.70 29.02 27.20 25.95 24.25 23.46 21.61 20.98 19.64 18.07
traj-63:
25.62 25.37 23.85 21.99 21.17 19.34 18.47 16.82 15.86 15.12 13.69 12.94 11.34
 2.00  2.16  3.24  3.68  3.86  4.24  4.37  5.40  6.76  7.86  8.56  8.48  8.51
traj-64:
25.73 25.24 23.87 23.65 23.56 23.72 24.15 24.55 24.62 24.81 24.93 25.03 24.64 24.18 22.20 20.27 18.70 17.01 15.73 14.98 13.72 11.91 11.62
 1.56  1.87  3.13  3.64  5.47  6.36  8.13  9.72 10.26 12.01 13.69 14.83 16.27 18.14 18.29 17.90 17.88 17.67 17.67 17.82 17.94 18.56 18.64
traj-65:
24.86 24.69 24.64 24.74 24.84 24.84 24.93 24.96 24.99 24.97 24.96 24.94 24.85 24.84 24.93 25.04 25.06 25.06 25.16 25.80 26.55 28.29 29.17 30.62 32.41 32.75 32.89 33.14 33.54 33.86 34.13 34.39
 1.04  2.71  4.11  5.83  7.33  7.86  9.34 11.32 12.56 13.98 14.84 16.68 18.41 19.01 20.81 22.75 24.47 25.06 27.03 28.57 29.03 29.14 29.18 29.29 28.43 26.95 26.33 24.46 22.96 21.28 19.99 18.22
traj-66:
24.61 24.34 22.60 21.81 20.09 18.98 17.05 16.02
 1.96  2.09  3.00  3.28  4.11  4.35  4.80  5.48
traj-67:
23.76 23.76 24.45 24.87 24.76 24.67 24.54 24.17 23.87 23.85 24.40 24.90 24.64 22.99 21.44 20.85 18.91 18.42 16.55 15.46 14.40 12.71 11.08  9.74  8.64  7.10
 0.81  1.11  2.74  4.58  6.44  7.98  8.72 10.57 12.37 12.97 14.84 16.40 17.76 18.71 18.43 18.33 18.15 18.17 18.09 18.10 18.09 18.38 18.43 18.66 18.77 18.97
traj-68:
23.28 23.55 23.87 24.07 23.90 23.79 23.66 23.74 23.79 23.68 23.74 23.82 23.81 23.58 24.08 24.68 24.80 24.80 24.84 25.16 26.81 27.40 29.12 30.29 31.45 32.94 33.32 33.40 32.98 32.90 32.85 32.86 32.98 32.98 32.95
 1.60  2.76  4.42  5.40  7.09  7.84  8.96 10.74 12.10 13.85 15.31 16.76 17.46 19.01 20.53 22.20 23.76 24.80 26.17 28.11 29.11 29.22 29.41 29.60 29.61 29.16 27.26 25.81 23.86 23.15 21.77 19.79 18.03 17.04 15.57
traj-69:
23.50 23.01 21.28 19.32 17.42 16.92 15.12 14.60 12.92 11.81 10.76  9.34  7.43
 1.86  3.13  4.04  4.33  4.90  5.16  5.66  5.54  4.98  4.86  4.75  4.59  4.40
traj-70:
24.61 24.56 24.53 24.40 24.31 24.38 23.85 23.69 24.27 24.53 23.94 23.47 22.09 20.50 18.77 17.89 16.57 15.35 13.51 12.30 11.37  9.55  7.82  6.48  5.74
 1.54  2.51  3.90  5.41  6.22  7.46  9.34 11.19 12.81 14.26 15.91 16.91 18.08 17.87 17.60 17.46 17.22 17.51 17.61 17.77 17.98 18.12 18.60 19.72 20.19
traj-71:
24.41 24.24 24.35 24.28 24.24 24.21 24.08 24.06 24.30 24.56 24.66 24.85 24.96 24.89 24.91 24.93 24.91 24.93 25.08 25.33 26.88 28.62 30.37 31.55 32.39 32.71 32.70 32.97 33.12 33.07 33.23 33.58 33.84 33.99 34.01 34.13
 1.88  3.03  4.24  5.72  6.50  8.05  9.63 11.17 12.93 14.55 15.19 16.26 18.00 19.64 21.40 21.99 23.93 25.32 27.05 28.19 29.03 29.07 29.15 29.18 28.74 27.45 25.92 24.18 22.62 20.74 18.91 17.66 15.95 14.22 13.92 12.19
traj-72:
23.31 23.42 22.22 20.50 18.71 17.28 15.56 14.38 13.20 12.04 10.90  9.16
 1.76  2.04  3.26  3.66  3.52  3.40  3.49  3.63  3.80  4.06  4.31  4.48
traj-73:
25.29 24.74 24.21 23.97 23.91 24.11 24.43 24.87 24.97 25.08 25.13 25.08 24.59 24.27 22.39 22.09 20.18 19.67 17.94 17.45 15.70 13.95 12.19 10.35  8.47  6.59
 0.69  2.01  2.72  4.27  5.35  6.36  8.18  9.71 10.59 12.02 12.90 14.48 16.31 17.64 18.26 18.22 18.00 18.09 18.09 18.02 17.90 17.72 17.68 17.76 17.74 17.65
traj-74:
23.85 23.92 24.13 24.19 24.41 24.46 24.60 24.79 24.92 24.94 24.98 24.99 25.22 25.15 24.98 25.15 25.16 25.14 25.12 25.11 25.11 25.21 25.49 25.99 26.26 27.42 28.58 30.31 32.15 32.22 32.27 32.31 32.42 32.59 32.76 32.80 32.97 33.03 33.13 33.19
 0.67  1.62  3.61  4.10  6.07  6.42  8.13  9.74 10.56 10.65 12.53 13.95 15.22 16.79 18.03 19.70 20.48 21.93 23.64 24.73 26.02 27.44 28.22 28.90 29.04 29.09 29.15 29.25 28.55 27.23 26.05 24.36 23.36 21.53 19.61 19.46 17.55 15.72 14.67 13.69
traj-75:
24.34 23.65 23.31 22.97 22.66 21.02 19.16 18.04 16.67 15.15 14.19
 0.54  2.28  3.32  4.72  4.80  4.04  4.10  4.14  3.96  3.94  3.90
traj-76:
24.45 24.63 24.74 24.75 24.86 24.91 24.99 25.21 25.40 25.19 24.90 23.30 22.14 21.05 19.69 18.00 16.62 14.95 13.49 11.81 11.00  9.94  9.47  8.03  7.32
 1.39  3.19  4.62  4.92  6.69  8.64 10.44 11.58 13.30 14.69 16.14 17.31 17.55 17.79 17.60 17.46 17.60 17.73 17.78 18.29 18.98 20.54 21.54 22.55 23.03
traj-77:
23.20 23.87 23.78 23.97 24.28 24.33 24.32 24.46 24.46 24.70 24.72 24.78 24.93 24.94 25.02 25.05 25.08 25.13 25.12 25.19 26.53 27.13 28.90 30.34 32.07 32.43 32.92 33.60 34.21
 1.84  3.23  3.97  5.53  7.21  8.71  9.84 11.56 11.61 13.41 14.79 15.65 17.58 19.38 21.34 21.93 23.65 25.35 27.07 28.30 29.06 29.13 29.22 29.44 28.59 28.37 27.29 26.29 24.74
traj-78:
23.36 24.00 24.65 24.97 24.72 22.93 22.70 21.06 20.21 18.55 16.80 15.39 13.56 12.26 11.73 10.16  8.50
 1.90  2.33  3.51  5.16  5.62  4.81  4.62  4.02  4.04  3.99  4.28  5.00  5.70  6.82  7.22  8.26  9.03
traj-79:
25.47 24.87 24.41 24.10 24.04 24.36 25.09 25.13 25.18 25.07 24.18 23.16 21.90 21.01 19.29 18.66 17.07 15.26 14.03 12.49 10.65 10.36
 1.62  3.39  4.62  6.31  8.19  9.81 11.59 13.20 14.96 16.10 17.60 18.15 17.90 17.75 17.33 17.27 17.27 18.06 18.45 18.87 19.42 19.51
traj-80:
23.46 23.57 23.82 24.04 24.15 24.33 24.47 24.78 24.90 24.98 25.01 25.15 25.11 25.10 25.08 25.06 25.18 25.31 25.46 26.78 28.25 30.00 31.87 32.06 32.63 32.75 32.80 33.00 33.36 33.72 34.08 34.33
 1.69  2.81  4.38  5.49  7.44  9.28 11.07 12.92 13.91 14.81 16.21 17.68 18.82 20.55 21.93 23.41 24.90 26.33 28.19 29.05 29.14 29.30 28.68 28.45 28.01 26.20 25.78 24.13 22.79 20.96 19.26 17.50
traj-81:
24.62 23.75 23.16 21.89 20.03 18.65 17.11 16.13 15.93 14.07 13.00 11.29  9.54  7.68  6.64
 1.09  2.12  2.93  3.56  4.07  4.28  4.87  5.67  5.90  6.57  6.98  7.51  7.16  6.59  6.32
traj-82:
25.59 25.20 24.69 24.50 24.17 24.21 24.50 24.81 24.86 24.69 24.63 23.44 22.43 20.75 19.61 18.22 16.78 15.67 14.81 13.13 12.61 11.13 10.55  9.03  8.79
 1.74  3.09  4.64  5.27  7.10  7.71  9.45 11.41 13.30 15.17 15.77 17.25 17.35 17.32 17.39 17.73 17.95 18.23 18.43 18.81 18.96 19.40 19.53 20.75 20.93
traj-83:
25.59 25.01 24.88 24.89 24.96 25.03 25.06 25.15 25.16 25.10 25.11 25.11 25.12 25.16 25.22 25.05 24.99 25.05 25.01 25.11 25.14 26.66 27.53 29.32 31.04 32.71 32.69 32.88 32.72 32.92 32.75 32.58 32.59 32.95 33.17 33.29
 1.17  2.32  3.31  4.86  6.26  7.51  8.30 10.06 11.86 13.44 14.63 15.83 16.73 18.44 19.30 20.75 22.51 23.90 25.79 27.69 28.38 29.17 29.07 29.10 29.34 28.57 27.67 26.22 25.35 23.45 21.71 19.79 17.84 16.07 14.31 13.00
traj-84:
23.22 23.66 23.84 23.95 23.07 21.45 20.38 18.71 17.56 16.62 15.18 13.26 11.91 10.18  8.60
 0.62  0.88  2.84  4.32  5.17  4.46  4.49  4.59  4.69  4.92  4.83  4.56  4.65  4.88  3.72
traj-85:
23.42 23.90 24.22 24.67 24.52 24.34 24.46 24.44 24.94 24.14 23.48 23.38 22.57 20.65 20.03 18.96 18.25 16.69 15.86 14.01 12.10 10.60  9.48  8.32  7.44
 1.67  2.72  4.07  5.82  6.64  8.55 10.36 10.93 12.47 13.77 14.44 16.06 17.38 17.28 17.53 17.64 17.92 17.75 17.61 17.71 17.68 17.55 17.63 17.81 17.87
traj-86:
25.09 24.81 24.70 24.73 24.76 24.68 24.56 24.50 24.65 24.73 24.77 24.95 24.98 24.99 25.01 24.98 24.95 24.91 24.86 24.82 25.51 26.26 27.45 28.91 30.69 30.99 32.78 33.05
 0.55  2.42  3.57  5.05  6.39  8.32 10.05 11.58 13.33 15.00 15.30 17.00 17.99 19.14 20.56 21.75 23.38 24.17 25.53 27.31 28.65 29.04 29.04 29.08 29.21 29.26 28.46 28.04
traj-87:
23.09 23.01 22.48 20.68 19.36 17.51 16.26 15.54 14.15 13.17
 0.89  1.46  3.38  3.71  4.02  4.60  5.32  5.79  6.65  7.29
traj-88:
23.91 24.17 24.27 24.42 24.60 24.71 24.61 24.46 24.82 24.28 24.04 24.16 24.20 23.04 22.05 20.17 18.63 16.65 15.31 14.42 12.87 11.72 11.50 11.21  9.86
 0.90  2.59  3.47  5.17  6.60  7.86  9.34 11.31 12.59 14.46 14.90 16.90 17.20 18.34 18.03 17.56 17.47 17.24 17.39 17.36 18.11 19.53 20.72 22.34 23.46
traj-89:
24.25 24.15 24.29 24.32 24.26 24.12 24.03 24.13 24.20 24.28 24.60 24.64 24.95 24.98 24.99 25.03 24.97 24.94 24.78 25.39 26.80 27.98 29.14 30.89 31.19 32.71 32.61 32.57
 0.86  2.50  4.47  6.16  7.19  8.71 10.56 12.41 13.51 14.56 16.28 16.58 18.40 20.14 20.72 22.40 23.77 24.80 26.61 28.32 29.10 29.12 29.09 29.07 29.06 28.23 26.24 24.77
traj-90:
24.07 23.21 21.46 20.00 18.70 16.73 15.29 14.13 13.06 11.87 10.64  9.61  7.88
 1.80  2.54  3.03  3.13  3.23  3.14  3.03  4.63  5.69  6.85  6.33  5.84  6.37
traj-91:
24.51 24.12 24.12 24.01 23.98 24.08 24.22 24.38 24.65 25.00 24.12 23.47 22.05 21.29 19.34 17.99 16.05 14.59 13.73 12.27 11.78
 1.18  3.03  3.33  5.11  6.88  8.31  9.57 10.76 12.64 14.09 15.84 16.88 18.04 17.97 17.79 18.05 18.25 18.25 18.31 19.50 20.13
traj-92:
24.92 24.77 24.13 24.36 24.16 24.34 24.56 24.70 24.77 24.88 24.96 25.02 25.06 25.09 25.07 25.00 24.93 24.93 25.00 25.06 25.07 25.36 26.51 28.49 29.67 31.15 32.26 32.47 33.24 33.46 33.44 33.48 33.65 33.63 33.68 33.91
 0.68  1.31  2.83  4.44  6.36  7.15  8.65 10.38 10.71 12.68 14.17 15.16 16.36 18.17 19.26 20.44 22.06 23.65 24.50 26.23 26.53 28.30 29.01 29.09 29.14 29.21 28.29 26.88 25.25 23.46 22.31 21.39 19.74 18.36 16.88 15.02
traj-93:
23.71 23.58 23.16 23.02 21.23 20.36 18.93 17.38 15.99 15.16 13.36 11.97 10.94 10.21  9.44
 0.81  1.56  2.66  3.57  3.94  4.11  4.34  4.77  5.32  6.05  6.58  6.77  6.02  5.24  4.55
traj-94:
24.96 24.94 24.86 24.54 24.48 24.32 24.34 24.51 24.71 24.70 23.52 22.12 20.41 19.82 17.94 16.07 14.39 13.51 12.37 11.39  9.52  8.07  6.16  4.59
 0.75  2.60  4.01  5.65  7.34  9.21 10.16 12.04 13.67 15.23 16.64 17.61 17.80 17.80 17.72 17.80 17.82 18.02 18.31 18.55 18.97 19.30 19.68 20.02
traj-95:
24.76 24.54 24.36 24.41 24.33 24.04 24.32 24.59 24.68 24.70 24.73 24.75 24.93 25.11 25.14 25.12 25.01 24.62 24.77 25.22 26.47 28.22 29.67 30.26 32.18 33.30
 0.52  1.20  3.08  3.38  5.33  6.14  7.46  9.28 10.87 11.86 13.63 15.44 17.01 18.69 19.88 21.78 23.56 25.33 27.17 28.42 29.08 29.07 29.04 29.02 29.47 30.25
traj-96:
25.39 24.87 24.43 23.52 21.63 19.69 18.48 16.72 16.32 14.62 14.01 12.07 10.67  8.84  8.29  6.65  5.13
 0.81  2.56  3.95  4.85  4.25  3.92  3.81  4.47  4.64  5.64  5.75  6.08  6.44  6.88  7.04  7.51  8.14
traj-97:
23.10 23.38 23.67 23.73 23.77 23.66 23.59 23.47 23.35 23.21 23.08 22.24 20.48 18.49 16.65 15.51 13.55 11.95 11.72
 1.33  2.64  4.43  6.05  7.14  8.86 10.29 12.00 13.28 14.90 15.94 17.71 17.59 17.70 18.02 18.17 18.51 19.67 19.87
traj-98:
23.91 23.91 23.64 23.99 24.12 24.28 24.36 24.62 24.67 24.73 24.92 24.96 25.04 25.05 24.76 24.54 24.06 23.76 23.52 23.33 24.08 25.44 26.31 28.04 28.90 30.08 31.74 32.04 33.09 33.14 33.09 33.25 33.55 33.71 34.12
 1.76  2.06  3.93  5.72  6.47  7.77  8.43 10.25 10.93 12.48 13.77 15.54 17.22 18.40 20.11 21.55 23.30 24.73 25.87 27.08 28.78 29.13 29.28 29.55 29.65 29.74 29.44 27.54 26.63 25.64 23.80 22.74 21.17 19.47 17.99
traj-99:
23.26 23.46 23.81 23.18 21.66 20.31 19.44 17.75 16.52 15.45 14.95 13.74 12.43
 1.18  1.72  3.57  4.13  4.15  4.00  3.98  4.16  4.92  5.89  6.57  7.85  8.71
traj-100:
23.14 24.68 25.69 25.51 25.33 25.13 25.07 25.03 24.90 24.91 25.01 24.80 24.62 23.16 22.10 20.62 18.76 17.69 15.73 13.81 12.39 10.83  9.09
 1.40  1.58  2.99  4.71  5.85  7.63  9.03 10.28 11.10 13.06 14.97 16.58 17.41 18.24 18.22 18.14 17.99 18.04 18.01 17.93 17.82 17.79 18.01
traj-101:
24.05 24.18 24.29 24.59 24.94 24.49 24.33 24.04 23.87 23.63 23.46 23.50 23.21 23.09 23.09 23.23 24.70 25.17 26.70 28.13 28.71 30.45 31.03 32.49 32.45 32.45 32.61 32.61 32.60 32.52
 1.21  3.18  3.55  5.32  7.06  9.00 10.98 12.23 14.22 15.89 17.65 18.90 20.63 22.37 24.24 26.10 27.32 28.12 29.13 29.27 29.33 29.53 29.58 28.49 27.89 26.05 24.19 23.43 21.59 20.34
traj-102:
23.04 23.02 22.05 20.07 18.66 17.77 15.94 15.00 14.00 12.74 10.80  9.53
 1.23  3.01  3.99  3.96  3.97  3.97  4.63  5.67  6.63  6.63  6.63  6.45
traj-103:
23.91 24.26 24.37 24.63 24.73 24.70 24.60 24.70 24.69 24.44 23.77 23.17 22.30 20.41 19.34 17.56 16.78 15.31 13.73 12.94 12.25
 1.44  3.41  4.58  5.97  6.98  8.88 10.72 11.01 12.97 13.47 15.01 16.32 17.70 17.86 17.88 17.89 17.88 17.95 18.24 19.78 21.62
traj-104:
25.53 25.30 25.12 24.98 24.84 24.93 24.94 24.96 24.95 24.85 24.85 24.66 24.60 24.61 24.65 24.79 24.86 24.84 24.89 24.91 26.63 27.52 29.28 30.47 32.18 32.48 32.75 32.79 32.91 32.92 32.89 33.28 33.64 34.02 34.23
 0.76  2.43  4.17  5.92  7.80  8.92 10.62 12.03 13.40 15.34 16.61 18.34 19.33 20.40 21.97 23.86 25.11 26.01 27.31 28.61 29.40 29.29 29.13 29.02 28.74 26.90 25.17 23.94 22.19 20.34 19.01 17.95 16.27 14.45 13.31
traj-105:
24.78 24.17 23.20 21.84 20.08 18.30 18.00 16.26 14.96 14.12 12.33 11.34  9.69  8.46
 1.31  2.17  3.68  4.87  4.91  4.83  4.81  5.70  6.82  7.63  8.43  8.29  8.21  8.16
traj-106:
24.44 23.67 23.80 23.98 24.58 25.13 25.13 25.14 24.68 24.13 23.55 23.20 22.80 21.24 20.08 18.95 17.00 15.44 14.87 13.31 12.50 10.87  9.31  7.73
 1.92  3.31  5.12  5.68  7.54  8.93  9.23 11.12 13.05 14.21 15.57 16.55 17.68 17.85 17.94 18.05 18.13 18.05 18.08 18.19 18.43 18.38 18.32 18.12
traj-107:
24.56 24.59 24.65 24.67 24.73 24.75 24.79 24.80 24.99 25.04 25.03 25.00 25.03 24.98 24.99 25.00 24.93 24.94 24.98 25.09 25.11 25.91 26.15 27.86 28.69 28.97 30.41 31.88 32.02 32.29 32.23 32.11 32.11 32.18 32.24 32.19 32.22 32.27 32.25 32.24
 1.32  2.34  4.16  5.29  6.55  7.41  9.23 10.15 11.76 13.71 14.12 15.34 17.01 17.85 19.11 21.03 22.41 23.67 25.22 26.92 27.22 28.91 29.08 29.39 29.60 29.71 29.90 29.77 28.11 26.62 25.73 24.23 22.24 20.46 19.13 17.43 15.52 13.99 13.01 11.22
traj-108:
23.70 23.75 22.29 21.13 19.34 17.65 16.27 15.75 14.62 14.00
 1.85  3.66  4.00  4.00  4.03  4.24  4.74  5.04  6.16  6.73
traj-109:
24.85 23.81 23.72 24.05 24.24 24.45 24.67 24.67 24.59 24.47 24.19 22.54 22.00 21.84 20.25 18.32 16.70 15.73 14.57 13.14 11.69 10.50 10.31  9.77  9.45  8.88
 1.56  3.14  4.96  6.73  7.80  9.14 10.61 12.29 14.09 14.52 16.14 17.11 17.39 17.56 17.94 17.92 17.78 17.70 17.57 17.42 17.40 18.64 19.19 20.88 21.70 22.79
traj-110:
25.26 24.78 24.21 24.04 23.76 23.62 23.56 23.60 23.74 23.90 23.89 24.21 24.19 24.30 24.21 24.36 24.65 24.82 24.87 24.81 26.40 27.85 29.01 30.76 32.41 32.65 32.81 32.79 32.85 33.02 33.22 33.29 33.48 33.76
 1.28  2.40  4.08  4.48  5.60  6.41  8.22  9.76 11.47 13.43 14.70 16.54 18.30 19.88 21.36 22.26 24.19 25.87 27.67 28.28 29.01 29.15 29.28 29.49 28.99 27.52 25.87 23.92 23.01 21.10 19.23 17.47 15.89 14.12
traj-111:
24.79 23.75 22.36 21.49 20.10 18.70 17.32 15.56 13.80
 1.89  2.81  3.44  3.65  4.00  4.15  4.42  5.29  4.41
traj-112:
23.18 23.42 24.28 24.85 24.90 24.42 24.10 23.90 23.61 23.48 23.37 22.65 21.18 19.30 18.50 16.71 15.72 14.43 12.75 11.74 10.77  9.03  7.43
 0.97  1.15  2.70  4.47  6.40  7.94  9.68 10.83 12.62 14.47 15.45 17.18 18.13 17.85 17.70 17.43 17.58 17.70 18.09 18.29 18.42 18.50 18.53
traj-113:
25.45 25.06 24.57 23.97 24.04 24.11 24.06 24.20 24.32 24.44 24.63 25.05 25.10 25.21 25.33 25.33 25.12 24.98 24.40 25.63 27.39 28.28 30.05 31.79 32.03 32.07 32.06 32.13 32.17 32.19 32.20 32.29 32.32
 1.53  2.69  4.47  6.05  7.84  9.76 11.48 13.08 14.77 15.79 17.21 19.12 20.25 21.73 23.47 23.77 25.47 26.35 28.21 29.06 29.07 29.09 29.20 29.27 27.40 26.07 24.19 22.37 20.46 19.14 17.83 16.33 14.40
traj-114:
23.72 23.80 22.49 21.27 19.58 19.01 17.09 15.62 15.03 13.31 12.17 11.19  9.51  8.94  7.61
 1.71  2.27  3.43  3.69  3.71  3.63  3.44  3.68  3.78  4.60  6.00  6.34  6.95  7.16  7.65
traj-115:
23.27 23.78 24.01 24.14 24.21 23.93 23.63 23.76 23.74 23.86 24.11 23.60 22.39 21.28 19.34 17.63 16.42 14.69 12.77 12.22 10.60  9.71  8.60
 0.52  1.84  3.24  4.43  5.31  7.17  8.71 10.70 12.18 13.77 15.13 17.04 18.22 18.16 18.04 17.95 17.93 17.78 18.05 18.11 18.38 18.44 18.52
traj-116:
24.70 24.79 24.87 24.84 24.79 24.77 24.91 24.98 25.11 25.19 25.20 25.08 25.08 25.06 25.03 24.99 24.93 25.14 25.17 26.57 27.74 29.48 30.95 32.62 34.00
 1.01  2.89  4.31  6.16  8.07  8.99 10.72 12.49 14.24 15.97 17.45 19.38 21.13 22.81 24.12 25.09 26.38 27.61 28.10 29.13 29.10 29.29 29.39 29.86 30.25
traj-117:
25.42 24.11 22.42 21.36 19.58 19.06 17.53 16.17 15.25 13.89 12.54 11.31  9.51  7.75  7.25  5.88  5.58
 1.16  2.53  3.28  3.53  4.09  4.23  4.78  5.99  6.86  7.13  7.20  7.08  7.30  7.55  7.63  6.29  6.31
traj-118:
25.18 25.50 25.58 25.57 25.47 25.40 25.22 25.06 24.83 24.94 25.16 24.70 23.02 21.12 20.67 19.03 18.44 16.61 14.90 13.59 12.24 11.02  9.91  8.43  7.40
 1.73  3.68  4.27  6.26  7.70  8.28 10.03 11.97 13.09 14.88 16.29 18.21 18.54 18.01 17.95 17.83 17.78 17.71 17.52 17.46 17.72 18.01 18.49 19.25 20.24
traj-119:
24.74 24.75 24.79 24.82 24.77 24.68 24.61 24.62 24.57 24.43 24.30 24.24 24.28 24.44 24.66 24.87 24.89 24.95 24.96 24.98 25.73 25.95 26.60 28.06 29.23 30.40 32.04 32.14 32.21 32.36 32.69 33.01
 0.69  1.44  3.43  3.79  5.75  7.51  9.45  9.95 11.57 13.42 14.59 15.49 17.48 19.37 20.62 22.28 24.01 24.31 26.03 26.80 28.44 28.80 29.16 29.12 29.16 29.18 28.36 27.78 26.35 24.83 23.43 21.78
traj-120:
24.34 23.41 22.09 21.10 19.56 17.65 17.36 15.80 15.18 13.53 12.93 11.32  9.60  8.02
 1.56  2.46  3.59  4.09  4.42  4.85  4.94  5.65  6.11  7.05  7.98  9.02  9.01  8.71
traj-121:
24.85 24.61 23.73 23.42 23.58 24.12 24.28 24.13 23.96 23.89 23.79 24.32 25.00 24.98 23.03 21.97 20.65 19.00 17.16 15.35 13.44 12.12 11.23 10.29
 1.49  1.94  3.23  4.90  5.45  7.04  7.59  9.48 10.02 11.94 13.73 15.08 16.95 18.70 18.57 18.26 18.12 17.97 17.98 18.07 18.55 19.54 20.75 22.06
traj-122:
24.04 24.15 24.17 24.34 24.38 24.58 24.81 25.18 25.01 24.99 25.02 25.14 25.13 25.14 25.14 25.16 25.22 25.45 25.54 26.18 27.94 29.12 30.60 32.15 32.57 32.76 33.00 33.10 33.24 33.50 33.69 34.06 34.15 34.27
 1.62  3.42  3.70  5.59  6.79  8.37 10.25 12.02 13.97 15.57 17.05 18.19 19.68 21.47 22.63 24.61 26.54 28.35 28.71 29.12 29.14 29.08 29.09 28.45 27.22 25.73 23.94 22.23 20.94 19.07 17.11 15.24 13.94 12.46
traj-123:
23.97 23.24 22.72 21.18 19.52 19.23 17.53 16.36 15.54 14.93
 1.92  2.60  3.21  4.05  4.43  4.50  4.81  6.38  7.86  8.76
traj-124:
23.48 23.66 24.05 24.00 23.72 23.57 23.65 23.58 24.18 24.87 24.15 23.76 23.39 21.58 20.43 19.03 17.11 15.87 14.73 13.16 11.39  9.97  8.78  7.48
 0.48  1.54  3.48  5.45  7.12  8.05  9.70 10.74 12.13 13.77 15.28 16.29 17.34 18.11 18.01 17.82 17.71 17.75 17.75 17.71 18.57 19.42 20.52 21.65
traj-125:
24.96 25.05 25.00 24.89 24.90 24.91 24.93 25.04 24.35 24.05 23.64 24.11 24.77 25.13 25.02 25.00 24.96 25.03 25.08 24.70 26.31 28.09 29.94 31.56 32.18 33.04 33.61
 0.58  2.40  3.82  5.45  7.35  8.23  9.65 11.50 12.85 13.61 15.40 16.35 17.96 19.88 21.60 22.18 23.88 25.34 26.59 28.51 29.08 29.08 29.25 29.27 28.86 27.76 27.17
traj-126:
25.79 24.90 23.01 21.27 20.09 18.38 17.06 15.74 14.67 12.81 11.40 11.19  9.78
 1.64  2.97  3.56  3.71  3.84  4.13  4.50  5.83  7.09  7.10  5.93  5.71  4.36
traj-127:
23.57 23.76 23.99 24.14 24.48 25.06 25.20 25.17 25.16 24.15 22.59 21.88 20.51 19.08 18.48 16.76 14.95 13.02 12.10 11.11  9.68  8.19  7.23
 1.68  3.65  5.20  6.75  8.49 10.10 11.81 13.77 15.19 16.91 17.65 17.88 18.09 18.14 18.17 18.01 17.56 17.42 17.52 18.09 19.16 20.19 21.46
traj-128:
24.27 24.08 23.96 23.86 23.59 23.47 23.40 23.36 23.38 23.32 23.34 23.62 23.52 23.42 23.62 23.95 24.16 24.10 24.11 24.23 25.03 26.52 27.78 28.07 29.80 31.27 32.42 32.40 32.63 32.82 32.96 33.01 33.14 33.21 33.33
 1.20  2.52  4.17  4.80  6.73  7.49  9.18  9.61 11.22 13.03 13.61 15.38 17.08 18.72 20.04 20.97 22.88 24.64 26.25 27.31 28.21 29.15 29.44 29.49 29.79 29.93 29.00 28.24 26.57 25.08 23.13 21.44 19.83 18.89 17.58
traj-129:
23.88 23.18 21.52 19.82 18.67 17.81 16.47 15.53 13.75 11.90 10.78
 1.86  3.38  3.92  4.42  4.74  4.98  6.32  7.75  7.43  6.73  6.19
traj-130:
25.26 25.20 24.64 24.82 25.22 25.22 24.97 24.72 24.47 24.15 23.62 23.59 23.05 22.89 21.04 19.18 18.02 16.55 14.60 12.81 11.96 10.14  9.27
 1.30  1.82  3.61  4.78  6.46  6.76  8.46 10.11 12.07 13.34 14.97 15.27 16.72 17.28 18.02 17.78 17.90 17.96 18.21 18.37 18.56 18.97 19.05
traj-131:
23.07 23.09 23.94 24.23 24.63 24.78 24.96 25.21 25.17 25.16 25.21 25.29 25.27 25.24 25.18 25.18 25.20 25.13 25.06 24.99 24.99 26.82 27.41 28.85 29.73 31.18 32.06 32.61 32.62 32.79 33.01 33.22 33.38 33.69 33.60 33.59 33.57
 1.96  2.26  3.83  5.59  6.31  7.43  8.69 10.60 12.55 13.39 14.56 15.73 17.21 18.93 20.69 21.29 22.78 23.93 24.79 26.36 28.32 29.07 29.08 29.20 29.29 29.46 28.94 27.11 26.81 25.11 23.33 21.62 20.32 18.37 17.21 15.40 15.10
traj-132:
23.36 23.93 24.58 22.92 21.02 19.58 18.72 17.07 15.26 13.45 11.54 10.52
 0.82  2.45  3.87  4.66  4.05  4.06  4.05  4.27  4.86  4.08  3.57  3.15
traj-133:
23.24 23.54 23.96 24.27 24.63 24.67 24.83 24.98 25.09 25.06 24.11 23.16 22.21 21.10 19.75 18.13 16.46 15.28 13.89 13.40 12.42 11.65 10.28  8.30  6.71  4.72
 0.66  1.80  3.43  4.90  6.58  7.76  9.61 11.46 13.18 13.48 14.96 16.23 17.09 17.59 18.08 17.90 17.60 17.34 17.21 17.84 18.49 20.09 21.52 21.71 21.84 21.91
traj-134:
24.91 25.01 24.73 24.53 24.78 24.89 24.96 25.04 24.92 25.05 25.09 25.20 24.99 24.82 24.85 24.88 25.15 25.11 25.05 25.07 25.77 25.90 26.15 27.59 29.06 30.79 32.49 33.08 33.82 34.54 34.73
 1.75  2.59  4.21  5.50  6.80  8.61 10.51 11.51 12.98 14.46 15.00 16.57 18.19 19.64 21.49 22.51 24.13 24.73 26.20 27.05 28.58 28.98 29.15 29.44 29.56 29.74 29.03 28.12 26.95 25.36 24.79
traj-135:
23.30 23.65 23.84 22.01 20.18 18.19 16.42 15.50 13.78 11.89 11.33
 0.85  1.48  2.78  3.52  4.07  4.16  4.24  4.28  4.24  3.83  3.65
traj-136:
25.02 24.76 24.61 24.58 24.04 23.84 23.76 23.65 23.49 23.33 23.35 23.32 22.76 21.34 20.91 19.06 17.11 15.13 13.24 11.89 10.12  9.05
 0.78  2.05  3.65  4.42  6.22  6.75  8.74 10.24 11.80 12.51 14.49 15.51 17.22 17.83 17.87 18.09 18.02 18.15 18.60 19.58 20.37 20.67
traj-137:
24.63 24.57 24.54 24.56 24.62 24.66 24.53 24.50 24.46 24.39 24.45 24.61 24.75 24.99 25.03 25.01 25.00 24.92 25.24 26.14 27.85 29.63 31.13 32.02 32.07 32.23 32.40 32.61 32.85 32.92 33.42 33.84 34.24
 0.69  2.04  2.78  4.43  6.13  7.61  9.44 11.25 12.64 14.02 15.92 17.77 19.38 20.65 22.53 23.91 25.09 26.77 28.48 29.04 29.13 29.13 29.11 28.51 27.03 25.18 24.26 23.15 21.49 20.37 18.89 17.00 15.19
traj-138:
25.62 25.46 24.95 23.70 22.76 20.78 19.92 18.19 16.75 15.36 13.70 11.73
 0.66  2.57  3.60  4.29  4.24  4.12  4.26  4.40  4.76  4.61  4.27  4.06
traj-139:
23.71 23.70 23.84 23.96 23.85 23.88 23.79 23.69 24.21 24.20 24.25 24.46 22.94 21.44 19.49 18.34 16.60 15.87 14.00 12.47 12.39
 0.86  2.79  4.74  6.69  8.38  9.80 11.41 12.47 14.22 14.73 16.62 17.90 18.55 18.08 17.85 17.90 17.83 17.75 18.06 19.03 19.31
traj-140:
23.05 23.23 23.31 23.24 23.34 23.52 23.69 23.80 24.07 24.14 24.21 24.40 24.43 24.54 24.66 24.71 24.77 24.81 24.88 24.96 25.68 25.99 26.53 28.05 29.51 31.24 32.40 32.77 33.18 33.61 34.10
 0.73  1.21  3.00  4.00  5.44  7.07  8.34  9.82 11.31 12.89 13.46 15.10 16.13 17.44 18.83 20.31 21.85 23.02 24.88 26.63 28.43 28.84 29.12 29.13 29.09 29.01 28.06 26.48 24.88 22.95 21.06
traj-141:
25.41 24.93 24.78 23.14 22.31 20.68 18.99 18.11 16.69 16.44 15.75
 0.43  1.93  2.74  3.74  4.09  4.68  4.92  4.84  5.61  6.39  8.26
traj-142:
25.15 24.67 23.13 23.15 23.16 23.26 23.46 23.85 24.23 24.70 24.05 23.18 21.87 20.32 18.47 17.28 15.85 14.03 12.47 10.77  9.63  8.65  7.74  6.28  5.45
 1.36  1.98  3.10  4.27  6.13  8.08  9.34 11.17 11.93 13.29 14.39 16.02 17.34 17.68 18.23 18.11 17.95 17.93 18.40 19.17 20.01 20.66 21.30 22.25 22.70
traj-143:
24.89 24.93 24.99 24.99 25.10 24.95 25.00 25.01 25.01 25.06 24.14 23.21 23.75 24.61 24.67 24.96 24.98 24.99 25.18 25.44 26.77 27.36 29.09 30.52 31.58 33.04 33.38
 1.40  2.28  3.58  5.40  6.17  7.65  9.02 10.70 11.96 13.70 15.22 16.86 18.65 19.61 21.13 22.98 23.84 25.25 26.41 28.17 29.06 29.05 29.12 29.09 29.54 30.88 31.08
traj-144:
23.33 23.22 23.17 21.42 20.12 18.50 16.85 16.55 15.69 13.93 12.78 11.03  9.26
 1.16  2.30  4.16  3.78  4.02  4.33  4.74  4.79  5.02  5.77  6.30  6.77  6.89
traj-145:
25.72 25.43 25.11 24.51 24.49 24.56 24.92 24.96 24.88 25.07 25.03 24.88 23.05 21.94 20.07 18.22 17.12 16.14 14.15 13.40 11.85 10.38
 1.93  2.73  4.04  5.94  7.71  9.67 11.62 12.86 14.43 15.67 17.39 18.25 18.10 18.07 17.88 17.68 17.80 17.96 17.95 18.19 19.03 19.98
traj-146:
25.28 25.11 24.88 24.81 24.82 24.76 24.71 24.50 24.56 24.56 24.57 24.68 24.74 24.91 24.97 24.96 24.92 25.02 25.12 25.12 26.45 27.06 28.79 30.55 31.73 33.46
 0.64  2.29  4.26  5.69  7.62  9.61 11.59 12.79 14.33 15.43 16.63 17.91 19.70 21.54 23.18 24.13 25.34 26.23 27.99 28.29 29.00 29.07 29.19 29.30 29.40 29.66
traj-147:
23.64 23.91 22.36 20.40 18.95 17.87 16.04 15.02 13.47 12.08 10.67  9.75  8.08  6.13
 0.79  2.61  3.45  3.71  3.87  3.77  4.10  4.67  5.50  6.73  8.00  8.34  8.45  8.06
traj-148:
23.32 23.59 23.86 23.91 23.93 23.84 23.70 23.91 24.28 24.69 24.81 24.20 22.55 21.67 19.79 18.72 17.15 16.56 14.68 13.68 12.78 11.77 11.84
 1.44  2.74  3.88  5.83  6.54  8.33 10.23 11.43 12.36 13.75 15.51 17.26 18.32 18.20 18.04 18.00 18.00 18.01 18.03 18.29 18.83 20.53 21.13
traj-149:
25.72 25.59 25.32 25.23 25.18 25.10 25.02 24.95 24.84 24.68 24.55 24.28 23.85 24.23 24.51 24.64 24.64 24.79 25.04 26.50 27.97 29.71 31.47 33.08 33.39 33.41 33.45 33.42 33.77 33.30 33.37 33.86 33.97
 1.49  1.91  3.86  5.35  6.21  7.66  9.57 10.77 12.72 14.26 15.11 16.78 18.62 20.54 22.24 24.05 24.54 26.33 28.30 29.14 29.14 29.32 29.45 29.06 27.36 26.76 25.05 24.75 22.88 21.19 19.72 17.92 16.25
traj-150:
25.54 24.78 24.16 23.08 21.37 19.59 17.85 16.19 14.59 13.24 11.81  9.84  8.44  7.75  6.37  5.80
 0.47  1.81  3.05  4.64  4.83  4.92  4.89  5.75  6.73  7.68  8.57  8.67  8.76  8.99  9.39  9.56
traj-151:
24.40 23.94 23.82 24.20 24.40 24.53 24.98 25.03 25.11 25.17 24.48 23.99 22.26 21.08 19.36 18.17 16.43 14.98 13.32 11.58 10.30
 1.60  2.48  4.28  5.65  6.77  8.40 10.18 11.58 13.22 14.96 16.54 17.51 18.29 18.21 18.16 18.25 18.42 18.58 18.70 19.22 19.58
traj-152:
23.30 23.74 23.84 24.13 24.07 23.97 24.47 24.32 24.03 24.24 24.57 24.71 24.97 25.11 25.10 25.07 25.03 25.01 24.95 25.06 25.58 25.82 27.60 29.08 30.55 32.05 32.61 32.93 32.78 32.73 32.61 32.81 33.11 33.14 33.20 33.17
 1.34  3.10  4.97  5.48  5.58  7.48  9.23 10.59 12.22 14.08 15.36 16.20 17.50 19.19 20.09 21.79 22.67 24.40 25.27 27.13 28.84 29.01 29.07 29.10 29.21 29.14 29.00 27.65 25.69 25.09 23.29 21.52 19.92 19.02 17.15 16.03
traj-153:
24.35 23.79 23.35 23.40 22.78 20.96 19.07 18.19 16.46 16.00 15.73 13.88 12.66 11.30  9.39  7.79  6.33  5.11
 0.88  1.78  3.19  4.06  4.31  4.05  4.21  4.30  5.29  6.56  7.55  7.90  8.30  8.46  8.46  8.42  8.61  8.59
traj-154:
24.46 24.84 24.92 25.08 25.15 25.03 24.91 24.72 24.79 24.90 25.11 24.96 23.12 21.68 20.06 18.54 16.71 14.78 14.32 12.73 12.16 12.05
 0.72  1.57  2.90  4.59  6.57  8.01  9.38 10.91 12.63 14.58 15.74 17.46 18.01 17.86 17.74 17.64 17.86 18.02 18.04 18.42 19.59 21.22
traj-155:
24.48 24.64 24.76 24.81 24.92 25.06 25.09 24.88 24.98 25.22 25.25 25.24 25.11 25.04 25.04 25.01 24.95 25.12 25.27 26.70 27.56 28.99 29.57 31.04 32.76 33.16 32.94 32.62 32.56 32.70 32.55 32.49 32.60 32.67 32.89
 1.22  2.89  4.75  5.63  7.31  9.30 10.46 11.30 13.28 15.01 16.33 17.61 19.39 21.21 22.38 24.15 25.97 27.41 28.36 29.30 29.32 29.41 29.48 29.55 29.32 28.30 26.76 25.09 23.24 22.20 20.55 18.61 17.31 15.57 14.04
traj-156:
23.76 22.28 21.72 20.08 19.82 18.22 16.50 15.30 13.44 12.96
 1.94  3.12  3.31  4.16  4.32  4.91  5.79  6.87  7.30  6.89
traj-157:
25.16 24.91 24.50 24.16 24.05 24.21 24.36 24.48 24.04 23.46 22.83 21.63 19.65 17.92 17.33 15.71 14.85 13.34 11.56 10.00  8.91  6.97  5.07
 1.67  3.14  4.93  5.79  7.56  9.34 10.93 12.81 14.53 16.29 17.43 18.09 18.14 17.91 17.99 18.01 17.87 17.56 18.11 18.42 18.63 19.07 19.28
traj-158:
24.65 24.47 24.47 24.46 24.39 24.44 24.53 24.51 24.47 24.84 24.93 24.65 24.99 25.05 25.06 25.11 25.05 25.04 24.93 26.59 28.33 29.80 31.58 33.10 32.70 32.80 32.89 32.93
 0.65  2.35  4.08  5.41  7.02  8.41 10.07 11.16 12.71 14.03 15.73 17.66 19.25 20.69 22.64 23.98 24.93 26.50 28.33 29.02 29.00 29.05 29.02 27.76 26.08 24.17 22.21 21.62
traj-159:
24.70 24.28 23.09 21.76 19.96 19.38 17.56 16.04 15.28 14.12 13.16 11.61 11.04
 0.61  1.01  2.32  3.79  3.85  4.00  4.57  5.57  6.84  8.02  7.90  7.48  7.31
traj-160:
24.03 24.09 24.21 24.20 24.21 24.13 23.98 23.92 23.71 23.58 23.93 24.50 23.98 22.99 21.71 20.36 18.39 16.88 15.01 13.72 12.30 10.95  9.39
 1.44  2.11  3.79  5.37  5.83  7.71  9.54 10.22 11.97 13.09 15.00 16.87 18.70 18.51 18.20 18.18 18.00 17.89 17.97 18.24 18.42 19.03 19.82
traj-161:
23.60 23.61 23.60 23.66 23.96 24.22 24.21 24.43 24.97 24.91 25.00 25.04 25.09 25.16 25.17 24.99 24.93 24.82 24.89 24.90 25.71 26.59 27.77 29.24 30.66 32.18 33.96 34.15
 0.78  2.38  3.83  5.34  6.73  7.76  9.03  9.93 11.80 12.64 14.43 15.87 17.57 19.54 20.11 22.09 23.55 24.69 26.47 26.77 28.56 29.11 29.12 29.13 29.13 29.68 30.39 30.62
traj-162:
25.52 25.09 23.60 22.04 20.57 18.90 18.10 16.63 16.02
 0.86  1.59  2.56  3.33  4.05  4.63  4.78  5.95  7.33
traj-163:
25.33 25.11 24.59 24.29 24.36 24.62 24.80 24.80 24.98 24.95 25.11 24.09 23.51 23.13 22.61 21.44 20.45 19.04 17.13 15.88 13.93 12.50 11.37
 0.99  1.79  3.13  4.50  5.45  7.07  7.93  9.53  9.93 10.23 12.16 13.61 15.07 15.97 17.01 17.55 17.74 18.03 17.87 17.36 17.48 17.57 18.90
traj-164:
24.72 24.78 24.98 24.93 24.94 24.90 25.00 24.92 25.05 25.13 25.14 25.16 25.15 25.10 25.11 25.03 24.95 24.81 24.64 25.89 26.14 27.59 29.58 30.46 32.15 32.43 32.67 32.80 33.13 33.32 33.56 33.62 33.59 33.60 33.60
 0.76  1.14  2.94  4.75  6.69  8.16  9.84 11.23 12.96 14.92 16.39 18.14 19.25 20.15 21.74 23.09 25.05 26.97 27.83 28.94 29.11 29.16 29.27 29.21 28.40 26.82 25.44 24.13 22.19 20.49 19.26 17.41 16.06 14.64 12.97
traj-165:
25.03 23.87 22.77 21.48 19.57 18.22 16.65 15.32 14.32 12.82 11.72 10.30  8.64
 1.17  2.09  3.11  3.61  4.10  4.54  5.61  6.93  7.96  8.25  8.38  8.54  8.79
traj-166:
23.67 23.87 25.07 25.05 25.10 24.92 24.78 24.51 24.32 24.00 24.00 24.12 23.44 22.67 20.74 20.44 18.67 17.78 15.81 13.86 11.87 10.92 10.51  9.30  8.58  7.20
 0.76  0.98  2.48  4.18  6.17  7.32  8.40  9.98 11.75 13.64 15.33 16.56 18.43 18.45 18.24 18.24 18.18 18.14 18.06 18.01 17.86 19.17 19.64 21.22 21.81 23.09
traj-167:
24.85 24.74 24.59 24.63 24.65 24.53 24.50 24.50 24.52 24.81 24.84 24.94 24.99 25.15 25.03 25.00 24.97 24.84 25.05 25.27 25.53 27.01 27.84 29.00 30.16 31.92 32.13 32.43 32.67 32.62 32.63 32.73 32.66 32.57 32.62 32.60 32.63 32.67
 1.24  3.17  5.08  7.04  7.86  9.52 10.94 12.88 13.52 15.28 16.35 17.07 18.09 20.09 21.85 22.73 23.88 25.79 27.55 28.87 29.00 29.12 29.21 29.33 29.47 29.71 27.98 27.86 27.13 25.85 24.21 22.47 20.74 19.15 18.00 16.43 15.12 13.23
traj-168:
24.65 24.09 23.28 21.35 20.28 18.33 16.61 14.88 13.67 11.87 11.59
 1.91  3.35  4.58  4.21  4.22  4.38  4.61  4.77  4.94  4.89  4.76
traj-169:
24.45 24.23 23.33 23.14 23.79 24.19 24.35 24.25 24.19 23.98 23.51 22.44 20.78 19.27 17.88 16.47 14.86 13.00 12.46 10.67  9.96  8.73  7.31  6.09  5.78
 1.05  1.77  3.42  5.35  6.93  8.75  9.92 11.25 12.72 14.56 16.46 17.08 17.32 17.37 17.45 18.08 18.19 18.58 18.75 19.31 19.52 20.06 20.64 22.02 22.42
traj-170:
25.03 25.03 24.91 24.90 25.07 25.09 25.07 25.06 25.05 25.09 25.04 25.01 25.06 25.11 25.15 25.15 25.07 24.99 24.89 24.80 25.40 26.40 28.17 29.35 31.11 32.59 32.60 32.63 32.53 32.55 32.45 32.40
 0.65  1.90  3.82  4.12  6.10  8.05  9.72 10.32 12.24 12.83 14.68 15.41 17.30 19.11 19.64 20.83 22.30 23.99 25.58 26.58 28.31 29.04 29.16 29.24 29.15 27.97 26.61 24.81 22.92 21.13 19.52 17.64
traj-171:
23.07 23.01 21.24 19.58 17.89 16.57 15.78 15.03 14.48 13.28 12.04 10.78 10.55  9.90
 1.82  3.57  3.88  4.09  4.25  4.72  5.63  6.48  7.38  8.22  7.02  5.67  4.99  3.18
traj-172:
24.09 24.48 24.79 24.98 25.12 24.94 24.71 24.49 24.15 23.52 23.64 23.72 22.81 21.27 19.29 17.45 16.02 15.43 13.49 11.92 10.04
 0.78  2.18  3.25  4.35  5.80  7.47  8.78 10.33 11.97 13.49 15.05 16.45 17.20 18.18 18.19 18.39 18.38 18.28 18.14 18.66 19.15
traj-173:
24.48 24.19 23.84 24.31 25.02 25.05 24.89 24.86 24.87 24.70 24.42 24.48 24.85 25.17 25.16 25.08 25.04 24.87 26.56 27.44 28.90 29.47 31.22 32.11 33.17 32.73 32.97 33.10 33.35 33.62 34.00 34.04 34.24 34.41
 1.63  2.41  4.02  5.34  7.16  9.08 10.86 12.78 13.92 15.79 17.66 18.80 20.63 22.18 23.89 25.48 27.14 28.75 29.18 29.27 29.46 29.55 29.77 29.80 28.30 26.56 24.75 23.65 22.36 20.96 19.42 19.00 17.25 15.47
traj-174:
25.45 24.96 23.80 22.29 21.09 19.77 18.05 16.18 14.44 13.00 12.32
 1.24  2.19  3.32  4.54  4.13  4.14  4.30  4.63  4.63  3.61  3.09
traj-175:
23.09 23.45 23.62 23.94 24.21 24.33 24.46 24.58 24.89 24.59 24.38 23.43 22.85 21.68 20.34 19.11 17.51 15.60 13.87 12.12 10.63  9.65  8.40  7.02  6.56  5.18  4.15
 0.72  2.07  2.90  4.02  4.82  6.55  8.42 10.20 11.33 13.14 14.19 15.67 17.44 17.90 17.80 17.72 17.65 17.59 17.44 18.08 19.18 19.84 20.53 21.30 21.61 22.29 22.74
traj-176:
24.33 24.28 24.24 24.27 24.25 24.27 24.36 24.64 25.03 25.07 25.14 25.24 25.18 25.16 24.44 23.70 23.99 24.21 24.26 25.11 26.36 28.10 28.98 30.17 32.10 33.01
 1.35  3.32  4.92  5.79  7.44  8.97 10.05 11.53 13.35 13.94 15.41 16.88 18.65 19.84 21.53 23.01 24.25 26.17 26.77 28.41 29.18 29.12 29.08 29.00 28.69 27.28
traj-177:
25.03 24.48 23.17 22.66 20.76 19.37 17.91 17.33 16.48 15.39
 1.57  3.01  4.30  4.50  4.81  4.80  4.92  4.96  5.56  6.76
traj-178:
23.18 23.34 23.57 23.59 24.19 24.51 25.03 25.14 24.70 24.11 23.64 23.01 21.59 19.69 18.33 17.06 15.93 14.52 13.09 11.18
 1.66  3.29  5.27  5.57  7.41  9.05 10.57 11.14 12.95 14.56 15.22 17.03 18.16 17.97 17.83 17.89 17.93 18.03 18.07 18.03
traj-179:
23.30 23.88 24.05 24.01 24.23 24.18 24.34 24.42 24.41 24.55 24.68 24.67 24.87 24.74 24.70 24.78 25.01 24.90 25.00 24.99 26.41 26.98 28.44 30.18 30.48 32.18 33.34 34.41
 0.77  2.66  4.48  5.97  7.79  8.74 10.51 11.97 12.83 14.80 16.38 18.22 19.33 20.84 21.52 22.94 24.57 25.75 27.05 28.43 29.06 29.06 29.01 29.02 29.01 28.79 28.52 26.99
traj-180:
25.50 24.50 23.14 21.79 21.20 19.78 18.18 17.01 15.32 14.66 13.55 12.61
 1.34  1.78  2.29  3.73  3.74  3.74  3.68  3.70  4.50  5.07  5.98  7.73
traj-181:
24.60 24.56 24.56 24.52 24.32 24.53 24.76 24.86 25.11 25.19 24.43 23.27 21.99 20.11 18.49 16.94 15.27 13.58 12.28
 1.84  3.64  5.01  6.71  8.46  9.74 10.93 11.95 13.67 14.84 16.57 17.94 18.17 17.88 17.80 17.72 17.68 17.48 17.40
traj-182:
23.90 23.73 23.65 23.70 23.77 23.78 23.84 23.63 24.11 24.11 23.55 23.70 23.55 23.29 23.18 23.16 23.16 23.65 24.13 25.03 26.47 27.97 29.70 31.65
 1.35  3.03  4.98  5.87  7.36  8.70 10.57 12.00 13.94 15.04 16.79 17.04 18.85 20.73 21.32 23.07 23.37 25.23 27.12 28.23 29.02 29.01 29.08 29.48
traj-183:
24.60 24.60 23.70 21.91 21.62 20.88 19.34 18.50 17.24 15.54 14.08 12.30 10.53  9.62  7.93  6.55  5.78
 1.15  1.45  2.99  3.42  3.51  3.69  3.99  4.30  4.79  5.66  6.28  6.98  6.70  6.18  5.50  4.51  4.12
traj-184:
25.12 24.54 24.37 24.60 24.86 25.09 25.19 25.17 25.16 25.25 24.45 23.32 22.00 20.40 18.66 17.57 16.13 14.86 13.72 11.78 10.28  9.47  8.81  7.64
 0.80  2.20  3.58  5.02  6.72  8.45 10.22 11.97 13.66 15.58 17.32 18.43 18.21 17.92 17.86 17.98 18.03 18.05 18.14 18.21 19.23 20.17 21.00 21.52
traj-185:
23.81 24.47 24.58 24.58 24.62 24.73 24.81 24.90 25.03 25.07 24.48 23.84 23.54 23.28 23.11 23.31 23.32 23.84 24.65 25.14 26.81 28.57 30.03 31.93 32.42 33.68 34.03
 0.49  2.22  3.37  5.27  6.64  8.61  9.70 11.28 13.01 13.90 15.59 17.11 18.58 18.73 20.38 22.36 23.68 25.55 27.09 28.27 29.15 29.11 29.08 29.57 29.89 30.64 31.10
traj-186:
23.97 24.69 25.12 25.16 24.13 22.88 21.05 19.32 17.86 16.30 15.84 15.28 13.49 12.15 10.52  9.36  7.48
 1.14  2.19  2.82  3.70  5.37  4.63  4.33  4.60  4.84  5.63  6.02  6.23  6.19  6.39  6.27  6.20  6.11
traj-187:
24.47 24.52 24.33 24.26 24.27 24.46 24.19 24.48 24.94 24.07 22.51 22.09 20.19 18.45 16.49 15.09 13.56 11.90 10.99
 1.83  3.75  5.73  7.52  8.43 10.33 12.26 14.04 15.60 17.25 17.93 18.11 18.23 18.13 17.95 18.04 18.17 18.41 18.65
traj-188:
25.06 25.37 24.56 24.50 23.95 24.32 24.69 24.98 25.43 25.29 25.19 25.06 25.08 25.00 25.02 25.04 25.05 25.17 25.26 26.25 28.03 28.92 30.40 32.19 32.73 32.61 32.55 32.56
 0.57  2.48  4.14  4.84  6.10  7.80  9.49 11.40 13.06 14.82 16.51 18.15 18.75 20.59 22.54 24.20 25.05 26.53 28.53 29.06 29.06 29.06 29.06 28.25 27.75 27.60 25.76 25.34
traj-189:
24.89 24.99 25.14 24.96 23.37 22.54 20.79 19.12 18.11 16.20 15.13 13.39 12.46
 0.51  2.29  3.46  4.88  4.86  4.22  4.09  4.30  4.44  4.93  5.77  6.52  6.73
traj-190:
23.55 23.62 23.78 23.91 24.03 24.00 24.07 24.35 24.68 24.41 23.81 22.00 20.82 19.29 18.41 16.74 15.63 13.88 13.17 11.62  9.85  8.08  6.69  5.90
 1.18  2.80  4.53  5.77  7.49  8.72 10.64 12.19 14.07 15.90 17.22 17.72 17.85 18.03 18.16 18.32 18.48 18.69 18.86 19.69 20.13 19.50 18.96 18.61
traj-191:
24.42 24.43 24.41 24.46 24.46 24.47 24.45 24.46 24.53 24.55 24.55 24.80 24.85 24.87 24.99 25.06 25.31 25.37 25.34 25.33 26.73 28.49 29.06 30.54 32.24 33.11 34.29 34.39 34.54
 1.64  2.82  4.68  6.38  7.03  8.72 10.42 11.06 12.86 14.63 16.13 17.96 18.49 19.93 21.74 22.96 24.68 26.16 26.72 28.24 29.12 29.26 29.29 29.42 30.12 30.85 29.27 28.32 26.35
traj-192:
23.01 23.13 24.34 24.39 22.55 20.60 18.91 18.09 16.35 15.20 13.54 12.60 10.95
 1.23  1.51  3.08  3.38  4.06  4.02  4.05  4.07  4.14  4.36  4.87  5.24  5.43
traj-193:
24.18 23.94 23.84 23.70 23.66 23.88 23.71 24.07 24.80 25.06 25.08 24.44 22.94 21.54 20.87 19.44 18.54 16.88 15.38 14.73 13.35 12.18 10.86  9.21  7.52  7.01  5.45  4.21
 1.12  2.78  4.30  6.28  8.07  9.87 11.42 12.68 14.43 16.15 17.93 19.55 18.66 18.10 17.93 17.75 17.66 17.75 18.01 18.00 18.30 18.87 19.42 20.10 20.86 21.09 21.52 21.96
traj-194:
24.52 24.57 24.66 24.73 24.68 24.68 24.73 24.81 24.98 25.05 25.00 24.99 24.99 24.99 24.97 25.04 25.02 25.08 25.08 25.68 26.19 27.82 29.56 31.02 32.18 33.09 33.12 33.64 33.78 33.91 33.86 33.92 33.91 34.20 34.79 34.99
 0.42  2.10  3.69  5.43  6.93  7.52  9.11 11.07 12.85 14.57 16.40 17.98 19.89 20.99 22.85 23.25 24.89 26.85 27.35 28.71 29.03 29.40 29.64 29.82 28.72 27.12 26.21 24.44 22.60 20.99 20.08 18.11 16.38 14.73 12.96 12.42
traj-195:
24.59 23.69 22.37 20.83 19.92 18.48 17.88 16.37 15.71 15.14 13.22 12.34 10.80  9.22
 0.71  1.98  3.24  4.05  4.28  4.50  4.55  5.45  5.97  6.13  5.58  5.36  4.25  3.43
traj-196:
23.76 23.71 24.07 24.31 24.77 25.03 24.91 24.74 24.66 24.54 24.66 24.10 23.08 22.14 20.43 19.29 18.29 16.39 15.80 14.33 12.57
 0.42  2.16  3.27  4.12  5.70  7.11  8.79 10.60 11.36 13.08 13.62 15.32 16.48 17.54 17.92 17.86 17.89 17.79 17.81 17.73 18.19
traj-197:
25.09 24.83 24.62 24.01 23.82 23.97 23.98 23.97 24.09 24.21 24.24 24.64 24.67 25.04 25.00 24.98 24.97 24.90 24.68 23.88 25.81 27.28 29.05 30.80 32.54 33.37 34.05
 1.27  2.09  3.23  5.03  6.92  8.12  9.86 11.68 13.26 14.56 14.86 16.63 17.36 19.29 20.24 21.68 23.49 25.19 27.07 28.87 29.26 29.08 29.24 29.37 28.65 27.68 26.69
traj-198:
23.93 23.33 23.35 22.08 21.31 21.12 20.14 18.96 17.37 16.50 15.31 13.51 13.29 11.90 11.68 11.62
 1.32  1.89  2.19  3.16  3.45  3.68  3.82  3.97  4.84  5.86  7.14  6.80  6.60  5.34  4.08  3.17
traj-199:
25.38 24.72 24.17 24.35 24.39 24.68 24.89 24.63 24.39 24.10 24.13 24.64 25.04 24.28 23.44 21.94 20.20 18.26 17.16 15.77 15.01 13.37 11.41 10.27  8.56  7.50  6.13  5.14  4.67
 1.57  2.12  3.90  5.43  5.92  7.80  8.36 10.16 10.83 12.27 14.09 15.40 16.71 18.05 18.42 18.02 17.95 17.93 17.92 17.60 17.50 17.22 17.42 17.68 18.09 19.55 20.63 22.21 22.32
traj-200:
23.84 24.03 24.26 24.48 25.19 25.11 25.23 25.35 25.00 25.42 25.37 25.36 25.33 25.29 25.25 25.25 25.22 25.13 24.35 25.25 26.15 27.61 29.05 30.24 32.04 33.02 33.00 32.96 32.84 32.66 33.14 33.35
 1.03  2.87  4.06  5.01  6.78  8.49 10.25 10.92 12.65 14.08 15.79 16.08 17.83 19.31 20.45 22.43 23.59 25.33 27.00 28.44 29.07 29.16 29.20 29.25 28.85 27.52 26.08 24.78 23.53 22.29 20.47 19.04
traj-201:
23.56 23.64 23.72 23.02 21.20 20.63 18.73 17.05 15.57 13.71
 0.43  2.10  3.59  4.00  3.93  3.90  3.71  3.48  3.30  3.04
traj-202:
23.52 23.83 23.60 23.41 23.39 23.87 24.00 24.23 24.17 24.26 24.38 23.24 22.48 21.24 19.60 19.02 17.11 15.38 13.65 11.75 10.04  9.13  7.49  5.71  5.43
 1.57  1.99  3.93  5.15  6.14  7.56  8.13  9.90 11.63 13.30 15.04 16.52 17.06 17.45 18.16 18.02 17.91 18.05 18.22 18.79 19.20 19.42 19.91 20.27 20.37
traj-203:
23.42 23.80 24.08 24.38 24.08 24.14 24.31 24.38 24.55 24.70 23.91 23.33 23.07 23.24 23.25 23.99 24.40 25.11 26.40 28.16 28.74 30.49 31.77 32.46 33.50
 0.81  2.55  4.37  6.34  7.50  9.48 10.04 11.47 12.94 14.85 16.32 17.90 19.85 21.82 23.79 25.29 26.65 28.40 29.09 29.07 29.08 29.14 29.74 30.28 31.19
traj-204:
23.12 23.35 23.73 23.72 22.14 21.16 19.54 18.29 16.85 15.09
 0.67  1.20  2.86  4.02  4.41  4.03  3.93  4.15  4.30  4.25
traj-205:
24.64 24.97 25.12 25.18 25.12 25.12 25.13 25.02 24.73 24.41 23.43 22.32 20.96 19.54 17.62 16.56 15.35 13.86 12.24 11.99 11.49  9.89  8.50  7.51  7.09  7.17  8.45  9.87 11.54
 1.64  3.22  4.07  5.85  7.32  9.10 10.18 11.29 12.99 14.72 16.28 17.44 17.67 18.30 18.73 18.82 18.91 18.98 19.83 19.99 20.01 19.41 18.74 20.48 22.08 22.54 23.33 23.45 23.28
traj-206:
24.71 24.74 24.74 24.74 24.73 24.68 24.79 24.64 24.66 24.67 24.60 24.91 25.11 25.08 25.08 25.15 25.20 25.06 24.95 25.20 25.20 26.71 27.01 28.70 29.27 31.03 32.12 33.32 33.73
 0.73  2.01  2.95  4.16  5.24  5.83  7.77  8.82 10.69 12.53 13.89 15.03 16.20 17.88 19.73 21.19 22.97 24.70 25.84 27.43 28.07 29.14 29.20 29.39 29.50 29.68 28.62 27.47 26.80
traj-207:
24.83 23.89 23.64 22.25 20.31 19.73 18.07 16.42 15.91 14.34 12.79 12.00 10.09
 0.78  2.19  2.55  3.88  4.27  4.41  4.79  5.76  6.49  6.37  5.43  5.28  5.03
traj-208:
24.86 24.73 24.10 24.07 23.98 23.85 23.77 23.57 23.55 23.71 23.91 24.14 24.36 22.47 20.75 18.76 16.89 15.16 13.24 12.65 10.73  9.43  7.71  6.01  4.90
 0.90  1.39  3.21  3.80  5.35  5.94  7.76  8.76 10.58 12.46 14.18 15.62 17.47 18.01 18.03 18.14 18.41 18.54 18.66 18.72 19.13 19.34 20.32 21.15 21.74
traj-209:
25.13 24.91 24.81 24.66 24.46 24.65 24.37 24.29 24.16 24.09 24.29 24.30 24.25 24.58 25.07 25.07 24.95 24.69 24.39 24.94 26.78 27.66 28.83 30.31 32.04 32.46 33.81
 1.52  3.01  3.73  5.18  6.49  7.98  9.88 10.72 12.37 13.49 15.15 15.88 17.54 19.47 21.04 21.92 23.39 25.29 26.54 28.45 29.11 29.10 29.11 29.11 29.49 30.01 31.29
traj-210:
24.98 25.03 25.05 25.05 24.51 23.73 22.38 20.56 18.61 17.47 16.60 14.97 13.52 11.63  9.78  8.28  8.01
 0.76  2.72  3.77  5.55  7.25  5.65  4.64  4.30  4.61  4.77  4.88  5.32  5.71  6.09  5.47  4.22  4.08
traj-211:
24.22 23.93 23.74 23.61 23.32 23.76 24.10 24.47 24.71 24.77 24.96 25.05 24.93 23.21 21.46 20.04 19.13 17.24 16.25 14.37 12.53 11.21 10.37  9.48
 1.08  2.80  4.28  5.68  7.66  8.99 10.90 12.76 14.51 15.27 17.02 17.58 19.34 19.12 18.35 17.87 17.57 17.54 17.49 17.64 18.10 19.46 20.67 21.77
traj-212:
25.43 25.40 25.20 25.31 25.39 25.35 25.27 25.24 25.23 25.15 25.17 25.17 25.21 25.10 25.08 25.09 24.99 25.11 24.86 25.47 26.84 28.32 30.07 30.63 32.06 32.15 32.14 32.23 32.34 32.47 32.72 33.25 33.66 34.11 34.26 34.61
 1.92  2.22  4.05  4.63  6.10  6.70  8.16  9.86 10.16 11.90 12.77 14.71 16.20 18.18 19.89 21.42 23.41 25.07 26.54 28.37 29.07 29.08 29.17 29.20 28.56 26.72 25.03 24.28 22.72 21.47 19.90 18.26 16.89 15.01 13.70 11.94
traj-213:
24.83 23.20 22.53 20.87 18.97 17.19 16.62 15.25 13.88 12.81
 1.97  3.01  3.52  3.83  3.88  3.99  4.15  4.72  5.45  6.06
traj-214:
23.64 23.87 23.94 24.07 24.20 24.41 24.67 25.10 25.06 24.76 24.47 22.99 21.67 20.30 19.13 17.23 15.72 14.31 12.64 12.04 11.06  9.72
 1.96  3.86  5.12  6.49  8.00  9.76 10.25 11.65 13.33 14.48 16.29 17.58 17.75 17.88 17.76 17.75 17.74 17.94 18.48 19.13 20.20 21.04
traj-215:
23.50 23.54 23.58 23.84 23.90 23.97 24.00 24.16 24.17 24.48 24.46 24.48 24.59 24.72 24.77 24.68 24.99 25.04 25.07 25.08 25.24 26.58 27.74 29.44 30.01 31.78 32.68 32.75 33.45 34.17 34.26
 0.42  1.98  3.11  4.84  6.60  8.60 10.02 11.81 12.34 14.14 14.59 16.40 17.79 18.66 19.60 20.96 22.67 24.59 26.34 26.64 28.36 29.18 29.35 29.52 29.64 29.68 28.81 28.37 26.51 24.84 23.64
traj-216:
23.28 23.52 24.63 25.03 25.19 24.30 23.52 22.50 20.70 18.78 17.13 15.79 14.16 12.35 11.19  9.82  8.36  6.74
 0.43  0.93  2.58  3.71  5.47  7.18  6.06  4.55  4.30  4.23  4.82  5.28  5.77  6.52  6.48  6.41  5.41  4.53
traj-217:
24.89 24.72 24.57 24.31 24.22 24.01 23.92 23.71 24.03 24.48 25.01 24.86 24.44 23.02 21.80 21.01 19.71 18.45 17.19 15.28 13.63 12.81 11.58
 1.05  2.91  4.28  5.56  7.00  8.71  9.21 10.70 11.93 12.94 14.80 15.66 17.46 18.29 17.96 17.83 17.49 17.54 17.49 17.53 18.18 18.41 18.75
traj-218:
23.36 23.85 24.13 24.47 24.47 24.52 24.60 24.66 24.65 25.04 25.06 25.11 25.12 25.10 24.84 24.72 24.63 24.93 24.99 25.12 25.16 26.55 27.73 29.50 31.28 32.76 32.69 32.51 32.48 32.30 32.12
 0.44  2.34  3.42  5.09  6.66  8.60 10.23 11.97 12.36 14.01 14.91 16.70 16.98 18.25 20.23 21.45 22.56 23.90 25.51 27.48 28.25 29.06 29.11 29.18 29.19 28.11 26.28 24.63 23.42 21.55 20.07
traj-219:
25.13 24.62 24.22 23.56 22.27 20.96 19.69 17.74 16.03 14.41 12.46 10.78  9.22  7.42  7.18
 1.38  3.30  4.56  5.20  4.13  4.04  3.99  4.26  4.62  5.00  5.41  5.92  6.24  5.63  5.44
traj-220:
25.36 24.08 24.05 23.84 23.70 23.53 23.80 24.11 24.27 24.50 24.68 24.83 23.43 21.60 19.81 17.99 16.58 14.61 13.78 12.58 10.91
 1.33  2.70  3.05  4.74  6.25  8.23  9.35 11.25 13.25 15.23 16.35 17.42 18.50 18.13 18.06 18.09 18.31 18.57 18.69 19.39 20.30
traj-221:
25.61 25.15 24.68 24.18 23.65 24.19 24.56 25.02 25.16 25.25 25.29 25.24 25.23 25.02 24.93 24.85 24.93 24.88 24.74 25.93 26.19 27.65 29.41 31.15 32.49 32.66 32.63 32.47 32.48 32.39
 1.26  2.65  4.29  5.69  7.35  8.61  9.93 11.61 13.36 15.12 16.90 18.63 19.23 21.19 22.95 23.83 25.63 25.93 27.76 28.90 29.05 29.13 29.25 29.37 28.42 26.88 25.01 24.03 22.87 21.38
traj-222:
25.32 24.35 23.22 22.63 21.02 19.52 18.38 16.87 16.35 15.02 14.84 13.01
 0.83  1.37  2.50  3.16  3.84  4.03  4.25  4.83  5.39  6.81  7.05  7.17
traj-223:
25.57 24.82 24.67 25.01 25.08 25.11 25.13 25.12 25.17 24.58 24.07 23.91 22.21 21.44 19.85 18.74 17.18 15.25 13.92 12.62 10.67  9.35
 1.62  2.92  4.54  6.47  7.35  8.79  9.39 10.82 11.99 13.84 15.68 16.15 17.06 17.43 18.11 17.80 17.73 17.88 18.01 18.04 18.23 18.33
traj-224:
23.42 23.45 23.51 23.65 23.89 23.97 24.18 24.24 24.32 24.17 24.21 24.41 24.54 24.68 24.91 24.84 24.70 24.62 24.57 24.47 25.85 27.00 27.88 29.35 31.34 32.38 33.20 33.86
 0.65  2.18  3.56  5.22  7.15  7.75  9.71 11.35 13.01 14.17 15.81 17.68 18.90 20.07 21.25 22.78 24.69 25.67 26.36 27.92 29.23 29.28 29.35 29.48 29.28 28.29 26.89 25.07
traj-225:
25.03 23.81 22.57 21.21 19.91 18.05 16.11 15.57
 1.75  2.39  3.76  3.91  3.88  3.75  3.57  3.42
traj-226:
23.06 23.65 24.23 24.87 25.02 25.10 24.67 24.57 24.61 24.16 23.58 22.15 21.06 19.62 17.70 17.21 15.54 14.19 12.87 11.08  9.47  7.87
 1.39  2.38  3.56  5.21  6.33  8.31 10.20 11.89 13.64 15.23 16.74 18.07 17.88 17.79 17.77 17.88 17.91 18.22 18.59 19.21 19.70 20.05
traj-227:
25.20 25.19 25.10 25.03 24.98 24.96 25.05 25.10 25.15 25.21 25.16 25.17 25.19 25.09 25.06 25.04 25.02 24.93 24.95 24.99 25.44 26.10 27.56 29.31 31.05 32.05 32.24 32.35 32.60 33.00 32.79 33.13 33.20
 0.88  2.41  3.19  4.95  6.80  8.21  9.99 11.47 12.48 13.49 15.45 17.18 18.04 19.77 20.36 22.29 23.74 25.36 26.38 27.99 28.64 29.01 29.12 29.29 29.51 28.63 27.24 26.36 24.38 23.14 21.26 19.94 18.52
traj-228:
24.66 23.75 22.93 21.09 19.92 18.20 16.57 15.92 14.12 12.27 10.33  9.44  8.56  7.98
 1.82  2.94  3.68  4.28  4.35  4.74  5.82  6.83  7.25  6.69  6.52  5.35  4.15  3.24
traj-229:
25.36 24.69 24.22 23.58 23.94 24.52 25.00 24.93 24.65 24.88 24.86 24.36 22.98 21.29 20.46 18.49 17.90 15.98 14.03 12.21 10.78 10.25
 1.61  3.00  4.32  5.59  7.49  8.83 10.21 11.20 12.39 13.85 15.18 16.96 18.13 18.06 17.87 17.88 18.01 18.20 18.12 18.62 19.67 20.36
traj-230:
25.26 24.34 24.54 24.68 24.83 24.55 24.69 24.88 25.09 25.24 25.21 25.10 25.02 24.93 24.72 24.48 24.29 24.27 24.74 24.81 26.67 27.85 28.75 30.21 31.39 32.68 33.43
 1.01  2.57  4.09  5.37  6.62  8.12  9.89 11.74 13.13 14.58 16.35 17.52 18.71 19.81 21.71 23.22 23.68 25.32 27.20 28.37 29.05 29.06 29.08 29.06 29.07 30.58 30.70
traj-231:
25.23 25.22 25.23 25.21 24.56 23.64 21.77 19.86 18.45 16.80 14.98
 0.57  0.87  2.86  4.65  6.48  4.77  4.18  4.27  4.51  4.75  4.84
traj-232:
23.01 23.24 23.34 23.67 23.92 24.29 24.87 25.00 24.90 24.70 24.55 25.00 25.10 25.18 24.26 23.02 21.73 20.11 19.29 17.63 16.53 14.88 13.39 11.65 10.08  9.07
 1.01  1.56  3.41  4.78  6.45  7.20  8.53 10.00 10.83 12.41 13.40 15.20 17.18 17.98 19.23 18.59 18.23 18.06 18.02 17.96 17.81 18.02 18.18 19.09 19.96 20.36
traj-233:
25.51 25.04 24.60 24.55 24.49 24.25 24.41 24.61 24.78 24.76 24.73 24.82 24.73 24.85 24.99 24.69 24.29 24.57 24.86 26.46 28.23 29.98 31.74 32.04 32.07 32.11 32.14 32.22 32.32 32.40 32.56 33.05 33.38 33.79 33.97
 2.00  3.88  5.73  6.77  7.85  8.91 10.36 11.66 13.48 14.80 16.24 17.39 19.29 20.80 21.64 23.54 25.47 26.54 28.31 29.08 29.12 29.23 29.28 29.23 27.59 26.54 25.45 24.15 22.64 21.56 20.32 18.97 17.69 16.30 14.99
traj-234:
24.28 23.10 21.58 19.68 18.55 16.78 15.04 14.54 12.80 11.08  9.88
 1.42  2.85  4.13  4.15  4.22  4.39  4.61  4.60  4.61  4.44  4.00
traj-235:
24.37 24.54 24.69 24.89 24.86 25.00 25.02 25.08 25.21 25.36 24.71 24.10 23.05 21.43 19.76 19.19 17.27 15.32 14.76 13.25 11.59 10.51  9.49  8.05
 1.05  2.72  3.88  4.75  6.16  8.05  9.18 11.15 12.59 13.72 15.51 17.30 18.09 18.18 18.07 18.09 18.17 18.27 18.27 18.74 19.16 19.31 19.40 19.61
traj-236:
25.01 24.75 24.66 24.75 24.84 25.07 24.99 24.78 24.76 24.88 25.17 25.20 25.13 25.09 24.97 25.02 24.99 25.16 25.71 26.46 28.22 29.69 30.57 32.22 32.55 33.09 33.04 32.79 32.59 32.62 32.58 32.61 32.71 32.76 32.83
 1.57  3.36  5.09  6.39  8.09 10.07 11.42 13.34 13.93 14.67 16.17 17.33 18.80 19.99 21.93 23.31 25.31 27.03 28.76 29.22 29.44 29.50 29.53 28.81 27.54 25.79 24.86 23.18 21.52 19.93 18.59 17.41 15.61 15.05 13.37
traj-237:
23.22 23.60 24.85 24.62 23.36 22.31 21.44 19.75 19.16 17.70 16.85 14.92
 1.32  2.12  3.63  5.46  5.88  4.50  4.08  4.03  4.02  4.01  4.00  3.89
traj-238:
24.60 24.92 24.67 23.92 23.98 24.13 24.18 24.07 24.44 24.30 23.25 22.38 20.45 18.50 17.18 15.62 13.78 12.05 11.18
 1.00  2.11  3.97  5.69  7.48  9.35 11.22 13.05 14.10 15.99 17.61 17.81 17.88 17.81 17.67 17.55 17.80 18.56 19.14
traj-239:
24.48 24.65 24.90 25.11 25.18 25.25 25.32 25.47 25.52 25.36 25.32 25.16 25.12 25.07 25.02 25.00 24.95 24.89 24.81 25.17 26.18 27.35 28.53 30.28 32.02 33.07 33.03 33.52 33.95 33.96
 0.77  1.53  3.32  5.08  6.22  8.14  9.35 10.91 12.21 14.18 14.78 16.71 18.50 19.69 20.77 21.92 23.21 25.21 26.69 28.51 29.14 29.10 29.08 29.12 28.99 27.44 26.85 25.08 23.23 22.93
traj-240:
24.53 24.61 24.36 23.04 21.41 19.44 17.80 16.33 15.63 15.01 13.11 11.65  9.97  9.69  8.08
 1.84  2.73  4.32  4.62  4.26  4.34  4.77  5.54  6.45  6.17  5.90  5.59  5.08  4.97  4.03
traj-241:
25.67 25.27 25.14 25.17 25.07 25.02 24.96 24.89 24.79 24.64 24.94 25.04 25.05 24.21 23.01 22.25 20.35 18.98 18.14 16.40 15.57 13.62 12.45 10.87  9.61
 0.55  1.41  3.22  4.12  5.89  7.63  9.29 11.10 12.61 14.52 16.03 17.75 18.65 20.34 18.84 18.40 18.11 18.30 18.44 18.57 18.63 18.80 19.68 20.75 21.30
traj-242:
23.34 23.34 23.31 23.53 23.64 23.81 24.02 24.21 24.36 24.43 24.43 24.61 24.93 25.00 25.05 25.05 24.72 24.33 23.94 24.17 24.88 26.28 27.76 28.94 30.38 32.12 32.52 32.95 33.54
 0.64  2.55  3.50  4.76  5.58  6.25  8.02  9.03 10.73 12.63 14.49 16.17 16.98 18.70 20.06 21.22 22.72 23.61 25.51 26.06 27.91 29.07 29.09 29.12 29.20 28.81 26.90 25.11 23.54
traj-243:
25.09 24.05 23.13 21.54 20.43 18.57 17.99 16.53 15.63 14.08 12.53 10.89
 0.74  1.80  3.08  4.08  4.27  4.67  4.81  5.74  6.95  7.94  8.88  8.21
traj-244:
23.46 23.49 23.83 24.12 24.45 24.88 25.12 24.86 24.85 24.59 24.54 24.50 24.68 23.16 22.52 20.90 19.81 18.60 17.83 16.06 14.71 13.16 11.61
 0.66  0.96  2.93  4.78  6.73  8.57 10.45 12.16 12.46 14.38 14.87 15.66 17.58 18.83 18.45 17.49 17.32 17.61 17.70 18.02 17.98 17.84 17.63
traj-245:
23.57 23.71 23.86 23.98 24.19 24.53 24.93 25.04 25.09 25.13 25.12 25.09 25.02 25.02 24.95 24.96 24.98 24.94 24.87 26.37 26.97 28.74 30.24 32.12 32.86 32.68 32.49 32.32 32.28 32.29
 1.47  2.04  4.02  4.90  6.52  8.39 10.15 12.12 13.26 14.70 15.87 17.36 19.10 20.13 21.95 23.38 24.46 26.21 27.84 29.06 29.06 29.03 29.02 28.61 27.06 25.92 24.38 22.67 20.88 20.58
traj-246:
24.91 24.81 24.51 23.48 23.04 21.69 20.52 18.62 17.47 15.81 15.25 13.33 12.25 10.90  9.38  9.18
 0.59  1.14  1.12  2.81  2.91  4.10  4.29  4.65  4.73  5.57  5.63  5.71  5.10  4.35  3.33  3.11
traj-247:
23.66 23.66 23.66 24.08 24.42 24.63 24.61 24.38 24.38 24.32 23.16 22.63 20.97 19.03 17.03 16.16 14.48 12.86 12.58 12.43 12.11
 0.64  1.47  3.33  5.27  6.84  8.28 10.13 12.08 12.38 14.16 15.79 17.67 17.91 18.10 18.13 18.12 18.02 18.80 20.12 20.92 22.64
traj-248:
25.42 25.13 24.91 24.95 24.87 24.88 24.84 24.71 24.80 24.96 24.98 24.99 25.14 25.27 25.35 25.40 25.15 24.66 24.28 23.89 25.40 25.66 25.68 26.81 27.98 29.71 31.18 32.37 32.70 33.00 33.20 33.36 33.62 34.05 34.26 34.69
 0.67  2.50  4.28  5.30  6.84  7.33  8.10  9.91 10.94 12.72 13.56 15.52 16.28 17.15 19.15 20.61 22.48 24.27 25.95 27.83 28.65 28.80 28.52 29.11 29.22 29.39 29.35 28.25 26.33 24.36 22.76 21.71 19.73 18.12 17.03 15.36
traj-249:
24.85 24.12 22.71 21.36 20.19 19.11 17.58 16.62 16.20
 1.62  1.98  3.01  3.33  3.60  3.74  4.37  5.63  6.78
traj-250:
24.41 24.38 24.30 24.45 24.43 24.32 23.99 23.87 23.78 23.66 23.44 23.24 22.03 21.75 20.15 18.77 17.09 15.94 14.20 12.63 12.11 10.74  9.12  7.23  5.51
 1.26  2.59  3.68  5.28  6.58  7.53  9.33 11.22 12.35 13.26 14.98 16.00 17.24 17.34 18.04 18.49 18.83 18.87 18.91 19.92 20.65 22.00 22.27 22.43 22.62
traj-251:
23.04 23.39 23.35 23.54 23.69 23.93 24.12 24.28 24.40 25.13 25.03 24.90 25.05 25.12 25.29 25.49 24.74 24.50 24.90 25.39 26.82 28.00 29.18 30.35 32.14 32.23 32.41 32.58 32.58 32.59 32.59 33.21 33.31 33.64 33.95 34.04 34.23 34.22
 1.72  3.14  4.41  6.33  6.89  8.43  9.06 10.47 11.57 13.33 14.67 16.03 17.83 18.83 20.67 22.14 23.95 25.61 27.10 28.29 29.03 29.03 29.08 29.09 28.37 27.72 25.99 24.30 23.70 21.79 21.49 19.71 18.22 16.51 14.95 14.06 12.34 11.75
traj-252:
24.58 23.60 22.05 21.27 19.35 17.96 16.51 15.24 13.77 11.83 10.78  9.25  7.66  6.07  5.51
 1.37  2.35  3.48  3.76  4.29  4.74  5.78  6.78  7.81  7.65  7.27  7.08  6.78  6.46  6.32
traj-253:
23.63 23.38 23.83 23.99 24.65 24.61 24.38 23.76 23.49 23.84 23.93 24.43 23.79 22.86 20.89 18.91 16.94 14.96 14.18 12.70 11.98
 1.15  2.44  4.33  5.28  6.43  8.41 10.00 11.75 12.98 14.33 15.08 16.55 18.16 17.94 18.12 18.17 18.17 18.40 18.53 19.31 20.20
traj-254:
24.84 25.00 25.02 25.12 25.17 25.20 25.22 25.15 25.14 25.15 25.10 25.05 25.02 25.01 24.68 24.36 23.90 23.91 24.20 25.65 27.08 28.51 29.38 30.57 32.27 33.24 34.01 34.62
 1.17  3.14  5.00  6.98  8.65 10.43 11.56 13.31 14.98 16.98 18.47 20.32 22.13 22.43 24.39 25.56 27.18 28.93 29.00 29.16 29.28 29.47 29.60 29.74 30.16 30.44 29.39 28.38
traj-255:
23.40 23.52 22.21 22.27 21.44 20.05 18.07 16.54 14.85 13.38 12.37 10.54 10.32
 1.38  2.23  3.70  4.00  4.28  4.63  4.81  4.74  5.40  4.74  4.51  3.73  3.52
traj-256:
25.67 25.51 25.14 24.74 24.37 24.25 24.23 24.12 24.35 24.90 24.31 23.80 22.54 21.13 19.25 17.81 15.92 15.33 13.63 11.71
 1.40  1.66  3.39  5.33  6.60  7.70  9.29 11.28 12.42 14.25 15.45 16.54 17.05 17.73 18.10 17.86 17.79 17.80 17.91 18.23
traj-257:
24.12 24.07 23.94 24.01 24.20 24.05 23.98 24.07 24.31 24.27 24.45 24.40 24.75 24.98 25.14 25.06 24.56 24.49 24.40 25.16 25.65 25.91 27.66 29.15 30.05 31.24 32.16 32.46 32.51 32.80 33.05 33.16 33.31 33.43 33.54 33.76 33.96 34.01
 0.55  1.38  2.82  4.54  6.32  8.27  8.96 10.46 12.27 13.52 15.49 16.24 17.82 19.65 21.50 21.97 23.59 25.50 26.45 28.28 28.96 29.10 29.06 29.06 29.06 29.07 28.17 26.34 25.88 23.97 22.12 20.72 19.02 17.69 16.97 15.33 13.43 11.59
traj-258:
25.62 25.29 25.10 24.42 22.73 21.13 19.20 18.91 17.04 16.16
 1.85  3.20  4.01  5.02  4.09  4.11  4.18  4.26  4.75  4.95
traj-259:
24.01 23.75 23.87 23.99 24.08 24.24 23.92 24.71 25.04 24.45 24.18 23.69 23.95 24.18 23.13 21.81 20.66 19.01 18.43 16.48 15.36 13.70 12.68 11.00  9.69
 0.70  2.15  3.79  5.43  7.25  7.50  9.29 10.09 12.00 13.73 14.62 16.29 16.82 18.75 19.27 17.97 18.12 18.27 18.24 18.14 18.06 18.03 18.01 18.33 19.74
traj-260:
25.29 25.19 25.21 25.24 25.07 24.71 24.43 24.19 23.86 24.21 24.57 24.98 25.17 25.35 24.33 23.66 23.48 23.36 23.31 23.94 24.31 25.12 26.86 28.33 29.78 30.94
 0.43  2.21  3.97  5.13  7.05  8.62  9.07  9.25 11.06 12.19 13.32 15.01 16.65 17.81 19.34 21.01 22.25 23.44 25.14 26.35 27.04 28.15 29.04 29.07 29.08 29.11
traj-261:
24.76 23.09 21.61 20.18 19.98 19.47 17.59 15.98 14.01 12.19 10.36  9.85
 1.69  2.41  3.10  3.39  3.62  3.87  4.21  4.45  4.59  4.69  4.42  3.14
traj-262:
24.60 25.23 25.22 25.21 25.17 25.12 24.98 24.88 24.80 24.67 24.83 24.90 23.19 21.23 19.53 17.88 16.39 15.50 13.69 12.53 12.02
 1.03  2.79  3.94  5.40  7.18  8.07  9.86 11.51 13.41 13.80 15.51 16.95 17.65 17.65 17.70 17.69 17.88 17.97 18.21 19.57 21.24
traj-263:
25.32 24.98 24.97 24.54 24.55 24.60 24.77 24.70 24.78 24.84 24.89 24.97 25.07 25.17 25.23 25.28 25.14 24.94 24.91 25.19 26.23 27.09 28.85 30.30 31.76 32.07 32.27 32.48 32.75 32.76 32.75 32.75 32.68 32.54 32.63 32.60 32.64
 1.63  2.85  4.81  5.82  7.65  8.43 10.31 11.17 12.25 13.22 14.66 15.97 17.11 18.52 20.28 21.45 23.16 24.72 26.66 28.62 29.27 29.28 29.27 29.44 29.64 27.75 25.90 24.01 22.24 20.92 19.78 18.50 17.05 16.07 14.18 12.53 11.94
traj-264:
25.15 23.81 22.53 22.05 20.11 18.69 17.63 16.28 15.69 13.96 11.99 11.06  9.34  7.85
 1.70  2.52  3.50  3.73  4.13  4.53  4.83  5.52  5.89  6.57  6.53  5.91  5.38  5.10
traj-265:
24.53 24.09 24.42 24.54 25.03 24.98 24.79 24.60 24.70 24.51 23.47 22.11 21.31 20.00 19.00 17.24 15.58 13.81 12.46
 0.61  2.54  4.32  5.24  7.07  8.79 10.30 12.09 14.02 15.20 16.81 17.18 17.29 17.49 17.61 17.82 18.02 18.18 18.35
traj-266:
25.79 25.53 25.15 24.86 24.99 25.17 25.17 25.03 24.86 24.83 24.77 24.68 24.63 24.69 24.68 24.70 24.67 24.71 24.88 25.32 26.82 28.15 29.85 30.14 30.72 32.35 32.36 32.44 32.64 32.69 32.65 32.80 33.01
 0.90  2.14  3.95  5.74  7.48  9.40  9.53 11.49 13.25 13.53 14.28 16.25 17.60 19.60 20.98 21.70 23.32 24.72 26.67 28.27 29.23 29.32 29.66 29.73 29.91 29.20 28.00 26.49 25.06 23.98 22.37 20.78 19.19
traj-267:
24.05 23.71 22.38 20.93 19.81 18.22 16.53 14.73 14.61
 1.53  2.84  4.11  4.11  4.05  4.22  4.32  3.88  3.61
traj-268:
24.30 23.81 23.93 24.25 24.56 24.98 24.84 24.09 23.46 24.20 25.01 24.17 22.32 21.25 20.21 19.15 19.08 17.60 16.55 14.70 13.07 11.24  9.47  7.80  6.55
 0.40  2.13  2.95  4.38  5.93  7.34  8.77 10.39 12.24 13.36 15.10 16.72 17.06 17.17 17.24 17.39 17.68 17.73 17.89 18.18 18.65 19.20 19.83 20.92 21.95
traj-269:
23.29 23.61 23.27 24.34 24.84 24.92 24.95 24.87 24.73 25.03 24.93 25.03 25.05 25.03 25.05 25.03 24.70 24.38 23.29 24.10 24.82 26.66 28.12 29.00 30.74 31.93 32.24 32.58 32.79 33.01 32.89 32.82 32.81
 1.71  1.99  3.84  5.27  7.05  8.44  9.20 11.02 12.86 14.81 15.62 16.30 17.75 18.59 20.33 22.28 24.22 25.13 26.57 27.68 28.44 29.03 29.16 29.22 29.34 29.36 28.03 26.56 25.32 24.50 22.71 21.10 19.64
traj-270:
24.87 25.52 25.50 25.43 25.39 24.32 23.81 22.97 21.23 20.40 18.52 16.56 14.81 13.12 11.91
 0.47  2.29  2.89  4.65  5.55  7.18  6.31  4.80  3.97  3.95  3.67  3.77  3.86  3.86  3.99
traj-271:
25.02 25.14 24.86 24.57 24.28 24.23 24.39 24.93 24.54 24.11 23.93 22.46 21.59 20.10 18.66 16.78 14.91 14.62 12.68 11.47 10.48  8.92  8.39  6.66  5.13  4.02
 1.83  3.49  5.32  7.08  8.81  9.95 11.85 13.30 14.97 16.34 16.90 18.16 18.11 17.99 17.89 18.05 18.50 18.59 18.94 19.47 19.78 20.43 20.70 21.37 22.08 22.63
traj-272:
24.92 24.56 24.32 24.44 24.47 24.68 24.96 25.09 25.13 25.20 25.23 25.20 25.19 25.20 25.17 25.11 25.04 25.04 24.94 24.89 24.75 25.86 27.02 28.19 29.07 30.52 32.31 32.91 32.86 32.87 32.81 32.88 32.98 33.38 33.59 33.91
 0.87  2.69  4.07  5.20  6.24  7.08  8.73 10.68 11.87 13.57 14.46 15.90 16.49 17.91 19.10 20.83 22.52 23.41 25.38 27.30 28.87 29.18 29.19 29.16 29.16 29.10 28.60 27.20 26.31 24.63 22.97 21.04 19.44 17.57 16.33 14.93
traj-273:
23.55 23.51 23.33 22.68 21.34 19.61 17.61 15.83 14.68 13.23 11.33 10.96
 0.54  2.15  2.82  3.97  3.96  3.95  3.90  3.98  4.30  4.82  4.32  4.17
traj-274:
23.64 23.39 23.74 24.05 24.10 24.04 23.98 23.90 23.83 24.36 24.76 23.78 22.90 21.60 19.69 18.62 17.57 15.72 15.43 13.51 12.21 10.49  9.81  8.78  8.73
 0.65  2.49  4.21  5.94  6.97  8.49 10.46 12.26 13.30 14.95 16.35 17.86 18.00 18.18 18.07 17.88 17.75 17.76 17.78 18.02 18.42 19.14 19.98 21.41 22.82
traj-275:
25.23 25.04 24.77 24.71 24.60 24.64 24.55 24.58 24.61 24.63 24.79 25.00 25.17 25.15 25.09 25.02 25.10 25.04 25.10 24.72 25.22 26.48 28.22 28.78 30.24 32.01 32.31 33.12 32.95 33.20 33.35 33.58 33.62 33.52 33.39 33.41 33.47 33.66
 0.45  1.08  2.59  4.56  6.40  6.82  8.68 10.02 11.51 12.19 14.09 15.27 17.18 17.58 18.76 20.23 21.96 23.69 24.56 26.43 28.34 29.00 29.12 29.14 29.24 29.22 29.22 27.50 25.73 24.15 23.32 21.44 20.62 18.65 17.14 15.65 15.11 13.37
traj-276:
23.95 24.29 24.53 22.74 20.76 19.33 17.90 17.32 16.30 14.85 12.93 12.30 10.71 10.32
 1.39  2.98  4.78  4.65  4.44  4.39  4.67  4.80  5.36  6.30  6.76  6.90  7.32  7.39
traj-277:
24.12 24.33 25.18 25.16 25.25 24.77 24.66 24.60 24.85 25.06 25.08 25.24 25.25 24.05 22.61 21.04 19.91 17.99 16.97 15.77 14.40 13.10 12.07 10.51  9.82  8.38
 1.76  2.28  3.76  5.15  6.32  8.23 10.14 11.50 12.68 14.29 15.16 16.90 17.49 18.88 18.43 18.03 17.96 18.04 18.07 18.09 18.13 18.30 18.61 18.99 19.25 20.39
traj-278:
24.29 23.94 23.46 23.58 23.85 24.01 24.18 24.39 24.41 24.68 24.97 25.12 25.11 25.13 25.19 25.21 25.10 24.94 24.83 24.82 25.17 26.59 27.19 28.93 30.71 32.08 32.60 33.49 34.05
 1.10  2.08  3.19  4.82  6.55  7.65  9.40 11.24 11.57 13.28 15.02 16.28 17.32 18.18 19.65 20.21 21.67 23.13 24.92 26.50 28.36 29.09 29.06 29.14 29.20 28.91 28.05 26.37 25.36
traj-279:
23.49 23.96 23.04 21.46 20.04 18.40 16.85 15.93 14.61 12.81 12.03
 0.87  2.52  3.27  4.04  4.06  4.09  4.59  6.15  7.19  6.59  6.62
traj-280:
25.25 25.06 24.45 24.42 24.21 24.53 24.61 23.93 23.69 23.58 23.75 22.92 21.54 19.58 18.20 16.86 15.24 13.68 12.35 10.79
 1.22  1.45  3.09  3.89  5.83  7.72  8.87 10.46 11.98 13.49 15.35 17.05 17.34 17.45 17.55 17.63 17.83 18.28 18.67 19.10
traj-281:
23.26 23.41 23.57 23.67 23.74 23.76 23.72 23.80 23.71 23.81 23.73 23.51 23.51 23.64 23.98 24.21 24.27 24.29 24.31 25.11 26.54 28.29 30.06 31.73 32.22 33.43 34.18
 1.21  2.64  4.24  5.76  7.56  9.29 10.61 12.31 12.79 14.49 15.66 17.59 18.94 20.49 22.06 24.03 25.56 26.92 28.89 29.18 29.45 29.39 29.36 29.90 30.23 31.01 31.85
traj-282:
25.15 24.15 23.57 22.25 21.39 19.99 18.27 16.72 15.66 14.30 12.81 12.48
 0.68  2.31  3.57  4.36  4.46  4.68  4.94  5.78  6.96  7.04  6.01  4.54
traj-283:
25.63 25.41 24.99 25.00 24.92 24.59 24.33 24.01 23.71 23.41 23.02 22.58 20.67 19.53 18.57 16.58 14.83 12.91 11.31 10.98 11.09 11.16
 1.99  2.20  4.10  5.16  7.11  9.07  9.89 11.82 13.30 14.52 16.21 17.31 17.77 17.79 17.66 17.59 17.86 17.98 18.95 20.13 22.11 22.40
traj-284:
25.18 25.02 24.81 24.67 24.40 24.13 24.00 23.74 23.73 23.84 23.83 24.00 24.20 24.46 24.70 24.84 25.02 25.67 26.49 27.64 29.10 30.86 31.44 33.02 33.01 32.96 32.86 32.90 33.03 33.20 33.35 33.56
 1.98  3.32  4.77  6.38  8.28  9.75 11.14 12.67 14.53 15.60 16.86 18.85 20.38 22.24 24.03 25.60 27.15 28.59 29.12 29.22 29.41 29.58 29.59 28.39 28.09 26.28 24.82 23.64 22.06 20.36 19.36 17.55
traj-285:
25.22 24.80 23.38 22.10 21.31 19.34 18.17 16.56 15.55 13.88 12.26 11.40
 1.77  2.20  3.47  4.13  4.49  4.85  4.86  5.69  7.36  8.30  8.82  9.06
traj-286:
24.30 24.83 25.19 25.33 25.26 25.13 24.93 24.84 24.85 24.43 24.27 23.31 21.68 20.54 19.38 17.57 16.33 14.44 13.71 12.59 11.89 10.79 10.04
 0.51  2.41  4.11  5.29  6.93  8.81 10.26 11.91 13.76 15.57 17.12 18.85 18.24 18.10 17.82 17.71 17.72 18.26 18.65 20.17 21.27 21.78 22.09
traj-287:
23.42 23.64 23.72 23.91 24.31 24.48 24.74 25.04 25.20 25.12 25.06 24.97 24.84 24.85 24.97 24.99 24.97 24.96 25.39 25.73 25.98 26.27 27.66 29.39 31.13 32.47 32.45 32.55 32.58 32.74 32.78 32.91 32.98 33.21 33.39 33.33
 1.73  2.89  4.32  5.48  7.37  8.51 10.48 12.23 13.69 15.58 16.97 18.31 20.04 21.74 23.11 24.34 25.97 26.87 28.46 28.90 29.06 29.13 29.42 29.64 29.89 28.81 27.43 25.78 23.87 22.47 21.84 20.10 19.06 17.29 15.42 14.48
traj-288:
25.56 24.93 23.52 21.76 20.90 19.56 18.16 16.54 16.19 14.63 14.34 13.19 12.52 11.91
 1.84  2.48  3.86  4.04  4.20  4.46  4.72  5.67  6.15  6.95  7.05  5.47  4.21  3.02
traj-289:
23.68 23.85 24.12 24.22 24.35 24.11 24.05 23.45 23.80 23.87 23.56 23.59 22.26 20.42 18.63 18.33 16.51 14.88 13.99 12.06 10.33  9.23  7.54  6.09  5.13
 1.55  2.86  4.05  5.81  7.12  8.84 10.09 11.78 13.48 13.77 15.61 16.17 17.42 17.70 17.85 17.85 17.93 17.82 17.74 18.14 18.75 19.13 20.15 21.40 22.00
traj-290:
23.20 23.55 23.71 24.01 24.37 24.70 25.09 25.13 25.17 25.20 24.10 23.41 23.22 23.49 23.38 23.43 23.44 23.92 24.54 25.08 25.07 26.55 28.02 29.50 30.96
 1.56  3.37  4.87  5.71  6.82  7.61  9.43 10.60 12.57 13.13 14.59 16.44 17.20 19.02 21.01 22.94 23.54 25.24 26.18 27.82 28.12 29.02 29.05 29.03 29.05
traj-291:
25.44 24.36 23.16 22.32 20.75 18.80 16.88 15.29 14.61 13.83 12.02 10.59  9.29  7.74  6.34
 1.86  2.35  2.90  3.32  4.22  4.55  4.92  5.87  7.01  8.28  8.85  8.97  8.61  8.37  8.20
traj-292:
25.63 25.01 24.87 24.79 24.92 25.08 25.20 25.19 25.13 25.15 25.15 25.31 25.27 25.20 24.10 22.99 21.83 20.02 18.53 17.05 15.51 14.31 12.56 11.25  9.40
 1.50  2.84  4.38  6.36  7.46  8.02  9.17 10.34 12.00 13.92 14.22 15.97 16.57 17.98 19.47 18.64 18.16 18.01 17.86 17.91 18.12 18.47 18.71 18.85 18.48
traj-293:
23.76 23.83 23.94 24.10 24.14 24.23 24.31 24.33 24.44 24.55 24.62 24.74 24.81 24.83 25.03 25.13 25.00 25.11 25.17 25.31 25.66 26.62 27.49 28.92 30.09 31.13 32.80 32.89 33.14 33.23 33.26 33.32 33.39 33.61 33.90 34.07 34.24 34.45
 0.94  2.00  3.09  4.81  5.97  7.01  8.64  9.31 11.16 12.94 14.71 16.26 16.78 18.15 19.98 20.74 22.42 23.76 25.19 26.95 28.66 29.21 29.33 29.52 29.68 29.53 28.69 27.56 25.60 24.42 22.67 20.70 19.74 17.78 16.60 14.76 13.76 12.53
traj-294:
23.09 23.37 23.30 21.57 19.74 17.83 16.11 15.06 13.57
 0.43  1.79  3.18  4.16  4.06  4.51  4.99  5.29  5.32
traj-295:
24.59 24.69 23.71 23.70 23.77 23.76 23.86 24.52 24.86 25.05 25.03 24.71 22.98 21.19 19.19 17.30 15.54 13.88 11.99 10.61  9.68
 1.33  1.61  3.26  5.08  7.02  7.46  9.45 10.97 12.31 14.08 15.99 17.60 18.27 18.09 17.98 17.90 17.71 17.51 17.32 17.27 17.15
traj-296:
23.62 23.73 24.40 24.86 25.07 24.83 24.65 24.67 24.63 24.84 24.96 24.78 24.68 24.69 25.03 25.08 25.11 24.97 24.89 24.51 24.38 26.12 27.87 29.04 30.80 31.10 32.19 32.31 32.37 32.35 32.34 32.43 32.32 32.38 32.42
 0.53  0.81  2.44  3.35  5.06  7.00  8.06  9.77 10.41 12.33 14.23 16.18 17.61 18.54 20.42 22.37 23.26 25.01 25.30 27.12 28.36 29.17 29.18 29.24 29.35 29.34 28.39 26.57 24.60 22.71 21.26 20.00 18.49 17.26 15.50
traj-297:
23.38 23.59 22.91 21.37 19.49 17.87 16.93 16.28 15.14 13.21 11.62 10.18  8.75  7.00  5.84
 0.49  2.18  3.04  4.11  4.00  4.15  5.70  6.71  8.08  8.54  8.82  9.09  9.38  9.57  9.73
traj-298:
25.05 24.61 24.83 25.06 25.15 25.17 25.14 25.18 25.05 25.03 24.98 24.72 23.63 21.68 20.11 18.27 16.71 14.77 12.80 10.90 10.60  8.88
 0.77  2.61  4.05  5.18  6.89  7.77  9.56 11.27 12.98 13.88 15.59 17.45 18.12 18.33 18.12 17.83 17.68 17.79 18.03 18.02 18.01 17.80
traj-299:
24.07 24.25 24.51 24.67 24.94 24.94 24.84 24.78 24.69 24.67 24.72 24.71 24.71 24.75 24.77 24.79 24.85 25.02 24.98 25.01 24.84 25.28 25.72 27.17 28.91 30.67 31.26 32.54 32.73 32.82 32.95 33.08 33.12 33.16 33.11 33.11 33.08 33.02
 1.09  2.11  3.64  5.48  7.11  7.49  9.16  9.70 11.44 13.21 13.98 15.27 16.20 17.61 19.48 20.09 20.67 22.54 24.02 25.19 27.14 28.85 29.24 29.48 29.73 29.93 29.98 28.81 27.23 25.59 23.77 22.34 20.80 19.00 17.13 16.32 14.45 12.99
