traj-0:
 3.06  4.51  6.13  8.10 10.01 11.90 13.42 15.35 15.82 17.76 19.15 20.28 21.96 22.06 23.60 23.83 24.00 24.13 24.07 23.86 23.78 22.80 21.71 19.75 18.34 16.74 15.35 14.07 12.25 10.92  9.41  8.33  7.10  6.37
32.44 32.15 31.77 31.62 31.67 31.48 31.06 30.60 30.45 30.37 30.52 30.76 30.49 30.20 29.31 27.57 25.83 24.82 23.36 22.29 21.35 19.61 18.38 17.98 17.91 17.56 17.14 16.67 16.08 15.12 13.83 12.96 11.74 11.03
traj-1:
 8.76  9.40 10.54 11.61 12.91 13.64 14.42 15.59 16.65 18.41 19.19 20.50 22.40 23.24 23.38 23.44 23.18 23.16 23.06 23.70 21.84 20.03 18.39 16.99 15.29 14.65 12.75 11.32  9.62  7.65  5.90  4.47  3.37
 8.31  9.61 10.97 12.32 13.75 14.64 15.60 16.58 17.01 17.78 18.23 19.07 19.44 21.03 22.17 23.40 25.19 27.14 29.02 30.91 31.35 31.22 31.13 30.89 30.68 30.60 30.60 30.83 30.91 31.11 31.05 32.16 32.36
traj-2:
 2.02  3.84  5.83  7.06  8.75 10.73 12.67 14.06 16.02 17.64 19.16 19.96 21.94 23.57 23.86 23.90 23.86 23.63 23.29 23.28 22.59 21.22 20.82 19.05 17.37 15.99 14.92 13.91 13.02 12.42 11.86
30.48 30.61 30.68 30.76 30.87 30.93 30.98 30.86 30.65 30.51 30.33 30.19 30.04 29.38 27.43 26.07 24.86 22.97 21.02 20.72 18.88 18.06 17.38 17.32 17.21 17.12 16.58 15.45 14.47 13.68 12.25
traj-3:
13.62 13.53 13.70 13.33 13.41 13.74 13.62 15.45 15.90 17.78 19.63 20.74 21.77 22.84 23.72 23.92 24.24 24.23 24.11 23.78 23.64 23.51 23.44 22.32 20.56 19.08 17.56 16.32 15.01 13.44 12.76 11.26  9.29  7.59  7.17  5.42  4.65  3.16
 7.67  9.03 10.91 12.80 13.45 15.02 16.84 17.30 17.33 17.18 17.20 16.95 17.71 18.47 19.14 21.06 23.02 23.97 25.09 26.73 27.39 28.80 30.72 31.28 31.28 31.23 30.97 30.78 30.80 30.85 30.80 30.85 30.77 30.73 30.70 30.82 30.79 31.10
traj-4:
 2.92  4.46  5.92  7.50  8.82  9.88 11.12 12.47 13.58 15.51 16.92 18.74 20.21 21.64 23.45 23.44 23.57 23.74 23.79 23.91 23.32 22.23 21.50 19.83 18.60 16.65 16.37 14.62 13.74 11.77 10.38  9.24  8.34  6.41  4.60
32.47 31.91 31.46 31.03 30.61 30.58 30.47 30.51 30.54 30.56 30.51 30.32 30.24 30.06 29.21 27.52 25.70 23.92 22.35 20.88 20.16 18.79 18.61 18.19 17.90 17.95 17.83 17.71 17.77 18.00 18.11 18.06 18.00 17.71 17.47
traj-5:
 9.72 10.58 11.85 12.45 13.74 15.44 16.83 18.70 19.41 19.90 21.53 22.23 23.12 23.10 23.44 23.49 23.38 23.37 23.30 22.18 20.32 18.42 17.24 15.81 14.91 12.95 11.40  9.74  7.95  6.18  5.00  3.25  2.36
15.73 16.52 17.52 17.98 18.53 19.11 19.03 18.91 18.84 18.82 18.95 19.23 20.85 21.44 23.06 25.02 26.45 28.22 29.24 30.74 30.69 30.63 30.47 30.32 30.27 30.33 30.39 30.41 30.42 30.53 30.55 31.04 31.28
traj-6:
 1.99  3.81  4.91  6.53  7.82  8.84  9.80 11.51 13.27 13.94 15.68 17.16 19.13 20.36 22.12 23.15 23.63 23.49 23.44 23.38 23.31 23.19 23.15 23.22 22.68 20.98 20.35 18.59 16.68 15.05 13.62 12.04 11.42  9.78  8.05
31.61 31.24 31.06 30.87 30.57 30.58 30.72 30.72 31.29 31.60 31.74 31.95 32.27 32.17 32.16 31.20 29.39 27.59 26.36 25.00 23.59 22.20 21.33 19.89 19.52 18.83 18.50 17.70 17.20 16.73 16.21 15.37 15.14 14.72 14.39
traj-7:
 6.13  7.87  8.15  9.57 11.08 11.73 13.09 13.86 15.58 17.42 18.86 19.44 20.63 21.58 23.51 23.82 23.97 24.07 23.68 23.61 23.33 23.23 22.94 21.14 19.41 17.59 16.04 14.30 13.11 12.27 10.93  9.53  8.59  6.75  5.81  4.08  3.83
12.74 13.71 13.82 14.99 16.09 16.71 17.82 18.47 18.67 18.71 18.77 18.75 18.74 18.82 18.94 19.81 21.28 22.98 24.86 26.68 27.98 28.57 30.34 30.95 30.74 30.48 30.30 30.24 30.45 30.53 30.68 31.04 31.21 31.75 32.00 32.36 32.52
traj-8:
 2.86  3.98  5.20  6.89  8.22 10.18 11.37 12.45 14.14 15.62 15.65 17.52 18.71 20.25 21.93 22.23 23.06 23.41 23.50 23.71 23.74 23.58 23.30 22.37 21.12 19.72 17.86 16.46 15.22 13.75 12.59 11.62 10.40  8.97  7.56  6.38  5.01  4.14
32.70 31.54 31.40 30.94 30.79 30.66 30.43 30.41 30.36 30.31 30.31 30.45 30.63 31.00 30.19 30.17 29.37 28.61 26.90 25.72 23.73 22.63 20.90 19.40 18.26 18.03 17.36 17.29 17.22 17.04 16.12 15.35 13.93 12.80 11.40 10.36  8.99  8.31
traj-9:
14.38 14.77 16.06 17.81 18.99 20.59 22.06 23.22 23.43 23.49 23.27 23.16 23.09 22.34 20.89 19.00 17.17 15.86 14.30 12.69 10.69  8.99  7.09  5.27  3.79  2.09
13.64 15.57 16.46 17.30 17.89 18.84 19.56 21.11 22.83 24.58 26.48 28.00 28.59 30.39 30.71 30.26 30.22 30.27 30.40 30.60 30.65 30.85 30.88 30.94 30.92 30.91
traj-10:
 3.40  4.80  6.50  7.86  9.69 11.26 13.00 14.92 16.69 18.09 18.90 20.61 22.33 24.31 24.56 24.51 24.40 23.75 23.74 23.63 23.32 23.22 21.78 20.77 19.55 18.21 16.49 15.19 13.98 12.87 12.15 11.79 10.97
32.67 32.18 31.71 31.38 31.05 30.43 30.43 30.81 30.93 30.70 30.71 30.66 30.30 30.23 29.82 27.99 27.72 26.00 24.02 22.35 20.42 20.14 18.99 18.68 18.20 17.66 17.07 16.16 14.69 13.07 11.71 10.90  9.42
traj-11:
12.10 13.62 14.69 16.22 17.65 19.32 20.69 22.17 23.28 23.65 23.75 23.99 24.00 24.24 24.28 24.36 23.25 21.69 19.88 18.50 16.60 14.75 13.29 12.39 10.62  8.80  6.84  5.74  4.67  2.70
18.58 18.30 18.28 18.24 18.18 18.10 18.15 19.26 20.46 22.30 23.90 25.26 26.42 28.15 28.60 30.52 30.94 31.54 31.23 31.29 31.02 30.92 31.02 31.01 31.03 30.66 30.74 30.96 31.04 31.35
traj-12:
 2.49  4.03  5.74  6.52  7.78  9.63 11.38 13.02 14.74 16.28 17.48 19.37 20.98 22.89 23.33 23.40 23.55 23.71 23.87 23.87 23.21 22.82 21.15 19.34 18.09 16.20 14.52 14.05 13.66 13.63 12.95 12.56 11.80
30.99 31.03 31.85 31.77 31.51 31.06 30.20 30.21 30.23 30.22 30.17 30.17 30.05 30.00 29.12 27.48 25.73 24.24 22.75 21.89 20.09 19.63 18.94 18.90 18.87 18.77 18.09 17.93 15.98 14.12 12.47 11.67 10.35
traj-13:
 8.76  9.02  9.36  9.83 10.72 11.71 11.86 12.63 13.44 14.40 16.36 18.18 19.82 21.36 22.78 23.49 23.63 23.63 23.43 23.63 23.67 23.34 21.51 20.18 19.39 17.56 17.05 15.53 13.91 12.72 10.89  8.99  8.69  6.90  6.60  4.62  3.13  2.35
 6.51  7.55  8.67 10.01 11.57 12.84 14.08 15.73 16.75 18.21 18.20 18.56 18.64 19.00 19.76 21.13 22.96 23.26 25.03 26.85 27.57 29.51 30.18 30.43 30.54 30.83 30.99 30.87 30.68 30.46 30.67 30.81 30.78 30.71 30.68 30.52 30.48 30.38
traj-14:
 2.27  2.70  4.46  5.88  7.20  8.34  9.55 10.67 12.56 13.83 14.40 15.76 17.48 18.63 20.19 21.80 23.59 23.62 23.61 23.70 23.67 23.61 23.57 23.47 22.36 20.47 18.50 16.79 16.19 15.04 14.06 12.25 11.58 10.21  8.64  7.93  7.31
32.74 32.62 31.95 31.39 31.08 30.60 30.53 30.53 30.53 30.76 30.92 31.31 31.88 31.86 31.09 30.00 29.16 28.28 26.98 25.55 23.84 22.18 21.07 19.21 18.46 18.66 18.88 18.98 18.79 17.88 17.43 16.66 15.94 14.51 13.69 12.73 11.85
traj-15:
 9.42 10.52 11.01 12.27 13.50 14.81 16.00 17.26 18.27 19.97 21.63 23.41 23.66 24.01 23.95 23.84 23.71 23.47 23.23 23.03 22.22 21.38 19.56 17.68 16.75 15.01 13.97 12.32 10.48  8.61  7.47  5.53  3.57
11.62 12.68 13.16 14.56 15.84 17.23 17.93 18.71 19.14 19.02 19.07 18.98 19.16 21.12 22.59 24.22 26.16 26.67 28.14 28.65 30.30 31.11 31.22 30.66 30.50 30.24 30.14 30.45 30.51 30.55 30.58 30.75 31.09
traj-16:
 2.88  4.13  5.91  7.64  8.86 10.79 12.16 13.94 14.62 16.59 18.58 20.39 22.25 23.38 23.80 24.12 24.33 24.52 24.69 24.59 22.68 22.44 20.63 19.76 18.30 17.00 15.75 13.83 11.98
31.41 31.83 32.51 32.11 31.86 31.65 31.05 30.30 30.30 30.31 30.32 30.27 30.48 29.14 27.41 26.00 24.89 23.16 21.67 19.98 19.78 19.59 19.36 19.22 18.98 18.88 18.68 18.26 17.68
traj-17:
 8.96  9.13  9.95 10.71 11.42 13.05 15.01 16.61 17.28 18.62 19.92 21.84 23.45 23.47 23.63 23.54 23.43 23.34 23.28 23.17 22.41 20.43 19.59 18.34 17.03 15.55 13.61 12.53 10.78  8.86  6.99  5.45  3.86  3.35
13.70 13.94 15.49 17.25 18.43 19.19 19.08 18.78 18.78 18.84 18.94 19.36 20.16 20.46 22.45 23.32 24.63 26.07 26.95 28.71 30.53 30.51 30.54 30.51 30.66 30.50 30.54 30.48 30.58 30.64 30.61 30.71 30.93 31.06
traj-18:
 3.84  5.30  6.44  8.08  8.80 10.66 12.11 13.42 15.13 16.85 18.65 19.82 21.19 22.60 23.17 23.56 23.77 23.91 24.07 24.38 24.26 24.40 24.22 22.51 20.67 19.75 17.78 16.10 14.67 13.19 11.92
32.22 31.31 30.73 30.74 30.39 30.45 30.36 30.46 31.01 31.49 31.90 31.33 30.70 30.00 29.49 28.39 26.99 25.84 24.54 23.30 21.85 20.03 18.30 17.95 18.42 18.21 18.27 18.26 18.25 18.20 17.42
traj-19:
13.34 13.04 13.16 13.52 13.70 13.86 14.42 14.87 16.48 18.32 19.88 20.66 22.07 22.61 23.39 23.60 23.87 23.86 23.95 23.99 23.80 23.64 22.34 21.42 20.28 18.55 17.60 15.82 14.41 12.69 11.40  9.43  7.86  5.98  4.77  3.17
 8.25  9.03 10.57 12.43 13.42 14.23 15.80 16.25 16.67 17.03 17.85 17.97 18.69 19.28 20.60 21.40 22.88 23.95 25.57 26.28 27.98 29.44 30.68 30.99 31.28 31.69 31.29 30.71 30.48 30.49 30.37 30.46 30.43 30.51 30.50 30.42
traj-20:
 2.56  3.87  5.59  7.22  8.37 10.03 11.77 13.38 14.98 15.91 17.43 18.26 20.02 20.98 22.71 23.10 23.32 23.44 23.71 23.61 23.59 23.51 23.15 21.58 19.74 18.01 16.42 14.79 14.31 12.93 12.50 11.12 10.65  9.55  8.45  7.92
32.87 32.45 32.04 31.54 31.17 30.91 30.69 30.71 30.66 30.59 30.53 30.52 30.40 30.24 29.90 28.62 27.61 26.59 25.25 24.33 22.88 21.05 19.62 19.19 18.61 17.63 16.69 15.60 15.24 13.83 13.22 11.91 11.42 10.04  8.83  8.23
traj-21:
 7.90  8.03  8.47  8.74  9.21  9.83 10.72 11.37 12.96 14.69 15.29 16.73 17.62 19.44 21.27 22.28 23.22 23.20 23.13 23.08 23.43 23.29 23.24 22.19 21.90 20.18 19.73 18.17 16.71 16.01 14.11 12.60 11.47  9.76  7.76  7.18  5.19  4.89  3.54  3.09
 8.62  9.14 11.01 12.11 13.43 14.71 16.46 18.02 19.11 19.07 19.02 18.90 18.83 18.82 19.19 19.67 21.14 22.02 23.79 24.98 26.69 28.46 29.05 30.14 30.22 30.39 30.42 30.73 30.83 30.86 30.63 30.62 30.48 30.37 30.37 30.29 30.30 30.27 31.21 32.26
traj-22:
 3.94  5.76  6.54  8.22  9.09 11.08 12.35 13.76 15.64 16.94 18.21 20.18 21.52 23.28 23.39 23.54 23.53 23.77 23.58 23.38 23.01 21.18 20.00 18.27 16.92 15.46 14.25 13.47 12.60 12.56 11.77 11.04 11.14
30.45 30.54 30.51 30.44 30.42 30.32 30.25 30.21 30.21 30.23 30.21 30.08 30.05 29.27 28.39 26.63 26.04 24.09 22.21 21.39 19.72 19.06 18.81 18.20 17.78 17.25 16.08 14.77 13.12 12.74 11.29  9.60  9.32
traj-23:
10.74 12.14 13.43 14.99 16.61 17.19 19.14 20.53 21.91 22.55 23.88 23.99 24.04 24.04 24.09 24.11 23.55 23.11 23.03 21.69 20.16 19.07 17.54 15.93 14.82 13.46 11.63 11.33  9.37  8.82  6.95  5.53  3.76  2.82
14.20 15.39 16.34 17.31 18.01 18.14 17.90 17.49 17.22 17.23 18.54 20.50 21.63 23.24 24.78 26.49 27.61 29.47 29.76 30.42 30.76 30.58 30.40 30.50 30.43 30.35 30.25 30.24 30.29 30.31 30.60 30.95 31.50 32.16
traj-24:
 3.93  5.07  6.86  8.68  9.58 11.34 13.19 14.33 15.42 17.08 18.93 19.23 21.07 22.45 23.09 23.28 23.30 23.29 23.24 23.27 23.13 22.22 20.36 18.49 17.73 16.69 14.86 14.02 13.24 11.76 10.19  8.68  7.26  6.32  5.71  4.58
32.74 32.22 32.02 31.73 31.72 31.58 31.41 31.45 31.48 31.54 31.57 31.58 31.67 31.13 29.48 27.52 26.37 24.63 23.29 22.57 20.86 19.40 19.16 18.76 18.37 17.65 17.09 16.05 15.72 14.82 13.69 12.52 11.13 10.36  9.76  8.64
traj-25:
11.37 11.64 11.79 12.28 13.14 14.05 15.24 16.68 17.61 18.96 20.10 22.04 23.23 23.18 23.20 23.26 23.39 23.35 22.97 22.21 20.90 19.24 17.47 15.53 13.91 12.32 10.44  8.59  8.29  6.59  6.15  4.70  3.43  1.93
 8.75 10.21 11.17 12.39 13.61 15.12 16.02 17.03 17.67 18.77 19.00 19.41 20.44 22.00 23.95 25.39 27.35 28.25 30.04 30.97 31.09 31.39 31.28 30.95 30.33 30.42 30.36 30.20 30.17 30.37 30.48 31.20 31.82 32.53
traj-26:
 3.95  5.56  6.67  7.59  9.34 10.99 12.31 14.26 14.55 16.52 18.46 18.66 18.96 20.74 22.03 23.24 24.11 24.21 24.33 24.35 24.32 23.70 22.86 21.35 20.08 18.35 16.47 15.19 13.95 13.90 13.11 13.02 12.75 12.38 12.28 12.03
31.75 31.44 31.33 31.12 30.99 30.96 30.88 30.86 30.83 30.56 30.30 30.29 30.23 30.45 30.46 29.20 27.64 26.18 24.37 23.55 22.15 20.30 19.75 18.91 18.68 18.40 18.06 16.86 15.48 15.05 13.62 12.35 11.02  9.41  8.02  6.54
traj-27:
13.37 13.67 13.94 14.24 15.55 17.44 19.27 20.93 22.63 23.26 23.54 23.72 23.74 23.92 24.01 23.98 24.09 24.48 24.04 22.17 21.60 19.87 17.90 17.33 15.65 13.69 11.86 11.37  9.76  9.19  7.68  6.95  5.10  4.08
10.56 11.79 13.37 15.08 16.44 16.86 17.01 17.71 18.29 19.24 20.83 22.48 23.49 25.21 26.08 26.63 28.37 29.00 30.68 31.30 31.27 30.95 31.02 31.19 31.41 31.40 31.57 31.75 31.99 32.03 32.02 31.85 31.93 32.00
traj-28:
 3.76  5.39  7.29  9.23 11.13 11.43 13.38 14.74 16.64 18.51 20.22 21.22 22.61 23.01 23.52 23.57 23.63 23.58 23.30 23.12 21.93 20.38 19.77 18.18 16.84 15.57 13.98 12.54 10.99 10.42
30.40 30.77 31.00 31.06 30.57 30.56 30.34 30.26 30.36 30.39 30.62 30.85 30.16 29.45 28.09 26.90 25.20 23.27 21.36 20.25 18.74 18.18 18.32 18.36 18.43 17.67 16.75 16.02 14.80 14.39
traj-29:
 8.34  8.84  9.22  9.43 10.23 11.03 12.44 13.17 15.03 16.76 18.11 19.22 20.32 21.57 23.22 23.51 23.30 23.78 23.61 23.39 23.46 23.46 21.60 20.23 18.91 17.13 16.56 14.76 13.04 11.74 10.89  9.29  8.24  6.50  4.85  2.92
 8.36  9.92 11.73 12.64 13.86 14.66 15.83 16.33 17.01 17.52 17.55 17.65 17.85 19.22 19.95 20.66 22.51 24.35 26.01 27.50 28.74 29.94 30.42 30.38 30.30 30.40 30.36 30.35 30.32 30.34 30.30 30.24 30.33 30.42 31.03 31.24
traj-30:
 1.91  3.28  4.36  5.44  7.18  8.98 10.86 12.17 12.98 14.71 15.73 17.47 17.77 19.65 20.48 22.38 23.32 23.35 23.62 23.68 23.45 23.46 23.40 23.34 22.43 21.97 20.16 18.27 16.71 15.47 14.00 12.91 12.08 11.13 11.28 11.39 11.54
32.81 31.90 30.66 30.97 30.90 30.80 30.87 30.98 31.12 31.00 31.03 31.08 31.09 31.32 31.30 31.33 29.67 29.37 27.56 26.85 24.90 23.11 21.91 20.46 19.05 18.83 19.15 18.98 18.94 18.67 17.60 16.62 15.65 14.56 12.68 11.07 10.08
traj-31:
13.34 14.93 15.80 17.45 19.38 20.13 21.34 22.64 24.18 24.37 24.41 24.15 23.75 23.66 23.70 23.78 23.26 22.35 21.16 19.49 17.84 16.66 15.39 13.73 12.58 11.23  9.90  8.02  6.26  4.97  3.73  2.41
17.98 19.12 18.95 18.36 17.95 17.75 17.44 17.23 18.09 19.50 21.23 22.92 24.70 25.19 27.18 28.92 30.39 31.53 32.31 31.27 30.57 30.61 30.48 30.39 30.34 30.35 30.32 30.27 30.47 30.59 30.65 30.70
traj-32:
 2.92  3.49  5.34  7.25  7.54  9.21 10.67 11.49 13.38 14.64 16.45 17.55 19.02 19.86 21.81 21.89 22.48 23.90 24.09 23.88 23.69 23.63 23.63 23.42 22.32 20.44 18.99 18.14 16.35 14.98 13.39 11.79 10.84  9.58  8.36  7.38  6.13  4.67  4.23
32.08 31.92 31.57 31.15 31.09 30.51 30.72 30.67 30.73 30.58 30.54 30.57 30.60 30.57 30.45 30.16 30.06 28.71 27.11 25.12 23.59 22.84 21.55 20.71 19.08 18.87 18.95 18.95 18.09 16.97 15.97 14.92 13.60 12.25 11.24 10.28  8.85  7.63  6.68
traj-33:
12.12 13.24 14.38 15.55 17.11 18.07 19.97 21.03 22.92 23.76 24.52 24.50 24.28 24.16 23.67 23.43 23.40 23.10 22.36 22.02 20.17 19.37 17.70 16.87 15.29 14.24 12.37 10.67  9.48  8.10  6.15  4.45  2.77  2.04
15.18 16.04 16.89 17.71 18.49 18.64 18.48 17.92 17.91 18.57 20.26 21.82 23.22 24.01 25.82 26.82 28.37 29.08 30.56 31.01 30.72 30.44 31.10 30.90 30.87 30.77 30.56 30.42 30.32 30.44 30.76 30.97 31.19 31.25
traj-34:
 3.46  4.25  5.97  7.15  8.43  9.90 11.74 12.04 13.94 14.96 16.01 17.77 18.75 20.04 20.83 22.59 23.87 23.96 23.58 23.80 24.00 23.96 23.76 22.83 21.03 19.91 18.49 17.25 15.29 13.98 14.14 14.55
30.61 30.52 30.23 30.25 30.11 30.19 30.15 30.16 30.23 30.24 30.28 30.25 30.19 30.19 30.18 30.22 29.06 27.16 25.50 23.95 22.25 21.35 20.18 18.61 18.04 17.67 17.48 17.40 17.12 16.43 14.92 13.11
traj-35:
14.13 15.94 17.59 18.25 19.72 21.56 22.14 23.17 23.32 23.50 23.51 23.34 23.23 23.18 22.46 21.01 20.15 18.94 17.46 15.83 14.76 12.95 11.87 10.14  8.75  7.44  6.11  5.25  3.94  3.32
16.62 17.34 17.81 17.98 18.35 18.90 18.96 20.51 21.39 22.83 24.57 26.54 27.75 28.67 30.20 31.08 31.25 30.97 30.96 30.95 30.99 30.57 30.44 30.58 30.64 30.74 30.80 31.05 31.46 31.90
traj-36:
 2.74  4.48  6.42  8.26  9.90 10.53 12.23 14.14 14.85 16.30 17.05 18.62 20.36 21.50 23.33 23.37 23.43 23.40 23.43 23.47 23.53 23.47 22.23 20.54 19.29 17.32 15.84 15.28 13.52 12.05 10.60  8.86  7.27  6.69  4.82
30.40 30.53 30.68 31.25 30.96 30.91 30.69 30.71 30.81 31.27 31.50 31.82 31.56 31.63 30.95 29.10 27.75 26.06 24.84 23.92 22.00 20.86 19.52 18.98 18.82 18.97 19.13 19.16 19.22 19.29 19.27 18.90 18.55 18.41 17.99
traj-37:
13.94 13.89 13.80 13.77 13.68 13.61 13.82 13.88 14.50 14.41 16.03 16.78 18.06 19.89 21.63 22.01 23.36 23.43 23.65 23.63 23.53 23.39 23.32 23.36 22.04 21.92 19.98 18.90 17.59 16.03 14.31 12.76 12.04 10.20  9.23  7.95  6.21  5.36  3.89
 6.37  6.96  8.62  9.21 10.97 12.58 14.52 14.81 16.61 16.89 17.35 17.52 17.86 18.24 18.90 18.99 20.32 20.91 22.59 24.45 25.15 27.12 28.70 30.15 31.01 30.98 30.56 30.54 30.46 30.34 30.21 30.43 30.68 30.98 31.21 31.61 31.97 32.12 32.00
traj-38:
 3.32  4.10  5.79  7.74  8.52 10.52 12.22 14.08 15.51 16.57 18.47 19.54 21.25 22.18 23.54 23.61 23.65 24.03 23.93 23.80 23.66 22.89 21.17 19.20 17.49 15.61 15.20 13.31 12.05 11.00  9.84  8.56  6.99  5.98
32.59 31.86 31.37 31.09 30.85 30.89 31.22 31.37 31.46 31.49 31.44 31.02 30.39 30.19 28.91 27.01 25.71 23.90 22.59 21.21 20.13 18.41 18.70 18.59 18.66 18.40 18.32 18.08 17.87 17.56 17.44 17.34 17.32 17.32
traj-39:
 8.32  9.52 11.44 13.13 15.00 16.72 17.26 18.71 20.30 22.06 23.18 23.72 23.86 23.90 23.88 23.77 23.70 23.35 23.02 22.12 20.42 18.58 16.77 14.89 14.14 12.47 10.83  9.50  8.17  7.21  6.07  4.90  3.75  1.95
17.62 17.11 17.36 17.61 17.67 18.12 17.89 18.15 18.57 19.08 20.02 21.56 22.65 23.71 24.85 26.69 27.13 28.49 29.85 30.66 31.60 31.49 31.32 31.01 30.53 30.73 30.86 30.96 31.13 31.15 31.22 31.25 31.26 31.64
traj-40:
 4.13  5.91  7.66  9.26 11.18 12.63 13.33 14.66 16.48 17.54 18.70 19.70 21.60 22.59 23.23 23.31 23.26 23.50 23.62 23.86 23.74 22.80 22.35 20.44 19.67 18.01 16.33 14.98 14.08 12.47 10.76  9.59  8.11  6.49  5.15
32.32 31.58 31.37 30.84 30.73 30.76 30.79 30.78 30.57 30.64 30.73 30.87 31.03 30.02 29.28 27.69 25.82 25.65 24.58 22.79 21.09 19.96 19.55 19.21 19.04 18.39 17.72 17.07 16.79 16.27 15.54 15.04 14.19 13.15 12.40
traj-41:
 5.75  5.97  7.28  8.30  8.84 10.14 10.77 11.78 12.01 13.62 15.31 17.02 18.44 19.99 21.09 22.14 22.48 23.29 23.33 23.41 23.64 23.49 23.30 23.14 23.10 22.34 20.44 19.40 17.67 16.36 14.75 13.15 11.34 10.10  8.28  7.34  5.82  4.64  2.84
10.13 10.33 11.68 12.70 13.15 14.62 15.01 16.07 15.92 16.13 16.72 17.33 17.85 17.22 18.82 19.27 19.76 20.93 21.49 22.97 24.30 25.58 27.14 29.12 29.64 31.28 31.34 30.82 30.58 30.72 31.00 30.99 30.89 30.83 31.49 31.74 31.89 32.01 32.16
traj-42:
 3.57  4.39  5.46  7.32  8.96 10.47 11.47 12.92 14.22 16.12 17.53 18.15 19.58 21.37 22.33 23.51 23.49 23.50 23.41 23.50 23.51 23.34 22.30 21.75 20.01 19.31 17.65 16.12 14.96 13.30 11.75 10.48 10.02  9.75  9.62  9.03  8.98  8.98
31.83 31.46 30.75 30.91 31.00 31.91 32.36 32.11 31.80 31.35 30.84 30.71 30.41 30.52 30.38 29.18 28.31 26.86 25.08 23.86 22.15 20.46 19.01 18.84 18.49 18.60 18.75 18.97 19.08 19.22 19.20 18.41 16.64 15.39 14.51 12.75 10.76 10.72
traj-43:
 4.33  5.44  6.72  7.02  8.16  9.16 10.40 11.28 12.42 13.68 15.03 15.66 17.54 17.82 19.59 21.47 22.29 23.06 23.41 23.66 23.86 24.00 24.15 24.27 24.30 24.43 22.94 21.47 19.74 18.05 17.18 15.35 13.36 12.91 11.01  9.49  7.94  7.13  5.38  3.87  2.81
 6.72  7.67  8.68  8.95 10.49 11.46 12.69 13.50 14.87 16.39 17.55 18.10 18.43 18.33 17.68 17.27 17.86 19.41 20.27 20.76 22.53 23.41 25.33 26.55 27.68 29.64 30.87 31.44 30.88 30.66 30.59 30.39 30.46 30.53 30.57 30.63 30.84 30.97 31.27 31.86 32.21
traj-44:
 2.14  3.65  5.55  6.95  7.97  9.00 10.72 12.42 14.26 15.45 17.31 18.79 20.47 22.06 22.58 24.16 24.04 23.95 23.64 23.70 24.01 23.46 22.47 22.30 21.97 20.00 19.11 17.17 15.47 13.57 12.64 11.39 10.77 10.62  9.32  8.26  7.16  6.77
32.87 31.59 31.57 31.41 31.23 31.16 30.38 30.50 30.33 30.37 30.80 30.47 30.22 30.09 30.05 29.01 27.29 26.53 24.80 23.91 21.97 20.55 19.03 18.78 18.35 18.45 18.41 18.30 18.47 18.14 17.99 17.39 15.79 13.85 12.72 11.35  9.92  9.47
traj-45:
 8.15  8.43  8.98  9.80 11.59 12.45 13.93 15.44 16.91 18.80 20.36 21.92 22.33 23.11 23.66 23.75 24.10 23.71 23.62 23.38 23.18 23.10 21.48 19.50 18.91 18.78 18.48 16.64 15.11 13.72 11.75 10.40  8.86  7.97  6.83  5.08  3.63  2.92
19.04 18.95 17.88 17.35 17.26 17.02 16.76 17.21 17.44 17.34 17.41 17.79 18.49 19.61 21.38 21.96 23.46 25.04 25.98 26.15 27.95 29.42 30.22 30.15 30.25 30.52 30.51 30.61 30.46 30.47 30.34 30.26 30.27 30.30 30.51 30.71 30.94 31.10
traj-46:
 2.84  4.72  6.35  7.92  9.55 10.15 11.84 13.48 14.20 15.62 17.27 17.87 19.82 21.32 23.02 23.07 23.22 23.21 23.20 23.15 23.11 23.03 22.61 20.71 19.16 18.13 17.25 15.86 15.56 13.86 12.46 11.06  9.89  8.99  7.87  6.87  5.93  5.30  4.87
30.92 30.74 30.57 30.80 30.73 30.73 30.61 30.50 30.48 30.48 30.54 30.44 30.19 30.25 29.58 28.98 27.24 25.25 24.07 22.71 21.11 20.10 19.51 19.13 18.76 18.51 17.75 16.46 16.47 15.66 14.97 13.77 13.03 12.32 11.47 10.46  9.00  8.00  7.24
traj-47:
12.47 12.90 13.41 13.62 14.01 14.87 16.19 18.08 19.83 20.86 22.81 23.28 23.55 23.93 23.95 23.80 23.57 23.16 22.14 20.56 18.87 17.37 15.39 13.74 11.89 10.36  8.53  7.94  5.98  4.50  3.55
 9.50 11.26 12.53 13.72 14.83 16.60 17.80 17.68 18.08 18.17 18.37 19.83 21.54 23.43 25.27 26.39 28.14 29.98 30.75 30.89 31.03 31.11 31.26 31.43 31.02 30.79 30.82 30.86 30.93 31.89 32.42
traj-48:
 2.45  3.48  4.74  5.83  7.78  8.70  9.99 11.61 13.28 15.16 15.96 16.79 18.11 20.00 21.84 23.63 23.81 23.60 23.58 23.96 23.91 23.39 23.27 22.60 21.93 20.48 18.68 16.94 15.47 14.09 12.92 11.14 10.07  8.58
32.85 32.39 31.79 31.32 30.89 31.12 30.63 30.69 30.73 30.52 30.52 30.43 30.42 30.31 30.25 29.63 27.76 26.02 25.72 24.12 22.70 21.19 20.60 18.75 17.64 17.15 16.85 16.64 16.18 15.13 14.17 13.48 13.04 12.64
traj-49:
 4.67  5.32  6.07  6.48  8.14  8.93 10.67 11.26 12.24 13.56 14.96 16.36 17.54 19.49 21.02 22.19 23.05 23.75 23.93 23.84 23.74 23.58 23.51 22.95 21.19 19.20 18.11 16.90 15.60 13.98 13.33 11.53 10.38  8.72  7.12  5.25  4.07  3.07  1.79
 7.85  9.74 11.34 12.14 12.93 13.32 13.96 14.34 15.69 16.39 16.80 17.12 17.97 18.41 18.84 19.25 20.10 21.97 23.39 25.07 26.47 27.92 29.07 30.88 31.11 31.19 31.05 30.86 30.54 30.55 30.54 30.59 30.56 30.45 30.25 30.33 30.40 31.00 32.30
traj-50:
 4.12  5.19  6.77  7.95  9.01  9.25 11.05 13.01 14.68 16.45 18.33 19.12 20.50 21.91 22.79 24.30 24.30 24.11 23.98 23.67 23.83 23.34 22.72 20.97 19.40 17.73 16.88 15.36 15.09 13.58 12.90 11.24 10.01  8.54  7.31  6.62  5.54
32.84 32.51 32.04 31.71 31.37 31.25 30.63 30.44 30.66 30.82 31.08 31.21 30.81 30.87 30.88 29.58 29.01 27.56 25.72 24.02 22.56 20.82 18.99 18.84 18.79 18.07 17.69 16.66 16.53 15.33 14.86 14.36 12.92 11.70 10.43  9.34  7.84
traj-51:
11.17 11.54 12.06 13.32 13.73 13.81 15.24 17.08 17.90 19.15 20.91 22.70 23.72 23.82 23.81 23.79 23.72 23.67 23.62 22.80 22.09 20.77 19.53 18.54 16.88 15.04 13.61 12.05 10.39  9.74  8.35  7.51  5.55  4.51  2.85
11.12 12.08 13.42 14.68 15.02 16.81 16.95 16.89 16.90 17.71 18.50 18.98 20.69 22.34 23.09 24.38 25.52 27.08 28.68 30.43 30.82 31.26 31.12 31.18 30.96 30.75 30.71 30.95 31.39 31.51 31.60 31.73 32.12 32.05 31.92
traj-52:
 4.00  4.95  6.19  7.99  9.66 11.41 12.67 14.38 16.22 18.11 19.67 20.83 22.45 23.39 24.02 23.88 23.67 23.65 23.30 23.26 23.07 22.30 21.21 19.75 18.41 17.55 15.63 13.91 13.66 13.39 13.41 13.37 13.49 13.40 13.30
32.53 32.00 30.55 31.02 31.27 31.55 31.71 31.89 31.86 31.58 31.06 30.33 30.04 29.37 28.71 27.58 25.65 24.70 23.07 22.48 20.75 19.23 18.78 18.48 18.12 17.92 17.68 17.42 15.58 13.91 12.03 10.39  8.47  6.62  6.05
traj-53:
12.46 12.93 13.34 14.44 16.04 17.74 19.05 20.67 22.12 23.38 23.58 23.74 24.04 23.48 23.36 23.01 21.97 20.95 19.80 18.30 17.17 15.29 13.51 11.96 10.35  8.96  6.99  5.48  4.39  2.94  1.98
12.94 14.52 15.47 16.44 17.11 17.71 18.30 19.35 19.52 21.01 22.60 23.76 25.60 27.40 28.06 29.62 30.13 30.26 30.36 31.07 30.96 30.91 30.67 30.55 30.59 30.50 30.51 30.47 31.18 32.01 32.48
traj-54:
 4.05  5.94  7.38  8.66 10.58 11.85 13.58 15.30 16.26 18.19 18.90 19.20 21.08 22.66 24.03 23.96 23.81 23.75 23.90 24.06 24.23 23.56 22.38 21.01 19.97 18.83 17.87 16.04 14.60 13.07 11.73 10.56
31.36 31.23 31.24 31.22 31.12 31.11 31.45 31.47 31.65 31.90 31.96 31.95 31.89 31.86 30.63 29.17 28.47 27.13 25.26 23.44 21.75 20.78 19.63 18.36 18.45 18.06 17.65 17.10 16.60 15.69 14.74 14.05
traj-55:
11.46 11.77 12.13 12.34 12.73 14.50 15.92 17.10 18.45 19.70 21.31 22.94 23.36 23.52 23.97 24.12 24.32 24.44 24.46 24.06 23.22 21.31 19.49 17.49 16.92 14.97 13.83 11.84  9.91  8.25  6.74  4.92  3.89  2.79
10.58 11.84 13.53 15.31 16.97 17.86 18.36 18.92 18.77 18.21 17.30 18.31 19.71 20.87 22.60 24.20 25.57 27.33 27.87 29.80 30.76 31.30 30.62 30.63 30.60 30.64 30.71 30.65 30.67 30.70 30.77 30.67 30.62 30.62
traj-56:
 2.88  3.23  4.76  5.99  7.70  9.57 11.10 12.64 14.57 16.53 17.95 19.69 20.70 22.48 23.11 23.54 24.00 24.19 24.18 24.15 24.24 23.81 22.80 20.85 19.57 17.72 15.92 14.16 13.82 13.40 12.97 12.50 12.33 11.87
32.58 32.43 31.70 31.01 30.48 30.31 30.45 30.78 30.91 30.96 31.00 30.27 30.13 29.83 29.11 27.31 25.49 24.22 22.58 21.97 20.24 18.52 18.34 18.14 18.05 17.56 17.08 16.21 15.11 13.70 12.29 10.88 10.09  8.39
traj-57:
 4.99  6.94  8.41 10.36 11.68 13.63 14.24 15.79 16.78 18.13 18.43 20.32 21.46 23.12 23.42 23.58 23.88 24.04 23.86 23.55 23.45 23.01 22.60 21.21 19.49 18.01 16.93 15.81 13.90 13.32 11.34  9.49  8.47  6.54  5.46  4.13  3.95
18.39 18.33 18.31 18.11 18.11 18.09 18.18 18.11 18.61 19.28 19.27 18.64 18.49 19.26 20.58 21.36 22.74 24.24 25.19 27.15 28.04 29.90 31.00 32.05 32.47 31.84 31.41 31.22 30.91 30.84 30.58 30.54 30.56 30.85 31.17 32.35 32.58
traj-58:
 3.85  4.69  6.02  7.35  9.10 10.74 12.56 13.93 14.73 16.15 18.00 19.78 21.15 23.03 23.33 23.55 23.49 23.43 23.37 23.31 23.09 22.47 21.29 19.92 18.06 17.01 15.88 14.16 12.98 11.58 10.17  9.75
31.45 30.90 30.73 30.96 31.07 31.07 30.77 30.51 30.55 30.74 30.71 30.66 30.67 30.17 30.22 28.47 26.77 25.45 24.29 22.39 20.47 19.31 18.63 17.79 18.27 18.80 19.09 19.21 19.02 17.89 16.50 15.73
traj-59:
 4.22  5.55  6.78  8.30  9.28 11.00 12.04 12.98 14.60 15.94 17.48 19.28 21.18 22.53 23.20 23.60 23.94 24.17 23.46 23.36 23.30 22.21 21.63 20.18 18.78 16.89 15.03 13.60 12.21 10.92  9.17  7.55  5.68  4.01  2.54
10.53 11.20 12.42 13.40 13.95 14.75 15.54 16.16 17.33 17.89 18.47 18.75 19.32 19.56 20.87 22.44 23.31 25.17 26.75 27.92 29.11 30.15 30.12 30.18 30.30 30.32 30.21 30.23 31.21 31.05 30.66 30.62 30.67 30.46 30.31
traj-60:
 3.18  4.60  6.05  7.42  8.27 10.00 10.40 12.29 14.23 15.81 17.27 18.39 20.36 22.26 23.18 23.26 23.73 23.84 24.12 23.77 23.74 23.53 22.91 22.45 20.48 18.63 17.06 15.64 14.46 12.95 11.58 10.22  9.51  8.69  7.64  6.32
31.71 31.68 31.70 31.61 31.35 31.03 31.02 30.97 31.01 31.26 31.38 31.66 31.72 31.24 29.62 29.33 27.43 27.15 25.32 23.54 22.41 20.67 18.83 18.11 17.78 17.91 17.95 17.86 17.08 16.11 15.13 13.92 13.41 12.55 11.39 10.05
traj-61:
 8.59 10.26 12.12 13.25 14.97 15.72 17.63 18.51 18.80 20.49 20.88 21.67 22.87 24.00 23.75 23.92 23.84 23.65 23.65 23.46 23.47 22.06 20.35 18.99 17.30 16.38 14.91 13.01 11.42  9.75  9.37  7.72  6.33  5.34  4.33  2.92  1.69
18.86 18.75 18.51 18.27 17.88 17.72 17.39 17.34 17.26 16.83 16.83 17.45 18.68 19.87 21.18 22.49 23.65 25.44 26.02 27.98 28.80 30.02 30.05 30.27 30.68 30.84 30.94 31.38 31.59 31.40 31.33 31.13 31.00 31.24 31.62 32.26 32.84
traj-62:
 2.20  2.79  4.54  6.17  7.01  8.54 10.48 11.43 12.90 14.36 15.24 17.19 18.93 19.72 20.89 22.74 23.04 23.50 23.81 24.32 24.42 24.28 24.16 23.28 21.57 20.07 18.69 16.99 15.85 14.20 13.29 11.93 10.58  8.87  7.35  6.09
32.12 32.22 31.76 31.41 31.04 30.39 30.58 30.63 30.55 30.44 30.52 30.33 30.32 30.37 30.73 30.41 29.70 28.51 27.08 25.15 23.99 22.13 20.18 18.70 18.05 17.90 17.89 17.67 17.59 16.94 16.39 16.01 15.51 14.80 14.17 13.60
traj-63:
13.99 13.94 14.85 15.96 16.90 18.71 19.97 21.25 22.54 23.20 23.66 23.66 23.92 23.90 23.49 23.34 23.07 21.87 21.18 19.30 17.96 16.08 14.26 12.44 10.99 10.29  8.61  7.47  5.72  3.80
13.41 14.10 15.48 16.09 16.75 17.27 17.96 18.46 19.49 20.75 22.61 23.85 24.86 25.16 26.88 27.61 29.11 30.35 30.57 30.37 30.37 30.67 31.14 31.36 31.58 31.77 32.07 32.25 32.72 32.89
traj-64:
 2.80  4.75  5.31  7.14  8.81  9.62 11.43 12.51 13.43 15.38 16.39 18.01 19.56 20.66 22.33 23.14 23.33 24.40 24.30 23.96 23.60 23.32 23.17 22.21 20.49 19.38 17.85 16.83 15.75 14.04 12.22
30.19 30.50 30.58 30.66 30.95 31.00 30.69 30.56 30.42 30.45 30.29 30.29 30.23 30.34 30.44 29.42 28.70 27.19 26.35 24.76 23.33 21.83 20.36 19.84 18.85 18.87 18.51 18.17 17.90 17.18 16.41
traj-65:
11.88 13.82 14.42 16.20 18.14 19.94 21.28 22.78 23.00 24.18 23.90 23.76 23.69 23.66 23.48 22.84 21.71 20.16 18.66 16.85 15.41 13.66 13.17 11.34 10.55  8.78  6.98  5.60  4.45  2.93  2.60
17.77 17.55 17.50 17.38 17.30 17.87 18.71 19.63 19.83 21.38 22.97 23.88 25.39 27.35 28.43 30.25 31.68 31.61 31.13 30.62 30.71 30.49 30.66 31.19 31.17 31.41 31.15 30.83 30.76 31.52 32.00
traj-66:
 3.90  5.49  7.36  7.60  9.47 10.89 12.56 13.50 15.24 16.79 18.26 20.22 21.94 23.45 23.51 23.58 23.32 23.08 23.24 23.10 23.03 22.21 20.39 18.91 18.29 16.59 14.59 13.28 11.44  9.85  9.34  8.54  7.84  7.24  6.93  6.74
32.39 32.70 32.58 32.39 32.83 32.05 31.33 30.96 30.74 30.87 31.01 31.17 31.37 30.08 29.19 27.27 26.19 24.45 22.97 21.16 20.57 19.07 18.86 18.89 18.76 18.88 18.94 18.91 18.99 18.52 17.28 15.69 14.25 12.60 10.69  9.69
traj-67:
 7.38  7.56  7.69  7.80  7.83  8.31  8.69  9.59 10.57 12.16 12.73 14.46 16.21 17.88 19.87 21.63 22.62 23.29 23.53 23.43 23.41 23.15 23.23 23.36 22.15 20.62 20.07 18.23 17.54 15.70 14.46 12.54 11.47  9.70  9.02  7.41  5.49  4.00
 6.08  7.73  9.44 11.07 12.95 14.87 15.69 17.45 18.67 19.11 19.29 19.36 19.33 19.23 19.11 19.32 19.46 20.76 21.90 23.69 23.99 25.70 27.42 29.17 30.20 30.28 30.28 30.54 30.64 31.21 31.64 31.51 31.36 30.76 30.61 30.62 30.27 30.11
traj-68:
 3.95  5.71  7.30  8.76  9.94 11.51 12.62 14.36 16.28 18.14 19.71 21.65 23.56 24.33 24.30 24.69 24.37 24.24 23.93 23.97 23.92 22.98 21.49 19.74 17.97 16.90 15.00 13.82 12.20 11.88 11.71 11.24 10.59
31.49 31.10 30.87 30.62 30.39 30.49 30.58 30.81 30.92 30.95 31.01 30.93 30.83 29.16 28.86 26.91 25.02 24.23 22.30 21.42 19.43 17.77 17.19 17.62 17.37 17.22 17.11 15.53 14.37 12.84 12.27 10.62  8.74
traj-69:
 4.18  4.92  6.12  7.76  8.48  8.95  9.45 10.33 11.00 11.54 12.28 12.93 13.64 15.37 16.76 18.23 19.52 19.86 21.59 22.13 23.46 23.52 23.61 23.66 23.75 23.84 23.90 23.84 23.50 21.67 19.99 18.69 17.55 16.25 14.68 12.84 10.89  9.19  7.94  6.90  5.12  4.30  2.86
 7.14  7.51  8.27  9.26 10.27 10.97 11.71 13.32 14.66 15.79 16.47 17.01 17.62 18.30 18.57 18.67 18.73 18.97 19.44 19.43 20.84 21.13 22.98 24.49 25.49 26.93 28.26 30.22 31.04 31.46 31.17 31.32 31.45 31.49 31.43 31.54 31.67 31.69 31.61 31.59 31.91 32.04 32.64
traj-70:
 4.19  5.91  6.82  8.59 10.48 11.19 12.35 14.18 15.81 17.38 19.19 20.15 21.45 23.29 23.83 23.88 23.96 23.79 23.63 23.31 22.32 20.39 18.42 16.59 15.11 13.21 11.38
30.76 30.94 31.17 31.20 31.37 31.64 31.17 30.39 30.42 30.30 30.15 30.08 30.03 29.77 28.29 26.57 25.59 23.62 21.64 20.51 19.27 18.92 18.84 18.76 18.55 18.39 18.23
traj-71:
 5.80  5.95  7.11  8.41  9.61 10.03 11.10 12.07 12.76 13.92 15.76 16.85 17.79 19.58 21.05 22.79 23.41 23.56 23.51 23.45 23.47 23.38 23.21 21.22 20.08 18.09 16.81 15.78 14.78 13.02 11.13  9.39  7.80  6.67  4.95  3.89
 7.05  7.32  8.73 10.02 11.38 11.66 13.32 14.89 15.75 16.68 17.01 17.13 17.18 17.64 18.49 19.24 20.43 22.41 24.17 26.16 27.47 28.23 29.82 30.00 30.02 30.20 30.25 30.31 30.37 30.28 30.23 30.20 30.45 30.51 30.56 30.56
traj-72:
 2.79  4.57  6.32  7.07  8.83 10.08 12.00 13.04 14.51 16.45 17.46 19.43 21.36 22.91 23.60 23.49 23.48 23.35 23.34 23.34 23.22 22.30 20.87 19.39 17.45 16.71 15.58 14.80 13.67 12.28 10.93  9.75  8.91  7.34
30.98 30.93 30.68 30.51 30.53 30.40 30.53 30.50 30.48 30.37 30.35 30.70 30.77 31.06 30.74 28.88 27.10 25.72 24.06 22.35 21.00 19.27 18.36 18.09 17.85 17.46 16.57 15.95 14.50 13.37 12.30 11.24 10.72  9.85
traj-73:
13.43 13.75 14.78 15.15 16.57 18.42 20.05 20.71 22.47 23.40 24.08 24.46 24.52 24.32 24.02 23.39 23.22 22.49 20.53 20.23 18.49 16.69 15.17 13.90 12.57 11.82 10.21  8.48  6.76  5.30  4.29  3.19
13.76 14.98 16.58 17.03 16.99 16.98 17.11 17.22 17.30 18.31 19.86 21.71 22.81 24.70 26.17 27.96 28.67 30.49 30.87 30.91 31.22 30.48 30.66 30.58 30.77 30.80 30.88 30.93 31.25 31.59 32.23 32.68
traj-74:
 3.90  5.04  6.78  7.74  9.03 10.81 12.09 13.18 14.47 16.46 18.25 19.66 21.59 22.17 23.53 24.02 24.07 23.98 23.96 23.64 23.36 23.36 21.69 20.20 18.53 17.33 16.28 14.85 13.23 11.72  9.78
32.39 32.05 31.23 30.58 30.57 30.48 30.48 30.39 30.53 30.45 30.21 30.19 30.16 30.02 29.09 27.77 26.12 24.54 23.49 21.59 19.61 19.31 18.40 18.49 18.49 18.10 17.75 17.26 16.54 16.54 16.56
traj-75:
 8.47  8.66  8.96  9.22  9.56  9.81 10.06 10.41 11.54 13.26 14.15 15.59 17.57 19.15 20.93 22.81 23.24 23.88 24.46 24.39 24.31 24.29 24.01 23.85 22.24 20.42 20.22 18.35 17.36 15.59 14.87 13.22 12.20 10.59  9.25  7.96  6.45  4.73  3.07  2.34
 8.32  9.38 11.22 12.50 13.85 15.79 17.32 18.63 19.36 19.30 19.30 19.35 19.17 18.99 18.90 18.31 19.42 21.15 22.90 24.74 26.62 26.92 28.80 29.94 31.00 31.36 31.35 31.43 31.61 32.23 31.95 31.59 31.76 31.81 31.95 31.84 31.90 31.82 31.53 31.11
traj-76:
 3.34  4.56  6.03  7.94  9.23 11.07 12.54 14.34 15.89 16.67 18.54 20.14 21.23 22.89 24.01 24.59 24.18 23.57 23.56 23.50 22.74 21.63 20.97 19.19 17.55 16.27 14.82 13.33 11.62 10.70  9.47  8.84  7.01
31.72 31.62 31.28 31.43 31.49 30.88 31.03 31.69 31.87 32.13 32.12 31.55 31.04 30.10 29.31 27.72 25.77 24.20 22.70 21.28 19.87 18.59 17.92 17.23 17.15 16.57 16.02 15.30 14.68 14.53 14.02 13.78 13.18
traj-77:
10.16 11.26 12.15 13.25 13.59 14.97 16.28 17.84 19.66 21.44 23.16 23.80 23.65 23.44 23.39 23.29 23.27 23.31 21.43 20.92 19.12 18.08 16.14 14.51 12.83 10.95  9.34  7.55  6.45  4.99  3.49  2.31
10.43 11.72 12.90 14.54 14.71 15.84 16.81 17.95 18.48 18.97 19.82 21.51 23.22 25.17 26.26 27.55 28.44 30.19 30.87 30.54 30.26 30.45 30.10 30.21 30.27 30.33 30.41 30.39 30.35 30.29 30.24 30.23
traj-78:
 3.26  5.01  5.97  7.44  8.82 10.12 11.91 13.15 14.38 15.35 17.21 18.27 19.98 21.85 22.67 23.33 23.40 23.27 23.14 23.10 23.01 22.28 21.24 20.95 19.19 17.43 15.71 13.89 12.39 11.02  9.37  8.25
31.06 30.74 30.58 30.41 30.40 30.46 30.57 30.63 30.75 30.81 30.99 31.04 31.37 31.24 30.23 28.35 26.59 25.16 23.33 21.62 20.90 19.46 19.06 19.10 18.45 17.76 17.14 17.70 18.25 18.63 19.07 19.19
traj-79:
 8.42  9.18  9.83 10.39 11.18 11.93 12.81 14.31 15.83 16.76 18.63 19.98 21.86 23.19 23.15 23.26 23.31 23.37 23.33 23.07 22.36 21.12 20.69 18.83 17.20 15.48 13.66 12.38 10.75  9.46  7.80  6.16  4.40  2.47  1.80
 8.98 10.13 11.18 12.30 14.04 15.48 17.22 17.93 18.64 18.95 19.03 18.65 18.86 20.15 20.79 22.69 23.58 25.29 27.28 28.69 30.27 30.69 30.75 30.55 30.46 30.32 30.39 30.31 30.27 30.25 30.36 30.50 30.51 30.77 30.76
traj-80:
 3.14  4.22  5.08  6.57  8.31  9.56 10.80 11.60 13.57 15.22 17.21 18.98 19.61 21.49 21.56 23.17 23.23 23.50 23.58 23.59 23.51 23.56 23.07 21.72 20.16 19.13 17.45 16.63 15.61 14.59 13.80 13.65 12.87 12.61 11.37 10.64  9.96  9.86
30.39 30.78 31.13 31.72 31.77 31.41 30.97 30.83 31.02 30.37 30.35 30.35 30.36 30.32 30.02 29.38 29.08 27.31 25.87 24.88 22.89 22.01 20.32 18.92 18.65 18.60 18.21 17.12 16.35 15.10 13.78 12.85 11.14 10.50  8.96  8.11  7.20  6.10
traj-81:
12.22 13.15 13.58 13.66 14.20 15.30 16.69 18.49 20.15 21.79 23.73 24.54 24.75 24.66 24.56 24.30 23.99 23.96 23.63 22.98 21.00 19.74 17.86 16.14 14.43 12.64 10.70  9.12  8.25  6.47  4.69  2.71  1.81
 9.63 11.18 13.02 14.12 15.69 16.60 16.79 16.93 17.97 17.63 17.38 18.82 20.75 21.89 22.96 24.74 26.16 27.02 28.53 30.12 30.01 30.21 30.44 30.74 30.65 31.10 30.93 31.14 31.18 31.40 31.49 31.43 31.58
traj-82:
 2.79  4.47  5.00  6.76  8.04  8.71 10.50 12.42 13.51 15.27 17.11 18.81 19.10 19.57 20.17 21.63 23.41 23.45 23.53 23.65 23.82 23.60 23.41 21.98 20.64 19.47 17.77 17.26 15.43 13.90 12.69 11.81 10.93 10.41
30.58 30.88 31.08 31.43 31.73 31.89 32.20 32.47 32.39 32.16 31.88 30.84 30.77 30.57 30.50 30.22 29.46 27.65 26.61 24.99 23.53 21.56 20.21 18.94 18.11 17.68 17.51 17.40 16.89 15.72 15.32 13.96 12.67 11.95
traj-83:
12.77 12.89 13.20 13.39 14.63 16.23 17.38 18.32 20.24 21.02 22.39 23.16 23.46 23.59 23.44 23.56 23.40 23.20 22.63 20.95 19.40 18.81 17.18 15.29 13.39 11.62 10.16  9.32  7.84  6.55  4.70  2.74  2.09
11.45 12.21 14.03 15.05 16.55 17.46 17.94 18.24 18.77 18.55 19.49 20.58 22.29 23.83 25.29 26.01 27.05 28.31 30.15 30.38 30.21 30.17 30.31 30.46 30.39 30.48 30.43 30.39 30.37 30.37 31.04 31.28 31.29
traj-84:
 2.98  4.79  6.46  8.32 10.27 12.02 13.66 15.21 17.13 18.77 20.72 22.64 23.35 23.44 23.46 23.51 23.31 23.18 23.18 22.53 21.12 20.00 18.45 16.86 16.34 14.96 13.23 11.73 10.56  8.89  7.90
31.80 31.39 31.17 30.98 30.95 30.97 30.79 30.65 30.76 30.87 31.14 31.10 29.33 27.86 27.26 25.57 24.40 22.72 20.85 19.76 18.87 19.03 17.99 17.07 16.49 16.12 15.61 15.22 14.98 14.70 14.49
traj-85:
11.83 11.73 11.34 11.09 10.91 10.50 10.54 10.14  9.69 10.55 11.45 13.23 14.60 15.99 17.40 19.20 19.89 21.51 22.59 22.89 23.44 23.47 23.25 23.37 23.42 23.54 23.40 22.74 21.14 20.84 18.99 17.51 15.59 14.26 13.20 12.10 11.13 10.41  8.53  7.36  5.86  3.99
 6.94  7.46  9.37 10.24 11.70 13.66 13.72 15.26 17.13 18.56 18.87 18.74 18.78 19.02 18.80 17.95 17.46 17.36 18.24 18.73 20.51 21.67 23.03 24.69 25.79 27.73 28.64 30.20 30.72 30.71 30.55 30.47 30.29 30.25 30.35 30.58 30.76 30.86 31.27 31.48 31.77 31.99
traj-86:
 3.00  4.95  6.77  8.49 10.18 11.88 13.32 14.69 16.40 17.19 18.53 20.23 21.86 23.74 25.06 25.52 25.44 25.30 25.25 25.15 25.11 23.55 22.75 21.15 19.45 18.51 16.68 14.90 14.60 12.89 11.80 10.75 10.03  9.38  8.62  7.48  7.20  6.88  6.55  5.85  5.17
30.76 30.66 30.78 30.82 31.02 31.02 31.02 31.07 31.15 31.16 31.23 31.49 31.60 31.73 30.36 28.69 27.50 25.82 24.44 23.05 22.44 21.43 19.98 19.26 19.12 19.09 19.19 19.27 19.27 19.28 19.18 18.50 17.67 16.58 14.75 13.15 12.10 10.86  9.56  7.84  6.10
traj-87:
14.40 15.32 16.36 18.31 19.16 20.63 22.14 23.50 23.59 23.68 23.78 23.84 23.96 23.56 22.21 20.90 20.05 18.11 16.59 15.39 13.84 13.01 11.59 10.76  8.76  6.93  6.23  4.46  2.64
19.18 18.55 17.89 17.74 17.78 18.46 19.18 20.57 21.75 23.20 24.97 25.68 27.10 28.96 30.05 30.37 30.64 31.11 31.31 31.65 31.26 30.94 30.43 30.35 30.35 30.36 30.54 31.17 31.60
traj-88:
 2.18  3.37  4.78  5.49  7.32  8.34  9.88 11.80 13.10 14.33 15.39 17.16 17.75 19.60 20.62 22.26 23.23 23.49 23.52 23.71 24.11 23.72 23.25 22.54 22.11 20.24 19.97 18.19 16.47 14.88 13.50 11.84 11.62  9.70  8.30  6.54
30.73 30.75 30.55 30.41 30.63 30.61 30.73 30.69 30.50 30.32 30.18 30.17 30.12 30.12 30.16 30.13 29.31 27.42 27.12 25.26 23.45 22.11 20.69 18.85 17.77 17.95 17.92 18.21 18.01 18.09 17.51 18.37 18.42 18.70 18.81 19.04
traj-89:
 6.34  7.32  8.73 10.67 12.44 13.97 15.75 17.59 19.15 20.53 22.09 22.93 23.69 23.93 24.03 23.71 23.58 23.27 22.27 20.83 20.43 18.63 16.91 15.16 14.17 12.27 11.97 10.21  8.72  6.84  5.28  4.01
17.97 18.02 18.14 17.97 17.75 17.37 17.36 17.52 17.46 16.60 17.56 19.18 20.58 22.17 24.14 26.08 27.24 29.11 30.16 31.11 31.53 31.54 31.08 30.50 30.52 30.58 30.61 30.91 31.06 31.23 31.58 31.98
traj-90:
 3.79  5.68  6.39  7.67  8.76  8.79 10.16 11.19 12.80 14.67 15.68 17.17 18.74 20.61 22.16 23.56 23.84 24.00 24.10 23.94 23.81 23.62 23.27 22.73 20.88 19.18 18.02 16.33 15.13 13.87 12.15 10.85  9.63  8.20  6.56  5.38
31.33 30.89 30.83 30.65 30.66 30.67 30.53 30.29 30.49 30.54 30.66 30.62 30.56 31.05 31.38 30.16 28.73 26.90 24.90 23.18 21.63 20.18 18.85 17.51 17.29 17.20 17.01 16.89 16.48 16.36 16.37 15.94 15.49 14.97 14.32 13.91
traj-91:
 6.72  7.03  8.45  9.83 10.86 11.98 12.44 13.68 14.80 16.06 17.57 18.75 20.06 21.96 22.62 23.50 24.17 24.83 24.83 24.61 24.47 24.21 24.09 22.33 20.94 20.28 18.32 17.61 16.01 14.04 12.10 10.16  8.35  6.43  4.60  3.46  2.43
 8.86  9.22 10.39 11.21 12.04 13.00 13.51 14.63 15.78 16.64 17.50 18.21 18.47 18.89 19.28 20.35 21.92 23.28 24.38 25.54 26.39 28.13 29.94 30.30 30.49 30.64 30.41 30.34 30.35 30.54 30.70 30.81 30.86 30.71 31.12 31.38 31.91
traj-92:
 3.12  4.52  6.14  6.46  8.30  8.80 10.61 12.57 13.67 15.56 15.95 17.65 19.20 20.96 22.64 24.06 24.27 24.22 24.19 24.14 24.10 24.08 23.98 24.04 22.24 21.16 19.69 17.82 17.24 16.15 14.75 13.90 12.58 12.22 10.73  9.47  8.16  6.63  5.97
31.58 31.18 31.21 31.26 31.69 31.98 32.17 32.04 32.13 32.26 32.31 32.22 32.02 31.79 31.44 30.55 28.61 26.71 26.09 24.53 23.10 21.97 20.12 18.64 17.81 18.21 18.60 18.96 18.41 17.66 16.72 15.35 14.03 13.59 12.32 10.96 10.42  9.88  9.55
traj-93:
 8.65  9.84 11.36 13.18 14.93 16.72 17.30 18.70 19.23 20.19 21.79 22.85 23.26 23.70 23.90 24.38 24.71 24.42 23.68 22.22 21.35 19.84 18.94 17.84 16.08 14.38 12.91 10.96  9.23  7.47  5.98  4.75  4.55  3.18  2.09
14.06 14.68 15.12 15.64 16.36 16.93 17.02 17.55 17.74 18.21 18.83 19.98 20.55 22.15 23.84 25.49 26.30 28.22 29.98 30.28 30.44 31.12 31.22 31.54 31.23 31.36 31.42 31.28 31.34 30.70 30.09 30.20 30.56 30.88 30.94
traj-94:
 3.22  5.10  6.88  8.31  9.24 10.99 12.21 13.60 14.41 16.35 16.65 18.45 18.87 20.62 22.33 23.40 23.76 23.90 23.80 23.47 23.18 23.02 22.12 20.76 19.08 18.62 17.04 15.13 14.68 13.29 11.61 10.62  8.76  7.05
31.77 31.39 31.57 31.63 31.63 31.79 31.88 31.77 31.60 31.47 31.43 31.02 30.79 30.53 30.37 29.71 28.53 27.22 25.31 23.50 21.70 20.58 19.13 18.73 17.78 17.64 17.07 17.32 17.14 16.51 15.79 15.39 14.93 15.14
traj-95:
 6.68  7.39  8.75 10.14 11.57 12.38 13.53 15.00 16.25 17.18 18.83 20.72 22.10 23.28 23.49 23.79 23.84 23.71 23.76 23.93 24.02 23.69 22.89 21.14 19.81 18.26 16.83 14.89 13.67 12.02 11.04  9.27  7.58  5.76  3.89
18.73 18.25 17.96 17.66 17.74 17.63 17.61 17.39 17.38 17.42 17.36 17.66 18.09 19.65 20.57 22.27 23.90 25.74 27.40 28.23 29.96 31.62 32.11 31.65 31.48 31.24 31.10 31.07 31.12 30.82 31.01 30.83 30.42 30.39 30.51
traj-96:
 2.19  3.35  4.73  5.86  7.84  8.74 10.61 12.51 14.17 15.49 17.32 18.59 20.36 21.34 22.56 23.13 23.17 23.28 23.40 23.45 23.02 22.22 21.32 20.59 18.77 17.02 15.83 14.04 12.62 10.87 10.08  8.75  7.74
31.03 30.91 30.75 30.64 30.35 30.34 30.25 30.48 30.56 30.82 30.92 31.15 31.26 30.59 30.25 28.47 27.91 26.17 24.65 22.68 20.83 19.61 18.77 17.78 17.90 18.86 18.63 17.76 17.13 16.20 15.79 15.20 14.60
traj-97:
13.44 13.70 13.61 13.35 12.95 13.04 14.13 16.05 16.92 18.71 20.44 22.04 22.60 23.56 23.52 23.63 23.70 23.63 23.73 22.18 20.54 19.94 18.17 17.50 15.58 13.96 12.78 11.93 10.63  9.70  8.17  7.44  6.19  4.89  3.10
 9.80 11.31 12.93 14.80 16.29 18.22 18.70 18.99 18.99 18.96 19.31 19.58 19.69 21.24 21.83 23.59 25.44 26.91 28.86 30.04 30.08 30.11 30.15 30.23 30.40 30.52 30.65 30.83 31.10 31.30 31.60 31.42 31.05 30.84 30.93
traj-98:
 3.94  4.67  6.47  7.00  8.74 10.17 11.68 13.44 14.99 15.29 17.13 18.96 20.71 22.52 23.84 23.89 23.93 23.73 23.38 23.38 23.34 23.31 22.05 20.31 18.46 17.04 16.16 14.55 12.73 12.32 11.64 11.14 10.54 10.22  9.46  8.82  8.39
30.91 31.08 31.15 31.20 31.22 31.07 30.93 30.84 30.84 30.84 30.65 30.42 30.81 31.42 29.97 28.19 27.30 25.79 24.00 23.41 22.00 20.81 19.53 19.11 19.06 19.07 19.06 19.03 18.39 17.20 15.49 14.03 12.23 11.43  9.92  8.83  7.98
traj-99:
 8.26  9.65 10.61 11.51 12.56 14.01 14.13 14.65 15.30 16.28 17.65 19.34 20.89 22.37 23.03 23.75 23.91 23.88 23.82 23.75 23.42 22.61 20.72 18.84 17.12 15.52 14.07 13.34 11.52  9.78  8.81  7.05  6.11  4.38  2.53  2.24
11.81 12.16 12.74 13.38 14.16 14.95 14.68 15.95 16.54 17.27 17.51 18.16 18.89 19.59 20.10 21.59 23.53 25.45 26.65 28.44 30.00 30.99 30.57 30.14 30.27 30.32 30.57 30.60 31.11 31.51 31.45 31.64 31.34 31.17 30.74 30.68
traj-100:
 3.10  3.89  5.16  6.70  7.76  9.06 10.49 12.34 14.05 15.38 16.27 17.41 18.53 20.08 21.11 21.94 22.40 23.05 23.05 23.13 23.11 23.15 23.21 23.11 21.83 20.92 19.71 18.53 16.91 15.54 14.33 13.41 11.88 11.73 10.30
31.81 31.78 31.78 30.73 30.72 30.65 30.64 30.57 30.51 30.77 30.93 31.26 31.66 32.09 31.87 30.83 30.18 28.31 26.83 24.86 23.13 22.02 20.93 19.53 18.25 18.39 18.49 18.49 18.52 17.88 17.25 16.29 15.15 14.99 13.91
traj-101:
10.77 10.60 10.62 10.59 10.66 10.69 11.97 12.48 13.93 15.52 17.21 18.97 20.27 22.17 22.41 23.63 23.61 23.55 23.26 23.16 23.11 23.10 21.47 19.73 19.29 19.11 17.76 16.17 14.62 13.28 12.03 10.51  9.15  7.24  5.30  4.21  2.89  1.81
 8.93 10.38 11.25 12.46 13.95 15.77 16.52 16.80 17.63 18.52 18.88 18.83 18.82 19.25 19.43 20.94 22.68 23.56 25.44 27.14 28.89 29.48 30.12 30.33 30.42 30.66 30.86 30.52 30.41 30.41 30.40 30.38 30.31 30.26 30.30 30.14 30.28 31.82
traj-102:
 3.08  4.47  6.00  7.88  9.50 11.49 12.21 14.18 15.36 17.14 18.43 19.45 21.27 23.24 23.92 24.17 24.27 24.57 24.42 23.76 23.19 22.20 21.20 19.27 18.17 16.44 14.71 12.97 12.40 11.13 10.22  9.61
32.87 31.90 31.35 31.11 30.71 30.71 30.69 30.56 30.58 30.61 30.68 30.71 30.85 30.87 29.73 27.98 26.63 24.71 23.70 22.37 20.78 19.24 19.10 18.85 18.96 18.97 19.00 18.98 17.16 15.79 14.73 14.10
traj-103:
13.63 14.37 16.05 17.93 18.73 20.43 22.27 23.89 24.25 24.39 24.42 24.31 24.02 23.98 23.69 23.39 23.44 22.22 20.59 19.74 18.36 17.30 16.11 14.39 12.63 10.94  9.22  7.64  6.15  5.14  3.75  1.99
19.08 18.91 18.65 18.43 18.25 17.64 16.89 18.02 19.00 20.04 21.11 23.03 24.94 25.51 27.25 28.95 29.25 30.44 30.85 30.96 30.73 30.79 31.01 31.13 30.94 31.11 31.08 30.79 30.58 30.46 30.44 30.39
traj-104:
 1.81  2.34  4.10  5.11  6.82  8.35  9.51 11.19 12.16 14.09 15.94 16.53 17.98 19.63 20.67 22.34 23.76 24.01 24.02 24.12 24.27 24.03 24.08 23.28 22.57 20.79 19.36 17.62 16.59 15.45 13.84 12.32 11.90 10.54 10.24
31.82 31.71 31.07 30.52 30.76 30.82 31.01 31.22 31.16 31.35 30.69 30.73 30.69 30.65 30.85 31.10 30.38 29.04 27.30 25.45 23.55 22.01 21.50 19.84 19.60 18.90 18.76 17.83 17.38 16.76 16.08 15.65 15.31 14.13 14.15
traj-105:
10.59 12.28 13.26 15.19 15.76 17.57 19.07 19.63 21.09 22.51 23.31 23.87 23.97 24.00 24.19 24.04 23.45 23.21 23.05 22.54 21.23 19.69 17.82 16.77 15.01 13.35 12.05 10.17  9.29  7.58  6.00  4.43  2.68  2.38
16.45 16.58 16.70 17.02 16.90 17.08 16.41 16.38 17.25 18.19 18.80 19.95 21.66 21.96 23.91 24.99 26.36 26.53 28.22 30.08 31.40 31.15 31.17 31.12 31.08 30.80 30.78 30.57 30.57 30.77 31.44 31.47 32.40 32.34
traj-106:
 1.72  3.55  5.47  7.36  9.09 10.38 11.61 13.61 14.99 16.45 17.76 19.67 21.56 23.38 24.20 23.78 23.51 23.65 23.84 23.90 23.62 22.15 21.07 19.78 18.30 17.77 16.08 14.15 13.01 11.72
31.36 30.91 30.88 30.76 30.53 30.35 30.29 30.25 30.37 30.31 30.27 30.17 30.06 30.54 28.79 27.71 25.80 24.96 23.37 21.98 20.39 19.15 18.71 18.42 18.30 18.31 17.80 17.36 18.13 19.20
traj-107:
 4.83  6.19  8.07  9.75 10.43 11.73 13.47 15.01 16.57 17.92 18.68 20.35 22.17 23.18 23.59 24.01 24.28 24.52 24.49 24.05 22.35 20.50 19.55 17.86 16.65 14.86 13.47 12.37 10.50  8.61  6.87  5.00  3.91
13.14 13.30 13.44 14.22 14.56 15.23 16.13 17.09 18.00 18.50 18.49 18.88 19.27 20.98 22.70 24.18 25.31 27.00 28.41 30.29 30.55 30.88 30.99 30.98 30.98 31.26 31.37 31.54 32.25 32.42 32.41 32.24 30.99
traj-108:
 4.18  4.43  6.22  7.90  9.34 10.62 11.65 12.99 13.58 15.28 16.98 17.83 19.63 20.71 21.86 23.74 23.52 23.56 23.65 23.75 23.86 23.91 23.95 23.95 23.99 24.04 22.96 21.00 20.03 19.01 17.47 16.84 15.03 13.58 12.11 11.56 10.02  9.13  8.62
30.54 30.52 30.59 30.62 30.71 30.74 30.64 30.54 30.45 30.62 30.58 30.84 31.42 31.81 32.00 31.62 29.85 29.27 27.79 26.34 25.29 24.14 22.77 21.92 19.93 19.59 18.11 18.12 18.15 17.80 17.43 17.21 17.03 16.74 16.42 16.36 15.25 14.17 13.52
traj-109:
12.31 12.19 12.07 11.92 11.75 11.83 12.32 13.89 14.49 16.13 18.02 19.74 21.72 23.25 23.30 23.52 23.72 23.85 24.10 24.31 23.59 22.82 21.10 20.67 18.84 16.88 15.36 13.53 12.83 11.20  9.78  7.98  6.37  4.62  3.31  2.93
 9.92 11.12 12.46 13.82 15.62 16.41 18.27 19.36 19.30 19.14 19.06 19.08 18.93 19.98 20.28 21.98 23.94 25.87 27.75 28.90 30.61 30.62 31.00 31.12 31.22 31.54 30.89 30.29 30.28 30.53 30.65 30.77 31.14 31.62 32.34 32.78
traj-110:
 3.39  3.90  5.49  6.55  8.31  9.70 10.91 12.30 14.28 15.46 16.45 18.30 18.66 20.63 21.04 22.81 23.36 23.60 23.71 23.82 23.84 23.65 23.22 22.25 21.09 19.84 18.70 17.53 16.21 15.37 13.90 12.52 12.18 11.99 11.93 11.76 11.81 11.87
32.16 32.01 31.56 31.22 31.20 31.09 31.10 31.05 31.28 31.33 31.31 31.19 31.01 30.82 30.84 30.26 28.93 27.49 25.99 24.28 23.43 21.59 20.14 19.02 18.64 18.71 18.68 18.84 19.08 19.24 19.22 18.60 17.75 16.48 15.33 13.40 11.92 11.34
traj-111:
13.82 15.03 16.58 17.62 19.32 21.11 22.12 23.22 23.28 23.57 23.41 23.32 23.07 23.24 22.90 22.03 21.19 19.57 17.70 16.53 14.59 12.84 10.86 10.09  8.22  6.28  4.58  3.21
15.75 16.32 17.03 17.66 18.48 19.19 19.40 21.04 21.72 23.38 24.87 26.81 26.97 28.92 30.82 31.85 32.41 31.95 31.40 31.34 31.18 31.07 31.29 31.33 31.43 31.30 31.42 31.20
traj-112:
 3.40  5.28  5.56  7.35  7.65  9.60 10.54 12.52 14.34 16.13 16.35 17.56 19.26 19.67 21.16 21.66 23.42 23.51 23.34 23.41 23.39 23.46 23.17 21.60 19.85 18.45 16.85 15.57 14.33 13.48 12.92 12.30 11.70 10.98
32.54 31.91 31.80 31.17 31.16 31.22 31.28 31.10 31.15 31.10 31.08 31.13 31.23 31.20 30.53 30.01 29.16 28.27 26.49 24.81 23.64 21.71 19.95 18.78 19.06 18.62 18.13 17.73 17.37 15.70 14.12 12.29 10.43  8.69
traj-113:
 5.22  7.11  7.72  9.55 11.50 12.59 14.49 15.70 16.81 18.59 18.87 19.40 20.88 21.87 23.78 24.01 24.72 24.63 24.24 24.05 23.43 23.22 22.73 22.23 21.14 19.43 18.15 16.40 14.91 14.06 12.12 10.34  8.83  7.93  6.02  4.11
16.47 16.35 16.41 16.45 16.81 17.07 17.41 17.73 18.08 17.76 17.92 18.14 17.62 17.44 18.00 19.56 21.18 22.93 24.79 25.65 27.29 28.67 30.03 30.33 30.85 31.04 30.80 30.48 30.32 30.27 30.18 30.19 30.22 30.25 30.68 31.00
traj-114:
 3.44  3.74  5.70  6.34  8.00  9.29 11.15 11.45 13.20 15.05 16.19 18.13 19.79 21.15 22.16 23.02 23.35 23.48 23.84 23.89 23.69 23.34 22.56 20.88 19.15 17.30 15.73 14.04 13.16 12.14 11.04  9.68  8.01  7.45  6.23  5.04
30.86 30.89 30.94 30.95 31.16 31.09 31.22 31.20 31.05 31.02 30.96 30.96 31.01 30.59 30.20 29.05 27.30 26.73 25.29 23.99 22.25 20.69 19.62 18.98 18.98 18.60 18.69 18.80 18.63 17.92 17.00 16.21 15.45 15.11 14.35 13.59
traj-115:
10.10  9.68  9.18  8.79  8.22  8.15  8.07  8.67  9.30 10.98 12.71 14.17 15.04 17.03 18.88 19.79 21.28 22.60 23.18 23.35 23.68 23.76 23.74 23.69 23.30 23.22 21.40 20.98 19.21 17.26 16.66 15.07 13.20 12.59 11.13  9.29  8.10  6.53  4.69  3.48  1.89
 7.61  8.84 10.36 11.83 13.61 15.43 16.13 17.49 18.92 19.26 19.43 19.30 19.26 19.12 18.84 19.03 19.26 19.73 20.84 21.70 23.65 23.94 25.89 27.06 28.99 29.59 30.21 30.30 30.47 30.72 30.72 30.73 30.72 30.73 30.72 30.88 31.12 31.23 31.30 31.43 31.57
traj-116:
 2.35  3.72  5.37  7.03  8.89  9.16 10.05 11.44 13.28 13.58 15.50 17.06 18.11 19.59 20.92 22.02 23.53 23.58 23.80 23.91 24.15 24.26 24.05 23.83 23.66 23.20 21.30 20.78 19.07 17.70 16.25 14.72 13.82 12.09 10.30  8.58  6.86  5.36
32.53 32.18 31.76 31.28 31.10 31.02 31.14 30.39 30.35 30.29 30.30 30.26 30.26 30.32 30.34 30.14 29.33 27.68 26.22 25.49 23.85 23.26 21.47 20.26 19.10 17.38 17.37 17.49 17.78 17.98 18.06 17.34 16.99 16.13 15.62 15.13 14.50 13.95
traj-117:
 4.87  5.72  6.80  7.20  8.40  9.10 10.58 11.94 12.45 13.47 14.61 16.25 17.66 18.06 19.81 20.49 22.22 22.59 23.92 23.90 23.85 23.87 23.63 23.35 22.05 20.68 18.89 17.05 15.68 13.92 12.11 11.26  9.55  7.62  6.84  4.95  4.00
 6.54  6.86  8.39  9.04  9.96 10.53 11.77 13.16 13.65 14.65 15.78 16.91 17.87 17.98 18.72 18.90 19.73 19.77 21.19 22.96 24.20 26.09 27.25 29.12 30.34 30.57 31.32 31.31 31.25 31.51 31.50 31.59 31.83 31.70 31.42 30.98 30.99
traj-118:
 2.28  3.96  5.71  7.47  8.97 10.08 11.70 13.29 14.00 15.47 17.26 19.05 20.95 22.02 23.64 23.75 23.88 23.96 23.95 23.88 24.21 23.75 22.81 21.62 20.19 18.88 17.49 16.53 15.24 13.99 12.72 11.62 10.67  9.10  7.59  6.76  5.83
30.98 30.79 30.72 30.66 30.41 30.37 30.21 30.34 30.38 30.39 30.47 30.44 30.85 31.08 29.95 29.06 27.87 26.46 25.67 23.98 22.06 20.26 18.87 18.35 17.55 17.28 17.05 16.88 16.30 15.63 14.51 13.83 13.45 12.32 11.48 10.41  9.35
traj-119:
13.48 13.62 14.11 14.30 14.60 14.92 16.30 17.10 17.53 18.98 20.80 21.57 22.36 23.13 23.71 23.87 23.88 24.04 24.23 23.98 23.82 22.17 20.29 19.23 17.40 15.67 14.13 13.23 11.48  9.55  7.75  6.49  4.91  3.64  2.73
10.19 10.97 12.81 13.65 15.25 16.08 17.14 17.41 17.53 18.07 18.47 18.84 19.66 20.78 22.44 23.51 25.08 26.82 27.95 29.77 30.02 31.04 30.79 30.44 31.06 30.84 30.90 30.88 30.92 30.86 30.88 31.00 31.50 32.05 32.46
traj-120:
 3.29  5.08  6.03  7.85  9.26 11.10 11.76 13.21 14.62 15.34 16.24 17.55 18.27 19.00 20.36 21.25 22.80 24.58 24.69 25.06 25.34 25.23 24.77 24.36 23.86 23.17 22.66 21.44 19.61 18.48 17.27 15.71 14.31 12.92 11.67 10.44  9.00  7.68
31.90 31.79 31.73 31.61 31.48 31.18 31.16 31.31 31.03 31.02 30.96 31.13 31.23 31.43 31.66 31.74 31.83 31.00 30.73 28.98 28.11 26.66 25.11 23.21 22.12 20.31 18.97 17.81 17.85 17.74 17.58 16.35 15.26 14.04 12.57 11.71 10.60  9.39
traj-121:
 6.70  7.97  8.95  9.52 10.42 11.38 12.57 13.28 13.71 14.69 16.29 17.80 19.33 20.05 21.81 22.86 24.57 24.70 25.31 25.11 24.77 24.52 24.32 23.66 22.16 20.19 18.66 17.06 15.24 13.51 11.71 10.44  8.76  7.14  6.31  4.48  2.88
 6.29  7.79  9.01  9.67 10.71 12.11 13.27 13.97 14.33 15.41 16.46 16.93 17.29 17.46 18.04 18.44 19.19 19.61 21.16 22.62 24.33 25.77 27.75 29.17 30.18 30.19 30.34 30.72 30.97 31.05 31.42 31.58 31.52 31.51 31.54 32.05 32.39
traj-122:
 3.33  3.90  5.49  7.19  7.49  9.30 10.69 12.47 14.32 15.74 17.46 19.03 19.61 21.43 22.66 23.80 23.81 24.16 24.16 23.80 23.30 23.09 22.19 20.56 18.86 18.37 16.84 15.33 13.53 12.33 10.69  9.91  8.19  7.64
30.96 30.81 30.68 31.00 30.97 30.80 30.81 31.20 31.00 31.01 30.84 30.98 31.02 30.40 30.04 29.12 28.53 26.82 25.37 24.18 22.32 20.90 19.26 18.36 18.04 17.85 17.45 17.06 16.42 16.06 15.52 15.14 14.38 14.18
traj-123:
11.16 12.35 13.67 15.00 16.38 17.32 18.90 19.47 21.41 22.56 23.03 23.32 23.52 23.85 24.26 24.62 24.91 24.20 23.57 22.75 21.46 19.70 19.16 17.47 15.76 13.89 12.06 10.07  8.87  7.30  5.52  3.77  2.69
12.98 14.52 15.98 17.05 17.32 17.28 17.39 17.36 17.61 18.35 18.85 20.32 21.10 22.65 24.60 25.85 27.29 29.05 29.58 31.35 31.17 30.94 30.82 31.03 31.36 31.28 31.11 31.01 30.91 30.61 30.72 30.71 30.85
traj-124:
 2.25  3.31  5.04  5.43  7.20  8.14  9.61 11.48 12.08 13.91 15.64 17.60 19.40 21.06 22.45 23.06 23.18 23.48 23.60 23.61 23.61 23.39 21.99 21.34 19.87 18.10 16.75 15.55 13.96 12.65 12.25 11.07  9.92
32.37 32.12 31.81 31.71 31.44 31.01 30.69 30.58 30.61 30.94 31.24 31.39 31.03 30.72 30.22 28.64 28.20 26.32 25.27 23.68 21.96 20.00 18.76 18.77 18.35 17.71 17.33 16.94 16.57 15.57 15.20 14.02 12.82
traj-125:
13.10 13.68 14.00 14.58 16.08 17.49 19.13 20.37 22.05 23.10 23.15 23.19 23.27 23.22 23.14 23.14 21.36 20.33 18.43 17.07 16.28 14.43 13.39 12.29 10.49  9.04  7.21  6.05  4.31  2.72
10.53 12.41 13.40 15.28 16.37 17.45 18.26 18.98 19.38 20.63 22.04 23.42 24.75 26.17 27.87 29.36 30.05 30.13 30.22 30.31 30.28 30.31 30.41 30.68 31.02 31.20 31.42 31.73 32.06 31.65
traj-126:
 3.10  4.99  6.88  8.72 10.62 12.49 14.27 16.14 17.70 19.51 21.18 21.67 23.43 23.50 23.57 23.66 23.69 23.73 23.58 23.75 23.88 22.56 21.27 19.58 17.69 16.26 14.82 13.49 11.56  9.78  9.48
30.97 31.20 31.28 31.49 31.63 31.67 31.77 32.08 31.57 31.25 30.55 30.39 29.86 28.71 26.96 25.24 24.67 22.95 21.43 20.57 18.58 17.56 17.55 17.60 17.69 17.77 17.77 17.81 17.59 17.97 18.00
traj-127:
10.85 12.44 13.24 14.09 15.38 17.12 18.82 19.48 21.44 22.28 23.23 23.51 23.88 23.80 23.53 23.48 23.34 23.24 22.62 20.81 18.93 17.33 15.85 14.33 12.45 10.92  9.01  7.78  6.18  5.73  4.11  3.48
13.63 14.67 15.29 15.96 16.93 17.03 16.95 16.84 17.17 18.70 20.29 20.81 22.69 23.56 25.32 25.62 27.35 28.47 30.04 30.17 30.39 30.68 30.62 30.52 30.63 30.67 30.76 30.28 30.57 30.49 31.56 31.86
traj-128:
 3.49  4.80  6.36  7.69  8.64  9.95 11.84 13.80 15.65 17.63 19.23 21.20 22.37 24.24 24.43 24.46 24.23 24.02 23.41 22.44 20.91 20.38 18.45 16.55 14.76 13.52 12.66 10.82  8.96  7.53  5.84  4.08
31.99 31.53 30.86 30.60 30.60 30.51 30.41 30.37 30.37 30.34 30.26 30.13 30.03 29.34 27.63 25.81 24.01 22.03 20.31 19.26 18.83 18.57 18.22 18.38 18.50 17.78 17.51 17.01 16.33 15.78 15.06 14.51
traj-129:
 5.32  5.66  6.25  6.92  7.82  8.33  9.07  9.65 10.71 11.66 12.95 13.42 14.97 16.86 17.86 19.37 20.79 21.54 23.02 24.62 25.05 25.15 25.02 24.73 24.49 22.79 21.54 19.69 19.27 17.51 15.61 13.62 11.76 10.04  9.13  7.83  6.26  4.55  3.26
 6.91  7.61  8.78 10.07 11.57 12.46 14.28 15.22 16.16 16.81 17.60 17.63 17.82 17.98 18.31 18.54 18.66 18.82 19.98 21.12 22.86 24.76 26.53 28.23 29.69 30.71 30.81 30.73 30.73 30.77 30.61 30.77 30.82 31.23 31.29 31.48 31.98 32.41 32.88
traj-130:
 1.72  3.46  5.05  7.04  8.15  9.88 11.47 12.25 13.89 14.98 16.08 17.99 18.69 20.50 21.33 22.39 23.10 23.24 23.45 23.68 23.97 24.50 24.91 25.30 25.47 25.28 24.31 22.40 20.55 18.76 17.84 16.13 15.58 14.14 12.91 11.47  9.61  8.60  7.07  5.80
30.30 30.89 31.13 31.25 31.21 31.88 32.05 32.16 32.16 32.14 31.71 31.28 31.17 30.60 30.39 30.03 28.41 27.83 27.17 26.97 26.13 24.26 22.40 20.81 19.94 18.02 16.78 17.05 17.28 17.41 17.40 17.36 17.58 17.81 17.58 17.12 16.41 15.79 15.27 14.93
traj-131:
 6.38  7.54  8.21  9.56 10.91 12.30 13.93 15.52 17.40 18.87 19.76 21.52 22.91 24.09 24.30 24.47 24.31 23.78 23.39 23.11 21.33 19.73 18.31 16.98 15.33 13.72 12.33 10.88 10.27  8.64  7.50  6.00  4.23  3.18  2.05
13.30 14.66 15.17 16.00 16.76 17.33 18.15 18.19 18.36 18.68 18.53 18.46 17.51 19.05 20.63 22.46 24.18 26.06 27.67 29.45 30.05 30.19 30.22 30.26 30.63 31.27 31.07 31.00 30.84 30.71 30.61 30.83 31.02 31.26 31.86
traj-132:
 2.07  3.59  5.10  7.09  9.02 10.51 12.45 13.34 14.93 16.30 17.56 18.79 20.26 21.16 22.65 23.41 23.51 23.75 23.83 23.89 23.42 23.31 22.57 20.85 19.46 17.99 16.79 15.49 14.02
31.67 31.68 31.67 31.77 31.53 31.32 30.91 30.86 30.80 30.69 30.64 30.76 30.74 30.80 30.85 29.26 27.54 25.61 24.73 23.46 21.77 20.90 19.50 18.63 17.92 17.87 17.94 17.96 18.02
traj-133:
 7.74  8.89  9.81 11.42 12.87 13.94 14.71 16.38 17.83 19.18 20.08 21.70 22.52 23.41 23.82 23.96 24.17 24.43 25.02 24.71 24.16 22.49 21.39 19.98 18.07 16.28 14.93 13.76 12.52 11.72  9.98  9.29  7.62  5.67  4.80  3.58
14.48 14.93 15.33 15.90 16.57 17.07 17.11 17.56 18.16 17.99 17.56 18.47 19.31 20.90 22.54 23.40 25.05 26.39 28.00 29.38 31.22 31.95 31.61 31.00 30.71 31.40 31.80 31.78 31.78 31.53 31.21 31.11 30.95 31.31 31.49 31.87
traj-134:
 4.02  4.56  6.26  7.73  9.16 10.31 11.94 12.85 14.37 14.92 16.38 17.44 19.28 19.44 20.76 21.50 23.16 23.28 23.46 23.50 23.61 23.24 22.44 22.09 20.64 18.78 17.30 15.64 13.98 12.51 11.80 10.53  9.88  8.98  8.89  8.01  7.36  7.06
32.52 32.34 32.08 32.05 31.83 31.66 31.22 31.15 30.88 30.88 30.69 30.65 30.67 30.42 30.20 30.05 29.34 27.58 25.98 24.08 22.13 20.82 19.27 19.19 18.16 17.58 17.94 18.13 18.37 17.32 16.82 15.38 14.65 12.91 12.69 11.09  9.74  9.01
traj-135:
 4.98  6.45  7.40  8.72  9.57 11.02 11.18 11.99 13.43 14.69 15.71 17.61 17.86 18.68 20.25 21.94 23.72 24.50 24.55 24.44 24.27 24.54 24.22 24.00 23.01 22.14 20.60 19.60 18.19 16.73 14.86 12.93 11.76 10.81  9.13  7.27  5.41  4.18
 7.86  9.16 10.06 11.33 11.87 13.13 13.30 14.02 15.08 16.21 17.08 17.50 17.33 17.74 17.75 17.95 18.57 19.65 21.36 22.95 24.62 25.41 27.20 27.64 29.19 30.93 30.97 30.84 30.59 30.55 30.73 30.88 31.06 31.18 31.58 31.44 31.68 31.83
traj-136:
 2.93  4.86  5.91  7.59  8.31  9.42 11.29 13.23 15.08 15.97 17.28 19.14 20.69 21.49 23.41 24.20 24.62 24.49 23.94 23.82 23.74 23.70 23.77 23.32 21.71 19.87 17.92 16.16 15.66 13.85 12.64 11.42  9.46  7.88  6.98  5.56  5.00
31.79 31.87 31.44 30.98 30.86 30.59 30.41 30.13 30.17 30.19 30.27 30.76 31.22 31.48 31.53 31.16 29.41 29.14 27.35 26.77 24.85 23.18 21.45 19.64 18.81 18.36 17.99 17.81 17.53 17.29 17.14 16.92 16.95 17.18 17.21 17.46 17.58
traj-137:
 7.04  8.77 10.60 11.44 12.79 13.96 14.84 16.83 17.71 19.26 21.13 22.64 23.25 23.28 23.18 23.18 23.22 23.03 22.26 20.77 18.82 18.18 16.36 14.52 13.28 11.75  9.79  8.72  7.75  6.39  4.96  3.35
18.52 18.93 18.97 19.00 19.01 19.08 19.09 19.06 19.05 19.01 18.91 19.75 20.64 21.22 23.16 25.07 26.49 28.37 30.16 30.48 30.43 30.43 30.56 30.58 30.65 30.42 30.57 30.65 30.57 30.55 30.39 30.40
traj-138:
 4.01  5.23  6.60  8.12  9.56 10.13 12.06 12.54 14.46 16.29 17.79 19.69 21.14 21.72 23.49 24.68 24.50 24.12 23.86 23.55 23.34 23.15 22.12 21.33 19.52 17.81 16.37 15.63 14.61 13.47 11.68 10.90 10.03  9.02  8.29  7.29  6.58
30.59 30.67 30.68 30.68 30.57 30.63 31.12 31.46 30.90 30.66 30.46 30.44 30.57 30.70 31.03 29.64 27.81 26.38 24.69 23.02 21.64 20.23 19.14 18.86 18.32 18.36 17.61 17.19 16.41 15.86 15.00 13.37 12.11 11.38 10.80  9.78  9.15
traj-139:
 6.00  7.25  8.92 10.11 11.74 12.80 13.45 13.94 14.97 15.61 17.17 18.68 19.74 21.51 22.00 23.37 23.83 23.78 23.63 23.55 23.39 23.21 22.52 20.66 18.71 16.88 15.83 14.58 13.24 11.85 10.05  8.77  7.26  5.31  3.51
 7.08  7.86  8.90  9.90 11.01 12.55 13.57 14.39 15.81 16.29 17.38 17.78 18.05 18.82 18.96 20.29 21.91 23.68 24.55 26.38 27.92 28.92 30.42 31.04 30.69 30.59 30.69 31.00 31.55 32.13 32.56 32.56 32.61 32.76 32.77
traj-140:
 1.71  1.98  3.84  5.54  7.36  8.88  9.99 10.28 12.07 13.20 15.18 16.35 18.07 18.67 20.46 20.76 22.59 23.32 23.41 23.63 23.77 23.89 23.80 23.75 23.09 21.98 20.07 19.14 17.47 16.91 15.01 14.59 12.91 11.92 10.35 10.09
32.56 32.70 32.47 32.18 31.97 31.62 31.65 31.68 32.00 32.20 32.07 31.95 31.79 31.75 31.24 31.18 30.45 28.93 27.94 26.01 25.27 23.39 21.47 20.86 19.13 18.71 18.49 18.40 18.20 18.16 18.29 18.17 17.72 17.28 16.43 16.29
traj-141:
 4.82  5.55  6.81  8.61  8.89 10.27 11.75 13.05 14.07 15.45 16.41 17.97 19.58 20.52 22.11 23.24 23.54 23.76 23.47 23.63 23.55 23.02 22.23 20.55 19.26 17.32 15.52 14.11 12.64 10.69  8.93  8.40  6.87  5.43  4.17  3.19
14.54 14.68 14.88 15.37 15.47 15.88 16.12 16.34 16.45 16.84 17.14 17.60 18.22 18.59 19.11 20.66 22.31 24.15 25.38 26.48 28.47 28.93 30.63 31.47 31.31 31.19 31.14 31.06 31.19 31.18 31.31 31.29 31.21 31.45 31.78 32.25
traj-142:
 2.83  3.46  4.61  5.86  7.04  7.91  9.78 11.05 12.39 14.11 14.71 16.68 18.20 19.66 21.35 23.03 23.44 23.47 23.56 23.74 23.61 23.26 22.87 21.26 19.93 18.70 17.30 15.57 15.01 13.43 12.89 13.26 13.36 13.46
32.12 31.71 30.35 30.49 30.62 30.68 30.82 30.79 30.88 30.94 30.96 31.05 31.04 30.61 30.46 29.83 27.93 27.33 25.55 23.82 21.90 20.42 19.95 18.97 18.61 18.52 18.58 18.02 17.91 16.96 15.96 14.08 12.34 11.42
traj-143:
 8.16  8.34  9.46 10.16 10.64 11.37 12.44 13.46 14.54 15.86 17.46 19.13 20.10 21.55 21.82 23.19 23.24 23.49 23.50 23.35 23.15 23.07 22.30 21.25 19.81 18.03 16.05 14.46 12.57 11.49  9.99  9.19  7.42  6.44  4.60  3.05  1.72
 7.67  7.92  9.43 10.35 11.13 12.13 13.68 15.16 16.21 16.67 17.27 17.57 18.25 18.79 18.91 20.24 20.54 22.52 23.40 25.35 27.17 28.88 30.46 30.84 31.21 30.73 30.48 30.61 30.78 31.02 31.45 31.73 31.66 31.63 31.64 31.69 31.88
traj-144:
 3.82  4.41  6.03  7.66  8.07  9.64 11.58 13.16 15.01 16.58 17.45 19.25 21.18 23.15 24.18 24.85 24.98 24.73 24.44 24.29 24.35 24.30 22.83 21.08 19.61 17.88 16.07 14.66 13.85 12.34 11.15  9.58  8.44  7.47  6.79  5.40  4.28  4.15
30.95 30.94 30.77 30.55 30.63 30.73 30.79 30.84 30.98 31.21 31.01 31.45 31.70 31.84 30.48 29.01 28.13 26.42 24.44 22.51 21.62 19.63 18.78 18.94 19.09 18.96 18.92 19.09 19.11 19.26 19.15 17.99 16.84 15.92 15.09 13.76 12.37 12.10
traj-145:
13.96 13.80 13.18 13.22 13.40 14.20 15.65 17.36 19.21 19.84 20.82 22.35 23.42 23.61 23.95 24.03 23.99 23.92 23.91 22.78 21.45 19.55 17.84 15.90 14.28 12.78 11.29  9.56  8.21  6.57  5.76  4.48  3.34  2.50  1.78
13.63 14.38 15.90 17.39 19.00 19.09 19.03 18.81 18.65 18.63 18.89 19.77 21.31 22.44 24.07 25.86 27.01 28.45 29.05 30.01 30.02 30.25 30.42 30.28 30.22 30.30 30.26 30.32 30.35 30.30 30.25 30.38 30.34 31.34 31.80
traj-146:
 4.01  4.61  6.52  8.41  9.30 11.03 12.35 13.81 15.63 16.85 18.54 20.40 21.97 22.92 24.86 25.01 24.84 24.61 24.50 24.31 23.92 23.65 23.39 23.21 21.59 20.93 19.24 17.78 16.43 15.75 14.18 13.09 12.14 11.27
31.54 31.57 31.40 31.02 30.83 30.71 30.62 30.53 30.52 30.55 30.73 31.20 31.41 31.67 31.43 30.84 29.30 28.44 26.95 25.27 23.83 22.65 21.10 19.96 18.96 18.72 18.23 17.76 17.05 16.85 16.23 14.66 13.03 11.90
traj-147:
13.02 13.79 14.55 15.72 16.68 18.13 19.22 20.00 21.32 22.35 23.79 24.23 24.64 24.59 23.96 23.90 23.64 23.42 23.21 23.25 22.28 21.68 19.80 19.39 17.50 16.12 14.62 12.64 10.76  8.88  7.47  5.77  4.54  2.59  2.13
15.50 16.00 17.07 17.44 17.48 17.61 17.48 17.55 17.24 16.96 18.17 19.58 21.47 22.13 23.99 24.25 26.08 26.85 27.06 29.03 30.15 30.17 30.36 30.56 30.87 31.08 31.16 31.26 31.56 31.42 31.32 31.38 31.40 31.49 31.71
traj-148:
 3.54  4.13  5.94  7.00  8.63  9.98 11.40 13.11 15.10 16.45 17.47 18.90 19.23 21.03 21.91 23.45 23.67 23.88 23.54 23.41 23.16 23.34 23.01 21.49 19.77 18.05 17.58 15.85 14.36 13.69 13.47 12.73 12.53 12.04
30.80 30.89 30.96 30.96 30.93 31.01 31.01 31.10 31.18 32.17 31.72 31.25 31.30 30.72 30.53 29.84 28.12 27.20 25.68 24.39 22.79 21.17 20.15 18.90 18.20 17.76 17.59 16.68 15.43 13.59 12.67 10.84 10.05  8.85
traj-149:
 8.54 10.24 11.24 12.34 13.40 14.45 15.65 17.49 19.04 20.83 21.13 22.46 24.38 24.17 23.95 23.93 23.72 23.58 23.39 23.00 22.37 20.47 19.65 18.07 16.15 14.18 13.34 11.81 10.94  9.43  7.96  6.09  4.39  3.13
16.68 16.78 16.91 17.47 17.74 18.17 18.58 18.81 18.90 19.20 19.24 19.73 19.68 21.44 22.29 23.80 25.46 26.64 28.39 30.10 31.07 31.12 30.88 30.64 30.82 30.55 30.59 31.01 31.17 31.23 31.53 31.93 32.48 32.54
traj-150:
 3.15  4.16  5.70  7.55  9.38 11.00 12.81 14.48 15.14 16.66 17.33 18.91 20.44 21.88 23.24 23.37 23.56 23.41 23.39 23.18 23.25 23.22 21.97 20.14 18.90 17.35 15.59 14.84 13.59 12.60 11.27 10.07  8.60  7.78  7.04
32.50 31.57 30.67 30.48 30.54 30.69 30.62 30.73 30.77 30.51 30.51 30.53 30.32 30.02 29.85 27.85 26.53 24.70 24.40 22.44 21.58 20.14 19.00 18.88 18.85 18.38 17.55 16.98 15.97 15.14 13.87 12.72 11.60 10.76  9.94
traj-151:
13.37 14.26 15.95 17.29 18.39 19.67 20.48 22.30 23.27 23.54 24.02 23.83 23.58 23.42 23.42 22.31 21.20 19.88 18.79 17.08 15.22 13.31 11.55 10.29  8.41  6.82  5.35  3.61
17.18 17.42 17.75 18.22 18.56 18.95 19.13 19.42 20.87 21.99 23.63 24.70 26.53 28.00 29.16 30.03 30.58 31.01 31.56 31.44 31.21 31.00 30.83 30.63 31.07 31.37 31.46 31.70
traj-152:
 2.35  3.55  5.27  6.78  8.16  9.52 10.83 12.29 13.73 15.49 16.21 17.25 18.73 20.49 21.90 23.34 23.76 24.11 23.98 23.94 23.93 23.86 23.73 22.61 21.41 20.35 18.98 17.34 15.77 14.58 13.69 12.89 12.60 11.49 10.89 10.05  9.65
30.22 30.26 30.63 30.96 30.87 30.86 30.65 30.61 31.05 30.98 30.86 30.63 30.75 31.18 30.97 30.59 29.68 28.11 26.23 25.94 24.04 22.57 21.12 19.72 18.77 17.92 17.52 17.35 16.56 15.86 14.32 12.94 12.54 11.08 10.03  8.70  8.07
traj-153:
13.10 13.02 13.23 12.95 12.87 13.41 13.94 14.54 15.79 17.72 18.66 19.64 21.50 23.26 24.74 24.32 24.08 23.61 23.46 23.43 23.09 21.73 21.17 19.44 17.69 15.83 14.95 13.08 11.62  9.82  8.12  7.23  5.33  3.78
 7.75  8.50 10.09 10.86 12.44 13.53 14.35 16.24 17.58 17.94 18.56 18.92 19.24 20.10 21.40 23.27 24.06 25.78 27.60 27.90 29.73 30.32 30.42 31.18 31.41 31.45 31.34 31.56 31.80 31.64 31.95 32.02 31.82 32.88
traj-154:
 4.04  5.44  7.44  8.30 10.21 11.83 13.79 15.59 17.46 18.33 20.14 20.67 22.42 23.07 23.14 23.43 23.63 23.60 23.32 23.11 22.23 20.90 19.14 17.30 15.68 14.87 13.91 12.87 11.90 10.65
30.26 30.16 30.18 30.24 30.27 30.25 30.18 30.12 30.12 30.12 30.24 30.27 30.33 28.79 27.35 25.39 23.59 22.75 21.29 20.75 19.36 18.85 18.15 17.54 16.77 16.45 15.79 14.91 13.64 12.26
traj-155:
11.17 12.23 12.56 14.23 16.01 17.64 19.01 20.87 22.72 23.38 23.62 23.70 23.94 23.69 23.54 23.66 23.78 23.12 21.97 20.12 18.89 17.34 16.47 14.82 13.11 12.04 10.26  9.60  8.13  6.86  4.93  3.80
13.09 14.23 16.20 17.15 17.97 18.50 18.86 19.27 19.56 20.65 21.76 23.36 24.73 25.82 26.69 28.59 30.17 31.27 31.66 31.27 30.77 30.62 30.53 30.51 30.53 30.49 30.49 30.55 30.60 30.65 31.08 31.41
traj-156:
 3.07  3.96  5.45  7.14  8.74  9.94 11.16 12.90 14.71 15.55 17.27 17.67 19.10 20.96 22.53 23.69 23.63 23.68 23.65 23.68 23.16 23.11 22.25 20.57 19.32 17.61 15.89 15.30 13.52 12.11 11.78 11.42 10.49 10.48 10.78 10.93
31.61 31.67 31.71 31.97 32.20 32.24 31.98 31.50 31.01 30.93 30.74 30.56 30.37 30.18 30.13 29.00 27.02 25.03 24.42 22.78 21.10 20.64 19.19 19.07 19.00 18.88 19.14 19.22 19.19 18.58 17.01 16.45 14.80 13.05 11.36 10.45
traj-157:
 4.50  5.99  6.77  8.28  8.62  9.63 10.46 12.09 13.67 14.63 16.11 16.95 18.95 20.60 22.22 23.16 23.20 23.16 23.19 23.52 23.46 23.21 21.37 20.23 18.79 17.47 15.55 13.80 12.42 10.56  9.65  8.45  6.68  5.59  4.26  3.43  2.02
12.20 13.46 14.10 15.20 15.52 17.01 17.24 18.03 18.38 18.56 18.74 18.67 18.69 18.95 19.48 20.95 22.37 23.83 25.58 27.20 29.03 29.89 30.42 30.66 30.64 30.65 30.47 30.46 30.47 30.27 30.31 30.38 30.53 30.65 31.11 31.44 32.07
traj-158:
 1.81  2.55  4.42  5.43  7.37  8.97  9.61 10.64 12.06 13.97 15.93 17.59 19.45 21.19 22.14 23.18 23.57 24.37 24.26 23.78 23.56 23.22 22.18 20.82 19.22 17.38 16.02 14.94 13.75 12.98 11.51 10.37  9.47  8.91  8.25  7.64
30.31 30.44 30.65 30.98 31.26 31.77 31.94 31.85 31.57 31.25 30.97 31.23 31.16 30.82 30.47 29.89 28.86 27.04 25.56 23.83 21.94 20.83 19.32 18.79 18.62 18.68 18.77 18.80 18.01 17.02 15.67 14.10 13.17 12.28 10.94  9.85
traj-159:
11.57 12.26 13.01 14.28 15.49 16.84 18.73 19.66 20.66 22.47 23.48 23.46 23.48 23.42 23.23 23.02 22.34 20.43 19.88 17.97 16.07 14.30 13.02 11.28  9.39  8.25  6.41  5.00  3.52
14.56 15.29 16.44 17.15 17.59 18.05 18.64 19.14 19.30 19.68 21.24 22.72 24.46 26.15 28.05 29.22 30.20 30.47 30.45 30.59 30.81 31.03 31.26 30.94 30.37 30.52 31.08 31.65 32.10
traj-160:
 3.24  3.84  5.47  6.76  7.54  9.16 10.72 12.61 13.99 15.29 16.51 18.18 19.24 20.30 21.59 23.35 24.20 24.40 24.68 24.44 23.88 23.82 23.31 23.06 22.87 21.04 19.85 17.95 17.17 15.57 14.46 13.03
30.30 30.36 30.29 30.30 30.29 30.31 30.36 30.27 30.38 30.44 30.35 30.61 30.82 31.06 31.57 31.12 29.72 28.29 26.85 25.08 23.16 21.71 19.80 18.31 17.49 16.78 16.83 17.05 17.08 16.82 16.17 15.29
traj-161:
 8.34  9.54 10.38 11.83 13.21 14.24 14.60 15.54 17.39 19.27 20.42 22.36 22.59 23.61 23.68 23.48 23.57 23.72 23.79 23.57 21.73 20.74 18.96 17.03 15.43 13.99 13.24 11.97 10.06  8.57  7.26  6.10  5.20  3.75  1.91
10.72 11.50 12.03 12.87 14.23 15.06 15.99 17.66 17.80 18.30 19.15 19.13 18.94 20.54 22.45 23.32 25.17 25.71 27.55 29.32 30.09 30.11 30.13 30.43 31.15 31.63 31.82 31.69 31.22 31.19 31.13 31.08 31.35 31.52 31.68
traj-162:
 3.10  4.93  6.04  7.64  9.28 10.27 12.18 13.61 15.19 16.74 18.70 19.00 20.92 22.07 23.16 23.40 23.63 23.74 23.63 23.41 23.19 23.11 21.97 20.36 18.59 17.09 15.27 14.17 12.83
30.55 30.19 30.33 30.45 30.47 30.46 30.60 30.78 31.42 31.15 30.87 30.90 31.07 30.75 29.25 28.00 27.21 25.59 23.93 22.29 20.45 19.56 18.63 17.77 17.35 17.19 16.42 15.84 14.42
traj-163:
10.85 12.51 13.91 15.09 16.39 17.96 19.34 20.46 22.03 23.24 23.58 23.65 23.89 23.59 23.34 23.05 22.56 20.70 18.97 17.78 16.22 15.56 14.30 12.96 11.47 10.16  8.48  6.70  4.87  3.12
19.09 18.99 18.95 18.92 18.87 18.73 18.76 18.73 19.15 20.63 22.22 23.88 25.45 26.96 27.13 29.02 30.96 30.95 30.75 30.64 30.79 31.02 31.75 32.24 32.23 32.32 31.78 31.03 30.47 30.21
traj-164:
 3.94  4.61  6.25  8.05  9.95 11.80 12.21 13.69 14.67 15.70 17.33 17.92 19.66 21.42 22.49 24.17 24.71 24.74 24.77 24.80 24.30 23.90 23.63 23.30 23.25 22.88 21.84 20.84 19.14 17.96 16.08 15.50 13.83 12.32 10.99  9.42  8.24  7.60
32.25 31.84 31.03 30.71 30.70 30.41 30.51 30.57 30.54 30.56 30.59 30.57 30.72 30.75 30.81 30.57 28.71 28.41 26.63 26.33 24.42 23.67 21.85 20.10 19.81 19.25 18.19 17.46 17.09 16.96 17.25 17.17 16.99 16.38 15.42 14.51 13.54 12.96
traj-165:
 4.05  4.32  5.89  6.50  7.94  9.71 10.71 12.41 14.30 15.08 16.79 17.32 18.85 19.54 21.35 22.37 23.30 23.32 23.48 23.50 23.46 23.44 23.35 22.09 21.79 19.92 18.46 17.26 15.84 14.04 13.33 11.66 10.09  8.11  6.21  4.94  3.84  3.22
12.53 12.67 13.62 13.98 14.81 15.74 15.93 16.23 16.51 16.68 17.62 17.89 18.66 19.11 18.95 19.22 20.72 21.02 23.02 24.63 25.19 27.16 28.89 30.05 30.08 30.11 30.16 30.20 30.29 30.39 30.46 30.53 30.50 30.70 30.40 30.10 31.56 32.25
traj-166:
 3.72  3.92  5.55  7.36  9.34 11.09 12.94 13.64 15.27 16.53 17.56 19.53 21.47 23.14 23.15 23.17 23.31 23.32 23.24 23.17 23.20 22.80 22.01 20.36 18.96 17.24 15.61 13.96 12.45 10.87  8.90  7.70  6.39
30.51 30.29 30.10 30.11 30.14 30.20 30.30 30.28 30.30 30.28 30.31 30.46 30.29 29.54 27.84 27.40 25.57 24.21 22.46 20.57 19.90 18.82 17.92 18.00 18.14 18.20 17.95 17.78 17.66 17.41 17.11 16.93 16.62
traj-167:
 9.88 11.60 12.27 12.72 14.18 14.92 16.44 17.09 18.71 20.09 21.38 23.18 23.12 23.16 23.26 23.30 23.33 23.33 22.44 21.04 19.85 18.22 16.37 14.79 13.97 12.33 10.72  8.80  7.32  5.54  3.69
13.27 14.21 15.06 15.51 15.82 16.27 17.33 17.44 17.82 18.39 19.14 19.95 21.73 23.01 24.67 25.78 27.20 29.13 30.49 30.46 30.32 30.54 30.53 30.41 30.52 30.62 30.84 31.00 31.00 31.30 31.48
traj-168:
 2.75  3.71  5.69  7.50  8.91 10.66 12.26 13.91 15.11 16.46 17.80 19.77 20.69 22.53 24.17 24.39 24.33 24.24 24.04 24.02 23.82 23.57 22.83 21.29 19.64 17.74 16.58 14.86 13.35 12.42 11.44
30.36 30.24 30.34 30.37 30.38 30.53 30.65 30.75 30.74 30.90 30.84 30.67 31.11 31.53 30.79 29.47 28.52 27.01 25.24 23.36 21.84 21.24 19.77 18.89 18.11 18.59 17.78 17.10 16.31 15.99 15.49
traj-169:
 5.60  6.54  8.26  9.36 10.87 11.99 13.90 15.02 16.21 17.94 19.90 21.76 23.51 25.24 25.30 25.56 25.27 25.04 24.61 24.41 24.14 23.71 23.20 21.32 20.08 18.82 17.24 15.65 13.94 12.11 10.13  9.07  7.69  6.56  5.17  3.22
17.18 17.91 18.20 18.27 18.37 18.32 18.08 17.98 17.87 17.77 17.66 17.05 16.74 17.36 18.23 19.94 21.34 22.80 24.65 25.52 27.39 29.12 30.54 31.21 31.15 31.09 30.96 30.90 30.81 31.32 31.23 31.38 31.74 31.86 31.83 31.59
traj-170:
 3.94  5.78  7.43  8.62 10.48 11.24 12.39 13.12 14.57 16.42 17.56 18.43 19.74 21.26 22.29 23.81 24.56 24.22 23.98 23.92 23.80 23.50 23.33 22.99 21.31 20.17 18.53 17.29 16.07 14.45 13.10 11.58 10.37  8.69  6.88  5.42
30.39 30.56 30.74 30.60 30.30 30.42 30.95 31.46 32.58 32.16 31.86 31.47 30.69 30.44 30.04 28.95 27.76 25.80 24.33 23.77 22.17 21.06 19.65 18.84 17.97 17.77 17.42 17.11 16.82 16.14 15.58 14.73 13.85 13.11 12.26 11.60
traj-171:
14.20 16.09 16.78 18.45 19.81 21.17 22.21 23.14 23.26 23.80 23.83 23.92 24.00 23.88 22.38 21.15 19.78 17.99 16.30 14.93 13.31 12.43 10.64  9.24  8.60  7.10  6.11  4.74  3.02
18.14 18.79 18.86 19.04 19.14 19.31 19.71 21.11 22.86 24.41 25.75 27.70 28.83 29.98 30.72 30.74 30.72 30.58 30.56 30.47 30.52 30.49 30.56 30.51 30.55 30.50 30.37 30.26 30.23
traj-172:
 2.48  3.58  4.69  6.45  8.39  9.74 11.41 13.27 14.85 16.02 17.42 19.12 20.74 21.03 22.41 23.15 23.38 23.59 23.55 23.63 23.37 23.24 22.36 21.16 19.23 17.38 15.74 15.19 13.23 11.27  9.74  8.91  8.02  7.16
32.59 32.37 32.05 31.66 31.53 31.05 30.94 30.69 30.57 30.76 31.15 31.28 30.55 30.49 30.09 29.62 27.68 26.59 24.77 22.95 21.24 20.97 19.32 19.09 18.80 18.96 19.12 19.14 19.36 19.13 17.91 16.84 15.33 14.10
traj-173:
 6.03  6.31  7.56  8.39  9.41 10.68 11.30 12.15 14.06 15.94 17.83 19.61 20.63 22.16 23.71 24.00 24.03 24.09 24.17 24.21 24.03 23.33 23.14 22.05 20.38 18.44 17.67 16.45 14.57 12.75 10.85 10.24  8.78  7.17  5.90  4.09
 9.62 10.17 11.49 12.42 13.83 15.32 16.04 17.11 17.63 18.04 18.11 18.13 18.07 18.26 19.37 19.57 21.33 22.51 24.41 25.21 27.19 28.67 29.07 30.38 31.20 30.86 30.84 30.47 30.31 30.26 30.50 30.38 30.47 30.46 30.37 30.15
traj-174:
 1.86  3.41  4.80  6.51  8.27 10.11 11.90 13.82 15.27 17.18 18.46 19.84 21.62 21.99 23.00 23.10 24.01 23.91 23.92 23.71 23.44 22.85 21.18 19.23 17.79 15.92 14.01 12.45 11.03  9.67  8.44  6.69  6.51
30.33 30.29 30.22 30.36 30.49 30.47 30.47 30.46 30.58 30.97 31.30 31.74 31.18 30.70 29.32 28.89 27.39 25.49 24.20 22.71 20.78 19.78 18.87 19.01 18.86 18.79 18.96 18.98 19.00 18.54 18.21 17.54 17.30
traj-175:
 9.41 10.72 11.74 13.44 14.90 16.21 17.21 19.08 20.31 22.23 22.51 23.44 23.38 23.31 23.19 23.08 23.07 22.70 21.19 19.37 17.65 15.73 13.83 11.86  9.96  8.29  7.34  5.41  3.52
15.59 16.31 16.84 17.39 17.86 18.43 18.53 18.74 19.08 19.45 19.56 21.31 22.49 23.57 24.91 26.55 28.52 30.20 30.89 30.99 30.66 30.94 31.12 31.11 30.97 31.23 31.20 31.30 31.42
traj-176:
 4.12  5.87  7.72  9.19 11.12 11.64 13.17 15.09 15.37 17.01 18.74 20.64 22.39 23.18 23.35 23.50 23.68 23.51 23.56 23.09 21.34 19.76 18.01 16.09 15.52 14.26 13.26 12.52 11.27 10.10  9.21  8.48  7.67  6.74  6.10  5.32
30.38 30.55 30.58 30.56 30.62 30.60 30.67 30.62 30.57 30.62 30.75 30.70 30.44 28.73 26.78 25.81 23.94 22.07 21.13 19.25 18.81 18.88 18.96 19.11 19.06 18.12 17.24 16.44 15.03 13.40 12.53 11.64 10.12  8.42  7.74  6.87
traj-177:
 9.86  9.92 10.06 10.16 10.59 12.34 14.03 15.45 17.41 19.27 19.82 21.63 23.59 23.72 24.07 24.39 24.81 24.92 24.96 24.20 23.66 22.04 20.71 19.05 17.76 15.98 14.41 12.74 11.09  9.83  8.55  7.12  5.45  3.64
11.04 12.84 14.59 16.05 17.45 18.40 18.99 18.96 18.84 19.05 19.07 19.08 19.36 19.95 21.43 22.89 24.68 25.84 26.90 28.57 30.48 31.40 30.60 30.19 30.21 30.24 30.21 30.20 30.18 30.27 30.49 30.65 30.69 30.76
traj-178:
 3.62  5.45  6.67  8.49  9.32 10.88 11.92 13.43 15.19 15.75 17.32 18.69 19.54 21.12 22.62 23.39 23.70 24.03 24.13 24.63 24.76 24.84 24.16 23.15 23.00 21.39 21.10 19.38 17.98 16.86 15.74 13.96 13.22 11.32
30.85 31.02 31.06 31.10 31.12 31.12 31.16 31.25 31.31 31.18 32.01 31.66 31.47 31.07 30.20 29.06 27.58 26.13 25.54 23.78 22.91 21.37 19.93 18.24 17.88 16.90 16.99 17.41 17.64 17.73 17.99 18.21 18.32 18.66
traj-179:
 6.44  7.28  8.76 10.69 12.43 14.13 15.85 16.38 18.01 18.94 20.61 21.67 23.35 24.52 24.69 24.65 24.58 24.48 24.45 24.13 23.88 23.73 23.35 21.42 20.78 18.79 16.90 15.11 13.76 11.84 10.50  9.16  7.63  5.90  4.12  3.54
18.05 18.28 18.66 19.06 18.95 18.84 18.54 18.48 18.29 18.00 17.29 16.76 17.45 18.14 19.98 20.56 22.33 22.88 24.42 26.35 27.59 28.75 30.44 30.67 30.69 30.80 31.23 31.35 31.27 31.39 31.46 31.61 31.51 31.31 31.22 31.15
traj-180:
 2.15  4.10  5.72  6.93  8.79 10.39 11.76 12.53 14.19 15.88 16.48 18.26 19.27 21.03 22.67 23.94 23.94 23.97 23.93 23.79 23.66 23.43 22.71 20.84 19.08 17.30 15.56 14.52 13.23 11.64 10.28  8.78  7.26  6.10
31.57 31.25 31.14 31.01 31.06 31.29 31.29 31.11 30.94 30.73 30.75 30.57 30.46 30.37 30.49 29.36 27.69 26.09 24.95 23.49 22.58 20.68 19.36 18.74 18.86 18.73 18.46 18.48 18.27 18.04 16.99 15.75 14.65 13.25
traj-181:
11.09 11.91 12.55 13.26 13.82 14.30 14.49 15.58 16.48 18.32 20.23 20.89 22.15 23.11 23.66 23.74 23.73 23.50 23.21 22.57 21.06 20.76 20.54 18.63 18.20 16.30 14.83 13.19 11.94 10.81  9.58  7.79  6.13  5.04  3.19  1.84
 7.13  8.88 10.46 12.26 14.05 15.47 16.22 17.03 17.50 17.86 18.36 18.68 19.48 21.17 22.12 22.89 24.80 26.63 28.37 30.02 30.67 30.73 30.99 30.84 30.92 30.96 30.58 30.77 30.84 31.08 31.44 31.65 31.80 31.79 31.73 30.51
traj-182:
 1.93  2.93  4.49  5.59  7.34  7.72  9.55 10.33 11.80 13.21 14.86 16.63 18.08 19.59 20.66 22.16 22.71 23.45 24.02 24.43 24.33 24.25 24.75 24.54 24.54 23.96 21.97 20.88 18.97 17.92 16.00 15.10 14.37 14.27 13.79 13.12 12.80 12.35 12.10 11.73
30.63 30.96 31.54 32.13 31.75 31.73 31.55 31.36 31.37 31.33 31.33 31.19 31.13 31.10 31.11 30.40 30.00 28.22 26.72 25.63 23.95 23.48 21.59 19.69 18.77 17.59 17.47 17.45 17.50 17.41 16.98 16.54 15.69 14.99 13.07 11.31 10.14  8.27  7.39  6.28
traj-183:
14.58 14.20 13.90 13.51 13.47 14.65 15.10 15.96 17.55 18.69 20.24 20.78 22.21 23.17 23.75 23.85 23.82 23.69 23.58 23.62 23.66 22.14 20.93 19.64 18.02 16.25 14.78 12.86 11.11 10.25  8.29  6.72  5.28  3.96  3.26
11.15 12.69 13.81 15.59 16.02 17.34 17.57 17.86 18.18 18.56 18.83 18.88 19.55 20.15 21.28 22.79 23.39 24.92 26.82 28.67 29.38 30.37 30.39 30.39 30.73 31.00 31.23 31.38 30.96 30.88 31.00 31.32 31.64 31.85 32.07
traj-184:
 3.95  4.95  6.64  8.33 10.27 10.97 12.31 14.27 16.00 17.98 19.78 21.04 22.97 23.19 23.44 23.69 23.81 24.32 24.16 24.14 24.26 23.13 22.23 20.62 18.95 17.03 15.34 13.41 12.09 10.30  9.03  7.70  6.91  6.31
31.85 31.51 31.08 30.50 30.38 30.36 30.29 30.16 30.38 30.50 30.81 30.75 30.54 29.67 28.17 27.99 27.72 26.04 24.50 22.55 20.86 19.38 18.53 17.75 17.70 17.73 17.67 17.83 17.66 17.30 16.60 15.19 14.14 13.33
traj-185:
 6.37  7.43  7.84  9.01 10.40 11.93 13.26 13.24 15.02 15.81 17.33 19.21 20.73 22.10 23.11 23.30 23.32 23.22 23.27 23.16 23.07 22.80 22.40 20.57 19.31 17.84 16.84 15.50 14.01 12.12 10.33  8.52  7.14  6.11  4.36  3.69
10.68 11.70 12.11 13.35 14.75 15.52 16.89 17.57 17.89 18.06 18.67 18.67 18.68 19.17 20.40 22.23 22.72 24.53 25.98 26.66 28.42 30.34 30.76 31.06 30.84 30.38 30.40 30.29 30.47 30.62 30.84 30.87 31.11 31.16 31.21 31.49
traj-186:
 2.31  3.54  4.86  5.91  7.15  9.06 10.65 11.95 13.78 15.53 17.34 18.63 20.35 21.26 22.91 23.23 23.47 23.56 23.42 23.23 23.29 23.26 23.13 21.43 21.15 19.49 18.20 16.56 15.13 13.91 12.80 11.48 10.48  9.66  8.40  7.79  6.55
31.99 31.09 30.49 30.43 30.65 30.76 30.69 30.63 30.64 30.62 30.67 30.86 31.05 31.16 30.23 28.90 27.94 26.01 25.46 23.57 21.92 20.79 19.91 19.14 19.03 18.41 18.04 17.66 17.18 15.91 15.21 14.09 13.28 12.61 11.51 10.88  9.52
traj-187:
 7.66  8.11  8.53  9.32 10.17 10.62 11.46 12.40 13.21 14.20 15.15 16.03 17.35 19.04 19.99 21.73 22.41 23.19 23.43 23.83 24.21 24.47 24.47 24.47 22.87 21.75 20.03 19.73 17.88 16.54 14.73 13.72 11.78 10.27  8.31  7.48  5.71  4.51  3.70  2.18
 6.04  7.14  8.14  9.65 11.29 12.05 13.70 14.51 15.27 16.15 16.88 17.87 18.84 18.86 18.92 18.82 19.31 20.85 21.63 22.85 24.76 26.31 27.48 29.19 30.20 30.29 30.47 30.51 31.00 31.04 31.14 31.19 30.77 31.26 31.54 31.16 31.37 32.14 32.25 32.28
traj-188:
 3.44  4.52  6.25  7.71  9.18 10.61 11.99 13.89 15.48 17.29 19.16 21.15 21.71 23.04 23.21 23.17 23.12 23.13 23.11 23.09 21.96 21.06 19.64 18.45 16.93 15.27 13.84 13.25 12.11
32.36 32.01 31.48 31.09 30.80 30.73 30.60 30.76 30.88 30.76 30.66 30.59 30.75 29.40 27.65 26.79 25.08 23.39 22.24 20.32 18.97 18.60 18.07 17.46 16.97 16.20 14.94 14.38 13.32
traj-189:
 4.89  6.38  7.65  8.89  9.84 10.14 11.80 13.49 15.23 16.10 17.35 19.23 19.73 21.62 22.37 23.06 23.83 23.65 23.85 24.21 24.20 23.58 22.95 22.40 20.63 18.79 17.26 15.73 14.23 13.75 11.76 10.63  8.93  7.11  5.35  5.05  3.16
19.10 18.64 18.42 18.34 18.32 18.30 18.10 17.96 17.90 17.90 17.85 17.67 17.57 17.93 19.04 20.24 21.54 22.74 24.36 25.95 26.48 28.35 30.05 30.26 31.18 31.75 31.40 31.29 31.60 31.88 31.99 32.41 32.90 32.90 32.92 32.94 32.81
traj-190:
 2.80  3.10  5.08  6.56  7.45  9.43 10.43 12.29 12.56 12.89 14.60 16.58 18.37 19.94 21.54 23.04 23.32 23.56 23.62 23.67 23.73 23.69 22.32 20.86 18.98 17.60 15.84 14.06 12.31 10.73 10.23 10.19 10.21 10.28 10.35
30.25 30.25 30.20 30.14 30.18 30.25 30.28 30.40 30.53 30.47 30.81 30.59 30.57 30.25 30.07 29.38 27.62 26.32 24.76 24.00 22.23 20.49 19.22 19.11 19.00 19.05 19.17 19.28 19.09 18.70 17.65 16.56 14.95 13.61 12.58
traj-191:
 8.38  9.06 10.31 11.16 12.09 13.50 14.13 15.44 16.29 18.07 19.94 21.91 23.34 23.54 23.71 23.79 24.32 24.72 24.55 24.44 22.45 20.64 19.20 18.20 16.99 15.72 14.41 13.28 12.06 10.34  8.50  6.61  4.91  4.38  2.74
 9.91 10.73 12.00 12.86 13.89 15.23 15.82 17.19 18.42 19.23 19.02 18.95 20.25 21.42 23.32 24.81 26.65 27.57 29.26 30.15 30.02 30.01 30.10 30.09 30.10 30.18 30.28 30.28 30.35 31.08 31.84 32.35 32.43 32.46 32.68
traj-192:
 3.41  4.75  6.65  8.53 10.13 11.50 13.13 14.53 15.36 16.88 18.39 20.21 22.16 23.40 23.34 23.35 23.58 23.40 23.22 22.50 21.06 20.66 18.85 18.25 16.50 16.12 14.69 13.49 13.24 12.45 11.55 10.74  9.84  9.13
30.27 30.28 30.49 30.95 30.88 30.65 30.47 30.30 30.48 30.54 30.54 30.34 30.08 28.96 28.25 26.52 24.73 22.78 20.92 19.52 18.51 18.09 17.64 17.21 17.03 16.79 16.04 15.17 14.08 13.31 11.61 11.02  9.64  7.93
traj-193:
11.25 11.38 11.77 11.97 12.44 12.95 13.34 13.90 14.85 15.58 16.86 18.42 19.66 21.30 22.70 24.44 24.48 24.54 24.37 24.25 24.10 23.71 23.58 21.67 20.56 18.68 17.77 16.04 14.24 12.44 10.67  8.71  6.75  6.07  4.30  2.48
 6.50  7.39  8.81  9.38 10.96 12.47 13.44 13.86 15.13 16.15 17.58 18.36 18.71 19.43 19.91 20.65 21.52 22.89 24.24 25.36 26.73 28.46 30.25 30.32 31.08 30.96 30.92 30.64 30.78 30.90 31.00 31.29 31.49 31.59 31.94 32.24
traj-194:
 1.93  3.46  4.69  6.49  8.25  9.58 11.31 12.16 12.59 14.50 16.11 16.18 18.13 20.12 20.67 22.43 23.29 23.49 23.64 23.59 23.50 23.58 23.03 21.35 20.35 19.39 18.36 16.98 16.15 14.69 13.85 12.19 11.17  9.47
32.12 31.96 31.91 31.61 31.75 31.65 31.70 31.74 31.76 31.48 30.85 30.63 30.73 30.57 30.81 30.38 29.16 27.69 26.52 24.87 22.92 20.93 19.93 19.16 18.70 18.24 17.68 16.90 16.42 15.61 15.11 14.17 13.65 12.77
traj-195:
14.22 13.96 13.72 13.77 13.95 14.34 14.74 15.78 16.72 18.16 19.65 20.60 22.39 23.84 24.96 25.07 24.80 24.39 24.15 23.43 23.36 23.32 23.09 22.90 21.46 20.46 19.25 18.19 17.20 15.63 14.14 13.03 11.79  9.92  8.38  6.99  5.17  3.19
 6.52  8.21  9.89 11.86 12.72 14.47 15.33 16.37 16.93 16.99 16.63 16.55 17.34 18.11 18.67 20.19 21.35 22.96 24.29 25.32 26.35 27.81 29.58 30.13 31.18 31.08 30.93 30.83 30.74 30.61 30.48 30.42 30.19 30.49 30.86 31.08 31.30 31.58
traj-196:
 1.87  2.02  3.13  5.04  6.49  8.42  9.60 11.34 12.19 14.18 15.91 16.50 18.12 19.36 21.01 22.27 23.80 23.88 23.96 24.17 24.20 24.52 24.50 24.40 22.61 22.36 20.46 18.63 17.37 15.67 14.53 13.98 13.63 13.48 13.12 12.92
31.27 31.08 30.33 30.18 30.23 30.39 30.44 30.60 30.61 30.61 30.66 30.66 30.64 30.55 30.52 30.15 29.22 27.42 26.17 24.25 22.76 21.36 20.13 18.98 18.23 18.06 17.93 17.80 17.73 16.69 15.61 13.88 12.81 11.71  9.78  9.22
traj-197:
 6.52  7.82  9.46 11.13 13.00 13.59 15.25 16.95 17.70 19.15 20.34 22.10 23.00 23.47 23.77 24.02 24.01 24.03 24.03 23.58 23.37 21.71 20.36 18.91 17.35 15.61 14.33 12.82 11.12 10.17  8.56  7.10  5.38  4.11  2.87  1.87
17.98 18.40 18.93 18.99 19.03 19.06 19.10 19.14 19.23 19.40 19.50 19.68 20.91 21.84 23.19 24.38 25.63 26.57 27.77 29.43 29.89 30.63 30.73 30.75 30.71 30.98 31.13 31.13 30.78 30.73 30.56 30.50 31.01 31.62 32.37 32.84
traj-198:
 2.52  3.20  4.55  5.95  6.78  8.60 10.17 11.77 12.63 14.15 15.54 16.27 18.09 19.99 21.57 22.44 23.61 24.21 24.44 24.27 24.08 23.79 23.54 23.50 22.56 21.44 20.03 18.15 16.80 15.52 14.34 13.63 13.06 12.78
32.90 32.49 31.66 30.72 30.67 30.59 30.58 30.69 30.72 30.59 30.59 30.55 30.51 30.67 30.65 30.68 30.49 29.46 27.82 26.91 25.52 23.89 22.24 21.43 19.74 18.84 17.98 17.32 16.76 16.10 15.34 13.85 12.56 11.93
traj-199:
 6.20  7.67  8.84  9.79 11.71 13.42 15.30 16.49 18.19 18.70 20.67 22.22 23.16 23.40 23.52 23.42 23.45 23.17 23.05 23.04 22.27 21.42 19.57 17.92 16.12 15.82 13.89 12.53 11.09 10.37  8.68  7.94  6.07  4.15  2.70
17.72 17.62 17.66 17.72 17.75 17.74 17.92 18.27 18.54 18.61 18.98 19.40 20.15 21.14 22.76 23.56 25.39 27.31 28.29 29.91 30.54 30.74 31.20 31.43 30.91 30.91 30.60 30.43 30.18 30.32 30.59 30.63 30.70 30.62 30.35
