traj-0:
21.92 21.64 21.02 20.42 19.41 17.46 16.59 14.87 13.42 11.66  9.91  9.02  7.13  6.12
 0.59  1.12  2.41  3.75  4.68  4.30  4.32  4.41  4.31  4.37  4.36  4.33  4.18  4.10
traj-1:
21.90 21.98 22.00 22.07 21.91 21.72 21.26 21.08 20.83 20.71 20.56 20.48 20.61 20.62 21.22 22.00 21.97 21.08 20.78 19.72 17.85 16.70 14.96 14.36 12.73 11.50 10.34
 1.82  2.66  3.82  5.76  6.68  8.27  9.68 10.23 12.19 13.06 14.87 16.12 17.74 18.57 19.92 21.62 22.21 23.92 24.33 25.79 25.45 25.25 24.58 24.51 23.63 22.17 20.61
traj-2:
22.19 21.99 21.83 21.62 21.68 21.76 21.65 21.52 21.52 21.47 21.06 21.10 21.50 21.64 21.98 22.45 22.60 22.57 22.28 22.01 20.90 22.63 24.10 25.83 26.13 27.99 28.26 30.22 31.50 32.55 33.27 33.72
 1.13  2.48  3.29  5.27  6.52  8.42  9.79 11.65 13.10 13.66 15.54 16.43 18.12 19.78 21.57 23.24 24.12 25.28 26.69 27.84 29.48 30.33 30.54 30.79 30.81 30.57 30.45 30.68 29.96 28.99 27.62 26.87
traj-3:
20.63 21.05 21.02 19.31 17.55 15.80 14.35 12.50 10.69  9.50  7.62  5.65  5.11
 1.17  1.96  3.74  4.64  4.76  4.83  4.81  4.77  5.48  5.85  5.92  6.24  5.34
traj-4:
22.68 22.27 21.92 21.74 21.55 21.41 21.11 20.99 20.90 20.65 20.62 20.66 21.23 22.20 22.03 21.37 20.94 20.16 18.27 17.71 15.83 14.95 13.39 12.93 11.05 10.65
 1.33  2.39  3.97  5.39  7.22  9.00 10.96 12.12 13.74 15.57 16.76 17.51 19.10 20.82 21.99 23.73 24.22 25.83 25.60 25.51 25.32 25.49 25.07 25.00 24.70 24.65
traj-5:
20.22 20.59 20.66 20.91 21.15 21.38 21.43 21.40 21.42 21.64 21.76 21.91 21.84 21.90 21.87 21.82 21.88 22.00 22.15 22.11 22.19 23.87 24.66 26.53 28.11 28.73 29.27 29.93 30.35 30.15 30.41 30.54 30.70 30.81
 0.84  2.27  3.47  4.34  5.72  7.30  8.43  9.60 10.09 12.06 13.48 15.31 17.18 18.90 19.34 21.19 22.77 23.94 25.78 26.45 28.35 29.22 29.16 29.20 27.98 26.85 25.89 24.03 22.71 20.77 19.06 17.82 16.35 15.40
traj-6:
22.34 22.20 21.19 19.60 18.19 16.43 14.75 13.41 12.24
 1.42  1.69  3.41  4.60  4.48  4.52  4.68  4.79  4.89
traj-7:
21.34 21.43 21.60 21.61 21.56 21.29 21.10 21.13 20.49 20.37 20.66 21.03 21.44 21.56 22.07 21.97 21.71 21.47 21.03 19.33 18.39 16.67 16.37 15.63 14.56 13.37
 1.27  3.02  4.82  6.70  8.08  9.98 11.08 11.12 12.21 13.19 14.41 16.35 18.23 18.70 20.14 21.51 23.21 24.53 25.23 25.38 25.30 25.11 25.07 24.64 23.78 22.47
traj-8:
21.60 21.37 21.15 21.07 21.20 21.32 21.70 21.70 21.73 21.81 21.76 22.08 22.22 22.17 22.15 21.43 20.66 20.20 19.49 18.65 19.38 20.89 22.01 23.01 24.50 26.22 27.57 27.70 27.72 27.47 27.68 28.15 28.47 28.43 28.40 28.32 28.38
 1.22  1.77  3.56  5.12  6.52  7.89  9.62 10.97 11.64 13.44 14.61 16.43 18.19 19.88 21.01 22.27 23.35 24.45 25.09 25.30 26.06 27.28 28.32 29.29 29.42 29.86 28.46 26.98 25.08 23.37 21.83 19.97 18.91 17.67 16.15 15.36 13.88
traj-9:
21.68 21.41 20.01 18.11 16.40 15.51 13.74 13.45 12.35 11.45  9.75  8.15  7.11
 1.95  2.47  3.86  4.28  4.30  4.40  4.55  4.60  6.14  7.41  7.28  7.55  7.36
traj-10:
21.53 21.42 21.39 21.51 21.72 21.89 22.07 22.13 22.21 22.19 22.07 22.11 22.11 22.17 22.15 21.44 20.64 19.54 17.83 16.43 14.74 14.03 12.91 12.93 14.32
 0.97  2.48  4.28  6.13  8.02  9.89 11.80 13.75 14.38 15.55 17.38 18.48 19.63 21.28 22.16 23.82 24.43 25.01 25.21 25.12 24.61 23.39 22.40 20.51 19.45
traj-11:
22.74 22.17 21.87 21.82 22.06 22.02 21.98 21.95 21.96 21.91 21.98 22.07 22.17 22.10 21.55 21.20 21.22 21.24 21.54 21.96 22.17 21.58 23.10 24.85 25.44 27.06 27.64 28.00 28.94 29.79 30.78 31.51 32.35 33.31 34.15
 0.49  1.88  3.79  3.93  5.84  6.74  8.18  9.12 10.81 11.80 13.25 14.37 15.72 16.82 18.33 19.17 21.11 22.97 24.30 25.99 26.83 28.29 29.15 29.07 29.01 28.37 27.19 25.71 24.41 22.81 21.19 20.56 18.87 17.43 15.73
traj-12:
21.35 20.80 20.55 19.31 17.57 16.41 15.56 14.12 13.35 12.48 10.74  9.81  8.50
 0.68  2.45  3.28  4.32  4.27  4.26  4.16  4.31  4.47  5.02  5.75  6.46  7.54
traj-13:
20.80 20.89 20.84 21.04 21.28 21.46 21.75 21.86 22.04 22.14 22.22 22.26 22.31 22.35 22.35 22.00 21.24 20.71 19.86 17.93 16.02 15.32 14.64 13.17 11.50 10.52  8.54  7.14
 1.93  3.85  5.02  6.16  7.26  8.50  9.42 10.45 12.19 13.36 14.26 15.67 16.56 18.46 19.31 20.95 22.76 24.07 25.68 25.62 25.06 23.50 21.80 21.62 21.84 21.90 22.07 22.24
traj-14:
22.51 22.32 21.61 21.27 21.46 21.71 21.73 21.72 21.71 22.06 22.19 22.19 22.21 22.30 21.37 20.77 20.93 21.09 21.45 21.58 22.02 22.19 22.68 24.56 26.33 26.85 27.95 28.46
 0.67  0.90  2.48  4.11  6.03  7.45  7.65  8.47  9.88 11.71 12.99 14.54 15.55 17.33 18.87 20.32 21.55 22.69 24.42 25.01 26.87 27.69 29.38 29.31 29.54 29.84 31.25 31.92
traj-15:
22.51 22.40 21.83 21.43 19.69 17.84 16.10 15.21 13.48 11.69 10.74  9.77  7.97  7.39  6.40
 1.38  1.84  3.60  4.76  5.00  4.56  4.57  4.51  4.65  5.48  6.54  7.66  6.93  5.99  4.77
traj-16:
22.57 22.28 21.83 21.83 21.97 22.00 22.00 22.08 22.03 21.97 21.91 21.93 21.97 22.16 22.20 22.26 22.07 20.86 19.99 18.25 16.59 14.93 15.18 14.91 13.54
 1.23  2.31  4.17  5.72  7.23  9.19 10.99 12.30 13.35 14.78 15.97 17.51 18.96 20.92 21.82 23.58 25.02 26.40 26.40 26.23 25.97 25.32 23.42 21.71 21.79
traj-17:
21.60 21.65 21.71 21.89 21.99 22.07 22.08 22.11 22.08 21.79 21.69 21.32 21.14 20.82 20.55 20.78 21.49 21.55 21.68 22.00 22.70 24.32 25.19 26.66 28.34 29.81 30.59 32.11 33.58 34.93 35.18
 0.47  1.79  3.07  4.97  6.27  7.05  8.80  9.39 10.95 12.68 13.12 14.85 15.62 17.35 18.61 20.45 22.27 23.24 25.02 26.87 28.52 29.48 29.61 29.09 28.37 28.44 28.18 27.69 27.43 27.43 27.97
traj-18:
21.51 21.14 20.08 18.47 16.48 15.03 13.26 11.67 10.59
 1.23  2.39  3.74  4.29  4.47  4.60  4.69  5.14  4.32
traj-19:
21.66 21.36 21.34 21.47 21.51 21.54 21.73 21.89 22.04 22.14 22.22 22.16 22.12 21.92 21.95 21.99 22.01 21.04 19.28 17.33 15.75 14.96 14.75
 0.55  2.52  3.73  5.08  6.37  8.29  9.58 10.65 12.09 12.88 14.28 16.20 17.63 19.41 21.33 23.05 23.90 25.38 25.49 25.37 24.47 22.82 22.26
traj-20:
20.68 20.78 20.68 20.82 20.99 21.18 21.40 21.51 21.66 22.04 22.13 22.22 22.24 22.14 22.14 22.13 22.15 22.14 22.15 22.45 24.04 25.74 27.48 27.77 28.50 29.36 29.58 30.21 30.66 30.28 30.85 31.85 32.75 33.48 34.06 34.86 35.08
 1.48  2.97  4.35  5.99  7.41  8.92 10.02 11.08 12.61 14.17 15.86 17.79 18.63 20.45 21.62 22.81 23.97 25.44 27.38 28.64 29.58 30.12 30.31 30.27 28.58 27.82 25.86 24.88 23.93 22.16 21.43 19.84 18.30 16.81 15.13 13.37 12.84
traj-21:
20.08 21.01 21.67 21.12 19.55 17.63 16.76 15.30 13.85 12.50 11.45 10.00  8.87  7.39  6.06
 0.94  2.67  4.40  5.81  4.93  4.89  4.82  4.78  4.71  6.18  7.77  7.34  6.87  6.24  5.71
traj-22:
22.49 22.44 22.24 22.11 22.24 22.24 22.29 22.03 21.84 21.90 22.20 22.11 21.98 21.33 20.37 19.31 17.61 16.64 14.91 13.26 11.41  9.60  8.85
 1.12  2.72  4.35  6.15  7.94  9.87 11.57 13.51 14.69 16.62 18.33 19.76 21.36 22.68 24.24 25.61 25.44 25.09 24.49 23.84 23.63 24.25 24.41
traj-23:
22.02 21.65 21.60 21.60 21.66 21.88 21.78 22.00 22.02 21.91 21.86 21.88 21.93 21.99 22.06 22.08 22.14 22.05 21.69 22.43 22.97 24.41 24.99 26.46 28.21 29.38 29.32 30.14 30.96 30.25 30.65 30.98 31.90 32.85 33.77 34.78
 1.96  2.84  4.33  5.55  6.87  8.71 10.57 11.98 13.66 14.65 15.67 17.59 19.07 20.21 21.95 23.02 24.46 25.61 27.36 28.72 29.11 29.14 29.11 29.13 28.79 27.37 27.09 25.41 24.07 22.42 20.61 18.88 18.17 17.40 15.67 14.16
traj-24:
22.11 21.80 21.51 19.88 18.15 16.41 14.95 13.03 12.19 12.26
 0.56  1.98  3.43  4.52  4.63  4.78  4.79  4.87  6.05  7.25
traj-25:
21.82 21.66 21.40 21.23 21.07 20.85 20.86 21.04 20.77 21.15 20.99 21.01 21.11 20.92 20.70 21.89 21.91 22.22 21.69 20.37 18.61 17.73 16.54 15.37 14.35 13.40 11.69 10.64
 0.54  1.49  3.24  4.72  5.53  7.36  7.66  9.59 10.77 12.50 13.36 15.23 16.05 17.71 19.70 20.37 21.38 22.77 24.56 25.15 25.12 25.11 25.05 25.00 23.36 22.68 22.69 22.72
traj-26:
20.78 20.81 21.13 21.47 21.62 21.97 22.05 22.30 22.27 22.22 22.18 22.11 22.13 22.22 22.32 22.29 22.29 22.06 22.02 21.97 22.55 23.06 23.92 25.06 26.22 27.39 28.41 29.10 29.33 29.60 29.93 30.15 30.57 30.82 32.21 32.99 34.68 35.41
 1.03  1.33  3.07  4.99  6.31  8.12  8.61 10.34 12.30 13.86 14.95 16.87 17.47 18.93 20.40 21.57 23.31 25.07 25.37 27.23 28.71 29.01 29.09 29.19 29.31 28.37 27.87 26.81 24.97 23.83 22.14 21.09 19.88 18.29 17.52 17.23 16.36 15.49
traj-27:
21.23 21.11 21.12 19.91 17.99 16.55 14.81 13.08 11.70 11.67
 1.48  2.48  4.12  4.50  4.59  4.66  4.81  4.79  6.18  6.71
traj-28:
22.25 22.22 22.05 21.99 21.91 21.89 21.86 21.70 21.63 21.59 21.54 21.40 21.34 21.04 20.30 20.33 20.83 21.02 20.03 18.34 16.40 15.28 14.68 13.26 13.00 13.22 13.65
 0.82  1.69  3.26  4.63  5.89  6.86  7.40  9.27 10.05 11.59 12.59 14.55 16.24 17.88 19.67 19.97 21.79 23.65 24.44 25.23 25.24 24.56 22.76 21.52 21.38 19.42 17.78
traj-29:
22.52 22.31 22.06 21.93 21.81 21.81 21.51 21.08 20.64 20.52 20.45 20.51 20.73 21.54 21.76 21.63 21.84 22.01 22.11 22.66 23.54 25.17 25.77 27.69 29.17 30.37 31.72 32.19 33.17 33.10
 1.74  2.65  4.61  5.47  6.79  7.60  9.09 10.99 12.63 14.23 15.79 17.65 19.38 20.98 21.40 22.63 24.45 26.42 27.01 28.33 29.04 29.05 29.09 28.73 27.93 27.43 27.00 25.56 23.92 23.63
traj-30:
21.12 21.74 22.43 22.32 21.62 20.66 19.17 17.28 16.71 15.26 13.81 12.65 11.56 11.38 10.38  9.78  8.09  7.54  5.86  5.05
 0.69  1.30  2.89  4.29  6.07  5.53  4.95  4.65  4.59  4.65  4.72  4.78  5.99  6.41  7.73  8.46  8.66  8.66  8.78  8.44
traj-31:
22.18 22.11 22.08 21.65 21.12 21.51 21.91 22.04 22.13 22.18 21.71 21.17 20.43 20.83 21.77 20.81 20.09 18.64 16.65 16.35 14.40 13.53 12.06 10.34
 1.63  3.51  5.43  6.72  8.15  9.84 11.58 12.74 14.19 15.91 17.80 18.76 20.56 22.00 23.58 24.43 25.05 25.30 25.25 25.25 25.30 25.43 24.62 23.66
traj-32:
21.34 21.40 21.51 21.45 21.37 21.33 21.53 21.70 21.88 22.08 22.08 22.12 22.14 22.13 22.25 22.21 22.16 21.90 22.17 22.98 24.31 25.70 27.12 27.39 27.88 29.08 29.98 30.94 31.85 32.96
 1.29  3.04  4.82  6.79  8.56  9.64 11.44 13.09 14.15 15.96 16.92 18.03 19.77 20.37 22.09 23.56 25.24 27.16 27.52 29.20 29.28 29.31 28.84 28.37 27.93 26.59 24.81 23.54 22.03 20.40
traj-33:
22.41 22.17 22.02 20.71 19.53 18.34 17.45 16.25 14.50 13.90 12.58 11.57 11.27  9.71  9.38  7.60  6.76
 1.53  3.29  3.55  4.85  4.88  4.94  4.95  4.91  4.92  4.92  5.79  6.59  6.56  7.42  7.80  8.49  9.01
traj-34:
21.01 21.26 21.22 21.37 21.47 21.69 22.16 22.06 22.00 22.17 21.93 21.57 21.05 20.93 21.35 21.75 21.28 20.42 19.17 17.71 16.57 15.65 14.38 13.40 12.82 12.37
 1.69  2.47  4.16  5.31  6.42  7.83  9.39 10.86 12.59 14.20 16.14 17.12 18.57 19.20 20.74 22.23 23.19 24.23 25.37 25.15 25.03 24.48 23.19 21.59 20.72 19.15
traj-35:
21.28 21.34 21.41 21.44 21.36 21.26 21.31 21.36 21.42 21.57 21.56 21.84 21.95 21.82 21.48 21.37 21.18 20.82 20.71 21.64 22.32 23.60 25.47 27.29 28.23 28.69 29.26 29.95 31.16 32.48
 1.99  3.52  5.22  6.06  7.30  9.02  9.89 11.24 12.43 14.36 14.66 16.53 18.45 19.19 20.53 21.32 22.84 24.65 25.39 26.48 28.34 29.07 29.00 28.30 26.80 25.81 24.62 23.22 22.28 21.11
traj-36:
21.54 21.53 21.08 19.47 19.25 18.35 16.59 16.29 14.53 13.37 11.81 10.80 10.03  8.95  8.10
 1.23  3.11  3.47  4.58  4.64  4.60  4.63  4.63  4.65  4.65  5.40  6.07  7.03  8.35  9.15
traj-37:
21.76 21.70 21.81 21.85 21.61 21.20 21.11 20.85 21.16 21.51 21.63 21.79 21.96 22.12 22.24 22.13 22.06 21.93 20.84 18.98 17.57 16.64 15.11 14.02 12.63 11.04
 1.12  1.87  3.30  5.03  6.98  8.81 10.17 10.90 12.85 14.04 15.62 16.82 17.96 19.06 20.79 22.24 23.11 24.99 26.06 26.03 25.56 25.28 24.47 24.20 23.87 24.84
traj-38:
22.42 22.27 22.17 22.06 21.88 21.92 21.88 21.94 22.04 21.62 21.26 21.35 21.51 21.78 22.00 22.19 22.07 22.06 21.95 22.22 22.65 23.66 25.09 26.86 28.26 28.68 29.02 28.67 28.32 28.07 27.43
 1.87  3.26  4.23  5.30  6.87  8.56 10.55 11.86 13.25 14.40 15.21 16.61 17.48 18.66 20.26 21.61 23.60 24.10 25.80 27.52 28.63 29.16 29.32 29.17 27.80 27.41 25.44 24.34 23.24 22.41 20.60
traj-39:
21.00 21.10 21.24 21.00 19.30 17.64 15.89 14.45 12.51 11.11 10.34  9.54  9.36  9.86
 0.87  2.45  4.30  5.90  4.88  4.77  4.79  4.80  4.96  6.01  6.40  7.97  8.83  9.13
traj-40:
20.03 20.14 20.50 20.77 21.21 21.17 21.23 21.20 21.68 22.13 22.08 22.05 21.97 22.09 21.87 21.28 20.39 19.38 17.43 16.83 14.91 13.94 12.56 11.33
 1.78  2.33  4.16  5.96  7.43  8.97 10.57 12.31 13.37 15.28 16.66 17.56 19.36 20.53 22.26 23.81 24.61 25.10 25.42 25.42 24.89 24.13 23.04 22.05
traj-41:
21.00 21.04 21.28 21.54 21.77 22.14 21.97 22.00 21.96 22.14 22.28 22.32 22.28 22.21 22.16 22.16 22.13 22.13 22.16 22.82 24.11 24.86 26.84 28.15 28.96 30.74 30.84 31.23 31.51 31.36 31.66 31.80 31.94 32.36 32.78 32.77 32.79
 1.24  2.08  3.95  4.79  6.71  8.40  9.70 11.40 13.23 14.06 15.81 16.99 18.76 20.22 21.63 23.11 24.89 25.47 27.22 28.59 29.31 29.59 29.46 28.37 27.65 26.74 24.83 23.20 21.89 20.48 18.69 17.59 16.16 14.39 12.69 11.54 10.38
traj-42:
20.96 20.98 19.46 19.16 17.42 16.24 14.51 13.33 12.00 11.26 10.11 10.24
 1.64  3.02  4.08  4.11  4.24  4.27  4.26  4.30  5.05  6.06  7.61  8.33
traj-43:
22.29 22.26 22.30 22.20 22.14 22.13 22.11 22.10 21.69 21.10 21.17 21.29 21.53 21.93 21.94 21.83 20.40 18.92 16.99 16.14 14.93 13.60 12.58 11.09  9.45  8.09
 1.91  2.51  4.48  6.08  7.55  9.30 10.20 11.56 12.83 14.37 16.09 17.17 19.14 20.42 22.41 23.68 24.82 25.05 25.04 25.04 23.54 22.08 20.98 20.96 21.28 21.57
traj-44:
21.19 21.23 21.25 21.43 21.65 21.68 21.76 21.80 21.90 21.98 22.14 22.16 22.29 22.25 22.06 22.14 22.06 21.99 21.60 22.18 22.80 23.69 25.37 25.95 27.45 28.43 29.34 29.47 29.73 29.37 29.30
 0.53  2.29  2.59  4.40  6.12  7.40  8.93  9.66 10.99 12.16 14.10 14.24 16.15 16.74 18.69 20.43 22.40 23.51 25.45 27.36 28.73 29.22 29.50 29.63 29.27 29.12 27.37 27.10 25.28 23.76 23.27
traj-45:
20.26 20.36 20.59 20.67 19.86 17.91 16.17 14.43 13.84 12.97 12.87 11.53 10.35  8.51  6.96
 1.40  1.84  3.76  4.05  4.62  4.63  4.58  4.67  4.80  5.36  5.64  6.86  7.94  8.06  8.29
traj-46:
21.55 21.47 21.32 21.15 21.03 20.94 20.80 20.66 20.69 20.79 21.05 21.52 21.60 21.75 21.96 22.07 22.11 20.88 19.04 17.62 15.62 14.51 12.75 12.02 11.49 11.49 10.02  8.11  6.94  5.43
 1.40  3.28  4.07  5.85  7.56  9.11 10.59 11.91 13.23 14.71 15.23 17.06 18.40 19.59 21.08 22.49 23.37 24.64 25.21 25.17 25.09 24.74 24.47 23.08 21.55 19.73 19.76 20.04 20.64 21.78
traj-47:
20.23 20.45 20.78 21.13 21.40 21.80 21.96 22.01 22.07 22.19 22.28 22.29 22.25 22.22 22.24 22.23 22.11 22.11 21.86 23.31 24.40 25.67 26.63 28.16 29.33 29.98 30.92 31.78 32.26 32.77 33.14 33.77 34.35 34.77 35.18 35.67
 1.54  2.53  3.79  5.65  7.58  9.45 10.84 12.31 14.24 15.67 16.54 18.52 19.70 20.86 22.64 24.38 26.08 26.38 28.36 29.18 29.46 29.42 29.29 28.14 26.93 25.75 24.03 22.83 21.68 19.86 18.85 17.15 15.58 14.35 12.94 11.23
traj-48:
21.15 20.99 20.97 19.48 19.19 17.44 15.68 14.53 13.06 11.11  9.59
 0.71  2.60  2.90  4.21  4.26  4.23  4.27  4.37  4.47  4.73  5.16
traj-49:
22.73 22.67 22.65 22.45 22.06 21.95 21.96 22.24 22.43 22.48 22.56 22.46 22.39 22.38 22.29 22.19 22.13 21.64 19.98 18.16 17.29 15.86 14.97 14.26 12.66 11.36 10.35  9.15  7.67
 1.53  2.38  4.11  6.08  7.91  9.35 11.19 12.96 13.83 14.12 16.08 16.97 18.38 19.25 21.21 22.35 23.55 25.35 25.46 25.43 25.39 24.60 23.59 23.02 22.76 22.59 22.37 22.33 22.91
traj-50:
22.39 22.18 22.05 22.03 21.99 21.78 21.54 21.06 21.08 21.26 21.29 21.55 21.77 21.91 21.99 21.68 21.54 21.14 21.27 20.72 20.89 21.83 22.55 23.47 25.14 26.30 28.06 29.34 29.95 31.87 31.29 31.18 30.92 30.79 30.63 30.31 30.07 29.92 29.80 29.65 29.83
 0.42  1.89  3.02  4.96  5.37  7.26  7.86  9.18  9.29 11.19 11.39 13.28 15.00 16.11 17.82 19.77 20.49 21.93 23.91 25.50 26.08 27.32 28.46 29.10 29.45 29.42 28.99 27.76 26.76 26.34 24.71 22.84 20.89 19.82 18.45 16.97 15.70 14.54 12.72 10.77 10.27
traj-51:
21.81 21.72 21.42 19.61 17.98 17.41 15.66 13.76 12.58
 1.31  1.89  3.83  4.63  4.32  4.28  4.24  4.29  4.32
traj-52:
21.09 21.39 21.62 21.98 22.02 21.97 21.93 21.91 21.72 21.66 21.62 22.03 21.92 21.92 21.98 21.97 20.27 19.43 18.01 16.84 15.87 14.59 14.16 12.45 10.72  9.93
 1.43  2.94  4.43  6.34  8.32  9.96 11.69 13.64 15.42 15.79 17.46 19.03 19.88 21.68 22.26 24.01 24.64 25.02 25.13 25.16 24.67 23.28 21.34 20.52 19.67 20.09
traj-53:
20.14 20.42 20.58 20.85 20.97 21.07 20.96 21.22 21.28 20.68 20.52 20.77 20.94 21.42 21.63 22.00 22.19 21.95 22.21 21.84 23.74 25.48 27.23 28.94 29.99 30.32 31.35 31.89 33.86 34.56 35.11
 0.60  1.67  2.89  4.39  5.54  7.11  8.82 10.49 11.02 12.66 14.37 15.42 16.20 17.84 19.16 20.97 22.69 24.66 26.59 28.48 29.07 29.06 28.93 28.26 26.67 26.03 24.59 23.62 23.34 23.18 23.77
traj-54:
21.37 21.30 20.68 20.35 19.65 18.19 16.74 15.58 14.71 13.13 11.32  9.50  7.84  6.52
 0.55  1.24  2.99  3.70  4.35  4.40  4.48  4.48  4.45  4.81  5.50  6.09  6.21  5.57
traj-55:
20.81 20.93 20.95 20.88 20.93 21.07 21.30 21.42 21.62 21.54 21.68 21.14 20.35 21.06 21.63 20.39 18.83 17.16 16.61 15.38 14.26 13.24 12.41 11.99 10.49  9.98
 1.97  2.84  4.69  6.32  6.91  8.35  9.89 11.33 13.20 15.13 16.83 18.72 20.52 22.05 23.86 25.19 25.51 25.39 25.19 24.38 24.00 22.41 20.97 19.41 19.04 19.06
traj-56:
21.55 21.58 21.52 21.43 21.43 21.45 21.46 21.50 21.72 21.61 21.57 21.37 21.34 21.42 21.35 21.12 21.40 21.19 21.08 22.76 23.05 23.62 25.06 26.51 28.16 28.84 29.89 30.92 31.59 32.32 32.74 33.46 34.02 34.35 34.97 35.28
 1.76  3.58  4.03  5.90  6.20  8.03  9.78 11.71 13.63 15.43 17.01 18.84 20.52 21.57 23.11 25.05 27.01 28.47 29.87 30.33 30.39 30.58 30.77 30.97 29.84 29.48 28.12 26.54 24.79 23.36 21.81 20.25 18.64 17.95 16.42 15.59
traj-57:
20.42 20.21 20.04 18.48 16.73 15.01 14.30 12.56 11.83 11.04
 1.15  2.76  3.58  4.18  4.36  4.53  4.54  4.76  6.53  6.85
traj-58:
22.22 21.63 21.71 22.16 21.94 22.32 22.45 22.32 22.25 22.16 22.05 22.00 21.99 21.90 21.03 20.15 18.34 16.41 15.82 14.51 12.98 13.08 13.54
 1.97  3.49  4.21  6.04  7.32  8.43 10.17 12.16 14.09 15.27 17.22 17.76 19.62 21.28 22.97 24.54 25.27 25.13 25.12 24.75 23.79 21.84 21.46
traj-59:
22.10 21.93 21.91 21.86 21.83 21.92 21.97 21.94 22.09 22.02 22.05 22.15 22.22 22.05 22.04 22.00 22.06 22.48 22.64 22.88 24.14 25.03 26.79 27.35 27.83 28.07 28.65 29.33 29.97 30.79 31.56 31.91 32.50 33.12 33.59 34.11 34.45
 1.59  3.28  4.13  6.13  7.50  8.87 10.20 11.92 13.36 15.10 16.47 18.18 19.75 21.01 23.00 24.91 26.03 27.86 28.46 28.65 29.97 29.88 29.37 29.03 27.14 25.56 23.97 22.86 21.10 19.41 17.91 17.06 15.38 13.69 12.53 11.24 10.51
traj-60:
21.62 21.65 20.44 19.03 18.45 16.97 15.20 13.56 13.19 12.38
 1.92  2.22  3.56  4.14  4.22  4.19  4.08  4.30  4.78  6.33
traj-61:
21.36 21.42 21.68 21.88 21.88 21.92 21.96 21.96 22.00 22.11 21.90 21.69 21.61 21.49 21.39 20.07 19.30 18.04 16.64 15.89 15.13 14.70 13.16 11.53  9.88  8.14  7.45
 0.57  1.30  3.18  5.10  6.64  8.59  9.25 10.77 12.58 14.21 16.03 17.97 19.48 21.21 23.17 24.48 25.39 25.31 25.16 24.75 23.21 22.09 21.40 21.06 20.67 20.15 19.89
traj-62:
21.36 21.79 22.29 22.22 22.12 21.98 21.99 21.86 22.06 22.13 22.14 22.03 21.62 21.34 21.23 20.77 20.70 21.40 21.94 22.67 23.18 24.49 25.61 26.72 28.37 29.99 30.80 30.69 30.50 31.21 31.54
 0.95  2.51  4.28  5.43  6.54  7.98  9.84 11.09 12.39 13.69 15.67 17.07 18.97 20.90 21.50 23.34 24.53 26.20 27.21 28.37 29.04 29.92 29.88 29.88 29.83 29.91 28.08 27.54 25.64 23.81 22.16
traj-63:
22.59 22.42 21.42 19.55 18.38 17.52 16.38 14.91 13.73 12.22 11.52 10.25  9.16  7.37  6.58
 1.25  2.10  3.72  4.39  4.55  4.63  4.77  4.89  4.90  5.76  6.66  8.14  9.10  8.62  8.39
traj-64:
20.39 20.69 21.10 21.25 21.38 21.38 21.29 21.12 21.03 20.55 20.88 21.28 21.62 22.08 22.29 22.26 22.32 22.24 22.15 22.00 20.29 19.73 18.00 17.70 15.98 14.57 13.71 12.43 11.54 10.73 10.37  9.08  9.53
 0.84  1.35  3.07  4.33  5.47  7.38  8.14  9.41 11.00 12.60 14.47 15.94 16.49 17.14 18.83 19.67 21.37 22.84 23.72 25.54 26.32 26.31 26.39 26.36 26.19 25.90 25.65 25.19 24.73 23.11 22.94 21.50 20.05
traj-65:
22.73 22.25 22.02 21.84 21.69 21.50 21.18 21.01 20.67 20.76 21.00 21.12 21.25 21.43 21.62 21.88 22.04 22.07 22.68 23.78 25.24 26.42 27.11 27.34 28.09 27.51 27.78 27.99 28.15 28.47 29.17 30.70 31.25 32.24 33.12 33.57 34.47 35.25
 0.83  2.76  3.89  5.24  6.43  7.70  9.61 10.41 12.24 14.17 16.04 17.80 19.62 20.69 22.37 24.25 25.94 27.01 28.47 29.04 29.09 29.11 27.47 27.27 25.67 23.79 22.72 20.79 18.80 17.15 15.41 15.22 14.53 13.10 12.13 11.60 10.32  9.32
traj-66:
21.73 21.61 20.03 18.28 17.99 16.24 15.65 13.69 12.10 11.85 10.36  8.70  7.15  6.42  5.11
 1.97  3.23  4.45  4.71  4.75  4.85  4.83  4.78  5.76  7.69  8.67  8.05  7.58  7.33  6.91
traj-67:
21.41 21.46 21.58 21.74 21.73 21.68 21.66 21.73 21.87 21.89 21.91 21.93 21.89 22.02 21.99 21.94 21.33 21.29 19.64 18.22 16.32 15.07 14.69 14.06 13.36 11.72 10.32  9.56
 1.44  2.03  4.01  5.73  6.73  8.18  9.04 10.39 12.25 13.43 14.78 16.48 16.89 18.82 20.55 21.72 23.51 24.91 25.72 25.59 25.02 24.22 23.15 21.56 19.75 18.83 18.24 17.92
traj-68:
20.11 20.62 20.84 20.96 21.30 21.60 21.95 22.14 22.26 22.16 22.10 21.99 21.94 21.86 21.77 21.60 21.32 21.67 22.04 22.22 22.57 23.34 24.75 26.55 28.27 29.29 30.63 32.22 33.24 33.67 34.25 34.73
 0.50  1.91  3.87  4.74  6.42  7.85  9.55 11.00 12.05 14.01 15.12 16.57 17.65 18.95 20.30 21.89 23.42 24.34 26.08 26.87 28.79 29.31 29.19 29.04 28.79 28.47 27.26 26.12 24.43 23.07 21.16 19.49
traj-69:
20.07 20.27 20.25 18.76 17.31 16.73 15.04 13.90 12.74 11.47
 0.81  2.22  3.87  4.40  4.69  4.71  4.84  4.80  5.62  7.05
traj-70:
20.60 20.86 21.08 21.55 21.71 21.78 21.72 21.71 21.75 21.74 21.36 21.69 22.06 21.65 21.93 21.17 19.58 17.63 17.33 15.64 15.12 13.45 13.03 14.72
 0.67  1.97  2.81  4.44  6.16  7.63  9.35 10.85 12.72 14.58 16.51 17.72 19.66 21.61 22.77 24.61 25.45 25.60 25.63 25.29 24.98 23.88 22.17 21.39
traj-71:
21.71 21.68 21.61 21.49 21.43 21.27 21.21 21.13 21.01 20.95 21.01 21.08 21.35 21.62 21.92 22.13 22.30 22.37 21.92 21.79 21.43 22.28 24.20 26.20 27.44 27.75
 1.15  3.13  4.01  5.04  6.71  8.49 10.14 11.32 13.00 13.39 14.68 16.11 17.39 19.14 20.53 22.21 23.67 24.55 26.44 27.24 28.40 29.55 30.09 30.20 29.93 28.27
traj-72:
21.99 21.11 19.65 18.39 17.50 15.72 13.85 11.96 11.21 10.06
 1.75  3.50  4.81  4.92  4.93  4.92  4.70  4.87  5.35  6.72
traj-73:
20.52 20.65 20.75 20.92 21.07 21.19 21.28 21.14 21.16 21.46 21.64 21.55 21.58 21.80 21.92 22.14 22.16 22.13 22.12 21.46 20.20 18.55 17.96 16.31 14.85
 0.60  1.83  2.66  4.60  6.11  8.05  8.98 10.46 12.31 13.61 14.17 15.97 17.46 19.19 20.01 21.46 22.29 23.78 24.36 26.19 26.30 25.67 25.56 25.20 24.34
traj-74:
20.27 20.39 20.67 21.02 21.33 21.49 21.86 22.24 22.12 22.04 21.62 21.06 20.89 21.04 21.29 21.42 21.62 21.97 21.97 21.96 22.17 22.22 22.70 23.09 24.97 26.33 28.16 28.76 29.17 30.18 30.17 29.97 29.81 29.55 29.51 29.52 29.54 29.44 29.30 29.23
 0.69  1.27  2.68  4.31  5.84  6.55  8.26  9.76 11.30 12.13 13.95 15.34 15.95 16.51 18.14 18.67 20.19 21.97 23.78 24.87 26.81 27.10 28.62 29.42 29.71 29.72 29.11 28.17 26.44 25.05 23.42 22.57 21.29 19.55 18.38 17.38 16.30 14.45 13.12 11.99
traj-75:
22.19 22.17 22.15 20.77 19.37 17.38 15.64 13.78 12.15 11.54  9.89
 1.04  1.52  3.44  4.86  4.75  4.66  4.85  4.83  5.70  7.59  7.95
traj-76:
20.19 20.63 20.82 21.30 21.47 21.75 22.10 22.11 22.15 22.18 22.22 22.03 21.44 21.08 20.50 21.51 22.05 21.18 19.33 17.36 17.08 15.92 14.93 13.07 11.29 10.66  8.95  7.82  7.02
 1.24  2.94  3.69  5.55  6.06  7.66  9.27 11.24 12.88 14.62 15.47 17.11 18.72 19.60 21.51 22.99 23.89 25.63 25.85 25.99 25.87 24.46 23.05 22.80 22.08 21.68 21.15 20.75 20.44
traj-77:
21.29 21.27 21.21 21.21 21.26 21.33 21.46 21.89 21.79 21.77 21.83 21.73 21.76 21.73 21.92 22.05 22.28 22.34 22.15 21.96 23.53 24.99 26.46 27.26 27.47 28.24 28.23 27.99 27.68 27.47
 0.90  1.44  3.25  3.78  5.35  7.10  7.88  9.80 10.86 12.49 14.25 15.80 17.48 18.76 20.49 22.08 23.13 25.12 26.99 28.26 29.03 29.02 29.05 27.42 27.24 25.53 25.23 23.37 22.07 21.08
traj-78:
20.83 21.07 20.44 19.43 17.86 16.41 15.82 14.08 12.90 11.54 10.48  9.71
 1.82  3.16  4.43  4.96  4.64  4.66  4.70  4.84  4.97  5.82  7.05  7.98
traj-79:
22.51 21.92 22.07 22.23 22.27 21.96 21.71 21.90 22.03 22.04 21.92 22.16 22.25 22.16 22.07 21.07 20.03 18.83 17.14 15.47 14.67 13.60 12.23 11.27 10.05  8.86
 0.97  2.29  4.13  4.89  6.80  8.50  9.95 11.37 13.22 15.21 17.05 17.87 19.31 21.02 22.51 23.99 24.91 26.03 25.79 24.87 24.46 23.92 23.34 23.02 22.50 21.94
traj-80:
20.78 21.14 21.53 21.77 21.91 21.93 22.02 22.09 21.86 21.45 21.32 21.77 21.87 22.12 22.10 21.91 21.98 21.98 21.05 20.22 20.22 21.74 23.30 24.73 25.31 27.15 28.32 29.45 30.69 30.50 30.14 30.97 31.50 31.79 32.25
 1.73  3.67  5.16  6.64  8.44  9.33 10.26 12.07 12.92 14.06 15.88 17.34 17.87 19.60 20.13 22.00 23.76 24.32 25.80 26.28 27.06 28.29 29.06 29.31 29.42 29.47 29.26 28.70 27.16 25.30 23.70 22.09 20.59 19.11 17.32
traj-81:
22.53 21.84 21.38 20.35 19.34 18.75 17.30 15.55 14.84 13.33 11.55 10.27  8.92
 1.57  2.92  3.53  4.30  4.56  4.52  4.37  4.43  4.53  4.85  5.61  5.43  5.03
traj-82:
20.54 20.83 21.20 21.76 21.82 21.87 21.89 21.94 21.72 21.54 21.39 21.33 21.24 21.08 20.96 20.83 20.65 20.46 20.17 18.34 16.98 15.58 13.94 13.61 12.17 11.99 11.76 11.55 11.25
 0.66  2.32  4.05  5.94  6.42  7.86  9.84 10.44 12.13 13.99 15.65 16.58 18.50 20.09 20.76 22.74 24.37 26.08 26.14 26.11 25.56 25.15 24.39 24.06 23.14 22.01 20.91 19.58 18.10
traj-83:
20.28 20.44 20.74 20.93 21.21 21.30 21.63 21.89 22.07 22.32 22.25 22.31 22.19 22.00 22.08 21.84 21.68 21.66 21.67 21.77 21.82 23.04 24.79 26.49 28.16 29.47 30.44 32.13 33.85 34.10
 0.98  1.71  3.21  4.46  6.32  7.51  9.19 10.85 11.82 13.41 15.09 16.60 18.48 19.76 20.75 22.46 24.15 25.56 27.49 29.32 29.98 30.45 30.61 30.85 30.84 30.81 30.72 30.44 30.08 29.99
traj-84:
22.51 21.66 20.92 20.47 18.50 16.61 14.99 13.01 11.94 11.88 11.66 11.91 11.59
 1.10  2.80  4.28  4.58  4.87  4.95  4.75  4.96  6.34  7.15  8.99  9.17  9.33
traj-85:
20.76 20.90 21.13 21.13 21.22 21.27 21.52 21.50 21.71 21.89 21.99 22.11 22.21 22.10 22.07 22.04 22.09 20.86 19.64 18.63 16.85 15.28 14.81 13.57 12.67 10.79  9.05  8.72  7.07  6.50
 1.39  3.11  4.94  5.76  7.64  7.92  9.87 10.58 12.30 13.94 15.08 16.22 18.20 19.92 20.52 22.41 23.81 25.38 25.55 25.42 25.27 24.20 23.83 22.90 22.58 22.95 23.23 23.29 23.60 23.67
traj-86:
20.96 21.08 21.22 21.24 21.36 21.47 21.56 21.57 21.95 22.14 22.27 22.29 22.14 22.00 22.21 22.25 21.83 21.03 20.44 20.19 20.20 21.76 22.32 23.77 25.53 27.23 28.81 28.72
 0.91  1.99  3.07  4.10  5.96  7.46  9.23 10.12 11.83 13.47 15.24 16.10 17.80 19.44 21.39 22.17 23.76 25.52 26.52 28.12 29.25 30.40 30.44 30.51 30.61 30.49 29.55 28.02
traj-87:
20.90 20.89 20.68 20.50 18.91 17.19 16.01 14.55 13.97 12.71 11.99 11.72 10.03  8.42
 1.48  1.78  3.72  5.01  4.89  4.69  4.64  4.59  4.54  5.40  5.90  6.02  6.35  5.26
traj-88:
21.05 21.14 21.29 21.45 21.56 21.54 21.53 21.59 21.89 21.74 21.92 22.09 22.05 22.14 22.20 22.28 22.11 20.90 20.60 18.67 16.92 15.43 15.05 15.00 14.15 13.13 11.99 10.47  9.47  7.78  6.61
 1.81  2.49  4.09  5.68  6.51  7.01  9.00 10.05 12.01 13.46 14.31 16.15 18.08 19.25 20.45 22.15 23.32 24.88 24.93 25.20 25.10 24.19 23.15 22.66 21.34 19.82 19.34 18.97 18.51 17.83 17.48
traj-89:
20.34 21.43 22.08 22.12 22.14 22.12 22.03 21.71 21.53 21.25 20.89 20.74 20.63 20.92 21.03 21.03 21.54 22.12 21.26 20.36 20.03 21.09 22.52 24.51 25.66 26.84 28.75 29.54 30.61
 1.56  3.24  5.06  6.49  7.09  9.00  9.80 11.22 12.85 14.14 16.01 17.21 18.24 20.18 21.53 22.30 23.94 25.60 27.36 28.03 29.56 30.22 30.44 30.65 30.76 30.81 31.04 31.29 31.89
traj-90:
22.20 22.06 21.67 21.50 20.01 19.24 17.81 16.92 15.15 13.42 13.13 12.07 11.68 10.52 10.15
 0.73  2.02  3.90  4.15  5.27  4.97  4.89  4.85  4.76  4.78  4.82  6.04  6.69  8.24  8.50
traj-91:
21.74 21.76 21.79 21.80 21.81 21.89 21.98 22.05 22.14 22.26 22.45 22.20 22.17 22.14 22.05 22.04 22.02 21.20 19.83 18.94 17.75 16.38 15.44 15.22 14.58 14.17 13.61 13.25
 1.49  2.28  3.60  4.91  6.29  7.70  8.50 10.49 11.07 13.03 14.43 16.03 16.56 18.29 19.39 21.21 22.40 24.21 25.24 25.19 25.09 25.02 24.40 23.96 22.58 21.60 20.12 19.32
traj-92:
20.19 20.37 21.00 21.54 21.52 21.52 21.48 21.34 21.32 21.22 21.49 21.96 22.07 22.10 22.06 21.92 21.75 21.59 22.48 23.68 24.86 26.60
 1.49  2.06  3.93  5.82  7.76  9.59 11.06 12.99 13.29 15.18 17.04 18.97 19.86 21.05 22.43 24.31 25.50 26.77 28.54 29.15 29.56 30.17
traj-93:
22.47 22.36 21.26 19.91 19.13 17.67 16.23 15.65 13.70 12.75 11.44 10.12
 1.93  3.11  4.54  4.64  4.65  4.55  4.46  4.44  4.77  5.47  6.58  7.80
traj-94:
20.47 21.15 21.60 21.91 21.93 21.95 22.00 22.00 22.11 22.05 21.93 21.92 21.93 21.35 21.14 21.08 21.25 21.62 21.45 19.80 18.61 17.43 16.04 14.79 13.56 11.79 11.35
 1.95  3.82  5.14  7.06  8.98  9.28 11.16 11.76 13.71 14.26 15.86 17.30 17.60 19.32 20.70 22.52 22.76 24.48 25.09 25.52 25.44 25.31 25.12 24.37 23.33 22.90 22.69
traj-95:
22.70 22.60 22.14 22.00 21.81 21.76 21.73 21.67 21.63 21.56 21.68 21.70 22.21 22.16 22.08 22.01 22.20 22.59 23.31 24.99 26.10 27.26 28.01 28.22 28.78 29.05 29.41 29.50 29.82 29.99 30.06 30.21
 1.94  2.22  3.88  5.30  7.00  8.47  9.78 11.65 13.59 15.02 16.89 18.79 20.44 22.12 23.50 24.70 26.46 28.26 29.06 29.35 29.56 28.11 27.29 25.41 23.51 21.64 20.25 18.72 16.97 15.46 14.11 12.87
traj-96:
20.99 20.58 20.24 18.45 16.72 14.96 13.04 11.31 10.54
 1.14  3.09  3.58  4.37  4.52  4.73  4.99  5.56  4.77
traj-97:
20.62 20.72 20.79 20.84 20.94 21.17 21.18 21.38 21.54 21.69 22.20 22.09 21.62 21.21 20.90 21.25 21.70 20.43 20.21 19.04 17.38 15.90 15.66 14.92 14.46 14.34
 1.37  3.26  3.85  4.58  6.25  8.19  8.49 10.33 11.32 12.08 13.66 15.34 16.59 18.17 19.77 21.53 23.09 24.26 26.17 26.05 25.88 24.68 24.51 22.78 21.04 20.50
traj-98:
21.45 21.51 21.74 21.81 21.93 21.97 21.93 21.89 21.89 21.79 21.87 21.80 21.98 22.11 22.12 22.06 22.15 22.23 22.24 22.13 22.18 23.16 24.03 25.64 26.73 27.74
 1.15  1.74  3.59  4.58  5.71  7.32  8.78 10.72 11.18 12.93 14.26 16.18 17.44 19.16 21.12 21.98 23.78 25.56 25.86 27.76 28.06 29.10 29.16 30.07 30.39 30.64
traj-99:
21.56 21.08 20.25 19.29 18.11 17.22 16.00 14.57 13.23 11.59 10.23  8.52  7.34  6.47
 0.76  1.95  3.58  4.48  4.53  4.54  4.59  4.75  4.92  5.56  6.40  7.34  8.03  8.75
traj-100:
22.63 22.10 22.07 21.75 21.30 21.15 20.77 20.76 20.64 20.64 20.65 20.71 21.25 21.91 22.10 22.23 22.01 21.70 20.59 20.05 18.19 16.65 14.85 13.15 12.22
 1.74  3.44  4.19  5.75  7.15  7.83  9.64  9.94 10.71 12.66 13.29 14.66 16.36 17.77 19.19 20.35 22.32 22.72 24.26 24.97 25.61 25.01 24.26 23.49 23.01
traj-101:
20.11 20.30 20.62 20.72 20.95 21.30 21.50 21.75 21.80 21.94 21.96 22.00 21.98 21.97 21.40 20.93 21.24 21.58 21.76 22.09 23.69 25.16 26.61 28.34 28.46 28.39 28.37 28.75 29.13 29.52 29.48 29.48 29.24 29.23 30.02 31.44 33.08 34.61 35.05
 1.55  2.83  4.27  4.80  6.52  8.33 10.04 11.70 12.98 14.00 14.00 15.94 17.93 19.90 20.97 22.80 23.98 25.87 26.91 28.08 29.02 29.09 29.01 28.53 26.73 25.11 23.92 22.50 20.69 19.09 18.24 16.50 14.72 13.74 11.97 11.28 10.51 10.16  9.48
traj-102:
22.67 21.74 21.31 20.57 19.72 18.23 16.46 14.99 13.82 12.36 12.25 11.86 10.60  8.99  7.87
 1.94  3.20  4.02  4.68  4.76  4.88  4.93  4.91  4.90  5.75  6.02  7.88  9.14  9.59  9.91
traj-103:
20.87 21.05 22.13 22.08 22.12 22.00 21.84 21.56 21.40 21.31 21.17 21.09 21.28 21.43 22.06 22.23 22.26 22.30 21.40 19.78 18.29 16.86 15.76 14.77 13.78 11.97 10.01  9.29
 0.49  1.04  2.71  3.31  5.23  6.82  7.87  9.76 11.21 12.98 14.28 15.68 17.16 17.85 19.12 20.29 21.75 23.19 24.94 25.02 25.04 25.06 24.42 23.06 22.59 22.19 22.16 23.08
traj-104:
22.42 22.54 22.47 22.24 22.16 22.05 22.02 21.85 21.83 21.94 22.03 21.49 21.49 22.15 21.88 21.34 20.97 21.61 21.93 22.63 23.66 24.53 25.73 27.39 28.09 28.60 28.25 27.93 27.91 28.46 28.86 29.14 30.22 31.35 33.15 34.87
 0.52  2.27  3.70  5.39  5.94  7.47  8.84 10.45 11.83 13.09 13.91 15.59 17.52 19.27 21.20 23.12 24.99 26.35 27.09 28.62 29.14 29.09 29.05 28.45 26.74 25.25 23.43 22.11 20.20 18.36 16.67 14.77 14.21 13.92 13.51 13.10
traj-105:
22.38 22.45 21.51 20.33 18.64 18.07 16.30 14.54 13.39 12.11
 1.79  2.08  3.66  4.27  4.84  4.86  4.88  4.90  4.84  6.31
traj-106:
22.51 22.09 21.88 22.12 21.99 21.81 21.62 21.39 21.01 20.49 20.74 20.79 21.25 21.46 21.82 21.87 21.65 21.60 20.39 18.55 17.20 15.22 14.93 14.06
 0.65  1.86  3.77  5.19  7.10  7.73  9.43 10.88 12.07 13.11 15.04 15.67 17.44 18.24 19.79 21.21 22.80 23.33 24.46 25.17 25.18 25.05 24.95 24.86
traj-107:
21.99 21.94 21.88 21.97 21.96 21.93 21.78 21.64 21.71 21.75 21.82 21.92 22.02 21.98 22.04 22.10 22.08 22.18 22.23 22.75 23.65 25.38 27.17 28.43 28.76 29.75 31.38 31.72
 1.41  2.55  4.24  5.57  6.49  8.11  9.87 11.83 13.78 14.25 15.12 16.82 18.59 20.34 22.27 24.24 25.12 26.85 27.15 28.35 29.03 29.05 28.59 27.22 26.58 25.84 24.85 24.41
traj-108:
22.56 21.56 20.44 20.01 18.28 17.98 16.17 14.70 12.97 12.38
 0.41  2.02  3.36  3.77  4.25  4.24  4.25  4.23  4.11  4.10
traj-109:
22.40 22.10 22.04 21.98 22.04 21.99 22.06 22.07 22.20 22.14 22.03 21.96 21.85 21.59 21.36 21.34 21.24 20.65 21.07 19.50 17.50 16.05 15.30 14.08 12.86 11.82 11.68 11.50 11.49
 0.52  2.49  4.41  6.35  7.11  8.90  9.52  9.97 11.45 13.29 15.07 16.87 17.51 19.33 21.12 21.42 23.20 24.80 26.39 26.49 26.47 25.41 25.03 24.00 23.92 22.55 20.93 19.14 18.84
traj-110:
20.54 20.58 20.62 20.80 20.79 20.69 20.60 20.67 21.04 21.18 21.48 21.68 21.81 21.87 21.88 21.80 21.84 21.92 21.96 21.98 23.58 24.46 26.40 28.10 29.39 28.92 29.08 28.58
 1.48  2.04  3.92  5.54  6.56  7.81  9.73 11.33 13.29 14.79 15.94 16.85 18.69 19.16 20.83 22.48 23.27 25.20 26.56 28.14 29.08 29.13 29.23 28.21 27.03 25.43 23.48 22.48
traj-111:
22.43 21.16 20.03 19.11 17.36 15.92 15.33 13.38 12.78 12.42 10.65  9.90
 1.10  2.33  3.25  4.05  4.14  4.27  4.33  4.44  4.48  4.95  5.58  5.61
traj-112:
20.38 20.60 20.74 20.92 21.04 21.16 21.13 21.10 21.16 21.47 21.64 22.11 22.05 22.11 22.39 22.35 22.28 21.09 19.19 18.89 17.00 16.42 14.65 13.07 12.22 10.68
 1.98  3.46  4.34  5.92  7.20  8.12  9.60 11.54 12.79 14.01 14.87 16.68 18.60 20.36 21.78 22.68 23.79 25.02 25.05 25.04 25.07 25.07 24.20 23.96 24.08 24.29
traj-113:
21.82 21.68 21.55 21.37 21.40 21.39 21.53 21.62 21.64 21.70 21.73 21.90 21.82 21.71 21.73 21.94 22.13 22.14 22.78 23.89 24.74 26.53 27.77 28.67 29.97 31.22 32.57 33.88 34.79 35.32
 1.57  3.39  4.40  5.86  7.85  9.82 10.60 12.11 13.98 14.28 16.04 17.75 19.74 21.66 23.08 24.69 26.63 27.22 28.81 29.56 29.64 29.25 28.25 27.51 26.18 25.53 25.68 25.99 26.07 26.98
traj-114:
20.56 20.82 21.01 20.14 18.39 16.63 15.46 13.72 12.53 11.29  9.62  8.57  7.95
 0.76  1.94  2.73  4.53  4.86  4.86  4.80  4.77  6.29  7.57  8.26  7.54  7.07
traj-115:
20.11 20.60 20.85 21.56 22.02 22.10 22.12 22.13 21.80 21.59 21.29 21.17 20.91 21.26 21.36 22.16 22.12 22.21 22.37 22.14 20.86 18.97 17.35 16.19 14.58 14.03
 0.55  1.69  2.64  4.22  6.10  7.95  8.74 10.35 12.03 13.33 15.06 15.85 17.71 19.53 20.11 21.85 23.25 24.43 25.88 27.85 26.78 26.14 25.61 25.24 24.71 24.51
traj-116:
20.62 20.69 20.95 21.17 21.38 21.81 21.98 22.07 22.08 21.39 21.03 20.21 20.35 20.96 21.19 21.18 20.68 20.46 21.31 21.47 21.69 21.69 21.90 23.00 24.74 26.59 27.32 28.94 30.13 30.06 30.15
 1.48  2.31  4.03  5.06  6.46  7.78  9.63 11.23 12.12 13.81 14.52 15.95 17.11 18.62 20.52 20.68 21.00 22.09 23.33 23.93 25.89 27.52 28.87 29.16 29.34 29.51 29.68 28.52 27.43 26.63 24.71
traj-117:
22.54 22.23 21.52 20.53 19.16 18.29 16.81 15.34 13.69 12.46 11.18  9.35  8.23
 0.81  1.80  3.64  4.55  4.46  4.43  4.40  4.36  4.50  5.23  5.55  6.09  5.24
traj-118:
21.18 21.13 21.10 21.11 21.20 21.28 21.20 21.16 21.05 21.24 21.24 21.14 20.91 20.85 21.13 21.47 21.74 22.03 21.43 19.75 18.10 17.56 16.15 15.65 15.28 14.19 12.46 12.16 10.27  9.21  7.39  5.82
 0.45  0.73  2.72  4.63  6.62  7.32  8.12  9.24 10.68 12.62 14.40 15.39 17.22 17.62 19.56 21.30 22.73 24.13 25.85 26.57 26.00 25.84 25.00 24.67 23.67 22.20 21.73 21.70 21.70 21.69 21.80 21.71
traj-119:
20.10 20.52 20.96 21.64 22.25 22.40 21.48 21.18 20.47 20.48 21.36 21.48 22.03 22.05 22.02 21.94 21.91 21.91 22.05 22.28 22.49 24.15 25.59 27.45 29.20 29.92 29.50 29.96 29.63 29.13 28.47 27.94 27.72
 1.77  3.42  4.97  6.30  7.53  9.49 11.10 12.95 14.80 15.10 16.58 18.48 20.10 21.25 22.32 23.43 24.80 25.52 27.38 28.29 29.60 29.88 30.15 29.80 29.32 27.85 26.46 24.78 23.53 22.38 20.52 18.61 16.66
traj-120:
21.51 21.43 21.00 20.85 19.52 17.63 15.90 14.72 13.85 12.60 11.88 11.35  9.78  8.28
 1.12  1.61  3.42  5.02  4.82  4.61  4.72  4.71  4.71  5.61  6.00  6.35  5.50  5.69
traj-121:
20.72 20.81 20.95 20.82 20.83 20.85 20.81 20.82 20.83 20.79 20.57 21.08 21.62 22.52 22.66 22.53 22.16 21.99 20.57 18.70 17.23 15.47 13.84 12.47 11.34  9.65
 1.41  2.94  4.79  5.81  7.37  8.74 10.53 11.89 13.74 15.05 16.92 17.90 19.16 20.94 21.81 23.56 24.94 25.50 25.89 25.74 25.62 25.29 24.98 24.80 24.49 23.95
traj-122:
20.10 20.29 20.68 20.84 21.18 21.33 21.38 21.67 21.59 21.62 21.95 22.03 21.91 21.97 21.94 21.93 21.94 21.90 22.07 22.08 22.15 22.19 23.71 24.26 26.02 26.59 28.40 30.27 32.10 32.86 34.39 35.61
 0.53  1.62  3.56  5.51  7.10  7.64  9.31 10.82 12.74 13.01 14.80 16.61 16.87 18.00 19.70 20.75 22.13 22.86 24.85 25.71 27.16 28.05 29.20 29.19 29.13 29.18 28.76 28.62 28.94 29.04 29.20 27.81
traj-123:
20.38 20.24 20.08 19.22 18.62 16.78 15.04 13.84 12.62 12.12 10.54  9.40  8.22  7.42
 1.00  2.55  3.87  4.72  4.75  4.62  4.67  4.73  5.49  5.80  6.75  7.34  7.62  7.63
traj-124:
22.22 22.14 21.96 21.74 21.52 21.69 21.83 21.66 21.50 21.87 22.38 22.24 22.18 22.11 22.02 22.02 21.64 20.09 18.41 17.63 16.19 14.67
 1.83  2.42  3.89  5.11  6.96  8.37 10.32 11.60 13.27 14.75 16.42 18.38 19.48 20.58 22.34 22.92 24.62 25.63 25.54 25.40 25.12 24.03
traj-125:
21.90 21.95 21.99 21.84 21.92 21.98 21.89 21.98 22.04 22.05 21.91 21.73 21.58 21.54 21.88 21.88 21.60 21.56 21.34 21.85 22.12 22.37 23.98 25.47 26.92 28.62 29.71 30.88 30.78 30.73 30.57 30.26 30.13 29.88 29.80
 1.27  3.16  4.26  5.67  7.10  8.22  9.99 11.38 12.88 13.47 15.46 15.53 16.76 17.68 18.21 19.26 21.23 22.30 23.84 25.76 27.16 28.58 29.45 29.84 30.08 29.53 28.86 28.26 27.07 25.80 24.01 22.57 21.15 19.78 18.86
traj-126:
20.42 20.55 20.39 20.09 18.15 17.02 15.56 14.69 13.52 11.87 10.97 10.36 10.28 10.83
 1.75  2.63  4.35  4.36  4.29  4.25  4.22  4.26  4.30  5.04  6.49  7.35  8.86  9.04
traj-127:
21.99 21.90 21.82 21.72 21.52 21.33 21.22 21.08 21.10 21.05 21.09 21.58 21.95 21.90 21.85 21.80 21.71 20.29 18.59 16.68 14.95 13.86 12.24 10.88
 1.80  3.59  4.99  5.83  7.77  9.58 10.95 12.37 13.67 14.59 14.89 16.72 18.31 19.67 20.95 22.79 24.50 25.41 25.60 25.49 25.15 24.43 23.33 22.70
traj-128:
20.32 21.19 21.69 21.84 21.91 21.93 21.97 22.18 22.35 22.42 22.21 22.08 21.93 21.58 21.73 22.07 22.14 22.16 22.20 22.27 22.45 24.30 25.20 26.62 27.72 28.10 28.05 27.97 28.11 28.30 28.57
 0.71  1.18  3.11  4.70  6.62  8.15  9.17 10.86 12.56 14.00 15.62 17.03 17.88 19.47 20.36 22.24 23.77 24.35 26.29 27.45 29.02 29.06 29.03 29.03 28.14 26.32 24.98 23.03 22.13 20.17 18.81
traj-129:
20.32 20.83 21.05 19.95 18.54 17.95 16.49 14.75 14.16 12.40 11.53 10.15  8.92  8.75  8.73
 1.32  2.52  3.89  4.45  4.58  4.54  4.48  4.36  4.34  4.42  4.63  5.14  5.73  7.66  8.36
traj-130:
21.57 21.21 21.06 20.96 20.78 20.84 20.90 21.21 21.40 22.11 22.11 21.62 21.47 21.21 20.31 20.74 20.33 19.07 18.08 16.71 14.99 13.78 12.61 11.02  9.55  9.02
 0.53  2.20  4.14  5.56  7.49  9.46 11.45 13.30 13.53 15.31 15.61 17.34 18.73 19.40 20.82 22.64 24.38 25.85 25.50 25.11 24.14 23.04 21.81 20.60 19.41 19.12
traj-131:
20.81 20.94 21.05 21.19 21.43 21.64 21.85 21.89 21.90 22.02 22.04 22.04 21.98 21.98 21.96 22.00 22.01 22.49 22.86 24.56 26.02 27.21 27.28 27.72 28.11 28.24 28.35 28.62 29.07 29.08 29.09 29.31 30.11 30.78
 1.26  2.41  3.34  5.31  7.03  9.00 10.69 12.52 14.51 16.24 17.54 19.28 20.30 21.81 23.79 24.59 26.58 28.51 29.88 30.28 30.19 30.15 28.19 26.38 24.47 23.09 21.46 19.92 18.19 16.31 14.87 13.88 12.32 10.55
traj-132:
21.92 21.84 20.48 20.19 20.00 18.56 17.40 15.64 14.18 12.56 10.83  9.99
 1.47  2.01  3.24  3.31  3.54  4.18  4.22  4.37  4.58  4.78  5.24  5.46
traj-133:
20.29 20.66 21.07 21.33 21.71 21.93 22.08 22.04 22.23 22.27 21.67 21.60 21.61 21.81 22.13 22.10 22.17 21.13 19.16 17.39 15.48 14.90 13.09 12.80 11.13  9.96  8.41  7.78  6.29
 1.30  2.84  3.96  5.85  7.47  9.09 11.08 12.91 14.86 15.73 17.11 18.50 20.13 20.83 22.55 22.85 24.80 26.43 26.43 26.17 26.07 26.05 25.73 25.65 24.62 24.06 22.91 23.09 23.07
traj-134:
21.95 21.97 21.89 21.83 21.79 21.61 21.73 21.95 22.13 22.20 22.32 21.96 21.58 21.63 21.85 21.96 22.14 22.27 22.40 22.71 23.60 25.34 25.63 27.31 27.62 29.40 31.00 32.56 34.00 34.77
 0.74  2.15  3.92  5.02  6.14  7.49  8.94 10.92 12.84 13.98 15.88 17.65 19.51 20.06 21.58 22.72 24.66 25.83 26.97 28.39 29.15 29.12 29.05 28.54 28.33 27.96 28.19 27.47 26.84 26.40
traj-135:
22.22 22.08 21.50 21.38 19.77 18.87 17.41 16.82 15.40 13.48 11.51  9.70
 0.77  1.31  3.17  3.45  4.48  4.44  4.37  4.34  4.36  4.38  4.63  4.70
traj-136:
22.11 22.06 21.97 21.86 21.85 21.84 22.15 22.05 21.91 21.80 21.61 21.36 21.14 21.06 20.77 20.78 21.46 22.13 22.10 22.02 20.79 18.95 17.52 16.47 15.00 13.92 13.27 12.22
 0.97  1.70  3.35  4.33  5.75  6.89  8.03  9.46 10.85 12.41 14.16 15.95 17.17 17.43 19.20 20.08 21.28 22.64 24.10 24.65 26.23 25.88 25.29 25.01 23.90 23.10 22.43 21.48
traj-137:
22.68 22.17 21.95 21.87 21.94 21.94 21.84 21.84 21.84 21.75 21.68 22.03 22.11 22.13 21.45 21.28 21.03 20.76 21.43 21.86 23.42 25.38 26.26 27.70 29.54 30.08 31.19 32.59 32.71 32.89 33.15 33.45 33.56 33.57 33.61 34.44 35.00 35.15
 1.59  3.21  5.06  6.08  7.62  9.32 10.97 11.61 13.22 14.85 16.78 18.72 20.12 20.72 22.54 22.95 23.11 25.06 26.55 27.88 29.13 29.46 29.54 29.89 29.29 29.07 28.11 27.13 25.79 24.51 22.96 21.25 19.51 18.03 16.84 15.14 13.34 13.08
traj-138:
22.43 21.91 20.66 20.20 18.59 17.12 15.65 14.77 12.85 12.56 12.47 11.60 10.02  8.60  7.06  5.49
 1.30  1.98  3.04  3.38  4.00  4.13  4.31  4.41  4.62  4.69  4.82  6.46  7.30  6.62  5.99  5.76
traj-139:
22.54 22.41 22.21 22.10 21.81 21.73 21.76 21.78 21.72 21.60 21.58 21.43 21.46 21.51 21.50 21.48 21.39 21.09 19.68 18.84 17.57 15.88 14.43 13.08 11.83 10.07  8.26  7.09  5.19
 0.91  1.61  3.45  4.26  6.14  7.45  8.38 10.17 10.93 12.63 14.46 16.23 18.01 19.65 21.61 21.91 23.71 25.51 25.82 25.95 25.66 25.52 24.94 24.23 23.62 23.31 23.09 23.13 23.26
traj-140:
22.41 21.93 21.75 21.70 21.71 21.69 22.23 22.16 21.68 21.56 20.95 20.80 21.10 21.49 22.11 22.09 22.15 21.95 22.08 22.50 23.54 24.13 25.56 27.34 29.06 30.47 31.42 32.91 34.37 35.24 35.48
 1.56  3.12  4.96  5.54  7.30  8.62 10.32 12.03 13.96 14.39 16.13 17.70 18.80 20.32 22.04 22.34 24.28 26.19 26.77 28.54 29.10 29.10 29.22 29.13 29.17 28.02 27.21 26.31 26.39 27.73 29.21
traj-141:
22.77 21.28 20.19 18.86 18.27 16.53 15.66 14.15 12.16 10.81  9.44  8.27  7.40
 1.70  2.88  3.75  4.01  4.09  4.21  4.42  4.78  4.98  5.31  5.09  5.17  4.95
traj-142:
22.21 22.07 21.94 21.97 21.93 22.00 21.89 22.15 22.14 22.07 22.06 21.90 21.85 21.67 22.22 22.19 21.33 20.45 18.74 16.82 15.11 14.81 13.46 12.29 10.48 10.36  9.78  9.14  7.72  6.67
 1.24  2.88  4.41  6.30  8.07  9.51 11.42 13.15 14.44 15.72 17.45 18.28 20.14 20.81 22.21 24.21 25.76 25.85 25.94 25.43 25.12 25.15 24.86 24.28 23.88 23.13 21.37 19.63 18.37 17.19
traj-143:
20.43 20.46 20.67 20.86 20.99 21.13 21.18 21.34 21.53 21.61 21.71 21.99 21.96 21.93 21.87 21.81 21.99 22.29 22.34 22.16 22.06 21.96 22.88 23.28 24.45 25.91 27.69 28.05 29.17 29.28 29.83 30.65 31.43 32.03 32.93 33.60 34.11 34.55 34.84 35.16
 1.60  2.51  4.43  6.24  7.15  8.47  9.51 10.28 11.89 13.06 13.82 15.18 16.61 17.40 19.28 20.14 21.46 22.58 23.45 24.90 25.77 26.95 28.56 29.09 29.05 29.03 28.81 28.42 27.03 25.06 24.63 22.87 21.19 19.41 18.19 17.32 15.63 13.77 12.50 10.90
traj-144:
20.06 20.34 19.16 17.40 16.21 14.40 12.64 10.93  9.13  7.78
 1.47  3.39  4.49  4.58  4.63  4.72  4.80  5.27  5.13  4.43
traj-145:
22.15 22.14 22.11 21.65 21.21 21.24 21.24 21.47 21.55 21.69 22.21 22.03 21.96 21.83 21.78 21.48 21.32 21.06 21.19 20.20 18.59 16.82 15.20 14.89 14.28 12.47 10.58  9.74  7.84  6.56  5.03
 1.42  2.50  3.67  5.39  7.30  8.20  8.24  9.60 10.59 10.86 12.58 13.72 15.63 16.69 18.58 19.90 20.96 22.69 22.96 24.40 25.04 25.04 24.04 22.14 21.90 21.53 21.35 21.44 21.69 22.44 23.39
traj-146:
22.08 22.01 21.92 21.89 21.84 21.82 21.34 21.71 22.16 22.48 22.48 22.47 22.45 22.45 22.41 22.20 22.02 22.32 23.47 24.92 25.51 27.26 28.04 28.47 29.04 29.92 30.70 31.39 31.18 32.21 32.37 33.31 34.39
 1.69  2.52  4.31  5.51  7.21  8.77 10.70 12.33 14.11 15.85 16.71 17.86 19.78 21.74 23.49 24.95 26.61 28.28 29.03 29.03 29.04 28.40 27.15 26.11 24.92 23.15 21.49 20.14 19.24 17.74 16.65 14.95 13.75
traj-147:
21.47 21.32 20.76 20.51 19.14 17.14 15.44 13.97 12.47 11.73 10.25
 0.46  1.15  2.78  3.45  4.81  4.81  4.78  4.75  5.84  6.56  6.93
traj-148:
21.04 21.25 21.46 21.57 21.67 21.65 21.65 21.97 22.06 22.16 22.20 22.16 22.15 22.18 22.16 22.24 22.29 22.16 21.09 19.39 17.52 15.78 14.08 13.65 14.94
 1.23  2.55  3.90  5.07  6.07  6.37  8.32  9.90 11.70 13.39 15.15 16.04 17.90 18.65 20.31 22.07 23.50 24.35 25.58 25.89 25.68 25.42 24.73 23.00 22.29
traj-149:
21.98 21.47 20.93 21.15 21.33 21.43 21.46 21.49 21.24 21.44 21.74 22.00 22.08 22.11 22.17 22.01 21.94 22.94 23.38 24.48 26.22 26.81 28.47 29.93 31.77 32.07
 0.94  2.78  4.17  5.31  7.13  9.12 10.59 12.52 14.33 15.53 17.44 19.13 21.04 22.10 23.56 25.51 27.49 28.63 29.02 29.26 29.42 29.46 28.78 28.13 27.52 27.52
traj-150:
22.30 21.81 21.39 20.16 18.33 17.76 16.03 14.26 12.52 10.69 10.01  8.81  7.57  7.47  5.98  5.68
 0.72  2.27  3.68  4.53  4.75  4.72  4.65  4.48  4.45  4.69  4.56  6.00  6.41  8.06  9.13  9.15
traj-151:
20.96 20.73 20.88 20.95 21.26 21.43 21.67 21.76 21.97 22.07 22.24 22.16 22.00 21.92 21.87 21.59 19.69 19.41 17.67 15.96 15.37 14.14 13.33 12.59 11.42
 1.91  3.18  5.03  5.53  7.41  9.03 10.88 11.99 13.93 14.77 16.45 18.43 20.40 21.75 23.11 25.05 25.45 25.56 25.92 25.58 25.50 24.21 23.38 21.62 20.65
traj-152:
22.02 21.38 20.80 20.61 20.86 21.07 21.34 21.70 21.90 22.00 22.02 21.60 21.34 21.28 21.30 21.41 21.61 21.80 21.95 22.19 22.92 23.69 25.43 27.30 28.18 30.05 31.97
 0.48  1.92  3.30  4.16  5.80  6.96  8.35 10.09 11.81 13.75 14.05 15.86 16.65 18.32 18.92 20.68 22.29 24.09 25.54 27.31 28.84 29.33 29.77 29.81 29.81 29.68 29.54
traj-153:
20.28 20.55 21.32 21.00 19.19 17.56 16.12 14.12 12.67
 0.83  1.57  3.40  4.88  4.60  4.56  4.49  4.45  4.43
traj-154:
21.20 21.19 21.48 21.57 21.56 21.64 21.86 22.12 22.08 22.14 22.30 22.36 22.40 21.91 21.40 20.39 20.13 19.52 18.47 17.53 16.38 14.81 13.67 12.64 12.01 11.17  9.89  9.42
 1.74  2.26  3.92  5.35  6.12  7.66  9.53 11.37 12.58 14.34 16.07 18.04 19.49 21.37 22.32 23.72 24.35 25.88 25.55 25.37 25.13 24.43 23.52 22.49 21.76 20.99 19.46 18.89
traj-155:
20.52 20.86 21.08 21.44 21.62 21.52 21.75 21.53 21.38 21.55 21.56 22.36 22.33 22.30 21.64 21.21 21.49 21.93 23.13 24.28 25.75 27.17 28.24 29.14 30.32 29.93 29.72 29.80 29.12 28.75 28.67 29.07 29.39 30.63 31.45 31.92 32.87
 0.97  2.76  3.91  5.48  7.26  8.82 10.69 11.76 13.39 15.38 16.10 17.93 19.65 21.05 22.80 23.94 25.85 27.72 29.08 29.01 29.00 28.39 27.61 26.96 25.59 24.14 22.28 21.48 19.84 17.88 16.93 14.98 13.51 11.95 10.38  9.70  8.03
traj-156:
22.21 21.79 21.25 19.84 18.12 17.82 16.05 15.47 13.71 12.82 12.90 12.84
 1.10  2.39  3.69  4.79  4.86  4.86  4.86  4.83  4.78  5.31  7.07  8.84
traj-157:
21.80 21.82 21.93 21.91 21.95 21.83 21.91 21.89 21.87 21.84 21.85 21.82 21.99 22.02 22.00 21.62 21.11 19.92 18.49 16.76 14.96 15.23 15.21 15.26 15.24 15.36
 1.16  2.79  4.79  6.11  8.05  9.93 10.98 12.23 13.05 14.65 15.96 17.75 19.18 21.17 22.11 24.04 24.61 25.19 25.22 25.01 24.32 22.37 21.18 20.37 18.40 18.12
traj-158:
22.54 22.35 22.09 21.91 21.73 21.53 21.25 21.31 21.53 21.96 22.18 22.22 22.01 21.49 20.93 21.15 21.28 21.54 21.38 22.00 23.53 24.29 25.61 26.75 28.12 28.32 29.34 29.63 29.97 30.45 30.00 29.90 29.75 29.91 29.98 30.04 30.06 30.06 30.08 30.12
 1.00  2.60  4.58  5.69  7.28  8.92 10.33 12.30 13.34 14.89 15.74 17.47 18.03 19.56 21.47 22.17 23.03 24.71 26.62 28.17 29.04 29.34 29.90 30.11 28.87 28.36 26.67 26.16 24.49 22.79 21.01 20.52 18.83 17.38 15.95 14.45 13.50 12.38 11.08  9.24
traj-159:
22.62 22.44 21.23 20.62 19.16 17.44 16.28 14.81 13.65 12.42
 1.48  1.83  3.26  5.04  4.80  4.70  4.74  4.81  4.86  4.95
traj-160:
20.20 20.56 21.28 21.48 21.90 21.93 21.90 21.84 21.90 22.06 22.21 21.98 22.02 22.06 22.18 22.13 22.14 20.82 19.70 18.60 17.44 15.59 14.95 14.25
 1.82  2.62  4.45  5.52  7.48  8.55  9.82 10.89 12.81 13.38 14.82 16.76 18.16 19.48 21.42 21.72 23.47 24.86 25.23 25.37 25.39 25.00 23.46 21.60
traj-161:
22.49 22.30 22.14 21.97 21.90 21.74 21.69 21.59 21.64 21.38 21.46 21.26 21.06 21.16 21.28 22.03 22.10 21.97 21.90 21.86 23.65 25.36 26.87 28.53 28.65 28.72 28.59 29.04 29.17 29.02 28.85 28.59 28.56 28.50 28.50 28.55 28.47
 1.11  2.49  3.76  5.40  5.95  7.94  8.91 10.34 12.32 14.02 15.65 16.48 18.25 19.98 21.01 22.67 23.54 25.52 26.25 28.17 29.01 29.54 29.71 29.17 27.41 27.12 25.40 23.47 21.64 20.22 18.94 17.04 16.32 14.84 13.48 11.60 10.09
traj-162:
20.19 20.50 20.50 19.61 17.65 15.91 14.44 13.27 11.44  9.84  9.68  9.31
 0.50  1.94  3.82  4.55  4.26  4.24  4.26  4.23  5.00  6.05  6.30  8.06
traj-163:
21.40 21.52 21.68 21.93 22.12 22.12 22.18 22.25 22.25 22.08 21.65 21.98 22.24 22.29 22.09 20.99 20.66 18.97 17.26 16.66 15.24 13.89 12.15 10.62
 1.84  2.63  4.21  6.17  8.04  8.94 10.83 12.29 13.69 15.25 16.96 18.69 20.59 21.19 22.90 24.55 24.62 25.19 25.09 25.08 24.25 22.84 22.52 22.31
traj-164:
21.84 21.88 22.00 21.99 21.85 21.74 21.75 21.70 21.69 21.61 21.58 21.67 21.59 21.55 21.60 21.67 21.62 21.67 21.76 22.57 22.88 24.06 25.24 27.10 28.25 28.80 30.09 31.16 31.55 31.54 31.31 31.18
 0.71  1.31  3.05  4.83  6.81  8.13  8.88 10.48 11.85 13.02 14.55 16.26 18.05 19.89 21.48 22.93 24.34 25.54 27.41 28.62 29.10 29.07 29.05 28.60 27.77 27.42 26.16 24.52 23.11 22.43 20.50 19.65
traj-165:
21.00 20.77 20.50 19.09 17.32 16.74 14.99 13.34 12.70 12.77 12.65
 0.88  2.41  3.11  4.20  4.23  4.24  4.26  4.40  5.28  6.44  8.41
traj-166:
20.77 21.08 21.53 22.04 22.02 21.60 21.08 21.03 21.11 21.24 21.39 21.71 21.83 22.04 22.02 22.10 22.11 21.05 19.49 17.91 16.76 15.26 14.58 12.79 11.26
 1.63  3.07  5.01  6.85  8.62 10.00 11.64 12.80 14.14 16.00 17.52 19.12 19.67 21.19 22.91 23.57 24.34 25.68 26.00 26.12 26.28 25.16 24.01 23.80 23.54
traj-167:
20.22 20.80 21.14 21.55 21.93 22.00 22.26 21.99 21.82 21.74 21.82 22.07 21.96 22.09 22.13 22.17 22.01 21.94 21.98 22.18 22.80 23.11 24.38 26.14 27.02 28.43 29.65 30.94 32.91 34.62 34.92 35.18
 0.94  2.84  3.83  5.06  6.35  7.20  9.05 10.77 11.76 13.69 15.19 16.66 18.49 19.85 20.14 22.11 23.79 24.36 26.17 27.04 28.42 29.03 29.71 30.03 30.06 30.07 30.01 29.82 29.56 29.46 29.52 30.03
traj-168:
21.99 21.78 21.75 20.78 19.04 18.47 17.02 15.86 15.00 13.40 12.81 11.00  9.19
 1.02  2.38  4.37  5.85  4.93  4.85  4.89  4.91  4.93  4.93  4.93  5.37  4.53
traj-169:
20.96 21.15 21.18 21.31 21.38 21.90 21.74 21.63 21.20 20.48 20.65 20.72 21.20 21.40 21.92 21.99 21.52 20.07 18.68 17.81 15.85 14.53 13.69 12.15 11.02 10.81 10.15  8.63  7.42  6.13  5.61
 1.39  3.05  4.92  6.68  7.47  9.32 10.90 12.10 13.99 15.63 16.50 18.14 19.50 20.41 22.22 22.73 24.30 24.95 25.14 25.08 25.04 24.46 23.89 23.01 21.63 20.87 19.33 18.51 18.07 17.41 17.13
traj-170:
21.89 21.90 21.97 21.99 21.84 21.94 21.95 21.94 22.02 22.06 21.96 21.99 21.90 21.77 21.71 21.87 22.00 22.14 22.03 22.63 23.05 23.80 25.66 27.32 28.68 29.22 29.63 29.80 30.05 30.11 30.35 30.42 30.69 30.91 31.75 33.09 33.86
 1.13  2.77  4.14  6.14  8.05  9.69 10.32 11.12 12.82 13.42 15.33 17.14 18.56 20.28 21.92 23.38 24.89 25.47 27.20 28.61 29.02 29.06 29.05 28.43 27.86 27.62 26.07 25.59 23.81 23.27 21.50 19.90 18.54 17.02 16.41 16.20 15.84
traj-171:
21.11 20.77 20.54 20.37 19.37 17.46 16.29 14.54 13.08 11.30 11.01 10.87  9.76  9.20  9.78
 0.83  2.30  3.24  4.03  4.53  4.26  4.26  4.21  4.16  4.28  4.34  4.60  5.43  6.40  8.20
traj-172:
21.62 21.60 21.51 21.43 21.44 21.78 21.69 22.22 22.24 21.61 21.10 20.70 20.64 21.00 22.03 21.26 19.56 17.86 17.03 15.62 14.49 12.73 11.57  9.83
 1.65  3.11  4.76  6.52  7.04  8.71 10.65 12.34 13.77 15.00 16.33 17.61 19.55 21.46 23.06 24.40 25.45 25.67 25.42 25.03 24.73 24.55 24.32 24.28
traj-173:
22.25 22.21 22.07 22.03 22.05 21.99 21.80 21.67 21.57 21.41 21.66 22.04 22.21 22.19 22.33 22.38 22.35 22.30 22.27 22.20 22.39 23.56 25.31 27.07 27.80 28.90 30.27 30.94 32.63 34.45 35.32
 0.96  2.28  3.78  5.66  6.34  7.72  9.63 11.29 13.04 14.42 15.33 17.03 18.31 18.38 20.10 21.86 22.44 24.05 25.02 26.68 28.33 29.20 29.30 28.77 28.30 27.68 26.23 25.48 24.83 24.26 23.32
traj-174:
20.04 20.57 21.11 19.57 17.96 16.21 14.78 13.89 12.79 12.31 11.44
 0.86  1.90  3.72  4.37  4.74  4.77  4.81  4.84  5.62  6.52  8.11
traj-175:
21.13 20.90 21.10 21.20 21.69 21.78 21.44 21.24 21.13 21.07 21.53 21.73 22.03 22.01 21.86 21.62 21.52 20.10 18.96 17.26 15.76 14.96 14.58 14.09 12.32 11.58
 1.02  2.82  4.64  5.90  7.68  9.31 11.20 12.87 14.03 15.87 17.71 18.94 20.59 21.74 22.83 24.22 24.98 26.30 26.36 26.43 25.99 24.19 23.06 21.41 20.76 20.37
traj-176:
22.48 22.27 22.06 21.95 21.85 21.87 21.95 22.04 22.03 21.95 21.88 21.72 21.60 21.42 21.08 20.73 20.96 21.09 21.42 23.01 24.45 26.18 26.77 28.59 28.65 28.86 30.58 30.79
 1.77  2.84  4.52  5.40  7.15  8.87 10.31 12.30 12.60 14.43 16.34 17.88 19.20 20.96 22.73 24.56 25.89 27.74 29.64 30.42 30.74 30.91 30.97 30.64 28.70 27.76 27.14 26.61
traj-177:
20.27 20.36 20.70 19.58 17.68 16.53 14.76 13.59 11.83 10.94  9.60  8.03  7.65  7.02  5.43
 1.29  2.09  3.95  4.84  4.50  4.41  4.36  4.32  4.27  4.41  5.23  6.39  7.28  8.41  9.07
traj-178:
20.07 20.68 21.01 21.55 21.55 21.51 21.86 21.94 21.98 22.10 22.01 22.03 22.11 22.03 21.83 21.69 21.43 20.86 20.59 18.86 18.26 16.55 15.42 13.70 12.54 10.79 10.49 10.16  9.65
 1.88  3.38  4.20  5.96  7.63  8.25  9.97 11.13 12.19 14.11 15.81 17.68 18.53 20.28 22.07 23.08 24.83 26.14 26.27 26.42 26.39 26.60 26.69 26.48 26.40 25.67 23.79 23.04 21.27
traj-179:
21.57 21.60 21.75 21.80 21.77 21.78 21.67 21.70 21.70 21.82 22.08 22.07 21.99 21.83 21.53 21.76 21.92 22.08 22.38 23.98 24.85 26.02 27.60 28.33 29.58 30.45 30.73 31.30 31.99 32.24 32.91 33.76 33.79 34.64
 1.19  2.84  4.48  6.44  6.69  7.47  8.76 10.48 11.21 12.55 14.44 16.20 17.68 19.67 21.25 23.01 24.73 26.14 28.12 29.06 29.12 29.17 28.78 28.12 26.80 25.07 24.23 22.75 21.11 20.58 18.97 17.35 16.75 14.97
traj-180:
22.38 21.05 20.51 19.14 17.44 16.25 14.82 13.79 12.22 11.94  9.97  8.69  7.71
 0.96  2.07  3.30  4.39  4.45  4.53  4.61  4.69  5.59  5.71  5.42  4.70  4.19
traj-181:
22.58 22.57 22.47 22.35 22.21 22.16 22.08 22.20 21.99 21.90 22.01 22.12 22.04 21.09 20.28 18.35 16.39 15.62 14.15 12.51 10.66  9.04  7.10  6.24
 1.71  2.30  4.25  6.19  8.18 10.10 11.85 13.79 15.52 17.20 18.96 20.71 22.66 23.83 25.45 25.52 25.34 24.92 24.16 23.28 23.44 23.63 23.79 24.29
traj-182:
21.60 21.46 21.25 21.44 21.29 21.41 21.42 21.63 21.95 21.90 21.98 22.06 21.81 21.24 20.34 20.81 21.66 21.76 21.99 22.62 23.14 24.80 26.23 28.00 28.89 30.18 29.57 29.14 28.91 28.47 28.39 28.31 28.00 27.63
 1.59  2.55  4.36  6.33  7.55  9.19 10.83 12.09 13.47 15.10 16.54 18.45 19.46 21.12 22.85 23.93 25.67 25.87 26.64 28.35 29.22 29.87 30.20 29.95 28.43 26.92 25.24 23.82 23.22 21.32 20.01 18.85 17.52 16.54
traj-183:
21.20 20.77 20.20 18.48 17.36 16.45 14.69 13.30 12.58 10.91  9.33  7.65  7.13  5.46
 1.36  2.58  3.86  4.67  4.74  4.82  4.91  4.78  4.74  5.47  5.73  6.15  6.26  6.72
traj-184:
20.85 21.06 21.20 21.40 21.51 21.52 21.59 21.64 21.86 21.91 21.93 21.95 21.78 21.67 21.58 21.63 21.47 20.33 19.11 17.19 15.69 14.05 12.47 11.92
 1.26  2.85  3.76  5.05  6.47  7.47  8.97 10.93 12.45 14.17 16.05 16.94 18.76 19.05 20.93 22.81 23.06 24.42 25.48 25.35 25.19 25.22 25.00 24.82
traj-185:
22.27 22.13 22.02 22.06 22.06 22.02 22.07 22.02 21.99 21.94 22.05 22.01 22.01 22.00 22.01 22.05 22.07 22.06 22.69 22.92 24.57 25.92 27.56 28.77 30.56 31.47 33.45 34.59 35.52 35.65
 1.72  3.52  5.29  6.70  8.13  9.43 11.26 12.20 13.41 15.37 17.06 18.72 20.24 21.97 23.16 24.95 26.93 27.23 28.58 28.77 29.73 30.09 30.48 31.34 31.90 31.95 32.03 31.39 29.71 29.15
traj-186:
20.96 21.12 20.53 20.53 19.04 18.46 16.72 15.53 13.84 12.48 11.36
 0.76  1.02  2.77  3.07  4.33  4.45  4.72  4.82  4.86  4.86  4.84
traj-187:
20.91 20.83 20.73 20.70 20.90 21.37 21.40 21.58 21.65 21.49 21.11 21.03 21.01 20.90 20.72 20.74 20.67 20.52 19.04 17.57 15.85 14.40 12.55 11.08 10.53
 1.24  2.00  3.73  5.63  7.61  9.23 10.17 11.97 12.66 14.30 16.08 16.88 18.50 18.91 20.89 21.19 22.91 24.12 25.16 25.13 25.05 24.54 24.47 24.52 24.51
traj-188:
22.52 22.48 22.38 22.16 21.87 21.73 21.64 21.47 21.31 21.25 20.92 20.88 20.82 21.28 21.74 21.71 21.41 21.62 21.61 21.62 23.39 24.81 25.69 27.31 28.71 29.64 30.58 31.23 31.22 31.50 32.06 32.91 33.87 34.84
 0.88  1.18  3.09  4.17  6.12  6.95  8.48  9.56 11.46 12.59 14.38 15.37 16.78 18.18 19.52 20.95 22.79 24.66 26.61 28.32 29.00 29.10 29.18 28.73 27.67 27.20 25.53 24.11 22.42 21.86 20.01 18.51 16.86 15.28
traj-189:
20.03 20.59 20.56 18.74 17.56 16.14 14.67 13.47 12.98 11.37 10.99  9.44  8.09  7.27
 1.22  2.68  4.39  4.76  4.75  4.71  4.77  4.79  5.14  5.75  5.53  4.92  4.46  4.19
traj-190:
21.99 21.90 21.77 21.73 21.54 21.55 21.79 22.01 22.15 22.26 22.35 22.06 21.23 20.88 21.29 21.64 21.95 20.64 18.72 16.99 15.45 14.46 13.69 13.04 12.13 10.86 10.12
 1.83  2.68  4.33  5.79  7.08  8.65 10.17 11.28 12.11 13.47 15.24 16.63 17.95 19.85 21.02 22.62 24.36 24.75 25.18 25.39 24.15 23.34 22.20 21.42 19.86 18.85 18.86
traj-191:
21.71 21.55 21.53 21.60 21.71 21.61 21.00 20.72 20.60 20.55 20.86 21.30 21.66 21.78 22.25 22.26 22.16 22.21 22.21 22.15 22.63 24.30 26.24 27.03 27.13 27.47 28.23 29.17 29.95 30.30 30.30 30.70 31.55 32.68 33.86 34.32 35.48 35.54
 1.13  2.94  4.19  5.73  7.50  8.78 10.09 10.69 10.97 12.94 13.46 15.32 16.48 18.35 20.19 21.11 22.51 24.27 25.17 26.53 28.45 29.31 29.37 27.65 26.91 26.06 24.50 22.82 21.01 19.07 18.64 17.07 16.18 14.60 13.31 12.72 11.13 10.84
traj-192:
21.41 20.41 20.03 18.42 17.28 16.13 14.37 14.08 14.00 13.20 12.94 11.10 10.20  8.65  7.03  6.28
 1.83  3.40  3.81  4.55  4.46  4.41  4.58  4.67  4.69  4.97  5.12  5.69  5.80  6.01  6.27  6.35
traj-193:
20.98 21.19 21.22 21.32 21.35 21.37 21.15 21.33 21.27 21.13 20.64 20.75 21.22 21.73 21.94 21.54 21.05 20.69 18.76 17.42 16.09 15.45 13.78 12.35
 0.75  2.58  3.92  5.49  6.90  8.87  9.64 11.07 12.22 13.71 15.43 17.00 18.45 20.23 21.63 23.12 24.56 25.83 25.95 25.64 25.34 25.16 24.51 24.18
traj-194:
20.91 21.36 22.04 21.92 21.86 21.73 21.66 21.54 21.77 21.84 21.53 21.04 20.40 20.82 21.38 22.23 22.20 22.04 22.02 21.99 22.93 23.55 24.44 25.59 27.33 29.01
 1.49  2.38  4.04  5.36  6.47  7.61  9.12 11.08 12.78 14.64 15.39 16.24 18.09 18.83 19.86 21.62 22.21 24.12 25.73 27.02 28.72 29.17 29.09 29.04 28.78 28.36
traj-195:
21.15 20.88 20.89 19.32 18.73 17.27 15.51 13.54 12.32 10.76  9.94  8.51  7.45
 0.97  2.69  2.99  4.01  4.12  4.42  4.68  4.78  5.53  6.49  6.17  4.93  4.38
traj-196:
20.24 20.45 20.48 20.62 20.76 20.82 21.01 21.18 21.13 20.64 20.51 20.23 21.08 21.53 21.68 21.99 22.11 22.20 21.63 19.93 19.40 17.67 16.55 15.46 14.08 13.58 13.72 14.09 12.73 11.74  9.98  8.32  7.46  5.95  5.09
 1.58  3.31  4.53  5.93  7.43  7.95  9.63 10.50 12.38 14.18 14.45 15.73 17.33 17.88 19.55 21.46 22.58 23.72 25.42 26.07 26.05 25.96 25.56 25.17 24.65 22.80 22.04 20.84 19.65 19.52 19.11 18.88 18.75 18.54 18.34
traj-197:
20.15 20.15 20.33 20.62 20.87 20.95 20.95 20.93 20.83 21.24 21.65 21.70 21.50 22.14 22.05 22.04 22.07 21.90 22.11 22.78 24.04 25.39 27.05 29.00 30.00 31.34 31.96 31.88 31.72
 0.50  0.99  2.56  4.39  6.08  6.63  8.19 10.08 11.74 13.39 14.59 16.03 17.89 19.59 21.56 22.86 24.68 25.25 27.12 28.71 29.51 30.50 30.73 30.84 29.20 27.86 26.32 25.01 23.48
traj-198:
21.05 21.53 21.78 22.06 21.06 19.80 18.04 17.75 15.98 15.11 13.94 12.36 11.03
 0.43  1.69  2.34  3.17  4.73  4.71  4.22  4.28  4.48  4.46  4.48  5.46  6.46
traj-199:
22.19 22.09 21.94 21.69 21.31 21.03 20.65 20.37 20.39 20.93 21.47 21.79 22.08 21.95 21.87 21.88 21.94 21.94 21.33 20.45 18.46 17.86 16.11 14.37 13.18 11.78 11.54 10.41  9.45  8.25
 0.50  2.13  3.48  5.22  7.11  8.68 10.21 11.78 12.81 14.16 15.41 16.78 18.37 19.19 21.10 22.00 23.48 24.34 26.16 26.22 26.30 26.31 26.30 26.27 26.12 24.97 24.80 23.44 22.51 21.07
traj-200:
21.84 21.26 21.16 21.18 21.23 21.38 21.53 21.75 21.75 21.71 22.05 22.05 22.04 22.08 22.04 22.09 22.09 23.61 25.34 27.20 28.52 28.89 30.00 30.22 30.83 30.93 31.64 31.90 32.02 32.07 32.16 32.12 32.30 32.44
 1.25  2.74  3.76  5.57  7.55  9.35 10.76 12.28 14.08 16.07 17.95 18.84 20.56 22.26 24.17 26.12 28.01 29.07 29.00 28.39 27.39 27.09 25.66 23.68 22.04 21.75 19.89 19.09 17.59 17.00 15.34 14.87 13.01 11.04
traj-201:
22.43 22.11 22.00 20.13 19.31 17.60 16.16 15.00 13.04 12.85 11.71 10.54 10.12  8.39  6.83
 1.36  3.29  3.84  4.52  4.35  4.28  4.40  4.55  4.72  4.95  5.63  6.90  8.33  8.32  8.43
traj-202:
22.10 22.02 21.48 21.41 21.18 21.11 21.04 20.64 20.57 20.55 20.89 21.35 21.64 22.23 22.38 22.42 22.35 22.23 21.01 19.85 18.37 17.28 15.77 14.97 14.56 14.38 14.04 13.04
 0.91  1.20  3.03  3.86  5.85  7.21  7.41  9.11  9.58 11.49 13.09 14.66 16.03 17.32 19.06 20.43 22.16 23.33 24.91 25.30 25.73 26.05 24.95 23.67 22.54 20.78 19.15 17.79
traj-203:
22.28 22.01 21.90 21.84 21.84 21.74 21.78 21.81 21.84 21.87 21.93 21.98 21.85 21.95 22.03 22.03 22.11 21.93 21.59 22.36 23.82 25.58 27.22 28.94 29.88 31.21 33.13 33.86
 0.50  1.74  3.59  4.45  6.34  7.97  9.46 10.92 11.57 13.25 14.57 15.52 17.46 19.44 21.39 22.44 24.17 25.33 27.16 28.28 29.03 29.22 29.04 28.82 28.65 28.19 28.22 29.06
traj-204:
20.76 20.88 21.04 20.71 19.42 17.98 16.84 15.98 14.84 13.95 12.88 12.61 12.00 10.56  9.41  8.02  6.65
 0.68  1.26  3.10  4.87  4.83  4.73  4.65  4.61  4.54  4.59  6.15  7.61  8.93  7.79  7.28  6.12  5.19
traj-205:
20.75 20.87 20.91 20.97 21.06 21.31 21.59 21.65 21.61 21.31 21.61 21.78 21.84 22.02 22.14 21.57 21.42 20.27 19.54 17.57 16.71 15.11 13.93 13.08 11.28  9.60  7.71
 0.97  2.32  3.15  4.97  6.40  8.23 10.03 11.43 12.81 14.74 16.56 17.49 18.36 19.50 20.37 22.15 22.61 24.25 25.73 25.46 25.24 24.05 22.65 21.62 21.45 20.79 20.61
traj-206:
21.12 21.25 21.37 21.38 21.38 21.34 21.27 20.76 21.21 21.49 21.48 21.96 22.08 22.10 22.10 22.07 22.13 22.09 22.03 21.97 22.00 23.69 25.37 27.12 28.28 28.82 28.33 28.21 28.23 28.25 28.30
 1.52  3.34  4.64  5.35  6.87  8.27 10.04 11.56 13.38 14.87 15.38 17.19 18.32 19.99 21.41 22.24 23.66 24.31 26.23 27.50 28.29 29.34 29.46 29.04 27.82 26.31 24.42 22.53 21.40 20.02 18.90
traj-207:
21.46 20.72 19.46 18.59 16.82 15.67 13.74 13.05 11.66  9.92
 1.51  2.97  4.10  4.21  4.47  4.63  4.76  5.51  6.59  6.22
traj-208:
21.27 21.25 20.96 20.77 20.92 21.10 21.15 21.23 21.41 21.89 21.71 20.76 20.47 20.32 21.24 21.63 22.01 22.07 21.28 20.69 20.39 18.41 16.71 15.83 15.08 14.99 13.85 13.37 11.80 11.19  9.67  7.72  7.46
 1.95  3.55  5.49  6.39  7.57  9.12 10.01 11.72 12.24 13.73 14.66 15.94 16.03 17.36 19.12 20.18 21.96 23.12 24.67 25.13 25.14 25.21 25.15 25.12 23.52 22.99 21.66 21.29 20.97 20.98 20.97 20.95 20.95
traj-209:
20.38 20.71 21.18 21.59 21.90 21.74 21.27 21.26 21.25 20.90 20.73 20.77 21.48 22.03 22.07 22.01 21.89 21.85 21.88 22.56 23.02 24.15 26.06 27.15 28.02 29.14 30.26 30.84 32.60 34.37 35.36 35.46
 1.49  2.49  4.10  5.94  7.27  8.55 10.26 10.56 11.99 13.77 15.39 17.22 18.80 20.66 21.41 23.12 24.86 25.46 27.40 28.68 29.06 29.21 29.36 28.99 28.29 27.36 26.24 25.90 26.60 26.36 27.76 28.63
traj-210:
20.15 20.25 20.29 19.17 17.71 16.30 14.84 13.97 12.91 11.99 11.19  9.89  9.11  7.68  7.14
 0.59  1.73  3.55  4.61  4.69  4.51  4.49  4.55  5.30  6.97  6.49  5.98  5.62  4.78  4.12
traj-211:
21.45 21.33 21.38 21.55 21.49 21.65 21.74 21.84 21.77 22.03 22.19 21.96 21.84 21.76 21.90 21.93 20.98 19.21 18.31 16.64 16.12 14.55 13.88 12.97 12.25 11.76 11.26 12.30
 0.60  2.54  4.27  6.00  7.88  9.45 11.39 12.86 14.61 16.06 17.49 18.62 19.55 21.24 23.06 24.13 25.44 25.85 25.84 25.32 25.09 24.38 23.78 23.06 22.57 21.36 19.57 18.21
traj-212:
21.64 21.36 21.51 21.43 21.47 21.57 21.66 21.75 21.89 22.02 22.13 22.11 22.11 22.16 22.05 22.10 22.01 21.30 21.07 21.35 23.24 25.02 25.58 27.44 28.17 29.19 29.39 29.15 29.19 28.98 28.80 28.03 27.55 27.28
 1.75  2.84  4.63  5.84  7.64  8.49 10.27 11.46 12.79 14.32 15.91 17.64 19.09 20.75 22.73 23.33 25.27 27.00 27.20 29.11 29.69 30.31 30.50 30.32 29.76 28.90 28.13 26.47 25.38 23.78 23.00 21.29 19.65 18.90
traj-213:
21.24 21.48 21.62 21.13 19.24 17.32 15.55 13.82 12.65 11.93
 0.99  2.85  4.68  5.56  4.94  4.70  4.53  4.51  4.46  5.24
traj-214:
22.29 22.29 22.19 22.11 22.01 21.68 21.10 20.89 20.67 20.45 20.32 20.25 21.25 21.50 21.79 22.02 21.21 19.70 18.81 16.82 15.37 14.85 15.12 15.05 13.95 12.81 11.01  9.10
 1.66  2.66  4.64  5.25  5.43  6.94  8.72  9.92 11.76 13.45 14.62 16.01 17.64 19.55 21.24 22.98 24.53 25.38 25.35 25.17 24.42 23.13 21.16 20.06 18.51 18.79 18.69 18.84
traj-215:
21.75 21.58 21.87 22.30 22.38 22.14 21.76 21.42 21.34 21.29 21.19 20.93 21.18 21.40 21.91 22.09 21.92 22.20 22.46 22.89 24.11 25.25 27.00 28.94 30.08 30.51 30.57 29.91 30.04 29.92 30.19 30.14 30.11 30.08 29.95 29.98 30.55
 1.24  1.96  3.75  5.70  7.69  9.62 11.11 12.87 13.96 15.18 16.72 18.23 20.05 21.64 22.93 23.81 25.74 26.44 28.12 28.96 29.66 29.64 29.35 28.99 27.58 26.53 24.72 23.20 21.28 19.32 17.68 16.03 14.55 13.51 11.96 10.37  9.10
traj-216:
20.88 20.80 20.77 19.62 17.88 16.10 14.92 12.96 12.73 10.81  9.47
 1.71  3.19  3.73  4.77  4.74  4.74  4.70  4.95  5.13  5.67  5.69
traj-217:
22.63 22.50 22.34 22.26 22.30 22.12 22.12 22.02 22.11 22.19 22.03 21.63 21.11 20.79 20.57 20.35 20.06 18.68 17.82 16.07 15.56
 0.47  2.36  4.03  4.73  5.44  7.26  8.98  9.83 11.60 13.07 14.20 16.11 17.90 19.82 21.69 23.54 24.70 25.15 25.14 25.09 24.78
traj-218:
20.96 21.31 21.79 21.95 21.60 21.35 21.22 21.05 21.25 21.03 21.21 21.51 21.51 21.57 21.39 21.14 20.58 20.99 21.47 21.79 23.32 25.02 25.90 27.67 28.87 30.62 32.19 33.64 33.69
 0.44  2.38  4.31  4.88  6.78  8.38  9.38  9.92 11.87 13.04 14.49 16.39 17.69 19.18 20.98 21.88 23.75 25.54 26.93 28.18 29.03 29.31 29.51 28.85 28.35 28.48 28.93 30.10 30.39
traj-219:
20.46 20.93 21.09 20.34 18.89 17.13 15.39 13.64 12.16 11.81 10.16  8.63  7.09  5.39
 0.87  2.48  3.24  4.35  4.43  4.40  4.37  4.42  4.52  5.27  5.71  6.64  7.26  8.25
traj-220:
20.20 20.33 20.96 21.04 21.12 21.44 21.55 21.61 21.63 21.64 21.73 21.40 20.98 21.52 22.08 22.08 22.08 22.07 21.67 20.34 18.46 16.62 15.07 14.51 12.79 11.63 10.11  8.34  6.82
 1.35  1.62  3.21  3.73  5.34  7.13  8.71  9.58 11.29 12.32 14.08 15.27 17.06 17.67 19.49 20.61 21.71 23.26 25.21 25.22 25.28 25.08 24.30 23.86 22.85 21.85 21.27 21.56 22.57
traj-221:
22.35 22.43 22.58 22.62 22.28 21.89 21.58 21.18 20.54 20.44 20.64 20.93 21.38 21.71 21.96 22.21 22.20 22.08 22.18 23.73 25.22 27.09 28.44 28.37 29.01 29.08 29.10 29.30 30.56 31.15 32.36 33.30 34.74
 1.00  1.83  3.26  4.99  6.68  8.35  9.66 11.07 12.84 14.70 16.07 17.88 19.57 20.88 22.08 22.92 24.62 26.24 28.12 29.00 29.08 28.40 27.25 26.96 25.18 23.69 21.76 19.85 18.34 17.83 17.30 16.89 16.20
traj-222:
22.78 22.76 22.64 22.45 22.28 21.38 20.43 19.58 18.00 16.29 14.53 13.93 12.89 11.96 11.85 11.15
 0.60  1.18  2.91  4.35  6.04  7.30  5.93  4.95  4.72  4.59  4.43  4.37  5.03  6.80  7.12  8.92
traj-223:
20.35 20.76 21.74 22.20 22.16 22.01 21.84 22.04 22.11 21.91 21.69 21.87 21.88 21.77 21.92 22.04 21.35 21.09 20.34 18.79 17.31 16.73 15.29 14.50 14.12 13.85 13.57
 0.61  2.03  3.72  5.24  6.67  7.52  8.67 10.21 11.08 12.78 14.59 16.24 17.87 19.57 20.67 22.35 23.93 24.35 25.98 25.66 25.36 25.25 24.52 23.61 21.69 20.43 19.67
traj-224:
21.81 21.68 21.39 21.35 21.06 21.19 21.49 21.74 21.82 21.76 21.79 21.85 21.86 21.85 21.86 21.97 21.94 21.88 22.03 22.30 23.15 24.02 25.16 27.02 28.14 29.49 30.72 31.57 33.20 34.76
 0.42  1.33  2.38  3.67  5.44  7.31  9.02 10.92 11.70 13.46 15.30 17.19 18.57 19.31 21.26 22.68 24.34 25.60 27.23 28.01 29.09 29.04 29.00 28.30 27.57 26.82 26.35 26.06 25.95 27.07
traj-225:
22.73 21.62 20.62 20.40 18.69 17.23 16.65 14.92 13.74 12.78 12.39 11.67 11.05  9.11  7.54  6.26  5.24
 1.14  2.48  3.96  4.10  4.75  4.81  4.81  4.73  4.83  5.42  6.75  8.62  8.72  8.66  8.41  8.21  7.96
traj-226:
21.82 21.92 21.99 21.91 21.86 21.75 21.73 21.71 21.56 21.53 21.19 21.19 21.18 21.37 21.36 21.01 20.44 20.51 18.68 17.05 16.47 14.74 13.04 11.13 10.56  8.71
 1.59  3.15  5.13  6.63  7.70  9.31 10.48 11.70 13.54 14.22 15.79 17.20 18.61 19.61 21.54 22.30 24.00 25.08 25.62 25.33 25.22 24.73 24.30 23.79 23.72 23.41
traj-227:
21.56 21.45 21.20 21.14 21.52 21.57 21.77 21.96 22.28 22.21 22.16 22.29 22.11 22.08 22.05 22.12 22.12 22.28 21.47 21.99 23.77 25.51 27.19 28.25 29.70 30.59 31.07 31.22 31.32 31.41
 0.40  2.18  3.85  4.32  6.28  6.94  8.11  9.66 11.63 13.62 15.36 16.53 18.50 19.89 21.39 22.80 23.69 25.60 27.38 28.50 29.03 29.11 28.27 27.67 26.32 25.06 23.70 22.09 20.11 19.53
traj-228:
22.77 22.14 21.13 19.51 19.22 17.49 15.74 13.99 13.00 11.07  9.23  7.78  7.28
 0.65  1.38  2.96  4.04  4.08  4.26  4.26  4.27  4.73  4.99  5.35  4.24  4.00
traj-229:
22.74 22.06 21.97 21.70 21.43 21.21 20.98 20.76 20.59 20.63 20.79 21.33 21.61 21.84 22.04 22.08 21.56 19.67 18.31 16.69 14.85 13.16 12.34 10.87  9.25  9.46  9.76 10.46
 1.83  3.50  4.00  5.67  7.44  8.61  9.69 11.38 12.99 14.91 15.16 16.87 18.36 19.98 21.71 23.47 25.12 25.72 25.41 25.14 24.37 23.85 23.48 22.62 21.48 20.30 19.14 17.33
traj-230:
21.91 21.86 21.79 21.97 22.12 22.05 22.03 21.97 22.01 21.96 21.96 21.97 21.99 21.93 21.96 21.90 21.95 21.95 21.89 23.67 24.22 25.87 27.80 29.49 30.38 31.32
 1.54  2.98  4.58  5.71  6.58  8.31  9.90 11.79 13.59 15.36 16.24 18.11 20.09 21.73 22.61 24.38 26.14 26.44 28.26 29.07 29.31 30.01 29.74 29.52 28.34 27.47
traj-231:
21.44 21.51 21.31 20.19 19.01 17.27 16.11 15.23 13.48 12.06 11.37 10.73
 0.66  1.56  3.21  4.85  4.86  4.76  4.74  4.70  4.66  5.60  7.12  8.45
traj-232:
21.99 22.00 21.94 21.88 21.77 21.75 21.82 21.78 21.73 21.99 22.10 22.21 22.10 22.29 22.40 22.30 21.99 20.39 18.76 17.65 15.95 14.00 13.95 12.02 11.76
 0.61  2.32  4.12  5.20  6.89  8.41 10.30 11.85 13.84 15.25 16.39 18.16 19.00 20.97 21.56 23.30 24.72 24.93 25.10 25.07 25.06 24.72 24.66 24.27 24.43
traj-233:
22.05 22.03 22.06 22.06 22.13 22.50 22.53 22.69 22.68 22.30 21.95 21.61 21.70 22.09 21.74 21.35 21.29 21.46 21.65 21.90 22.11 23.49 25.21 26.96 28.62 29.67 29.91 30.38 30.54 30.98 31.11
 1.31  2.18  3.92  5.83  6.12  7.95  8.15  9.31 11.26 12.29 13.30 15.02 16.19 17.74 19.68 20.63 22.43 23.74 24.58 26.35 28.20 29.08 29.16 29.22 28.85 28.75 26.83 24.96 24.42 22.51 21.70
traj-234:
22.36 21.99 21.25 20.41 19.17 17.87 15.88 14.42 12.89 12.79
 0.95  1.43  2.63  3.53  4.45  4.30  4.32  4.35  4.31  4.02
traj-235:
20.04 20.71 21.03 21.41 21.41 21.28 21.20 21.15 21.18 21.06 21.33 21.71 22.12 22.06 22.03 21.05 20.76 19.11 17.43 16.66 15.00 14.51 13.67 13.14 12.25 10.80  9.36  8.03  6.14  5.02
 1.58  2.33  4.11  5.49  6.93  8.70 10.18 12.16 13.37 15.28 17.23 18.63 20.19 21.66 22.84 24.58 24.67 25.35 25.47 25.06 24.10 23.75 22.08 21.52 20.49 19.35 18.78 18.38 17.91 17.87
traj-236:
22.69 22.65 22.65 22.51 22.35 22.12 22.17 22.27 22.00 21.95 21.76 21.90 22.14 22.19 22.38 22.10 21.95 22.00 22.04 22.80 24.66 26.11 27.81 29.10 29.77 29.45 29.40 29.80 30.49 30.74 31.09
 1.24  3.23  4.63  5.73  7.67  9.04 10.95 11.54 13.48 14.24 15.96 17.57 18.62 20.12 21.59 23.32 25.15 26.60 27.44 29.25 29.93 30.12 29.45 28.35 26.48 24.62 23.79 22.07 20.32 19.46 18.08
traj-237:
21.89 21.64 20.70 20.09 19.71 17.83 16.69 15.51 13.76 12.36 11.09  9.94  8.45  7.59
 0.63  1.16  2.48  3.03  4.63  4.22  4.28  4.33  4.40  5.35  6.49  6.85  7.26  7.42
traj-238:
22.77 22.73 22.42 22.37 22.15 21.94 21.83 21.38 21.01 21.24 21.62 22.08 22.02 22.03 22.02 22.14 22.10 20.99 19.09 18.29 16.40 15.85 15.08 14.99 14.68 14.65 13.13 11.61 10.00  8.57  7.81
 0.79  2.70  4.53  5.39  6.99  8.82  9.09 10.79 12.63 14.11 15.77 17.40 18.26 19.96 21.86 23.75 24.93 26.44 26.10 25.83 25.41 25.37 23.64 23.10 21.53 20.47 19.27 18.96 18.71 18.44 18.28
traj-239:
20.34 20.66 20.79 21.05 21.48 21.72 21.76 21.95 21.95 21.95 21.95 21.87 21.60 21.53 21.68 21.67 21.78 21.82 21.92 21.94 22.00 21.71 21.71 23.60 25.08 26.92 27.13 28.28 29.27 30.09 30.93 32.59 33.30 34.94 35.50
 0.50  1.88  2.70  3.85  5.56  7.16  7.56  9.47 10.71 11.86 12.81 13.00 14.52 15.25 17.18 18.16 20.11 21.66 23.56 23.80 25.09 27.01 28.47 29.03 29.00 28.32 28.10 27.34 27.06 26.46 25.78 24.94 24.63 24.10 23.39
traj-240:
20.89 20.66 20.05 18.75 17.31 16.15 14.42 12.67 11.17  9.98  9.45  7.55  6.30
 1.59  3.30  3.71  4.17  4.24  4.27  4.26  4.20  5.23  5.65  6.27  6.09  6.85
traj-241:
21.40 21.13 20.79 20.52 20.75 21.24 21.39 22.05 22.34 22.46 22.43 22.23 22.10 21.99 21.89 21.15 20.79 19.62 17.90 16.52 15.56 14.77 14.18 13.34 12.15 10.58  8.80  7.10
 0.55  2.24  3.62  5.41  6.88  8.67  9.31 11.13 12.77 14.74 15.70 17.39 19.29 20.43 22.03 23.76 24.77 25.22 25.31 25.26 24.55 23.45 22.46 20.86 20.56 20.38 20.41 20.47
traj-242:
20.22 20.34 20.50 20.83 21.22 21.34 21.61 22.11 22.13 21.65 21.45 21.23 21.42 21.71 22.06 22.03 21.08 20.21 20.07 20.46 21.95 23.28 23.98 25.43 26.88 28.59 29.58 30.94 32.26 32.95 34.00
 1.77  3.34  4.68  6.53  8.20  9.20 10.85 12.50 14.43 16.05 16.81 17.02 18.92 19.61 21.48 21.78 23.49 24.64 26.20 27.17 28.43 29.03 29.05 29.09 29.03 28.96 28.21 27.11 25.94 25.28 23.89
traj-243:
22.37 22.06 21.68 19.88 18.13 17.54 16.37 14.63 13.49 11.82 10.92  9.75  9.94 10.62
 1.36  3.25  4.00  4.42  4.47  4.38  4.18  4.29  4.54  5.01  5.68  7.27  8.72  9.15
traj-244:
22.08 22.04 22.15 22.19 21.49 21.79 21.99 22.02 22.02 21.69 21.33 21.03 21.68 22.30 22.14 21.49 20.86 19.46 18.29 16.54 14.94 14.50 13.60 13.29 13.61 13.73
 1.97  2.80  4.53  5.11  6.81  8.34 10.11 11.98 12.28 14.08 15.20 16.97 18.48 20.06 21.53 23.09 24.22 25.33 25.19 25.21 24.31 23.76 22.66 20.87 18.96 17.36
traj-245:
22.59 22.10 21.85 21.81 21.45 21.53 21.62 21.70 21.67 21.73 21.98 22.27 22.53 22.32 22.11 22.04 21.98 21.85 22.88 24.05 26.00 26.28 28.00 28.03 28.32 28.76 29.31 29.75 30.16 30.44 30.85 31.20 31.39 31.91 32.06 32.47 33.36
 1.63  3.47  4.67  6.48  8.27  9.90 11.71 13.44 13.94 15.79 16.92 18.79 20.54 21.93 23.37 24.17 25.67 27.64 29.33 29.38 29.18 29.08 28.74 27.16 25.37 23.81 22.74 21.33 19.88 18.70 17.22 15.54 14.72 12.81 12.19 10.74  9.69
traj-246:
21.75 22.22 21.28 19.84 18.15 17.85 16.10 15.50 13.79 12.72 12.64 11.31  9.83
 0.42  2.27  3.29  4.11  4.75  4.78  4.74  4.77  4.72  5.30  5.59  6.74  6.21
traj-247:
21.17 21.77 21.88 21.84 21.54 21.23 21.09 20.83 21.16 21.70 21.99 21.99 21.93 21.74 21.40 21.09 20.94 19.50 17.58 16.85 15.50 15.38 15.20 14.46 12.66 11.53
 1.49  2.56  4.45  4.98  6.69  8.51 10.48 12.38 13.37 15.17 16.59 18.31 19.19 20.45 21.70 23.31 25.26 25.74 25.60 25.14 24.27 22.64 20.88 19.67 19.59 19.84
traj-248:
20.27 20.71 21.20 21.44 21.39 21.32 20.95 21.04 21.23 21.26 21.31 21.28 21.14 21.06 20.49 20.95 21.29 21.70 22.17 22.15 21.75 22.13 23.41 24.29 25.73 27.63 28.56 29.53 30.46 30.89 31.82 32.49 33.33
 0.52  1.96  3.19  4.53  6.34  6.64  8.49  9.97 11.61 12.40 13.75 14.73 16.15 16.95 18.69 19.73 20.71 21.97 23.12 24.90 26.75 28.42 29.09 29.12 29.26 28.96 27.41 25.90 24.17 23.18 21.52 20.37 19.07
traj-249:
22.25 21.70 21.49 21.51 20.36 18.66 18.36 16.62 14.86 13.99 12.85 11.11  9.68  8.30  6.65
 0.73  1.43  3.34  4.17  5.28  4.73  4.74  4.77  4.80  4.78  4.82  5.38  6.01  6.71  6.64
traj-250:
20.26 20.27 20.66 21.05 21.33 21.73 21.79 22.34 22.21 21.92 21.40 21.09 20.48 20.89 21.24 21.73 22.12 21.31 21.06 20.25 18.83 17.17 15.79 14.62 12.99 14.13 14.81
 1.28  1.58  3.36  5.25  6.70  8.44  9.13 10.45 11.47 12.58 14.26 14.76 16.30 17.48 18.76 20.42 22.37 24.10 24.27 25.81 25.95 25.62 25.29 25.09 24.13 22.60 22.03
traj-251:
20.45 20.67 20.95 21.35 21.59 21.82 21.84 21.69 21.75 21.13 20.43 20.58 20.92 21.31 22.27 22.36 22.20 22.05 21.90 21.96 23.57 24.73 26.20 27.79 28.59
 1.10  2.31  4.26  6.14  7.64  9.55 10.39 12.23 13.89 15.42 17.23 18.45 20.11 21.41 22.78 23.37 25.07 25.95 27.15 28.25 29.09 29.09 29.05 28.24 27.85
traj-252:
21.37 20.88 20.85 19.13 18.03 16.86 15.98 14.25 13.06 11.29
 0.84  2.54  4.22  4.96  4.49  4.34  4.28  4.32  4.39  4.25
traj-253:
20.55 21.21 21.50 21.88 21.97 21.95 22.08 21.96 21.95 21.79 21.61 21.56 21.47 21.65 21.67 21.98 21.96 20.24 18.52 16.73 16.44 14.73 13.91 13.14 13.11
 0.48  1.70  3.34  5.23  6.84  8.75  9.87 11.63 11.89 13.59 15.24 17.00 18.89 20.73 22.32 24.18 25.00 25.75 25.58 25.53 25.50 25.15 24.78 22.96 22.66
traj-254:
21.72 21.68 21.55 21.52 21.70 21.87 21.82 21.84 21.96 21.27 21.10 21.58 21.77 21.88 21.93 21.97 21.95 22.12 22.19 22.92 23.77 24.94 26.71 28.15 29.01 30.44 30.63 30.20 29.82 30.07 30.24 30.70 31.04 31.21 31.35 31.55 31.73
 1.49  3.33  4.96  6.74  8.56 10.13 12.11 12.68 14.35 15.71 16.17 17.91 18.66 20.53 21.63 22.75 24.56 25.97 27.50 29.02 29.26 29.47 29.37 28.83 28.09 27.14 25.84 24.49 22.64 21.28 20.24 18.49 16.87 15.28 13.71 11.78 10.17
traj-255:
22.76 21.80 20.79 19.89 17.99 16.00 14.53 13.65 12.00 11.30 10.22  8.63  7.36
 1.39  2.93  3.77  4.43  4.73  4.74  4.78  4.80  5.68  5.92  6.13  6.71  6.78
traj-256:
22.37 22.25 22.24 22.09 21.94 21.96 21.95 21.99 22.13 22.14 22.03 22.12 22.28 22.30 22.28 22.26 21.83 20.61 18.89 17.16 16.34 15.63 14.92 13.39 12.31
 0.58  2.56  3.12  4.78  6.61  8.54 10.45 11.54 13.50 15.06 17.01 18.84 20.02 21.65 23.13 23.72 25.30 25.41 25.45 25.32 25.12 24.73 23.05 21.96 20.89
traj-257:
21.02 21.21 21.51 21.89 22.01 21.98 21.97 21.96 22.07 22.01 21.78 21.52 21.04 21.55 21.64 21.77 21.73 21.98 21.18 20.58 21.39 22.69 24.16 24.72 26.45 27.01 28.39 29.82 30.21 31.27 31.69
 1.03  2.11  3.87  5.38  7.37  9.29  9.70 11.20 13.18 13.47 15.37 16.80 18.56 19.59 21.58 21.77 23.64 24.17 25.97 27.68 28.85 29.44 29.86 30.05 30.35 30.35 29.40 28.36 27.69 26.05 25.39
traj-258:
20.37 20.74 19.08 18.36 16.49 14.71 12.85 11.21 10.40  8.46
 1.35  3.20  4.19  4.28  4.50  4.70  4.92  5.46  5.84  6.21
traj-259:
20.78 21.06 21.19 21.55 21.89 21.59 21.54 21.34 21.12 20.98 21.02 21.19 21.36 21.35 21.66 21.89 21.72 20.30 18.86 18.06 16.32 14.79 13.25 11.79 10.37  8.45  7.64
 0.76  2.64  4.00  5.19  6.97  8.66 10.15 11.96 13.54 15.24 15.66 17.36 18.83 19.63 21.55 22.30 23.70 24.81 25.03 25.02 25.02 24.27 23.97 22.62 21.60 21.59 21.55
traj-260:
20.19 20.58 20.79 20.95 20.75 20.73 20.62 20.67 20.69 20.64 20.72 20.56 20.65 21.12 21.43 21.64 21.90 22.06 22.10 22.47 23.07 24.95 25.55 27.35 28.35 30.08 31.88 32.56
 1.56  3.39  4.36  5.41  6.92  7.31  8.75 10.18 11.73 12.70 14.48 15.73 17.22 19.14 20.85 22.60 24.37 26.07 26.66 28.38 29.45 29.98 29.98 29.88 29.37 28.84 28.78 29.07
traj-261:
21.26 20.72 20.10 18.93 17.16 15.69 14.23 12.68 12.48 12.05 11.75
 0.64  2.36  4.00  4.11  4.13  4.13  4.15  4.28  5.79  7.38  8.43
traj-262:
22.35 22.36 22.29 22.18 22.12 21.92 21.97 21.99 22.01 22.05 22.08 22.08 22.17 22.24 22.21 22.14 22.12 21.89 20.62 19.73 17.94 16.51 15.22 14.57 13.54 12.37 10.88 10.20  8.55  6.79  6.50
 0.86  1.72  3.41  4.51  5.58  6.64  8.53 10.13 10.99 12.40 14.25 15.92 17.86 19.58 20.18 21.88 23.26 25.03 25.04 25.19 25.26 25.06 24.17 23.22 22.09 22.09 22.24 22.36 22.64 23.04 23.08
traj-263:
20.84 21.10 21.28 21.55 21.47 21.17 21.52 21.59 22.17 22.21 22.13 22.05 22.12 22.17 22.23 22.25 22.25 22.26 22.24 22.34 23.51 24.37 25.80 27.71 28.32 29.60 31.28 32.32
 1.51  2.66  4.33  5.30  6.39  8.18  9.60 10.96 12.56 13.47 15.35 16.84 18.75 19.94 21.29 23.05 24.66 25.84 27.76 28.05 29.03 29.15 29.26 28.84 28.25 27.13 27.20 28.06
traj-264:
20.37 20.51 20.53 19.16 17.42 15.69 14.23 13.34 11.43  9.98  8.44
 0.96  2.63  3.46  4.59  4.55  4.66  4.67  4.68  5.22  5.74  5.95
traj-265:
21.03 21.33 21.79 21.87 21.92 21.55 21.29 21.01 20.88 21.27 21.50 21.31 21.20 20.26 20.22 20.12 19.03 17.36 15.76 14.96 14.26 12.60 10.97  9.43  7.62  6.07  5.19
 1.96  3.74  5.14  6.64  7.69  9.16 10.78 12.50 14.06 15.72 16.90 18.67 19.41 20.80 22.35 24.24 25.26 25.51 24.48 22.82 22.81 22.06 21.86 21.91 21.89 22.04 22.09
traj-266:
22.76 22.55 22.11 22.26 22.13 21.56 21.68 22.00 22.09 22.08 21.97 21.92 21.67 21.60 21.58 21.51 21.49 21.59 21.62 21.86 21.85 23.64 24.46 26.17 27.64 28.80 29.72 31.08 32.22 31.60 31.46 31.14 31.09 30.42 30.24 30.30 31.56 31.98 33.00 33.15
 1.53  2.05  3.87  5.74  6.49  8.33  9.27 10.97 12.49 13.36 15.28 16.20 18.15 19.63 20.24 22.23 23.49 24.43 26.30 27.92 28.31 29.16 29.52 29.95 29.76 29.56 29.31 29.06 27.47 25.95 25.13 23.56 21.66 20.11 18.89 17.40 16.07 15.38 13.97 12.45
traj-267:
20.53 21.03 21.68 20.45 18.52 16.80 15.05 14.19 13.01 11.84 10.58  8.80
 0.64  2.18  3.97  4.62  4.58  4.60  4.58  4.67  4.79  4.94  4.68  4.26
traj-268:
22.51 22.27 22.06 21.38 20.96 21.23 21.87 21.89 21.63 21.42 21.49 21.70 21.95 22.13 22.15 21.99 21.98 21.97 20.88 19.31 17.60 15.67 14.58 12.93 11.76 10.12  8.86  7.84
 1.93  3.03  4.38  5.79  7.65  8.45 10.16 11.47 13.31 13.76 15.63 16.92 18.53 19.97 21.34 22.44 23.65 25.48 26.35 25.88 25.97 25.52 25.22 24.59 24.00 23.41 22.80 22.42
traj-269:
20.23 20.48 20.88 20.85 20.83 21.05 21.07 21.47 21.75 21.96 21.99 21.97 22.04 21.94 22.05 22.17 22.18 22.12 21.99 22.83 23.10 24.24 26.12 27.55 29.06 30.85 31.96 33.47 34.35
 0.96  2.20  4.11  5.76  7.25  8.55  9.82 11.42 12.81 14.29 14.85 16.65 17.94 19.82 21.42 23.09 24.20 25.36 27.20 28.92 29.06 29.27 29.50 29.10 28.73 28.51 28.23 28.03 27.98
traj-270:
21.22 21.21 21.85 22.12 21.05 20.64 19.30 17.37 15.63 15.05 13.59 12.11 10.49  9.86  8.33  7.28  5.85
 1.31  1.61  3.43  4.92  6.54  5.85  4.57  4.44  4.38  4.36  4.37  5.29  6.44  7.67  8.62  8.16  7.81
traj-271:
20.38 20.63 21.06 21.56 21.50 21.49 21.69 21.57 21.62 21.62 21.24 20.98 20.75 21.13 22.03 22.18 21.39 20.02 20.12 18.34 17.23 16.35 15.20 13.43 11.81 10.84 10.24  8.27  8.07  6.29  5.44
 1.24  1.71  3.19  5.07  6.80  8.44 10.24 10.91 12.88 14.13 15.86 16.79 17.86 19.48 20.89 22.08 23.68 24.49 25.87 25.72 25.58 25.44 25.27 25.15 24.48 23.84 22.29 22.44 22.51 22.82 22.87
traj-272:
21.97 21.81 21.52 21.46 21.40 21.62 21.76 21.90 21.99 22.07 22.05 22.05 22.07 22.08 22.13 22.14 22.30 22.24 21.79 23.57 24.45 25.88 27.25 28.40 28.10 27.93 28.47 28.92 29.29 29.47 29.82 30.43 31.37 31.95
 0.59  2.19  3.93  5.53  6.82  8.08 10.00 11.80 13.21 14.69 16.54 17.70 19.05 20.92 22.63 23.78 25.64 26.68 28.41 29.10 29.16 29.30 28.72 27.09 25.38 23.84 22.27 20.59 18.91 17.13 15.64 13.87 12.25 11.24
traj-273:
20.98 21.06 20.46 20.38 18.63 17.46 16.01 14.25 13.16 11.93
 1.51  1.80  3.39  4.01  4.87  4.91  4.87  4.83  4.77  6.01
traj-274:
21.73 21.80 21.74 21.87 21.92 21.95 21.55 21.12 21.69 22.03 22.03 22.04 22.07 22.12 22.14 22.08 21.06 19.32 18.22 16.46 15.08 14.19 13.88 12.12 11.15  9.78  8.27
 1.39  2.50  3.96  5.41  7.06  8.73 10.53 12.27 13.99 15.03 16.48 18.38 19.20 20.92 22.82 24.28 25.74 25.61 25.54 25.37 24.60 23.14 21.67 20.89 20.53 20.30 20.16
traj-275:
21.00 21.29 21.52 21.36 21.50 21.38 21.47 21.58 21.57 21.36 21.27 21.04 21.08 21.00 21.62 22.09 21.81 22.24 23.83 24.61 26.27 27.09
 1.95  3.89  4.61  6.43  8.28  9.19 11.02 13.01 14.05 15.53 17.52 19.50 21.17 22.61 24.03 25.84 27.65 28.04 29.09 29.28 29.90 30.21
traj-276:
22.43 22.32 21.58 20.80 20.37 18.57 16.82 15.95 14.20 12.86 12.62 12.82 12.64
 0.52  0.80  2.39  3.65  4.01  4.33  4.13  4.14  4.31  4.48  4.91  6.78  8.49
traj-277:
21.57 21.84 22.26 22.11 22.10 22.07 21.94 21.97 21.90 21.93 22.06 22.17 22.23 22.15 22.04 21.95 22.02 21.14 19.44 18.26 17.28 15.49 14.61 14.14 13.86 13.43 11.73 10.21  9.17  7.52  6.22
 1.54  2.62  4.22  5.61  6.95  8.82  9.79  9.90 11.21 12.55 14.38 16.04 17.51 18.93 20.27 21.43 22.80 24.40 25.22 25.69 25.90 25.24 23.84 22.47 21.39 20.27 19.41 18.69 18.32 17.83 17.31
traj-278:
21.33 21.44 22.05 22.01 22.00 21.92 21.82 21.76 22.06 21.77 21.26 21.39 21.48 21.53 21.71 22.11 22.15 22.23 22.26 22.32 23.99 25.40 26.80 28.66 30.08 29.86 29.68 29.39 29.19 28.89 28.71 29.44 30.26
 1.60  1.88  3.63  4.19  6.05  7.98  9.76 10.71 12.32 13.35 15.00 16.44 18.29 20.22 20.60 22.28 24.07 25.86 26.76 28.29 29.22 29.70 30.01 29.49 28.10 27.07 25.45 23.72 22.69 20.79 18.85 17.54 16.25
traj-279:
20.86 20.81 20.86 19.75 18.10 16.63 14.91 13.57 12.20 10.76  9.64  8.54
 1.13  2.93  3.72  4.74  4.57  4.49  4.58  4.80  4.94  5.22  5.55  5.85
traj-280:
20.12 20.55 20.95 21.16 21.26 21.41 21.33 21.37 21.38 21.28 20.57 20.71 21.10 21.63 21.01 20.01 18.32 17.72 15.86 14.75 13.66 12.83 11.18
 1.13  1.90  3.66  5.16  6.97  8.46 10.17 11.92 13.10 14.83 16.61 18.51 20.26 21.19 22.75 24.28 25.10 25.05 25.01 24.59 24.25 23.93 23.28
traj-281:
22.23 22.09 22.05 22.03 22.01 21.97 21.95 21.89 21.81 21.35 21.10 20.43 20.66 20.92 21.44 21.74 21.86 22.06 22.13 21.98 23.29 25.01 26.64 27.63 28.06 28.91 29.55 30.26 30.46
 1.74  2.88  4.59  6.33  7.43  9.10  9.93 11.61 13.01 14.79 15.01 16.15 17.32 18.43 19.94 21.24 22.57 24.54 26.26 28.25 29.09 29.38 29.52 28.52 27.86 26.39 24.91 23.07 22.38
traj-282:
20.97 20.93 20.64 20.52 18.67 17.49 16.03 14.32 12.38 12.08 10.36  8.78  7.02
 0.44  1.00  2.67  3.84  4.35  4.43  4.53  4.72  4.88  4.92  5.37  5.56  4.98
traj-283:
21.23 21.21 21.10 21.20 21.12 21.77 22.10 22.43 22.53 22.56 22.47 22.21 22.07 21.73 21.59 21.23 20.62 18.88 17.17 15.62 14.71 13.81 12.63 11.98
 0.55  2.41  4.37  5.65  7.14  9.03 10.10 11.55 13.51 15.30 17.26 19.14 20.03 21.82 23.62 24.75 26.11 26.06 26.05 24.89 24.18 23.56 22.27 21.34
traj-284:
21.10 21.38 21.57 21.68 21.63 21.62 21.79 21.95 21.96 21.99 21.94 21.93 21.99 21.97 22.02 22.05 22.11 22.14 22.19 22.48 23.44 24.73 26.15 27.53 27.43 28.38 30.03 30.98 32.40 32.75 34.31
 1.83  2.92  4.34  6.26  7.66  8.91 10.40 12.13 12.40 13.28 15.20 16.83 18.58 20.56 22.53 23.12 24.89 25.79 27.26 28.47 29.18 29.82 30.14 28.79 27.82 26.34 26.65 27.28 28.41 28.71 29.77
traj-285:
20.43 20.44 20.39 20.13 18.22 17.06 16.16 14.70 13.28 12.42
 1.76  2.32  3.99  4.14  4.67  4.62  4.58  4.52  4.79  5.75
traj-286:
21.71 21.80 21.91 21.96 21.98 22.08 21.95 21.91 21.78 22.05 21.39 21.17 20.85 20.79 21.53 21.20 20.37 20.11 19.94 18.30 16.59 14.98 13.83 12.41 12.11 11.82
 0.96  2.70  4.24  5.95  6.46  8.37 10.24 10.67 12.42 13.91 15.55 16.27 18.13 19.02 20.82 21.84 23.55 24.30 26.05 25.62 25.22 24.47 23.53 22.21 21.10 19.35
traj-287:
22.80 22.29 22.25 22.18 22.03 21.95 21.82 21.59 21.19 21.00 20.81 20.90 20.80 21.07 21.23 21.68 22.07 22.27 22.28 22.57 23.68 25.39 26.85 28.33 29.42 29.80 30.24 30.89 31.30 31.93 32.40 32.97 33.58
 1.53  2.91  3.48  5.42  7.10  8.14  9.96 11.72 13.40 15.37 17.18 17.92 19.56 21.38 21.76 23.15 24.22 26.21 28.19 29.34 29.76 30.06 30.30 29.99 29.01 27.81 26.13 24.65 23.70 22.12 21.19 19.76 18.13
traj-288:
21.20 21.15 19.82 19.26 17.39 16.52 14.79 13.04 12.47
 1.93  3.54  4.75  4.56  4.49  4.49  4.57  4.47  4.41
traj-289:
22.18 22.09 21.70 21.37 21.22 21.06 20.92 21.74 22.21 22.22 21.34 20.86 20.57 21.30 21.78 21.75 21.54 21.07 20.07 18.37 16.59 15.99 15.60 14.40 13.18 12.04 10.12  9.80  8.02
 1.85  3.40  5.31  7.05  8.72 10.37 10.91 12.58 13.90 14.20 15.72 16.08 17.83 18.77 20.71 21.12 21.59 23.07 24.39 25.15 25.08 25.06 24.79 23.45 23.43 23.72 23.94 24.04 24.84
traj-290:
21.51 21.61 21.80 22.07 21.96 21.82 21.89 21.87 21.84 21.06 21.64 22.21 22.22 21.26 20.89 21.20 21.32 21.36 21.57 23.27 25.21 25.79 27.54 29.26 31.10 31.50 32.43 33.41 33.95
 1.86  3.21  5.06  6.70  8.09  9.59 11.20 11.94 13.84 15.61 16.95 18.16 20.16 21.71 22.94 24.74 25.71 27.33 28.38 29.07 29.11 29.12 29.10 28.88 28.40 27.95 26.47 24.97 24.13
traj-291:
22.32 22.00 21.72 21.61 19.71 18.70 16.98 15.50 13.78 12.27 11.75
 1.24  1.85  3.82  5.18  4.85  4.56  4.34  4.46  4.53  5.43  6.41
traj-292:
20.26 20.62 20.81 20.91 21.34 21.29 21.46 21.38 21.43 21.72 21.89 22.01 22.02 21.59 21.22 20.46 20.52 20.01 18.29 17.21 15.54 15.04 13.70 12.53 13.73 14.46 15.12
 1.81  3.57  4.81  5.65  7.18  9.10  9.74 11.69 13.16 14.62 15.78 17.49 18.06 19.89 20.90 22.72 23.79 25.59 25.50 25.40 25.02 24.70 23.44 21.86 20.35 19.35 17.71
traj-293:
21.48 21.71 21.84 21.91 21.99 22.45 22.35 22.17 21.97 21.88 21.68 21.77 21.84 21.89 22.25 22.31 22.23 22.14 22.17 22.95 23.46 23.84 25.79 27.12 28.48 29.98 30.68 32.03 32.26 32.43 33.02
 1.20  2.34  3.57  5.05  6.92  8.28 10.01 11.42 13.04 14.69 16.66 17.80 19.05 20.11 21.85 23.61 25.03 26.11 27.25 28.85 29.11 29.18 29.32 29.21 28.26 27.39 26.93 25.96 24.63 23.78 22.15
traj-294:
20.88 20.56 20.26 18.42 17.25 15.51 14.35 12.86 12.62 10.73  9.44  7.86
 1.38  2.86  3.85  4.56  4.57  4.67  4.71  4.89  5.07  5.50  4.96  4.01
traj-295:
21.12 21.46 21.58 21.72 21.74 21.91 22.13 21.87 22.01 22.18 22.29 22.26 21.96 21.77 21.24 20.24 18.65 17.24 16.38 15.72 15.10 14.99 14.90 14.82 15.14 15.43
 1.45  2.87  4.69  6.63  7.85  9.15 10.28 11.99 13.94 15.62 17.10 18.19 19.89 21.79 23.47 24.48 25.28 25.18 25.09 24.62 23.15 21.47 20.35 19.48 18.29 17.02
traj-296:
21.96 21.97 21.93 21.77 21.83 21.95 21.88 21.92 21.99 22.00 22.03 21.97 21.94 21.88 21.79 22.02 22.17 22.28 22.00 21.85 22.70 23.82 24.96 26.58 28.49 30.25 30.47 30.44 30.48 30.41 30.31 30.29 30.18 30.07 30.15 30.21 30.41 30.60
 1.58  2.82  4.10  5.69  7.50  8.93 10.60 10.90 12.71 13.31 14.82 16.19 17.65 19.15 20.64 22.32 23.77 24.94 26.91 28.77 29.33 29.36 29.23 29.12 28.78 28.13 26.24 24.58 22.90 22.04 20.34 18.95 17.26 15.49 13.70 13.11 11.39  9.43
traj-297:
20.12 21.16 20.63 19.18 17.47 16.60 15.18 13.42 11.63 10.94
 0.58  2.16  4.00  5.00  4.86  4.82  4.73  4.79  4.59  4.17
traj-298:
20.59 20.56 20.52 20.58 20.64 21.06 21.34 21.81 21.84 21.85 21.86 21.95 22.03 20.90 21.24 21.81 21.23 19.70 18.64 16.75 15.19 14.92
 1.81  3.63  4.62  6.44  8.10  9.84 10.30 11.78 13.02 14.93 15.87 17.30 18.99 20.53 22.36 23.19 24.62 25.07 25.23 25.13 25.04 24.89
traj-299:
21.77 21.86 21.95 21.94 21.93 22.03 22.15 22.17 21.98 21.94 22.04 21.98 21.57 21.78 21.77 21.71 21.70 21.71 21.55 21.44 23.14 24.66 25.37 26.94 28.19 29.12 29.67 29.69 29.53 29.54 29.31 29.30 29.22 29.23 29.39 29.54
 0.55  2.17  3.68  5.19  6.47  8.10 10.09 11.24 13.19 14.56 16.47 16.76 18.42 20.35 22.21 23.18 25.03 26.83 28.12 28.87 29.41 29.88 29.70 29.42 29.90 28.19 26.46 25.13 23.18 22.35 20.57 18.62 17.10 15.29 14.01 12.85
