traj-0:
38.74 37.60 35.89 35.37 33.63 32.49 31.32 29.57 28.07 26.60 24.84 23.42 22.77 22.13 21.45 21.32 21.37 21.29 21.37 21.13 20.27 19.08 18.52 16.81 14.90 14.03 12.19 11.99 10.82  9.73  8.09  6.56
19.78 19.80 19.84 19.86 19.86 19.85 19.89 19.89 19.92 19.87 19.88 18.94 17.18 15.41 13.69 12.23 11.93 10.09  8.14  6.33  5.64  5.09  5.03  4.96  4.67  4.56  4.38  4.61  4.81  5.27  6.10  6.48
traj-1:
36.45 34.59 33.63 32.11 30.32 29.75 28.00 26.19 25.36 23.87 23.02 22.07 21.42 19.65 18.49 16.72 14.73 12.92 11.31 10.25
18.34 18.45 18.48 18.45 18.56 18.55 18.67 18.80 18.89 19.09 19.84 20.50 22.30 22.35 22.27 22.11 22.07 21.46 20.86 20.56
traj-2:
38.74 37.89 36.27 34.65 33.55 31.59 29.70 28.09 26.31 25.13 24.08 22.81 21.51 21.26 21.14 21.22 21.63 22.09 22.71 23.63 25.32 26.98 28.45 29.30 30.69
18.41 18.23 18.28 18.27 18.26 18.53 18.67 18.82 18.73 19.07 19.45 20.84 21.77 23.43 24.41 25.80 27.69 28.62 29.90 31.16 32.05 32.12 32.16 32.19 32.38
traj-3:
36.90 35.93 34.50 33.37 31.90 30.46 28.72 27.27 26.70 24.93 22.96 22.65 21.85 21.76 21.83 21.93 21.92 21.89 21.84 21.65 21.41 20.21 18.28 17.41 15.71 14.55 13.02 12.07 11.07  9.86  8.13  6.19
18.77 18.88 19.02 19.22 19.44 19.59 19.76 19.88 19.86 19.88 19.63 19.13 17.45 15.47 14.52 12.75 11.27 10.67  8.93  7.45  6.62  5.27  5.03  5.03  5.44  5.73  6.54  6.90  7.08  7.61  8.16  8.57
traj-4:
37.51 35.60 33.88 32.69 31.50 30.61 28.93 27.16 25.70 24.59 23.41 22.35 21.53 19.57 19.27 17.51 16.62 14.86 12.97 11.57 10.67  9.41  8.00
19.47 19.62 19.94 19.94 19.92 19.88 19.84 19.86 19.87 19.89 19.99 21.22 22.81 22.74 22.69 22.47 22.37 22.24 22.04 22.36 22.63 22.93 23.32
traj-5:
35.67 33.74 32.09 30.35 29.00 27.25 25.47 24.28 22.88 22.21 21.46 21.33 21.18 21.16 21.25 21.30 21.27 20.02 18.71 17.37 15.90 15.17 13.40 12.55 10.81
18.33 18.64 18.97 19.31 19.65 19.87 19.90 19.96 21.33 22.55 24.32 25.73 26.51 28.23 28.76 30.47 31.05 32.59 32.85 33.40 34.12 34.53 35.29 35.52 35.94
traj-6:
34.36 32.98 31.15 30.00 28.54 27.41 26.34 24.85 24.25 22.39 22.18 22.26 22.38 22.36 22.47 22.58 22.18 22.02 21.77 21.62 20.72 19.04 18.29 16.35 14.62 13.87 12.42 11.13  9.58  8.28
18.48 18.65 18.78 18.76 19.02 19.20 19.29 19.38 19.43 19.74 18.37 17.43 16.02 14.49 13.46 11.51 10.02  9.45  7.72  7.14  5.55  4.91  4.89  4.89  4.75  4.71  5.57  6.42  7.49  8.67
traj-7:
35.83 34.06 32.34 30.68 28.95 27.21 26.05 24.62 23.02 22.33 21.63 19.99 18.21 16.26 15.66 13.77 13.12 11.24 10.30  8.67  7.13  5.97  5.47
18.21 18.43 18.66 18.72 19.13 19.42 19.60 19.90 20.77 20.97 21.28 22.03 22.14 22.27 22.29 22.13 22.05 21.67 21.31 20.64 20.06 18.54 18.43
traj-8:
33.76 32.62 31.15 30.40 28.88 27.06 26.76 25.01 23.81 23.60 23.55 23.60 23.61 23.70 23.74 23.78 23.80 23.81 23.80 23.83
18.08 18.07 18.27 18.39 18.59 18.82 18.85 19.18 19.72 19.93 21.84 23.28 24.45 25.91 27.40 28.87 29.98 31.16 32.06 33.81
traj-9:
34.68 33.02 32.72 32.25 30.63 28.72 27.82 26.63 25.73 24.24 23.43 21.87 21.94 22.10 22.56 22.79 22.47 22.20 21.81 21.40 20.26 19.26 17.55 15.91 13.98 13.69 11.82  9.95  8.89  7.66  6.51
18.24 18.65 18.72 18.88 18.92 18.94 18.94 18.92 18.88 18.86 18.63 18.13 17.14 15.90 13.97 12.31 10.89  9.85  8.42  6.93  5.32  5.12  4.95  5.08  5.15  5.21  5.15  5.46  5.84  5.53  5.28
traj-10:
37.50 37.20 35.21 34.50 32.78 31.44 29.69 29.10 27.38 27.08 25.29 23.58 22.78 21.28 19.45 17.68 16.78 14.92 13.20 12.93 11.28  9.61  8.12  7.61  6.45
19.28 19.29 19.50 19.54 19.65 19.76 19.86 19.90 19.90 19.91 19.93 20.78 21.65 21.99 22.13 22.10 22.15 22.31 23.22 23.34 23.13 22.40 21.53 21.23 20.39
traj-11:
36.64 35.81 34.12 33.00 31.26 30.37 28.91 28.32 26.55 24.80 23.26 22.62 22.36 22.16 22.31 22.14 21.90 21.65 20.23 19.63 17.73 16.10 14.53 13.19 11.37  9.44  8.85
19.26 19.37 19.51 19.66 19.91 19.91 19.93 19.93 19.90 19.85 20.77 22.16 23.23 24.71 26.46 28.32 29.43 31.05 32.25 32.22 32.30 32.27 32.35 32.36 32.65 32.93 32.84
traj-12:
35.30 34.47 33.17 31.44 30.05 28.69 27.95 26.37 24.60 23.39 21.68 22.26 21.92 21.67 21.73 21.52 21.59 20.91 19.18 17.82 16.08 15.50 13.93 12.45 11.33  9.40  7.77  7.20  5.34  5.05
18.72 18.57 18.49 18.40 18.25 18.24 18.30 18.38 18.48 17.86 16.96 15.56 13.77 12.00 10.73  9.02  7.21  5.93  4.95  5.12  5.44  5.60  6.72  7.90  7.67  7.64  7.46  7.42  7.56  7.63
traj-13:
34.57 33.22 32.33 31.55 29.88 28.27 27.24 26.04 24.07 23.80 22.23 21.09 19.34 17.52 15.80 14.31 12.65 11.72 10.57
18.48 18.81 19.08 19.25 19.70 19.88 19.91 19.96 20.00 20.21 20.93 21.39 22.15 22.20 22.46 22.68 21.94 21.57 21.01
traj-14:
36.63 35.02 33.88 32.18 30.75 28.98 27.04 25.58 24.69 23.05 22.45 21.48 21.64 22.06 22.51 22.75 23.30 23.32 23.78 24.79 25.92 27.55 29.42 29.70 31.44 33.17
18.57 18.66 18.74 19.19 19.38 19.48 19.74 19.90 19.95 20.87 21.58 22.30 23.09 24.84 26.71 27.75 29.56 30.16 31.45 32.05 32.48 33.12 33.74 33.85 34.25 34.72
traj-15:
33.91 33.32 31.34 30.45 28.71 26.97 25.50 24.91 23.35 23.27 23.20 22.51 22.37 22.18 21.87 21.61 21.35 20.21 18.87 17.01 15.10 13.28 11.43 11.15
19.31 19.38 19.64 19.78 19.91 19.90 19.95 19.97 18.99 17.80 16.95 15.10 13.30 11.84  9.94  7.96  6.50  5.14  5.20  5.24  5.33  5.85  5.82  5.93
traj-16:
35.03 33.26 31.77 30.71 29.24 28.21 26.46 24.70 24.10 22.58 22.04 21.29 19.65 18.76 17.60 15.82 15.23 13.45 12.28 11.52 10.25  8.50  7.13  5.79  4.60
19.94 19.94 19.93 19.92 19.92 19.93 19.92 19.84 19.80 20.63 20.99 21.81 22.53 22.38 22.20 22.07 22.07 22.09 21.62 21.33 20.79 20.11 19.50 18.96 18.49
traj-17:
35.58 33.62 32.76 31.00 29.81 28.05 26.28 25.10 23.32 23.01 22.78 22.48 22.24 22.11 21.74 21.29 20.11 18.68 17.78 16.35 15.61 13.72 11.84
19.26 19.63 19.80 19.91 19.90 19.89 19.89 20.00 20.90 22.87 23.79 25.72 27.69 28.42 30.07 31.30 32.29 32.14 32.05 33.04 32.87 32.27 32.08
traj-18:
33.67 31.97 30.58 28.84 27.13 25.69 24.25 22.47 22.74 22.80 22.53 22.44 22.19 22.01 21.75 21.60 21.40 20.45 18.84 16.97 15.29 13.31 11.41 10.30
19.73 19.78 19.81 19.86 19.90 19.93 19.96 19.85 17.92 16.33 14.41 13.49 11.77 10.41  8.64  7.80  6.63  5.13  5.04  4.92  5.01  4.78  4.25  4.05
traj-19:
38.94 37.18 35.80 34.05 33.17 32.05 30.34 28.57 27.43 25.96 25.06 23.52 22.98 21.31 19.54 18.68 16.91 15.45 13.98 13.45
19.23 19.31 19.43 19.46 19.58 19.72 19.93 19.91 19.89 19.91 19.93 20.72 20.97 21.46 22.19 22.23 22.31 22.21 22.08 21.69
traj-20:
34.19 33.57 31.72 30.18 29.33 27.53 26.35 25.02 24.03 23.26 22.91 22.30 21.81 21.40 21.24 21.19 21.21 21.16 20.53 19.04 17.24
18.04 18.04 18.30 18.22 18.14 18.43 18.58 18.71 19.17 20.66 22.03 23.93 24.60 24.87 26.53 28.42 29.57 30.74 32.48 33.20 33.89
traj-21:
35.81 33.92 32.27 30.50 29.04 27.64 26.01 24.88 23.90 23.56 22.94 22.15 21.40 21.35 21.32 21.35 21.32 21.57 21.77 21.83 21.04 19.88 18.18 16.51 15.14 14.34 12.96 11.32  9.57  8.83
18.19 18.30 18.69 19.42 19.50 19.59 19.78 19.83 19.69 18.24 16.76 15.17 13.33 12.62 12.32 10.39 10.10  9.93  8.66  6.76  6.04  4.63  4.78  4.95  5.04  5.12  5.59  5.95  6.61  6.28
traj-22:
38.30 37.86 36.77 35.17 34.59 32.75 31.08 29.36 27.92 26.54 25.26 23.67 23.20 22.21 20.83 20.26 18.34 17.18 15.76 14.51 13.11 11.69 10.19
18.34 18.44 18.61 19.06 19.21 19.35 19.73 19.79 19.84 19.93 19.99 20.96 22.30 23.41 22.97 22.83 22.42 22.26 22.27 22.27 23.00 23.36 23.79
traj-23:
37.19 35.42 33.70 31.77 30.59 29.20 27.76 25.77 24.87 23.22 22.79 22.68 22.55 22.31 22.05 21.95 21.42 21.03 20.73
19.99 19.83 19.77 19.77 19.83 19.83 19.85 19.93 19.99 20.99 22.81 24.00 24.91 26.78 28.76 30.69 32.30 33.80 34.80
traj-24:
38.16 36.48 34.77 33.05 32.15 30.66 29.17 27.40 26.80 25.31 23.82 23.46 22.36 22.01 21.93 22.00 22.03 22.28 22.46 22.60 22.77 22.96 22.41 22.26 21.62 21.14 19.80 18.98 17.13 15.86 14.47 12.69 11.69 11.04  9.09  7.91  7.01
19.62 19.69 19.78 19.92 19.89 19.92 19.91 19.94 19.92 19.93 20.88 21.65 23.09 21.49 20.90 19.09 18.68 16.74 15.35 14.03 12.86 12.01 10.19  9.63  7.79  6.41  4.94  4.91  5.06  5.12  5.27  5.58  6.77  7.47  7.61  7.69  7.31
traj-25:
35.66 35.08 33.17 31.88 30.37 28.93 27.06 25.14 23.77 22.79 21.20 20.39 18.41 16.64 14.72 12.80 11.24  9.32  8.68  7.38  6.90
18.07 18.14 18.32 18.40 18.52 18.73 19.03 19.53 20.61 21.52 22.32 22.22 22.49 22.62 22.83 22.90 21.98 21.50 22.32 23.78 24.14
traj-26:
36.47 35.10 33.23 31.85 30.16 29.11 27.41 25.53 25.06 23.92 23.34 23.24 22.40 22.11 21.65 21.81 21.81 21.73 22.57 23.15
18.89 18.79 18.56 18.69 18.82 18.71 18.94 18.81 19.17 20.05 21.71 22.28 23.81 24.31 25.07 26.84 27.14 29.08 30.38 31.04
traj-27:
34.93 34.06 32.78 30.97 29.94 28.23 26.90 25.19 24.17 23.47 22.98 22.86 22.76 22.51 22.14 22.03 21.83 20.15 18.48 17.15 15.22 13.39 11.45  9.94  8.24  7.94  7.93
18.52 18.61 18.72 18.96 19.12 18.93 18.62 18.40 18.11 16.36 15.13 13.76 12.88 10.91  9.02  8.14  6.39  5.44  5.11  5.06  5.32  5.21  5.26  5.96  5.03  5.03  5.33
traj-28:
34.91 34.06 32.53 30.60 29.55 27.80 27.21 25.44 24.85 23.75 22.60 21.90 20.21 18.45 16.77 15.59 13.85 11.92 10.21  8.41
18.14 18.32 18.56 19.04 19.18 19.28 19.33 19.59 19.68 20.30 21.18 21.52 22.49 22.21 22.26 22.33 22.25 22.07 21.78 21.39
traj-29:
36.79 35.12 34.57 32.85 31.06 29.57 28.40 26.67 25.19 24.30 23.07 23.12 23.12 23.29 23.47 23.54 23.66 23.78 25.00 26.47 28.26 30.03 31.14
19.36 19.70 19.74 19.90 19.89 19.91 19.90 19.91 19.88 19.92 21.45 22.63 23.54 25.31 27.07 27.97 29.46 31.23 32.01 32.01 32.30 33.02 33.57
traj-30:
37.62 37.32 38.26 36.56 34.79 34.49 32.75 30.96 29.40 27.49 26.45 24.54 23.95 22.82 22.64 22.33 22.12 21.86 21.68 21.41 21.22 21.04 20.07 18.43 17.40 15.75 14.14 12.35 11.29 10.20  8.54  7.51  6.14
19.49 19.54 18.90 19.06 19.14 19.12 19.09 19.01 18.72 18.54 18.20 18.18 17.79 16.33 15.79 14.30 13.23 11.77 10.15  8.60  7.85  6.55  5.10  5.14  5.13  5.07  5.45  6.04  6.37  6.74  7.21  7.51  7.88
traj-31:
34.22 33.62 31.76 29.88 29.42 27.69 27.40 25.70 25.11 23.55 22.48 20.93 19.75 18.01 16.24 14.75 13.06 12.78 11.75 10.15  8.19  7.62  6.62  5.50
18.23 18.23 18.32 18.41 18.48 18.74 18.83 19.19 19.31 20.17 21.20 22.16 22.11 22.07 22.03 22.02 22.01 21.92 21.86 22.19 21.83 21.16 20.21 18.88
traj-32:
35.10 33.41 31.68 29.93 28.16 27.30 25.84 24.39 22.87 22.02 21.49 21.68 21.68 21.95 21.78 22.80 24.21 24.40 25.27
19.56 19.62 19.74 19.91 19.87 19.84 19.86 19.85 20.75 22.52 23.74 24.93 26.28 28.09 29.28 30.83 32.11 32.66 34.38
traj-33:
36.42 35.38 34.04 33.04 31.06 29.88 29.03 27.24 25.75 23.98 23.92 22.96 22.78 22.16 22.38 22.58 22.91 23.07 23.32 23.47 23.39 23.26 22.43 21.55 20.08 18.83 17.17 16.02 15.20 13.32 11.46 10.43  8.69  6.92  5.92
19.30 19.44 19.58 19.72 19.76 19.86 19.90 19.98 19.93 19.87 19.58 18.05 17.81 16.21 14.47 13.24 11.50 10.63  9.21  7.42  6.41  5.42  4.24  4.45  4.69  4.86  5.16  5.39  5.70  5.43  5.74  5.89  6.08  6.23  6.25
traj-34:
38.43 36.70 35.17 33.46 31.73 31.31 29.32 27.33 26.60 26.30 24.54 23.68 23.58 22.87 21.30 19.57 17.81 16.35 15.47 14.29 12.39
18.53 18.58 18.50 18.40 18.47 18.43 18.27 18.31 18.34 18.36 18.37 20.08 20.36 21.96 22.15 22.46 22.37 22.19 22.21 22.18 21.66
traj-35:
37.55 37.03 35.29 34.99 33.01 31.54 29.76 28.86 27.39 25.90 24.14 22.45 22.38 22.28 21.97 21.96 21.76 21.72 21.35 19.62 18.00 17.01 15.05 13.29 11.44  9.71  9.50
19.48 19.53 19.72 19.73 19.88 19.94 19.91 19.91 19.90 19.88 19.81 20.86 21.96 23.36 25.24 27.12 29.05 30.21 31.62 32.46 32.50 32.51 32.49 32.44 32.51 33.20 32.99
traj-36:
35.01 33.28 31.58 29.83 28.41 26.91 25.14 23.47 22.64 22.66 22.54 22.15 21.96 21.89 21.81 21.76 21.67 21.62 21.35 21.17 20.77 19.04 17.13 15.23 13.25
19.19 19.43 19.69 19.98 19.97 19.97 19.97 20.84 19.56 18.99 17.16 15.69 14.50 13.19 11.98 11.13  9.98  8.57  7.11  6.24  5.48  5.09  4.95  4.96  5.06
traj-37:
36.67 35.67 33.95 32.48 30.64 29.71 28.52 27.06 26.47 25.03 24.00 22.99 21.05 20.45 18.68 17.19 16.30 14.75 13.65 13.32 12.71 12.30 10.95
19.26 19.62 19.96 19.92 19.95 19.93 19.94 19.91 19.90 19.87 20.53 21.84 22.11 22.15 22.22 22.31 22.37 22.48 21.91 21.19 20.11 19.40 18.01
traj-38:
36.17 35.58 33.64 33.08 31.10 29.90 28.41 26.65 25.50 23.78 23.40 23.07 23.15 23.34 23.41 23.33 23.28 23.47 24.75 25.35 26.80 28.71 29.65 30.54
19.25 19.33 19.58 19.66 19.85 19.91 19.95 19.91 19.95 19.75 21.46 22.89 24.24 25.99 27.35 29.13 29.95 31.36 32.15 32.09 32.31 32.65 33.28 33.74
traj-39:
36.62 36.04 34.11 32.53 31.63 29.71 28.55 27.18 25.84 24.68 22.88 22.76 22.69 22.51 22.57 22.22 21.53 21.04 20.14 18.89 18.43 16.47 15.34 13.61 11.88 10.27  8.56  7.98
19.21 19.13 18.90 18.71 18.71 18.82 18.69 18.63 18.51 18.09 17.38 15.68 14.95 13.07 11.63 10.00  8.29  6.82  5.71  4.97  5.02  5.30  5.40  5.54  5.37  5.54  5.45  5.41
traj-40:
38.84 37.22 35.94 34.09 32.98 31.07 29.16 27.70 25.97 24.85 24.69 23.14 21.97 21.20 19.42 17.66 15.88 13.89 12.51 10.87  9.38  7.63  7.34
19.69 19.76 19.92 19.92 19.91 19.83 19.88 19.83 19.83 19.94 20.19 20.98 22.10 22.49 22.83 22.65 22.48 22.55 22.69 22.96 23.59 24.51 24.58
traj-41:
37.46 36.15 34.41 32.70 31.12 29.97 28.19 26.55 25.70 24.00 22.73 22.67 22.41 22.18 22.49 22.72 23.17 23.36 23.80 25.22 27.12
18.75 18.33 18.06 18.13 18.32 18.35 18.40 19.22 19.46 20.40 21.74 22.03 23.81 24.74 26.48 27.04 28.39 29.57 31.38 32.25 32.70
traj-42:
34.07 32.20 30.72 28.95 28.64 26.84 25.00 23.59 22.83 22.57 22.39 22.29 22.04 21.92 21.31 21.17 20.22 18.52 16.80 15.12 13.57
19.63 18.95 18.86 18.79 18.77 18.66 18.42 17.25 16.15 14.31 13.32 11.64 10.24  9.65  7.92  6.91  5.23  5.09  5.42  5.72  5.58
traj-43:
37.83 36.10 34.37 32.73 30.89 29.12 27.67 26.48 25.02 24.42 23.28 22.08 20.68 18.75 17.85 16.11 14.93 13.30 12.96 11.24 10.00  9.28
19.70 19.82 19.88 19.90 19.88 19.89 19.93 19.95 19.99 20.00 21.39 22.64 22.30 22.12 22.10 22.04 22.00 21.16 20.69 21.00 21.25 21.68
traj-44:
35.74 34.32 32.83 31.36 29.59 28.71 26.97 24.99 23.45 23.20 22.51 22.59 22.96 23.34 23.30 23.39 23.49 23.61 21.87 20.12 19.53
19.85 19.89 19.88 19.85 19.87 19.84 19.90 19.92 20.98 21.80 23.64 25.13 26.09 27.54 29.29 31.09 33.04 34.13 35.01 35.24 35.27
traj-45:
38.92 37.19 36.89 35.75 34.86 33.53 31.87 30.70 28.84 28.54 26.75 24.79 23.21 23.02 22.79 22.58 22.18 22.10 21.77 21.61 21.28 20.31 18.53 17.41 15.66 14.99 13.22 11.93 10.77 10.14
19.84 19.70 19.65 19.42 19.28 19.02 18.58 18.63 18.80 18.80 18.85 18.60 17.45 16.57 14.95 14.12 12.36 11.08  9.95  8.22  6.88  5.68  4.98  4.96  5.41  5.77  5.61  5.58  4.92  4.50
traj-46:
38.26 37.96 36.20 34.82 33.27 31.63 30.26 29.01 27.73 25.86 24.32 22.64 21.34 19.55 18.37 17.50 16.06 14.79 12.84 11.58 10.20  8.48  7.47
18.19 18.24 18.50 18.71 18.86 19.03 19.18 19.40 19.63 19.78 19.86 20.55 21.47 22.03 22.08 22.14 22.26 22.20 22.47 22.57 22.70 22.85 22.93
traj-47:
33.75 32.55 30.89 30.05 28.61 27.73 26.33 24.45 23.22 22.12 22.02 21.70 21.80 22.12 22.41 22.26 21.74 19.90 19.30 17.39 15.58 14.24
18.36 18.30 18.24 18.27 18.30 18.28 18.26 18.37 19.85 21.29 22.16 24.12 25.98 27.86 29.77 30.93 32.69 33.24 33.20 33.64 34.30 34.83
traj-48:
35.43 33.52 31.64 30.04 28.11 26.11 25.35 23.59 23.46 22.72 23.04 22.47 22.27 21.84 21.47 20.49 18.69 17.89 16.31 15.19 13.22 12.36 10.89
19.23 18.75 18.67 18.61 18.49 18.41 18.15 17.26 16.18 14.38 12.70 10.86  9.77  8.15  6.77  5.09  5.05  5.05  5.03  5.00  4.93  4.91  4.99
traj-49:
37.42 36.53 34.82 33.07 31.29 29.86 28.14 26.95 25.47 24.75 23.09 22.41 20.75 18.98 17.79 16.05 15.75 13.82 12.40 10.74 10.48  8.85  8.14  6.58
19.53 19.62 19.90 19.77 19.76 19.84 19.94 19.94 19.88 19.84 20.73 21.90 22.62 22.39 22.27 22.19 22.19 22.26 22.47 21.48 21.33 20.36 19.96 19.02
traj-50:
34.77 33.58 31.74 30.08 28.24 27.65 26.14 24.37 23.69 22.68 22.39 22.63 22.08 21.42 21.34 21.22 20.15 18.35 16.87 16.35 14.59 13.45
18.30 18.20 18.34 18.56 18.68 18.75 18.95 18.96 19.40 20.92 22.77 24.68 25.94 27.80 29.44 31.23 32.19 32.53 32.37 32.35 32.62 33.33
traj-51:
37.06 36.25 34.54 33.35 32.46 30.55 28.68 28.02 26.28 24.83 24.27 23.85 22.51 22.62 22.59 22.59 22.31 22.12 21.88 21.36 21.01 19.30 17.39 15.53 15.16 13.32 11.66  9.90  9.30  7.55  6.99
19.50 19.73 19.97 19.93 19.90 19.95 19.95 19.96 19.98 19.97 19.94 19.05 17.89 15.99 14.80 12.97 11.09  9.52  7.84  6.32  5.11  5.13  5.05  4.87  4.96  4.90  4.84  4.57  4.57  4.41  4.09
traj-52:
34.02 32.32 30.84 29.41 28.59 27.13 25.71 25.12 23.78 23.10 21.72 20.67 18.99 17.96 16.21 14.48 12.67 11.30 10.60  9.19  7.59
19.18 19.36 19.50 19.61 19.67 19.81 19.93 20.00 20.68 21.53 22.68 22.47 22.30 22.24 22.49 22.75 21.95 21.40 21.29 20.17 19.03
traj-53:
36.71 34.97 33.52 31.57 30.97 29.02 28.42 26.94 25.75 24.86 23.23 22.12 22.04 21.99 21.94 22.07 22.12 22.17 22.18 22.18
19.39 19.68 19.78 19.82 19.82 19.85 19.86 19.90 19.93 19.97 20.91 22.48 23.53 25.01 26.25 27.06 28.78 30.74 32.52 33.14
traj-54:
34.12 32.30 30.49 28.70 27.44 26.04 25.20 23.68 23.39 23.38 22.92 22.94 22.53 22.33 21.97 20.68 20.44 18.80 17.12 15.29 13.37 12.79
18.40 18.44 18.38 18.34 18.44 18.42 18.42 17.34 15.94 14.47 13.07 11.20  9.30  8.53  7.09  5.67  5.48  5.11  5.15  5.20  5.44  5.54
traj-55:
37.11 35.92 34.24 32.51 31.32 29.85 27.85 26.06 24.14 23.31 23.06 22.30 21.11 19.23 17.77 16.04 14.56 12.92 11.18  9.45  8.65
19.70 19.78 19.83 19.91 19.93 19.94 19.96 19.88 20.00 21.58 22.10 23.51 22.94 22.35 22.47 22.62 22.79 23.40 23.06 22.91 22.20
traj-56:
35.09 33.37 31.57 30.03 28.05 26.75 24.77 24.47 23.83 23.85 23.87 23.81 23.81 23.83 23.80 23.73 23.68 25.36 26.53 27.91 29.31 31.09 31.63
18.31 18.33 18.54 18.86 18.77 18.92 18.91 18.97 19.69 21.47 22.36 24.10 25.85 27.29 28.45 29.59 31.02 32.06 32.69 33.24 33.94 34.66 34.93
traj-57:
37.34 36.46 35.33 34.17 32.24 30.93 29.67 27.89 26.57 24.73 23.06 22.48 22.11 21.51 21.50 21.78 21.50 21.54 20.17 19.01 18.13 16.47 14.98 14.39 13.11 12.52
18.41 18.33 18.23 18.14 18.10 18.25 18.21 18.14 18.11 18.07 17.20 15.69 14.60 12.73 10.78  8.94  7.05  6.26  5.26  5.18  5.14  5.00  5.26  5.36  6.60  7.13
traj-58:
35.57 34.17 32.50 31.08 29.66 27.88 26.70 25.65 23.84 22.39 21.33 19.65 18.47 17.05 15.93 14.60 13.60 13.17 11.77 10.80
19.32 19.60 19.80 19.84 19.91 19.92 19.94 19.82 19.61 20.72 21.42 22.24 22.39 22.60 22.77 22.58 21.97 21.30 20.13 19.50
traj-59:
38.10 37.51 35.64 33.71 31.93 30.75 29.85 27.92 27.18 25.56 24.97 23.44 23.15 23.07 23.01 22.86 22.84 22.80 22.69 22.67
19.37 19.48 18.97 18.98 18.99 19.02 19.02 19.05 19.10 19.25 19.31 20.48 21.74 22.54 24.06 25.50 27.03 28.98 30.92 32.31
traj-60:
34.67 33.54 32.06 30.27 29.38 27.58 26.10 24.65 23.25 22.32 22.57 22.56 22.52 22.53 22.29 22.13 22.04 20.96 19.57 18.25 16.65 14.95 14.09 13.15 11.77
19.82 19.90 19.91 19.90 19.90 19.92 19.88 19.84 18.92 17.88 16.06 14.66 13.16 11.46  9.51  8.05  7.16  5.60  5.03  5.00  5.05  5.41  5.58  6.06  6.47
traj-61:
34.36 32.49 31.08 29.93 28.26 26.51 25.33 23.70 23.23 22.03 20.14 18.69 16.92 16.32 14.39 13.14 11.94 11.62
18.47 18.51 18.29 18.41 19.21 19.45 19.64 20.73 21.74 23.24 22.75 22.68 22.54 22.55 22.64 21.91 20.41 19.95
traj-62:
34.21 33.32 32.11 31.56 29.79 28.03 27.73 25.74 24.89 23.74 23.56 23.57 23.48 23.47 23.48 23.59 23.98
18.68 19.06 19.57 19.78 19.95 19.89 19.87 19.83 19.82 20.62 22.54 23.14 25.12 26.58 28.57 30.34 31.59
traj-63:
36.60 35.10 33.63 32.84 31.42 30.18 28.38 26.92 25.14 24.30 23.32 23.03 22.95 22.77 22.33 22.00 21.95 21.88 21.95 20.99 20.84 18.97 17.58 16.48 15.05 13.07 11.15  9.22  7.60
18.66 18.71 18.71 18.86 18.93 18.94 18.85 18.91 18.82 18.68 17.57 15.87 15.30 13.48 11.86  9.90  9.47  7.65  6.95  5.41  5.15  4.85  4.93  4.90  4.92  4.88  5.13  4.77  4.07
traj-64:
38.24 37.95 36.08 35.30 33.67 32.44 30.70 30.41 28.65 27.49 26.18 25.29 23.57 22.52 21.35 19.88 18.69 17.73 15.96 14.50 13.02 12.50 11.99
18.01 18.06 18.27 18.34 18.33 18.52 19.19 19.25 19.57 19.78 19.93 19.97 20.93 22.22 22.07 22.17 22.26 22.35 22.60 22.84 21.81 21.50 21.19
traj-65:
36.53 35.66 34.30 32.49 31.22 29.32 28.07 27.05 26.24 25.19 23.51 22.87 22.57 22.42 22.77 23.51 23.61 23.53 23.53 25.02 26.19 27.68 29.41 31.18
18.85 18.77 18.60 18.65 18.55 18.58 18.80 18.91 19.24 19.69 20.73 22.00 23.85 24.17 25.48 27.29 29.05 30.83 31.13 32.06 32.10 32.14 32.19 33.00
traj-66:
35.15 34.09 32.44 31.51 29.56 28.84 26.95 26.18 24.57 23.78 22.78 22.54 22.41 22.12 22.16 22.24 22.36 22.38 21.85 21.56 21.37 21.16 19.73 18.27 16.54 15.40 13.66 12.16 10.33  9.29  7.96
18.63 18.55 18.75 18.96 19.29 19.44 19.85 19.83 19.81 20.43 21.42 19.45 18.34 16.48 14.61 13.80 11.81 11.51  9.59  8.13  6.95  6.08  4.92  4.88  5.03  5.38  5.93  7.25  7.05  7.04  6.99
traj-67:
35.88 35.09 33.49 32.04 30.61 29.32 27.63 25.92 24.72 23.62 23.52 22.66 20.76 19.13 17.37 16.78 15.33 14.30 12.73 10.93  9.16  8.40  7.44
19.05 19.06 18.92 18.90 18.88 19.20 19.74 19.98 19.96 21.45 21.73 23.26 22.97 22.39 22.50 22.48 22.49 22.60 23.08 23.31 23.04 22.60 21.64
traj-68:
36.53 34.74 33.03 31.54 29.83 28.34 26.59 24.83 23.83 23.33 23.10 22.91 21.29 21.44 21.13 19.48 18.69 18.56 17.18 16.12 14.60 14.02
19.99 19.94 19.89 19.84 19.92 19.97 19.98 19.98 21.50 23.21 24.79 26.74 27.86 29.60 31.43 32.20 32.31 32.58 32.75 32.93 33.07 32.97
traj-69:
37.89 36.31 35.23 33.26 32.61 30.65 28.81 27.44 26.43 24.62 22.95 22.62 22.36 22.02 21.97 21.70 21.47 21.38 21.30 20.13 18.17 17.19 16.02 14.99 13.04 12.48
19.09 18.94 18.89 18.90 18.94 19.08 19.05 18.97 18.95 18.36 17.83 15.94 14.37 12.50 12.20 10.49  8.83  7.64  6.74  5.38  5.29  5.12  5.28  5.42  5.00  4.93
traj-70:
38.64 38.04 36.35 35.19 33.42 31.95 30.23 28.75 27.57 26.71 24.72 23.37 21.74 21.51 19.80 18.05 17.16 15.37 14.49 12.72 11.83 10.06
19.59 19.65 19.81 19.84 19.88 19.83 19.87 19.90 19.90 19.91 19.95 20.83 21.74 21.93 22.41 22.55 22.67 22.69 22.64 23.50 24.23 24.87
traj-71:
35.63 35.09 33.17 32.16 30.50 28.78 26.99 25.45 23.76 23.58 23.19 22.99 22.79 22.96 23.00 22.96 23.54 23.88 24.86 25.34
18.31 18.22 18.42 19.18 19.73 19.90 19.99 19.97 20.84 21.72 23.42 24.56 26.40 28.02 28.32 30.06 31.49 31.97 33.70 34.65
traj-72:
39.09 37.80 35.96 34.52 32.63 30.88 29.20 27.47 25.76 23.93 22.85 22.59 22.05 21.71 21.39 21.45 21.63 21.52 21.45 21.56 21.55 20.43 18.57 17.98 16.25 15.38 13.95 12.29
18.13 18.27 18.39 18.52 18.71 19.05 19.27 19.57 19.77 19.54 18.77 18.31 16.58 16.06 14.59 13.69 12.44 10.69  9.90  8.53  6.66  5.29  5.26  5.27  5.48  5.60  5.72  6.57
traj-73:
38.35 36.62 36.03 34.39 32.91 32.32 30.92 29.79 27.83 26.00 25.54 23.67 22.89 21.67 21.58 21.31 20.92 19.29 17.56 16.41 14.66 14.08 12.23 11.49
18.65 18.89 18.85 18.71 18.57 18.53 18.39 18.32 18.45 18.44 18.50 18.58 19.15 19.83 20.41 20.54 21.49 22.13 22.28 22.36 22.47 22.53 22.54 21.77
traj-74:
35.19 33.45 32.00 31.42 29.97 28.53 26.55 24.77 24.26 23.05 22.16 21.32 21.34 21.39 21.25 21.33 21.40 20.11 18.93 18.11
19.89 19.84 19.73 19.68 19.51 19.64 19.87 19.93 19.93 21.40 23.01 24.76 25.61 27.24 28.61 30.56 31.45 32.52 33.38 33.99
traj-75:
34.88 33.10 31.65 29.71 28.57 26.66 24.76 23.53 23.40 22.65 22.23 22.19 22.17 22.17 22.33 22.73 22.57 22.37 21.92 21.50 20.50 18.73 16.79 15.14 13.68 12.81 10.97 10.01
19.13 19.37 19.58 19.71 19.79 19.85 19.86 21.14 21.41 22.98 21.10 20.52 18.59 16.69 14.90 13.04 11.66 10.27  8.43  6.75  5.53  4.96  4.99  5.00  5.10  5.22  5.68  6.19
traj-76:
36.96 35.24 34.44 33.17 31.54 30.36 28.88 27.39 25.89 24.70 23.24 21.73 20.22 18.45 16.97 15.54 14.94 13.29 12.81 11.51 10.75  8.92
19.36 19.57 19.66 19.80 19.83 19.88 19.91 19.96 19.96 19.95 20.73 21.48 22.76 22.68 22.65 22.59 22.62 23.66 24.00 22.74 21.85 22.03
traj-77:
37.03 35.65 33.92 32.07 31.26 29.34 27.37 26.38 24.70 23.26 22.66 21.99 22.34 22.56 23.20 23.32 23.48 23.62 25.31 27.03 28.25 30.21 31.67 33.60
18.26 18.39 18.62 18.94 18.76 18.41 18.25 18.38 19.04 19.97 20.34 22.12 23.87 25.64 27.25 28.12 29.58 31.03 32.07 32.11 32.11 32.14 32.19 32.26
traj-78:
34.67 34.38 32.43 30.94 29.75 28.27 26.49 25.29 23.77 23.72 23.25 22.24 22.36 22.35 22.26 22.39 22.60 22.70 22.72 22.66 22.35 22.14 21.92 20.09 18.49 16.50 14.78 13.33 12.01 11.71  9.97  9.69  7.96  6.94
19.45 19.52 19.90 19.92 19.94 19.93 19.96 19.97 20.84 21.13 22.77 21.31 19.44 18.85 16.93 16.16 14.23 12.94 11.22  9.29  7.58  6.13  4.96  4.39  5.04  5.19  5.60  5.96  5.99  6.01  5.54  5.66  5.73  5.78
traj-79:
35.33 34.16 32.51 30.72 29.54 27.57 25.81 25.21 23.63 23.12 21.83 21.23 19.43 17.67 16.20 15.62 13.74 13.30 11.48 10.23
19.54 19.68 19.87 19.90 19.81 19.91 19.91 19.93 20.87 22.52 23.88 23.42 22.81 22.77 22.68 22.71 22.80 22.87 22.91 22.88
traj-80:
36.94 35.03 33.62 31.74 31.15 29.46 27.99 26.17 24.60 23.50 22.92 21.76 21.68 21.81 22.00 22.09 22.35 22.90 23.25
18.27 18.32 18.45 18.12 18.12 18.15 18.29 18.46 18.67 19.46 20.12 21.54 23.53 24.71 26.40 27.45 29.20 30.86 31.97
traj-81:
34.80 34.24 32.79 31.82 29.88 28.51 26.78 24.83 23.29 22.02 22.28 22.51 22.67 22.73 22.79 22.59 22.49 22.22 21.27 19.41 17.55 16.71 15.49 14.37 13.02 12.49 10.83  9.99
19.02 18.97 18.93 19.14 19.47 19.72 19.92 19.81 18.82 17.30 15.77 14.20 13.35 11.47 10.59  9.19  7.74  6.70  5.21  4.99  4.96  4.98  5.29  5.56  6.84  7.30  8.16  8.44
traj-82:
37.24 36.94 35.02 33.47 32.54 31.04 29.89 28.71 27.11 25.19 23.50 22.22 21.05 19.29 17.84 16.35 14.91 13.21 12.62 10.79  9.07
18.88 18.86 18.99 18.98 19.02 19.20 19.55 19.67 19.84 19.98 20.93 22.00 22.47 22.62 22.61 22.56 22.43 23.31 23.98 23.98 23.96
traj-83:
36.01 34.56 33.10 31.37 30.17 28.41 27.22 25.79 24.92 23.64 23.26 22.00 21.43 21.29 21.30 21.34 21.20 21.09 21.73 22.34
19.82 19.84 19.82 19.81 19.83 19.97 19.96 19.95 19.93 20.79 21.84 23.36 24.31 25.41 27.09 28.35 29.96 31.37 32.84 34.39
traj-84:
37.49 36.43 34.75 33.31 32.23 31.23 29.88 27.92 27.03 25.55 23.77 23.47 22.30 22.57 22.94 23.04 23.03 23.05 23.04 21.78 20.16 18.89 16.96 16.42 14.82 13.50 12.96 12.27 10.80  9.03  8.74
18.91 18.93 18.74 18.84 18.90 19.07 19.18 18.93 18.83 18.66 18.73 18.74 17.17 15.19 13.33 11.59 10.12  8.34  6.34  5.06  4.98  5.01  5.19  5.22  5.75  6.65  6.91  7.10  7.67  8.52  8.61
traj-85:
35.56 35.38 33.65 32.40 31.29 29.98 28.21 26.79 25.40 24.15 23.07 22.13 20.51 19.63 18.18 17.00 15.53 13.56 12.10 10.36  9.84
18.01 18.25 18.53 18.50 18.32 18.40 18.64 18.86 19.13 19.49 20.68 21.60 22.76 22.66 22.43 22.49 22.58 22.37 21.57 20.66 20.38
traj-86:
37.39 35.71 34.01 32.28 30.87 29.09 27.13 26.26 24.78 23.77 23.70 23.70 23.74 23.75 23.71 23.63 23.58 25.18 26.66 27.71 28.32 29.55
18.59 19.11 19.41 19.64 19.84 19.91 19.88 19.89 19.96 21.43 23.38 23.68 25.43 26.33 28.02 29.77 31.17 32.04 32.33 33.22 33.54 34.29
traj-87:
37.80 35.90 33.95 32.01 31.34 29.37 27.80 26.55 24.83 23.09 22.73 22.71 22.73 22.78 22.75 22.55 22.00 21.44 21.39 20.09 18.75 16.83 14.88 13.45 12.30 10.76  9.85  8.06  7.44  5.49
18.19 18.49 18.62 18.38 18.45 18.56 18.76 18.93 19.39 18.45 16.50 15.33 14.02 12.30 11.42 10.29  8.41  6.50  6.21  4.95  4.86  4.85  4.68  4.58  4.51  4.42  4.48  4.44  4.43  4.49
traj-88:
34.77 33.00 31.39 29.60 28.13 26.17 25.28 23.74 23.33 23.13 21.95 21.09 20.24 19.03 17.63 16.16 14.40 12.88 11.01  9.10  7.29
18.59 18.71 18.82 19.08 19.28 19.54 19.65 20.79 21.98 22.79 24.29 23.55 22.78 22.56 22.34 22.18 22.07 22.10 22.60 22.99 23.41
traj-89:
33.84 32.51 30.72 28.93 27.73 26.23 25.06 23.73 22.85 22.63 22.52 21.94 21.81 21.63 21.58 21.35 19.48 17.81 16.14 14.57 14.08 12.28 10.93
19.30 19.25 19.34 19.39 19.40 19.43 19.56 19.66 21.29 22.68 24.42 26.24 27.21 28.96 30.43 32.01 32.63 32.66 33.63 34.85 34.85 34.99 35.48
traj-90:
36.72 35.02 33.56 31.81 30.65 28.88 27.13 25.68 24.79 23.60 22.53 22.67 22.90 22.49 22.47 22.44 22.48 22.32 21.87 21.36 21.08 20.59 19.65 17.65 15.91 14.31 12.96 11.38 10.18  9.38
19.35 19.54 19.73 19.81 19.83 19.87 19.91 19.94 19.92 20.56 20.89 20.06 18.46 16.61 14.77 12.82 12.23 10.45  8.96  7.32  6.48  5.71  4.95  5.04  5.25  5.88  6.94  7.49  7.66  7.84
traj-91:
37.85 36.67 34.99 33.23 31.50 30.34 29.46 28.30 26.85 25.66 23.93 22.22 21.43 20.16 18.68 17.50 15.75 15.45 13.51 12.36 11.47  9.57  8.46  7.08  5.71  4.94
19.41 19.60 19.73 19.84 19.85 19.84 19.86 19.84 19.87 19.88 19.83 20.38 21.90 22.78 22.63 22.49 22.34 22.33 22.64 23.33 23.63 23.46 23.45 23.40 23.28 23.23
traj-92:
37.47 36.32 34.49 34.19 32.36 31.76 30.01 28.19 27.30 25.44 24.35 23.74 23.29 23.20 23.00 22.51 22.18 21.52 22.15 23.20 23.44 25.21 26.48 27.37 28.82 29.97 31.42
18.48 18.40 18.32 18.35 18.52 18.56 18.60 18.40 18.54 18.61 19.03 20.25 22.20 22.71 24.20 26.04 27.79 29.57 31.03 32.53 32.71 32.51 32.21 32.11 32.09 32.10 32.12
traj-93:
34.12 32.35 31.45 29.68 28.29 26.80 25.61 23.75 23.68 23.46 23.11 22.82 22.68 22.42 22.55 22.62 22.14 21.71 21.14 20.98 19.17 18.60 16.63 15.17 13.46 12.09 10.15  9.60
19.75 19.88 19.91 19.86 19.88 19.90 19.90 19.67 19.08 18.87 18.02 16.28 15.56 13.71 12.23 10.27  8.96  7.34  6.05  5.79  5.02  5.05  5.23  5.51  5.88  5.97  6.30  6.42
traj-94:
35.85 34.21 32.68 30.76 29.20 28.61 26.70 24.83 23.32 22.89 21.08 19.35 18.16 16.98 15.54 14.94 13.63 12.69 12.06
19.68 19.83 19.88 19.92 19.95 19.95 19.95 19.93 20.70 21.12 21.72 22.19 22.18 22.17 22.20 22.25 21.27 20.27 19.41
traj-95:
35.48 33.86 33.00 31.66 29.80 27.90 26.28 24.85 23.29 23.11 23.06 21.92 22.37 22.70 23.13 23.44 23.66
18.17 18.20 18.15 18.30 18.25 18.40 19.14 19.53 20.58 22.44 23.82 25.43 26.76 27.41 29.23 30.69 31.85
traj-96:
34.71 33.55 31.83 30.17 28.26 26.67 25.30 23.85 22.80 22.41 22.42 22.08 21.96 21.59 21.60 21.44 21.50 22.29 21.54 21.26 19.33 17.57 16.72 15.47 14.72 13.32 11.52  9.73  8.27  6.69  5.50
19.93 19.95 19.89 19.90 19.90 19.89 19.85 19.73 18.31 17.28 15.55 14.83 13.88 12.88 11.27 10.25  8.26  6.48  4.73  4.61  4.41  4.60  4.67  4.92  5.13  5.64  6.28  6.98  7.56  8.10  8.49
traj-97:
38.55 36.81 35.07 33.88 32.44 31.55 29.78 28.01 26.24 25.06 23.39 22.98 22.16 20.97 19.22 17.29 15.89 14.41 13.23 11.51 10.29  9.55  7.79  7.29
19.71 19.85 19.93 19.92 19.93 19.93 19.94 19.94 19.96 19.97 20.95 21.39 21.65 22.05 22.12 22.34 22.49 22.54 22.41 22.69 22.85 23.41 23.95 24.24
traj-98:
38.88 38.00 36.84 35.07 33.21 31.60 29.74 28.93 27.49 27.23 25.54 24.37 23.28 22.66 22.28 22.10 21.61 21.54 21.70 21.88 22.19
18.16 18.16 18.11 18.05 18.10 18.14 18.13 18.16 19.19 19.35 19.68 19.82 21.25 22.80 23.89 25.72 27.37 29.18 31.13 31.63 33.19
traj-99:
34.00 32.26 30.55 28.84 26.91 25.19 23.76 22.27 21.83 21.71 21.94 22.24 22.27 22.24 22.25 22.00 21.51 20.60 18.72 17.17 16.34 14.60 13.74
18.67 18.89 19.11 19.46 19.74 19.87 19.91 19.54 18.77 16.94 15.40 13.49 12.24 10.55  9.39  8.24  6.62  5.47  5.09  5.02  5.00  4.89  4.80
traj-100:
38.21 37.48 36.03 34.35 32.57 31.12 29.92 28.15 26.35 25.45 23.77 23.08 21.95 20.02 18.87 17.73 16.85 15.38 13.79 12.96 12.46 12.01
19.14 19.09 19.04 19.03 19.03 19.04 19.05 19.05 19.07 19.06 19.66 20.52 21.85 22.28 22.35 22.43 22.49 22.68 22.42 20.75 20.03 19.60
traj-101:
37.34 36.54 34.58 33.47 32.08 30.36 29.46 28.27 26.54 25.35 24.45 22.98 22.19 22.00 22.33 22.77 22.77 22.30 22.00 21.08 20.20 19.76 17.99 16.33 14.60 12.82 11.27  9.78
19.44 19.58 19.73 19.75 19.75 19.85 19.87 19.89 19.91 19.93 19.94 19.89 21.10 22.53 23.93 25.78 27.55 28.75 29.59 31.27 32.08 32.27 32.55 33.09 33.68 34.39 35.02 35.48
traj-102:
38.74 37.03 35.61 34.43 33.23 31.77 30.60 29.49 27.73 25.95 24.49 23.74 21.87 21.95 22.23 22.22 22.38 22.19 22.25 22.14 22.07 21.76 21.15 20.25 18.45 17.52 16.09 15.26 13.79 12.09 10.59
19.45 19.71 19.82 19.91 19.93 19.91 19.87 19.87 19.87 19.91 19.80 20.25 20.73 18.79 16.90 15.04 13.70 12.40 10.95  9.18  8.59  6.87  6.04  5.23  5.01  5.11  5.15  5.21  5.35  5.96  6.63
traj-103:
34.29 32.53 31.65 29.68 28.80 27.61 26.18 25.29 23.80 23.61 22.66 20.69 20.11 18.64 16.90 15.14 13.98 13.66 13.28
19.81 19.84 19.86 19.90 19.95 19.91 19.87 19.80 20.73 21.56 22.74 22.66 22.63 22.61 22.57 22.72 22.71 21.35 20.58
traj-104:
34.67 33.52 31.77 29.98 29.40 27.61 26.73 25.26 23.71 23.31 22.76 22.21 22.20 22.23 21.91 21.72 19.81 18.83 17.78 16.11 15.03 14.94 14.64
19.74 19.79 19.92 19.93 19.93 19.92 19.91 19.93 20.89 22.44 24.36 25.79 27.53 28.67 30.04 31.46 32.00 32.24 32.24 32.25 32.39 32.67 32.71
traj-105:
34.75 33.05 32.52 30.54 29.13 28.30 26.54 26.24 24.52 23.45 21.53 21.09 21.15 21.11 21.10 21.10 21.08 21.08 21.08 21.08 21.07 20.34 18.83 17.74 15.77 14.30 13.49 11.90 11.59
19.16 19.36 19.44 19.61 19.76 19.81 19.86 19.89 19.93 19.98 19.83 18.10 16.34 14.87 13.74 12.87 11.42 10.86  9.08  7.40  6.57  5.34  5.09  5.08  5.14  5.95  6.93  7.93  7.42
traj-106:
33.88 32.93 31.51 30.43 29.00 27.82 26.63 24.86 23.35 22.39 20.55 19.37 17.91 17.31 15.85 14.01 13.71 13.50 11.57 10.26
18.75 19.18 19.41 19.58 19.88 19.90 19.92 19.95 20.73 22.11 22.16 22.22 22.31 22.29 22.23 22.55 22.58 22.79 23.14 22.25
traj-107:
34.68 33.00 31.05 30.16 28.69 26.93 25.75 24.58 22.95 21.55 21.33 21.26 21.36 21.61 21.82 22.05 20.51 19.19 17.97 16.36 15.18 13.64 11.98 10.25  8.42
19.14 19.58 19.90 19.91 19.87 19.94 19.96 19.99 20.76 21.97 23.42 25.18 26.34 27.81 29.30 30.79 32.06 32.22 32.33 32.50 32.77 33.21 33.84 34.73 35.53
traj-108:
35.93 35.03 33.25 31.51 30.06 28.59 27.10 25.65 23.95 22.86 22.32 22.09 22.01 21.97 21.91 21.79 21.40 21.09 20.18 18.21 16.26 15.11 13.74 12.29 10.75  8.87  8.58
19.89 19.92 19.95 19.80 19.77 19.91 19.89 19.83 19.59 18.03 16.43 15.13 13.39 11.53 10.48  8.77  7.69  6.81  5.12  4.86  5.14  5.40  5.71  5.75  5.99  6.31  6.36
traj-109:
39.18 38.58 38.49 38.19 36.20 34.41 33.83 31.96 31.66 29.79 28.14 26.37 24.70 23.68 22.95 21.60 21.38 19.60 17.81 16.32 15.43 13.63 12.95 12.42
18.22 18.29 18.57 18.61 18.73 18.51 18.47 18.32 18.34 18.51 18.53 18.47 18.66 19.27 20.17 21.46 21.66 22.13 22.21 22.28 22.31 22.30 20.53 19.43
traj-110:
34.00 32.27 30.52 29.64 27.93 26.14 25.25 23.76 23.26 22.76 22.55 22.05 21.99 21.93 21.69 21.25 20.63
19.91 19.92 19.95 19.94 19.95 19.91 19.90 20.88 22.50 24.35 25.07 26.93 28.41 28.98 30.60 32.17 33.38
traj-111:
38.70 38.40 36.42 34.94 32.98 32.13 30.25 28.93 27.43 25.94 25.07 23.70 23.21 21.97 22.42 22.60 22.80 22.43 22.40 22.19 21.84 21.62 21.34 21.01 20.65 18.91 17.20 15.47 13.90 12.60 10.71  9.32  7.52  6.95
18.44 18.44 18.42 18.44 18.76 19.01 19.53 19.74 19.89 19.93 19.86 20.73 22.00 20.54 19.11 17.95 16.34 14.45 13.27 12.19 10.51  9.36  7.95  6.05  5.59  4.96  5.46  5.72  6.71  7.89  7.63  7.45  7.46  7.42
traj-112:
35.04 33.67 31.95 30.13 28.98 27.06 25.30 24.42 22.97 21.91 20.28 18.52 17.63 15.74 14.09 12.21 10.36  8.71  7.57  6.55
19.00 18.76 18.71 19.21 19.43 19.88 19.86 19.91 20.80 21.85 22.85 22.68 22.60 22.70 22.90 23.53 23.83 23.76 23.84 23.89
traj-113:
38.78 37.64 35.90 34.07 32.24 31.34 29.58 27.79 26.01 24.55 23.16 22.96 22.90 22.87 22.93 22.94 22.92 23.85 24.94 25.84 24.28 22.81 21.08 20.78
18.76 18.80 18.77 19.27 19.85 19.91 19.87 19.87 19.89 19.89 21.32 22.34 24.09 25.76 27.63 29.57 31.35 32.41 33.40 34.33 35.44 35.69 35.85 35.88
traj-114:
33.82 32.70 31.27 29.53 28.93 27.16 25.39 24.49 23.75 22.23 22.01 22.14 22.24 22.30 22.60 22.45 22.20 21.91 21.77 21.33 21.03 20.42 18.43 16.90 15.02 13.59 11.71 10.38  9.60
19.94 19.94 19.94 19.97 19.97 19.96 19.93 19.92 20.30 21.48 19.50 17.88 17.24 15.82 13.95 12.08 10.93  9.08  8.50  6.82  5.68  4.88  5.00  5.13  5.41  5.80  6.35  6.28  6.15
traj-115:
37.55 36.51 35.52 33.72 31.80 29.86 28.17 27.88 25.98 24.56 23.34 21.98 20.23 18.75 17.00 15.53 13.91 12.01 11.18  9.41  8.35  6.44
18.26 18.33 18.44 18.65 18.69 18.94 18.90 18.96 19.20 19.39 20.84 22.13 22.49 22.48 22.39 22.32 22.43 22.44 22.98 22.64 22.30 21.77
traj-116:
37.75 36.88 35.33 33.79 33.10 32.81 30.93 29.06 27.23 26.66 24.73 24.15 22.73 21.43 21.25 21.41 21.92 22.17 22.43 22.87 23.36 23.98 24.37
18.33 18.20 18.37 18.58 18.72 18.76 18.87 18.84 19.25 19.41 19.78 19.93 21.20 22.41 24.23 25.09 26.68 28.33 29.87 30.88 32.54 33.89 34.96
traj-117:
34.88 32.92 31.18 29.42 27.71 26.22 24.38 22.78 22.76 22.59 22.41 22.44 22.26 22.18 21.93 21.53 21.26 20.83 19.57 18.65 17.07 15.69 14.90 13.07 11.51 10.10  8.96  8.04
19.63 19.84 19.84 19.87 19.93 19.92 19.93 19.81 18.02 17.77 16.03 14.61 12.87 11.82  9.94  8.21  6.77  5.95  4.96  5.03  5.11  5.33  5.48  5.94  6.47  6.89  7.39  7.81
traj-118:
37.85 37.55 35.55 34.12 32.33 30.58 29.40 27.40 25.42 24.85 23.19 22.05 21.67 19.84 18.35 17.75 16.30 14.34 12.54 11.20  9.60
19.74 19.74 19.81 19.87 19.91 19.91 19.94 19.97 19.98 19.97 20.87 21.90 22.24 22.59 22.71 22.70 22.66 22.71 22.81 23.18 23.51
traj-119:
36.76 35.31 34.71 32.71 31.77 30.34 28.60 28.30 26.53 24.78 23.39 22.94 22.22 22.15 21.74 21.57 21.48 21.18 21.02 19.93 19.11 17.66 15.86
19.97 19.92 19.97 19.99 19.99 19.99 19.94 19.94 19.94 19.93 21.34 22.87 24.73 25.50 26.98 28.78 29.56 31.08 31.13 32.33 32.67 33.28 33.81
traj-120:
37.54 36.95 35.33 33.56 32.97 31.54 29.81 28.09 26.32 25.14 23.96 23.85 22.98 22.49 22.14 22.18 22.17 22.08 22.07 21.76 21.58 20.96 19.83 18.97 17.76 16.63 15.03 13.32 11.56 10.40  8.60  6.91  5.40
19.85 19.85 19.96 19.96 19.95 19.88 19.80 19.87 19.89 19.86 19.72 19.13 17.35 15.58 14.05 12.13 11.02  9.35  8.76  7.04  6.47  5.42  4.88  4.82  4.98  5.15  5.55  6.54  6.97  7.27  7.75  7.52  7.56
traj-121:
35.61 35.34 33.57 32.66 31.18 30.04 28.86 27.23 25.47 24.28 22.63 21.13 21.06 19.30 18.17 16.69 14.91 13.84 12.71 10.85  9.52  7.53  5.72
18.62 18.72 19.08 19.34 19.39 19.43 19.58 19.88 19.94 20.00 20.58 21.89 23.26 22.91 22.86 22.86 22.79 22.90 22.88 22.96 23.09 23.14 23.19
traj-122:
34.22 32.78 31.32 29.91 28.45 26.67 25.22 23.98 23.34 22.96 22.30 22.60 23.28 23.35 23.35 23.50 25.08 26.32 28.31 29.47 31.21
19.90 19.95 19.96 19.98 19.97 19.97 19.98 20.73 21.71 22.50 24.17 25.48 27.13 27.42 29.40 31.15 32.08 32.11 32.13 32.13 32.34
traj-123:
35.16 34.57 32.86 31.94 30.86 29.52 27.57 25.80 24.63 22.98 22.55 22.54 22.54 22.49 22.31 22.18 21.59 21.24 20.08 18.29 17.12 15.45 13.76 12.76 11.06  9.16  7.61  6.04
18.28 18.26 18.29 18.43 18.68 18.96 18.67 18.38 18.17 17.08 15.19 13.74 12.14 10.36  8.62  8.23  6.48  5.81  5.12  4.93  5.10  5.25  5.58  5.92  5.86  6.31  6.86  7.25
traj-124:
34.12 32.17 30.49 28.64 26.90 25.15 24.55 23.44 21.77 20.13 18.94 17.19 16.89 14.93 13.38 13.36 12.41 10.85
19.39 19.67 19.91 19.94 19.95 19.98 19.99 20.65 21.69 22.29 22.39 22.46 22.43 22.63 21.62 21.32 19.69 19.17
traj-125:
35.30 35.02 33.25 31.53 31.24 29.53 28.66 27.30 25.32 24.43 22.81 22.24 22.75 21.68 21.42 21.18 21.14 21.33 21.43
18.13 18.23 18.38 19.19 19.23 19.51 19.59 19.61 19.67 19.61 20.39 22.09 24.00 25.50 25.65 27.61 28.81 30.17 31.28
traj-126:
38.71 37.48 35.59 33.80 32.64 31.12 29.24 28.16 26.19 24.28 23.52 21.97 21.71 21.90 22.15 22.54 22.57 22.38 22.22 21.92 21.12 19.39 17.48 15.75 13.80 13.54
18.61 18.61 18.54 18.62 18.61 18.53 18.65 18.71 18.79 19.06 19.16 18.73 16.84 15.67 13.89 12.68 11.51 10.09  9.04  7.31  5.78  5.16  5.25  5.55  5.95  6.10
traj-127:
36.47 34.72 33.84 32.13 31.24 29.28 27.58 26.40 25.21 23.67 22.49 21.22 20.15 18.37 17.77 16.29 15.00 13.61
19.84 19.83 19.77 19.71 19.69 19.80 19.92 19.96 19.94 20.93 21.96 21.99 22.04 22.06 22.07 22.18 22.27 23.23
traj-128:
39.11 37.36 36.21 34.46 32.75 31.64 30.17 28.68 26.90 25.13 23.52 23.49 23.52 23.63 23.60 23.56 23.66 23.84 25.25 25.85 27.57 28.99 30.71 32.17
19.82 19.88 19.91 19.91 19.92 19.91 19.92 19.92 19.91 19.90 20.99 22.39 22.99 24.78 26.76 27.31 29.28 31.23 32.06 32.06 32.14 32.23 32.29 32.37
traj-129:
34.00 32.35 30.41 28.62 27.14 25.66 25.07 23.42 22.58 22.39 21.93 21.55 22.00 22.08 22.30 22.20 22.02 21.84 21.49 19.62 19.04 17.32 15.57 14.15 12.38
19.42 19.66 19.89 19.95 19.91 19.88 19.86 19.85 18.54 18.02 16.42 15.39 14.11 13.27 11.55 10.54  8.80  6.86  5.12  4.93  5.09  5.48  5.72  5.91  6.69
traj-130:
34.55 32.80 31.12 29.34 27.55 25.90 24.91 23.11 21.58 21.29 21.37 20.26 18.80 17.03 15.54 13.83 12.86 12.08 11.42
19.42 19.66 19.84 19.93 19.92 19.81 19.79 19.76 20.40 21.35 21.94 22.94 22.70 22.57 22.67 22.93 21.36 19.81 18.80
traj-131:
36.72 36.42 34.70 33.54 32.17 30.98 29.79 28.34 26.66 25.43 23.71 23.28 22.99 22.74 22.29 22.00 21.61 21.18 20.02 19.37 18.59 16.70 14.89
19.60 19.61 19.69 19.73 19.82 19.87 19.88 19.92 19.94 19.95 20.83 22.55 24.37 25.89 27.54 28.89 29.62 31.36 32.06 32.30 32.49 33.10 33.57
traj-132:
36.25 34.64 32.94 31.19 30.29 28.81 27.62 26.43 24.86 23.34 22.92 22.60 22.25 22.12 21.81 21.57 21.16 20.36 19.04 17.23 15.68 13.75 12.31 11.38  9.82  9.40
19.68 18.93 18.93 19.05 19.07 19.11 19.09 19.04 18.75 17.96 16.18 14.72 12.85 12.39 10.58  9.04  7.25  5.79  5.25  5.38  5.69  5.99  6.48  6.74  7.27  7.39
traj-133:
35.92 35.14 33.48 31.72 30.14 28.75 27.29 26.09 24.91 23.59 22.78 21.31 19.53 17.90 16.62 14.68 13.85 12.48 12.22
19.37 19.54 19.84 19.99 19.97 19.94 19.93 19.93 19.93 19.81 20.32 21.24 22.13 22.26 22.38 22.70 23.18 23.94 24.09
traj-134:
34.60 33.79 32.04 31.74 30.04 28.05 26.26 25.10 23.53 23.49 23.43 23.38 23.29 23.17 22.25 21.60 20.29 19.72 18.55 17.75
19.37 19.72 20.00 19.98 19.92 19.95 19.94 19.92 20.71 22.00 23.74 25.30 26.64 28.21 29.84 30.84 32.10 33.20 34.70 35.42
traj-135:
36.64 36.04 34.24 32.45 31.26 30.06 28.28 27.13 25.57 24.68 23.38 23.05 22.90 22.50 22.17 21.91 21.40 21.24 20.39 18.65 16.93 15.30 14.63 13.08 11.83 10.12  9.25  7.50  6.59
19.41 19.46 18.94 19.02 19.07 19.12 19.12 19.08 18.53 18.20 17.03 15.16 14.45 12.63 10.86  9.23  7.53  7.13  5.68  4.92  4.85  4.98  5.05  5.07  4.99  4.97  4.91  4.87  4.82
traj-136:
35.46 33.70 32.22 30.47 29.88 28.46 27.56 26.09 25.26 23.60 22.35 21.69 19.80 18.63 17.16 15.71 13.88 12.50 10.69  9.63
19.93 19.84 19.87 19.87 19.88 19.91 19.93 19.84 19.84 20.94 22.45 22.58 22.66 22.63 22.55 22.52 22.23 22.16 21.54 21.16
traj-137:
34.78 33.95 32.78 30.81 29.38 28.80 27.02 25.83 24.04 23.82 22.07 21.63 21.49 21.33 21.22 21.16 21.12 20.78 20.32 18.77 17.07
19.30 19.39 19.51 19.77 19.91 19.91 19.94 19.95 19.98 20.17 20.84 22.71 23.83 25.53 27.13 28.49 30.37 32.14 32.36 33.08 33.52
traj-138:
34.65 32.93 31.24 29.77 28.05 26.61 24.83 23.45 22.66 22.78 22.68 22.65 22.63 22.45 22.37 21.98 21.63 20.65 18.93 18.42 16.54 15.96 14.01 12.88
19.74 19.80 19.86 19.81 19.80 19.85 19.97 19.91 18.81 16.83 15.40 14.62 12.74 10.76  9.60  7.92  6.81  5.27  5.12  5.03  4.78  4.84  4.90  4.85
traj-139:
38.65 37.03 35.13 33.66 31.90 30.43 28.48 26.74 24.95 23.69 23.37 22.24 21.48 20.22 18.45 17.27 15.52 13.90 12.55 12.29 10.59 10.31  8.69  7.16  6.12
19.06 19.40 19.73 19.83 19.95 19.78 19.84 19.91 19.97 21.51 22.01 23.45 22.95 22.06 22.13 22.14 22.19 22.16 22.06 21.90 21.58 21.44 20.41 19.45 18.68
traj-140:
38.04 36.24 35.40 33.57 31.99 30.20 28.37 28.07 26.30 25.15 23.66 23.05 22.87 22.87 22.21 21.85 21.27 21.19 21.11 21.21 20.60 19.57 17.87 16.67
18.83 18.51 18.35 18.29 18.42 18.33 18.24 18.28 18.43 19.12 20.17 21.17 22.85 23.69 25.37 25.84 26.40 27.32 28.60 30.38 32.01 33.05 33.68 33.56
traj-141:
35.13 33.66 32.23 30.51 30.21 28.49 26.78 24.81 22.99 22.54 22.32 22.19 21.84 21.66 21.54 21.35 21.33 21.21 20.15 18.87 16.88 16.59 14.90 13.23 11.59 10.81  8.90  6.96
19.90 19.84 19.83 19.78 19.77 19.79 19.81 19.69 18.92 17.89 16.35 15.14 13.60 12.31 10.84  8.97  7.56  6.41  5.22  5.10  5.34  5.40  5.82  5.90  6.33  6.26  6.11  5.93
traj-142:
38.88 37.91 36.23 34.54 32.59 31.73 30.04 28.58 27.40 25.64 24.49 22.70 21.28 20.63 18.69 16.94 15.46 13.60 12.57 10.94
19.04 18.73 18.99 19.27 19.51 19.63 19.82 19.88 19.82 19.86 19.89 20.66 22.01 22.36 22.75 22.92 22.84 22.67 22.45 22.27
traj-143:
37.53 35.96 33.96 33.09 31.49 30.25 28.52 27.07 25.29 23.79 23.45 23.52 23.74 23.75 23.80 23.79 23.78 23.80 24.00 24.09 24.11
18.54 18.77 18.93 18.98 19.09 19.33 19.57 19.83 19.93 19.73 21.47 22.93 24.70 26.43 28.16 28.74 30.19 31.08 32.81 34.62 34.92
traj-144:
34.69 33.01 31.83 30.35 29.75 27.76 25.97 25.10 23.57 23.10 22.54 21.96 22.08 22.08 22.17 22.40 22.51 22.60 22.67 22.76 22.50 22.16 22.09 20.60 19.11 17.32 15.67 14.76 13.63 12.93
19.58 19.93 19.92 19.92 19.94 19.96 19.96 19.95 20.96 22.02 23.10 22.17 20.36 19.16 18.03 16.22 15.34 13.57 12.68 10.94  9.59  8.03  6.54  5.22  4.91  5.07  5.22  5.45  6.19  6.68
traj-145:
34.27 32.67 31.13 30.81 28.98 27.51 25.57 24.47 23.15 21.56 20.31 18.93 17.31 15.57 14.11 13.81 12.37 11.41 10.02
18.50 18.15 18.29 18.66 19.16 19.35 19.70 19.86 19.98 21.19 22.04 22.21 22.29 22.44 22.74 22.79 21.80 21.03 20.01
traj-146:
39.06 38.18 36.33 35.24 33.92 32.17 30.85 29.83 28.67 27.18 26.17 24.61 23.98 23.30 23.17 23.18 22.99 22.89 22.96 23.02 23.05 21.82 20.43 18.44 17.11 15.59 14.23 12.98
19.04 18.95 18.75 18.65 18.56 18.78 18.70 18.63 18.51 18.55 18.59 18.52 19.22 20.65 22.40 24.13 25.51 27.43 29.15 30.30 31.16 32.72 32.53 32.45 32.41 32.36 32.33 32.28
traj-147:
34.37 32.93 31.24 30.95 29.18 27.40 25.62 24.29 22.72 21.52 21.76 21.94 22.20 22.50 22.64 22.44 22.41 21.89 21.43 20.29 18.52 16.63 15.86 14.07 12.41 10.71 10.41  8.63
19.16 19.47 19.74 19.77 19.94 19.93 19.94 19.96 21.15 20.25 18.60 17.33 15.43 13.49 11.91 10.16  9.86  8.02  6.77  5.35  5.00  4.91  4.78  4.65  4.92  5.07  5.11  4.62
traj-148:
38.98 37.33 35.92 34.78 33.06 31.10 30.80 29.01 27.52 26.03 24.54 23.60 21.94 21.04 19.43 18.24 16.28 15.61 13.92 12.25 11.21 10.38  8.79  8.18
19.50 19.54 19.52 19.64 19.96 19.93 19.94 19.91 19.92 19.93 19.96 20.56 21.42 21.75 22.09 22.05 22.30 22.45 22.45 21.81 21.09 19.50 18.84 18.56
traj-149:
35.77 34.98 33.92 32.20 30.42 29.60 27.82 26.06 24.62 23.74 21.80 21.15 21.63 21.61 21.69 21.81 21.92 22.08 22.10 20.90 18.98 17.68 16.16 14.43 13.98 12.43 10.53
19.03 19.44 19.83 19.85 19.92 19.91 19.90 19.85 19.77 19.72 20.08 21.70 23.38 25.22 26.16 27.41 28.49 30.32 31.51 32.84 32.39 32.25 32.23 32.14 32.12 32.17 32.12
traj-150:
38.32 36.92 36.04 34.90 33.16 31.69 30.55 28.84 27.12 25.34 23.61 22.95 21.97 22.41 22.77 22.42 22.32 22.10 22.03 21.94 21.97 21.79 21.69 20.73 19.10 18.26 16.29 14.88 13.26 12.98 11.41  9.89  8.26  6.60  5.28
19.80 19.87 19.89 19.94 19.97 19.87 19.81 19.82 19.95 19.98 20.97 22.63 21.30 19.63 18.49 16.81 16.27 14.43 12.45 11.48 10.19  8.64  6.99  5.52  5.14  4.98  5.13  5.52  6.56  6.65  7.21  6.81  6.38  5.85  5.48
traj-151:
39.05 37.67 35.87 34.24 32.63 30.68 29.02 27.25 25.31 25.01 23.48 22.65 21.16 19.98 18.22 17.34 15.60 13.72 12.98 12.00 11.08
18.72 18.56 18.50 18.69 18.68 19.00 19.31 19.59 19.89 19.91 20.88 21.73 22.57 22.65 22.51 22.46 22.43 22.47 21.14 19.91 19.40
traj-152:
35.20 33.90 32.22 31.46 30.05 28.74 26.83 25.08 24.08 23.33 23.29 23.06 22.99 22.65 22.50 22.13 22.04 21.83 20.43 19.04 17.20 15.54 14.76
18.71 18.29 18.18 18.19 18.49 18.39 18.38 19.02 19.55 20.83 21.38 23.04 23.57 25.26 26.86 28.80 29.69 31.37 32.73 32.27 32.49 33.08 33.07
traj-153:
33.71 32.00 31.41 29.94 28.23 27.50 25.63 24.23 23.48 23.11 22.80 22.52 22.32 22.11 21.66 21.51 21.32 20.79 19.01 17.15 16.11 14.54 13.81 11.89 10.48
19.82 19.83 19.84 19.85 18.98 19.00 19.08 18.65 17.58 16.27 14.38 12.69 11.55 10.48  8.76  7.77  6.73  5.97  5.23  5.38  5.64  5.87  6.32  6.69  5.51
traj-154:
33.73 32.27 30.80 29.91 28.46 27.67 26.39 25.47 23.72 22.66 21.22 20.07 18.91 17.15 15.69 13.94 12.33 11.06  9.97  8.48
19.80 19.83 19.87 19.88 19.89 19.91 19.96 19.98 19.76 20.46 21.53 22.13 22.35 22.59 22.60 22.63 23.57 24.25 24.56 24.99
traj-155:
38.23 36.90 35.80 33.96 32.38 31.11 29.37 27.79 26.22 24.82 23.22 22.26 21.52 21.49 21.22 21.22 21.29 21.43 21.48 21.25 20.46 19.07 17.14 15.58 14.54 12.85 12.11
18.72 18.74 18.62 18.58 18.53 18.50 18.60 18.63 18.62 19.07 19.62 21.02 22.42 23.27 25.12 25.71 27.51 28.92 29.80 31.78 32.21 32.79 33.24 33.76 33.97 34.34 34.46
traj-156:
38.06 36.37 34.68 33.21 31.45 30.86 29.08 28.78 26.98 26.09 24.32 23.88 23.66 22.92 22.58 22.30 22.22 21.97 21.92 21.70 21.30 21.08 20.71 19.79 18.99 17.36 15.73 14.33 12.70 11.10
19.33 19.62 19.79 19.90 19.92 19.93 19.95 19.95 19.96 19.92 19.98 19.10 18.90 17.06 15.35 13.98 12.65 11.22 10.64  8.89  7.21  6.34  5.59  5.19  5.13  5.24  5.62  5.98  6.54  7.24
traj-157:
34.52 33.47 31.88 30.22 28.54 27.37 25.88 24.98 23.64 23.34 22.34 20.89 18.98 18.40 16.68 14.75 13.48 12.44 10.63
18.56 18.76 19.14 19.46 19.86 19.90 19.94 19.95 21.31 22.41 23.55 22.72 22.30 22.25 22.40 22.61 22.84 23.26 23.70
traj-158:
34.50 33.02 31.26 29.52 27.76 25.97 25.07 23.46 23.27 22.94 23.00 23.34 23.46 23.54 23.36 23.34 24.66 26.39
19.85 19.88 19.90 19.96 19.96 19.97 19.97 20.81 21.65 23.20 24.06 25.60 27.57 28.98 30.44 31.02 32.03 32.71
traj-159:
35.59 34.41 33.88 32.11 30.45 28.48 27.58 25.80 24.10 23.89 23.50 22.94 22.77 22.44 21.99 21.96 21.93 21.64 21.17 20.74 18.88 17.27 16.39 15.00 13.41 11.44 10.55  9.27  7.43  7.13
18.02 18.18 18.75 19.15 19.60 19.95 19.92 19.87 19.69 18.81 17.49 15.72 14.69 12.84 10.98  9.79  8.89  7.25  6.15  5.38  4.87  4.95  5.01  5.04  5.12  5.17  5.24  5.39  6.18  6.19
traj-160:
36.84 35.15 33.93 32.32 30.86 29.37 27.54 26.08 24.58 23.62 22.95 22.53 21.61 21.05 19.79 18.64 17.76 16.47 15.34 13.72 12.06 10.30  8.55  6.95
18.18 18.13 18.14 18.13 18.15 18.02 18.16 18.17 18.18 18.15 18.84 19.18 20.47 21.59 22.11 22.33 22.49 22.55 22.45 22.29 22.29 22.17 22.75 23.81
traj-161:
33.94 32.26 30.53 29.35 27.60 26.75 25.28 23.79 23.62 22.71 21.38 21.35 21.20 21.25 21.27 21.32 20.26 18.81 18.22 16.32 15.55 13.96 13.49 11.65
19.77 19.75 19.81 19.84 19.88 19.90 19.88 20.95 21.75 23.25 24.41 25.33 26.93 28.36 29.51 31.29 32.23 33.05 32.99 33.36 33.54 33.98 34.36 35.09
traj-162:
33.80 32.05 31.75 29.76 29.17 27.69 25.90 24.19 23.61 22.97 22.03 21.30 21.21 21.19 21.26 21.43 21.56 21.75 21.97 21.98 20.63 20.33 18.39 16.46 14.76 13.50 12.34 10.58  9.71
19.40 19.49 19.50 19.60 19.65 19.79 19.87 19.76 19.63 17.81 16.11 14.59 13.26 11.30 10.44  9.19  8.45  7.68  7.47  6.96  5.51  5.49  5.13  5.18  5.31  6.63  7.96  7.39  6.61
traj-163:
38.04 36.21 34.23 32.48 32.18 30.46 28.76 28.46 26.48 24.49 22.87 22.62 21.25 20.19 19.31 17.85 16.40 14.67 13.78 11.87 10.22  8.61  8.28  7.02  5.65  4.87
19.33 19.24 19.21 19.30 19.33 19.49 19.63 19.65 19.76 19.94 20.82 20.98 22.03 22.95 22.80 22.61 22.56 22.52 22.46 22.16 21.52 20.71 20.41 19.46 18.49 18.01
traj-164:
36.81 35.95 34.80 32.84 31.40 29.92 29.02 27.28 26.10 24.34 23.25 21.92 21.60 21.41 21.10 21.37 21.62 21.77 22.10 22.28 22.51 24.17 25.64 26.24
19.46 19.55 19.61 19.82 19.94 19.90 19.87 19.94 19.93 19.83 19.73 21.04 22.42 24.13 26.04 27.65 29.07 30.69 32.14 32.90 34.31 35.11 35.20 35.22
traj-165:
35.88 34.81 33.10 32.15 30.16 28.97 27.49 26.50 25.20 23.33 22.92 22.94 22.77 22.69 22.62 22.36 21.75 21.34 20.03 18.08 16.47 14.70 13.83 12.02 10.69  9.40
18.91 18.93 18.89 18.94 19.02 19.05 19.11 18.95 19.14 19.06 17.99 16.00 14.16 12.76 10.77  9.20  7.95  6.46  5.35  4.89  4.85  5.03  5.13  5.80  6.32  6.63
traj-166:
35.33 33.87 32.39 31.20 29.43 28.57 27.08 25.60 25.00 23.47 22.76 21.03 19.07 17.59 15.87 14.43 13.84 13.72 12.32 10.75  9.99  8.19  6.92  5.65
19.86 19.87 19.94 19.94 19.97 19.97 19.91 19.92 19.92 20.82 22.42 23.17 22.91 22.87 22.85 22.84 22.85 22.27 21.32 20.65 21.08 21.70 22.09 22.52
traj-167:
34.17 32.75 31.04 29.25 27.51 25.56 24.85 23.35 23.12 22.65 22.36 22.60 22.88 22.97 23.90 24.15
19.65 19.76 19.82 19.87 19.86 19.92 19.92 20.86 22.55 24.42 25.70 26.96 28.46 30.32 32.08 33.35
traj-168:
34.49 33.63 31.88 30.71 29.54 27.77 26.00 24.02 22.99 22.85 22.50 22.32 22.10 21.82 21.58 21.32 21.25 20.68 19.25 17.61 16.44 14.74 12.97 11.29 10.14  8.28  6.59
19.86 19.86 19.86 19.88 19.88 19.91 19.86 19.91 18.21 16.83 14.90 13.10 11.36  9.98  8.62  7.03  6.55  5.66  5.04  5.28  5.42  5.76  6.56  6.95  7.24  7.77  8.16
traj-169:
35.47 33.84 33.00 31.18 30.88 29.17 28.60 26.61 25.20 24.36 23.15 22.91 21.99 21.09 19.39 17.95 16.22 15.92 14.04 12.33 10.90  9.24  7.71  7.03  5.65  4.29
18.90 18.65 18.52 18.32 18.32 18.56 18.49 18.36 18.20 18.15 19.03 19.57 21.22 22.08 22.35 22.28 22.20 22.19 22.45 22.57 22.11 21.17 20.40 19.98 19.12 18.31
traj-170:
37.45 35.52 34.74 33.10 31.59 29.85 28.06 27.46 25.74 24.80 23.78 23.86 23.45 23.05 22.60 22.37 22.09 21.45 21.18 21.06 20.16 18.68 17.01 16.22 14.85
18.84 18.91 18.92 18.95 18.93 19.31 19.33 19.32 19.56 19.88 21.17 21.76 23.45 24.35 25.93 27.52 28.26 29.60 30.74 31.01 32.05 32.35 32.72 32.85 33.15
traj-171:
33.63 31.65 30.64 29.18 28.01 26.87 25.16 23.70 22.99 22.90 22.79 22.70 22.66 22.64 22.64 22.35 20.52 19.22 17.43 15.57 13.72 12.89 11.64  9.67  7.95  6.09
19.03 19.29 19.16 18.99 18.96 18.94 18.74 18.37 16.76 14.95 13.80 12.40 10.54  8.55  7.65  5.98  5.68  5.00  4.76  5.22  5.86  5.96  6.49  6.81  6.69  6.57
traj-172:
37.45 35.71 33.99 33.69 31.95 30.18 28.43 26.73 25.29 23.78 23.19 22.53 21.20 19.23 17.47 16.03 14.56 12.94 12.56 11.68  9.93  9.63  7.91
19.84 19.89 19.92 19.92 19.93 19.93 19.88 19.88 19.87 20.95 21.63 22.37 22.68 22.65 22.64 22.64 22.65 21.87 20.97 19.44 18.88 18.89 18.69
traj-173:
36.01 34.26 32.49 30.57 29.29 27.51 26.06 24.21 23.42 23.37 23.35 23.36 23.34 23.39 23.37 23.03 22.76 21.64 20.71 19.33 18.05
18.38 18.41 18.31 18.46 18.52 18.50 18.51 18.64 19.51 21.01 22.74 24.48 26.25 27.40 29.17 30.84 31.92 32.62 33.06 33.81 34.31
traj-174:
33.68 32.21 30.43 29.00 28.41 26.68 25.19 23.70 22.72 22.54 21.56 21.46 21.44 21.26 21.36 21.44 21.58 21.77 21.47 20.10 18.58 17.40 15.47 13.78 13.52 11.66 10.20  8.28  6.50  5.11
19.91 19.89 19.95 19.93 19.92 19.90 19.90 19.70 19.00 18.76 17.33 16.21 14.37 12.86 11.87 10.79  9.53  8.31  6.37  5.01  5.04  5.13  5.36  6.40  6.55  6.92  7.24  7.76  8.20  8.55
traj-175:
36.80 35.01 33.58 32.68 30.92 29.44 27.66 26.70 25.04 23.50 22.30 20.68 19.53 18.66 17.18 15.93 14.77 12.97 11.62 10.62  8.82  7.01
19.80 19.97 19.95 19.97 19.95 19.94 19.91 19.90 20.00 20.95 21.98 22.25 22.14 22.11 22.18 22.28 22.36 21.64 21.02 20.52 19.77 19.00
traj-176:
35.05 33.73 32.30 31.45 29.69 28.28 26.80 25.34 23.77 23.54 23.21 22.87 22.68 23.30 23.30 23.24 23.35 24.08 24.83 25.75
19.24 19.56 19.83 19.86 19.85 19.93 19.96 19.96 20.81 21.60 23.00 24.39 25.13 26.86 27.44 29.18 30.34 32.14 33.13 34.88
traj-177:
36.51 34.64 32.69 31.16 29.74 27.85 26.58 24.80 24.50 22.69 21.56 21.34 21.36 21.40 21.15 21.19 21.32 21.54 21.80 21.79 20.87 19.33 17.94 16.77 15.89 14.44 13.78 11.90 10.03  9.03  7.58  6.98
18.57 18.55 18.61 18.63 18.47 18.55 18.61 18.82 18.86 19.14 17.71 15.96 14.34 13.46 11.56 10.39  8.75  8.31  8.17  6.92  5.51  5.07  5.21  5.40  5.55  5.80  6.15  6.77  7.10  6.68  5.93  5.50
traj-178:
36.13 34.74 32.88 31.23 30.37 28.63 26.88 25.18 23.45 23.24 22.51 21.00 19.57 17.80 16.07 14.88 14.00 13.55 12.44 10.80  9.53
19.07 18.83 18.91 19.50 19.74 19.94 19.89 19.85 20.74 21.30 23.13 22.87 22.46 22.25 22.21 22.16 22.10 21.80 20.63 20.51 20.45
traj-179:
36.50 34.50 34.01 32.90 31.74 30.17 28.88 27.04 25.45 23.89 23.73 23.03 22.97 23.02 22.87 22.82 22.66 22.12 21.30 19.58 17.67 15.74 14.29 12.64 11.95 10.48  9.22  8.83
18.69 18.64 18.67 18.70 18.64 18.52 18.64 18.75 19.43 20.49 20.75 22.32 24.29 25.55 27.27 28.10 29.84 31.12 32.86 32.53 32.43 32.27 32.16 32.18 32.18 32.15 33.47 34.65
traj-180:
36.02 34.58 33.19 31.24 30.21 28.53 27.93 25.95 24.21 22.81 22.50 22.32 22.18 21.96 21.60 21.20 21.09 20.15 18.37 17.29 15.58 14.11 12.39
19.04 18.94 18.86 18.66 18.76 18.98 18.94 18.75 18.36 17.23 15.30 13.63 12.40 10.56  9.02  7.43  6.31  5.53  4.97  4.98  5.02  4.70  4.29
traj-181:
36.68 35.50 34.31 32.58 31.12 29.35 27.58 25.86 24.97 23.65 23.41 22.17 20.57 19.67 17.89 16.11 14.36 13.78 13.54
19.72 19.77 19.79 19.96 19.96 19.97 19.92 19.95 19.99 20.78 22.17 23.58 22.93 22.88 22.77 22.79 22.82 22.78 22.28
traj-182:
34.49 33.15 31.40 31.11 29.33 28.09 26.68 25.34 23.99 23.94 23.91 23.87 23.83 23.82 23.73 23.72 23.78 25.23 25.79 27.36 28.20 29.76 30.36
18.34 18.23 18.24 18.29 18.45 18.52 18.53 18.79 20.19 20.96 22.70 23.88 25.59 25.89 27.65 29.11 31.06 32.11 32.28 33.23 34.35 35.37 35.34
traj-183:
38.63 36.86 36.02 34.24 32.53 31.05 29.25 28.12 26.92 26.03 24.55 23.47 23.30 21.93 21.70 22.26 22.36 22.44 22.78 22.84 22.87 22.33 21.89 21.23 19.96 19.21 17.51 15.61 13.83 12.76
19.97 19.94 19.97 19.99 19.98 19.97 19.94 19.94 19.95 19.96 19.97 21.36 21.60 20.23 18.67 16.77 15.26 14.55 12.60 12.00 10.28  8.72  6.82  6.04  4.99  4.91  4.91  4.83  5.00  4.96
traj-184:
34.17 33.31 31.90 30.17 29.22 27.49 26.90 25.13 24.83 23.87 22.73 22.48 21.30 19.56 18.39 17.24 15.48 14.90 13.52 12.98 12.51 12.02
19.24 19.42 19.77 19.95 19.97 19.94 19.94 19.94 19.93 20.55 20.97 21.47 22.63 22.79 22.61 22.38 22.61 22.71 21.68 20.66 19.76 18.76
traj-185:
35.06 33.21 31.25 29.48 27.54 26.65 24.89 23.55 23.54 23.64 23.58 23.49 23.48 23.48 23.59 24.69 26.20 28.18 30.07 30.89 32.34
19.05 19.73 19.85 19.92 19.95 19.96 19.91 20.59 22.10 23.84 25.31 26.47 28.24 29.43 31.39 32.16 32.09 32.17 32.32 32.45 32.54
traj-186:
36.93 35.55 34.01 32.16 30.47 28.56 27.07 25.78 24.50 23.70 23.42 22.94 22.71 22.39 22.29 21.85 21.64 21.26 21.01 20.19 19.86 17.96 16.14 14.27 12.61 11.11  9.93  8.24  7.33  5.57
19.33 18.79 18.72 18.62 18.54 18.37 18.28 18.23 18.25 17.61 16.62 14.73 13.76 12.18 11.67  9.80  9.19  7.58  6.83  5.45  5.35  5.09  5.05  5.52  5.95  6.37  6.69  7.10  7.32  7.70
traj-187:
38.89 36.97 35.29 33.34 32.76 31.06 29.87 27.89 27.02 25.29 23.80 22.14 21.06 19.42 17.67 15.97 14.22 12.55
18.89 19.11 19.10 19.42 19.55 19.85 19.81 19.72 19.71 19.77 19.84 20.54 21.68 22.10 22.12 22.14 22.40 22.65
traj-188:
38.62 37.76 35.79 35.49 33.78 32.62 31.18 30.47 28.75 26.98 25.28 23.87 23.58 23.47 23.42 23.55 23.66 23.69 23.72 23.73 23.72 25.32 26.18 28.02 29.55 31.22 32.45
18.82 18.69 18.41 18.41 18.45 18.51 18.53 18.59 18.57 18.59 19.10 19.56 21.16 21.71 23.45 24.59 26.27 28.01 28.79 30.58 31.17 32.05 32.16 32.90 33.51 34.41 35.09
traj-189:
38.97 37.56 36.97 34.98 33.19 31.74 30.58 28.60 27.45 25.70 24.20 22.42 22.05 21.88 21.92 22.50 22.47 22.39 22.28 21.75 21.44 20.40 18.84 17.26 15.75 14.27 12.41 11.56  9.84  8.33
19.98 19.89 19.87 19.72 19.72 19.74 19.79 19.85 19.89 19.86 19.90 19.75 18.33 16.80 15.08 13.26 11.90 10.40  9.54  7.72  6.89  5.60  4.93  4.86  4.69  4.61  4.41  4.29  4.38  4.22
traj-190:
34.52 33.40 31.46 29.69 27.90 27.30 25.59 24.71 23.47 22.94 21.28 19.48 18.89 17.17 16.02 14.62 12.80 11.51 10.14  8.45  7.13  5.80
19.18 19.49 19.86 19.92 19.96 19.95 19.91 19.94 20.67 20.92 22.05 22.75 22.66 22.48 22.57 22.66 22.42 22.16 22.15 21.92 21.73 21.54
traj-191:
35.12 33.77 32.02 30.25 28.49 26.72 25.26 23.58 22.94 22.62 23.35 23.39 23.50 23.56 23.77 25.39 26.24 27.41 28.30 30.14 30.94 32.52
19.33 19.74 19.95 19.98 19.92 19.97 19.98 20.86 22.69 23.66 25.45 26.34 28.11 29.82 31.25 32.23 32.09 32.17 32.27 32.71 33.10 33.81
traj-192:
36.35 35.18 34.35 32.61 31.72 29.97 28.50 26.80 25.33 24.18 22.93 21.83 21.85 22.08 22.12 22.21 22.17 22.15 21.60 21.22 20.60 18.84 17.56 15.82 14.11 13.32 11.55
19.76 19.83 19.87 19.90 19.91 19.89 19.86 19.85 19.82 19.84 19.71 18.34 16.52 14.95 14.47 12.55 11.16  9.50  7.88  6.82  5.63  4.97  4.92  4.73  4.45  4.32  4.01
traj-193:
37.73 35.76 34.03 32.29 31.24 30.15 28.22 26.44 24.52 22.78 22.17 21.49 21.37 20.17 18.42 16.66 16.07 14.62 13.05 11.73  9.95
18.34 18.60 18.72 18.83 18.92 19.08 18.82 18.75 18.75 18.41 18.83 20.54 21.14 22.25 22.24 22.25 22.24 22.25 22.42 22.55 22.91
traj-194:
33.85 31.89 30.16 28.66 26.91 25.73 24.70 23.78 22.93 22.78 22.59 22.53 22.58 22.38 22.17 21.96 20.47 18.47 16.64
19.27 19.12 19.18 19.21 19.38 19.51 19.73 20.29 21.21 22.38 24.11 24.76 26.75 27.84 29.34 31.27 32.12 32.07 32.02
traj-195:
37.77 35.91 35.31 33.33 31.49 29.75 27.92 26.51 25.92 24.12 23.38 23.23 21.72 21.76 21.52 21.28 21.29 21.20 21.22 21.23 21.41 20.61 19.26 17.61 15.93 14.50 12.80 11.88 10.31  8.53  8.28
18.98 18.88 18.82 19.00 18.82 18.87 19.06 19.30 19.41 19.42 19.58 19.05 17.80 16.91 15.00 13.72 12.36 11.40  9.54  8.99  7.16  5.73  5.17  5.16  5.37  5.57  6.59  7.16  8.01  7.49  7.33
traj-196:
36.29 34.92 33.04 31.24 29.49 27.68 25.83 24.13 22.72 21.49 20.07 19.78 18.04 17.44 15.84 14.23 12.70 12.01 11.54 11.10
19.89 19.89 19.97 19.94 19.69 18.87 18.90 19.23 20.20 21.12 22.26 22.32 22.57 22.59 22.57 22.20 20.92 19.93 18.95 18.13
traj-197:
39.04 38.44 36.74 34.94 34.11 32.24 30.47 29.58 27.91 26.43 24.65 23.20 23.00 22.88 22.90 22.62 22.54 22.31 22.03 21.32 20.90 19.15 18.87 17.15 15.23 13.31
18.40 18.45 18.45 18.70 18.83 18.87 18.84 18.85 18.77 18.65 18.58 19.38 21.04 22.54 23.72 25.59 26.75 28.58 29.62 31.21 32.09 32.23 32.24 33.04 33.47 33.78
traj-198:
36.37 34.90 33.54 32.65 30.67 30.16 28.59 27.11 25.32 24.72 23.87 23.31 22.62 22.42 22.13 22.08 21.96 22.31 22.60 22.80 22.99 23.03 22.53 22.03 21.58 20.27 19.29 17.56 16.68 14.78 13.85 13.59
19.85 19.69 19.81 19.81 19.85 19.86 19.90 19.93 19.95 19.95 21.61 23.09 24.41 23.32 21.58 21.28 19.51 17.88 16.27 14.38 12.69 11.31  9.98  8.35  6.66  5.27  5.07  5.02  5.07  5.51  6.98  7.53
traj-199:
36.45 35.49 33.81 33.52 31.57 31.27 29.49 28.35 27.47 26.30 25.13 23.42 23.37 21.87 20.11 18.37 16.89 15.42 14.62 12.94 11.34  9.40  7.62  5.77
18.42 19.03 19.54 19.63 19.81 19.82 19.84 19.88 19.89 19.88 19.91 20.92 21.22 22.50 22.87 22.79 22.62 22.49 22.52 23.33 23.09 22.61 22.25 21.96
traj-200:
37.51 36.38 34.74 34.22 33.87 32.72 31.37 29.85 29.01 27.43 25.67 23.85 22.22 21.90 21.96 21.94 22.06 22.09 21.63 21.37 21.17 19.41 17.49 15.77 14.76 13.56 11.75 11.46
18.36 18.25 18.25 18.19 18.56 18.64 18.49 18.42 18.36 18.31 19.01 19.28 19.77 21.39 22.96 24.67 26.55 27.94 29.31 30.39 31.26 32.12 32.15 33.00 33.34 33.76 34.17 34.25
traj-201:
36.54 34.95 33.28 32.68 31.68 30.43 29.10 27.75 25.83 23.96 22.71 21.83 21.09 21.08 21.05 21.05 21.05 21.09 20.48 19.34 18.53 16.95 15.32 13.61 12.38 11.00  9.31  9.03
18.51 18.46 18.37 18.33 18.40 18.34 18.28 18.28 18.38 18.30 16.97 15.18 13.89 12.46 10.71  9.36  7.39  6.53  5.58  5.07  5.07  5.14  5.45  6.43  7.38  7.01  6.26  6.34
traj-202:
37.65 36.20 34.22 32.54 30.78 29.37 27.59 26.12 24.94 23.85 23.34 23.14 22.06 21.31 20.64 19.25 18.95 17.22 15.45 13.70 13.41 11.50 10.70  9.18
19.46 19.65 19.72 19.83 19.94 19.94 19.98 19.97 19.97 21.58 23.44 24.00 25.64 24.12 22.79 22.25 22.29 22.40 22.65 22.84 22.91 22.65 21.88 21.05
traj-203:
38.70 38.10 36.29 35.38 34.27 32.56 31.25 29.60 27.87 27.57 25.59 24.72 22.92 21.31 21.25 21.01 21.03 21.14 21.23 21.46 21.49 21.37 21.24 20.88 20.96
18.02 18.11 18.20 18.29 18.53 18.62 19.04 19.46 19.66 19.69 19.85 19.85 20.39 21.48 22.17 23.77 24.73 26.47 27.91 29.31 30.51 31.80 32.81 34.57 34.86
traj-204:
35.03 33.17 31.44 29.65 28.19 26.73 25.84 24.13 23.83 23.71 23.61 23.33 23.27 22.40 21.99 21.90 21.79 21.65 21.36 20.95 19.42 17.61 15.92 14.49 13.58
19.12 19.66 19.88 19.90 19.84 19.77 19.71 19.71 19.70 18.51 17.33 15.35 13.89 12.20 11.43  9.94  8.80  7.94  6.50  5.72  4.92  4.99  5.15  5.23  5.28
traj-205:
34.25 32.79 31.06 30.21 29.05 27.34 26.75 24.97 23.42 23.26 22.40 20.64 20.34 18.60 17.71 15.96 14.61 13.48 12.83 11.31  9.92
19.25 19.49 19.73 19.81 19.88 19.94 19.95 19.97 20.99 21.24 22.18 22.30 22.31 22.30 22.25 22.23 22.16 21.38 19.72 19.07 19.26
traj-206:
36.09 34.34 33.19 32.00 30.25 29.05 27.86 26.17 24.44 23.36 23.14 23.04 22.39 22.04 22.00 21.97 21.83 21.82 21.26 21.11
19.71 19.74 19.80 19.82 19.91 19.92 19.89 19.85 19.82 21.15 23.13 23.41 25.16 26.48 28.00 29.81 31.72 32.02 33.80 34.06
traj-207:
38.50 37.60 35.80 33.97 32.24 31.33 30.18 28.77 27.04 26.07 24.73 23.20 22.81 22.51 22.52 22.35 22.28 22.16 21.74 21.54 19.61 17.97 17.38 15.41 13.62 13.13
18.46 18.47 18.50 18.27 18.47 18.64 18.75 18.53 18.38 18.33 18.14 17.28 15.71 13.81 12.17 10.55  9.40  8.25  6.49  5.62  5.35  5.13  5.14  5.31  4.97  4.69
traj-208:
35.42 33.52 32.12 30.16 29.57 27.79 26.93 25.10 24.16 22.69 22.28 21.21 19.23 18.04 16.85 15.08 13.11 11.28
18.85 18.78 18.62 18.44 18.46 18.47 18.49 18.83 19.44 20.56 21.24 22.13 22.34 22.35 22.34 22.37 22.39 22.22
traj-209:
34.70 32.92 31.14 29.65 28.49 26.72 25.53 23.81 23.00 22.81 22.75 22.74 22.74 22.84 22.89 23.99 25.50 26.88 27.78 29.51
19.97 20.00 19.98 19.98 19.97 19.93 19.94 19.96 21.36 22.43 24.23 25.59 27.05 28.61 30.57 32.13 32.30 32.36 32.40 32.62
traj-210:
33.81 32.98 31.64 29.86 28.08 26.61 24.93 23.81 22.91 22.91 22.92 22.98 23.03 22.74 22.34 22.02 20.88 19.55 18.71 17.48 15.53 13.71 12.14
19.61 19.68 19.86 18.98 19.04 18.89 18.47 17.54 16.07 15.38 13.71 12.26 11.42  9.48  7.56  6.14  5.01  4.92  4.88  4.84  4.61  4.59  4.61
traj-211:
36.58 34.92 33.46 32.04 30.05 28.32 26.53 24.62 23.28 22.06 21.17 19.17 18.28 16.54 14.80 13.76 11.91 10.79 10.08
19.34 19.67 19.69 19.75 19.82 19.89 19.93 19.97 20.71 22.20 22.29 22.34 22.21 22.16 22.18 22.34 22.13 21.46 21.05
traj-212:
35.22 34.92 33.10 31.29 30.48 28.80 27.95 26.17 24.73 23.55 23.50 23.48 23.53 23.59 23.59 23.68 23.85 24.35 25.15 26.20 27.62 28.20 29.98 31.16 32.62
18.28 18.31 18.40 19.12 19.47 19.94 19.93 19.92 19.89 21.32 22.77 23.72 25.19 26.98 27.85 29.59 31.47 32.14 33.25 34.29 35.27 35.34 35.54 35.67 35.95
traj-213:
35.00 34.16 32.44 30.65 30.35 28.62 26.83 25.36 24.77 23.15 22.42 21.63 22.27 22.66 22.42 22.20 22.08 21.89 21.55 20.46 18.68 17.10 16.57 14.76 12.78 11.79
19.49 19.63 19.91 19.86 19.85 19.87 19.90 19.88 19.80 18.74 17.50 16.10 14.28 13.21 11.51 10.26  9.40  7.95  5.99  4.45  4.58  5.07  4.97  4.85  4.66  4.56
traj-214:
39.15 37.42 35.46 34.29 33.39 31.40 29.61 27.90 26.42 24.72 23.32 21.96 20.19 18.43 16.95 15.17 14.59 13.03 12.67 10.97  9.25  8.00
19.87 19.85 19.92 19.95 19.96 19.96 19.93 19.90 19.86 19.84 20.75 22.05 22.10 22.12 22.11 22.14 22.25 23.36 23.74 24.14 24.39 24.56
traj-215:
37.12 36.64 34.84 32.95 31.82 30.09 28.45 26.72 25.82 24.63 23.57 23.59 23.66 23.68 23.70 23.78 23.90 24.04 22.47 21.18 20.62 19.18 17.79
18.61 18.73 18.66 18.46 18.41 19.15 19.69 19.93 19.94 19.97 21.33 22.47 24.47 26.22 27.10 28.87 30.35 32.12 32.34 33.68 34.21 35.44 35.89
traj-216:
38.43 37.26 35.78 34.58 33.73 32.26 31.10 29.35 27.87 26.09 24.90 23.55 22.90 22.48 21.91 21.58 21.71 21.90 21.69 21.43 20.59 18.84 16.98 16.13 14.77 13.03 12.77 12.44 10.73 10.08
19.99 19.87 19.82 19.86 19.88 19.90 19.90 19.89 19.91 19.93 19.88 18.91 17.26 16.28 15.07 13.28 11.35  9.80  8.69  6.94  5.43  5.07  5.28  5.45  5.71  6.64  6.78  6.75  5.83  4.04
traj-217:
37.15 35.96 34.22 33.32 31.53 30.07 28.40 27.81 26.38 24.95 23.65 23.32 22.13 20.69 19.81 18.07 16.61 14.85 14.28 12.54 11.59  9.78  8.38  6.99  5.53
19.89 19.92 19.91 19.92 19.93 19.84 19.73 19.68 19.70 19.94 20.86 21.64 22.96 22.93 22.88 22.80 22.76 22.72 22.62 21.79 21.79 22.35 22.77 23.89 24.80
traj-218:
38.25 36.27 35.17 33.96 32.19 30.42 30.12 28.36 27.77 26.31 25.57 24.05 23.05 22.86 23.01 22.79 22.57 22.52 22.30 21.70 21.37 20.10 18.25 16.97 15.20 14.66 12.74 10.85  9.26
18.96 18.83 18.77 18.82 18.90 19.07 19.08 19.08 19.15 19.28 19.45 19.92 20.44 22.33 23.88 25.43 26.85 27.67 29.21 30.36 31.31 32.40 32.45 32.42 32.46 32.47 32.67 32.75 32.80
traj-219:
34.03 34.92 33.53 31.75 29.78 27.88 26.42 24.52 23.91 23.25 22.79 22.72 22.45 22.01 22.02 21.80 21.41 21.07 20.17 18.79 17.11 15.89 14.06 12.60 11.75 10.61
19.68 19.66 18.77 18.69 18.62 18.54 18.54 18.67 18.51 17.02 15.13 14.84 13.04 11.16 11.01  9.09  7.40  6.78  5.06  4.93  5.08  5.38  5.86  6.23  6.50  6.84
traj-220:
34.31 33.16 31.80 29.99 28.28 26.40 24.92 24.76 24.61 22.95 22.09 20.31 18.59 17.11 15.26 14.80 13.09 11.63  9.91
19.66 19.83 19.87 19.94 19.95 19.95 20.00 20.00 20.25 21.00 21.55 22.22 22.23 22.15 22.42 22.51 22.18 21.56 20.67
traj-221:
34.63 33.74 32.02 31.13 29.50 27.72 25.95 25.07 23.61 23.09 22.44 21.46 21.56 21.61 21.63 21.46 21.34 20.04 18.24 17.96 16.15 15.46 14.66 13.61 12.05
19.25 19.38 19.57 19.67 19.83 19.88 19.96 19.99 20.74 21.75 23.00 24.55 25.39 26.79 28.77 29.96 31.12 32.28 32.69 32.59 32.08 32.81 33.25 33.88 35.10
traj-222:
37.11 35.48 33.57 32.75 31.01 29.22 28.34 26.56 25.12 24.53 23.85 22.32 22.41 22.51 22.47 22.54 22.53 22.57 22.55 22.49 22.13 21.82 20.61 18.92 16.94 15.19 13.59 11.80  9.94  8.62  7.29  6.41
18.83 19.03 19.51 19.70 19.86 19.90 19.90 19.92 19.91 19.88 20.39 20.83 20.18 18.50 17.16 15.62 14.50 12.70 11.47  9.74  8.05  6.96  5.50  4.84  5.11  5.26  5.72  6.56  6.85  7.03  7.12  7.18
traj-223:
34.24 32.28 31.37 30.27 28.53 26.73 24.94 23.44 22.87 21.20 19.25 17.48 16.88 14.95 13.42 11.88 11.59
19.61 19.59 19.64 19.73 19.90 19.96 19.92 20.97 21.98 22.62 22.52 22.42 22.38 22.57 21.57 20.47 20.35
traj-224:
38.32 36.60 34.87 34.57 32.58 30.59 29.11 27.38 25.60 23.85 23.67 23.55 23.52 23.45 23.48 23.50 23.52 23.78 25.35 26.38
19.66 19.67 19.64 19.63 19.73 19.81 19.83 19.87 19.88 20.76 22.52 24.23 24.53 26.51 27.09 28.52 29.41 31.25 32.12 32.28
traj-225:
35.47 34.13 32.42 31.38 30.23 29.26 28.12 26.27 24.85 22.93 21.80 21.50 21.49 21.50 22.08 22.03 21.50 21.05 20.23 18.69 16.69 14.79 13.71 12.05
18.77 18.49 18.15 18.16 18.17 18.17 18.24 18.24 18.32 18.31 17.22 15.35 14.03 12.59 10.71 10.20  8.73  7.00  5.40  5.09  5.14  5.25  5.37  4.47
traj-226:
36.71 35.53 33.91 32.09 30.74 29.55 27.60 26.88 25.20 24.91 23.79 22.78 21.19 19.38 19.09 17.27 16.98 16.08 15.82 14.94 13.24 12.77 11.33 10.00  8.57  7.20  6.38  5.12  4.08
18.77 18.77 18.81 18.90 18.97 19.04 19.35 19.39 19.70 19.74 20.35 20.70 21.26 22.06 22.11 22.36 22.43 22.69 22.73 22.91 23.78 23.23 22.46 21.57 20.72 19.97 19.53 18.85 18.24
traj-227:
34.69 32.70 30.96 30.09 28.51 26.91 25.12 24.82 23.50 23.16 23.12 22.91 22.83 22.89 22.90 22.34 21.46 20.84 19.02
18.23 18.15 18.28 18.63 19.34 19.91 19.94 19.94 21.39 23.12 23.42 25.31 26.10 27.51 28.11 30.03 31.81 33.09 33.21
traj-228:
39.06 37.79 36.13 34.65 33.16 32.28 30.51 28.81 27.36 26.21 24.44 23.63 22.97 22.59 22.32 22.08 21.93 21.38 21.07 20.24 19.01 17.93 16.36 14.43 13.35 11.45 10.60  9.26
19.26 19.11 19.09 19.18 19.25 19.19 19.08 18.96 18.50 18.38 18.09 17.20 15.32 13.70 12.35 10.58  9.53  7.71  6.95  5.32  5.15  5.13  5.07  4.98  4.90  4.82  4.81  4.79
traj-229:
36.40 35.01 33.24 31.38 29.69 28.07 26.66 25.16 23.52 22.39 22.06 21.17 20.17 18.69 16.90 15.15 13.37 12.54 10.87  9.82  7.91  6.32  5.79
18.90 18.66 18.40 18.35 18.44 18.50 18.45 18.56 19.10 20.22 20.57 21.39 22.21 22.38 22.36 22.33 22.09 21.78 21.16 20.85 20.72 21.89 22.81
traj-230:
34.81 34.15 32.17 31.12 30.31 28.60 27.43 25.68 24.78 23.94 23.70 23.51 23.42 23.36 23.37 23.59 23.60 23.74 23.82
18.96 18.99 18.86 19.32 19.66 19.87 19.84 19.85 19.81 20.37 22.35 23.80 24.68 26.43 26.73 28.43 28.73 30.43 32.20
traj-231:
36.68 35.68 34.53 33.41 31.92 30.13 28.35 27.75 25.99 24.90 23.82 23.54 22.81 22.52 22.13 21.68 21.32 21.30 21.34 21.39 21.37 21.56 21.35 19.63 18.80 17.40 15.71 15.18 13.69 12.91 11.37 10.68  9.16  8.44  7.06
19.03 19.54 19.79 19.92 19.94 19.94 19.92 19.93 19.93 19.84 19.67 19.56 17.86 16.69 15.30 14.12 12.80 12.11 10.93  9.31  8.06  6.60  5.74  4.94  5.25  5.45  5.67  5.83  6.75  7.63  7.37  6.36  5.14  5.11  4.74
traj-232:
38.59 36.93 35.87 34.24 32.55 31.38 29.60 29.00 27.28 25.80 23.93 23.07 22.03 21.09 19.12 17.38 16.51 15.08 14.35 13.21 12.91 10.99 10.09  9.12  8.03
19.06 18.98 19.18 19.57 19.87 19.92 19.97 19.94 19.95 19.91 19.64 20.11 21.76 22.58 22.90 22.84 22.81 22.77 22.66 22.46 22.41 22.00 21.44 21.11 20.38
traj-233:
37.85 36.54 34.76 33.23 31.47 30.36 29.37 27.52 25.96 25.59 25.29 23.49 23.35 22.65 21.59 21.41 21.29 21.27 21.22 21.10 20.98 20.84
18.22 18.35 18.49 18.41 18.49 18.51 18.48 18.44 18.49 18.86 18.93 19.69 20.27 21.91 22.80 24.47 26.46 27.50 29.32 31.15 32.94 34.83
traj-234:
36.21 34.56 33.14 31.72 30.88 29.10 27.63 25.83 24.06 23.70 22.89 22.63 22.18 21.84 21.50 21.60 22.02 21.76 20.17 19.34 17.60 16.50 15.62 13.94 13.58 11.92 10.16  8.85
19.32 19.49 19.64 19.84 19.85 19.93 19.96 19.93 19.91 18.44 17.21 15.31 13.92 12.29 11.27  9.64  7.93  6.18  5.42  5.31  5.14  5.36  5.53  6.47  6.71  7.59  6.91  5.48
traj-235:
37.73 36.03 34.64 33.19 31.71 29.94 28.47 27.58 26.39 25.19 23.70 23.51 22.28 20.61 18.88 17.81 16.06 14.58 12.71 12.54 10.78 10.49  8.56  7.59  5.73  4.94
19.51 19.78 19.79 19.90 19.89 19.88 19.88 19.88 19.88 19.89 20.75 20.98 22.46 22.50 22.46 22.42 22.59 22.80 23.52 23.27 22.70 22.76 22.83 22.79 22.63 22.83
traj-236:
34.47 33.00 32.14 30.96 29.21 28.02 26.26 24.48 22.94 22.83 22.17 21.59 21.30 21.20 21.10 19.95 18.14 16.82 15.68 14.88 13.41
19.92 19.90 19.90 19.92 19.90 19.93 19.97 19.96 20.76 22.66 24.41 26.07 28.03 29.73 31.11 32.43 33.20 33.79 34.31 34.64 35.24
traj-237:
33.63 32.48 30.81 30.52 28.64 28.23 27.07 25.64 23.69 23.66 23.45 22.65 22.76 22.57 22.38 22.20 21.77 21.38 21.13 20.93 19.37 17.53 15.85 14.97 13.40 13.22 11.69  9.70  7.75  6.37  5.54
18.43 18.59 18.85 18.91 19.40 19.47 19.53 19.65 19.33 19.03 18.83 17.20 15.27 13.76 12.00 10.70  9.02  7.28  6.13  5.91  5.21  5.18  5.49  5.67  6.86  7.09  7.98  8.05  8.16  8.50  8.82
traj-238:
38.96 37.32 35.59 35.32 33.34 32.74 31.01 29.28 28.12 26.35 24.85 23.52 22.59 20.68 18.80 17.04 15.57 13.70 12.54 11.68  9.97  9.81  8.74
18.16 18.50 19.13 19.24 19.54 19.59 19.71 19.87 19.90 19.94 19.96 21.43 23.17 22.60 22.35 22.34 22.28 22.41 22.33 22.24 21.27 21.02 19.45
traj-239:
35.86 34.98 33.13 31.35 29.58 27.88 26.58 25.41 23.99 22.87 22.43 22.42 22.49 22.53 22.38 22.43 22.49 22.35
19.18 19.27 18.97 19.08 18.98 18.80 18.93 18.99 18.92 20.33 22.06 23.79 25.56 27.25 29.20 30.71 32.39 32.92
traj-240:
38.53 36.54 35.65 33.67 32.03 30.55 29.73 27.96 27.10 25.32 24.15 23.88 22.29 21.79 22.25 22.54 22.60 22.00 21.70 21.40 21.02 20.81 19.09 18.24 16.84 15.24 14.44 12.63 12.33
19.61 19.82 19.86 19.87 19.90 19.95 19.95 19.93 19.92 19.93 19.92 20.06 18.90 17.21 15.32 13.40 11.61  9.73  8.21  7.44  6.01  5.67  5.01  5.01  5.03  5.12  5.14  5.15  5.12
traj-241:
37.01 36.42 34.73 33.03 32.15 30.69 29.55 28.09 26.34 24.58 22.82 21.99 21.14 19.44 17.67 16.36 14.41 14.12 12.32 11.52  9.54  7.77  5.93  5.66
19.47 19.56 19.76 19.85 19.90 19.86 19.79 19.87 19.85 19.90 20.41 21.14 21.78 22.45 22.42 22.42 22.51 22.59 23.18 23.49 23.45 23.25 23.26 23.12
traj-242:
34.34 33.53 32.07 31.48 29.98 28.50 26.72 25.27 23.72 23.13 22.99 23.22 22.85 22.77 22.80 22.86 23.24 23.79 24.81
19.59 19.72 19.88 19.93 19.95 19.93 19.94 19.75 20.64 21.90 23.49 24.34 26.17 26.86 28.80 29.29 31.01 32.47 33.92
traj-243:
37.56 35.79 34.01 32.55 30.84 29.65 27.91 26.13 25.23 23.69 22.81 22.99 23.12 23.05 23.00 22.95 22.85 22.50 22.12 21.56 20.41 18.64 16.78 15.92 14.75 13.00 11.61  9.94  8.56
19.79 19.91 19.93 19.96 19.95 19.98 19.96 19.92 19.90 20.94 19.52 18.35 16.39 14.93 14.03 12.39 10.61  9.55  8.49  6.92  5.36  4.98  5.22  5.38  5.56  5.85  6.08  6.52  6.74
traj-244:
37.49 35.78 34.63 33.00 31.65 29.89 28.40 27.50 26.01 24.66 23.67 22.04 21.92 21.27 21.29 20.54 19.98 18.25 17.07 15.89 14.73 12.87 12.61 11.32 10.07  9.04  7.83  6.29  4.75
19.79 19.82 19.85 19.91 19.92 19.92 19.90 19.90 19.90 19.88 19.85 20.76 21.13 21.76 22.06 22.76 22.81 22.74 22.66 22.58 22.49 22.55 22.17 20.97 20.21 19.86 19.63 19.31 18.93
traj-245:
37.00 36.17 34.44 33.80 32.14 30.96 29.55 28.96 27.47 26.59 25.14 23.61 23.59 23.55 23.42 23.44 23.41 23.24 23.09 23.00 22.84 22.69 21.27 19.87 18.19
19.74 19.76 19.86 19.90 19.92 19.92 19.95 19.95 19.91 19.91 19.94 20.82 21.91 23.39 25.13 25.72 27.17 29.15 30.29 31.38 33.19 33.76 35.09 35.51 35.96
traj-246:
35.89 34.22 33.06 31.56 30.42 28.69 28.41 27.95 26.15 25.44 23.77 23.03 22.76 22.46 22.17 22.00 21.65 21.18 20.56 18.63 17.84 15.88 14.20 12.33 11.28  9.49  8.54
19.91 19.90 19.89 19.86 19.83 19.73 19.61 19.52 19.11 19.16 18.35 16.74 15.32 13.52 11.68 10.19  8.24  6.35  5.23  5.12  5.14  5.38  5.74  5.89  6.14  6.47  6.52
traj-247:
35.51 33.85 32.62 31.67 30.44 29.00 27.32 25.84 24.54 22.80 22.32 20.64 20.04 18.11 17.24 15.80 13.90 12.55 11.42 10.30  8.95
19.00 18.90 18.82 18.99 19.25 19.61 19.93 19.95 19.99 20.86 21.22 22.11 22.08 22.39 22.60 22.69 22.45 21.75 21.28 20.65 19.88
traj-248:
36.42 35.25 33.50 31.55 29.90 27.92 26.47 24.57 24.42 22.94 22.01 21.57 21.54 21.78 21.96 21.95 21.63 20.49 19.40
18.61 18.63 18.49 18.78 18.82 19.07 19.42 19.90 20.15 21.48 22.77 23.73 25.23 27.11 28.52 30.22 31.18 32.66 33.18
traj-249:
34.75 33.93 31.97 30.11 29.81 28.11 26.98 25.13 24.25 22.71 22.78 22.64 22.71 22.93 22.58 22.27 22.07 21.92 20.99 20.76 19.11 17.21 15.49 14.03 12.25 11.58 10.05
18.99 18.76 18.46 18.31 18.31 18.22 18.27 18.69 19.34 19.67 17.70 15.78 15.49 13.63 11.76 10.05  8.69  7.51  6.00  5.80  5.15  5.24  5.32  5.48  6.27  6.17  4.98
traj-250:
34.74 33.37 31.47 29.50 27.89 26.86 24.98 23.34 21.51 21.31 20.06 18.57 17.98 16.21 15.31 13.37 13.25 12.07 10.82
18.05 18.17 18.14 18.19 18.18 18.34 18.43 19.54 20.32 21.52 22.54 22.42 22.37 22.24 22.18 22.25 22.53 22.74 23.07
traj-251:
35.53 35.23 33.49 31.88 30.31 29.19 27.51 26.63 24.85 23.67 23.13 23.17 23.18 22.42 22.39 23.32 23.86 25.49 26.36 27.36
19.31 19.33 19.24 19.43 19.63 19.72 19.82 19.88 19.99 21.36 23.00 24.65 26.42 28.21 30.07 31.69 32.62 33.64 34.02 34.47
traj-252:
35.20 33.45 31.79 30.28 29.24 28.55 27.34 26.76 25.65 24.57 22.98 22.75 22.34 21.89 22.24 22.41 22.02 21.77 21.25 20.63 18.98 18.24 16.66 15.05 13.69 12.66 11.45  9.82  8.04  6.34
18.57 18.55 18.43 18.40 18.32 18.32 18.62 18.72 18.95 19.28 18.50 17.72 16.28 14.69 12.77 10.89  9.18  8.09  6.76  5.78  4.92  4.76  4.42  4.52  4.68  5.21  5.75  6.23  5.57  4.80
traj-253:
37.05 36.76 34.89 34.00 32.10 31.07 30.35 28.92 28.04 26.85 25.57 24.81 24.61 22.72 21.45 20.01 18.49 17.94 16.37 14.44 13.53 12.20 10.28  8.47  7.61  5.98  4.66
19.70 19.79 19.93 19.92 19.89 19.88 19.87 19.81 19.77 19.84 19.90 19.94 20.16 20.64 21.30 22.27 22.45 22.52 22.70 22.68 22.64 22.64 22.62 22.71 22.77 22.84 22.89
traj-254:
37.53 35.64 34.24 32.30 30.34 28.57 27.41 25.65 23.90 22.68 22.78 22.43 22.17 21.61 21.58 21.55 21.39 19.54 17.91 16.48 14.51 13.10 11.19  9.72  8.22
19.13 19.26 19.57 19.89 19.92 19.88 19.76 19.79 19.87 21.23 22.66 24.38 25.33 27.24 28.35 29.98 31.74 32.07 32.26 32.41 32.16 32.40 32.65 32.70 32.92
traj-255:
33.81 32.28 31.23 29.58 28.21 26.29 25.62 24.56 23.30 21.95 21.90 21.95 21.69 21.88 21.68 21.44 21.39 21.46 22.10 22.67 21.59 20.07 18.41 16.71 15.23 14.11 12.94 11.70  9.70  8.23  7.69
18.52 18.48 18.44 18.60 18.69 18.80 18.81 19.26 19.79 18.42 18.26 16.30 14.83 13.89 12.42 11.11  9.80  9.51  8.90  7.88  6.29  5.05  5.10  5.11  5.16  5.17  5.21  5.21  5.23  4.88  4.76
traj-256:
38.36 36.65 35.24 33.71 32.79 31.74 30.05 29.75 27.97 26.47 25.03 23.38 21.97 20.19 18.44 17.84 16.07 14.29 12.40 11.36  9.41
18.01 18.27 18.58 19.04 19.32 19.56 19.92 19.91 19.93 19.94 19.93 20.87 21.58 22.49 22.39 22.38 22.35 22.32 22.12 21.91 21.56
traj-257:
37.40 35.65 34.34 32.49 30.87 29.08 27.34 25.58 24.77 24.61 22.94 22.81 22.40 21.98 21.75 21.45 21.30 21.18 20.32 19.41
19.47 19.71 19.84 19.88 19.97 19.89 19.79 19.93 19.98 20.23 20.96 21.60 23.52 25.40 27.25 28.88 29.94 31.00 32.00 32.36
traj-258:
35.43 34.18 32.64 30.81 29.16 27.22 25.71 24.29 22.82 22.86 22.91 22.76 22.91 23.06 23.01 22.73 22.37 21.00 19.62 18.53 17.34 16.22 14.87 13.55 11.99 10.80  8.88  7.34  6.29
18.28 18.25 18.36 18.46 18.49 18.38 18.17 18.04 17.17 16.04 14.06 12.25 11.14  9.98  9.08  7.42  5.73  4.33  4.34  4.59  4.89  5.07  5.33  6.55  7.64  7.32  7.08  5.79  4.40
traj-259:
38.55 36.62 34.78 33.00 31.17 30.06 28.36 28.13 27.46 25.54 24.95 23.86 23.68 23.59 22.32 21.05 19.42 18.29 17.12 15.71 13.94 13.64 11.87 10.34 10.12
18.68 18.82 18.77 18.75 18.84 18.95 19.20 19.14 19.29 19.69 19.81 21.28 22.69 23.28 24.63 23.63 22.94 22.80 22.63 22.47 22.26 22.24 21.65 20.40 20.19
traj-260:
34.59 33.24 31.35 30.24 28.53 26.76 25.60 24.74 23.61 23.77 23.46 23.28 23.29 23.30 23.30 23.29 24.31 25.53 26.32 27.71 29.19 30.56 32.30
18.97 19.26 19.63 19.82 19.88 19.89 19.85 19.91 20.53 22.07 23.80 25.70 26.89 28.02 30.01 31.20 32.14 32.09 32.43 33.04 33.62 34.38 35.11
traj-261:
35.41 34.88 33.17 32.29 30.50 28.86 27.24 25.77 24.38 22.77 22.40 22.13 21.93 21.67 21.53 21.46 21.24 20.44 18.79 16.93 15.43 13.64 13.42 11.54 10.61  9.29  7.65  6.06  5.49
19.48 19.56 19.87 19.81 18.94 18.89 19.03 19.15 18.69 17.51 15.75 13.95 12.66 10.88  9.60  8.73  6.84  5.51  5.12  5.18  5.45  5.89  5.92  6.56  6.88  7.23  7.70  8.14  8.32
traj-262:
37.70 35.87 34.14 32.23 30.65 28.95 27.78 26.04 24.59 23.54 23.12 22.33 22.20 21.65 20.05 19.48 17.72 16.84 15.67 14.51 13.44 12.54 11.43  9.81  8.16  6.62  5.41  4.55
18.34 18.55 18.68 18.92 19.18 19.53 19.73 19.92 19.86 20.47 21.45 23.00 23.27 23.13 22.68 22.53 22.39 22.43 22.44 22.43 23.06 23.33 22.73 21.83 20.79 19.87 19.19 18.68
traj-263:
36.32 34.57 32.76 32.05 30.28 29.13 27.97 27.11 25.12 23.71 23.27 21.99 22.04 22.08 22.26 21.95 21.96 21.83 21.37 20.45 19.32 18.76
19.45 19.63 19.81 19.92 19.88 19.88 19.88 19.88 19.88 19.87 20.17 21.70 23.43 23.72 25.69 27.42 28.73 30.02 31.04 32.55 34.04 34.72
traj-264:
35.18 33.69 32.17 31.15 29.73 29.13 27.36 25.62 23.87 22.85 22.55 22.52 22.32 22.24 22.33 22.08 21.84 21.70 21.08 19.83 17.92 15.95 14.18 12.27 10.65  9.31
19.29 19.41 19.65 19.78 19.85 19.88 19.89 19.87 19.83 18.17 17.69 15.81 13.92 12.38 11.82 10.01  8.49  7.63  6.42  4.90  4.94  4.70  4.74  4.75  4.50  4.39
traj-265:
37.89 36.15 35.00 33.00 31.21 29.28 27.37 26.48 24.74 23.61 23.14 22.64 21.16 19.58 17.82 16.64 15.47 13.80 12.29 11.72  9.91  9.34  7.41  6.26  4.44
19.83 19.88 19.92 19.95 19.92 19.90 19.91 19.90 19.96 21.53 23.11 24.00 23.54 22.80 22.54 22.44 22.39 22.34 22.02 21.92 21.71 21.52 21.08 20.84 20.37
traj-266:
36.96 35.02 33.27 32.67 30.85 28.93 26.99 25.79 24.32 23.09 22.91 21.30 21.87 22.38 22.79 22.20 21.53 21.88 21.89 22.05 22.04
19.02 18.82 18.62 18.62 18.76 18.76 18.66 18.74 18.83 20.36 20.93 21.88 23.50 25.04 26.93 28.21 29.11 31.07 31.37 33.13 34.90
traj-267:
37.49 36.05 34.32 32.56 31.37 29.64 28.75 27.55 26.05 24.86 23.30 22.52 22.30 22.15 21.63 21.30 21.53 21.89 22.22 22.41 21.39 19.58 17.84 17.04 15.33 13.38 12.59 11.05  9.48  8.84
19.67 19.84 19.84 19.85 19.86 19.92 19.95 19.96 19.96 19.96 18.82 16.99 15.10 13.83 11.91 11.03 10.84  9.36  8.10  6.81  5.24  4.74  4.61  4.52  4.42  4.50  4.59  5.07  5.73  6.21
traj-268:
34.22 33.92 32.04 30.30 28.52 26.75 25.25 23.60 23.39 21.94 19.99 18.80 17.05 15.21 13.31 11.41 10.05  8.45  6.89  5.79  4.08
19.62 19.67 19.77 19.84 19.93 19.95 19.98 20.95 21.17 22.53 22.78 22.77 22.73 22.54 22.37 21.83 21.76 21.50 21.31 21.01 20.64
traj-269:
37.23 35.61 33.76 32.23 30.26 28.31 26.47 25.89 24.64 24.33 23.51 22.41 22.22 22.30 22.30 22.31 22.28 22.24 21.60 20.16 19.30 17.44 16.59 14.76 13.32 11.55 11.52 10.74
18.93 18.83 18.79 18.50 18.32 18.27 18.15 18.10 19.00 19.52 20.67 21.85 22.13 24.12 25.23 26.96 28.55 29.12 30.93 32.17 32.59 32.60 32.81 32.74 32.78 33.41 34.56 35.31
traj-270:
36.63 34.87 34.09 32.48 30.94 28.99 27.70 25.97 25.23 23.55 22.79 22.84 22.77 22.70 22.70 22.42 22.37 22.03 21.43 20.16 18.63 17.00 15.16 14.30 12.49
18.66 18.44 18.43 18.29 18.34 18.39 18.45 18.69 18.69 17.78 17.06 15.16 14.63 12.67 12.07 10.39 10.09  8.37  6.49  5.12  5.00  4.95  4.78  4.77  4.53
traj-271:
36.04 35.74 33.75 31.80 30.03 28.26 26.77 24.98 23.49 22.67 20.85 19.81 18.43 17.56 16.97 15.22 14.66 13.26 11.89 10.43  9.26  7.88  6.23  4.95
19.54 19.57 19.76 19.90 19.90 19.89 19.95 19.96 20.78 22.17 22.29 22.34 22.35 22.51 22.62 22.61 22.54 21.73 21.36 21.65 22.22 22.94 23.81 24.50
traj-272:
36.17 34.33 33.18 31.47 29.76 27.97 26.47 24.68 23.47 23.37 23.20 22.93 21.42 21.15 21.13 21.19 21.62 22.41 23.98 24.85 26.18 28.16 29.62 31.44 32.90
18.71 19.29 19.36 19.73 19.94 19.92 19.93 19.85 21.43 22.02 23.44 24.85 23.95 25.93 26.83 28.68 30.63 31.28 32.05 32.07 32.11 32.10 32.13 32.13 32.07
traj-273:
38.59 36.63 34.69 33.85 32.06 30.71 28.73 26.76 24.78 23.83 22.96 22.70 22.57 22.30 22.19 21.95 21.69 21.55 20.99 19.29 17.88 16.19 15.03 13.61 11.92 10.64  9.10  7.15
18.79 18.81 18.91 18.93 19.00 18.89 18.83 19.00 18.83 17.55 15.85 14.29 13.11 11.27 10.61  9.29  7.55  6.68  5.65  5.13  5.24  5.35  5.49  5.31  5.28  5.27  5.13  5.02
traj-274:
33.83 33.05 31.49 29.60 28.27 26.41 25.69 25.40 23.96 23.60 23.33 22.98 21.34 19.51 18.92 17.15 15.39 13.95 12.45 10.80  9.78  8.31  7.57  6.41
18.89 18.98 18.98 18.93 18.95 19.36 19.41 19.48 20.57 21.83 22.72 24.38 23.31 22.77 22.74 22.74 22.73 22.67 22.59 21.51 20.71 19.71 19.21 18.54
traj-275:
34.89 32.98 31.64 30.19 28.43 27.84 26.38 25.53 23.90 23.71 23.42 23.24 22.93 22.46 22.01 20.52 19.22 17.30
19.69 19.86 19.98 19.98 19.99 19.98 19.95 19.96 20.95 22.71 24.37 26.24 27.99 29.86 31.81 32.59 33.35 33.82
traj-276:
34.96 33.76 32.21 30.43 29.01 27.24 26.34 24.97 24.31 22.80 22.81 22.50 22.22 22.00 21.76 21.61 21.26 20.47 18.77 17.90 16.25 15.08 13.96 12.10
19.02 18.96 18.99 19.10 19.04 19.04 19.02 18.76 18.41 17.25 16.66 14.77 13.63 11.84  9.92  8.47  6.98  5.49  5.15  5.10  5.10  5.10  5.12  4.99
traj-277:
33.68 32.23 31.35 29.71 28.00 26.83 25.34 24.74 23.06 21.47 19.48 18.01 16.55 14.81 14.51 12.64 11.12  9.42
19.15 19.39 19.53 19.88 19.91 19.93 19.97 19.97 20.97 21.97 22.21 22.20 22.21 22.18 22.19 22.25 22.58 22.31
traj-278:
36.84 36.03 34.57 32.91 30.99 29.22 28.42 26.75 25.27 23.67 23.38 23.18 22.93 22.62 22.32 21.91 21.62 21.01 20.35 18.69
18.48 18.22 18.21 18.25 18.48 18.90 19.08 19.45 19.64 20.82 22.14 23.49 24.93 26.43 27.88 29.72 31.12 32.93 34.27 34.66
traj-279:
36.92 35.14 33.95 32.55 30.97 29.08 28.48 30.00 29.55 27.83 26.23 25.49 23.82 23.37 23.42 23.37 23.29 23.25 23.26 23.23 23.11 22.48 20.81 19.51 18.82 16.97 15.23 13.91 12.61 11.46
19.86 19.83 19.83 19.85 19.83 19.77 19.82 18.71 18.67 18.58 18.67 18.47 17.48 16.02 14.61 13.95 12.48 11.89 10.44  9.31  8.43  7.02  5.95  5.66  5.63  5.00  5.06  5.56  6.27  6.81
traj-280:
38.63 37.48 35.58 34.33 33.31 31.54 31.11 29.31 28.71 26.84 24.90 23.44 23.06 22.15 20.24 20.10 18.24 17.94 16.18 15.88 14.14 12.37 10.54  9.22  7.78
19.69 19.75 19.86 19.88 19.89 19.89 19.91 19.96 19.97 19.93 19.97 20.93 22.31 23.39 22.82 22.78 22.46 22.50 22.60 22.65 22.69 22.61 21.99 21.53 21.07
traj-281:
37.70 37.40 37.02 35.99 34.76 33.42 31.82 30.40 28.75 27.38 26.50 24.78 23.41 23.13 22.38 21.54 21.79 21.87 21.66 21.54 19.65 18.32 16.72 16.03 14.29 12.42 10.53
18.01 18.03 18.42 18.48 18.47 18.47 18.56 18.74 18.94 19.09 19.21 19.51 20.34 21.98 23.64 24.33 26.19 28.06 29.74 31.52 32.06 32.17 32.23 32.30 32.49 32.66 33.16
traj-282:
37.83 36.41 34.73 33.02 31.56 30.20 29.02 27.69 25.86 23.99 22.99 22.33 21.46 21.22 21.24 21.24 21.32 22.08 22.52 22.21 20.70 18.81 18.25 16.80 15.07 13.29 11.75 11.01  9.36  7.80  6.01  5.21
19.06 19.34 19.67 19.84 19.88 19.89 19.89 19.89 19.89 19.67 18.07 17.31 16.33 14.34 13.01 12.32 10.46  9.26  8.38  6.48  5.29  5.25  5.31  5.57  5.82  6.71  7.66  7.93  7.46  6.42  6.01  5.73
traj-283:
33.66 31.69 29.77 28.40 27.28 26.05 24.32 22.80 21.38 19.75 18.44 16.71 14.91 13.32 11.62 11.08
19.18 19.52 19.92 19.91 19.90 19.89 19.89 20.43 21.43 22.05 22.09 22.26 22.25 21.46 20.48 20.16
traj-284:
36.72 35.90 34.25 33.71 32.28 30.53 28.60 27.05 26.60 24.71 23.16 22.57 22.00 21.66 21.31 21.45 21.65 22.37 23.38 24.95 26.36 28.28 28.91 30.23 31.51
19.04 18.80 18.58 18.48 18.20 18.15 18.13 18.23 18.30 18.57 19.62 20.08 21.60 23.25 24.73 26.14 27.99 29.49 31.19 32.03 32.33 32.58 32.95 33.88 34.51
traj-285:
34.12 33.08 31.25 29.33 27.46 25.67 24.37 22.50 22.84 22.86 22.66 22.52 22.48 22.24 22.22 21.79 20.38 19.58 17.65 16.20 14.24 12.40 11.82
18.66 18.56 18.38 18.32 18.42 18.33 18.13 17.42 15.66 13.74 12.66 11.30 10.13  8.19  7.89  6.21  5.17  5.15  5.02  4.98  4.92  5.23  5.39
traj-286:
38.62 37.75 36.23 34.30 33.11 31.61 29.91 27.95 26.21 24.50 23.17 21.93 20.45 18.72 16.94 15.48 13.57 12.81 11.32  9.53  8.82
19.62 19.77 19.91 19.95 19.93 19.92 19.88 19.91 19.91 19.91 21.36 22.50 22.68 22.80 22.67 22.59 22.46 22.47 21.87 22.13 22.60
traj-287:
33.70 31.98 30.89 29.32 27.97 26.48 24.73 24.43 23.29 22.95 22.14 22.68 23.20 23.37 23.44 23.75 25.49 27.07
19.41 19.52 19.62 19.76 19.87 19.96 19.99 20.00 21.47 23.39 25.06 26.62 28.42 29.88 30.47 31.28 32.17 33.15
traj-288:
38.54 37.94 36.17 34.45 32.67 30.91 29.15 27.36 25.57 24.39 23.97 23.90 23.53 22.70 22.48 21.98 22.06 21.76 21.56 21.17 20.09 18.76 17.38 15.50 13.99 12.59 11.11 10.29
19.97 19.98 19.99 19.99 19.97 19.92 19.95 19.96 19.96 19.96 19.05 18.75 18.09 16.37 14.46 12.53 11.09  9.49  7.55  6.42  5.23  5.13  4.95  5.43  6.59  7.64  8.00  8.17
traj-289:
33.80 32.04 30.26 29.19 27.38 25.49 23.78 23.66 23.32 22.04 21.19 20.04 19.74 17.98 17.68 15.95 14.49 12.67 12.03 10.18  9.01  7.08  5.35
19.90 19.91 19.91 19.91 19.92 19.95 20.90 21.48 23.15 24.66 23.78 22.70 22.69 22.64 22.63 22.59 22.59 22.37 22.24 22.28 22.27 22.25 22.26
traj-290:
36.04 34.33 32.54 31.05 29.56 28.07 26.30 24.82 23.28 22.58 21.65 21.83 21.86 22.10 22.18 22.58 23.17 23.41 25.07 26.85 28.80
19.65 19.89 19.96 19.92 19.91 19.88 19.83 19.85 20.75 21.31 22.17 23.92 24.51 26.10 26.69 28.52 30.36 31.22 32.15 32.16 32.26
traj-291:
34.46 34.22 32.31 31.72 30.27 28.78 27.33 25.64 24.74 22.91 22.59 21.58 21.40 21.45 21.58 22.14 21.94 21.76 21.55 21.48 20.27 18.52 17.38 15.94 15.07 13.59
18.68 18.49 18.42 18.49 18.68 19.02 19.33 19.72 19.73 19.62 19.12 17.63 16.01 14.86 13.33 11.46 10.35  9.37  8.06  6.88  5.38  5.47  5.64  5.76  5.77  6.51
traj-292:
38.53 38.25 38.11 36.40 35.03 34.09 32.67 31.26 29.29 27.80 26.79 24.87 23.10 22.25 21.40 19.90 18.65 17.27 15.33 13.91 12.41
18.07 18.18 18.44 19.16 19.46 19.52 19.72 19.88 19.86 19.94 19.96 19.98 19.93 20.68 21.39 22.06 22.36 22.56 22.79 22.74 22.69
traj-293:
35.27 33.86 32.46 30.69 28.91 27.75 26.27 25.39 23.41 22.94 22.60 22.85 23.08 23.19 23.39 23.49 25.06 25.64 27.41 29.10
19.45 19.66 19.92 19.92 19.92 19.92 19.93 19.93 19.76 21.61 23.41 25.24 27.12 28.00 29.98 31.17 32.14 32.16 32.18 32.24
traj-294:
34.42 33.14 31.70 30.73 29.32 27.51 27.23 25.48 23.84 22.92 22.41 21.46 21.14 21.11 21.11 21.19 21.28 21.29 21.36 21.28 21.34 20.64 18.78 17.97 16.05 14.61 12.73 11.21  9.62  8.10  7.49  5.54
18.37 18.38 18.35 18.42 18.43 19.16 19.27 19.46 19.58 19.62 19.05 17.41 16.67 15.52 14.66 12.90 11.23  9.98  8.82  6.85  6.26  5.13  5.04  5.01  4.96  4.85  5.39  5.60  5.68  6.02  6.14  5.97
traj-295:
38.92 37.59 35.71 34.26 32.29 31.14 29.52 27.63 26.54 25.30 25.00 23.98 22.49 21.21 20.01 19.15 18.01 16.53 14.92 13.93 12.18 10.68  9.26  8.13  6.88  5.12
19.67 19.88 19.90 19.85 19.86 19.90 19.94 19.95 19.97 19.94 19.94 20.52 21.66 22.06 22.89 22.82 22.71 22.57 22.38 21.78 21.30 21.31 21.23 21.12 21.03 20.85
traj-296:
37.20 35.27 34.38 32.40 32.10 30.30 29.11 27.33 27.03 25.25 24.65 23.37 23.28 22.68 21.95 21.84 21.56 21.39 21.10 21.28 21.45 21.77
19.47 19.64 19.70 19.80 19.81 19.92 19.95 19.93 19.91 19.84 19.80 21.34 23.10 24.71 26.36 26.64 27.88 28.93 30.91 32.01 33.07 34.85
traj-297:
38.46 38.16 36.42 35.24 33.27 32.41 31.03 29.84 27.87 26.09 24.64 23.31 22.53 22.04 21.43 21.46 21.46 21.52 21.59 21.45 21.35 21.03 20.56 18.59 17.23 15.25 14.96 13.63 11.99 11.45
19.77 19.78 19.99 19.95 19.87 19.84 19.87 19.91 19.91 19.93 19.79 18.93 17.38 16.30 14.79 13.94 12.04 11.75  9.80  8.89  7.32  6.18  5.47  5.17  5.17  5.39  5.47  6.66  7.77  8.01
traj-298:
37.22 35.51 33.77 32.28 30.81 29.04 27.06 25.29 23.80 23.38 22.27 20.72 20.26 18.61 17.43 15.94 14.75 13.41 12.13 10.64  8.90  7.51  6.55  4.76
19.77 19.84 19.86 19.87 19.87 19.86 19.89 19.86 20.86 22.50 24.02 22.90 22.53 22.13 22.10 22.07 22.09 22.10 22.01 21.88 21.76 21.96 22.04 22.35
traj-299:
33.83 32.64 30.65 29.55 27.69 26.09 24.52 22.92 22.59 22.21 21.83 21.54 21.35 21.12 21.11 20.00 19.37 20.80 21.97 23.72 24.40 26.39 28.17 28.76
19.66 19.66 19.81 19.79 19.89 19.94 20.00 20.93 22.35 23.60 25.30 26.96 28.28 30.22 31.70 33.09 34.34 35.33 35.41 35.56 35.61 35.77 35.95 36.00
