traj-0:
 2.88  3.91  5.51  7.24  8.37  9.53 11.15 12.69 13.21 14.41 16.09 17.57 19.13 20.05 21.78 23.64 24.16 24.60 24.86 24.98 24.68 24.23 24.18 23.32 22.07 20.71 19.54 17.81 16.44 15.50 14.01 12.76 11.37  9.81  8.41  6.87  5.46
29.01 29.82 30.84 30.58 30.35 30.17 29.72 29.66 29.54 29.23 29.10 28.88 28.63 28.61 28.29 28.15 27.63 26.72 25.16 23.92 22.42 20.57 20.27 18.55 18.11 17.45 16.75 16.31 15.53 15.17 14.41 13.73 12.78 11.93 11.40 10.63  9.91
traj-1:
12.86 14.44 15.93 17.75 18.21 19.55 21.01 22.39 23.61 24.22 24.35 24.37 24.31 24.30 24.47 24.53 24.31 22.62 20.86 18.92 17.64 15.89 15.27 13.72 12.34 10.46  9.06  7.99  6.84  5.18  4.73  3.49
14.87 14.98 15.14 15.38 15.42 16.31 17.27 17.90 18.69 19.76 20.90 22.21 24.10 24.49 26.43 27.58 29.05 29.83 29.86 29.91 29.86 29.11 28.93 28.12 28.14 28.45 28.40 28.27 28.42 29.15 29.46 30.22
traj-2:
 1.76  2.77  4.28  6.10  7.63  9.33 11.14 12.63 13.89 15.13 16.36 17.95 19.84 21.67 22.84 24.71 25.28 26.21 26.13 25.83 25.31 24.98 23.95 22.79 21.20 20.72 19.11 17.44 16.45 15.00 13.69 12.06 11.17
30.31 30.04 29.50 28.91 28.82 28.88 28.73 28.60 28.67 28.69 28.70 29.33 29.75 29.28 28.69 28.33 28.14 26.54 25.36 23.70 22.02 20.10 18.61 17.81 16.68 16.37 15.47 14.48 14.01 13.14 12.50 11.80 11.28
traj-3:
14.10 14.78 15.94 17.56 19.15 21.11 22.35 23.21 24.07 24.05 24.18 24.38 24.53 23.10 21.40 20.75 18.80 16.96 15.34 14.44 13.02 12.26 10.87  8.91  7.30  5.75  4.00
15.96 16.62 17.47 17.82 17.85 17.95 18.12 18.51 20.13 21.82 23.28 25.24 27.02 28.42 29.29 28.98 28.73 28.47 28.47 28.69 28.65 28.78 29.23 29.46 29.77 30.05 30.54
traj-4:
 2.28  2.53  4.41  6.33  7.69  9.14 10.84 12.68 14.54 15.79 16.63 18.50 20.31 22.02 23.45 24.30 24.48 24.67 24.84 24.65 24.60 23.53 22.09 20.98 19.12 17.94 16.01 14.28 12.72
30.00 29.66 29.16 28.91 28.89 28.89 29.05 28.95 28.91 29.20 29.30 29.14 29.10 28.60 28.18 26.41 24.77 22.98 22.11 20.22 19.93 18.35 17.53 16.97 17.06 16.68 16.23 15.87 16.45
traj-5:
14.99 14.79 14.71 14.76 14.85 14.94 15.61 16.48 17.95 18.13 19.08 20.43 21.90 22.78 23.70 24.56 24.86 25.00 24.99 25.17 25.04 24.15 23.22 21.95 20.75 19.22 17.41 16.36 14.65 12.75 10.93  9.33  7.41  6.53  5.46  4.38  2.63
 5.17  6.31  8.07  9.32 10.11 11.48 13.15 13.68 14.76 14.76 15.02 15.48 16.23 16.50 17.81 19.35 20.11 21.37 22.43 24.01 25.92 27.53 28.00 28.18 28.46 28.81 28.94 28.91 28.80 28.71 28.76 28.75 29.10 29.37 29.75 30.20 30.86
traj-6:
 4.23  5.95  6.52  8.39  9.91 11.46 13.41 14.30 15.98 16.62 18.36 20.31 21.80 23.59 24.09 24.28 24.43 25.00 25.22 25.28 25.11 23.73 23.00 21.18 19.44 18.18 16.52 15.36 14.55 13.06 12.17 10.59  9.42  7.64  5.98  4.14
30.43 30.15 30.00 30.45 30.62 30.04 29.77 29.81 29.89 29.90 29.62 29.54 29.47 29.15 28.02 26.87 26.03 24.41 23.17 21.39 19.85 18.78 18.53 17.95 17.72 16.98 15.90 14.79 14.36 13.41 12.87 11.78 12.11 11.48 11.10 10.79
traj-7:
12.41 13.06 13.78 14.71 15.15 15.56 16.90 17.84 18.98 20.23 21.65 22.38 23.76 24.72 24.47 24.51 24.40 24.27 23.94 23.60 21.84 20.67 18.77 17.14 15.64 13.85 12.46 10.67  8.99  8.39  6.68  5.91  4.25  2.37
 6.47  7.67  8.93 10.34 11.58 12.98 14.04 14.61 15.09 15.83 16.52 17.40 18.81 19.74 21.56 23.36 25.28 27.20 29.16 29.48 30.08 29.89 29.54 29.21 29.35 28.90 28.94 28.76 28.61 28.59 28.44 28.49 28.46 28.43
traj-8:
 2.00  3.12  4.67  6.20  7.27  8.76 10.35 12.06 13.96 15.87 17.41 19.14 20.95 21.89 23.84 24.26 24.54 24.74 24.79 24.60 24.53 24.20 23.25 22.07 20.80 19.66 18.20 17.31 16.00 14.89 13.82
29.50 29.79 29.02 29.22 29.42 29.84 29.93 29.88 29.67 29.75 29.26 28.84 28.55 28.38 28.07 26.34 25.08 23.22 22.92 21.06 20.62 18.90 17.71 16.36 15.09 13.85 14.12 14.78 15.53 16.49 17.29
traj-9:
 6.08  7.34  9.33 11.02 12.90 14.59 15.52 16.74 18.57 19.18 21.16 22.11 23.27 24.12 24.22 24.48 24.73 25.03 24.72 23.99 23.79 22.07 20.83 19.24 17.91 17.18 15.71 14.85 13.31 12.51 10.61  8.65  7.60  5.89  5.42  3.73  2.01
17.96 17.92 17.83 17.42 16.79 16.22 15.75 15.75 15.71 15.70 15.60 16.65 18.18 19.46 20.33 22.08 23.45 25.43 26.80 28.42 28.99 29.82 29.47 28.98 28.93 28.90 28.74 28.62 28.57 28.59 28.59 28.57 28.47 28.43 28.63 29.27 29.78
traj-10:
 3.96  4.99  6.95  8.54 10.38 12.38 13.74 14.59 16.01 17.06 18.80 20.36 21.34 23.11 23.37 25.09 25.21 25.14 25.02 24.68 24.30 24.20 23.16 21.64 20.46 19.23 18.07 17.23 16.18 15.17 14.39 13.26 12.51 11.93 11.36 10.72
28.53 28.55 28.59 28.68 28.64 28.71 28.79 28.75 28.76 28.73 28.87 29.08 29.06 29.36 29.41 28.76 27.00 25.10 24.27 22.33 20.58 19.48 17.95 16.93 16.07 15.09 14.46 13.98 13.15 12.07 10.87  9.29  8.18  7.25  6.25  5.02
traj-11:
 8.34  9.82 11.69 12.82 14.21 16.04 17.12 19.03 19.76 21.45 23.29 24.32 24.35 24.27 24.18 24.12 23.39 21.48 20.66 19.03 17.58 16.48 14.88 13.99 12.28 10.97  9.08  7.16  5.83  4.28  2.43
17.07 16.88 17.33 17.46 17.66 17.85 17.91 17.89 17.88 17.91 18.16 19.78 21.25 23.19 24.49 26.44 28.28 28.73 28.66 28.60 28.52 28.45 28.41 28.44 28.49 28.53 28.96 29.39 28.91 29.08 29.20
traj-12:
 2.27  3.55  5.28  7.20  8.70  9.73 11.46 11.90 13.57 13.92 15.47 16.76 17.59 19.44 20.98 22.11 23.86 24.06 24.21 24.36 24.59 24.63 24.82 24.20 23.22 21.61 19.94 18.72 17.13 16.27 15.20
29.19 29.01 28.89 28.73 28.53 28.55 28.49 28.57 28.32 28.55 28.56 28.53 28.55 28.60 28.53 28.46 28.13 26.21 25.22 24.46 22.85 22.45 20.70 19.70 18.50 17.95 17.35 16.72 16.08 15.72 14.81
traj-13:
 7.15  9.10 10.75 12.22 13.37 15.17 16.78 17.67 18.45 20.16 21.77 21.88 22.93 24.39 24.32 25.05 25.22 25.49 25.73 26.07 25.22 23.96 22.02 20.16 18.38 17.41 15.51 14.56 12.78 11.42  9.60  7.84  5.98  3.99  3.69
12.87 13.32 13.58 13.75 13.85 14.70 15.85 17.18 17.15 17.01 17.79 17.70 17.95 19.31 20.77 22.57 24.39 26.08 26.78 28.14 29.42 29.32 29.13 28.82 28.77 28.66 28.40 28.28 28.18 28.30 28.48 28.68 28.63 28.68 28.65
traj-14:
 3.27  4.35  5.57  7.30  8.82  9.53 10.70 12.24 14.16 15.29 16.83 17.82 19.70 20.68 22.48 23.89 24.83 24.88 24.98 24.94 25.03 24.92 24.24 23.27 22.00 20.94 19.59 17.70 16.29 15.38 13.65 12.21 10.63 10.03  8.51
28.52 28.69 28.83 28.94 29.03 28.95 28.97 29.09 29.45 29.54 29.38 29.09 28.70 29.27 29.30 29.51 28.30 27.50 26.03 24.07 22.72 21.27 19.54 18.20 16.97 16.22 15.45 15.22 15.95 16.40 17.24 17.52 17.62 17.66 17.78
traj-15:
14.74 15.03 16.77 17.59 19.55 21.40 23.18 24.01 24.36 24.74 24.73 25.01 24.97 24.89 24.65 23.66 22.85 21.36 19.87 17.98 16.30 14.66 12.70 12.17 10.52  8.66  7.23  5.42  3.60  1.88
13.81 13.89 14.25 14.49 14.78 14.98 15.61 16.95 18.10 19.67 20.54 22.30 23.73 25.59 27.07 28.64 28.97 28.97 28.86 28.81 28.94 29.05 28.91 28.62 28.62 28.51 28.65 29.08 29.54 30.03
traj-16:
 2.55  4.37  6.05  8.01  8.59  9.63 10.94 12.76 14.58 16.19 16.78 18.61 19.68 21.08 22.33 23.12 24.48 25.76 25.61 25.41 25.03 25.00 25.21 24.83 24.20 23.65 21.77 20.14 19.14 17.81 16.23 14.70 13.42 11.79 10.28  8.83  7.85  6.43  5.16
28.28 28.39 28.50 28.64 28.89 28.84 28.67 28.81 28.53 28.50 28.57 28.92 28.94 29.11 29.35 29.41 29.53 29.20 27.55 25.83 24.21 23.17 21.31 19.92 18.06 17.85 17.70 17.64 16.65 16.07 15.46 14.32 13.30 12.26 11.04  9.85  8.68  7.89  7.18
traj-17:
 9.21 10.49 12.20 13.82 15.31 16.65 18.34 19.49 21.05 22.63 24.16 24.52 24.75 24.76 24.57 24.35 23.59 23.00 21.14 20.06 18.95 17.30 16.06 14.69 12.94 11.59  9.68  8.00  6.04  4.36  2.72
13.01 13.17 13.70 14.37 15.11 15.31 16.23 16.88 17.76 17.93 19.15 20.28 22.24 24.20 26.07 27.45 29.28 29.31 28.99 29.09 29.40 29.59 29.84 30.05 29.24 28.58 28.65 29.05 29.37 29.50 29.91
traj-18:
 3.93  5.02  6.85  8.68  9.07 10.65 11.86 13.53 14.52 15.55 16.56 18.24 20.14 20.75 22.46 23.87 24.30 24.26 24.29 24.14 24.08 23.20 22.25 20.69 19.18 18.80 16.87 16.13 14.45 12.85 11.13  9.69  8.60  7.56  6.74
30.12 29.49 29.13 28.41 28.34 28.50 28.59 28.58 28.57 28.56 28.72 28.90 28.58 28.47 28.64 28.15 26.78 25.29 23.51 21.54 19.80 18.16 17.17 16.06 14.79 14.43 14.83 14.90 14.99 14.29 13.45 12.32 11.33 10.19  9.17
traj-19:
15.01 16.55 18.19 19.20 20.88 21.86 23.52 24.35 24.86 24.93 25.02 25.11 25.22 24.59 22.66 20.71 18.80 18.25 16.54 15.95 14.23 13.67 11.75 10.02  8.68  7.72  6.22  5.26  3.42
17.96 17.39 16.77 16.56 16.97 17.64 18.62 20.06 21.97 23.12 24.41 25.64 27.09 28.83 29.05 29.19 29.33 29.24 28.82 28.69 29.13 29.33 29.08 28.85 28.58 28.56 28.53 28.43 28.24
traj-20:
 3.61  4.32  6.26  6.74  8.63 10.55 10.84 12.34 13.56 14.67 16.11 16.98 18.80 20.79 22.21 24.00 24.29 24.24 24.27 24.22 24.18 24.09 23.05 21.91 20.30 18.76 18.54 17.63 16.27 15.53 14.55 13.72 13.37
29.78 29.66 29.34 29.26 28.81 28.57 28.54 28.43 28.44 28.39 28.34 28.43 28.75 28.61 28.52 28.50 27.33 25.41 24.11 22.25 20.53 19.64 18.08 17.94 17.38 16.15 15.95 14.47 13.40 12.48 11.06  9.37  9.01
traj-21:
10.01 11.23 12.29 13.65 14.50 16.44 17.99 18.63 20.10 21.90 22.77 23.62 24.05 24.42 24.53 24.98 25.13 24.86 24.89 24.65 23.32 21.85 20.17 18.25 17.28 15.64 14.81 13.18 11.90 11.01  9.48  8.51  6.60  5.28  3.62
16.38 15.86 14.75 14.54 14.74 15.20 15.37 15.48 15.65 15.81 16.52 17.20 18.84 20.69 20.90 22.66 23.60 25.34 26.41 28.20 29.35 29.79 29.03 28.84 28.69 28.54 28.48 28.35 28.39 28.40 28.46 28.57 28.60 29.06 29.61
traj-22:
 3.54  4.80  5.65  7.28  8.91 10.56 12.33 12.37 14.03 15.33 16.63 18.37 19.83 21.75 23.66 24.10 24.13 24.21 24.27 24.30 24.26 23.18 21.40 20.09 18.25 17.43 15.97 14.68 14.06 13.39 12.59 12.01 11.69 12.31 13.03
28.58 28.62 28.65 28.66 28.67 29.60 29.86 29.82 29.35 29.02 28.61 28.80 28.69 28.75 28.75 27.06 25.32 24.02 22.84 21.92 19.93 18.30 17.89 17.71 17.54 17.48 17.60 16.49 15.33 14.10 12.60 10.92  9.18  7.36  5.90
traj-23:
14.22 15.79 17.36 18.52 20.26 21.66 23.28 24.63 24.65 24.65 24.72 24.52 24.31 24.21 23.93 22.22 20.57 18.78 17.93 16.10 14.28 12.65 10.68 10.38  8.56  6.62  4.63  3.77  2.29
15.34 16.07 16.69 17.21 17.64 17.56 17.76 18.95 20.14 21.02 22.86 24.63 25.80 26.38 28.14 28.89 28.41 28.41 28.55 28.66 28.54 28.70 28.93 28.90 28.66 28.41 28.53 29.05 29.68
traj-24:
 3.29  4.24  5.91  7.66  9.11 10.47 11.99 13.90 15.52 17.46 17.99 18.69 20.67 21.46 22.94 24.05 25.05 24.95 24.89 24.96 24.25 24.19 22.65 21.55 20.79 19.04 18.43 17.06 15.73 13.91 12.66 12.31 11.11 10.11  9.15  8.09  7.01
30.20 29.87 29.41 28.74 28.65 28.78 28.78 29.00 29.19 28.89 28.70 28.56 28.42 28.61 28.30 27.12 25.47 24.88 23.10 21.15 19.40 19.10 17.99 16.95 16.56 15.80 15.64 15.48 15.26 14.90 13.63 13.15 11.74 10.13  8.67  7.21  5.66
traj-25:
 5.21  6.32  7.77  9.40 10.84 12.47 13.91 15.40 16.61 17.42 19.20 21.03 21.88 23.14 24.00 24.05 24.26 24.33 24.50 24.30 24.27 22.42 21.83 19.86 18.86 16.92 16.10 14.39 12.63 11.29  9.53  7.90  6.38  4.56  2.88
16.79 16.77 16.78 16.89 16.98 16.97 17.08 17.05 17.12 17.13 17.31 17.27 17.69 18.29 19.53 20.63 21.72 23.63 25.00 26.68 27.51 28.17 28.08 28.03 28.11 28.31 28.67 29.36 29.33 29.14 28.79 29.02 29.12 28.77 28.24
traj-26:
 2.50  3.85  5.76  7.22  8.06  9.41 11.02 11.53 13.48 14.43 15.70 16.93 18.71 20.32 22.01 23.18 24.40 24.74 24.79 24.68 24.52 24.23 23.20 22.19 21.37 20.62 19.32 17.65 16.81 15.23 14.53
29.68 29.79 29.51 29.72 29.73 29.59 29.42 29.53 29.86 30.08 29.62 29.07 28.58 28.85 28.83 28.67 27.49 26.30 24.60 22.75 21.32 19.56 18.38 17.68 16.99 16.44 15.08 14.12 13.97 13.40 13.03
traj-27:
 4.43  5.12  6.38  7.90  8.62  9.75 11.18 12.43 13.29 14.27 14.78 16.35 17.82 18.96 20.80 21.65 22.75 24.20 24.26 24.49 24.63 24.81 24.98 25.01 25.07 23.91 22.74 21.03 19.11 17.24 16.41 14.71 12.99 11.52 10.16  8.31  6.57  4.78  3.37
 5.06  5.62  6.64  7.75  8.17  9.69 10.72 11.53 12.26 13.38 13.85 14.82 15.64 16.27 16.97 17.58 17.85 19.06 19.61 21.57 23.00 23.98 25.67 27.40 27.88 29.35 29.40 29.20 29.13 28.86 28.75 28.60 28.21 28.28 28.31 28.34 28.43 29.20 30.59
traj-28:
 2.72  3.57  4.98  6.92  8.76 10.07 11.57 12.70 14.69 16.38 17.88 18.47 20.20 21.03 22.79 23.41 25.10 25.23 25.29 25.39 25.25 25.16 25.03 23.47 22.55 20.76 20.23 18.28 16.48 15.74 14.16 12.64 11.12  9.52  7.98  6.72  5.20  4.93
30.16 30.24 29.19 29.20 29.15 29.14 28.28 28.29 28.42 28.58 28.82 28.86 29.04 28.50 28.23 28.06 27.36 26.78 25.06 23.10 21.54 19.57 18.99 18.09 18.00 18.16 18.08 17.88 17.59 17.37 17.09 15.94 14.74 13.61 12.60 12.08 11.33 11.19
traj-29:
14.20 15.62 16.94 18.46 19.64 21.06 22.19 23.73 24.45 24.59 24.54 24.72 24.84 24.72 24.56 22.60 21.33 19.77 18.76 17.01 15.66 13.75 12.96 11.17  9.64  8.07  6.90  6.07  4.20
13.09 14.18 15.50 16.75 17.77 18.37 18.61 18.89 20.17 21.00 22.27 23.45 25.35 26.28 28.17 28.03 28.17 28.33 28.48 28.91 29.14 29.52 29.47 29.32 29.06 28.53 28.63 28.73 28.90
traj-30:
 3.51  5.49  6.77  8.22  9.92 11.73 13.70 15.51 16.54 18.43 19.73 21.01 22.67 24.28 24.50 24.54 24.93 24.87 24.56 24.46 24.45 23.69 22.47 21.32 20.11 18.39 17.17 15.36 13.92 12.47 10.97  9.44  8.32  6.98
30.55 30.38 29.76 29.11 28.91 28.98 29.17 29.21 29.63 30.02 29.99 29.61 29.35 28.23 26.26 25.96 24.38 23.26 21.59 19.76 19.35 18.15 17.71 17.03 16.03 15.18 14.71 13.90 13.15 12.55 11.48 10.65 10.12  9.49
traj-31:
14.04 14.91 15.26 16.51 17.89 19.46 21.13 22.08 23.53 24.77 24.83 24.97 24.94 24.85 24.98 24.51 22.59 21.62 20.21 18.89 17.87 16.33 14.48 12.49 11.21  9.32  8.40  6.83  5.59  3.66  2.88
 9.27 10.82 12.76 13.64 14.60 15.79 16.79 17.64 18.71 20.13 20.71 22.55 23.61 25.48 26.34 27.92 28.43 28.49 28.62 28.50 28.51 28.70 28.70 28.56 29.09 28.83 28.77 29.22 29.42 29.84 30.33
traj-32:
 2.32  3.85  5.47  6.04  7.60  8.63 10.45 12.43 14.30 14.82 16.42 18.11 19.85 21.81 22.36 24.07 24.11 24.11 24.14 24.23 24.26 23.44 23.21 21.71 20.10 18.46 17.65 16.21 14.87 13.58 11.84 10.98  9.10  7.59  6.55
30.74 30.82 29.75 29.89 28.89 29.14 28.48 28.37 28.19 28.26 28.26 28.22 28.17 28.03 28.09 27.32 25.59 23.76 22.86 21.69 19.93 18.33 18.14 16.89 15.76 14.90 14.57 14.05 13.79 13.53 13.07 13.09 13.30 13.40 13.59
traj-33:
 7.40  8.20  9.23 10.23 12.16 12.73 14.32 14.94 16.80 17.54 18.30 20.22 20.71 22.22 22.42 23.98 24.54 24.73 24.83 24.74 24.83 24.65 24.14 22.39 21.37 20.06 19.30 17.82 16.63 14.77 13.03 11.58  9.62  8.63  7.23  5.69  4.15  2.41
16.89 15.74 14.33 14.43 14.47 14.38 14.37 14.44 14.77 14.74 14.72 14.86 15.05 16.06 16.29 17.39 19.15 21.04 22.99 23.47 25.28 26.29 27.82 28.64 28.69 29.09 29.30 29.25 29.53 29.19 28.76 29.21 29.51 29.89 29.60 29.93 28.65 28.55
traj-34:
 1.92  3.60  5.30  7.00  7.33  9.27 10.62 11.60 13.06 14.84 15.14 16.96 18.92 19.72 21.44 22.95 24.47 24.73 24.87 25.05 25.13 25.08 25.04 24.97 24.34 22.42 20.65 19.78 18.46 17.39 15.64 13.88 12.72 11.10 11.24 11.40 11.46 11.77 12.12 12.08 12.03 11.94
29.73 29.39 29.05 29.14 29.33 29.42 29.40 29.36 29.14 28.63 28.60 28.89 28.94 29.00 29.51 29.98 29.14 27.34 26.64 24.84 23.57 22.05 21.16 19.77 18.05 17.98 18.10 18.12 18.23 18.47 18.74 18.70 18.43 17.85 16.27 14.82 13.65 12.13 10.26  8.47  6.90  6.16
traj-35:
 7.82  9.25 11.19 12.89 14.61 16.28 18.12 19.97 21.03 22.85 24.33 24.56 24.63 24.31 24.29 24.10 23.56 22.07 20.74 19.85 18.24 17.50 15.60 13.65 11.72 11.33  9.43  7.74  6.33  4.72  3.76
16.91 17.03 17.18 17.22 17.36 17.46 17.50 17.60 17.76 18.13 18.75 20.67 22.16 24.11 24.77 26.68 28.23 29.25 29.49 29.62 30.02 29.98 30.43 30.40 29.96 29.86 29.46 29.00 28.75 28.60 28.58
traj-36:
 2.69  3.14  5.10  6.28  8.14  9.17 10.82 12.16 13.69 15.41 16.71 18.22 19.11 21.05 21.12 23.08 24.10 24.19 24.24 24.30 24.22 24.15 22.88 21.86 20.89 19.50 18.02 17.28 16.00 14.35 13.46 11.63 11.11
30.41 30.36 30.71 30.50 30.45 30.19 30.58 29.78 29.67 29.71 29.43 29.24 29.19 28.71 28.64 28.64 27.75 25.94 24.17 22.55 20.72 19.36 17.94 17.63 17.28 16.78 16.16 15.94 15.50 14.80 14.41 13.63 13.38
traj-37:
14.98 14.75 14.70 14.59 16.25 16.50 18.00 19.69 20.52 21.75 22.86 24.04 24.61 24.62 24.50 24.31 24.23 24.11 23.58 22.79 21.14 20.32 18.47 16.52 14.66 12.95 12.29 10.38  9.12  7.23  5.59  4.32
 7.73  9.41 10.85 12.53 13.34 13.51 14.48 15.48 15.93 17.14 17.64 18.89 20.31 22.10 22.99 24.45 25.38 26.69 28.19 28.48 28.88 29.12 29.30 29.33 29.47 29.22 29.13 28.70 29.17 29.00 28.68 28.66
traj-38:
 3.73  4.02  5.84  7.23  9.09 10.88 11.76 13.05 14.44 16.00 17.36 18.36 20.01 21.51 22.88 24.14 24.34 24.43 24.61 24.80 25.09 24.73 24.45 23.06 22.84 21.10 20.51 19.00 17.76 15.93 14.31 13.89 12.14
28.96 29.01 28.30 28.59 29.00 29.35 29.44 29.20 28.57 28.23 28.40 28.59 29.11 29.59 29.48 28.68 26.94 25.50 24.65 23.58 22.48 21.07 19.10 18.01 17.80 17.11 16.84 15.73 16.28 16.80 17.21 17.37 17.65
traj-39:
14.05 15.97 17.82 18.26 19.42 21.22 23.14 24.09 24.99 25.30 25.04 24.23 24.06 23.27 21.44 20.17 18.65 16.78 16.21 14.46 12.52 11.82 10.20  8.35  6.71  4.96  3.22
16.71 16.88 17.15 17.34 17.38 17.92 18.24 19.60 21.15 23.12 24.24 26.05 26.62 28.27 28.62 29.09 28.99 28.62 28.54 28.54 28.37 28.42 28.32 28.35 28.28 28.57 28.95
traj-40:
 1.75  3.18  4.56  6.02  7.31  8.96  9.41 11.10 12.41 14.30 16.06 17.71 18.92 20.28 22.21 23.38 24.18 24.64 25.36 25.61 25.08 24.99 24.64 23.01 22.41 21.56 20.29 19.46 18.42 17.38 15.57 13.85 12.88 11.31 10.15  8.67
30.48 30.06 29.65 29.37 29.45 29.18 29.02 28.85 28.69 29.08 29.03 28.74 28.58 28.83 29.24 29.33 27.55 26.19 24.44 22.94 21.32 19.67 19.23 18.14 17.67 17.04 16.17 15.56 15.16 14.75 14.11 13.55 13.24 12.79 12.46 11.54
traj-41:
14.32 14.64 15.09 15.24 15.84 17.16 18.46 19.71 20.48 22.09 22.38 24.06 24.95 24.91 24.78 24.62 24.44 24.37 24.16 24.01 23.45 21.68 20.11 18.33 16.54 14.81 12.86 11.87 10.57  9.04  7.61  5.83  4.76  3.12  2.82
 6.95  8.06  9.91 11.57 13.03 14.21 15.42 16.70 17.64 18.27 18.33 18.93 19.75 21.71 23.51 24.24 24.85 25.14 26.02 27.11 28.75 29.28 30.06 30.20 29.70 29.25 29.22 29.13 29.04 29.11 29.28 29.67 29.91 30.89 30.85
traj-42:
 2.68  4.06  4.77  6.06  7.55  8.68 10.15 11.54 13.42 15.38 16.88 17.66 19.61 19.70 21.13 22.41 23.22 24.03 24.28 25.06 24.79 24.57 24.37 23.76 22.07 20.34 18.52 17.19 15.39 14.50 13.23 11.40  9.91  8.41  6.84  5.01  4.08
28.65 28.51 28.38 28.27 28.20 28.17 28.10 28.14 28.38 28.18 28.44 28.36 28.48 28.53 28.35 28.14 28.07 27.15 26.60 25.23 23.32 21.51 20.01 18.86 18.08 18.02 17.36 16.71 16.29 16.28 16.14 16.69 16.98 16.71 15.62 14.82 14.56
traj-43:
 4.75  5.72  6.20  7.05  7.84  8.27  9.44 10.32 11.10 12.11 13.14 14.99 16.90 18.10 19.55 20.98 21.90 23.31 24.32 24.73 25.04 25.47 25.70 25.79 25.53 24.12 23.03 21.40 20.00 19.24 17.78 16.74 15.05 13.10 12.09 10.16  8.53  6.88  6.08  4.19  2.63  2.64
 6.90  7.79  8.32  9.94 11.47 12.24 13.82 14.29 15.01 15.46 15.83 15.57 15.86 15.80 16.01 16.05 16.90 18.04 19.54 20.89 22.26 24.18 24.98 26.31 27.78 28.41 28.95 28.88 28.69 28.57 28.47 28.53 28.71 28.68 28.57 28.14 28.21 28.36 28.37 28.39 28.65 28.76
traj-44:
 3.68  5.60  7.42  8.16  9.77 11.62 13.50 14.92 16.87 17.17 19.06 20.68 22.46 23.06 24.51 25.22 25.66 25.15 24.74 24.21 24.16 23.84 22.15 20.41 19.31 17.72 16.30 15.40 13.85 12.45 11.14 10.21
30.26 29.93 29.67 29.92 29.88 30.02 29.93 30.04 29.84 29.86 29.82 29.36 28.55 28.28 27.29 26.46 24.82 22.99 21.57 19.86 19.28 18.77 17.93 17.10 16.63 15.75 14.92 14.26 13.30 12.24 11.15 10.02
traj-45:
14.38 16.04 17.81 19.64 20.55 22.42 23.23 24.13 24.83 25.55 26.39 26.27 26.19 25.95 24.53 22.71 21.84 20.44 18.76 18.03 16.12 15.78 13.82 13.16 11.28  9.76  8.63  7.51  5.96  4.49  3.22  1.82
16.66 17.01 17.31 17.40 17.48 17.90 18.16 19.65 21.38 22.78 24.27 26.22 26.64 28.46 29.77 29.39 29.48 29.37 29.30 29.18 28.91 28.86 28.87 28.81 28.54 28.51 28.43 28.49 28.55 28.57 28.64 28.78
traj-46:
 2.95  3.46  5.13  6.32  7.80  9.67 10.52 12.24 13.60 15.18 16.59 18.00 18.28 20.03 20.58 22.44 23.66 24.01 24.64 24.55 24.73 24.87 24.60 24.01 23.13 22.14 20.86 19.71 18.17 16.80 15.26 14.73 13.95 13.60 13.47 12.37
30.76 30.41 29.32 28.50 28.52 28.24 28.33 28.30 28.28 28.38 28.43 28.56 28.66 29.41 29.64 30.09 28.95 27.76 26.09 24.92 23.41 21.43 20.27 19.06 17.92 16.35 14.96 14.39 13.75 13.34 12.47 11.96 10.43  8.82  7.76  6.54
traj-47:
 6.34  6.58  8.02  9.42 10.32 11.98 12.81 14.30 14.69 16.11 17.70 19.46 21.05 23.01 23.65 24.27 24.60 25.04 25.09 25.03 25.15 24.66 24.43 24.21 23.84 22.94 20.99 19.69 17.91 16.15 14.34 13.17 11.48 10.67  9.11  7.16  6.13  4.45  3.52
 6.37  6.54  7.92  9.08  9.56 10.66 11.43 12.56 12.83 13.84 14.94 15.01 15.41 15.34 16.94 17.88 19.05 20.80 21.46 23.13 23.55 25.11 25.86 26.77 28.42 28.72 28.96 28.84 28.75 29.34 30.05 30.17 29.67 29.26 28.19 28.40 28.51 28.48 28.24
traj-48:
 1.75  3.58  5.10  6.94  8.12  9.90 10.49 12.12 12.80 14.28 15.61 17.25 17.99 19.89 21.42 23.31 24.28 24.89 24.73 24.57 24.53 24.45 24.28 23.40 22.73 21.62 19.77 17.81 17.51 15.53 14.01 13.01 11.58 10.90  9.81  9.11
29.47 29.25 29.07 29.27 29.07 28.79 28.85 29.04 29.08 29.11 28.99 28.71 28.56 28.54 29.28 29.36 28.94 27.04 25.18 24.25 23.01 21.08 19.89 18.41 17.99 17.50 16.74 16.44 16.40 16.20 16.13 16.07 15.84 15.63 14.89 13.93
traj-49:
12.03 13.67 15.18 15.93 17.43 18.56 20.42 22.07 22.75 24.02 24.20 24.33 24.54 24.93 24.71 24.46 24.22 23.91 22.52 21.35 19.75 17.77 16.21 14.59 12.84 11.02  9.10  7.57  6.94  5.41  3.92
14.97 15.36 15.55 15.71 16.06 16.28 17.00 17.64 17.88 19.15 19.68 20.52 21.97 23.88 25.78 27.29 27.47 29.40 29.45 29.54 28.80 28.75 28.18 28.43 28.48 28.55 28.60 28.67 28.69 28.69 28.61
traj-50:
 2.99  3.59  5.45  6.63  8.56  9.24 10.75 11.83 13.37 14.54 15.90 16.98 18.92 20.55 22.49 24.28 24.47 24.50 25.01 24.65 24.31 23.33 21.44 19.48 18.54 16.79 15.86 14.86 14.75 13.96 13.62 13.71 13.62 13.48
29.39 29.41 29.63 29.79 29.99 30.04 30.26 29.82 29.20 28.38 28.17 28.12 28.22 28.22 28.13 27.30 25.35 25.06 23.27 21.68 19.96 18.38 17.88 17.66 17.44 17.28 16.00 14.37 12.92 11.09  9.79  7.96  6.22  5.65
traj-51:
 5.30  6.13  7.66  9.01  9.98 11.86 12.73 14.63 14.69 15.99 17.81 19.61 21.36 22.87 23.33 24.05 24.57 24.90 25.00 25.34 24.82 23.53 21.65 19.78 18.17 17.04 15.48 13.51 12.04 10.17  8.93  7.29  5.64  4.18  2.80  2.50
13.08 12.92 12.79 12.55 12.58 12.76 12.94 13.56 13.62 13.95 14.54 14.80 15.63 16.91 17.96 19.52 20.98 22.30 23.41 25.20 26.93 28.20 28.56 28.71 28.86 28.53 28.39 28.44 28.40 28.63 28.82 29.14 28.42 29.16 30.29 30.43
traj-52:
 3.48  4.80  6.64  8.40  9.99 10.59 12.47 14.24 15.48 16.74 18.63 20.45 22.23 23.40 24.49 24.63 24.88 24.93 24.78 24.78 24.38 24.11 23.64 22.31 20.64 20.16 18.25 16.97 15.09 13.88 12.12 10.67  9.55  8.17
30.58 30.33 30.00 29.58 29.16 29.21 29.07 28.77 28.71 28.88 28.72 28.50 28.21 28.10 27.40 26.58 25.42 24.54 22.85 21.99 20.20 19.58 18.67 18.13 17.45 17.64 17.29 17.19 16.63 16.34 16.09 16.00 15.80 15.69
traj-53:
 5.32  6.78  8.33  9.26  9.83 11.58 11.88 13.71 14.58 15.64 16.85 18.68 20.19 22.03 23.40 23.87 24.94 24.84 24.64 24.51 24.27 24.21 24.05 22.22 20.49 18.86 16.96 16.34 14.61 13.50 12.30 11.16  9.88  8.58  6.72  5.18  3.41
16.55 16.46 16.28 16.68 16.87 17.18 17.20 17.03 17.58 17.78 17.70 17.84 17.82 18.00 18.65 18.89 20.56 21.44 23.35 24.10 25.13 26.94 27.61 28.21 29.04 28.61 28.34 28.42 28.46 28.36 28.35 29.02 29.29 29.61 29.57 29.39 29.18
traj-54:
 1.98  3.34  5.23  6.68  8.44  9.90 11.16 11.19 13.12 14.59 16.55 18.36 18.66 20.40 21.96 23.59 24.96 24.69 24.82 24.79 24.86 24.89 24.97 24.36 23.79 21.94 20.10 18.19 16.26 15.06 13.23 11.46  9.59  9.00
28.69 28.49 28.44 28.64 28.89 28.98 29.18 29.17 29.13 29.10 29.01 28.93 28.94 28.94 28.86 28.55 28.04 26.49 25.51 23.64 22.82 21.48 20.06 18.32 16.60 16.97 17.37 17.87 17.87 17.42 17.22 16.73 16.98 16.88
traj-55:
 4.78  5.93  6.88  8.41  9.58 10.97 12.53 13.06 14.69 15.88 16.97 17.57 19.19 20.75 21.55 22.96 24.15 24.46 24.52 24.36 24.22 24.14 23.76 21.78 20.84 19.21 17.58 17.13 15.51 14.10 12.26 10.39  8.74  7.28  6.23  5.00  3.34
 7.47  8.32  8.97  9.84 10.40 11.23 11.95 12.24 13.29 14.12 14.98 15.88 16.54 17.21 17.42 18.02 18.61 20.52 22.40 24.01 25.83 27.31 28.96 29.08 28.92 28.72 28.66 28.64 28.88 29.06 28.84 28.86 29.00 29.33 29.55 29.91 30.36
traj-56:
 3.86  4.90  5.86  7.46  9.32 11.26 12.31 13.31 14.95 16.64 18.45 19.93 21.88 22.16 23.16 25.00 25.03 25.04 25.06 25.04 24.71 24.35 22.73 20.99 20.02 18.36 17.12 15.77 14.75 13.44 12.54 11.59 11.01 10.46 10.41
29.28 28.94 28.72 28.62 28.73 28.82 28.75 28.75 28.56 28.54 28.38 28.01 28.13 28.10 28.01 27.25 26.32 24.62 22.94 20.99 19.22 18.01 17.72 17.54 17.45 17.08 17.05 17.32 17.27 15.81 14.84 13.84 11.95 10.20  8.90
traj-57:
13.17 12.91 12.54 12.19 11.94 12.65 13.09 14.65 16.61 18.36 20.12 21.22 22.68 23.74 24.39 24.73 24.80 25.04 24.43 24.44 23.30 21.49 19.84 17.99 16.90 15.37 14.16 12.49 10.91  9.18  7.21  5.85  4.22
 6.92  8.33 10.17 11.94 13.69 15.08 15.81 16.75 16.84 17.21 17.16 17.47 17.74 18.96 20.23 21.15 22.72 24.29 25.77 27.38 28.33 28.76 29.03 29.17 29.61 30.04 30.16 29.68 29.42 29.92 29.82 30.06 30.12
traj-58:
 2.71  3.89  5.60  7.40  8.14  9.61 11.58 11.88 13.60 15.10 16.56 18.53 20.13 22.03 22.32 24.13 24.16 24.66 24.83 24.72 24.54 24.63 24.45 24.38 23.37 22.54 21.56 20.18 18.21 17.09 15.18 14.45 13.06 11.87 11.25  9.63  8.41
30.16 29.66 29.19 28.64 28.58 28.58 28.65 28.71 28.54 28.47 28.68 28.41 28.27 28.12 28.06 27.47 26.87 26.60 24.67 24.40 22.48 20.65 18.74 17.98 16.54 15.74 15.47 16.09 16.14 16.23 15.64 15.36 14.92 14.01 13.76 13.17 12.52
traj-59:
 4.82  6.09  7.18  7.95  9.45 10.16 11.83 12.78 13.61 15.07 16.71 18.18 19.31 20.72 21.85 23.31 24.23 24.61 24.73 24.94 25.02 25.49 25.38 24.48 22.70 21.02 19.10 17.25 15.51 14.29 12.47 10.76  9.38  7.65  6.62  5.60  4.21  2.72
 5.44  6.72  7.64  8.38  9.60 10.38 11.45 11.98 12.41 13.65 14.68 15.81 16.73 17.68 18.30 18.51 19.91 21.85 23.13 24.09 25.74 27.24 29.17 29.56 29.18 28.99 29.22 29.10 29.11 29.25 29.06 29.11 29.10 29.00 28.99 28.92 28.88 28.77
traj-60:
 3.34  4.11  5.94  6.54  8.39  9.75 10.50 12.40 13.03 14.44 16.31 18.14 20.06 21.86 23.80 24.23 24.59 24.55 24.55 24.31 24.15 23.90 22.08 21.36 19.86 18.15 16.83 15.15 14.00 12.38
28.61 28.64 28.49 28.42 28.19 28.09 28.07 28.39 28.41 28.47 28.61 28.60 28.75 28.67 28.50 28.26 26.37 24.56 23.01 21.03 19.04 18.74 18.15 17.97 18.06 17.79 17.47 17.09 16.86 16.11
traj-61:
12.27 13.61 15.41 16.74 17.54 18.89 20.39 22.17 23.61 24.24 24.98 25.16 24.94 24.79 24.53 24.09 23.61 21.81 20.29 18.35 16.69 15.65 13.82 12.85 11.46  9.83  8.45  7.84  5.94  4.23  2.62
12.89 14.21 14.99 15.42 15.61 16.14 15.96 15.81 16.57 18.18 19.98 20.30 21.87 23.82 25.44 27.31 28.95 28.71 28.67 28.52 28.32 28.26 28.25 28.21 28.21 28.34 29.01 29.05 29.44 29.06 28.34
traj-62:
 2.17  2.55  4.47  6.28  6.52  8.42  9.86 11.18 12.55 14.24 16.21 17.44 19.11 19.65 21.06 22.99 24.51 24.67 25.04 25.21 25.32 25.44 25.79 25.56 25.27 25.08 23.59 21.69 19.73 18.41 16.97 15.24 13.45 11.83 11.69 11.43 10.92 10.62
29.41 29.27 29.29 28.80 28.74 28.69 28.39 28.31 28.26 28.37 28.27 28.43 28.54 28.67 29.10 29.10 27.95 27.79 26.11 24.92 23.99 22.69 20.98 19.19 17.69 16.48 15.79 16.02 15.95 15.68 15.66 14.93 14.58 13.61 11.71 11.30  9.53  8.55
traj-63:
14.68 15.35 16.98 18.57 19.29 21.19 21.78 23.21 23.79 25.17 24.91 24.88 24.64 24.48 24.28 24.05 23.29 21.98 21.20 19.35 17.57 15.62 14.81 13.44 11.51  9.77  8.57  6.95  5.76  4.04  2.72
15.42 15.62 16.21 16.90 17.06 17.21 17.03 18.10 18.77 19.82 20.56 21.89 22.91 24.35 26.30 27.70 28.31 29.65 29.74 29.46 29.19 28.81 28.72 28.70 28.70 28.62 28.59 28.61 28.62 28.74 28.83
traj-64:
 2.16  3.57  5.17  6.90  7.74  9.43 10.59 12.52 13.94 15.82 17.05 17.90 19.88 21.33 22.04 22.15 22.58 24.04 24.25 24.35 24.72 25.03 24.73 24.07 23.56 22.70 21.62 19.82 18.97 17.95 16.71 15.75 14.36 13.90 12.38
28.44 28.39 28.49 28.61 28.63 28.64 28.56 28.44 28.40 28.41 28.45 28.60 28.64 28.58 28.54 28.26 28.11 27.40 25.56 24.77 23.28 21.84 20.66 19.44 18.53 18.11 17.63 16.95 16.59 16.04 14.83 13.68 12.33 11.96 10.68
traj-65:
10.31 10.66 10.85 11.75 11.13 11.12 12.36 14.35 15.00 16.69 18.54 20.13 21.15 22.54 24.04 24.10 24.91 25.13 25.43 25.50 25.67 24.30 22.54 20.91 19.29 18.74 17.00 15.40 13.83 11.84 10.27  8.88  7.49  5.83  4.28
 9.38 11.18 12.18 13.96 15.79 17.48 17.96 18.09 18.08 17.99 17.85 17.84 17.94 17.98 19.21 19.50 21.08 22.12 24.01 25.95 27.71 28.82 28.72 28.67 28.56 28.55 28.55 28.68 28.83 29.04 29.00 28.91 28.88 29.10 29.85
traj-66:
 3.50  4.86  6.71  8.25  8.47  9.01 10.32 12.28 13.01 14.46 15.00 16.09 18.01 19.92 21.85 22.65 24.03 25.91 26.15 26.56 26.50 26.00 25.76 24.65 23.75 22.69 20.99 19.17 17.41 16.14 15.29 14.69 14.33 13.19 12.16 11.42 11.18
30.44 29.60 29.32 29.20 29.14 28.55 28.49 28.58 28.47 28.62 28.61 28.74 28.66 28.54 28.25 28.50 28.83 28.59 27.13 25.35 25.05 23.14 21.87 20.40 18.62 17.98 17.49 16.82 16.06 14.84 13.49 12.32 11.64 10.18  8.49  7.16  6.44
traj-67:
14.44 14.88 16.79 17.94 19.63 20.46 21.86 22.78 23.43 24.66 24.92 25.10 25.09 24.41 24.91 24.97 25.15 24.11 23.26 21.38 20.86 19.24 17.53 17.23 15.44 13.66 12.73 11.58 10.39  8.52  6.57  5.39  4.20
14.36 14.58 15.10 15.41 15.63 15.68 16.24 17.31 18.10 19.53 20.96 21.70 22.59 24.38 26.20 26.49 27.47 29.01 29.07 29.05 28.81 28.51 28.74 28.73 28.97 29.83 30.01 30.17 30.20 30.33 30.32 30.36 30.40
traj-68:
 2.79  4.63  5.21  6.83  7.44  9.34 10.24 12.04 12.65 13.98 14.85 16.80 17.75 19.63 20.32 21.71 22.39 23.42 24.73 24.83 24.82 24.54 24.32 24.08 23.61 22.21 21.09 19.32 18.36 16.45 15.86 14.45 12.47 11.08  9.92  8.57  7.35  6.26
30.24 30.48 30.57 30.36 30.21 29.82 29.42 29.33 28.64 28.86 29.10 29.17 28.94 28.79 28.68 28.51 28.35 28.03 27.31 25.74 23.78 21.98 20.04 19.50 18.60 18.16 17.81 17.83 17.87 17.95 17.96 18.07 18.06 18.05 18.04 17.56 17.31 16.95
traj-69:
 4.63  5.13  6.35  8.14  9.88 11.84 12.52 13.82 15.79 16.92 18.92 20.65 22.09 23.31 24.17 24.31 24.53 24.67 24.69 24.78 23.25 21.48 20.61 18.86 17.84 16.03 14.65 12.76 10.97  9.57  8.73  6.84  5.96  4.73  2.86
17.75 17.43 16.37 16.07 16.34 16.65 16.77 16.99 17.37 17.61 17.55 18.12 17.99 18.48 19.74 20.88 22.33 23.59 25.59 27.19 28.18 28.19 28.24 28.25 28.26 28.22 28.31 28.42 29.06 28.91 28.91 29.35 29.48 29.02 28.41
traj-70:
 4.08  5.67  7.11  8.56 10.32 10.62 12.32 12.74 14.59 16.36 17.62 18.61 19.84 21.69 22.92 23.88 25.25 26.33 26.08 25.54 25.10 24.53 24.10 23.05 21.34 19.73 19.12 17.64 15.96 14.54 12.93 11.64 10.86  9.40  8.13  6.73
29.58 29.25 29.26 29.50 29.70 29.74 29.83 29.83 29.47 29.67 29.20 29.17 28.71 29.03 29.60 29.76 29.38 27.73 26.19 24.53 23.37 21.88 19.98 18.37 17.90 17.16 16.88 16.29 15.25 14.20 13.24 12.34 11.89 10.68  9.64  8.61
traj-71:
 8.54  9.54 10.55 12.36 13.77 15.48 16.31 18.09 19.52 21.15 21.81 23.48 24.20 24.26 24.41 24.54 24.46 24.37 24.03 24.21 22.98 21.33 19.33 17.50 15.88 14.29 12.88 11.74  9.93  8.75  6.83  5.55  4.01  2.47
11.87 13.15 14.40 14.41 15.19 16.14 16.48 16.83 17.12 17.39 17.84 18.44 19.81 20.55 22.45 23.46 24.89 26.07 26.83 28.61 28.57 28.51 28.49 28.47 28.40 28.43 28.45 28.22 28.41 28.44 28.56 28.67 28.63 28.59
traj-72:
 4.15  5.69  7.59  9.52 10.11 11.59 12.38 14.21 15.35 16.56 18.23 20.10 20.43 22.00 23.57 23.66 24.98 25.15 25.13 24.99 24.82 24.78 24.57 23.71 22.76 20.80 18.84 17.54 16.36 15.01 13.98 13.09 11.87 10.66  9.75
28.69 28.56 28.54 28.63 28.66 28.55 28.57 28.77 28.65 28.75 28.96 29.17 29.19 29.38 28.45 28.16 27.04 26.47 24.60 22.76 20.82 19.73 18.29 16.71 15.69 15.37 15.04 14.40 13.57 12.34 10.98  9.71  8.21  6.81  6.05
traj-73:
 5.20  6.89  8.65  9.36 11.16 12.78 13.86 15.47 16.44 17.83 19.06 20.93 21.95 23.12 24.80 25.43 25.44 25.71 25.65 25.22 25.02 24.76 24.30 23.30 21.70 19.72 18.16 17.02 15.43 14.21 12.25 11.43  9.62  8.15  7.17  5.91  5.09  3.29  2.24
10.64 10.87 11.23 11.47 11.95 12.11 12.43 13.29 13.65 14.34 14.79 15.27 15.54 15.88 16.60 17.88 18.76 19.44 21.39 22.91 24.80 26.33 27.55 28.95 28.41 28.47 29.39 29.32 29.16 29.06 29.17 29.08 28.95 29.41 29.63 30.04 30.28 29.60 28.42
traj-74:
 4.15  5.38  7.06  8.92 10.73 12.35 13.84 15.71 16.55 17.93 19.26 21.25 21.82 23.69 24.06 24.43 24.34 24.29 24.19 24.18 24.10 23.43 22.37 20.62 19.04 17.53 16.37 15.73 14.94 14.53 14.07 13.92
30.43 29.95 29.55 29.04 28.66 28.63 28.51 28.26 28.15 28.46 28.70 28.78 28.84 28.67 28.60 26.90 25.14 24.30 22.70 21.60 19.75 18.63 18.19 17.38 16.38 15.14 14.15 13.53 11.94 11.18  9.55  8.91
traj-75:
14.27 15.87 17.36 18.75 19.40 21.14 22.94 23.26 23.44 24.06 24.33 24.58 24.76 24.64 24.43 24.22 24.12 23.12 22.10 20.52 18.57 16.67 14.92 13.05 11.70  9.92  8.51  6.90  5.65  4.53  3.04
17.81 17.36 16.93 16.59 16.59 16.07 15.48 16.22 16.72 18.07 19.45 20.94 21.85 23.48 25.15 26.35 27.23 28.24 28.27 28.39 28.32 28.43 28.61 28.68 28.59 28.52 28.46 28.61 28.90 29.13 29.55
traj-76:
 4.12  5.01  6.82  7.40  8.93 10.45 12.12 14.04 15.80 17.05 18.50 20.08 20.90 22.82 23.12 24.05 24.42 24.56 24.78 24.72 24.47 24.10 22.24 21.95 20.43 18.94 17.51 15.63 13.79 12.79 11.76  9.97  8.93
28.74 28.72 28.62 28.74 28.79 29.00 29.05 29.20 29.45 29.50 29.63 29.35 29.03 28.65 28.62 27.06 25.32 24.62 22.72 22.19 20.33 18.96 18.24 18.18 17.05 16.46 16.36 15.79 15.63 15.36 15.29 14.64 14.21
traj-77:
13.81 13.59 13.63 13.89 14.70 15.85 17.22 18.75 19.49 21.45 23.19 24.36 24.61 24.87 24.87 25.10 24.90 24.68 24.53 24.28 22.83 22.13 20.25 18.54 17.62 16.44 14.63 13.33 11.93  9.97  8.01  7.41  5.75  3.78
 8.70 10.61 10.91 12.82 14.35 15.33 15.65 15.88 15.99 16.33 16.37 17.97 18.97 20.30 21.01 22.42 24.19 25.35 26.69 28.61 28.42 28.60 29.06 29.65 29.45 29.35 28.99 28.77 28.59 28.72 28.85 28.89 28.96 29.04
traj-78:
 2.41  3.79  5.64  7.46  9.28 11.26 12.62 14.40 14.70 16.54 17.29 19.18 20.60 21.70 23.55 24.46 24.55 24.47 24.46 24.28 24.30 24.29 22.68 21.54 20.84 19.33 17.56 16.68 15.08 13.24 11.93 10.91
28.43 29.01 28.47 28.22 28.28 28.32 28.36 28.36 28.39 28.93 29.30 28.91 28.71 28.56 28.94 27.34 25.70 23.97 23.38 21.41 20.22 18.89 17.80 16.84 16.59 16.14 15.59 14.95 14.82 14.71 13.33 12.14
traj-79:
 5.69  7.34  8.39 10.10 11.96 13.45 15.18 16.70 17.43 18.78 20.39 21.78 22.98 24.81 24.71 24.67 24.35 24.33 24.35 23.61 22.09 20.19 18.41 17.44 15.60 14.54 12.75 12.45 10.51  8.91  7.06  5.19  3.85
11.38 12.15 12.53 13.16 13.52 14.04 14.62 15.29 15.53 16.05 16.47 17.64 18.01 18.71 20.17 21.07 22.94 24.54 26.31 28.12 29.30 29.79 29.48 29.27 29.10 28.66 28.59 28.57 28.44 28.26 28.63 29.18 30.04
traj-80:
 4.20  6.07  7.94  9.52 11.14 11.72 12.91 13.80 15.56 17.19 19.09 20.24 21.81 23.62 24.90 25.06 25.01 25.22 25.54 25.59 24.02 23.42 22.44 20.59 18.85 17.59 16.82 15.29 14.02 13.10 11.28  9.52  8.47
29.72 29.69 29.71 29.57 29.83 29.68 29.31 29.04 28.71 28.47 28.54 28.80 29.37 28.75 27.30 25.71 24.55 22.58 20.69 20.09 19.00 18.64 18.21 17.94 17.69 17.65 17.69 17.65 17.59 17.64 17.51 17.51 16.32
traj-81:
11.02 12.35 13.59 15.01 15.66 16.67 17.49 18.97 20.65 21.57 23.27 24.14 24.83 24.97 25.04 24.97 24.92 23.43 22.39 20.65 18.73 17.32 15.38 13.72 11.79 10.00  8.16  6.78  5.27  4.27  3.26  2.77
10.76 12.18 13.32 14.68 15.33 16.39 17.37 17.83 18.19 18.33 18.56 19.87 21.61 23.52 24.90 25.86 27.54 28.06 28.04 28.18 28.25 28.28 28.34 28.30 28.38 28.35 28.34 28.36 28.61 28.80 29.95 30.23
traj-82:
 2.56  3.34  5.07  7.03  8.84 10.10 11.77 13.18 14.57 16.47 16.89 18.81 20.72 22.64 24.01 24.85 26.09 26.22 25.84 25.28 25.15 24.96 24.61 24.00 22.36 21.06 19.43 17.78 16.29 14.70 13.59 13.20 13.21 13.48 13.41 13.40
28.88 28.83 28.73 28.55 28.86 28.90 28.99 29.26 29.32 29.76 29.91 29.88 29.61 29.63 29.14 28.84 27.97 26.90 25.32 24.02 22.50 21.44 20.14 18.92 18.15 17.59 16.89 16.17 15.56 14.72 14.03 12.12 11.56  9.75  8.08  6.09
traj-83:
 6.80  7.40  8.72  9.75 10.18 11.70 12.77 13.50 15.05 16.09 17.57 17.72 19.51 20.73 22.54 24.09 24.26 24.60 24.74 25.00 25.03 24.49 24.22 22.65 22.26 20.28 18.48 16.80 15.79 14.81 13.12 11.18 10.04  8.82  7.23  5.95  5.11  3.86
 8.51  9.00  9.26 10.33 10.68 11.94 12.96 13.59 14.77 15.27 16.03 16.08 16.88 17.45 18.18 18.84 19.79 21.04 21.84 23.07 24.87 26.76 28.02 29.18 29.24 29.13 28.89 28.58 28.42 28.24 28.53 28.78 29.10 29.59 29.77 29.72 29.69 29.52
traj-84:
 2.77  4.26  5.69  7.05  8.37 10.05 11.18 12.66 14.63 16.45 17.55 19.51 21.05 22.82 23.31 24.23 24.20 24.37 24.56 24.83 24.47 23.73 21.86 20.19 19.96 18.29 16.84 15.60 14.34 12.95 11.97 10.87  9.33  7.73  6.50  4.67  4.43
28.42 28.40 28.54 28.62 28.53 28.64 28.82 29.10 29.09 29.10 28.96 28.89 28.72 28.87 28.84 27.23 25.52 23.88 23.01 21.32 20.08 18.64 18.21 17.13 17.01 15.98 15.12 14.37 13.48 12.49 11.93 11.17 10.52  9.57  9.01  8.23  8.05
traj-85:
 7.52  7.79  9.38 11.10 12.26 13.12 14.54 15.92 17.19 18.40 19.59 20.77 21.60 23.17 24.29 24.43 24.52 24.72 24.82 24.83 24.53 23.57 21.59 19.78 19.02 17.63 16.78 15.30 13.44 11.76 10.84  9.53  8.45  7.29  6.16  4.38  2.49
 8.77  8.90  9.70 10.51 11.03 11.65 12.59 13.54 14.41 15.05 15.77 16.51 16.80 17.72 18.76 20.28 22.12 23.87 25.59 26.79 28.60 29.11 29.06 28.84 28.77 28.89 29.02 29.24 29.47 29.95 30.20 30.42 30.21 30.06 29.80 29.60 29.97
traj-86:
 1.76  2.98  4.54  6.52  6.82  8.74 10.67 11.68 13.47 15.05 16.39 17.56 18.54 20.26 21.38 23.33 24.01 24.19 24.31 24.27 24.44 24.74 24.48 23.61 21.69 19.73 17.90 16.09 15.11 13.97 12.35 11.27 10.35
29.86 29.89 29.76 29.61 29.66 29.38 29.64 29.95 30.20 29.38 28.41 28.15 28.42 28.63 28.72 28.87 27.04 26.65 24.82 24.20 22.23 20.40 18.69 17.58 17.36 17.07 16.30 15.68 15.07 14.33 13.22 12.39 11.81
traj-87:
 9.87 11.18 11.96 13.36 14.68 15.40 17.21 18.27 19.99 21.23 22.46 23.51 24.07 24.15 24.28 24.56 24.72 24.90 23.55 22.25 20.76 19.16 17.28 15.35 13.97 12.68 10.94 10.05  8.17  6.17  4.70  2.94  2.52  1.88
15.77 15.18 14.89 14.29 14.20 13.86 14.69 15.49 16.52 17.30 18.16 18.60 19.16 20.64 22.09 23.77 25.47 27.09 28.28 28.37 28.40 28.25 28.26 28.22 28.21 28.18 28.15 28.12 28.14 28.18 28.19 29.01 29.43 29.86
traj-88:
 3.46  4.02  5.67  6.56  8.47  9.34 11.33 12.72 14.40 15.21 16.71 18.07 19.93 20.93 22.43 24.31 24.88 24.95 25.38 24.81 24.51 23.65 21.98 20.11 18.72 17.28 16.24 14.90 13.35 12.02 10.95 10.72  9.84  9.43  9.49  9.60
28.47 28.48 28.42 28.37 28.55 28.58 28.76 29.02 29.17 29.29 29.22 29.06 28.46 28.32 28.11 27.67 26.14 25.32 23.49 21.70 20.50 18.79 18.42 17.90 17.77 17.77 17.78 17.77 17.53 17.14 16.00 15.56 14.11 12.59 11.82 10.34
traj-89:
 8.49  9.38  9.83 10.62 11.62 12.59 12.80 13.57 14.21 15.63 16.88 18.40 20.09 21.10 22.92 23.56 24.03 24.55 25.04 25.03 24.94 24.76 24.70 24.48 23.92 22.44 21.58 20.21 18.93 17.42 15.95 14.52 13.08 11.09  9.78  7.83  5.85  5.55  3.75
 5.59  6.91  7.54  8.73 10.11 11.81 12.24 13.80 15.54 15.93 16.29 16.46 16.60 16.65 16.49 16.37 17.17 18.63 20.37 22.11 23.58 24.49 25.67 27.40 28.26 28.86 28.77 28.53 28.42 28.35 28.37 28.41 28.54 28.49 28.34 28.41 28.44 28.43 28.58
traj-90:
 3.91  5.75  7.45  9.16 10.89 12.62 12.99 14.92 15.26 17.25 18.68 20.22 21.44 23.32 24.16 24.34 24.39 24.47 24.38 24.07 23.22 21.44 20.14 18.39 16.67 15.60 14.69 13.01 12.27 11.14  9.95  8.33  7.26  6.21
28.30 28.72 28.68 28.50 28.86 29.13 29.22 29.21 29.22 29.01 28.95 28.86 28.60 28.23 26.41 24.48 23.59 21.94 20.31 18.67 17.66 17.22 16.62 16.00 15.06 14.57 14.07 13.27 12.76 12.25 11.67 10.91 10.32  9.52
traj-91:
10.02 11.34 13.12 14.68 16.50 17.93 19.76 20.15 21.67 23.00 23.30 24.85 24.93 24.95 25.00 24.49 24.32 24.03 23.38 22.63 20.91 20.57 18.59 16.91 15.66 14.18 12.54 11.51  9.52  9.22  7.43  6.33  4.44  2.66
14.36 14.78 15.62 16.08 16.39 16.59 17.02 17.22 17.87 18.80 18.75 19.75 20.13 21.75 22.52 24.32 25.78 27.69 28.69 28.77 29.18 29.32 29.42 29.66 29.55 29.54 29.56 29.47 29.48 29.49 29.72 29.76 29.86 30.27
traj-92:
 2.47  3.02  4.42  6.13  7.62  8.92 10.79 12.52 14.17 15.50 17.35 19.17 20.07 21.78 23.78 24.37 24.35 24.61 24.58 24.70 24.81 24.66 23.28 21.57 20.73 19.37 18.05 17.06 15.08 13.22
29.14 28.99 28.65 28.39 28.37 28.26 28.37 28.54 29.10 29.08 28.32 28.21 28.14 28.06 28.12 26.23 25.93 24.85 23.53 21.82 19.93 19.33 18.02 17.08 16.68 16.04 15.21 15.17 15.09 15.06
traj-93:
 6.39  6.59  6.75  7.20  7.81  9.09 10.44 12.12 12.56 14.48 16.34 17.95 19.55 21.32 23.23 23.97 24.86 24.82 24.76 24.66 24.50 24.19 22.73 22.12 20.47 19.35 17.48 16.53 14.69 12.98 11.01  9.09  7.70  6.18  4.97  3.72  1.95
 7.72  9.08 10.74 12.59 14.25 15.38 15.48 15.79 15.88 16.12 16.55 16.75 16.93 17.10 17.20 18.70 20.01 21.99 23.57 24.60 26.43 27.74 29.06 29.49 29.48 29.46 29.40 29.24 29.06 28.93 29.12 29.33 29.24 29.10 29.05 28.96 28.90
traj-94:
 2.53  3.93  4.85  6.47  7.90  9.36  9.83 11.76 13.54 14.43 16.12 16.42 18.06 18.63 20.26 21.47 22.62 23.18 24.46 24.76 25.06 25.25 25.21 25.76 25.37 24.36 22.79 21.55 19.77 18.49 17.63 16.53 15.91 14.79 14.86 14.97 15.06 15.18
30.90 30.62 30.43 30.12 29.89 29.66 29.52 29.38 28.50 28.53 28.83 28.88 29.41 29.58 29.70 29.66 29.03 28.45 27.24 26.12 24.92 23.27 21.52 20.12 18.29 17.83 16.80 16.31 15.59 14.90 14.32 13.71 13.26 11.61 10.73  9.30  7.66  6.86
traj-95:
10.14 11.40 12.54 12.64 13.06 14.21 14.39 15.53 16.65 17.40 18.31 18.98 20.92 21.44 22.31 23.57 24.38 24.78 24.95 25.17 25.19 25.27 25.28 24.40 22.74 20.99 19.03 17.31 15.38 15.10 13.19 11.50 10.93  9.41  7.67  6.14  5.14  3.49
 6.25  7.35  8.95  9.08  9.90 11.36 11.59 12.57 13.46 14.07 15.10 15.83 15.95 16.35 17.72 18.55 19.82 21.25 22.30 23.87 25.35 26.55 27.56 29.11 29.91 29.70 29.83 30.07 30.43 30.33 30.42 30.28 30.39 29.95 29.60 29.14 29.07 29.12
traj-96:
 4.25  5.07  5.35  7.33  9.21 10.86 12.31 13.63 14.36 15.89 17.65 19.41 20.98 21.42 22.87 23.48 25.28 25.78 25.32 25.12 24.64 24.34 24.29 23.16 21.95 21.08 19.53 17.70 16.04 14.54 13.06 11.07  9.18  7.51
29.94 29.00 28.90 29.03 29.08 29.23 29.71 29.51 29.40 29.36 29.30 29.36 28.89 28.80 28.52 28.44 28.11 26.38 24.56 23.06 21.50 20.09 19.49 18.09 17.73 16.95 17.07 17.41 17.54 17.62 17.83 17.98 18.10 18.22
traj-97:
11.60 12.96 14.14 15.77 17.12 18.68 20.48 20.99 22.94 23.23 24.39 25.13 25.21 24.98 25.02 24.79 24.57 24.52 24.12 22.81 21.12 20.96 20.16 18.25 16.58 15.05 13.81 12.39 10.56  8.60  7.01  6.37  4.40  4.12
13.38 13.52 13.66 14.11 14.33 14.59 15.04 15.20 15.42 15.56 16.32 16.87 17.76 19.70 21.53 23.26 25.11 26.10 28.03 28.46 28.70 28.95 29.49 29.73 29.34 29.47 29.40 29.22 29.18 29.18 29.40 29.36 29.66 29.76
traj-98:
 2.35  4.13  5.01  6.69  8.42  9.93 11.05 12.96 14.34 15.71 17.35 19.18 20.68 22.56 23.91 24.09 24.28 24.41 24.52 24.62 24.29 23.16 21.53 20.47 19.63 18.14 16.84 15.66 15.31 14.04 13.09 11.75 10.35  8.93
30.29 29.93 29.80 29.50 29.40 29.30 29.05 29.14 29.28 29.16 28.97 28.76 28.72 29.13 28.56 26.61 25.57 24.15 22.33 20.39 19.03 18.17 17.31 16.86 16.34 15.49 14.86 13.88 13.54 12.12 11.16 10.06  8.90  7.70
traj-99:
 8.43 10.10 11.06 11.70 13.32 14.95 16.10 17.77 18.95 20.69 22.19 23.70 24.55 24.71 25.12 25.26 25.27 24.22 23.21 22.00 20.10 18.30 16.42 15.66 14.17 12.20 11.21  9.98  8.80  6.87  5.84  4.36  3.34
12.31 13.25 13.73 14.07 14.98 15.74 16.00 16.83 17.11 17.52 18.05 18.71 20.39 21.25 23.04 23.94 25.69 27.27 28.19 28.13 28.20 28.24 28.29 28.31 28.50 28.68 28.77 28.86 28.75 28.73 28.74 28.54 28.60
traj-100:
 3.70  5.39  6.41  8.20 10.08 11.13 11.97 13.86 14.24 16.06 17.23 18.88 20.84 21.96 22.88 24.66 24.81 24.71 24.73 24.84 24.81 24.62 23.33 21.74 19.93 18.88 16.91 15.46 14.20 12.56 10.59  9.39  7.60
29.05 28.46 28.23 28.44 28.59 28.63 28.78 28.95 28.96 29.02 29.33 29.43 29.32 29.43 29.60 28.71 27.33 25.81 23.95 22.68 20.83 19.38 17.87 17.86 17.82 17.84 17.59 17.80 17.81 17.82 17.62 17.65 17.80
traj-101:
10.44 10.68 11.59 12.48 13.55 15.27 16.57 18.45 19.85 20.73 22.20 24.07 25.13 25.90 26.25 26.04 25.02 25.05 25.11 25.13 24.38 22.54 21.33 19.60 18.54 16.69 14.86 12.99 12.51 10.59  8.78  7.32  5.37  3.63  2.24
 8.78  9.45 11.03 12.33 12.81 13.46 13.72 14.00 14.71 14.82 15.02 15.63 16.80 17.82 19.51 21.28 22.92 24.87 25.46 26.92 28.75 28.71 28.85 28.86 28.99 28.72 28.58 28.49 28.59 28.06 28.08 28.17 28.18 28.16 28.13
traj-102:
 2.42  3.59  4.38  6.06  7.73  8.14  9.79 10.86 12.81 14.70 16.18 17.25 18.74 20.51 21.11 23.01 24.40 24.42 24.46 24.33 24.28 24.25 23.44 22.41 21.29 20.90 19.79 18.15 16.47 14.50 14.00 12.44 10.71  8.94  8.71
29.18 28.73 28.68 28.62 28.51 28.48 28.40 28.28 28.28 28.22 28.22 28.19 28.12 28.03 28.04 28.10 26.78 26.48 24.55 22.84 21.88 20.06 18.58 18.11 16.95 16.49 15.12 14.76 14.40 14.15 14.09 13.71 13.25 12.50 12.31
traj-103:
 4.31  6.11  7.92  9.86 10.02 11.95 13.83 14.13 15.99 17.10 18.85 20.49 22.17 23.36 24.42 24.88 24.91 24.96 25.15 25.11 23.61 21.62 21.15 19.61 17.80 16.55 14.91 13.35 11.60 10.52  9.07  8.25  6.29  4.66  3.22
17.29 17.01 17.10 17.15 17.16 17.28 17.20 17.22 17.37 17.38 17.47 17.94 18.27 18.65 20.08 20.98 22.22 24.03 24.84 26.75 28.05 28.18 28.25 28.33 28.27 28.27 28.27 28.22 28.50 28.76 28.99 29.10 28.95 28.67 28.34
traj-104:
 3.46  5.14  6.94  8.43  9.52 11.40 13.16 14.97 16.93 18.11 19.61 21.39 23.23 24.27 24.55 24.89 24.57 24.53 24.46 23.46 22.16 20.53 18.99 18.25 16.55 14.95 14.25 13.17 11.77 10.77 10.12  8.96
30.76 30.30 30.05 29.67 29.44 29.14 28.84 28.57 28.60 28.81 28.56 28.28 28.22 27.41 25.70 24.24 22.43 21.11 19.68 18.00 17.67 16.82 15.58 15.31 14.63 13.49 12.95 11.96 11.11 10.05  9.68  8.61
traj-105:
 9.27 11.16 11.46 13.27 15.25 16.96 17.60 19.37 20.44 22.07 23.27 24.11 24.36 24.53 24.41 24.46 24.40 23.59 22.10 20.63 19.17 17.43 16.02 14.28 13.98 12.27 10.67  8.81  7.17  5.22  3.32  3.02
15.68 16.17 16.23 16.22 16.25 16.24 16.54 17.11 17.62 17.99 18.16 19.43 20.92 22.59 24.44 24.75 26.52 28.18 28.76 29.09 29.52 30.10 30.11 30.33 30.27 29.24 28.66 28.64 28.66 28.63 28.49 28.48
traj-106:
 2.97  4.71  6.22  8.08  9.07 10.73 10.92 11.52 13.18 15.12 16.76 18.56 19.79 21.11 22.29 23.45 24.11 24.33 24.67 25.01 24.96 25.14 24.68 23.82 22.66 21.07 19.21 17.28 15.76 14.70 14.14 12.84 12.37 11.32 10.31  9.44
30.30 29.43 28.99 28.92 29.02 28.82 28.73 28.72 29.08 29.17 29.65 29.48 29.10 28.88 28.70 28.58 26.76 25.68 24.29 22.41 21.64 20.38 19.37 17.60 16.30 15.70 15.33 15.03 14.61 13.21 12.42 10.91 10.36  9.19  8.23  7.31
traj-107:
 7.96  9.09 10.13 11.28 12.80 14.11 15.31 16.90 18.55 20.29 21.20 22.58 23.58 24.38 24.71 24.81 24.75 24.53 24.33 23.04 21.42 19.43 17.87 16.32 14.55 13.24 12.23 10.36  8.77  7.23  6.36  4.62  4.16  2.28
 7.89  8.75  9.53 10.46 11.40 12.12 12.68 13.79 14.74 15.65 16.17 17.05 17.49 19.16 20.98 22.13 24.05 25.73 27.13 28.26 28.37 28.57 28.81 28.76 28.69 28.47 28.26 28.55 28.80 28.80 29.02 29.83 29.93 30.29
traj-108:
 4.30  5.38  7.14  8.28  9.47 10.67 12.55 13.55 15.45 17.03 18.06 19.79 21.52 23.03 24.71 24.59 24.58 25.11 25.04 24.70 24.13 22.95 21.37 20.45 18.82 17.30 15.88 14.55 12.96
28.37 28.23 28.18 28.17 28.16 28.15 28.13 28.16 28.11 28.14 28.24 28.41 28.71 28.82 28.08 26.62 26.05 24.19 22.81 20.94 19.21 17.88 17.22 17.10 16.71 16.36 15.73 15.23 14.45
traj-109:
12.95 14.49 15.72 16.19 18.11 19.53 21.17 22.56 23.40 24.17 24.84 24.90 25.19 25.52 25.60 25.74 25.55 24.12 22.38 20.50 18.89 17.37 15.79 14.73 13.24 12.40 10.75  9.01  7.82  6.84  5.71  4.79  3.20
11.05 12.30 13.38 13.74 14.03 14.19 14.46 15.43 16.33 17.92 19.80 20.46 22.36 23.95 24.79 26.32 27.62 28.63 28.81 28.94 28.83 28.99 29.16 29.14 28.94 28.90 28.84 28.63 28.63 28.56 28.58 28.67 28.58
traj-110:
 2.65  4.34  5.64  6.70  8.14  9.33 11.29 13.01 14.29 15.89 17.87 19.02 20.83 22.51 23.65 24.40 24.54 24.70 24.41 24.21 22.67 21.32 19.61 18.75 17.16 15.33 13.79 11.83 11.13
29.05 28.79 28.61 28.60 28.40 28.47 28.55 28.50 28.73 28.70 28.60 28.83 29.14 28.50 28.02 26.29 24.42 22.74 20.76 19.10 17.84 16.59 16.05 16.04 15.80 15.62 15.61 15.53 16.02
traj-111:
12.14 13.04 13.54 14.61 15.77 17.00 18.71 18.97 20.09 21.74 22.28 23.95 25.29 25.32 25.35 25.35 25.26 24.99 23.44 21.90 20.50 19.37 17.57 16.20 14.75 13.75 12.46 11.13  9.48  8.53  6.62  4.91  3.86  2.35  1.79
11.32 12.65 13.45 15.09 15.88 17.38 17.46 17.61 17.48 17.80 17.98 18.53 19.60 21.07 22.78 24.24 26.07 27.39 28.40 28.76 29.02 28.88 28.82 28.69 28.25 28.31 28.27 28.58 29.38 29.33 29.19 29.21 29.36 29.86 30.03
traj-112:
 3.13  4.39  5.65  6.46  8.34  9.52 11.00 12.56 13.77 14.76 16.60 17.62 18.91 20.06 21.75 22.05 23.05 24.16 24.45 25.06 24.92 24.81 24.70 24.26 23.13 21.74 20.44 19.70 18.10 17.63 15.68 14.09 12.47 11.42
28.67 28.92 29.00 30.07 30.09 29.87 30.03 29.69 29.59 29.23 28.55 28.39 28.84 29.11 28.82 28.81 28.35 27.14 25.25 23.77 22.93 21.67 20.77 18.93 17.49 16.17 14.89 15.22 16.33 16.47 16.87 17.23 18.13 18.12
traj-113:
13.24 13.66 15.32 17.21 18.83 19.49 21.35 22.38 24.13 25.12 25.22 25.66 25.63 25.44 25.16 24.42 24.21 24.16 24.11 23.12 21.56 20.97 19.16 18.18 16.43 14.77 13.16 11.69 10.09  8.47  7.40  5.74  4.17
12.25 12.66 13.74 14.02 14.31 14.35 14.46 14.75 15.35 16.66 16.94 18.84 19.44 20.91 22.00 23.28 25.16 26.31 27.21 28.08 28.14 28.08 28.11 28.09 28.10 28.36 28.49 28.55 28.78 28.78 28.80 29.03 29.26
traj-114:
 2.45  3.79  5.61  7.47  8.23  9.90 11.71 12.52 14.07 15.05 16.96 18.51 19.10 20.56 21.91 23.22 24.16 24.18 24.20 24.37 24.61 24.59 24.66 24.44 23.32 22.81 22.21 21.01 19.09 17.27 15.84 14.08 13.43 11.98
29.38 29.76 29.60 29.38 29.27 29.07 28.41 28.72 29.21 29.26 29.38 29.29 29.30 28.69 28.47 28.23 27.38 26.44 25.28 23.32 23.13 22.53 20.77 19.08 17.65 16.72 15.82 14.79 14.70 14.19 13.81 13.28 13.08 12.74
traj-115:
 5.81  7.14  8.27  9.12 10.62 10.89 12.67 13.65 14.98 16.63 18.30 20.09 21.92 23.41 24.30 24.62 25.22 25.83 25.79 25.32 24.00 22.24 20.88 19.54 18.94 17.36 16.69 15.23 13.79 12.66 10.96  9.50  7.82  5.91  3.97  2.29
 9.52 10.98 12.46 13.15 13.91 14.00 14.86 15.49 16.06 17.03 17.28 17.87 17.90 18.37 19.93 20.72 22.23 23.83 24.97 26.58 27.85 28.35 28.56 28.82 28.88 28.60 28.43 28.54 28.71 28.83 28.83 28.98 29.07 29.04 28.81 29.51
traj-116:
 2.31  3.93  5.86  7.10  8.64  9.14 10.86 12.17 13.91 15.88 16.18 17.88 19.58 20.73 22.66 23.51 24.91 25.04 24.85 24.64 24.45 24.36 23.17 21.42 19.91 18.59 17.82 16.69 15.74 14.80 14.39 14.16 14.03
29.66 30.10 30.44 30.65 30.48 30.52 30.45 30.57 29.80 29.80 29.81 29.72 29.14 28.85 28.55 28.31 27.59 25.67 23.75 22.18 20.34 19.48 17.96 17.15 16.31 15.59 15.15 13.92 12.69 11.39  9.78  8.68  7.72
traj-117:
 5.36  5.58  5.71  6.75  7.30  7.79  8.61  9.52 10.83 11.95 13.16 14.38 15.52 16.84 18.61 19.75 20.33 22.06 23.56 23.72 24.29 24.63 25.05 25.54 25.95 24.60 23.63 21.97 20.85 19.40 17.69 16.23 14.35 12.60 12.30 10.68  9.94  8.10  6.26  5.14  3.35
 6.75  8.57  9.36 10.71 11.78 12.70 13.85 14.37 15.50 16.08 16.57 16.64 16.76 16.91 17.14 17.30 17.31 17.28 17.60 17.85 19.67 21.08 23.01 24.39 26.16 27.43 28.04 28.37 28.53 29.01 29.72 29.64 29.51 28.92 28.88 28.30 28.46 28.80 29.43 30.01 30.85
traj-118:
 4.06  5.68  7.66  9.59 11.51 12.89 14.74 16.02 17.97 18.84 20.41 22.25 22.88 24.78 25.11 25.21 25.16 25.07 25.28 24.82 24.42 23.64 22.09 21.04 19.85 18.08 17.51 15.57 13.81 13.35 11.44  9.45  8.75
29.76 29.49 29.18 28.95 28.93 28.96 28.88 28.87 28.59 28.57 28.57 28.90 29.05 28.50 26.72 25.22 23.76 21.79 20.24 19.25 17.38 16.30 15.68 15.20 14.87 14.27 14.23 14.01 13.43 13.34 13.06 12.95 12.78
traj-119:
14.73 15.93 17.56 18.53 19.73 20.97 21.12 22.16 23.12 24.25 24.40 24.78 24.99 25.33 25.48 25.56 24.07 22.38 20.73 19.06 17.22 15.63 14.41 12.57 11.30  9.55  8.40  7.10  5.23  4.63  2.87
11.79 13.02 14.13 14.91 16.01 17.06 17.32 17.88 18.02 19.66 20.46 22.35 23.39 25.34 26.51 27.73 28.89 29.30 29.39 29.56 29.66 29.48 29.29 28.80 28.72 28.66 28.57 28.55 28.53 28.53 28.39
traj-120:
 3.83  4.72  6.21  8.12  9.30 10.11 11.43 12.34 14.26 16.08 17.87 19.85 21.70 23.38 23.65 24.10 24.28 24.27 24.27 24.28 24.24 23.88 22.66 20.84 19.83 18.44 16.60 14.98 13.45 11.97 11.39 10.78  9.83  9.56  9.24  8.93  8.38  8.00
30.66 30.05 28.99 28.69 29.21 29.04 28.98 28.83 28.83 29.01 28.99 29.08 29.09 28.02 27.89 26.70 24.94 24.09 22.27 20.89 19.15 17.70 17.76 17.08 16.96 16.75 16.76 16.57 15.92 15.04 13.17 12.63 11.46 10.76  9.03  8.00  6.70  5.18
traj-121:
14.88 14.91 14.89 14.92 14.98 14.89 15.68 15.93 16.78 17.65 18.87 20.16 21.64 22.89 24.14 24.56 24.77 24.74 24.53 24.36 24.13 24.01 22.28 20.43 18.95 17.00 15.85 13.95 12.37 10.63  9.18  7.45  5.49  4.03  2.23  2.10
 5.22  6.01  7.66  8.25 10.21 11.70 13.15 13.58 15.13 16.13 16.69 17.12 17.59 17.96 19.30 21.02 22.69 24.57 24.78 25.51 27.28 27.86 28.62 28.48 28.41 28.38 28.29 28.36 28.33 28.33 28.38 28.52 28.57 29.03 29.69 29.96
traj-122:
 4.08  4.91  6.73  8.00  9.19 10.99 12.25 13.22 14.94 16.80 17.24 18.90 19.81 21.21 22.32 24.13 24.31 24.36 24.30 24.23 24.17 24.04 24.00 23.46 22.87 20.88 19.55 17.80 16.51 14.95 13.70 12.41
30.08 30.15 30.08 30.10 30.00 30.24 30.19 30.18 30.16 29.58 29.36 28.74 28.57 28.46 28.35 27.68 26.52 25.23 24.25 23.12 22.02 20.30 19.41 17.55 16.07 16.08 16.00 15.44 15.08 14.54 14.19 13.44
traj-123:
 5.15  6.43  8.28  9.29 10.73 12.14 13.12 13.90 15.34 16.65 18.22 19.90 21.85 23.60 23.83 24.18 24.68 24.87 24.82 24.95 24.58 24.18 24.46 22.53 22.03 20.09 18.33 16.61 15.27 13.36 12.18 10.23  8.34  6.97  5.16  4.55  2.78  2.61
12.22 12.62 12.98 13.22 13.38 13.69 14.15 14.28 14.53 14.62 14.98 15.52 15.90 16.43 17.23 18.48 20.30 21.47 23.27 25.07 25.83 27.44 29.05 29.47 29.14 29.35 29.28 28.69 28.43 28.10 28.12 28.18 28.21 28.28 28.37 28.43 29.27 29.63
traj-124:
 2.30  3.45  4.77  6.59  8.21  9.40 11.31 12.72 14.44 16.08 17.86 19.63 21.52 23.36 25.09 25.27 25.11 24.65 24.52 24.42 24.42 24.28 23.13 21.48 20.11 18.59 16.90 15.62 14.23 13.27
29.61 29.51 29.28 28.98 28.71 28.63 28.43 28.70 28.98 29.07 29.23 29.30 29.56 29.37 28.99 27.09 26.53 24.85 23.45 22.62 20.90 20.33 18.71 17.97 16.81 16.07 15.28 15.38 15.45 15.48
traj-125:
 7.26  7.94  8.84 10.45 12.36 13.73 15.50 17.10 18.63 20.32 21.81 22.67 23.34 24.10 24.37 24.83 24.65 24.77 24.59 24.18 22.97 21.56 20.03 18.62 16.64 15.45 13.70 11.72 10.13  8.55  7.04  6.06  4.55  3.66
17.04 16.33 15.62 15.74 15.90 15.85 15.92 15.88 15.67 16.30 16.82 17.62 18.38 19.38 20.22 21.96 23.63 24.78 26.67 27.92 29.51 29.57 29.09 28.52 28.49 28.50 28.41 28.57 28.82 29.13 29.38 29.55 29.63 29.66
traj-126:
 3.45  3.75  4.98  5.73  7.21  8.84 10.39 11.25 12.37 14.29 16.07 16.36 18.16 19.79 21.52 22.97 23.68 24.27 25.02 25.18 24.84 24.74 24.50 24.28 23.36 22.22 21.31 19.44 18.29 16.93 15.71 14.08 12.72 10.90 10.21  8.73  7.56
28.34 28.33 29.73 29.63 29.32 29.12 28.84 28.73 28.70 28.98 28.97 29.04 29.15 29.32 29.37 29.15 28.08 26.22 24.41 23.64 21.71 20.44 19.39 18.33 16.75 15.28 15.19 15.79 16.22 16.66 16.88 17.11 17.30 17.38 17.42 17.49 17.70
traj-127:
 8.39  9.98 11.02 12.09 13.11 14.79 15.92 17.43 18.62 19.93 21.45 22.68 24.07 24.12 24.38 24.83 24.93 25.24 25.33 25.74 24.15 22.58 21.27 19.41 17.60 15.96 14.86 13.71 11.95 10.19  9.44  7.78  5.83  3.94
 7.54  8.48  9.78 11.21 12.87 13.45 14.26 15.11 15.87 16.38 17.20 17.81 18.98 19.54 20.92 22.70 23.16 24.95 25.41 27.35 28.25 29.07 29.40 29.71 29.52 29.31 29.22 29.31 29.32 29.42 29.59 30.13 30.58 30.29
traj-128:
 3.85  5.11  6.94  8.73 10.49 11.99 12.94 14.64 15.86 17.65 19.33 21.31 22.48 24.21 24.62 24.59 24.52 24.36 24.22 24.15 23.88 22.18 20.54 19.10 17.45 16.12 15.33 13.82 12.90 11.63 10.34
29.26 29.00 28.73 28.58 29.17 29.44 29.73 29.44 29.13 28.58 28.48 28.27 28.15 27.82 25.88 25.33 23.64 22.22 20.28 19.11 18.90 17.96 18.14 17.70 17.34 16.58 16.06 14.83 14.01 12.96 11.60
traj-129:
 9.58 11.07 11.73 13.42 14.55 15.08 15.35 16.58 18.54 20.41 22.36 23.62 24.53 24.70 24.68 24.71 24.53 24.34 24.07 23.37 23.08 21.20 19.91 18.15 16.69 15.81 13.99 12.15 11.29  9.41  7.46  5.91  5.01  3.12  2.53
13.80 14.87 15.19 16.08 17.01 17.22 17.22 17.57 17.44 17.34 17.64 18.48 20.11 20.63 21.72 23.31 24.62 25.70 26.78 28.27 28.32 28.60 28.61 28.65 28.80 28.94 29.15 28.81 28.62 28.33 28.59 28.65 28.68 28.35 28.32
traj-130:
 2.56  3.16  5.08  6.51  8.06  9.68 10.44 12.37 12.54 13.99 15.14 17.11 18.47 19.92 20.76 22.62 24.27 25.00 24.82 24.69 24.54 24.64 24.39 23.48 23.11 21.35 20.21 18.69 17.29 15.83 14.42 13.34 11.98 10.39  9.34  8.29  7.37  5.94  5.32  4.45
28.41 28.41 28.50 28.65 28.89 29.48 29.74 29.55 29.62 29.80 29.92 29.72 29.89 29.68 29.52 29.13 28.65 27.13 25.14 23.24 22.13 21.09 19.88 18.43 17.90 17.21 16.78 16.13 15.76 15.10 13.71 12.89 11.94 10.82  9.81  8.89  8.15  6.79  6.14  5.11
traj-131:
 7.75  8.69  9.61 10.53 11.80 12.05 13.65 15.41 16.53 18.36 19.41 21.10 21.95 23.22 23.65 24.07 24.36 24.54 24.62 24.82 24.43 24.52 22.69 20.89 18.99 17.25 15.34 13.78 12.31 10.61  9.20  7.74  6.97  5.45  3.52
 6.70  8.31  9.59 10.97 12.41 12.57 13.49 13.93 14.40 15.07 15.21 15.45 15.86 16.73 17.83 19.18 20.87 22.34 24.00 25.60 27.40 28.09 28.66 28.66 28.70 28.61 28.87 28.85 28.78 28.48 28.32 28.32 28.39 28.37 28.11
traj-132:
 2.18  3.46  4.98  6.27  7.74  8.87 10.59 11.90 13.38 14.50 16.23 17.14 18.33 19.80 20.95 21.68 23.37 24.91 25.03 24.80 24.69 24.69 24.80 24.35 23.53 22.77 21.34 20.71 19.30 17.71 15.86 13.99 13.70 12.32 11.01  9.45  7.71
30.86 30.54 30.19 29.96 29.47 29.27 29.06 28.69 28.57 28.51 28.61 28.85 29.20 29.52 29.48 29.47 29.50 28.53 27.34 25.63 23.86 22.78 20.83 19.06 18.09 17.72 16.80 16.40 15.69 15.18 14.79 14.17 14.09 13.05 12.03 11.08 10.09
traj-133:
12.42 13.26 14.20 14.93 15.69 16.25 17.39 18.24 19.60 20.48 22.04 23.78 24.87 25.01 24.97 24.81 24.62 25.02 24.77 23.53 22.15 20.19 18.72 17.75 16.15 14.29 12.39 10.61  9.99  9.20  7.26  5.58  4.36  2.99
 8.28  9.33 10.44 11.44 13.13 13.49 14.23 15.15 16.50 17.81 18.09 18.55 20.03 21.52 23.30 24.01 25.50 27.37 29.27 29.44 29.49 29.42 29.60 29.42 28.87 28.67 28.52 28.50 28.59 28.87 29.34 29.65 29.23 28.79
traj-134:
 2.89  4.46  5.80  6.66  8.10  9.12 10.75 12.42 14.05 15.30 16.35 18.11 19.82 21.10 22.98 23.30 24.22 24.40 24.61 24.78 24.86 24.63 24.60 22.99 22.70 20.92 19.94 18.74 16.77 16.34 14.64 13.72 11.96 10.05  9.74
30.56 30.11 29.71 29.32 29.02 29.14 29.08 29.03 29.04 29.06 29.27 28.44 28.81 28.93 28.49 28.14 27.25 25.95 24.53 23.24 21.30 20.23 18.54 17.45 17.50 17.08 16.56 16.17 16.06 16.06 15.50 15.43 15.42 15.50 15.51
traj-135:
 4.67  6.15  7.36  8.75 10.58 11.77 13.63 15.33 16.95 18.41 20.26 20.84 22.27 23.51 24.46 24.41 24.35 24.19 24.02 23.41 21.72 19.93 18.43 16.44 16.15 14.33 12.38 11.16  9.61  7.71  6.59  4.98  3.57  2.38
12.57 13.38 14.22 14.62 15.34 15.82 16.52 17.16 17.56 17.90 18.04 18.11 18.25 18.86 20.09 21.27 23.21 25.00 26.97 28.47 29.47 29.54 29.70 29.65 29.57 29.23 29.06 28.77 28.73 28.46 28.40 28.54 28.47 28.47
traj-136:
 3.40  3.69  5.42  7.30  7.74  9.54 11.50 13.38 14.35 16.05 17.96 18.25 20.15 21.00 22.84 24.74 25.06 25.28 25.75 25.80 25.44 25.50 24.77 23.46 22.01 21.47 19.66 17.83 15.92 14.98 14.62 13.60 12.74 13.24 13.70 14.16 15.00
28.77 28.85 29.26 29.48 29.64 29.92 29.74 29.37 29.13 28.65 28.84 28.89 29.12 29.28 29.27 29.07 28.53 26.58 25.36 23.36 21.41 20.80 19.12 17.76 16.61 16.50 15.99 16.34 16.07 14.52 14.30 12.68 10.97  9.92  8.09  7.54  5.93
traj-137:
13.20 14.95 16.32 18.21 19.64 21.56 22.14 22.98 24.75 24.86 25.67 25.55 24.68 24.43 24.31 24.03 23.02 21.19 19.65 18.66 16.77 16.19 14.83 13.08 11.17  9.89  8.61  6.92  5.73  4.92  3.71
15.30 16.08 16.57 17.10 17.47 17.85 17.89 18.15 18.03 18.97 20.74 22.25 23.94 24.95 25.63 27.11 28.77 28.75 28.76 29.13 29.77 29.92 29.28 29.15 29.15 29.46 29.57 29.77 29.54 29.43 29.70
traj-138:
 2.19  4.16  5.73  6.45  8.23  8.90 10.19 11.61 13.43 14.19 15.65 16.94 18.74 20.43 21.49 23.10 24.18 25.49 25.20 25.04 24.93 24.75 24.51 24.09 22.95 21.72 20.04 19.04 17.42 15.88 14.43 12.91 11.79 10.14  9.45  7.76  6.70  5.06
28.80 28.99 29.18 29.30 29.06 29.02 28.62 28.42 28.19 28.19 28.25 28.34 28.46 28.72 28.84 29.21 29.52 28.02 26.53 24.67 23.78 22.06 20.67 18.90 17.88 17.08 16.45 16.61 15.95 14.89 13.94 13.05 12.47 11.39 10.96 10.34 10.12  9.51
traj-139:
 8.26  9.89 10.67 12.02 13.47 15.40 17.09 18.94 20.34 21.79 22.60 24.01 24.22 24.21 24.29 24.37 24.35 23.76 22.12 20.93 19.19 17.34 16.07 14.13 12.38 12.14 10.37  9.14  8.05  6.37  4.49  2.73
16.27 16.31 16.32 16.40 16.45 16.43 16.46 16.43 16.57 17.47 17.84 18.75 20.47 21.47 23.42 25.38 26.84 28.08 29.12 29.00 28.72 29.01 29.12 29.16 29.38 29.45 29.51 30.01 30.24 30.67 30.66 30.56
traj-140:
 3.55  4.96  6.88  8.80 10.59 12.47 14.38 15.79 17.35 18.81 20.56 20.99 22.95 23.46 24.06 24.07 24.08 24.10 24.06 24.13 22.74 22.31 20.42 19.39 17.71 17.15 16.43 15.74 15.52 15.19 14.98
29.68 29.59 29.53 29.55 29.01 29.65 30.06 29.32 29.09 28.56 28.29 28.15 28.25 28.02 26.25 24.47 23.57 21.75 20.26 19.03 17.86 17.81 17.90 17.85 17.19 16.09 14.62 13.02 12.34 10.89  9.13
traj-141:
14.23 15.27 17.07 18.86 20.54 22.18 23.70 24.92 24.65 24.55 24.56 24.52 24.59 23.93 21.96 20.26 19.67 17.83 16.02 14.76 12.92 11.93  9.99  8.19  6.59  5.50  3.73  2.55
15.22 15.52 16.16 16.95 17.51 18.28 18.84 20.34 21.72 22.29 24.00 25.80 27.25 28.71 29.02 28.84 28.79 28.69 28.99 29.31 29.86 30.11 29.97 29.54 29.56 29.78 30.32 30.69
traj-142:
 4.04  5.65  6.94  8.16  8.89 10.63 11.67 12.69 14.59 15.89 17.29 19.14 20.74 22.71 23.13 24.78 25.31 25.73 26.22 26.62 26.87 25.34 24.36 22.95 21.01 20.44 18.61 18.17 16.52 15.10 13.15 11.42  9.56  9.01
28.94 29.52 29.84 29.49 29.00 28.31 28.49 28.51 28.67 28.86 28.84 28.93 28.75 28.43 28.24 27.64 26.00 24.83 23.15 21.23 19.77 18.52 17.85 17.84 18.03 17.87 17.97 18.03 17.87 17.94 17.90 18.14 18.11 18.24
traj-143:
10.50 10.76 11.92 13.39 14.36 15.22 16.61 17.26 18.34 19.39 20.56 21.41 23.09 24.02 24.25 24.74 24.92 25.14 25.44 25.19 24.27 22.83 20.89 18.94 17.61 16.31 14.65 13.68 12.11 10.81  9.24  7.33  6.90  4.94  4.07
 8.28  8.79 10.22 11.57 12.44 13.02 14.27 14.89 15.78 16.72 17.33 17.86 18.33 19.55 20.00 21.88 22.58 23.85 25.67 27.38 29.04 28.91 28.75 28.44 28.62 28.71 28.69 28.64 28.69 28.67 28.69 28.72 28.71 28.97 29.11
traj-144:
 2.00  3.16  4.32  5.80  7.54  8.43  9.76 11.37 12.63 14.58 16.11 17.83 19.25 20.69 21.29 23.12 24.38 24.86 24.92 24.98 24.86 24.54 24.43 23.67 22.77 21.48 19.78 18.40 18.04 16.78 14.94 13.73 12.30 11.64 10.68  9.27  8.60  7.28  7.08
30.20 29.58 29.09 28.51 28.23 28.28 28.60 28.95 29.17 29.09 29.45 29.45 29.54 29.16 28.79 28.79 27.83 26.16 24.36 22.95 22.08 20.31 19.72 18.28 17.64 16.77 16.08 15.12 14.90 13.43 12.95 11.94 10.68 10.12  9.31  8.14  7.49  6.09  5.87
traj-145:
14.03 14.31 15.05 15.19 15.60 17.12 17.77 19.68 21.10 22.50 23.70 24.01 24.95 25.17 25.48 25.64 25.64 25.52 24.92 22.98 21.63 20.25 18.45 17.89 16.12 14.63 13.15 12.04 11.28 10.43  9.07  7.42  6.62  4.83  3.62
10.09 10.62 12.25 12.76 14.29 15.44 15.66 15.84 15.97 17.06 18.29 18.81 20.28 21.71 23.20 25.15 26.04 27.96 28.93 29.36 28.97 28.56 28.32 28.30 28.36 28.21 28.14 28.39 28.54 28.66 28.73 29.28 29.63 30.30 30.79
traj-146:
 2.92  4.66  6.31  7.57  8.87 10.53 12.38 12.97 14.69 16.21 18.13 19.73 21.51 23.34 24.86 25.08 24.96 24.90 24.62 24.57 24.17 24.12 23.44 22.13 20.66 18.98 17.22 15.60 14.06 13.04 12.52 11.89 11.72 11.19 10.65 10.51
28.65 28.40 28.49 28.64 28.60 28.55 28.52 28.43 28.31 28.30 28.16 28.15 28.06 28.00 26.77 26.24 24.66 23.80 21.93 21.65 19.76 19.47 18.24 17.54 16.66 15.91 15.03 14.08 13.17 11.87 11.31 10.05  8.97  7.13  5.52  5.09
traj-147:
 4.63  5.58  6.59  8.17  8.52  9.68 11.51 12.91 14.32 15.97 17.74 18.79 20.28 22.17 23.28 24.33 24.25 25.22 25.56 25.55 25.45 25.33 24.16 23.17 21.68 19.78 18.08 16.27 15.67 13.95 13.11 11.90 10.19  8.23  7.70  6.02  4.31  3.71
13.28 13.78 14.11 14.75 14.91 15.56 16.23 16.69 17.01 17.40 17.72 17.89 18.07 18.27 18.53 18.81 20.64 22.28 24.04 24.91 26.68 27.24 28.40 28.97 28.88 28.66 28.62 28.77 28.68 28.66 28.72 28.62 28.64 28.55 28.54 28.43 28.44 28.40
traj-148:
 3.51  4.21  5.90  6.21  8.11  9.92 11.78 13.00 14.66 15.89 17.58 17.88 19.14 20.24 22.21 23.79 25.43 24.36 24.38 24.48 24.80 24.77 24.56 23.24 21.35 20.35 19.23 18.09 17.10 15.76 14.65 13.37
30.83 30.75 30.23 30.08 29.76 29.08 28.46 28.45 29.01 29.49 29.84 29.83 29.72 29.58 29.24 29.19 28.24 26.73 25.71 24.53 23.08 21.84 19.89 18.54 18.14 17.41 16.09 15.33 14.57 13.36 12.19 10.86
traj-149:
 9.24 10.28 11.87 13.58 15.47 17.44 17.52 19.46 20.83 22.19 23.43 24.20 24.43 24.87 24.92 24.97 24.86 24.28 22.62 21.82 19.94 18.69 17.09 15.48 13.54 12.27 10.31  8.41  6.87  5.15  3.64
16.73 16.91 16.91 16.98 17.02 16.90 16.92 17.34 17.52 17.89 18.23 19.69 21.04 22.97 23.87 25.27 27.16 28.28 28.89 28.72 28.48 28.31 28.30 28.27 28.20 28.20 28.22 28.44 28.50 28.60 28.77
traj-150:
 2.18  2.65  4.21  5.74  7.10  8.74  9.34 10.85 12.16 14.05 14.90 16.08 17.66 19.18 21.16 22.82 23.36 25.18 25.43 25.24 24.85 24.34 24.14 23.50 22.39 21.38 19.65 17.76 17.21 15.28 14.01 12.77 11.21 10.17  8.87  7.48  6.00
29.65 29.30 28.56 28.28 28.27 28.27 28.29 28.32 28.35 28.45 28.52 28.66 28.66 28.86 28.93 29.09 29.21 28.81 26.87 24.97 23.12 21.31 20.00 18.85 17.84 17.30 17.12 16.65 16.47 16.12 15.72 15.18 14.51 14.04 13.45 12.80 12.08
traj-151:
 4.41  6.10  7.42  9.08  9.55 11.05 12.08 13.29 14.43 15.37 17.27 18.21 19.20 20.87 22.79 23.60 24.23 24.43 24.45 24.46 24.56 24.01 22.48 21.02 19.34 18.17 16.26 15.99 14.06 12.67 10.77  8.80  7.48  6.01  4.98  3.60
 8.94  9.62 10.32 11.06 11.28 12.38 13.28 14.31 14.95 15.16 15.78 16.11 16.44 16.68 17.09 18.01 19.27 21.04 22.86 24.85 26.01 27.43 28.07 28.24 28.41 28.54 29.06 29.12 29.59 29.59 29.31 29.07 28.93 29.64 30.08 30.89
traj-152:
 3.34  4.22  5.40  6.42  7.53  9.18  9.96 11.26 13.03 14.65 16.55 18.45 19.74 20.75 22.03 23.91 24.27 24.40 24.67 24.31 24.10 23.01 21.26 20.24 18.80 16.85 15.71 14.58 13.99 13.27 12.53
30.09 29.41 28.58 28.46 28.64 28.47 28.35 28.22 28.31 28.33 28.34 28.31 28.30 28.34 28.32 28.36 26.47 24.55 23.11 21.16 19.57 18.01 17.27 16.81 16.35 15.97 15.03 14.00 12.73 11.58 10.80
traj-153:
 9.54 10.70 11.92 13.35 14.82 16.30 17.47 19.09 20.51 21.51 23.23 23.63 24.03 24.30 24.33 24.45 24.44 24.45 24.13 23.05 22.18 20.29 19.69 17.86 16.07 15.48 13.88 12.65 11.16  9.35  8.62  6.96  5.86  4.51  4.30
12.33 12.77 13.22 13.75 14.26 14.78 15.18 15.85 16.42 16.69 17.39 17.61 18.37 20.17 20.74 22.73 24.62 25.68 27.60 28.73 28.63 28.52 28.52 28.49 28.42 28.39 28.36 28.24 28.17 28.21 28.18 28.03 29.30 30.61 30.82
traj-154:
 2.07  3.07  4.55  6.39  7.98  9.19 10.92 12.34 13.26 14.80 16.72 17.01 18.87 20.01 21.07 22.09 22.28 24.09 24.09 24.11 24.13 24.18 24.13 24.12 23.17 23.04 22.38 21.14 19.45 17.61 15.94 14.75 13.37 11.80 10.44  8.55
29.31 29.29 29.10 28.85 28.78 28.68 28.66 28.63 28.58 28.52 28.67 28.75 29.21 29.17 28.57 28.44 28.21 27.51 26.91 25.47 23.99 22.15 20.28 19.68 18.18 17.92 17.03 15.47 14.66 15.03 14.92 14.79 14.68 14.55 14.56 14.61
traj-155:
 4.30  5.92  7.46  8.75 10.34 12.15 13.30 15.08 16.12 17.62 19.58 21.35 21.90 23.47 24.27 24.34 24.43 24.36 24.17 24.16 24.13 22.35 22.06 21.89 20.48 18.53 17.35 15.66 14.40 12.52 11.66  9.85  8.63  6.95  5.64  3.98  3.13
16.29 16.01 15.68 15.28 14.94 15.51 15.88 16.53 16.68 17.05 17.34 17.83 18.05 18.22 19.56 20.15 21.88 22.50 23.87 25.50 27.28 28.14 28.10 28.35 28.52 28.10 28.06 28.12 28.15 28.29 28.35 28.47 28.59 28.62 28.76 29.25 29.88
traj-156:
 3.36  3.95  5.22  5.89  7.73  9.36 11.17 12.73 13.79 15.55 17.18 18.89 20.85 21.27 22.53 24.23 25.66 25.60 25.50 25.35 24.84 24.36 24.24 23.89 22.50 20.83 20.04 18.35 17.40 15.83 14.16 12.48 10.76  9.90
28.98 29.05 28.64 28.56 28.59 28.63 28.62 28.72 28.65 28.65 29.04 28.73 28.75 28.74 28.79 28.62 27.27 26.40 25.25 23.29 21.37 20.78 18.91 18.47 17.71 16.74 16.26 15.48 14.78 14.05 13.22 12.35 11.67 11.23
traj-157:
10.57 11.17 12.34 13.76 14.96 16.02 16.33 17.22 18.76 20.14 20.79 21.90 23.34 23.54 24.30 24.56 24.55 24.56 24.59 24.48 24.00 22.79 21.95 20.02 18.70 17.30 15.32 14.22 12.96 11.92 10.01  8.62  7.01  5.30  3.50  2.24
 7.90  8.63  9.78 10.83 12.17 13.01 13.25 13.87 14.97 15.62 16.06 16.64 17.91 18.31 19.64 21.45 22.03 23.82 24.27 26.11 27.75 28.02 28.12 28.29 28.46 28.59 28.71 28.77 29.02 29.09 29.36 29.91 30.21 30.29 30.44 30.03
traj-158:
 2.26  3.78  4.22  5.75  7.51  9.04 10.97 12.45 14.39 15.89 17.60 19.34 20.16 21.71 22.97 24.53 24.65 25.23 25.54 25.52 25.39 25.02 23.73 22.62 21.62 20.59 19.41 18.10 17.09 15.85 14.35
30.36 29.82 29.57 29.42 29.27 29.14 29.07 29.18 29.62 30.13 30.68 30.56 30.24 29.47 29.03 28.30 26.34 24.61 23.07 21.71 19.84 17.92 16.39 16.25 16.54 16.72 16.69 16.08 15.78 15.34 14.83
traj-159:
12.02 12.69 14.63 15.59 17.20 18.82 20.31 21.96 23.90 24.19 24.62 25.04 25.05 25.13 25.26 25.31 25.48 25.83 24.49 24.20 22.32 20.40 19.13 18.28 16.93 15.15 13.94 12.29 11.30  9.60  8.43  6.70  5.35  3.85
13.63 13.69 14.08 14.58 15.41 16.22 17.15 18.02 18.39 18.49 19.92 20.13 20.43 22.22 23.91 25.15 26.14 27.89 29.12 29.21 29.43 29.24 29.08 28.97 28.84 28.66 28.84 29.00 29.09 29.09 29.13 29.23 29.42 30.38
traj-160:
 2.44  2.95  4.78  6.18  7.09  8.43 10.08 11.14 12.68 13.96 15.94 17.83 18.38 20.29 20.76 22.23 23.73 24.31 24.19 24.30 24.30 24.15 24.10 22.76 21.71 20.02 18.75 17.43 16.49 15.17 14.59 14.03 13.55 13.43
30.66 30.55 29.99 29.97 29.92 29.89 29.93 29.81 29.71 29.46 29.21 29.70 29.65 29.27 29.09 28.77 28.08 26.24 24.78 23.00 22.46 20.54 18.79 17.33 16.63 15.93 15.41 14.17 13.33 12.16 10.73  8.84  7.16  6.71
traj-161:
10.07 11.73 13.58 15.22 17.07 19.03 20.68 22.54 23.80 24.13 24.56 24.62 24.48 24.38 24.15 24.00 23.39 21.50 19.77 19.47 17.75 17.45 15.75 14.45 12.89 11.67 10.00  9.46  7.86  6.74  5.15  3.61  2.76
14.88 15.24 15.61 15.72 15.88 16.12 16.40 16.96 18.47 18.97 20.65 22.40 23.86 24.90 25.10 26.64 28.01 28.32 29.02 29.00 28.88 28.81 28.75 28.94 29.08 29.47 29.63 29.70 29.91 30.15 30.02 30.19 30.78
traj-162:
 1.77  3.55  5.10  6.04  7.12  8.89 10.84 11.99 12.91 14.17 15.96 16.67 18.40 19.49 21.14 22.60 23.18 25.17 25.81 25.49 25.26 25.05 24.87 24.59 23.72 22.49 21.76 20.17 18.25 16.46 15.52 14.14 12.42 10.54 10.25  8.33  6.59  5.87  4.45
30.47 29.84 29.60 29.37 29.04 28.51 28.30 28.28 28.49 28.80 28.97 29.08 28.96 28.88 28.85 28.94 29.04 29.07 27.27 25.51 24.07 22.30 21.14 19.22 17.69 16.18 15.28 14.78 14.57 14.66 14.96 15.61 15.29 14.81 14.78 14.62 14.65 14.66 14.72
traj-163:
 9.40  9.70 10.23 11.84 13.37 14.24 14.50 15.19 16.66 18.09 20.03 21.70 21.88 23.77 24.53 24.81 24.95 25.12 24.41 24.27 23.13 21.35 19.36 17.95 16.51 15.46 14.29 12.88 11.87 10.15  8.35  6.94  5.08  3.34
10.80 11.92 13.40 14.09 14.94 16.24 16.37 17.30 17.38 17.48 17.66 17.95 17.93 18.46 19.58 21.54 23.24 23.91 25.60 27.07 28.25 28.18 28.07 28.15 28.09 28.14 28.16 28.26 28.25 28.23 28.48 29.10 29.69 30.33
traj-164:
 2.54  2.98  4.88  6.81  7.93  9.09 10.63 11.41 12.37 13.97 14.57 16.14 18.06 19.43 21.11 22.13 23.08 23.88 24.58 24.88 24.92 24.66 24.15 23.26 22.13 20.86 19.69 17.99 17.13 15.35 14.41 13.12 11.50 10.03  8.67  7.96
30.17 30.03 29.79 29.35 29.11 28.89 28.66 28.48 28.33 28.27 28.26 28.36 28.62 29.43 29.95 29.89 29.05 28.02 26.39 24.42 22.70 21.05 19.79 18.44 16.93 15.75 15.00 14.80 14.71 14.49 14.46 14.41 13.60 12.69 11.81 11.36
traj-165:
 6.60  6.92  8.41  9.19 10.41 10.89 11.70 12.64 13.91 15.00 15.71 16.27 17.89 19.55 20.81 22.31 23.30 24.03 24.43 24.70 24.86 24.81 25.01 25.15 23.50 21.60 19.82 18.00 16.23 14.37 13.49 11.67  9.97  9.41  7.67  6.71  4.98  3.25  2.88
 6.94  7.28  8.57  9.19 10.34 10.67 11.38 12.19 13.33 14.01 14.37 14.68 15.52 16.27 16.89 17.63 18.30 19.63 21.19 22.72 23.81 25.71 27.26 29.25 30.00 29.95 29.64 29.49 29.28 29.59 29.73 30.01 29.63 29.52 29.24 29.02 29.05 29.39 29.41
traj-166:
 1.75  2.34  4.06  4.93  6.85  8.81 10.70 12.19 13.35 14.83 16.39 18.25 20.12 21.34 22.16 23.75 24.23 24.40 24.47 24.55 24.83 24.78 24.48 23.17 21.56 19.78 19.38 17.49 16.23 15.56 14.09 12.76
29.56 29.53 29.25 29.17 29.01 28.96 29.08 29.10 29.25 29.53 29.94 30.45 29.77 29.26 28.71 28.14 26.32 25.35 24.29 22.69 21.32 19.32 19.32 17.92 17.95 17.55 17.41 16.96 16.03 15.68 14.82 13.61
traj-167:
 5.03  6.02  7.83  9.45 11.00 12.50 12.95 14.67 16.46 18.12 18.80 20.61 22.39 24.02 24.08 24.26 24.23 24.08 24.45 24.39 24.08 23.25 21.42 19.67 17.89 16.42 14.79 13.73 12.00 10.85  9.61  8.09  7.11  5.23  3.91
15.03 14.97 15.19 15.30 15.58 16.51 16.75 17.29 17.31 17.28 17.11 17.43 17.94 18.80 19.09 20.81 22.47 23.58 24.96 26.59 27.41 28.40 28.49 28.43 28.34 28.18 28.21 28.20 28.53 28.70 28.76 28.88 28.95 29.42 29.70
traj-168:
 3.26  4.65  6.28  7.97  8.33  9.33 11.28 12.40 13.99 15.35 16.24 18.04 19.56 21.05 22.85 24.36 25.05 25.72 25.72 25.51 25.02 24.77 24.36 23.10 22.21 20.23 19.86 18.07 16.36 15.24 14.04 12.92 12.45 11.05  9.83  8.49  7.86  6.56  6.11
29.69 29.67 29.66 29.58 29.61 29.44 29.29 29.21 29.17 29.20 29.20 29.03 28.98 28.95 29.51 28.21 27.10 26.15 24.23 23.68 21.80 20.48 18.65 17.47 17.46 17.19 16.96 16.18 15.87 15.38 14.40 13.45 13.00 11.75 10.44  9.01  8.47  7.04  6.61
traj-169:
 8.46  9.20  9.64 10.13 10.46 10.91 11.78 13.22 14.06 15.21 16.98 18.23 19.39 19.67 21.36 23.19 24.05 24.77 25.40 25.17 24.87 24.63 24.29 24.13 23.37 22.47 21.19 20.73 18.98 17.21 15.91 14.37 13.06 11.74 10.44  8.72  7.53  6.38  4.70  3.60
 7.64  9.24 10.58 11.84 13.00 14.35 16.09 17.18 17.46 17.60 18.00 17.93 17.41 17.30 16.24 16.30 16.34 17.89 19.28 20.60 22.31 24.02 25.43 27.28 28.06 28.46 29.21 29.39 29.59 29.79 29.00 29.43 29.35 29.11 29.01 29.21 29.30 28.77 29.30 30.38
traj-170:
 3.44  4.86  6.15  8.05  9.80 11.71 13.52 14.05 15.84 17.09 18.13 20.11 21.61 23.48 24.13 24.11 24.06 24.22 24.25 24.10 23.49 22.71 22.17 21.55 20.56 18.96 17.25 15.59 15.33 13.62 12.71
28.13 28.25 28.47 28.90 29.07 29.50 29.18 29.08 28.76 28.65 28.51 28.27 28.29 28.20 26.65 25.21 24.32 22.51 21.37 19.77 17.98 16.98 16.27 15.20 14.04 13.90 13.57 13.10 12.95 12.10 11.66
traj-171:
 5.76  7.18  8.79  9.68 11.39 13.34 13.72 14.88 16.31 17.30 19.03 20.38 22.29 23.75 24.18 24.45 24.76 24.87 24.66 24.46 23.29 21.72 19.98 18.76 17.51 16.18 14.88 12.93 12.75 12.05 10.44  9.00  7.61  5.92  4.05
16.75 17.62 17.93 17.80 17.61 17.39 17.18 16.03 14.82 15.11 15.57 15.83 15.96 16.77 18.50 19.85 21.70 23.68 25.48 27.16 28.20 28.39 28.27 28.31 28.27 28.18 28.12 28.20 28.44 28.73 28.55 28.58 28.69 28.57 29.02
traj-172:
 3.32  3.62  5.49  7.32  9.31 11.14 11.49 12.36 13.81 15.52 17.08 18.30 19.08 20.95 21.62 23.07 23.46 24.29 24.40 24.40 24.35 24.25 23.50 22.62 21.31 19.54 17.95 16.15 15.55 14.21 13.00 11.44  9.74  7.89  6.40
28.28 28.30 28.37 28.35 28.41 28.58 28.64 28.75 28.97 29.12 29.28 29.43 29.49 29.00 28.83 28.61 28.27 26.46 24.91 23.50 21.62 20.14 18.68 18.35 17.93 17.58 17.36 16.70 16.34 15.89 15.48 14.92 15.26 14.68 15.80
traj-173:
11.89 12.70 14.29 15.89 17.65 18.47 20.08 21.80 23.04 24.40 24.50 24.63 24.05 24.21 24.32 23.83 22.61 21.07 20.13 18.50 16.50 14.57 12.65 11.50 10.13  8.66  7.69  6.11  4.45  4.29  3.28  3.11
13.23 13.62 14.07 14.57 15.15 15.53 16.52 17.53 18.06 19.51 21.28 23.21 23.74 24.57 26.55 28.46 29.71 29.54 29.38 29.14 29.14 29.28 28.92 28.75 28.71 28.59 28.51 28.54 28.62 28.88 29.58 29.82
traj-174:
 2.92  4.30  5.79  6.93  8.73  9.68 11.38 13.23 15.00 16.33 17.78 18.57 20.41 21.23 23.00 24.17 24.42 24.61 25.04 24.97 24.50 23.28 21.38 20.09 19.00 18.71 16.99 15.78 15.04 14.42
30.48 29.66 28.76 29.09 29.33 29.25 29.06 28.83 28.67 28.73 28.64 28.82 29.37 29.22 28.90 27.29 25.49 24.17 22.95 20.96 19.24 17.86 17.27 16.84 16.40 14.57 14.15 14.03 12.37 11.28
traj-175:
 9.26 10.97 12.43 13.59 15.15 17.03 18.89 20.36 22.24 23.55 24.11 24.46 25.04 25.43 25.52 25.45 24.85 23.10 21.14 20.63 19.00 17.64 15.95 14.29 13.20 12.22 10.74  9.29  8.73  6.77  4.80  3.94
18.03 17.77 17.45 17.20 16.99 16.90 16.89 17.63 17.91 18.96 19.92 21.73 23.61 24.84 26.83 27.42 29.06 29.29 29.03 28.94 28.69 28.51 28.37 28.26 28.15 28.11 28.11 28.13 28.21 28.37 28.60 28.70
traj-176:
 3.34  5.30  6.55  8.13  9.11 10.83 11.83 13.02 14.12 15.66 17.41 18.25 20.12 22.09 23.40 23.64 24.16 24.50 24.48 24.51 24.31 24.17 22.89 21.51 20.27 18.66 17.00 15.39 14.08 12.52
29.23 29.41 29.28 29.38 29.05 29.07 29.02 28.53 28.42 28.19 28.12 28.35 28.82 29.01 28.17 27.98 26.81 26.12 24.21 22.82 20.91 19.35 17.94 17.60 17.02 16.40 15.90 15.48 15.68 15.87
traj-177:
 7.82  9.04  9.96 10.77 11.91 12.81 14.08 15.93 17.07 18.29 19.75 20.63 22.40 24.16 24.79 24.97 24.92 24.90 24.97 25.02 24.12 23.45 22.93 22.82 21.06 19.59 19.03 17.09 15.39 13.75 12.05 10.27  9.29  7.45  5.66  5.13  3.40
 9.69 10.55 11.14 11.89 12.89 13.71 14.93 15.33 16.20 16.09 16.04 15.87 15.92 16.38 17.99 19.46 21.21 23.11 24.26 25.39 27.14 28.01 28.16 28.44 28.76 28.49 28.38 28.50 28.67 28.65 28.85 29.10 29.14 28.98 29.01 29.07 29.34
traj-178:
 2.12  4.08  5.56  7.14  8.34  9.21 10.97 11.91 13.43 15.42 17.08 18.95 19.75 21.48 22.29 24.03 24.27 24.39 24.61 24.69 24.42 24.03 23.89 22.87 21.85 20.04 18.07 17.02 15.40 13.41 11.49 10.30  8.59  7.31  6.08
29.14 28.90 28.91 28.97 29.02 28.98 29.22 29.58 29.88 29.71 29.57 29.61 29.71 28.96 28.10 27.34 25.60 23.64 23.08 21.39 19.73 18.79 18.53 17.00 15.44 14.91 14.68 14.64 14.26 14.08 13.62 13.60 13.40 13.41 13.38
traj-179:
12.13 13.33 14.27 15.11 15.76 16.90 18.35 19.82 21.41 23.21 24.14 24.40 24.46 24.34 24.08 23.47 22.28 21.08 19.18 17.54 15.97 14.68 12.72 11.94 10.65  9.58  7.88  6.17  4.38  2.48  2.08
 8.01  9.35 11.09 12.53 13.69 14.68 15.76 16.79 17.74 18.40 19.97 21.52 23.34 24.57 26.38 28.22 28.76 28.73 28.79 28.50 29.05 29.60 29.55 29.56 29.35 29.15 28.80 28.87 29.09 29.48 29.49
traj-180:
 3.80  4.10  5.92  7.84  8.72 10.39 10.95 12.80 14.50 16.40 18.33 19.14 21.08 22.32 24.19 25.03 25.15 25.28 25.30 25.04 24.89 24.55 23.58 22.27 20.54 18.99 17.71 15.88 14.40 13.34 12.50 11.86 10.85  9.75  8.91  8.17  7.19
28.51 28.55 28.61 28.64 28.66 28.71 28.78 28.75 28.60 28.55 28.42 28.64 28.54 28.35 28.20 26.44 25.26 23.55 22.90 21.30 19.74 18.51 17.27 16.00 16.38 17.24 17.25 17.16 17.00 15.62 14.43 13.60 11.98 10.89  9.54  7.79  6.15
traj-181:
10.84 11.31 12.92 13.93 15.23 15.52 17.23 18.60 20.33 21.55 22.18 23.17 24.09 24.84 25.07 25.36 25.35 25.28 25.22 23.27 21.41 20.78 19.19 17.62 16.32 15.25 13.64 11.86 10.56  8.75  7.19  6.40  5.69  3.91  3.68
13.81 13.83 14.29 14.45 14.53 14.61 14.76 14.84 14.84 16.09 17.04 17.96 19.66 21.27 22.31 24.26 25.87 27.41 28.39 28.15 28.27 28.31 28.41 28.47 28.57 28.61 28.56 28.49 28.59 28.44 29.14 29.47 29.89 30.66 30.86
traj-182:
 2.80  4.25  5.54  6.47  7.72  9.36  9.98 11.57 12.19 14.11 14.65 16.10 17.40 18.73 20.34 21.94 23.25 24.75 24.77 24.74 24.85 24.59 24.49 24.13 23.99 22.44 20.58 18.70 16.85 16.08 14.58 13.32 11.35  9.56  8.36  6.87
28.15 28.23 28.20 28.27 28.28 28.68 28.69 28.75 28.73 28.69 28.68 28.60 28.40 28.35 28.51 28.42 28.37 27.21 25.62 23.72 22.92 20.99 20.70 19.04 18.77 17.93 17.93 18.00 17.85 17.74 17.46 17.35 17.68 17.59 17.63 18.12
traj-183:
 4.09  5.04  6.26  7.12  8.72  9.27 10.95 12.81 13.54 15.06 15.98 16.68 18.01 19.54 21.14 23.01 23.85 24.63 24.74 25.01 24.67 24.39 24.20 23.43 21.78 20.69 19.32 18.10 16.90 15.06 14.13 12.34 10.96  9.11  7.46  6.34  4.46  2.52
 7.31  8.51 10.01 10.97 12.04 12.27 13.16 13.87 14.14 14.82 15.19 15.67 16.78 16.64 16.57 16.56 18.01 19.56 20.45 21.84 23.66 25.43 26.21 28.02 28.17 28.33 28.42 28.61 28.42 28.75 28.77 28.78 28.71 28.87 29.08 29.21 29.09 29.25
traj-184:
 2.18  3.32  4.83  6.81  8.70 10.21 11.66 13.33 14.20 15.62 17.00 18.72 19.53 21.34 23.28 24.10 24.65 25.18 25.28 25.37 25.48 25.04 24.00 23.07 21.86 20.43 19.44 18.01 16.28 14.59 12.96 11.37  9.57  7.73  6.19  5.65
29.98 28.81 28.85 28.64 28.88 29.24 29.61 29.96 29.97 29.85 29.82 29.72 29.45 28.73 28.25 27.52 26.36 24.89 23.34 21.64 20.62 19.43 18.12 17.09 15.92 14.79 14.68 14.69 14.30 13.76 13.34 12.91 12.59 12.04 11.53 11.34
traj-185:
 7.99  8.22  9.22 10.17 11.64 12.42 13.84 14.53 15.64 16.99 18.91 19.95 20.13 20.71 22.16 23.40 24.74 24.96 25.44 25.37 25.27 25.48 25.37 25.30 24.61 22.86 21.72 19.81 18.79 17.28 15.84 14.10 12.19 10.64  9.81  8.13  7.09  5.38  3.49  1.77
 9.63 11.03 11.96 13.45 14.35 14.71 15.23 15.38 15.72 16.14 16.53 16.27 16.31 16.21 15.99 15.89 17.08 18.36 20.09 21.28 22.99 24.70 26.13 27.02 28.68 29.19 28.99 28.41 28.36 28.21 28.19 28.19 28.14 28.16 28.32 28.56 28.81 29.32 29.94 30.69
traj-186:
 2.24  2.53  4.42  4.96  6.39  8.17  8.91 10.69 11.33 13.00 13.65 15.24 16.48 17.33 18.96 19.13 20.73 21.87 23.74 24.10 24.37 24.44 24.52 24.50 24.22 24.21 23.25 21.94 20.91 19.68 18.01 17.05 15.43
30.53 30.61 30.09 30.24 29.60 29.48 29.24 28.65 28.56 28.42 28.39 28.55 28.46 28.55 28.81 28.77 28.98 29.13 28.85 27.74 26.66 25.21 23.35 21.54 19.84 19.54 17.92 17.01 16.37 15.51 15.06 14.90 14.60
traj-187:
 8.22  8.98 10.18 11.30 11.79 13.31 15.04 15.78 16.51 18.38 19.93 21.31 22.87 23.31 24.07 24.71 24.73 24.63 24.42 24.43 24.44 24.32 23.81 21.98 20.38 18.47 16.57 15.00 13.39 12.67 11.00 10.40  8.85  7.79  6.38  5.26  3.52  2.37
11.23 11.70 12.46 13.49 14.04 15.33 15.94 16.22 17.08 17.35 16.94 16.54 17.52 17.93 19.69 21.50 23.23 23.71 23.78 24.38 25.81 26.97 28.29 29.01 28.93 28.86 28.67 28.48 28.43 28.39 28.31 28.27 28.24 28.21 28.16 28.38 28.62 29.06
traj-188:
 2.06  3.60  4.81  6.51  6.81  8.69  9.88 11.51 12.61 14.37 16.25 17.70 19.38 21.16 21.74 23.23 24.15 25.07 25.21 25.30 25.56 25.73 25.80 25.39 25.01 23.51 22.07 21.21 19.50 17.89 16.16 15.42 14.42 14.13 13.20
30.25 30.06 29.73 29.62 29.61 29.55 29.46 29.08 28.90 28.62 28.45 28.43 28.38 28.76 28.84 28.71 27.11 25.66 24.17 22.96 21.54 19.64 18.77 17.18 16.20 15.11 15.27 15.36 14.75 14.22 13.60 12.71 11.29 10.67  8.93
traj-189:
 6.77  7.30  8.76  9.48 10.74 12.51 12.81 14.71 16.07 17.58 18.05 19.48 20.43 21.83 22.89 24.00 24.46 24.86 24.83 24.72 24.48 24.11 22.99 22.08 20.55 18.58 17.73 16.02 15.12 13.96 12.94 11.76 10.76  9.10  7.27  5.37  3.47
14.48 14.87 15.57 15.86 16.01 15.97 15.98 16.30 16.48 16.66 16.63 16.48 16.17 17.34 17.42 18.81 19.66 21.47 22.56 23.58 25.41 27.37 28.93 29.78 29.88 29.94 29.82 29.52 29.37 29.23 29.16 29.05 28.92 29.15 29.38 29.57 30.04
traj-190:
 2.93  4.81  6.25  7.22  9.05 10.27 11.41 12.85 14.69 15.63 17.30 18.82 20.79 22.21 24.14 24.43 24.61 24.79 24.61 24.45 24.32 24.26 23.14 23.01 21.77 20.10 18.31 17.63 16.09 14.52 13.54 12.05 10.51  8.91  7.36  5.91  4.97
29.55 29.54 29.37 29.32 29.34 29.11 28.88 28.56 28.32 28.36 28.31 28.50 28.68 29.60 29.26 28.11 26.97 25.15 24.09 22.22 20.69 19.04 17.63 17.35 15.87 15.04 14.70 14.43 13.86 13.14 12.65 12.18 10.92  9.89  8.73  7.40  6.30
traj-191:
11.23 12.09 13.38 14.65 15.19 16.37 18.16 19.82 21.50 22.09 23.48 24.33 24.87 24.75 24.45 24.27 24.17 23.23 21.41 19.74 19.38 17.54 15.86 14.81 13.41 11.48 10.26  8.40  7.04  5.19  3.59  2.71
10.47 11.58 12.75 14.02 14.45 15.65 16.47 17.30 17.73 17.86 18.13 19.75 20.86 22.46 24.40 25.61 27.22 28.78 29.08 29.40 29.46 29.19 29.28 29.37 29.46 29.47 29.24 29.01 28.92 28.78 28.59 28.44
traj-192:
 3.31  4.16  5.65  7.53  9.16 10.25 12.16 12.76 14.58 15.61 16.72 17.00 17.13 18.51 19.59 21.55 23.42 24.05 24.26 24.31 24.38 24.21 24.17 23.28 22.07 20.28 18.53 16.58 15.16 13.92 12.31 11.88
28.86 28.84 28.61 28.69 29.15 29.10 28.54 28.50 28.37 28.67 28.99 28.89 28.62 28.38 28.32 28.26 28.17 26.51 24.86 23.69 22.64 20.73 19.84 18.28 17.75 17.25 16.65 16.42 16.21 16.05 15.73 15.66
traj-193:
 6.12  6.68  8.59  9.98 10.65 12.05 13.33 14.90 16.86 17.33 19.24 20.28 21.80 22.09 24.00 24.36 24.58 24.73 25.19 24.70 24.48 23.16 21.57 19.61 17.65 15.73 14.68 13.25 11.48  9.67  8.01  6.10  5.47  3.96
16.31 16.46 16.63 16.80 16.85 16.98 17.10 17.26 17.30 17.43 17.75 17.75 18.13 18.19 18.57 20.46 21.07 22.95 24.89 26.46 28.11 28.57 29.16 29.18 28.91 29.32 28.97 28.65 29.09 29.61 29.73 29.63 30.06 30.89
traj-194:
 3.59  5.46  6.89  8.82  9.32 10.92 12.44 13.64 15.47 16.33 18.27 19.97 21.08 22.84 24.62 25.49 25.84 25.34 24.91 24.57 23.57 22.57 21.01 19.28 17.81 17.17 15.93 14.48 13.18 11.64  9.93  8.71  7.05  6.14
29.82 29.87 29.94 30.14 30.29 30.39 30.54 30.01 29.38 29.26 29.00 28.99 29.11 29.00 28.43 26.68 25.00 23.08 21.29 19.72 18.22 16.87 16.44 16.18 15.12 15.03 13.70 12.36 11.12 10.27  9.30  8.61  7.61  6.87
traj-195:
14.69 14.10 13.91 13.86 13.81 14.02 15.07 16.71 18.55 19.99 20.90 22.21 23.78 24.02 24.61 24.89 25.09 25.68 25.95 26.00 24.70 23.93 22.38 21.20 20.40 18.61 16.85 15.43 13.55 12.06 10.34  8.55  6.97  5.64  3.99  3.01
 7.10  9.00 10.00 11.38 12.53 13.44 14.00 14.96 15.01 15.12 15.07 16.53 17.75 18.24 19.83 20.82 22.71 24.56 26.34 27.73 29.20 29.37 29.31 29.09 28.79 28.43 28.27 28.20 28.34 28.69 29.00 29.10 29.19 29.66 30.16 30.46
traj-196:
 3.04  3.28  5.15  6.33  7.32  8.99  9.64 11.23 12.40 12.85 14.79 15.47 17.17 18.39 20.24 21.13 23.01 23.75 25.44 25.82 25.68 25.17 25.21 25.33 25.46 25.55 25.57 25.04 24.46 22.51 21.35 20.58 19.34 17.67 16.67 15.61 14.49 13.37 11.87
28.43 28.61 29.23 28.82 28.66 28.80 28.96 28.73 28.65 28.58 28.66 28.62 28.54 28.79 29.29 29.44 29.71 29.64 29.13 27.33 27.06 25.36 24.13 22.93 21.29 20.42 19.04 17.69 15.78 15.61 15.30 14.85 14.41 13.79 13.52 13.14 12.50 11.82 11.10
traj-197:
 9.82 11.37 13.23 13.83 15.74 17.16 18.42 19.45 21.28 22.46 23.49 24.16 25.08 25.20 24.70 24.52 24.29 24.12 24.62 24.10 22.31 20.96 19.06 18.05 16.23 14.68 13.26 11.92  9.94  8.59  7.36  6.29  4.68  3.71
12.55 13.60 14.13 15.18 15.74 16.71 16.79 16.58 16.07 15.70 16.30 17.95 19.45 21.39 23.19 24.26 24.46 25.46 27.31 27.60 28.38 28.43 28.30 28.47 29.04 28.87 28.80 28.89 29.11 29.12 28.99 28.76 28.29 28.17
traj-198:
 2.54  3.24  5.02  5.86  7.72  9.44 10.37 11.23 12.65 14.46 15.84 16.78 18.52 20.33 21.51 23.44 24.16 24.25 24.19 24.07 24.07 24.04 23.23 22.75 21.28 20.66 19.12 17.28 15.45 14.15 12.74 11.69 10.97 10.80 10.55 10.57
30.24 29.63 28.83 28.51 28.22 28.28 28.23 28.31 28.36 28.37 28.35 28.35 28.37 28.22 28.13 28.16 26.59 25.16 23.99 22.13 20.71 19.52 18.08 17.76 17.06 17.20 17.12 17.00 17.22 16.17 15.06 13.78 12.97 11.61  9.78  9.28
traj-199:
15.43 16.32 18.21 19.17 19.55 21.06 23.00 23.84 25.36 26.00 26.79 26.41 26.19 25.54 25.31 24.60 24.47 24.03 22.76 22.14 20.54 19.44 17.84 16.83 15.04 14.25 12.33 11.06  9.27  7.71  6.44  5.01  3.61
17.30 17.16 16.78 16.54 16.18 15.30 15.05 15.03 16.02 17.43 18.95 20.56 21.19 23.07 23.62 25.32 26.05 27.22 28.49 28.60 28.78 28.92 28.55 28.26 28.45 28.50 28.68 28.87 28.78 28.75 29.13 29.49 29.78
