traj-0:
19.72 19.37 17.60 16.44 14.72 13.74 12.91 11.23  9.32  7.80  6.22  5.39
 1.40  3.24  3.74  3.77  3.88  4.39  4.79  5.84  5.87  5.29  4.73  4.24
traj-1:
20.33 20.12 20.07 20.10 19.90 19.94 19.99 19.96 20.20 20.29 19.98 19.64 19.68 19.65 19.64 19.53 19.03 18.04 16.16 14.69 14.10 12.41 11.54 10.33  9.09  7.19  6.57
 0.63  2.52  3.98  5.90  6.42  8.35  9.70 10.60 12.57 14.04 15.62 16.76 17.91 19.85 21.69 22.42 24.13 24.80 25.35 25.37 25.36 24.34 23.68 23.77 23.90 23.78 23.78
traj-2:
20.59 20.23 19.94 19.76 19.46 19.31 19.37 19.39 19.49 19.48 19.94 19.98 20.03 20.07 20.11 20.27 20.97 21.22 23.00 24.47 25.96 26.07 27.56 28.35 29.28 30.09 30.84 30.93 31.69 32.14 32.56 32.66 32.99 34.26 34.68
 1.42  2.70  4.33  6.10  7.63  9.23 10.45 12.35 13.95 14.98 16.86 18.68 20.35 21.56 22.44 24.23 25.86 26.02 26.17 26.32 26.46 24.57 23.27 21.94 20.62 18.85 17.09 16.80 15.16 13.72 11.96 11.10  9.93  8.39  7.40
traj-3:
18.45 19.08 18.09 16.46 14.98 14.80 13.30 12.58 11.45 10.05  9.32
 1.06  2.27  3.68  3.72  3.76  4.00  4.94  6.03  7.66  9.04  9.27
traj-4:
18.26 18.79 19.53 19.58 19.88 19.87 19.87 19.91 19.82 19.71 19.99 20.16 20.13 19.41 19.05 18.83 18.53 18.44 18.49 17.59 15.68 14.24 12.85 11.94 12.12 12.23 10.89  9.41  8.59  6.81
 0.55  1.33  3.15  3.97  5.26  6.60  8.11  9.98 11.32 12.96 14.25 15.12 16.81 18.65 20.19 20.73 22.66 23.43 25.34 25.38 25.29 25.21 24.44 22.82 20.88 19.70 18.31 18.06 17.88 17.59
traj-5:
20.50 20.51 20.22 20.03 19.96 19.85 19.84 19.70 19.55 19.44 19.39 19.31 19.26 19.33 19.46 19.62 19.98 20.33 20.42 21.45 23.23 23.80 25.29 27.15 27.47 27.62 27.79 28.08 28.36 28.90 29.21 29.59
 0.73  2.34  3.94  5.87  6.24  7.75  9.29 10.16 11.83 13.14 14.74 16.22 17.87 19.75 20.98 22.15 23.62 25.32 25.76 26.50 26.66 26.72 26.78 26.36 24.46 23.61 21.86 20.18 19.26 18.32 16.68 15.61
traj-6:
19.66 18.31 17.14 15.96 14.79 13.66 12.70 11.43  9.83  8.13  7.12  5.19
 1.59  2.51  3.20  3.31  3.44  4.24  4.76  5.33  6.18  7.09  8.70  9.11
traj-7:
18.73 19.06 19.05 19.08 19.44 19.73 19.64 19.78 19.58 20.05 20.03 20.10 19.90 19.88 20.00 20.05 19.19 17.37 15.37 14.26 13.11 11.42  9.56  8.98  7.97  6.49  5.33  4.41
 1.47  3.04  3.56  5.24  7.03  8.91 10.73 12.46 14.27 16.16 16.75 18.33 20.24 20.88 22.53 23.38 25.06 25.27 25.39 25.28 25.52 25.07 24.45 23.78 22.53 22.46 22.64 22.76
traj-8:
19.74 19.65 19.65 20.07 20.04 19.99 19.91 19.76 19.79 19.87 19.95 20.03 20.16 19.92 19.70 19.58 19.55 20.30 21.76 22.62 24.38 25.81 27.58 28.27 29.75 30.61 31.83 32.89 33.38 33.96
 1.15  1.66  3.60  5.39  6.74  8.58  9.89 11.42 12.77 13.83 15.16 16.26 18.01 19.74 21.15 23.03 24.03 25.33 26.09 26.08 26.02 26.01 25.75 25.70 25.50 25.30 23.72 22.60 21.43 20.01
traj-9:
20.80 20.10 19.08 18.03 16.21 15.32 13.69 12.31 10.77  9.94  8.67  8.75  8.46
 0.82  2.20  3.72  4.14  3.56  3.63  3.73  4.17  4.18  5.80  7.32  9.20  9.46
traj-10:
18.44 18.93 19.16 19.39 19.42 20.08 19.90 19.92 20.06 20.28 20.00 19.91 20.19 20.23 19.30 18.14 17.56 16.18 14.29 13.42 11.91 10.65  8.93  7.02  5.93  4.17
 1.06  2.61  4.10  5.87  7.70  9.53 11.14 13.13 13.99 15.64 17.56 18.68 20.45 20.75 22.33 23.45 25.13 25.18 25.20 25.22 24.59 24.05 23.57 23.83 23.90 24.28
traj-11:
18.93 18.95 19.01 19.23 19.43 19.48 19.50 19.48 19.53 19.81 20.01 20.05 20.12 20.08 20.16 20.20 20.87 21.85 23.61 25.52 27.05 29.01 29.43 30.26 31.48 32.42 33.27 34.13 34.63
 1.60  3.11  3.63  5.53  7.43  9.28 10.15 11.50 12.58 14.54 16.50 17.51 19.46 21.24 23.11 24.14 25.57 26.17 26.34 26.54 26.69 26.82 26.15 24.77 23.25 21.74 20.19 18.62 17.92
traj-12:
19.05 18.56 17.08 15.33 14.14 13.19 11.32 10.15  8.39  6.44
 1.15  2.50  3.73  3.72  3.73  4.20  4.57  4.40  3.82  3.37
traj-13:
18.03 18.69 19.15 19.62 19.64 19.74 19.86 19.89 19.98 20.06 20.04 20.11 20.09 19.74 19.12 18.55 17.28 15.46 13.73 13.43 11.69 10.62 10.31 10.11
 1.61  2.68  4.26  5.58  6.82  8.50 10.07 11.91 12.96 14.27 16.20 18.06 20.03 20.74 22.45 24.21 25.59 25.57 25.59 25.58 25.40 24.75 22.99 22.27
traj-14:
20.65 20.71 20.45 20.32 20.08 20.12 20.10 19.99 19.96 19.98 19.86 19.90 19.87 19.89 19.92 19.94 19.92 20.03 20.01 19.88 21.70 22.19 23.95 24.55 26.54 28.20 28.65 29.47 30.69 31.56 32.42 33.08 33.95 34.90 35.63 36.19
 0.51  0.73  2.53  3.29  5.14  6.71  7.18  8.90  9.88 11.56 13.04 13.89 14.67 16.47 17.92 19.05 20.83 22.16 23.51 25.44 26.12 26.06 26.21 26.20 26.08 25.42 24.15 23.34 21.82 20.44 18.87 18.05 16.30 14.68 13.19 12.18
traj-15:
19.63 19.70 18.88 17.48 16.61 14.90 13.17 12.59 10.70
 0.88  2.19  3.90  3.73  3.60  3.37  3.29  3.26  3.27
traj-16:
18.90 19.17 19.38 19.58 19.74 19.93 19.54 19.04 19.11 19.22 19.34 19.14 19.06 18.98 18.98 19.10 18.71 18.12 16.68 14.77 13.60 11.86
 0.64  1.98  2.89  4.00  5.55  6.47  7.78  9.66 10.79 12.58 13.42 15.29 16.40 17.44 19.30 21.20 23.01 24.53 25.23 25.25 25.29 24.44
traj-17:
18.13 18.38 18.76 19.01 18.98 19.11 19.21 19.16 19.12 19.13 19.14 19.15 19.13 19.13 19.49 19.42 18.91 19.00 20.38 22.13 23.02 24.76 25.35 26.84 28.32 28.52 28.49
 1.64  2.65  4.09  5.59  6.58  8.53 10.51 12.46 12.80 14.73 15.15 16.69 18.28 19.66 21.27 22.29 24.09 25.98 26.50 26.61 26.49 26.32 26.29 26.07 24.93 23.09 21.32
traj-18:
19.12 18.84 17.13 16.05 14.31 12.70 11.58 10.33 11.52
 0.69  2.30  3.10  3.13  3.23  3.34  4.04  5.34  6.62
traj-19:
20.80 19.71 18.95 18.76 18.85 19.10 19.68 20.25 20.34 20.45 20.44 20.39 20.39 20.19 19.59 18.98 18.68 19.17 19.07 18.53 16.80 16.21 14.47 13.03 11.79 11.86 11.98 12.02 12.00 11.95
 0.76  1.55  2.00  3.91  4.74  5.84  7.37  9.27  9.55 11.26 11.56 13.27 15.02 16.17 18.02 18.61 20.59 21.60 23.53 24.71 25.53 25.49 25.34 25.21 23.69 22.90 20.99 20.40 18.96 17.57
traj-20:
20.20 19.75 19.30 19.63 19.93 20.25 20.10 19.88 20.06 20.03 20.07 20.09 20.01 19.89 19.77 19.93 19.94 21.33 22.48 24.24 24.53 26.30 27.50 29.11 30.71
 0.43  1.83  3.38  5.29  6.96  8.66 10.64 12.54 13.64 15.35 16.50 17.40 19.34 21.20 21.89 22.98 24.92 26.06 26.23 26.52 26.60 26.48 26.36 27.28 27.93
traj-21:
19.09 18.36 18.13 17.95 16.24 15.70 13.93 12.96 12.87 12.72 12.62 12.54 11.78
 0.48  1.79  2.38  3.99  3.78  3.72  3.59  4.62  5.41  7.19  8.54  9.65 10.25
traj-22:
20.38 19.85 19.71 19.61 19.47 19.53 19.44 19.44 19.78 19.88 19.86 19.96 19.35 18.67 18.43 17.70 17.41 15.67 14.62 13.17 11.24 10.16  8.71  8.32  7.98  7.95  8.84  9.98
 1.08  2.86  4.26  6.13  7.90  9.46 11.30 12.64 14.40 15.51 17.45 18.99 20.83 22.18 23.55 25.09 25.19 25.59 25.74 25.47 25.24 25.10 25.03 23.37 21.83 19.91 18.90 17.40
traj-23:
18.75 18.66 18.71 19.01 19.52 19.37 19.08 19.00 19.05 19.24 19.49 19.58 18.98 18.99 18.76 18.80 19.35 19.95 20.27 21.98 23.77 24.81 26.75 28.12 29.24 30.72 31.14 31.18 31.19 31.09 30.88 30.78 30.68 30.46 30.26 30.05 29.72 30.22
 0.83  1.43  3.15  5.03  6.29  7.34  9.12 10.88 12.41 14.33 16.07 16.37 18.26 18.42 20.34 21.42 22.53 23.71 25.09 26.05 26.01 26.12 26.09 25.14 24.75 23.91 22.65 20.73 19.59 17.61 15.84 14.55 13.81 12.36 11.01  9.65  7.72  5.99
traj-24:
18.17 19.60 19.80 20.05 19.66 18.13 16.27 14.36 13.65 13.11 13.11
 0.62  2.00  2.22  4.08  4.96  4.16  3.59  3.79  4.27  4.87  6.77
traj-25:
20.65 20.46 20.13 20.00 19.95 19.88 19.89 19.94 19.94 19.91 19.83 19.84 19.91 19.97 20.13 19.57 19.33 18.24 17.24 16.65 15.00 13.34 12.39 11.52 10.31  9.46
 0.62  2.01  3.75  5.49  6.32  7.61  9.46 10.61 11.97 13.75 14.84 15.33 17.01 18.65 20.44 22.02 23.18 24.56 25.52 25.59 25.71 25.01 24.22 22.92 22.70 22.65
traj-26:
18.23 18.51 18.79 19.04 19.27 19.33 19.27 19.02 18.79 18.81 18.81 18.83 18.90 19.03 19.12 19.25 19.23 19.31 19.39 19.64 20.41 21.60 22.75 24.51 25.10 26.95 27.78 29.55 30.86 32.68 34.58 35.45 36.28 36.53
 0.41  1.76  2.81  3.96  4.99  6.73  7.14  8.83 10.65 12.60 13.20 15.04 16.21 17.30 18.46 20.21 20.72 22.32 24.16 25.93 26.13 26.27 26.41 26.65 26.79 26.89 26.81 26.27 26.03 25.53 25.54 25.46 23.91 23.07
traj-27:
18.24 18.46 18.43 18.13 16.37 15.19 13.78 12.14 11.56  9.84  8.32  8.03  6.17  5.03
 0.77  1.33  3.29  3.32  3.52  3.67  3.85  4.29  4.41  5.43  6.53  6.61  5.98  5.52
traj-28:
20.34 19.96 19.90 19.85 19.83 19.79 19.87 19.94 20.00 19.46 19.12 18.96 19.27 19.18 18.92 19.25 19.58 18.60 17.06 15.30 13.58 11.95 10.21  8.37  6.55  6.12
 1.18  2.67  3.70  4.77  6.23  7.72  9.51 11.50 12.08 13.78 15.61 17.01 18.76 19.99 21.56 22.46 23.73 25.13 25.20 25.13 25.07 24.09 23.91 23.58 23.40 23.70
traj-29:
19.08 19.48 19.73 20.03 20.10 20.07 19.98 19.61 19.26 18.39 19.05 19.43 20.23 19.24 19.03 18.34 18.19 18.50 19.26 20.77 21.66 22.83 23.42 24.88 25.75 26.84 27.45 28.05 28.68
 1.38  2.68  4.01  5.69  7.45  9.32 10.11 11.55 13.34 14.94 16.54 17.19 18.71 20.25 20.46 21.39 22.37 24.10 24.82 26.03 26.17 26.37 26.48 26.72 26.71 27.39 28.76 30.50 31.29
traj-30:
19.90 19.23 18.11 17.41 15.42 14.84 13.86 13.44
 1.32  2.35  3.42  3.70  3.76  3.63  4.31  4.74
traj-31:
19.89 20.02 19.35 19.06 19.04 19.16 19.39 19.46 19.46 19.55 19.63 19.63 19.63 19.34 19.30 19.52 19.80 19.66 20.21 20.11 19.87 17.88 16.70 14.97 14.41 12.93 12.67 11.72  9.98  8.50  7.78  6.41  4.89
 0.89  1.52  3.17  3.89  5.34  7.08  8.65 10.49 10.79 12.02 12.84 14.70 15.47 16.99 18.05 19.89 20.53 21.23 23.11 23.97 25.54 25.50 25.79 25.56 25.46 24.54 24.39 23.68 22.78 21.72 21.27 20.21 19.73
traj-32:
20.39 20.37 20.25 20.22 20.21 20.08 19.94 20.08 20.10 20.13 20.07 19.98 19.96 20.01 20.03 20.06 20.47 22.00 22.59 23.16 24.04 25.20 26.81 27.90 29.11 29.77 30.46 31.51 32.11 33.38 34.03 35.07 36.39 36.49
 1.29  1.84  3.57  4.70  5.78  7.50  9.07 10.84 12.62 14.55 16.30 18.13 19.56 21.47 23.30 23.60 25.33 26.44 26.52 26.65 26.81 26.96 27.62 27.98 26.86 25.92 24.84 23.32 22.47 21.00 20.31 19.15 17.65 17.37
traj-33:
18.26 18.36 18.36 17.42 15.84 14.38 12.65 10.86 10.26
 0.58  2.51  2.81  3.62  3.78  3.77  3.85  4.74  5.05
traj-34:
20.46 20.54 20.54 20.34 20.09 20.01 19.98 19.92 19.95 19.99 20.01 20.01 19.72 19.37 19.13 18.45 18.44 18.02 16.45 15.59 13.66 13.36 12.50 11.88 11.67 10.91  9.33  7.62  6.78
 1.62  2.19  4.17  6.12  7.20  8.62  9.43 11.08 12.96 14.56 15.38 16.72 18.57 19.73 20.39 21.81 23.56 24.85 25.20 25.25 25.08 25.06 24.54 22.77 21.25 19.65 18.56 17.55 17.18
traj-35:
19.72 19.67 19.53 19.43 19.31 19.26 19.58 19.67 19.83 19.95 20.05 20.09 20.06 19.77 19.48 19.35 19.73 20.76 21.31 22.48 23.94 25.10 26.50 27.12 28.13 28.65 29.48 29.59 30.29 30.78
 0.45  1.84  3.00  4.90  6.42  7.87  9.67 11.49 13.27 14.42 16.25 17.97 18.27 20.05 21.97 22.83 24.46 25.82 26.11 26.13 26.09 26.26 25.68 24.18 22.52 21.48 19.90 19.71 18.06 16.89
traj-36:
20.57 19.36 18.10 16.77 15.30 14.72 13.39 12.82 11.20 10.66  9.48
 1.07  2.14  3.36  3.82  3.81  3.77  4.71  5.88  5.07  4.81  3.22
traj-37:
18.57 18.67 18.77 18.86 18.95 18.96 18.87 18.97 19.02 19.01 19.00 18.91 18.88 18.76 18.77 18.90 18.96 19.02 18.20 17.76 16.25 15.12 13.51 12.02 10.82  9.91  8.79  7.63  6.40
 1.64  2.97  3.67  5.06  6.21  7.60  9.05 10.51 11.39 12.54 13.47 15.40 16.79 17.54 18.95 20.35 21.46 22.94 24.53 25.15 25.84 26.06 26.35 25.25 23.66 21.88 20.46 19.26 17.93
traj-38:
18.26 18.68 19.23 19.55 20.12 20.18 20.28 20.36 19.99 19.64 19.36 18.83 18.61 18.60 18.43 18.48 18.20 19.88 21.83 23.27 25.25 25.86
 1.54  3.00  4.59  6.34  8.12  9.68 11.16 12.04 13.98 14.93 16.35 17.67 18.89 20.78 22.06 23.58 25.04 26.12 26.16 26.14 26.36 26.98
traj-39:
18.04 19.10 18.29 16.37 15.78 14.05 12.86 11.20  9.57  8.55  6.71  5.15
 0.41  2.09  3.88  3.38  3.28  3.09  3.21  3.52  4.24  4.55  4.71  3.97
traj-40:
20.62 20.18 19.99 19.77 19.83 19.72 19.75 19.79 19.97 20.19 19.97 19.74 19.36 19.12 19.11 19.06 17.21 15.49 14.08 12.77 11.92 11.76
 1.62  3.49  4.58  6.47  8.09  9.77 11.43 12.99 14.75 16.43 17.83 19.43 21.31 23.27 23.89 25.45 25.93 25.84 25.50 24.46 22.94 21.92
traj-41:
19.86 19.99 20.05 19.94 19.64 19.33 19.03 18.46 19.17 20.20 20.06 20.25 20.24 20.20 20.18 20.12 20.13 19.45 20.30 21.47 23.20 24.93 26.23 27.53 28.96 30.74 32.69
 0.76  2.30  3.40  4.57  6.05  7.54  9.48 11.37 13.22 14.74 16.65 17.91 18.76 20.37 22.31 24.04 24.34 25.99 26.22 26.47 26.73 26.54 26.25 25.89 24.70 23.81 23.43
traj-42:
18.70 18.62 17.11 15.92 14.14 13.56 12.53 11.20  9.33  7.48  6.16
 1.59  2.07  3.27  3.31  3.46  3.56  4.34  5.29  5.41  4.77  4.33
traj-43:
19.22 19.32 19.59 19.80 19.95 19.92 19.95 19.97 19.98 20.16 20.25 20.46 20.19 19.60 19.29 19.01 19.19 19.69 19.32 17.72 16.27 15.62 13.87 12.75 12.18 11.40 10.38  9.37  8.70
 1.13  1.62  3.27  4.18  5.91  7.55  8.58 10.42 12.18 13.89 15.25 16.69 17.72 19.13 19.78 21.52 21.94 23.73 24.46 25.38 25.36 25.37 25.18 24.55 23.36 22.23 21.00 19.33 18.18
traj-44:
19.32 19.90 19.94 19.98 20.14 20.10 20.17 20.18 20.31 20.39 20.29 20.16 20.02 20.02 20.00 20.10 20.19 20.09 20.35 20.87 22.35 23.85 25.64 27.59 28.16 30.10
 1.69  3.19  4.41  5.64  7.44  9.06 10.63 11.53 13.35 14.08 15.52 16.60 17.78 19.55 19.85 21.75 22.64 24.23 25.73 26.02 26.03 26.05 26.08 26.32 26.49 26.92
traj-45:
19.19 18.48 17.66 16.59 15.14 14.25 13.07 11.73 10.60  8.86  7.29  5.83
 0.74  2.28  3.07  3.46  3.50  3.50  3.50  3.49  3.52  3.36  3.15  3.01
traj-46:
18.06 18.63 19.12 19.42 19.67 19.84 19.80 19.48 19.68 20.19 20.08 20.07 20.04 20.03 19.62 19.36 18.85 17.60 15.65 14.20 12.50 11.95 11.12  9.91
 0.78  1.31  3.22  4.77  6.66  8.33  8.62 10.59 12.47 14.26 16.21 17.25 18.89 20.20 21.83 22.52 24.29 25.35 25.40 25.20 24.31 24.06 23.72 22.90
traj-47:
20.53 20.27 19.29 19.32 19.14 19.28 19.30 19.44 19.54 19.87 19.94 19.97 20.09 20.08 19.47 19.13 18.68 19.88 20.18 21.49 22.07 23.82 24.11 25.83 27.13 29.02 30.20 31.53 32.34 32.67 32.91 33.13
 0.45  1.23  2.86  4.27  5.82  7.72  8.32 10.29 11.53 13.33 14.33 16.20 18.13 19.82 21.29 22.04 23.86 24.80 25.21 26.19 26.33 26.65 26.71 26.73 26.19 26.32 25.52 24.07 22.32 20.99 19.64 18.83
traj-48:
18.20 18.79 19.02 17.88 16.74 14.99 14.10 12.80 12.39
 0.70  1.55  2.75  3.69  3.53  3.52  3.69  5.05  5.79
traj-49:
20.04 19.98 19.95 19.99 19.95 19.98 20.09 19.61 19.59 19.64 19.88 20.08 19.74 19.65 19.40 19.11 18.91 17.31 15.59 14.44 12.92 11.28  9.55  8.08  6.94
 1.74  2.57  4.41  5.21  7.14  8.02  9.81 11.68 13.11 14.68 15.20 16.99 18.90 20.60 22.15 23.92 24.97 26.07 26.31 26.21 26.03 25.82 24.91 24.38 23.88
traj-50:
20.75 20.47 19.94 20.02 20.03 20.07 20.02 20.02 20.00 19.97 19.96 19.98 19.83 19.88 19.90 19.88 19.85 19.94 20.33 21.87 23.86 25.65 27.10 27.73 29.34 31.00 32.20 33.75 33.99
 1.27  2.00  3.81  5.28  6.12  8.07  9.39 10.94 11.43 13.00 14.73 16.62 18.37 18.90 20.40 21.57 23.16 23.42 25.27 26.09 26.08 26.06 27.18 27.69 28.65 29.52 30.28 31.25 31.43
traj-51:
19.81 18.70 18.14 16.50 14.74 13.57 12.97 11.98
 1.75  2.83  2.99  3.18  3.25  4.48  5.11  6.04
traj-52:
19.61 19.93 20.05 19.99 19.98 19.99 19.94 19.94 19.95 19.96 20.00 19.97 19.84 19.72 19.29 19.09 18.83 17.56 16.23 14.74 12.97 11.07 10.00 10.12 11.39 12.05 12.64
 0.49  2.33  4.03  5.64  7.43  9.09 10.37 12.24 13.60 14.99 16.25 17.65 18.79 19.64 21.53 23.47 23.91 25.09 25.15 25.11 25.12 24.64 23.56 21.56 20.15 19.05 18.03
traj-53:
18.80 19.19 19.63 19.95 20.09 20.15 20.23 20.27 20.08 20.09 20.08 20.09 20.17 20.18 20.19 20.13 20.26 21.75 22.91 23.20 24.94 26.57 28.24 30.08 31.10 33.05 34.58 36.00 36.47
 1.23  2.86  4.44  5.81  7.52  8.63 10.12 11.87 13.01 14.76 16.22 18.02 19.46 21.17 22.86 23.54 25.01 26.08 26.36 26.41 26.77 27.31 26.94 26.46 26.37 26.02 25.85 27.04 28.71
traj-54:
19.95 19.22 18.23 17.84 17.40 16.12 14.39 12.62 11.04  9.78  9.02  7.95  6.94
 0.70  1.32  2.40  2.84  3.25  3.86  3.83  4.49  5.57  6.57  7.07  7.80  8.39
traj-55:
19.28 19.63 19.69 19.85 19.80 19.78 19.66 19.53 19.17 18.73 18.52 18.81 19.40 19.21 19.12 18.66 18.53 18.34 18.18 17.40 15.68 14.51 12.91 12.41 10.94  9.34  8.45  6.73  5.91  4.41
 1.83  2.60  4.49  5.83  7.70  8.20  9.87 10.87 12.49 13.32 14.70 15.88 17.76 19.58 20.03 21.77 22.54 23.99 24.50 25.68 25.89 25.92 24.80 24.47 23.29 22.13 21.42 21.20 21.07 20.75
traj-56:
19.36 19.50 19.45 19.56 19.67 19.79 19.86 19.88 19.94 19.96 19.99 20.00 20.11 19.91 19.64 19.41 20.96 22.44 24.22 25.40 26.29 26.31 26.45 26.65 26.69 26.78 26.90 27.04 27.33
 0.90  2.77  4.48  6.30  7.54  9.46 10.06 11.80 13.57 15.55 16.89 18.10 19.69 21.36 22.99 24.94 26.17 26.22 26.37 26.28 26.22 24.27 23.17 21.78 19.85 19.25 17.31 16.62 14.76
traj-57:
19.42 19.28 18.28 17.05 15.33 13.89 12.14 10.64  9.72  8.45
 0.83  1.10  2.63  3.53  3.65  3.82  3.93  4.32  4.73  5.06
traj-58:
18.83 19.08 19.16 19.22 19.27 19.23 19.23 19.11 19.05 19.01 18.82 18.80 18.91 19.18 19.42 18.38 17.27 15.54 13.93 12.72 11.71 10.72  9.85  8.33  6.69  5.58  4.67
 1.17  3.04  4.97  6.52  8.46  9.94 10.82 12.23 13.46 15.01 16.80 17.87 19.74 21.71 23.32 24.19 25.69 25.31 25.08 24.12 23.00 22.07 21.65 22.10 23.05 23.80 24.37
traj-59:
19.09 18.96 18.98 19.02 18.78 18.88 19.20 18.72 18.40 18.29 18.19 18.49 19.01 19.18 19.06 19.18 19.64 19.83 19.83 20.66 21.73 23.50 25.29 27.11 28.44 29.81 30.58 30.56 30.52 30.55 30.50 30.39 30.24 30.19 29.89 29.79 29.74
 0.84  2.59  4.59  5.14  7.06  7.62  9.48 11.13 12.53 13.27 14.54 15.73 17.49 18.71 20.30 20.79 22.24 23.21 25.07 25.47 26.10 26.07 26.05 25.48 24.98 23.78 22.58 20.66 19.54 17.73 16.89 15.23 13.94 12.64 11.02  9.48  8.59
traj-60:
20.19 18.77 18.53 16.65 14.90 13.85 13.12
 1.76  3.10  3.27  3.73  3.92  4.53  5.44
traj-61:
18.31 18.58 18.88 18.96 19.16 19.56 19.94 19.35 19.12 19.08 19.22 18.75 18.79 19.22 19.37 19.03 19.34 18.12 16.34 14.94 13.51 12.02 11.15 10.24  9.06  8.65  8.32
 1.09  2.37  4.04  5.09  6.65  8.07  9.57 11.05 12.93 14.53 15.91 17.84 18.97 20.86 21.71 22.38 24.35 25.22 25.28 25.18 25.10 24.13 22.78 22.08 21.25 19.41 17.71
traj-62:
18.99 18.94 19.03 19.04 19.12 19.23 19.41 19.40 19.46 19.80 20.01 20.07 20.19 19.95 19.86 19.87 19.76 19.53 21.25 21.82 23.74 25.23 26.63 28.56 29.89 31.71 32.86 34.60 35.66 36.27 36.50
 1.28  2.35  3.57  5.10  6.80  7.94  9.84 10.83 12.06 13.46 15.39 16.52 18.24 19.95 21.54 22.11 23.92 25.50 26.10 26.09 26.03 26.00 25.93 26.36 26.83 27.49 27.74 28.28 28.60 30.14 31.62
traj-63:
19.44 19.11 18.25 16.41 14.87 13.99 12.21 10.57  8.78  7.20  5.75  4.57
 0.64  1.48  3.25  3.74  3.77  3.86  3.74  4.30  4.80  5.36  5.75  6.19
traj-64:
18.30 19.29 19.49 19.81 20.03 19.98 19.93 19.69 19.29 19.49 19.67 19.51 19.68 19.47 19.10 18.88 17.00 16.19 14.21 12.75 11.13  9.82  8.47  9.11  9.50 10.67 11.54
 1.86  2.95  3.26  5.23  6.37  8.31 10.15 12.11 14.06 15.87 17.74 18.92 20.91 22.06 23.97 25.47 26.07 26.05 26.06 25.99 25.41 24.60 23.24 21.63 21.26 19.89 19.22
traj-65:
18.47 18.76 18.94 19.24 19.34 19.62 19.65 19.65 19.68 19.63 19.03 19.28 19.59 19.72 19.74 19.88 19.17 19.12 18.76 19.49 21.14 23.13 24.29 26.20 27.35 28.67 29.61 30.56 30.76 31.29 31.42 31.58 31.72 32.12 32.82 33.29
 1.96  3.59  5.08  6.32  7.36  9.12  9.75 11.40 12.57 13.63 15.33 16.56 17.28 18.26 19.07 20.63 22.39 22.79 24.68 25.18 26.00 26.03 26.04 25.46 24.76 23.97 23.03 21.37 19.49 18.30 17.01 15.73 14.76 13.39 12.31 11.31
traj-66:
20.71 19.95 18.45 17.86 16.12 14.66 13.17 12.12 10.12  8.66  7.57  6.61
 1.72  2.18  3.06  3.17  3.35  3.51  4.57  5.47  5.39  4.39  3.63  3.05
traj-67:
18.45 18.54 18.56 18.62 19.09 19.08 18.53 19.01 19.25 19.91 19.88 19.86 19.96 19.63 19.31 18.74 17.96 16.78 15.03 14.49 12.74 12.07 12.61
 1.54  2.77  4.67  6.60  8.35 10.33 12.06 13.38 13.86 15.64 16.13 17.20 19.13 21.01 22.78 24.06 25.70 25.84 25.67 25.61 25.24 23.63 22.43
traj-68:
19.77 19.86 19.85 19.86 20.01 20.16 19.89 19.87 19.95 20.18 20.25 19.90 19.80 19.75 19.62 19.71 19.60 19.59 19.41 19.39 20.26 21.47 22.06 23.73 24.90 26.70 27.03 28.12 28.19 28.22 28.33
 0.64  0.93  2.87  4.80  6.02  7.13  9.09  9.39 11.24 12.38 14.14 15.54 16.23 18.12 18.39 19.20 21.19 21.83 23.57 23.87 25.45 26.08 26.15 26.46 26.41 26.41 26.13 24.71 22.95 22.17 20.20
traj-69:
19.39 19.05 18.45 16.75 14.98 13.98 13.40 12.15 10.46 10.15  8.45  6.86  5.31
 0.41  1.39  2.71  3.50  3.34  4.52  5.37  6.65  7.43  7.61  8.21  7.87  7.63
traj-70:
18.38 18.86 19.41 19.56 19.67 19.55 19.56 19.80 19.82 19.92 19.99 20.14 20.25 19.64 19.00 17.77 16.10 15.23 13.85 12.68 11.99 12.02 12.08 12.02
 1.96  3.13  4.96  6.49  8.35  9.96 11.72 13.63 15.28 17.08 18.10 19.83 21.00 22.61 24.19 25.51 25.77 25.87 25.94 24.65 22.84 21.58 19.74 18.88
traj-71:
19.24 19.21 19.30 18.99 19.03 19.07 19.24 19.52 19.71 20.27 20.08 20.00 19.84 19.78 19.38 19.15 18.38 19.72 19.99 21.63 21.93 23.66 25.11 27.04 27.21 28.26 28.17 28.60 29.24 30.40 31.25
 1.45  3.34  4.92  6.82  7.08  8.29  9.39 10.83 12.43 14.29 15.98 16.95 18.74 19.61 21.53 22.82 24.16 25.58 25.70 26.17 26.19 26.18 26.11 26.08 25.83 24.71 22.78 21.27 20.04 19.33 18.75
traj-72:
18.51 18.99 18.73 17.66 15.77 14.48 13.20 13.00 12.86 12.66 11.04 10.45  8.69  6.96  5.30
 0.79  1.78  3.74  3.94  3.74  3.95  5.47  6.52  7.72  9.36 10.26 10.27 10.20 10.16 10.38
traj-73:
20.01 19.82 19.95 20.12 20.02 20.03 20.04 20.01 19.92 19.80 20.05 19.97 19.75 19.55 19.38 19.31 19.24 18.38 16.98 15.85 14.97 13.77 12.73 11.86 10.92 10.32  9.19  8.42
 1.11  1.35  3.15  5.13  6.62  7.32  8.13  9.59 11.49 13.46 15.39 16.19 18.08 19.82 20.80 22.40 24.00 24.93 25.26 25.13 25.09 25.13 24.47 22.76 21.25 20.24 18.83 17.69
traj-74:
18.14 18.27 18.69 18.84 19.13 19.26 19.12 19.10 18.99 18.82 19.33 19.38 19.24 19.42 19.12 18.80 18.78 18.92 20.28 21.46 22.02 23.76 25.50 27.43 27.72 29.12 29.72 30.60 31.09 31.40 31.47 31.69 32.58 33.24 33.94 35.05
 1.21  1.64  3.25  4.21  5.33  7.12  8.83 10.21 12.07 13.36 15.26 16.67 18.67 20.09 21.74 23.21 23.78 25.64 26.25 26.49 26.56 26.77 26.75 26.31 26.27 24.95 23.66 22.67 21.46 19.57 18.26 17.21 15.57 13.91 12.34 10.96
traj-75:
19.11 19.76 19.02 17.43 16.01 14.59 13.55 12.69 11.08  9.35  8.23
 0.40  1.67  2.96  3.59  3.83  3.91  3.99  4.36  5.34  5.79  6.07
traj-76:
20.03 19.00 19.07 19.04 19.52 19.88 19.89 20.09 20.31 20.55 20.24 19.89 19.59 19.57 19.43 19.14 19.09 18.61 16.85 16.13 15.83 13.93 12.18 10.79  9.33  7.43  7.17
 0.86  2.42  4.35  6.25  6.78  8.39  9.19 10.76 11.84 13.28 14.63 16.13 17.62 18.77 19.86 21.32 22.37 24.26 25.08 25.42 25.39 25.54 25.27 24.78 24.18 23.56 23.43
traj-77:
19.75 19.81 19.96 19.91 19.93 19.94 20.07 19.94 19.94 19.91 19.96 19.99 20.02 19.93 19.89 19.81 19.78 21.39 22.59 23.47 25.24 26.70 27.73 28.98 29.42 29.60 29.55 29.58 29.35
 1.97  3.92  5.63  7.49  8.79 10.31 11.17 13.13 13.96 15.85 17.79 18.38 20.11 20.76 22.10 23.97 25.31 26.02 26.05 26.06 26.03 24.94 24.05 22.89 21.08 19.36 17.67 16.10 15.17
traj-78:
19.36 19.39 17.71 15.97 15.67 13.90 13.42 12.85 12.84 12.88
 0.90  2.66  3.32  3.51  3.55  3.77  4.05  5.60  6.91  8.48
traj-79:
20.47 20.22 19.80 19.40 19.11 18.81 18.95 18.87 18.77 18.95 18.98 18.93 19.02 19.10 19.18 19.05 18.74 18.07 16.44 15.55 13.64 12.72 12.37 12.20 11.96 11.59
 0.76  2.62  4.56  6.35  7.64  9.16 10.58 11.88 12.75 14.50 15.37 15.97 17.87 19.07 20.73 21.97 23.20 24.66 25.33 25.41 25.17 24.27 22.66 20.97 19.83 18.14
traj-80:
18.08 18.28 18.40 18.72 19.21 19.19 19.75 19.64 19.87 19.98 19.95 19.83 19.76 19.81 19.91 20.00 19.98 19.99 20.17 20.47 20.55 21.30 23.08 24.24 26.01 26.34 27.94 29.20 30.36 30.76 31.78 31.99
 0.45  1.16  2.88  4.60  5.98  7.07  8.18  9.17 10.22 10.50 12.38 13.57 13.90 15.40 17.29 19.12 20.07 21.78 23.38 25.26 25.69 26.13 26.05 26.07 25.42 25.20 24.59 25.88 26.89 27.38 28.62 29.00
traj-81:
19.69 18.92 17.50 16.03 14.58 13.19 12.93 11.18 10.12  8.18
 1.35  2.63  3.90  3.83  3.88  4.75  4.90  4.82  4.98  4.59
traj-82:
20.59 19.98 19.68 19.70 19.86 20.15 20.15 20.25 20.17 19.23 19.51 19.71 19.68 19.80 19.85 19.89 18.70 16.97 16.68 14.80 13.63 11.94 10.33 10.28 10.70 11.18 11.73
 0.91  2.52  3.38  5.16  6.86  7.95  9.85 11.22 12.27 13.81 15.77 17.37 19.26 20.42 21.84 23.51 24.35 25.19 25.24 25.47 25.57 25.04 24.36 22.83 21.52 19.73 18.60
traj-83:
20.77 19.98 19.83 19.44 19.27 18.93 19.07 19.21 19.43 19.32 19.24 19.26 19.53 19.63 20.07 19.90 20.19 21.53 22.95 24.41 25.01 26.50 27.21 27.28 27.72 28.65 28.83 28.69 28.57 28.48
 1.13  2.96  4.25  5.54  6.74  8.32  9.38 10.82 12.74 14.34 15.89 17.31 19.27 21.08 22.87 24.65 25.36 26.06 26.03 26.02 26.03 24.73 22.97 21.05 20.32 18.63 16.86 15.35 13.49 12.76
traj-84:
20.48 19.44 17.78 16.01 14.55 13.63 12.00 11.42  9.63  8.16
 1.98  3.24  3.30  3.37  3.61  4.09  5.14  5.13  5.06  4.99
traj-85:
19.66 19.70 19.84 19.86 19.93 19.99 20.02 20.03 20.07 20.07 19.70 19.34 19.12 19.00 19.38 19.37 19.67 19.15 17.78 16.17 14.38 13.11 12.28 10.99 10.01
 1.01  2.26  3.97  4.27  6.18  7.76  9.60 10.20 11.85 13.46 14.52 16.08 17.89 18.37 20.03 20.44 22.24 24.17 25.18 25.33 25.24 25.25 24.49 23.33 22.64
traj-86:
19.45 19.38 19.14 19.17 19.12 19.01 18.98 18.86 18.90 19.07 18.99 19.26 19.04 19.40 19.80 20.08 20.19 20.19 20.35 21.72 22.02 23.80 25.29 26.88 28.32 29.25 30.53 31.30 33.13 34.08
 0.84  1.77  3.74  5.71  7.05  7.99  8.27  9.54 10.79 12.76 13.81 14.97 15.83 17.34 19.26 21.08 22.92 23.51 25.23 26.04 26.04 26.04 26.07 25.05 23.96 23.31 21.78 21.79 22.19 22.48
traj-87:
19.44 18.84 17.46 15.77 14.31 12.35 10.75  9.13  8.28  9.51 11.37 12.15
 1.11  2.15  3.33  3.64  3.76  3.98  4.34  4.52  6.25  7.44  7.74  7.44
traj-88:
19.33 19.49 20.12 20.08 19.83 19.67 19.62 19.57 19.92 20.13 19.59 19.77 19.38 19.07 18.93 18.66 18.65 18.67 17.30 15.39 13.41 11.87 11.07 10.22  9.47  7.97  6.85  6.24  4.99
 1.13  1.83  3.70  5.66  7.02  8.85  9.38 11.20 13.08 14.63 16.31 16.99 18.90 19.89 20.31 21.98 23.68 25.08 25.22 25.28 25.13 24.28 22.49 21.38 20.48 19.37 18.64 18.16 17.27
traj-89:
20.59 20.40 20.06 19.93 19.88 19.79 19.89 19.86 19.88 19.89 19.69 19.61 19.41 19.40 19.26 19.33 19.34 19.87 20.15 21.91 23.36 25.29 26.12 26.58 26.74
 1.17  1.58  3.42  4.98  6.83  8.73 10.33 11.14 12.70 14.35 16.23 17.66 19.44 20.33 22.30 22.88 24.43 25.96 26.06 26.13 26.27 26.56 27.58 28.46 29.85
traj-90:
20.76 19.17 18.58 17.38 15.89 14.17 12.27 11.42  9.54
 1.42  2.50  2.85  3.61  3.81  3.93  4.53  4.67  4.97
traj-91:
19.93 19.92 19.88 19.91 19.93 19.83 19.80 19.84 19.89 19.94 19.95 19.96 19.93 19.98 20.01 19.01 19.03 18.25 18.10 17.66 17.58 17.00 15.54 14.95 13.20 12.42 11.85 11.10 10.48  9.35  7.67  5.75
 1.78  2.28  4.07  5.13  7.05  8.13  9.33 11.12 12.14 13.96 14.71 16.69 18.59 18.80 19.35 20.86 21.60 23.37 23.84 25.51 25.92 25.92 25.91 25.93 25.94 24.20 23.51 22.36 21.48 20.63 20.29 20.10
traj-92:
18.76 19.06 19.21 19.23 19.03 18.90 18.89 18.80 18.62 18.85 18.72 18.98 18.93 18.67 18.66 19.13 19.45 19.95 21.60 23.06 24.53 26.04 27.80 28.97 30.58 31.75 33.45 34.30
 0.65  1.17  3.05  3.35  4.76  5.44  7.19  8.76 10.35 12.06 13.79 14.85 16.71 18.64 20.57 22.20 23.85 25.65 26.08 26.07 26.04 25.77 25.41 25.04 25.00 25.14 25.37 25.50
traj-93:
19.98 19.21 17.38 16.03 14.84 12.90
 1.50  2.64  3.28  3.66  3.73  3.52
traj-94:
19.88 19.05 18.93 18.95 19.04 19.20 19.11 19.38 19.48 19.64 19.92 19.46 19.22 19.63 19.60 19.41 19.24 19.19 17.25 15.73 14.22 13.63 12.18 10.36  9.65  7.70  6.20  5.34
 0.44  1.79  3.36  3.93  5.61  7.20  8.29 10.16 10.62 12.17 14.12 15.88 17.42 18.61 20.41 21.69 23.16 24.87 25.31 25.43 25.38 25.34 25.33 24.76 24.38 24.17 24.04 24.11
traj-95:
19.81 19.86 19.84 19.76 19.74 19.90 20.11 20.15 20.27 20.33 20.26 20.11 20.11 20.16 19.71 19.68 19.66 19.52 21.32 22.80 23.69 25.18 27.12 29.01 29.54 29.61 30.24 30.16 30.27 30.19 30.08 30.22 30.33 30.39 30.46 30.70 30.83 30.92
 1.37  2.49  4.35  5.87  6.61  8.60 10.29 12.23 13.63 15.37 16.25 17.88 19.53 20.70 22.57 23.03 24.76 25.22 26.04 26.07 26.06 26.02 25.94 25.62 23.92 23.63 21.77 20.38 18.56 17.61 15.81 15.36 13.48 12.34 11.19  9.39  7.43  5.65
traj-96:
20.69 19.56 18.93 17.59 15.89 14.13 13.00 13.05 12.51 11.07  9.33  8.96  7.27  6.62
 1.58  2.55  3.05  3.94  3.79  3.86  5.47  6.01  7.79  7.87  7.70  7.54  6.88  5.44
traj-97:
19.13 19.40 19.43 19.49 19.55 19.58 19.52 19.56 19.67 19.75 19.85 19.71 19.72 19.61 19.67 19.61 19.61 19.41 18.36 16.65 15.85 13.88 11.91 11.45  9.76  8.01  7.22  8.09  8.84 10.51
 0.83  2.81  3.84  4.84  6.66  6.95  8.47 10.44 11.65 13.36 14.17 15.69 17.40 19.31 20.85 21.82 22.36 23.82 24.71 25.43 25.33 25.28 25.22 25.41 25.86 24.95 23.78 22.77 22.10 21.06
traj-98:
18.24 18.39 18.69 18.94 19.34 19.57 19.79 19.87 19.56 19.51 19.35 19.09 18.91 18.76 18.87 19.14 19.58 19.97 20.34 21.78 22.66 24.14 25.02 26.19 27.07 28.48 30.10 30.62 32.42 33.70 35.55 35.97 36.07
 0.56  1.80  3.23  4.22  5.70  7.11  8.87 10.29 12.08 13.98 15.06 16.29 17.07 18.28 19.70 20.69 22.58 23.95 25.35 26.10 26.08 26.08 26.09 25.93 25.85 25.87 25.53 25.56 25.95 26.31 27.04 27.21 27.50
traj-99:
20.09 18.40 16.53 15.35 14.47 12.75 11.29 10.08  9.66  8.38  8.36  6.81  5.11
 1.86  2.74  3.42  3.52  3.63  4.23  4.80  5.66  6.96  8.08  9.37 10.45 10.48
traj-100:
18.83 18.91 19.06 19.33 19.70 19.78 20.16 19.24 19.22 18.44 18.57 19.28 19.59 19.86 19.25 18.54 18.52 18.51 17.10 15.17 14.01 12.40 11.00  9.49  9.41 10.63 11.34 12.39
 1.38  3.22  4.44  6.09  7.59  9.56 11.12 12.85 13.08 13.86 15.79 16.90 17.32 19.10 20.11 21.66 23.09 23.78 25.15 25.16 25.17 24.29 23.52 22.32 20.47 19.32 18.56 17.38
traj-101:
18.54 18.82 18.82 19.19 19.37 19.62 19.84 20.17 20.40 20.28 19.93 19.89 19.98 19.99 19.94 19.43 18.87 18.10 19.56 20.75 22.50 23.96 24.56 26.30 27.96 29.21 30.66 31.20 31.22 30.62 30.19 29.75 29.17
 1.34  2.04  3.89  4.92  6.49  8.44  9.15 11.04 12.04 14.03 15.60 15.99 17.09 18.77 19.57 21.30 23.14 24.85 26.18 26.22 26.29 26.29 26.36 26.23 25.74 25.00 24.26 22.70 21.84 20.19 18.62 17.00 15.61
traj-102:
20.13 20.13 18.82 16.97 15.23 14.38 13.41 12.58 11.72 11.45  9.96  8.35  6.87  6.38  5.33
 0.94  2.35  3.64  3.79  3.94  3.98  4.51  5.62  7.38  8.64  8.97  8.38  8.00  7.84  6.72
traj-103:
20.77 19.77 19.84 19.88 19.94 20.02 20.15 20.02 19.05 18.90 19.01 18.34 18.27 18.16 18.66 18.85 19.07 18.13 16.52 15.13 14.55 12.69 11.98 10.37 10.13 10.13  9.75
 0.96  2.35  3.14  4.47  6.22  7.40  9.28 11.24 12.70 14.00 14.28 16.14 17.51 19.16 20.86 22.83 23.31 24.92 25.12 25.31 25.45 25.36 25.18 24.55 22.72 22.18 20.67
traj-104:
20.73 20.42 20.12 19.89 20.06 20.21 19.93 19.65 19.28 19.51 20.08 19.47 18.64 19.12 19.64 19.93 19.98 20.12 20.18 21.67 23.41 24.29 26.02 27.90 28.20 30.06 31.30 32.01 33.51 34.81 35.38
 0.44  2.01  3.05  4.59  5.28  7.24  8.61  9.33 11.12 11.83 13.64 15.52 17.24 18.77 20.57 21.96 22.98 24.58 25.35 26.11 26.28 26.41 26.60 26.62 26.66 26.88 25.39 24.56 23.35 22.32 21.74
traj-105:
20.11 19.63 18.07 17.70 16.93 15.20 14.02 12.79 11.16
 0.87  1.21  2.24  3.88  3.81  3.57  3.59  3.60  3.89
traj-106:
19.64 19.99 20.29 20.47 20.32 19.71 19.07 18.49 18.33 18.53 19.11 19.43 19.97 19.70 19.41 19.11 18.46 17.73 15.89 14.44 12.71 11.10 10.58  8.73  7.19  5.80  5.50
 1.39  2.94  4.07  5.21  7.14  8.64 10.37 11.33 12.37 13.44 15.21 16.38 18.10 19.80 21.67 23.51 24.10 25.05 25.38 25.37 25.16 24.18 23.95 23.74 23.12 22.04 21.97
traj-107:
19.06 19.44 19.73 20.09 19.98 20.02 20.00 19.61 19.45 18.79 18.50 18.69 19.29 20.13 20.04 20.02 19.88 21.31 22.47 23.06 24.54 25.97 27.28 28.48 29.38 30.27 30.62 31.12 31.81 32.45 32.56 33.07 33.36
 1.22  2.94  4.79  6.70  7.80  9.72 10.31 12.01 12.32 14.17 15.79 17.24 18.57 20.31 22.08 23.63 25.62 26.26 26.52 26.62 26.64 26.59 25.71 24.11 22.63 20.86 20.23 18.89 17.19 15.51 15.04 13.59 12.45
traj-108:
18.17 18.57 19.12 18.17 16.29 14.83 13.68 13.61 12.49 11.39  9.50  8.85  7.52  5.87
 0.59  1.62  3.25  4.13  3.86  3.75  5.27  5.56  7.11  6.96  6.40  6.18  5.75  5.19
traj-109:
20.42 20.11 20.04 19.54 19.01 18.73 18.50 19.29 20.00 20.01 20.02 19.16 18.66 18.47 19.03 18.94 17.22 15.50 13.75 12.29 11.54  9.90  9.60  7.74  6.42  5.54
 1.78  3.57  4.09  5.97  7.58  9.46 10.87 12.57 14.26 16.03 17.62 19.01 19.73 21.14 22.41 24.39 25.08 25.13 25.20 24.16 23.13 22.04 21.99 21.88 21.63 21.51
traj-110:
18.65 19.14 19.69 19.94 19.85 19.67 19.51 19.52 19.56 19.61 19.80 19.81 19.84 19.70 19.33 19.16 18.97 18.76 20.37 21.52 23.29 24.74 25.62 26.80
 0.94  2.19  4.00  5.06  6.48  7.71  9.26 10.51 12.43 14.30 16.12 16.52 18.16 19.53 21.39 22.72 24.28 25.57 26.27 26.27 26.37 26.68 26.86 28.40
traj-111:
18.92 18.45 17.11 16.33 14.59 13.99 13.21 12.91 11.20  9.68  8.07  6.45
 1.61  2.71  3.19  3.21  3.14  3.18  3.55  3.54  3.66  3.90  4.43  4.87
traj-112:
20.40 20.06 20.04 19.94 19.79 19.67 19.67 19.58 19.45 19.21 18.75 18.65 18.69 18.65 18.74 18.95 19.13 18.59 17.83 16.89 15.35 14.18 12.73 11.36 10.37  9.16  7.64  6.85  5.48
 1.00  2.73  4.43  5.80  7.63  8.91  9.77 11.58 12.67 14.58 16.09 16.53 18.40 20.33 21.52 23.30 23.81 24.38 25.48 25.44 25.50 25.45 25.40 24.85 24.28 23.82 22.60 22.15 21.06
traj-113:
19.58 19.68 19.73 19.87 19.88 20.02 20.08 20.17 20.29 20.06 19.87 19.97 19.45 19.08 19.58 20.12 20.20 21.32 22.48 23.94 25.11 26.23 27.99 28.73 30.44 31.97 32.27 33.73 33.96
 1.20  2.80  4.15  5.20  6.81  8.38 10.13 11.95 13.39 15.05 16.98 18.08 19.46 20.45 22.08 23.91 25.64 26.22 26.50 26.72 26.90 27.05 27.16 25.64 24.62 23.67 23.45 22.22 21.98
traj-114:
20.12 18.88 18.16 16.35 15.46 14.37 13.86 13.91 13.74 13.49
 1.37  1.98  2.59  3.27  3.39  3.58  4.29  6.16  7.60  9.54
traj-115:
19.86 20.14 20.33 20.07 20.00 19.91 19.93 20.05 20.08 19.69 19.28 19.26 19.70 19.81 20.03 19.08 18.50 18.23 17.16 15.98 14.01 12.34 11.13 11.09  9.30
 1.06  2.36  3.23  5.16  5.67  7.51  9.33 11.12 12.25 13.73 15.33 16.10 17.08 18.25 20.23 21.92 23.57 24.23 25.22 25.18 25.12 24.26 23.25 22.95 22.21
traj-116:
18.74 18.90 19.99 20.26 20.14 20.00 19.96 20.00 19.84 20.06 20.21 20.14 19.54 19.47 19.95 20.02 20.03 19.79 19.51 18.70 20.40 21.58 23.35 24.54 26.26 27.34 27.42 27.85 26.96 26.27
 1.74  1.99  3.03  4.97  6.03  7.35  9.34 10.81 12.68 13.20 15.19 15.95 17.84 18.27 20.12 20.93 22.29 23.68 24.29 25.55 26.06 26.04 26.02 26.07 25.65 24.96 23.08 21.29 20.03 19.29
traj-117:
18.72 18.62 16.70 14.73 13.06 12.82 11.13  9.50  7.89  6.09  5.45
 1.92  3.15  3.41  3.52  4.53  4.64  5.32  6.44  7.37  8.24  8.61
traj-118:
20.69 20.46 20.10 19.92 19.95 19.86 19.67 19.42 19.20 18.86 19.22 18.90 19.01 19.32 19.68 20.38 20.10 19.97 18.40 17.31 15.33 13.44 12.12 11.76 10.14  8.51  6.63  4.88
 1.52  2.88  4.48  5.56  7.08  8.05  9.57 10.88 11.74 13.54 15.43 16.48 18.40 19.13 20.62 22.44 24.36 25.16 25.62 25.91 25.79 25.81 24.98 23.93 22.79 23.82 24.00 24.86
traj-119:
18.85 18.96 19.63 20.02 19.98 19.87 19.72 19.66 19.55 19.59 19.54 19.13 18.61 18.36 18.26 19.29 19.56 19.80 19.98 20.46 21.93 23.72 24.32 26.03 27.15 27.93 27.75
 0.42  0.70  2.57  3.67  5.33  7.27  8.28  9.59 10.35 12.05 13.09 15.01 16.53 18.17 19.24 20.66 21.07 22.82 24.55 25.21 26.01 26.01 26.01 25.93 24.40 22.80 21.94
traj-120:
19.81 18.75 18.19 16.64 15.18 14.30 13.00 12.77 12.02
 0.82  2.40  2.58  3.33  3.14  3.14  4.44  5.33  6.97
traj-121:
18.29 18.47 18.74 18.95 19.44 19.63 19.74 19.83 19.89 20.05 20.25 20.29 20.28 20.12 20.08 19.32 18.54 18.44 16.56 15.15 14.56 12.95 12.43 11.98 10.82 10.00  8.80  7.67
 1.57  2.12  3.57  4.49  6.26  8.06  9.27 11.07 11.64 13.24 15.17 17.09 18.56 20.29 20.86 22.69 24.09 25.40 25.84 25.67 25.68 24.67 24.37 23.98 23.03 21.21 21.03 21.10
traj-122:
19.99 19.97 20.05 19.73 19.64 19.60 19.66 19.66 19.52 19.40 19.51 19.68 19.55 19.35 19.72 19.91 20.12 21.81 22.70 24.43 26.01 27.55 28.94 30.59 31.09 31.77 31.85 32.18 32.30 32.46 32.58 33.29 33.82
 1.81  2.72  4.45  6.26  8.09  9.99 11.10 13.01 14.60 15.65 16.40 18.04 18.85 20.76 22.52 23.81 25.15 26.16 26.17 26.04 25.31 24.25 23.14 22.89 21.70 20.08 19.23 17.41 15.95 14.31 12.38 10.60  8.84
traj-123:
18.40 18.70 16.70 14.75 12.94 12.10 11.51 12.05 12.49
 1.99  3.79  3.66  3.58  4.12  4.33  6.09  7.94  9.50
traj-124:
20.34 20.21 19.82 19.71 19.32 19.68 19.75 19.89 19.94 20.10 20.38 20.37 20.05 19.50 18.93 18.77 18.73 18.78 18.02 17.22 15.45 13.76 12.32 12.45 11.83 11.83
 1.28  1.86  3.76  4.32  6.19  7.52  8.38 10.27 11.24 13.04 14.61 15.82 17.06 18.86 20.73 21.89 23.53 23.65 24.32 25.25 25.18 25.06 24.11 23.09 21.25 20.50
traj-125:
18.52 18.73 18.82 18.86 18.85 18.94 19.10 19.42 19.56 19.17 19.82 19.70 19.61 20.04 20.02 19.87 19.97 21.62 23.10 24.59 26.26 27.93 29.57 30.84 31.97 32.71 33.23 33.74
 1.87  3.20  3.98  5.35  6.87  8.78  9.73 11.59 13.37 14.93 16.78 18.45 19.65 21.40 22.49 24.45 25.49 26.10 26.06 26.01 25.54 24.63 23.73 22.65 21.88 21.11 19.38 17.64
traj-126:
19.48 19.05 17.52 16.64 15.17 14.57 13.56 12.89 12.82 12.85 12.44 11.08  9.28  8.73  7.14  6.56
 1.57  3.43  3.57  3.61  3.67  3.71  4.98  6.85  7.14  9.03  9.42 10.22  9.82  9.70  9.43  9.14
traj-127:
19.42 19.72 20.23 20.16 20.07 20.04 19.89 19.69 19.48 19.28 18.95 19.32 19.21 18.96 18.68 18.52 18.33 17.79 15.91 14.44 12.99 11.63 10.97 10.69 10.27  9.48  8.88
 1.78  2.84  4.43  5.80  6.95  8.76  9.43 11.02 12.74 13.76 15.32 17.18 18.85 20.58 21.76 23.18 24.03 25.59 25.79 26.02 26.17 24.85 23.06 21.89 20.40 18.79 17.15
traj-128:
18.80 18.94 19.19 19.25 19.32 19.57 19.67 19.60 19.75 19.83 19.85 20.06 20.19 20.20 20.08 20.20 20.41 21.96 22.86 24.49 26.09 27.41 28.30 30.02 31.45 32.41 34.37
 0.48  2.19  3.66  4.84  6.47  7.99  9.64 11.06 13.03 15.00 15.77 17.64 19.29 21.28 22.61 23.85 25.19 26.19 26.10 26.04 25.92 25.72 25.63 25.51 25.21 24.86 24.45
traj-129:
19.09 19.10 19.03 17.14 15.37 14.79 12.98 11.78 10.10  8.45  7.02  6.03
 1.98  2.44  4.03  3.89  3.78  3.73  4.40  5.35  6.32  5.73  5.02  4.50
traj-130:
18.12 18.25 19.69 20.18 19.92 19.81 19.84 19.74 19.64 19.66 19.74 20.11 20.13 20.09 19.48 18.69 18.43 18.15 17.24 15.52 14.65 13.20 12.03 12.11 11.88 11.70
 1.32  2.14  3.51  5.01  6.48  7.33  9.16 10.93 12.64 13.53 14.76 16.05 17.12 18.33 20.06 21.33 22.66 24.25 25.49 25.53 25.50 25.44 25.29 23.32 23.13 22.89
traj-131:
19.76 19.47 19.47 19.44 19.37 19.27 19.32 19.20 19.06 18.76 18.68 18.64 18.65 18.57 18.39 18.23 18.04 17.39 17.22 19.02 20.75 22.53 23.41 25.15 26.09 26.61 26.63 26.59 26.73 26.94 27.00 26.26
 1.34  3.18  4.41  5.83  6.61  8.30  9.02 10.12 11.99 13.64 15.52 16.68 18.39 18.94 20.82 22.59 23.71 25.08 25.92 26.45 26.39 26.37 26.37 26.35 25.60 24.02 22.28 20.35 18.47 16.61 15.51 13.78
traj-132:
20.44 18.86 17.54 16.66 14.92 13.08 11.41 10.55  9.47  8.89  7.10  6.45
 1.97  2.68  3.12  3.27  3.50  3.56  4.22  4.36  5.56  6.22  6.73  6.11
traj-133:
18.62 18.97 19.25 19.58 19.60 19.81 19.67 19.76 19.75 20.03 19.70 19.64 19.39 19.28 18.15 16.48 15.31 13.46 12.91 12.14 11.96 11.69 11.46
 1.61  3.53  5.40  7.19  7.69  9.38 11.24 12.88 14.82 16.75 18.35 20.02 21.68 23.61 24.54 25.12 25.08 25.08 25.06 23.38 21.49 19.68 17.86
traj-134:
19.63 19.88 20.34 20.27 20.18 20.15 20.08 20.08 19.98 19.88 19.87 19.79 19.55 19.73 19.89 20.01 20.10 21.52 23.29 24.76 26.50 27.90 28.62 29.35 30.41 30.10 30.12 30.36 30.42 30.40 29.98 29.61 29.39 29.05
 1.17  2.01  3.68  4.77  6.18  7.50  9.38 11.26 12.57 14.04 15.93 17.93 19.58 21.44 22.98 24.07 25.13 26.19 26.37 26.50 25.65 24.36 22.93 21.66 20.23 18.34 16.58 14.75 13.22 12.19 10.63  8.70  6.82  5.37
traj-135:
19.71 19.99 20.12 19.12 17.41 16.22 14.44 13.12 11.40  9.77  8.85  7.73
 0.47  1.83  3.21  4.44  3.95  3.91  3.88  4.71  5.66  6.43  6.89  7.51
traj-136:
19.02 19.26 19.48 19.69 19.79 19.96 20.10 20.14 20.19 20.17 20.47 19.52 19.74 19.27 19.30 19.41 18.53 16.91 15.51 14.35 12.63 12.47 11.74 10.18  8.56  7.48  6.40  5.25
 1.44  2.68  3.95  5.10  6.11  7.76  9.64 10.24 11.90 13.84 15.72 17.43 18.61 20.27 21.38 23.06 24.58 25.23 25.22 25.11 25.00 24.75 23.04 22.60 22.53 22.51 22.48 22.40
traj-137:
19.28 19.20 19.03 18.83 18.76 18.66 18.83 18.92 18.83 18.62 18.29 19.13 19.81 20.06 20.10 20.16 20.07 19.37 20.39 21.54 22.13 23.90 25.76 26.69 26.89
 0.92  1.62  2.93  4.87  5.57  7.51  8.07  9.67 10.80 11.01 12.75 14.53 15.82 17.71 18.90 20.77 22.40 24.16 25.44 26.17 26.14 26.12 26.50 28.15 28.38
traj-138:
20.13 19.98 18.78 17.42 15.67 13.71 12.59 11.15 10.39  9.03
 0.85  1.11  2.45  3.67  3.65  3.93  4.63  5.82  6.22  7.18
traj-139:
19.54 19.66 19.90 19.95 19.96 20.07 19.99 19.70 19.64 19.34 19.28 19.15 19.08 19.07 18.62 18.98 18.15 18.08 17.68 16.72 15.07 13.83 12.85 11.71 10.15  8.80  8.30  6.63  6.24
 1.41  3.22  4.74  6.73  7.40  9.27 10.15 11.95 12.24 14.18 15.16 16.75 18.15 19.50 21.37 22.39 23.23 23.52 25.35 25.33 25.44 25.36 25.39 23.99 22.82 21.91 21.52 20.43 20.20
traj-140:
20.49 19.94 19.87 19.98 19.92 19.93 19.91 20.00 19.83 19.82 19.96 20.03 20.13 20.19 20.24 19.88 21.23 22.96 24.70 26.46 27.37 28.24 30.10 31.88 33.00 34.05 35.45
 1.46  3.30  4.99  6.86  8.12  9.83 11.35 13.25 14.07 15.96 17.36 18.40 20.18 21.63 23.58 25.46 26.08 26.13 26.22 25.93 25.76 25.02 24.41 25.29 26.04 26.51 27.27
traj-141:
18.13 18.38 17.19 15.73 14.84 13.57 11.64 10.18  8.46  6.48  5.38
 0.95  2.20  3.39  3.58  3.70  3.95  4.28  4.45  4.68  4.93  5.09
traj-142:
18.82 19.76 20.17 20.01 19.84 20.06 20.08 20.08 20.06 20.05 19.97 19.90 19.98 20.20 19.52 19.24 18.65 17.97 16.07 15.48 14.08 12.30 11.44 10.10  9.59  8.71  8.11
 1.68  2.65  4.25  5.10  6.29  8.10 10.06 11.11 12.97 13.57 15.30 16.64 18.56 19.40 21.14 21.79 23.61 25.18 25.42 25.35 25.22 25.15 24.70 23.23 22.75 21.67 21.02
traj-143:
19.14 19.29 19.40 19.60 19.62 19.65 19.79 19.66 19.39 19.05 18.45 18.77 19.27 19.57 19.97 20.04 19.66 19.54 18.68 20.24 21.71 23.45 24.62 26.05 27.41 27.49 27.61 27.45 27.29 27.59 27.92 28.02 27.59 27.48 28.07 29.08 30.10 30.91
 1.00  2.90  3.92  5.12  6.09  7.59  9.43 10.64 11.99 12.84 13.66 15.63 17.46 18.60 20.55 21.56 23.32 23.74 25.34 26.11 26.19 26.20 26.20 25.77 24.88 23.02 21.18 20.12 18.83 17.03 15.71 14.67 12.81 11.65  9.78  8.26  6.74  5.49
traj-144:
19.79 18.18 16.74 14.83 13.86 13.55 12.70 11.36  9.46  8.68  7.51  5.88
 1.38  2.47  3.13  3.43  4.12  4.64  6.12  7.24  7.68  7.47  6.96  6.48
traj-145:
20.06 20.16 20.14 20.20 20.10 20.06 20.01 19.83 19.67 19.43 19.34 19.17 18.80 18.64 18.34 17.97 15.98 14.55 13.39 12.45 11.97 11.28 10.24  9.35  9.11
 0.76  2.74  4.71  6.11  7.70  8.23 10.07 11.74 13.11 15.09 16.89 18.75 20.45 21.77 23.70 25.55 25.73 25.34 25.05 24.21 23.37 21.96 20.30 19.03 17.88
traj-146:
18.30 18.43 18.68 18.91 19.15 19.26 19.36 19.34 19.43 19.62 19.84 19.78 19.89 19.89 19.99 20.03 20.17 20.47 21.39 22.84 24.61 26.22 27.53 28.72 29.38 30.34 31.00 32.52
 0.59  1.18  2.93  4.51  6.00  7.47  9.38 10.32 11.58 13.03 14.36 15.88 17.64 19.35 21.33 23.04 24.66 25.44 26.03 26.07 26.09 25.37 24.34 23.14 22.57 21.53 20.90 19.85
traj-147:
19.12 19.34 17.62 16.13 15.55 13.58 12.99 11.91 11.48 11.65 12.82
 1.67  2.39  3.36  3.40  3.48  3.68  3.82  5.37  6.50  8.29  9.41
traj-148:
20.24 20.24 19.75 19.85 19.68 19.75 19.86 19.95 20.16 20.32 20.52 20.15 19.66 19.16 18.82 18.40 17.26 15.56 13.62 13.04 11.44 11.25  9.69  8.93  7.61  5.65  4.82
 1.36  2.68  4.46  4.95  6.72  8.56 10.33 12.24 13.99 15.17 16.87 18.44 20.23 21.73 23.63 24.85 25.34 25.40 25.47 25.38 24.25 24.02 23.05 23.45 23.80 24.10 24.25
traj-149:
20.08 20.15 20.16 20.14 20.29 20.27 20.39 20.07 20.03 19.99 20.07 19.61 19.43 19.44 19.85 20.20 20.45 20.34 21.41 22.60 24.35 25.24 27.10 27.58 28.21 28.60 29.03 28.65 28.18 28.07 27.61 27.27 27.05 26.78
 0.90  1.87  3.60  3.90  5.68  6.50  8.20 10.15 10.66 12.43 14.21 15.87 16.78 18.67 20.31 21.87 23.61 25.32 26.02 26.13 26.22 26.34 25.76 25.32 23.76 22.68 21.29 19.51 17.59 16.30 14.72 12.82 11.20  9.25
traj-150:
19.70 18.27 17.03 15.71 14.54 13.33 11.79 10.30  9.04  7.44  6.04
 0.99  2.34  3.57  3.59  3.35  4.11  5.11  6.06  6.98  8.13  9.06
traj-151:
20.20 19.98 19.52 19.19 19.02 18.72 18.70 18.50 18.48 18.46 19.09 18.99 19.26 19.80 19.09 18.45 17.51 15.98 14.30 13.64 12.25 11.66 11.16  9.83  9.24
 1.87  3.44  5.18  6.71  8.16  9.84 11.28 12.86 14.79 15.74 17.57 18.06 19.66 21.55 23.05 24.76 25.24 25.49 25.35 25.09 24.26 22.83 22.56 21.24 21.22
traj-152:
18.11 18.77 19.34 19.41 19.57 19.79 19.28 19.21 19.00 19.28 19.39 19.59 19.82 19.96 20.00 19.90 19.43 20.74 22.50 23.69 24.85 26.60 28.10 29.92 31.83 32.80 34.39
 1.91  3.64  5.15  6.29  8.22 10.05 11.98 12.27 14.09 15.80 17.31 18.15 19.48 20.17 22.14 22.98 24.79 26.07 26.09 26.16 26.23 25.38 24.19 24.03 24.41 24.49 24.29
traj-153:
19.02 18.29 18.19 17.03 16.73 14.74 13.67 13.27 12.94 12.82 12.74 12.37
 0.57  2.33  2.56  3.70  3.69  3.81  4.57  5.01  6.90  8.34  9.97 10.22
traj-154:
18.97 18.73 18.70 18.95 19.16 19.48 19.65 20.07 19.98 19.99 20.79 20.88 20.88 20.90 20.92 20.88 20.16 20.00 18.65 17.68 16.67 15.57 14.03 12.41 11.35 11.03
 0.94  2.29  3.75  5.46  6.53  8.41  9.49 11.27 12.35 13.57 14.66 16.13 16.94 18.67 20.42 22.16 23.99 24.24 24.76 25.22 25.29 25.38 25.40 24.42 23.09 21.84
traj-155:
20.69 20.61 20.52 20.34 20.17 20.04 19.92 19.79 19.94 20.14 19.69 19.83 19.85 19.66 19.58 19.74 20.72 22.19 23.36 25.13 26.60 28.29 28.79 30.62 31.30 32.61 33.76
 1.90  2.70  4.35  6.00  7.78  9.45 11.29 12.87 14.63 16.49 18.41 20.17 21.48 22.92 23.72 25.54 26.18 26.38 26.54 26.77 27.64 28.71 29.08 29.85 30.16 30.73 31.34
traj-156:
19.49 18.66 17.03 15.15 14.28 13.12
 1.99  2.53  3.64  3.42  3.31  3.12
traj-157:
19.48 19.45 19.59 19.76 19.80 19.85 19.92 20.10 20.06 20.06 20.09 20.16 20.18 20.17 20.12 19.99 19.94 19.86 18.58 16.85 15.85 13.94 12.53 12.35 11.23  9.71
 0.65  2.44  3.87  5.74  6.91  8.71 10.26 12.18 13.65 14.25 15.97 17.73 18.03 19.74 20.33 21.83 23.18 24.77 25.66 25.44 25.37 25.23 24.37 23.92 22.32 21.20
traj-158:
18.72 18.90 19.02 19.04 18.95 18.96 18.72 18.84 19.03 19.10 19.18 19.08 19.19 19.21 19.69 20.12 21.60 22.18 23.62 25.21 27.07 28.61 30.53 32.48 34.26 35.13 36.21
 1.92  3.58  5.18  7.17  9.14 10.70 12.56 13.42 15.27 17.08 17.96 19.75 20.59 22.29 24.18 25.22 26.29 26.32 26.43 26.55 26.60 26.89 26.87 26.91 26.90 26.79 25.34
traj-159:
20.23 19.16 18.63 17.56 15.92 14.49 13.90 12.38 10.61
 1.03  2.14  2.69  3.60  3.83  3.87  3.87  3.93  4.00
traj-160:
20.26 19.99 19.68 19.69 20.04 20.17 20.29 20.54 20.48 19.50 18.82 18.87 19.17 19.21 18.87 18.81 19.40 20.00 18.51 17.43 15.67 13.95 12.69 11.70  9.91  9.63  7.81  7.35
 1.31  1.65  3.56  4.70  5.52  7.04  8.14  9.28 11.26 12.38 14.03 15.64 17.39 18.13 19.96 21.04 22.60 24.49 25.36 25.40 25.41 25.18 24.35 23.38 22.62 22.57 22.58 22.69
traj-161:
18.12 18.64 19.25 19.35 19.34 19.74 20.00 19.88 19.88 19.97 20.04 20.15 20.34 20.27 20.10 20.00 19.87 19.53 19.07 18.96 20.60 22.35 23.51 24.09 25.55 27.24 28.90 30.85 32.81 33.77 35.18 35.96 36.10
 0.95  2.35  4.02  4.67  6.40  8.27 10.11 10.92 11.62 12.80 14.20 16.14 17.30 18.72 20.25 21.06 22.38 23.13 24.29 25.71 26.01 26.22 26.49 26.63 26.89 26.33 26.02 25.73 25.67 25.71 26.16 26.51 26.77
traj-162:
18.93 18.62 18.49 17.06 15.60 14.54 13.61 13.50 12.83 11.91 10.87 10.30  9.02  7.59
 0.60  1.94  2.55  3.41  3.45  3.72  5.49  5.77  7.44  6.67  5.73  5.26  4.25  3.11
traj-163:
18.59 18.78 19.14 19.34 19.37 19.40 19.31 19.02 19.00 19.17 19.19 19.00 19.15 19.48 19.52 19.54 19.70 19.34 18.00 16.78 15.62 13.64 13.35 11.79 11.50 11.12  9.34  8.20  6.35
 1.15  2.39  4.30  5.38  7.18  7.58  9.36 10.64 12.41 14.28 14.98 16.54 17.08 19.05 20.84 21.44 23.40 23.76 24.36 25.86 26.07 26.25 26.17 24.99 23.60 22.72 22.40 22.10 21.35
traj-164:
18.52 18.57 18.66 18.92 19.08 19.14 19.13 19.42 19.53 19.60 19.69 19.70 19.71 20.02 19.88 19.76 19.68 19.36 19.26 18.94 20.55 22.54 23.70 25.16 26.30 27.64 28.20 28.93 29.62
 1.56  2.09  3.60  5.09  5.76  6.16  7.90  9.76 10.67 11.84 12.86 14.77 16.15 17.71 19.20 20.70 21.73 23.44 23.86 25.59 26.31 26.36 26.29 26.26 26.41 27.62 28.70 30.46 31.67
traj-165:
18.63 18.38 18.33 17.55 15.80 14.91 13.87 13.87 13.52 12.71 11.37 10.14  8.59  6.76  6.17  4.68
 1.44  2.84  3.14  3.88  3.78  3.72  5.32  5.62  7.59  9.23  9.32  9.35  9.39  9.30  9.28  9.03
traj-166:
20.65 20.14 19.94 19.65 19.53 19.34 19.29 19.06 18.94 19.09 19.30 19.52 20.20 20.28 20.25 19.65 19.06 18.05 17.37 16.54 14.83 13.07 11.91 10.42  8.85  7.59  6.56  5.35
 1.54  3.43  4.46  6.15  6.93  8.46  9.53 11.51 12.47 13.77 14.65 15.98 17.53 19.27 20.69 21.64 23.04 24.35 25.08 25.36 25.63 25.74 25.62 25.17 24.13 23.25 23.63 23.77
traj-167:
20.60 20.27 20.23 19.86 19.88 20.04 19.95 20.03 19.98 20.03 20.09 19.99 19.76 19.97 19.79 20.19 20.54 21.66 23.40 24.59 25.78 27.45 28.57 29.05 29.46 29.70 29.91 30.25 30.59 30.80 30.84 30.94 31.00 31.14 31.20
 1.16  1.64  3.45  5.20  7.20  8.43 10.29 11.96 13.28 13.82 15.43 17.27 18.95 20.74 22.69 24.26 25.77 26.44 26.55 26.69 26.83 26.24 24.79 23.57 22.25 21.29 20.29 18.87 17.60 15.72 15.48 13.60 11.89 10.04  9.00
traj-168:
19.08 20.08 19.40 18.32 16.45 14.70 14.40 12.64 12.07 11.73
 1.64  2.97  4.68  4.30  3.67  3.41  3.38  3.30  3.45  3.81
traj-169:
19.61 19.68 19.77 19.79 19.81 19.79 19.78 19.72 19.70 19.76 19.72 19.52 19.40 18.95 18.90 19.49 19.06 18.30 18.29 16.58 16.00 14.22 13.66 12.55 11.59 10.42  8.75  7.08
 1.40  2.74  4.55  6.41  6.71  8.53 10.01 11.70 12.21 13.64 15.11 16.65 17.47 19.30 20.39 22.16 22.89 24.06 25.65 25.98 26.15 25.43 25.13 24.15 22.78 21.43 20.89 20.38
traj-170:
20.77 20.24 19.66 19.83 19.89 19.94 20.00 20.02 20.16 20.15 20.04 19.96 19.69 19.70 19.95 20.03 20.11 20.54 20.78 21.08 22.83 24.29 25.74 27.42 29.14 29.44 31.19 33.11 34.88 35.92
 0.58  2.42  3.93  5.41  6.62  7.88  9.10  9.40 11.39 12.83 14.82 16.79 18.50 19.74 21.58 23.13 24.37 25.95 26.13 26.13 26.16 26.25 26.29 25.43 24.53 24.36 23.39 22.90 22.37 22.17
traj-171:
18.07 18.12 16.23 15.94 14.17 13.47 11.72  9.92
 1.23  2.80  3.34  3.40  3.67  4.07  5.02  4.93
traj-172:
18.59 18.84 19.08 19.11 19.23 19.29 19.48 19.70 19.92 19.93 19.79 19.51 19.35 19.07 19.13 19.16 18.43 18.22 18.07 16.27 14.80 13.37 12.08 11.01 10.86 10.83 10.50 10.33
 0.91  1.45  3.32  3.62  5.50  6.77  8.32  9.39 11.23 12.84 13.35 15.23 17.17 19.00 20.20 21.74 22.74 23.98 24.98 25.21 25.07 25.05 24.14 23.33 21.52 21.11 19.22 18.97
traj-173:
19.22 19.33 19.52 19.66 19.77 19.63 20.20 20.31 20.16 19.86 19.55 19.37 19.13 19.11 18.87 18.87 18.51 18.20 19.21 20.97 21.57 23.31 24.21 26.10 26.74 26.89 28.00 29.27 29.66 30.90 31.74 32.86
 1.54  2.42  4.19  6.08  7.63  8.52  9.85 10.56 11.66 13.26 15.22 16.19 18.06 19.73 21.35 22.45 24.37 26.00 26.57 26.72 26.76 26.89 26.95 27.21 27.02 25.32 24.34 23.23 22.86 21.73 20.93 19.83
traj-174:
19.85 19.08 17.83 16.42 14.50 13.57 12.98 11.72 10.39 10.31
 1.77  2.64  3.81  3.53  3.78  5.35  6.35  5.44  4.31  3.55
traj-175:
20.02 19.88 19.86 19.84 19.96 19.95 19.91 19.72 19.71 19.70 19.74 19.89 20.05 19.97 19.98 19.31 17.69 16.31 15.62 13.89 13.01 11.82 10.74  9.46  9.98  9.91
 1.93  3.44  5.03  6.03  8.01  9.02 10.17 12.15 13.94 15.62 16.92 18.77 19.84 20.81 22.48 24.31 25.29 25.24 25.18 25.21 25.13 24.28 23.00 21.51 19.77 19.55
traj-176:
18.37 18.70 18.89 19.10 19.37 19.69 19.55 19.49 19.53 19.77 19.50 19.72 19.74 19.94 20.09 20.19 19.75 20.52 21.46 23.25 24.71 26.38 27.42 27.66
 1.50  3.32  5.10  6.23  7.35  8.82  9.56 11.31 13.28 14.63 15.98 17.61 18.24 20.10 22.00 23.87 25.70 26.14 26.08 26.07 26.06 25.51 23.91 23.72
traj-177:
19.76 19.11 18.58 16.61 15.74 13.96 12.25 11.07  9.87
 1.64  2.93  3.69  3.53  3.42  3.67  4.32  5.03  4.94
traj-178:
20.18 20.05 19.84 19.86 19.95 19.98 19.94 19.92 19.72 19.87 19.94 19.90 19.84 19.78 19.83 19.20 18.34 18.10 17.22 16.04 14.12 13.24 11.67 10.87  9.67  8.74  6.83  6.57
 0.57  1.34  3.09  3.97  5.90  7.00  8.58 10.36 11.66 13.29 15.25 16.89 17.68 19.39 20.64 21.79 23.60 24.45 25.42 25.59 26.13 26.16 25.57 25.21 23.82 22.66 22.60 22.75
traj-179:
18.33 18.73 19.25 19.80 20.10 19.93 19.88 19.81 19.55 19.47 19.25 18.82 18.92 19.11 19.82 19.75 19.70 20.22 21.89 23.07 24.81 25.39 26.80 27.38 29.07 30.09 31.05 32.42 33.36
 1.42  2.30  3.29  4.75  6.65  8.41  9.50 11.32 12.49 13.56 15.48 17.23 19.00 19.23 20.89 22.86 24.72 25.36 26.35 26.32 26.64 26.74 27.04 27.21 27.71 28.29 29.04 30.28 31.31
traj-180:
18.34 18.32 17.66 16.31 15.73 14.67 13.38 12.75 11.54 10.86  9.58  7.87
 1.44  2.44  3.07  3.65  3.79  3.96  5.25  6.87  7.63  8.38  9.17  9.19
traj-181:
20.02 20.07 20.04 19.98 19.90 19.73 19.67 19.85 19.90 19.99 20.06 19.48 19.53 19.79 20.07 19.86 18.14 16.27 15.13 14.28 12.29 11.96 11.02  9.61  8.08  7.20  5.63
 0.77  2.58  3.94  5.51  6.55  8.38 10.10 12.07 13.80 15.22 16.80 18.62 20.21 21.73 23.11 24.62 24.75 25.11 25.20 25.26 25.03 24.45 23.20 22.14 21.57 20.77 19.78
traj-182:
19.11 19.35 19.55 19.77 19.91 19.93 19.98 20.04 20.06 19.68 19.47 19.36 19.12 19.00 18.71 19.45 19.60 20.64 21.41 22.58 24.35 25.54 27.22 28.18 29.98 30.91 32.53 34.43 34.99 36.17 36.27 36.41 36.52
 0.47  2.33  3.77  5.67  7.06  8.68  9.53 11.36 12.22 13.71 15.36 17.22 19.17 21.09 22.44 23.92 24.28 25.67 26.11 26.10 26.05 26.03 26.37 26.46 26.82 27.01 27.23 27.08 26.57 27.91 28.50 29.08 29.36
traj-183:
20.69 19.67 18.31 17.36 15.94 14.79 14.35 13.15 12.12 11.25 10.80  9.46
 1.66  2.03  2.69  3.21  3.53  3.77  3.99  5.42  6.63  8.03  8.78 10.09
traj-184:
18.74 19.32 19.22 19.13 19.17 19.31 19.71 19.52 19.55 19.64 19.57 19.35 18.87 19.01 20.00 19.81 18.47 16.55 14.77 13.63 11.96 10.92 10.17  8.86  8.45  7.91
 0.85  2.58  4.42  5.84  7.00  8.86 10.64 11.62 13.34 14.93 16.71 18.70 20.38 22.06 23.61 25.18 25.41 25.50 25.34 25.26 24.38 22.96 21.97 20.55 19.21 17.68
traj-185:
19.66 19.49 19.23 19.08 19.55 19.93 20.34 20.48 20.47 20.29 19.53 18.73 19.21 19.35 19.62 19.86 20.00 20.20 19.50 20.58 21.76 23.51 24.39 26.15 28.03 28.56 30.45 31.59 32.65 33.82 35.01 35.55
 0.76  2.39  3.57  5.53  6.96  8.11  9.20 10.66 12.41 12.93 14.47 15.71 17.60 18.57 20.12 21.26 23.20 24.02 25.76 26.04 26.08 26.13 26.15 25.36 24.84 24.92 25.31 25.78 26.11 26.85 27.53 27.93
traj-186:
18.21 18.08 17.81 16.39 15.21 13.45 11.83 10.18  8.83  7.07  5.95  4.70
 1.78  2.35  3.98  3.85  3.77  3.67  4.34  4.80  5.21  5.28  4.58  3.90
traj-187:
20.34 20.20 19.69 19.70 19.91 19.72 19.73 19.79 19.85 19.88 19.97 19.86 19.78 19.60 19.09 18.30 18.23 17.92 16.37 14.39 13.22 12.63 12.14 12.11 10.75 10.34  8.43  6.55  5.11
 1.69  2.54  4.04  5.25  6.99  8.66  9.20 10.42 11.97 12.89 14.00 15.96 17.94 19.65 20.46 22.23 23.25 25.12 25.53 25.38 25.26 24.93 23.06 22.76 21.31 20.67 20.39 19.95 19.40
traj-188:
19.95 19.81 19.79 19.76 19.43 19.49 19.56 19.55 19.40 19.01 18.61 19.24 19.48 19.96 19.60 19.27 19.60 20.36 21.84 23.56 25.18 27.04 28.93 30.74 31.64 33.03 34.29 34.89
 1.76  3.49  5.45  6.17  8.13  9.76 10.34 12.19 12.71 14.48 16.35 17.73 17.90 19.81 20.85 22.69 23.60 25.25 26.15 26.34 26.63 26.18 26.26 25.56 24.55 23.68 22.83 22.43
traj-189:
20.03 19.86 18.21 17.53 15.81 14.43 13.22 11.65
 1.41  1.66  2.65  3.12  3.48  3.80  4.66  5.74
traj-190:
20.09 19.94 19.97 19.96 19.81 19.77 19.95 20.30 20.17 20.11 19.97 19.84 19.36 19.01 18.85 18.73 18.59 18.50 18.16 17.05 15.38 14.45 12.67 10.84  9.41  7.87  6.09  4.67
 0.82  2.63  3.73  5.18  6.77  8.29  8.84 10.69 12.41 13.00 14.94 15.80 17.39 18.85 19.53 20.94 21.70 23.07 24.06 25.10 25.41 25.60 25.65 25.21 24.49 23.99 23.58 23.02
traj-191:
19.35 19.15 18.88 18.91 19.04 19.23 19.08 19.00 19.02 19.11 18.96 19.26 19.34 19.41 19.18 19.11 19.07 19.03 19.04 20.77 21.07 22.81 24.29 26.18 26.23 26.72 28.11 27.85 27.76 27.65 27.63 27.41 27.20 27.18
 0.44  2.00  3.03  3.81  5.77  7.33  8.39 10.01 11.31 13.18 14.89 16.34 17.50 18.67 20.21 21.06 22.95 24.22 25.47 26.17 26.15 26.14 26.05 25.42 25.40 24.35 22.98 21.27 20.99 19.06 17.84 16.50 14.67 13.25
traj-192:
20.09 18.50 17.04 15.27 13.38
 1.28  2.30  3.29  3.29  3.35
traj-193:
20.66 20.39 20.11 20.13 20.22 19.99 19.91 19.73 19.76 19.79 20.21 20.18 20.06 19.48 18.36 17.64 15.94 14.22 13.06 12.18 10.35  9.11  8.49  8.18  7.57  7.44  7.55
 0.95  2.37  3.75  5.26  7.22  8.25  9.89 11.42 13.06 14.76 16.71 18.42 20.37 22.16 23.65 25.50 25.84 26.03 25.85 25.72 25.65 24.40 23.84 22.38 20.84 19.65 18.83
traj-194:
18.95 18.55 19.12 19.44 19.97 19.87 20.12 20.06 20.00 19.88 19.67 19.72 19.74 19.90 20.01 20.15 19.75 20.20 21.66 22.82 24.58 26.53 27.91 29.08 29.33 29.18 28.83 28.41 28.38 28.32 28.11 28.26 28.04
 1.23  2.38  4.22  6.14  7.89  9.81 11.68 12.55 14.13 15.49 16.86 17.88 19.35 20.45 21.78 22.81 24.74 25.13 26.07 26.13 26.27 25.96 25.62 24.87 23.97 22.83 21.31 19.66 18.06 16.15 15.69 13.87 13.67
traj-195:
19.25 18.59 17.43 16.34 14.41 14.22 13.27 12.77 12.29 10.32  9.77  8.02  6.29
 1.21  2.00  3.11  3.08  3.34  3.58  5.27  6.67  7.84  8.10  8.09  8.06  8.08
traj-196:
18.32 18.68 19.04 19.42 20.05 20.15 20.16 19.89 19.83 19.42 19.35 19.40 19.52 19.38 19.43 18.07 17.13 16.57 14.95 13.23 12.41 11.96 10.89  9.79  8.37  6.73  4.83
 1.55  3.19  4.96  6.12  7.68  9.02 10.70 12.36 12.78 14.43 16.07 17.99 19.71 21.62 22.92 24.24 25.06 25.17 25.13 25.08 25.04 24.87 23.42 21.94 21.01 20.69 20.17
traj-197:
19.07 19.25 19.68 20.17 20.09 20.01 19.98 20.02 20.12 20.17 20.09 20.05 20.01 19.70 19.91 20.16 20.34 20.57 20.81 21.23 22.97 24.43 26.01 26.18 27.00 27.31 27.72 28.27 27.54 27.24 27.04 26.85 26.83 26.74 26.40 26.17
 0.59  1.34  2.55  4.13  5.77  6.67  8.14  8.96 10.94 12.92 14.03 15.29 17.25 19.13 20.86 22.68 23.86 25.21 25.85 26.14 26.05 26.02 25.39 25.00 24.38 23.28 21.67 20.60 18.93 17.14 16.33 14.67 12.86 12.25 10.36  9.60
traj-198:
18.97 18.85 18.62 16.70 15.53 14.07 12.52 11.41 10.47 10.33 10.59
 1.11  2.37  4.07  3.70  3.73  3.86  4.28  4.99  6.45  7.78  9.01
traj-199:
19.80 18.88 18.80 19.02 19.44 19.83 19.94 19.95 20.03 20.13 19.44 18.78 18.57 18.32 18.88 19.28 19.35 19.77 19.78 18.27 16.67 15.25 14.36 12.61 11.74 10.77 10.54 11.25
 1.08  1.72  3.71  4.67  6.42  8.36  9.46 11.26 11.55 13.44 14.48 16.06 17.14 17.27 19.18 21.03 21.41 23.19 24.20 25.30 25.70 25.58 25.50 25.24 25.04 23.56 21.91 20.57
traj-200:
18.75 19.13 19.42 19.66 19.71 19.74 20.00 20.09 20.06 20.08 19.96 19.67 19.36 19.23 19.04 18.88 18.88 20.76 21.95 23.71 25.48 27.17 28.45 29.12
 1.07  2.52  4.34  5.38  6.81  8.78  9.64 11.32 13.19 15.17 16.57 18.39 20.19 21.46 23.00 24.44 25.55 26.03 26.10 26.20 26.39 26.62 27.31 27.63
traj-201:
20.00 18.82 17.30 15.59 14.71 13.77 13.23 12.95 11.98 11.76 10.09  9.46  7.81  7.23  5.65
 1.22  1.80  3.02  3.24  3.32  4.32  5.66  6.79  8.32  8.52  9.17  9.23 10.05  9.93  9.49
traj-202:
18.69 18.80 19.10 18.96 18.84 18.71 19.05 19.68 19.90 19.55 19.48 19.26 18.80 19.17 19.70 20.04 19.40 17.92 17.60 15.66 13.94 13.01 12.15 11.87 11.34
 1.67  3.08  4.68  6.19  7.37  8.62  9.92 11.62 12.78 14.45 16.24 17.63 18.83 20.14 21.99 22.98 24.09 25.43 25.51 25.80 25.82 25.35 23.59 23.08 21.52
traj-203:
19.84 20.33 20.03 19.84 20.12 20.25 20.32 20.32 20.09 19.91 19.99 20.22 19.96 19.67 19.37 19.77 21.47 22.06 23.55 24.44 26.30 27.43 28.09 29.03 29.10 29.03 28.80 28.26 27.10
 1.75  3.53  4.90  6.71  8.38  9.21 11.14 11.73 13.62 15.35 17.33 18.81 20.74 22.12 23.38 25.29 26.04 26.07 26.04 26.03 25.36 24.46 23.88 22.55 21.17 20.13 19.09 17.70 16.53
traj-204:
20.23 18.97 17.53 16.36 14.63 12.87 11.79 10.26 10.26
 0.76  2.22  3.34  3.42  3.64  4.30  4.86  5.75  7.02
traj-205:
19.10 19.35 19.48 19.41 19.35 19.36 19.30 19.60 19.58 19.68 19.71 19.78 19.89 19.89 19.62 19.01 18.76 18.32 16.66 15.22 13.49 12.62 11.63 11.26  9.78  8.62  7.35  6.04  5.07
 1.44  3.25  4.76  6.14  6.93  8.33  9.87 11.80 13.34 14.61 15.51 17.31 18.61 20.51 21.86 23.60 24.12 25.64 25.86 25.87 25.03 24.09 23.14 22.81 21.53 20.55 20.11 19.73 19.30
traj-206:
18.14 18.46 18.98 19.18 19.88 20.06 20.22 19.99 19.92 19.76 19.80 19.63 19.29 18.80 18.72 18.40 18.44 19.94 20.83 22.55 23.72 25.43 26.94 28.62 30.25 31.32 31.96 32.62 33.22 33.90 34.31 34.99
 1.56  3.53  5.23  7.15  8.40  9.58 11.35 13.11 13.56 15.50 17.18 18.69 20.19 22.01 22.30 24.05 24.98 26.27 26.30 26.36 26.31 26.23 26.35 26.47 26.48 25.25 23.65 22.00 20.66 19.32 18.39 16.53
traj-207:
19.84 19.70 19.60 18.24 16.54 14.79 13.85 13.54 12.58 11.76 10.00  9.49
 0.40  2.06  2.63  3.90  3.58  3.43  5.16  5.92  6.93  6.85  5.98  5.68
traj-208:
19.98 20.03 20.06 20.03 20.01 20.01 19.88 20.10 19.96 19.87 19.72 19.68 19.97 20.11 20.25 19.64 19.46 18.83 18.06 16.93 15.24 13.75 12.14 11.98 12.10 12.66
 0.70  2.19  3.41  5.05  6.14  7.99  9.89 11.12 12.51 13.55 15.53 15.74 17.69 19.00 20.47 22.22 22.45 24.26 25.98 26.25 26.28 26.13 25.10 23.59 21.73 20.71
traj-209:
19.60 19.73 20.26 20.51 20.28 19.78 19.43 18.93 19.00 18.92 18.97 19.00 18.93 19.04 19.19 19.16 19.12 19.19 19.11 20.86 21.16 22.89 23.19 24.97 26.19 27.42 28.61 29.62 31.33 31.79 33.19
 0.45  0.73  2.39  3.39  5.29  6.79  8.10  9.78 11.65 13.21 14.85 15.98 16.96 17.66 19.27 20.57 22.31 23.84 25.20 26.15 26.16 26.06 26.04 26.11 26.24 26.85 27.40 27.78 28.64 28.83 29.41
traj-210:
19.09 19.10 18.07 17.77 16.06 14.90 13.26 12.09 11.03  9.34  7.47  7.18
 1.51  2.02  3.71  3.65  3.42  3.46  3.52  3.57  3.62  3.82  3.33  3.24
traj-211:
19.34 19.62 19.68 19.77 19.84 19.95 20.05 20.00 19.96 19.52 19.38 19.13 19.40 18.94 18.71 18.32 18.03 16.83 15.65 13.76 12.94 11.95 11.48
 1.51  3.29  4.43  5.69  7.24  8.68 10.53 12.51 12.94 14.71 15.36 17.07 18.55 20.14 21.19 22.77 24.31 25.64 25.44 25.05 24.56 23.64 22.83
traj-212:
18.62 18.95 19.62 19.83 19.91 20.04 20.02 20.04 20.03 19.96 19.95 19.91 19.93 19.90 20.07 20.06 19.96 19.93 20.23 21.46 22.05 23.81 24.69 26.57 27.32
 1.50  2.44  3.77  5.29  5.86  6.27  7.40  8.72  9.82 11.63 12.87 14.65 15.18 16.98 18.70 20.66 22.08 23.79 25.60 26.38 26.42 26.63 26.72 26.63 25.03
traj-213:
19.66 18.17 16.50 15.33 13.56 12.39 12.04 11.95 11.60 10.26  9.20
 1.72  2.80  3.47  3.45  3.56  5.05  6.88  7.59  8.98 10.24 10.57
traj-214:
19.59 19.65 19.61 19.57 19.58 19.52 19.55 19.65 19.68 19.59 19.38 19.21 19.34 19.30 18.92 18.95 18.84 18.66 16.73 15.28 13.79 12.45 11.77
 1.99  2.66  4.00  5.34  7.30  8.41 10.39 10.80 12.67 14.55 15.61 17.29 18.23 20.01 21.90 22.58 24.48 24.88 25.14 25.07 25.12 24.38 24.19
traj-215:
19.36 19.71 19.74 19.69 19.80 19.91 19.88 19.79 19.68 19.62 19.23 19.22 19.34 19.52 20.08 20.10 20.10 20.47 21.51 22.69 24.16 25.90 26.78 28.52 29.00 30.45 31.33 31.23 31.03 30.95 30.77 30.67 30.70 30.89 30.99 31.04 30.94 31.73 32.23 32.81 33.14
 1.16  2.80  3.58  5.22  7.12  9.06 10.09 11.54 12.99 13.87 15.73 17.66 18.36 19.72 21.54 22.14 23.67 25.64 26.16 26.19 26.25 26.34 26.46 25.95 25.69 25.06 23.98 22.20 20.37 19.64 18.10 17.04 15.05 14.33 12.83 11.32 10.13  8.66  7.76  6.66  5.97
traj-216:
20.68 20.50 19.54 18.26 16.43 15.83 14.07 12.97
 1.99  2.80  4.03  4.12  3.56  3.53  3.52  3.64
traj-217:
18.54 18.95 19.32 19.74 20.11 20.23 20.19 20.02 19.93 19.82 19.66 20.02 19.25 18.37 18.32 18.48 18.21 18.10 17.53 15.86 14.42 12.98 11.99 11.41 10.84
 1.81  2.90  3.89  5.28  6.73  7.51  9.48 11.25 12.33 13.93 15.09 16.70 18.37 19.80 21.20 22.32 23.51 23.79 25.46 25.57 25.38 25.05 23.50 21.84 20.20
traj-218:
18.80 19.07 19.19 19.37 19.55 19.66 19.97 20.01 20.09 19.82 19.81 19.69 19.71 19.88 19.70 19.75 19.79 21.12 22.01 23.73 25.22 26.29
 1.64  3.39  5.21  6.59  7.84  8.77 10.71 12.31 13.76 15.05 15.76 17.43 19.26 21.10 22.87 24.25 25.68 26.05 26.12 26.16 26.20 27.87
traj-219:
18.13 18.43 17.49 16.36 14.62 12.92 11.19  9.58  9.01 10.16 10.89 11.77
 0.75  2.48  3.40  3.69  3.64  3.91  4.82  5.99  6.88  8.38  9.79 10.20
traj-220:
20.60 19.86 19.99 20.20 20.10 20.06 20.02 20.00 19.99 20.42 20.73 20.81 20.93 20.93 19.79 19.55 18.28 16.78 15.05 13.88 12.77 11.23 10.72  9.41
 0.78  2.44  4.37  5.91  7.30  8.89 10.70 12.56 13.75 15.34 16.79 17.69 19.46 20.35 21.94 23.68 24.81 25.47 25.79 25.61 24.95 24.07 23.77 23.03
traj-221:
20.49 20.33 20.20 20.15 20.08 19.98 19.81 19.66 19.41 19.26 18.99 18.77 18.80 19.42 20.06 20.14 20.38 21.79 22.69 24.47 25.76 27.40 29.14 31.03
 1.50  2.87  3.91  4.98  6.68  8.16  9.49 10.91 12.54 14.32 15.53 16.42 17.91 19.78 21.51 23.33 25.27 26.04 26.03 26.07 26.10 25.89 25.60 25.44
traj-222:
19.26 18.82 17.20 15.43 13.70 12.18 12.00 10.15  8.31
 0.76  2.47  3.49  3.41  3.36  4.39  4.63  4.10  3.67
traj-223:
20.62 20.83 19.97 19.84 20.09 19.74 19.76 19.71 19.56 19.48 19.30 19.27 18.90 18.51 18.36 18.37 18.64 17.05 15.86 14.39 12.72 11.94 10.09  8.15
 0.86  2.60  4.38  5.51  7.04  8.72  9.24 10.51 12.44 13.61 14.83 16.23 18.11 19.73 21.71 22.14 23.86 25.05 25.12 25.21 25.28 24.97 24.99 24.80
traj-224:
20.11 20.04 19.89 19.78 19.78 19.88 20.13 20.18 20.09 19.71 19.99 20.07 20.13 20.07 20.08 20.08 19.59 19.51 19.25 20.84 22.30 24.04 24.89 26.73 28.07 29.48 30.67 31.19 32.33 33.43 35.00 35.29
 0.64  1.90  3.32  5.16  6.07  7.53  8.48 10.19 11.47 13.38 15.23 15.36 17.33 18.97 20.70 21.00 22.91 23.85 25.30 26.13 26.20 26.27 26.17 26.14 26.09 24.95 23.79 22.35 20.95 19.69 18.45 18.36
traj-225:
20.58 20.80 20.86 19.60 18.34 16.46 14.68 14.38 13.33 12.42 11.03  9.29  7.60  6.14  5.16
 0.99  2.61  3.20  4.61  4.29  3.78  3.70  3.68  4.34  5.15  5.97  6.50  6.72  7.03  7.20
traj-226:
18.23 18.53 19.08 19.49 19.74 19.96 19.76 19.48 19.30 19.23 19.01 19.12 19.34 19.42 19.28 18.56 18.12 17.28 15.30 13.39 12.68 12.23 12.17 11.30  9.84
 1.66  2.71  4.37  5.76  7.13  8.11  9.64 11.09 13.01 14.85 15.84 16.90 18.53 19.78 21.69 23.49 24.51 25.67 25.54 25.12 24.63 23.05 21.86 20.29 20.32
traj-227:
18.73 18.97 19.09 19.40 19.80 19.88 19.92 20.04 20.02 20.04 19.59 18.99 18.95 19.15 19.65 19.77 19.77 21.22 22.09 23.56 25.02 26.49 28.29 30.09 31.57 31.86
 1.51  3.07  4.81  6.41  7.94  9.85 11.44 13.32 15.31 16.95 18.18 20.02 20.19 20.70 22.57 23.52 25.49 26.09 26.19 26.36 26.59 26.50 27.13 27.21 28.28 28.33
traj-228:
18.86 18.08 16.18 15.89 14.16 12.97 11.31 10.17  9.55  8.45  7.96  7.86
 1.18  2.90  3.44  3.50  3.77  3.75  4.03  4.73  5.79  7.15  7.90  9.87
traj-229:
19.11 19.50 20.14 20.17 20.04 20.06 20.20 20.23 20.02 20.05 20.05 19.43 19.28 18.69 18.56 19.21 19.61 19.98 19.14 17.82 15.97 14.06 12.45 11.32 10.54  9.90 10.04 10.66
 0.61  1.81  3.30  5.27  6.36  7.62  8.40 10.38 12.05 13.39 14.50 16.36 16.80 18.71 18.98 20.85 22.24 23.18 24.88 25.26 25.55 25.37 24.55 23.36 22.30 20.95 18.98 18.47
traj-230:
20.52 20.22 20.14 20.05 19.68 19.60 19.60 19.76 20.01 20.09 20.06 20.13 20.05 19.93 19.88 19.90 19.82 21.34 22.22 23.39 25.14 26.09 27.66 29.22 30.40 31.26 30.94 30.95 31.06 31.21 31.42 31.16 30.84
 0.63  2.47  4.33  6.31  7.82  9.40 10.36 12.14 13.66 15.57 16.43 18.28 19.70 21.69 23.06 24.12 25.65 26.16 26.12 26.12 26.08 25.72 25.45 25.24 25.10 25.02 23.11 22.61 20.97 19.15 17.40 15.43 14.59
traj-231:
20.58 20.45 20.22 19.28 17.59 15.63 14.18 12.99 11.76 10.98  9.58  8.08
 0.82  2.65  3.20  4.44  3.68  3.34  3.18  3.17  4.08  4.47  4.88  4.21
traj-232:
18.98 18.85 18.82 18.90 19.10 19.35 19.43 19.54 19.06 18.90 18.91 19.68 20.36 20.13 19.99 20.15 20.07 19.57 17.91 17.04 15.61 14.16 13.56 12.10 10.21  8.81  7.27  5.56  4.32
 1.88  2.15  3.97  4.55  6.53  8.12  8.84 10.71 12.47 13.14 14.94 16.06 17.90 19.60 21.44 23.38 23.67 25.32 25.98 25.99 25.99 26.00 26.00 25.90 25.61 25.46 25.19 24.35 23.84
traj-233:
20.14 20.13 20.07 20.07 20.05 20.11 20.13 20.23 20.21 20.17 20.25 19.86 20.00 20.19 20.20 20.02 20.17 21.33 23.06 23.93 25.11 26.12 26.18 26.11 26.09
 1.39  2.95  4.29  6.01  7.66  9.41 11.05 12.72 14.10 15.61 16.68 18.64 19.95 21.84 22.10 24.02 25.22 26.09 26.12 26.09 26.21 26.27 28.25 30.24 30.54
traj-234:
19.83 19.56 18.95 17.34 15.35 14.76 12.93 12.64
 1.77  2.24  3.34  3.36  3.48  3.45  3.32  3.36
traj-235:
19.85 19.27 19.16 19.04 19.59 19.86 19.96 20.05 20.12 19.62 19.37 19.32 19.23 19.13 19.06 18.83 17.29 15.95 14.47 13.58 12.45 11.71 10.46  9.98  9.60  9.44
 0.80  2.39  3.95  5.71  7.59  9.18 10.26 12.22 13.30 15.21 16.66 17.77 18.95 20.89 22.89 24.78 25.52 25.24 25.08 25.02 24.45 23.48 21.98 20.22 18.97 17.06
traj-236:
19.66 19.62 19.72 19.67 19.71 19.66 19.59 19.57 19.33 19.22 19.16 19.04 19.79 19.97 20.06 20.18 20.23 20.72 21.25 23.05 24.83 25.72 27.65 27.87 27.22 27.19 27.53 27.54 27.68 27.89
 1.65  2.16  3.69  5.18  6.27  7.52  9.38 10.38 12.01 13.74 15.26 16.94 18.71 19.69 21.31 23.04 24.53 25.73 26.00 26.07 26.16 26.32 25.96 25.77 23.92 23.22 21.32 19.45 17.53 16.57
traj-237:
19.06 18.27 18.06 16.06 14.43 12.67 10.84  9.37  8.38  7.24  6.05  4.85
 1.50  1.93  3.59  3.57  3.57  3.63  4.14  5.34  6.70  7.40  8.26  8.80
traj-238:
19.91 19.93 19.88 19.84 19.80 19.78 19.68 19.64 19.67 19.73 19.57 19.59 19.49 19.10 19.11 19.17 18.37 17.69 16.09 14.25 13.95 12.43 11.64 10.49  8.93  7.40  6.46  5.28
 0.67  1.94  3.35  4.64  5.38  6.70  8.51  9.41 11.00 12.68 14.44 15.90 17.15 18.78 20.61 22.24 24.03 25.63 25.52 25.48 25.42 24.46 23.67 22.31 21.16 20.19 19.93 19.48
traj-239:
20.54 19.55 19.23 19.27 19.38 19.45 19.88 20.02 19.79 19.92 20.16 20.12 20.05 20.07 20.06 20.09 19.93 19.93 20.11 21.74 22.64 24.40 26.14 27.87 29.69 31.56 33.39 34.55 35.03 35.42 36.12
 0.54  1.63  2.61  3.86  5.68  5.98  7.83  8.68 10.45 12.01 13.47 15.09 16.50 17.95 18.75 20.52 22.39 23.39 25.08 26.02 26.08 26.01 25.88 25.52 25.02 25.03 25.77 27.37 28.31 29.29 30.71
traj-240:
18.51 18.96 19.39 17.76 16.07 14.31 13.47 12.40 10.75  8.97  8.16  6.84  5.82  4.94
 0.51  1.24  2.48  3.55  3.57  3.71  3.89  4.47  5.58  6.30  5.96  5.41  4.99  4.70
traj-241:
19.39 19.65 20.00 20.18 19.74 19.74 19.93 19.78 19.86 19.94 20.19 20.13 19.77 19.62 19.46 19.45 19.30 17.80 16.63 14.97 13.15 12.85 10.94  9.19  8.15  6.68  4.90  4.32
 0.59  1.82  3.28  5.08  6.34  8.28  9.08 10.97 12.80 14.03 16.00 17.84 19.73 20.65 22.03 23.92 24.18 25.35 25.49 25.17 25.02 25.03 24.47 24.33 24.16 23.84 23.45 23.38
traj-242:
20.02 20.03 20.03 20.27 20.04 20.13 20.16 20.33 20.24 20.09 20.03 20.13 20.15 19.86 19.49 19.80 19.98 20.34 22.06 23.56 25.05 26.49 27.51 28.00 28.75 29.11 29.76 30.33 30.97 31.57 32.29 32.51 32.92 33.11
 1.69  3.20  4.13  6.11  8.06  9.84 10.14 11.86 13.83 15.74 17.44 19.19 20.52 21.65 23.07 24.69 25.96 26.07 26.06 26.05 26.04 24.90 23.22 22.35 20.53 19.15 17.78 16.75 15.23 14.16 12.79 11.90 10.63  9.79
traj-243:
20.12 20.42 20.55 20.80 20.75 19.74 18.49 17.47 15.72 14.85 13.94 13.79 12.77 11.12  9.67  8.34  6.94  5.49
 0.45  0.49  1.27  2.53  4.23  5.68  4.39  3.98  3.78  3.87  5.65  6.83  8.43  8.11  8.13  8.06  7.99  7.70
traj-244:
18.07 18.71 19.55 19.86 19.82 19.80 19.63 19.55 19.40 19.43 19.49 19.51 19.63 19.64 19.69 19.58 19.07 18.70 18.43 16.83 14.95 13.14 11.52  9.73  7.99
 0.45  1.68  3.02  3.58  5.49  6.23  7.62  8.36  9.95 10.70 12.56 13.59 15.45 16.98 18.59 20.37 22.04 23.79 24.81 25.40 25.55 25.47 25.20 24.88 24.54
traj-245:
19.12 18.78 18.99 19.13 19.28 19.40 19.55 19.70 19.79 19.85 20.09 19.99 19.85 19.91 20.07 20.14 20.29 21.06 22.81 24.59 24.89 26.55 26.78 27.24 27.28 26.90
 1.97  3.49  4.47  5.89  7.84  9.34 11.09 12.83 14.20 15.55 17.49 18.57 19.97 20.68 22.58 24.36 25.72 26.14 26.10 26.01 26.01 25.35 24.07 22.26 20.31 18.57
traj-246:
19.83 19.03 18.08 16.15 14.32 13.88 12.09 11.31
 0.84  2.59  3.22  3.70  3.87  4.18  4.73  4.62
traj-247:
18.10 18.47 18.66 18.99 19.49 19.76 19.72 19.81 20.13 20.23 20.12 19.82 19.82 19.65 19.49 19.18 18.27 18.02 16.28 15.46 13.57 12.59 12.02 11.41  9.67  8.85  7.19
 0.44  2.15  2.81  4.54  6.43  7.97  9.62 11.25 12.80 13.50 15.07 16.60 17.42 19.13 20.77 22.50 24.24 24.71 25.35 25.30 25.13 24.52 23.09 22.16 22.39 22.57 22.92
traj-248:
19.01 19.04 19.08 19.32 19.55 20.01 20.15 20.16 20.06 19.86 20.02 20.01 20.09 19.97 19.18 19.11 19.27 20.58 21.09 21.97 23.44 25.21 26.96 27.53 28.93 30.18 30.82 31.19 31.67 32.23 32.44 32.73 32.97
 0.47  2.46  3.81  4.81  5.76  7.48  9.07 10.76 12.50 14.42 16.38 16.82 18.65 20.32 21.90 23.83 24.33 25.82 26.13 26.26 26.47 26.71 27.01 27.05 26.26 25.04 23.44 21.55 19.71 17.82 15.96 14.85 13.76
traj-249:
18.05 18.78 17.27 15.27 14.67 13.36 12.73 11.36 10.24
 1.26  2.98  3.84  3.84  3.87  4.63  5.32  6.34  7.13
traj-250:
19.87 19.78 19.69 19.69 19.72 19.80 19.96 19.90 19.86 19.75 19.77 19.67 20.01 20.10 20.20 19.93 19.77 19.60 19.43 19.04 18.05 16.38 14.93 13.74 11.95 10.26  9.13  7.89
 0.56  2.05  2.89  4.19  4.39  5.13  7.02  8.73  9.29 11.12 12.42 13.87 15.63 16.47 17.64 19.60 20.01 21.70 21.95 23.89 24.39 25.05 25.09 25.06 24.17 23.25 22.55 21.74
traj-251:
20.33 19.64 19.60 19.64 19.84 19.96 19.94 19.93 20.05 20.12 19.61 19.90 19.89 20.13 20.04 20.13 20.20 20.69 21.20 22.97 24.43 26.13 26.36 27.80 29.32 30.90 32.71
 1.78  3.11  4.97  5.28  7.19  8.01  9.33 10.79 12.77 13.06 14.79 16.68 18.43 20.28 22.11 23.92 24.51 25.83 26.15 26.16 26.18 25.55 25.36 24.26 23.41 24.15 24.37
traj-252:
19.42 18.49 17.68 16.34 14.88 13.25 12.05 10.99  9.09  7.48  7.17
 1.11  2.57  3.08  3.74  3.81  4.92  6.49  6.86  7.31  6.43  5.95
traj-253:
18.37 19.26 19.63 19.83 19.88 19.90 19.90 19.93 19.85 19.92 19.99 19.98 20.00 20.20 19.20 18.70 18.49 18.04 16.31 14.85 13.95 12.77 11.85 10.10  8.91  7.17
 0.62  2.09  3.94  5.41  7.17  8.00  9.84 11.36 12.64 13.62 15.53 16.69 18.49 20.43 22.07 22.64 24.60 24.99 25.20 25.13 25.09 25.05 24.80 24.68 24.58 24.74
traj-254:
18.40 18.64 18.95 18.92 18.89 18.91 19.06 19.15 19.19 19.19 19.13 19.20 19.39 19.57 19.65 19.94 20.52 20.74 21.42 23.19 24.38 25.58 27.43 28.07 28.03 28.00 28.09 28.14 28.27 28.27 28.15 28.13 27.93
 1.09  2.24  3.64  5.50  7.31  9.07 10.46 12.36 13.29 15.17 15.71 17.62 19.35 20.80 22.62 23.83 25.28 25.76 26.15 26.03 26.08 26.14 25.87 24.65 23.09 22.26 20.62 19.45 18.02 16.48 14.64 12.90 11.27
traj-255:
18.93 19.35 18.29 16.67 15.79 14.44 13.26 11.83 10.93  9.02  7.44  6.70
 1.69  3.33  4.25  3.78  3.73  4.00  4.82  5.69  6.06  6.32  5.58  5.19
traj-256:
20.42 19.92 19.65 19.44 19.19 19.12 19.03 18.89 18.64 18.53 18.71 18.78 18.75 18.74 18.53 18.39 18.20 17.51 16.32 15.90 15.13 13.33 12.14 11.26 10.09  8.91  8.95  9.68
 0.45  1.57  2.69  4.36  6.04  7.53  9.30 11.17 13.01 14.90 15.79 17.12 17.42 19.39 21.02 22.22 23.73 25.13 25.13 25.72 25.89 25.07 24.03 23.33 22.30 20.90 20.18 18.52
traj-257:
19.93 19.96 19.97 19.90 20.02 19.93 19.57 19.27 19.28 19.88 20.00 19.96 19.42 18.01 18.92 19.15 19.88 20.77 21.02 21.88 23.04 24.80 26.52 28.31 30.15 31.66 32.39 32.24 32.33 32.04 31.88 32.30 32.09
 0.55  2.29  3.57  5.41  7.35  8.20 10.02 11.75 12.57 14.22 16.14 18.09 19.66 20.97 22.68 23.17 24.85 25.86 26.03 26.06 26.06 26.24 26.12 26.19 25.41 24.55 22.69 22.35 20.39 19.02 17.08 15.45 14.83
traj-258:
19.81 19.61 18.27 16.39 15.23 13.71 12.00 10.49  9.12  7.41  6.44
 1.81  3.38  4.32  3.83  3.67  3.69  3.55  3.84  4.22  4.73  4.78
traj-259:
19.93 20.12 20.41 20.47 20.66 20.79 20.42 20.17 20.15 20.14 20.13 20.14 20.20 20.17 20.15 20.14 19.39 18.13 17.27 16.42 15.27 14.01 12.97 11.84 10.73  9.30  7.83
 1.53  2.34  3.93  4.22  4.79  6.74  8.40  9.78 11.63 11.93 13.93 15.84 17.00 18.72 20.69 21.58 23.42 24.40 25.97 26.11 26.28 25.71 24.97 23.83 22.61 21.37 20.47
traj-260:
20.09 19.73 19.68 19.69 19.74 19.77 19.80 19.77 20.10 19.97 19.86 19.98 19.96 19.91 19.98 20.11 20.58 19.15 20.56 22.29 23.73 24.91 26.76 26.87 28.84 30.51 32.02 33.56 35.41 36.46 36.53
 1.49  3.30  4.78  6.64  7.97  9.50 10.80 11.76 13.23 14.76 16.51 18.24 20.15 22.11 23.55 24.30 25.81 26.08 26.33 26.45 26.64 26.81 27.40 27.42 27.63 26.66 26.12 26.67 27.07 28.57 29.16
traj-261:
18.35 19.07 18.61 17.02 15.23 14.93 13.23 12.88 11.07 10.76  8.83  8.58
 1.64  3.32  4.33  3.97  3.93  3.93  4.78  5.56  4.97  5.19  5.41  5.24
traj-262:
20.76 20.13 19.99 19.91 19.94 19.96 19.94 20.02 20.09 19.85 19.62 19.17 19.28 19.73 19.99 19.60 18.76 18.19 16.53 14.61 14.02 12.40 11.96 11.68
 1.52  3.38  4.48  6.39  7.52  8.81 10.55 12.13 13.49 15.42 16.47 17.82 19.64 19.98 21.87 22.84 24.04 24.77 25.27 25.49 25.39 24.35 23.96 23.86
traj-263:
20.40 20.20 19.93 20.13 20.21 20.21 20.02 19.79 19.54 19.33 19.03 19.48 19.34 19.14 19.32 19.36 19.42 21.17 22.90 24.37 26.05 27.76 29.16 29.23 29.70 30.42 30.65 30.86 31.11 31.27 31.29
 0.65  2.06  3.71  5.45  6.58  8.54  9.46 11.36 13.25 14.76 16.74 18.63 19.92 21.90 23.11 24.46 25.78 26.36 26.54 26.69 27.12 27.75 26.95 25.14 24.29 22.57 20.76 19.42 18.13 16.23 14.90
traj-264:
20.48 20.10 18.58 16.90 15.82 14.19 12.60 11.88  9.94  8.84  7.93  6.26  5.17
 1.87  2.29  2.77  3.12  3.29  3.47  4.22  4.72  4.95  4.43  4.26  3.69  3.23
traj-265:
19.71 19.83 19.84 19.92 19.76 20.00 19.98 19.96 19.89 19.99 20.03 20.10 20.09 20.11 19.38 19.25 17.93 16.61 14.64 13.47 12.45 11.85 11.59
 1.32  3.16  3.65  5.40  7.12  9.07 10.43 11.96 13.61 15.45 16.81 18.72 20.70 21.58 23.23 23.68 25.07 25.16 25.18 25.21 24.67 23.20 22.61
traj-266:
18.53 18.75 19.06 19.29 19.50 19.62 19.84 20.02 20.17 20.05 19.93 19.93 19.33 19.54 19.20 18.59 19.19 19.72 21.38 22.86 24.30 26.14 27.60 28.96 29.86 31.08 32.70 33.34 35.08 35.60 36.50
 0.82  2.46  3.98  5.09  6.40  8.13  9.75 11.74 13.43 15.07 16.51 17.94 19.74 21.58 22.49 23.60 25.23 25.49 26.03 26.15 26.21 25.94 24.62 23.99 23.84 23.60 23.34 23.18 22.70 22.66 21.70
traj-267:
18.79 18.57 18.09 16.16 14.68 13.55 13.23
 1.65  3.56  3.93  3.77  3.84  5.36  6.77
traj-268:
20.10 20.06 19.88 19.81 19.81 19.87 19.89 19.93 20.10 20.16 20.50 20.70 20.66 20.07 19.99 19.87 19.21 18.13 16.50 15.34 13.61 12.53 12.00 11.98 12.01 12.08
 0.63  1.94  3.15  5.09  5.59  7.49  8.20  9.73 11.40 13.27 14.94 16.41 17.29 19.14 21.09 22.43 24.09 25.11 25.15 25.12 25.06 24.42 23.03 21.30 21.01 19.12
traj-269:
20.55 20.25 19.04 19.14 19.20 19.59 19.71 19.82 19.91 20.12 20.10 19.97 19.99 19.82 19.87 19.96 20.19 19.63 20.10 20.71 21.20 21.49 23.24 23.84 25.72 27.61 29.09 29.98 31.25 32.05
 1.34  1.35  2.78  4.53  4.86  6.77  7.88  9.42 10.69 12.38 14.12 15.40 16.71 18.62 19.78 20.99 21.53 23.27 24.34 25.79 26.13 26.17 26.23 26.27 26.49 26.15 25.06 24.93 25.15 25.87
traj-270:
20.18 19.03 18.37 18.36 16.94 15.77 14.31 13.02 12.46 11.99 11.31 10.40 10.12
 0.53  1.81  2.72  3.02  3.50  3.33  3.32  4.03  4.84  5.78  7.00  8.68  8.78
traj-271:
20.42 20.15 19.90 19.69 19.63 19.45 19.47 19.47 19.45 18.74 18.48 18.76 19.08 19.45 19.24 18.38 17.01 15.52 14.63 13.49 11.97 10.59  9.15  7.45  5.63  4.91
 1.74  3.53  5.18  7.07  8.56 10.29 12.15 13.62 14.27 16.02 17.92 18.67 20.27 22.16 22.38 24.00 25.13 25.10 25.10 25.11 24.06 23.88 23.99 23.38 22.62 22.28
traj-272:
19.35 19.41 19.48 19.50 19.61 19.88 20.28 20.15 20.13 20.06 19.98 20.00 19.94 19.92 19.80 19.97 20.09 20.37 20.52 21.27 22.17 23.36 24.84 26.60 28.11 29.49 30.47 31.48 31.48 31.70 32.02 32.08 32.29 32.38
 0.68  1.64  3.58  4.62  6.54  7.48  9.14 11.12 11.41 13.41 14.89 16.04 17.71 18.17 19.61 21.25 22.29 24.12 25.55 26.09 26.07 26.10 26.07 25.35 24.31 23.20 22.64 21.10 20.84 18.87 17.15 16.61 14.79 14.20
traj-273:
18.54 18.28 17.69 16.06 14.31 12.88
 0.90  2.79  3.31  3.63  3.90  5.03
traj-274:
20.73 20.80 19.90 19.96 19.98 20.10 20.17 20.08 20.04 20.00 19.93 19.82 19.64 19.51 19.33 19.06 18.81 18.92 18.10 18.29 16.60 16.00 14.58 12.67 10.86 10.03  8.29  6.74  5.00  4.17
 0.96  2.04  3.61  4.34  5.98  7.68  8.34  9.36 10.90 12.25 14.10 15.35 17.06 18.08 19.03 20.58 22.22 23.35 24.04 25.62 25.97 25.99 26.02 25.48 24.76 24.65 24.00 23.29 23.50 23.60
traj-275:
19.99 19.94 19.99 20.05 20.01 20.01 19.83 19.75 19.60 19.84 19.65 19.32 18.53 19.10 19.62 20.24 21.66 22.53 24.28 25.95 27.65 28.17 29.30 29.22 29.17 28.63 28.48 28.23 28.00 27.70 27.78 27.57
 1.58  2.77  3.78  5.50  7.26  9.23 10.77 12.70 14.23 15.84 17.82 19.38 21.07 22.86 24.39 25.47 26.24 26.31 26.23 26.12 25.30 24.38 22.77 20.85 19.53 18.07 16.58 14.72 13.76 12.05 10.20  8.21
traj-276:
18.33 18.08 17.24 16.44 14.95 14.36 12.86 11.40 10.17  8.68  7.37  6.57
 1.66  2.84  3.62  3.77  3.88  3.94  4.60  5.75  6.63  7.62  8.65  9.23
traj-277:
20.52 20.32 20.14 19.88 19.94 19.92 19.93 19.84 19.84 19.70 19.83 20.00 19.97 19.90 19.90 19.56 20.05 19.71 18.43 17.26 15.28 14.12 12.36 11.63  9.89  8.58  8.37  8.29  9.33
 0.57  1.13  3.03  4.62  5.64  7.20  8.25  9.48 11.06 12.53 14.51 15.78 17.70 19.51 20.01 21.49 23.04 24.67 25.34 25.98 26.17 26.20 26.00 25.54 24.84 23.79 22.09 21.45 19.75
traj-278:
19.43 19.67 19.66 19.59 19.66 19.68 19.77 19.66 19.63 19.35 19.28 19.07 19.19 18.83 18.68 18.85 18.90 19.03 19.20 19.47 20.92 21.82 23.29 25.24 26.23 27.34 29.17 28.58 29.41 30.68 31.21 31.96 32.76 33.70 34.20 34.61
 1.83  2.99  4.37  6.02  7.60  9.20  9.97 11.49 12.74 14.17 14.88 16.74 18.54 19.08 20.99 21.23 23.09 24.61 25.95 26.08 26.22 26.28 26.34 26.35 26.55 26.64 26.55 25.00 23.21 21.74 21.18 19.43 18.29 16.95 15.25 13.71
traj-279:
19.38 19.46 18.71 18.12 16.39 14.63 13.27 12.27 11.31  9.38  9.00
 1.65  1.94  3.70  3.71  3.85  3.97  4.89  6.52  7.74  7.55  8.01
traj-280:
19.53 19.76 19.78 20.03 19.98 20.01 19.89 19.81 19.75 19.91 20.04 20.10 20.28 20.37 20.06 19.17 18.31 17.75 15.97 14.02 13.14 11.71 11.16  9.46  8.95  8.31  8.01  8.30
 0.93  2.58  3.08  5.05  5.84  7.40  8.57 10.15 12.06 13.46 15.16 17.09 17.82 19.55 21.51 22.92 23.75 25.38 25.61 25.33 25.25 24.88 23.97 23.06 21.87 20.07 18.20 17.44
traj-281:
19.51 19.44 19.43 19.37 19.31 19.22 19.07 18.85 18.60 18.38 18.16 18.58 19.36 20.07 20.08 19.97 19.60 19.39 20.59 21.19 22.66 24.15 25.33 26.97 27.61 28.47 30.41 32.17 33.00
 1.11  1.72  3.32  4.99  6.95  8.89 10.56 12.35 12.95 14.83 16.23 17.28 18.83 20.27 20.83 22.40 24.22 24.95 26.02 26.06 26.14 26.21 26.26 25.29 24.13 22.94 22.67 23.14 23.32
traj-282:
20.58 18.92 18.14 16.63 14.85 13.43 12.55 11.41  9.73  7.88
 1.71  2.76  3.30  3.88  3.89  4.86  6.26  6.08  5.85  5.51
traj-283:
20.01 19.48 19.46 19.50 20.13 20.06 19.99 19.31 19.43 19.82 19.61 19.47 20.27 20.14 19.31 19.18 19.09 19.27 19.97 18.77 17.07 15.72 14.52 13.01 11.77  9.83  8.09  7.53  5.85
 0.46  1.83  2.95  4.24  6.01  7.71  8.66 10.40 11.55 12.96 14.66 15.18 16.79 18.27 19.98 20.34 22.31 22.75 24.35 24.91 25.51 25.33 25.37 25.19 24.24 23.83 23.89 23.98 24.24
traj-284:
18.81 19.35 19.68 19.94 19.97 20.21 20.29 20.03 19.90 19.56 19.48 19.29 19.08 19.35 19.00 19.35 19.73 19.81 19.84 21.32 21.88 23.63 24.81 26.01 27.80 28.08 29.94 30.73
 1.07  2.63  3.92  4.72  4.88  6.70  7.50  9.38  9.93 11.67 13.55 15.33 17.29 19.14 19.94 21.64 23.20 23.67 25.63 26.12 26.13 26.20 26.36 26.07 25.39 25.28 25.31 25.76
traj-285:
18.99 19.56 20.09 19.14 18.15 16.31 14.87 13.68 12.34 11.64
 0.77  1.95  3.09  4.43  4.00  3.38  3.26  3.38  3.45  5.24
traj-286:
20.67 20.39 20.09 19.73 19.64 19.43 18.97 19.04 18.82 18.76 18.61 18.67 18.53 18.46 18.45 18.54 18.54 18.04 17.27 15.58 13.88 12.42 11.09 10.84 10.75
 1.50  2.67  4.20  5.35  5.68  7.41  9.29 10.09 11.68 13.14 14.97 16.32 17.82 19.44 21.09 22.98 23.10 24.49 25.70 26.02 26.37 26.18 25.74 24.33 23.43
traj-287:
19.10 19.65 19.85 20.22 20.13 20.02 19.93 19.90 19.66 19.46 19.64 19.71 19.89 19.75 19.38 19.49 20.30 20.29 20.64 20.86 21.11 21.70 23.15 24.57 26.31 27.55 27.87 28.19 28.45 29.00 29.80 30.21 30.76
 1.55  3.41  4.18  6.14  6.67  8.35  9.66 10.41 11.89 13.15 14.94 16.48 18.23 19.23 20.94 21.76 23.42 24.01 25.73 25.94 26.09 26.17 26.31 26.46 25.67 25.20 23.88 22.81 21.86 20.06 18.27 17.01 15.98
traj-288:
18.39 18.49 18.37 16.69 14.94 13.79 13.47 13.25 12.94
 0.76  1.96  2.96  3.47  3.54  5.00  6.28  7.43  9.03
traj-289:
20.12 19.62 19.08 19.17 19.28 19.51 19.59 19.72 19.93 19.94 20.05 20.01 19.92 19.73 19.72 19.70 19.71 19.04 18.45 17.77 16.12 14.78 13.32 12.49 11.89 12.09 12.59
 0.52  0.81  2.29  3.18  4.31  5.74  6.52  8.12 10.03 11.34 13.20 14.64 16.17 17.59 18.97 20.61 21.87 23.36 24.19 25.20 25.23 25.18 25.09 24.64 23.28 22.17 20.65
traj-290:
20.03 20.00 19.90 19.80 19.71 19.65 19.67 19.71 19.63 19.54 19.44 19.08 19.25 19.51 19.46 19.67 19.84 21.48 23.27 25.05 26.81 27.96 29.77 30.93 32.34 33.07
 0.50  1.32  2.96  4.16  6.00  7.51  8.99 10.76 12.38 14.26 15.84 17.74 19.10 21.01 22.92 23.75 25.43 26.03 26.05 26.10 26.36 26.68 25.97 25.32 24.19 23.72
traj-291:
20.72 19.04 18.02 16.66 15.49 14.63 13.26 12.99 11.34 10.36  9.82  9.68
 1.45  2.19  2.70  3.08  3.12  3.17  4.12  4.25  5.22  5.92  7.75  9.17
traj-292:
20.39 20.10 19.96 19.88 19.77 19.82 19.91 20.02 19.92 19.62 19.56 19.52 19.18 19.12 19.07 18.59 18.22 18.56 16.65 14.88 13.53 12.69 11.49 10.03  8.27  7.15  6.34
 1.91  3.77  5.47  6.49  7.70  9.69 11.23 12.65 14.22 16.16 17.56 18.17 19.60 20.74 21.89 23.17 24.20 25.86 25.86 25.96 25.43 25.08 23.77 23.88 24.28 23.50 22.57
traj-293:
18.03 18.19 18.62 18.88 19.07 19.33 19.56 19.87 19.84 19.89 19.91 20.04 19.03 19.26 19.13 19.73 19.87 20.16 21.85 23.57 25.05 26.12 26.92 27.64 28.18 28.44 28.50 28.17 28.87 28.95 29.36 29.33 29.35 29.17 28.97 28.83 28.73
 0.96  1.76  3.51  4.76  5.56  7.17  8.45  9.87 11.85 13.50 15.06 16.91 18.29 18.92 20.74 22.61 23.23 25.07 26.11 26.21 26.46 25.44 24.83 23.32 21.80 19.85 18.99 17.72 16.06 15.77 13.92 12.81 11.78 10.44  8.74  7.25  5.63
traj-294:
18.48 18.55 17.45 16.59 15.46 13.56 11.73 10.16  8.40  7.45  6.31  5.26
 0.56  2.18  3.05  3.22  3.34  3.52  3.67  3.88  4.23  4.39  4.60  4.84
traj-295:
19.01 19.53 20.07 20.23 20.14 20.11 19.97 20.14 20.13 19.08 18.63 18.56 18.82 19.15 19.81 19.17 18.43 18.48 17.12 15.64 14.75 13.32 11.89 11.62 11.90 12.14 12.36
 1.54  2.49  4.08  6.06  7.92  8.92 10.76 11.92 13.03 14.25 15.11 16.71 18.00 18.70 20.26 21.98 22.98 24.56 25.49 25.40 25.37 25.20 23.92 23.80 21.90 19.97 19.42
traj-296:
20.77 20.48 20.11 20.03 19.93 19.77 19.69 19.56 19.40 19.31 19.42 19.58 19.68 20.07 20.07 19.21 20.93 22.41 24.15 25.02 26.76 28.65 29.53 30.34 30.79 31.06 31.48
 2.00  3.67  5.27  7.19  9.02 10.83 12.30 13.51 15.46 17.23 18.36 20.35 21.57 23.21 23.91 25.70 26.15 26.21 26.25 26.41 26.34 25.84 24.73 23.80 21.87 20.75 19.26
traj-297:
18.34 18.39 17.12 15.39 13.91 13.31 11.53  9.91  7.97
 1.14  2.12  3.34  3.57  3.58  3.58  3.64  4.13  4.48
traj-298:
18.29 18.44 18.82 19.43 19.46 19.72 19.66 19.81 19.93 19.88 19.69 19.39 19.12 19.58 19.23 19.05 19.28 17.86 16.67 14.94 13.53 11.91 10.51  9.59
 1.73  2.28  3.69  5.45  7.03  8.98  9.42 11.20 12.35 14.14 15.85 17.24 19.03 20.36 22.29 22.90 24.76 25.94 25.85 25.54 25.16 24.23 23.77 23.63
traj-299:
20.26 20.23 19.82 20.15 20.00 19.98 19.82 19.81 19.98 20.16 20.14 20.13 20.20 20.20 20.24 20.28 20.41 20.51 21.03 22.14 23.31 25.05 26.51 27.62 28.90 29.56 30.73 31.40 31.85 32.33 32.83 33.04 33.46 33.88
 0.93  2.82  4.71  6.04  7.98  8.30 10.12 11.49 13.45 15.28 16.81 17.88 19.41 20.17 22.03 23.64 25.44 25.84 26.13 26.38 26.49 26.83 26.91 26.65 26.16 25.69 25.25 24.02 22.10 20.60 19.02 18.22 16.49 14.87
