traj-0:
23.12 22.58 21.37 20.93 19.13 17.82 16.13 14.69
 1.10  1.53  2.77  3.16  3.63  4.07  4.96  5.72
traj-1:
21.37 21.76 22.10 22.32 22.65 22.86 22.32 22.25 22.34 23.06 22.95 22.98 22.76 22.14 21.19 20.45 19.91 18.43 17.11 15.36 13.64 11.72 10.58  8.80  7.06  6.80
 1.39  2.35  4.23  4.90  6.35  8.30 10.00 10.46 12.27 14.11 15.47 16.53 17.80 18.91 20.57 21.44 21.57 21.82 21.69 21.50 21.24 21.13 21.26 21.53 21.67 21.67
traj-2:
23.41 23.42 23.31 23.27 23.46 23.67 25.13 27.01 28.89 29.41 31.39 33.07 33.44
 1.30  2.48  4.16  5.78  7.11  8.71  8.84  8.50  8.32  8.26  8.13  7.24  6.85
traj-3:
22.69 21.71 20.13 18.36 17.26 16.03 15.31 14.94 14.40 13.16
 1.45  2.49  3.50  4.09  4.37  4.81  5.68  6.69  8.14  9.06
traj-4:
22.40 22.48 22.60 22.63 22.77 22.76 22.77 22.83 22.82 22.93 22.99 22.99 23.03 23.00 22.95 22.65 20.89 19.38 18.58 16.96 15.02 13.23 11.35  9.87  9.17  7.54
 0.60  1.99  3.51  4.25  6.21  6.90  8.24 10.04 11.09 12.96 14.85 16.71 17.99 18.89 20.80 21.55 21.97 21.94 21.96 21.88 21.69 21.61 21.36 21.02 20.92 20.66
traj-5:
22.05 22.35 22.71 23.07 23.79 25.48 26.08 27.54 29.18 29.32 29.26 29.26 29.15 29.09 29.13 29.14 29.15
 1.74  3.55  4.70  6.29  7.70  8.49  8.48  8.47  8.76 10.72 11.90 13.54 15.18 16.65 18.44 20.43 22.15
traj-6:
22.44 21.53 20.39 19.09 17.70 16.95 15.05 13.65 12.30 10.43  8.63  8.28  6.48
 1.21  2.40  3.98  4.08  3.71  3.30  3.56  4.10  4.08  3.90  3.38  3.74  4.52
traj-7:
23.69 23.03 22.47 22.18 22.77 23.25 23.15 23.07 23.00 22.98 22.77 22.11 21.54 21.13 20.98 18.99 17.98 16.83 15.67 14.23 12.75 11.03
 1.44  2.01  3.93  5.85  6.78  8.50 10.13 11.15 12.30 13.84 15.73 17.56 19.24 20.58 21.16 21.12 21.28 21.36 21.43 21.33 21.16 21.36
traj-8:
21.11 22.13 22.89 23.26 24.62 26.41 27.38 29.07 30.00 31.13 31.38 31.16 30.87 32.28 33.46
 1.79  3.45  5.28  6.27  7.25  8.06  8.30  8.59 10.19 11.82 13.43 15.08 16.64 17.27 17.85
traj-9:
22.01 21.69 20.15 19.65 17.74 17.15 15.16 13.52 11.79 11.49
 1.27  2.91  3.61  3.74  3.83  3.77  3.62  3.47  3.10  3.11
traj-10:
23.13 23.10 22.98 22.70 22.74 22.57 22.45 22.45 22.30 22.38 22.78 22.49 22.10 21.36 21.18 20.15 18.66 17.51 16.64 14.81 13.31 12.34 10.49  9.87  8.42  6.84
 1.29  3.21  5.16  6.96  7.94  9.47 11.03 12.04 13.14 15.04 15.60 16.62 18.17 19.65 20.14 21.39 21.40 21.40 21.45 21.40 21.24 21.15 20.78 20.65 20.37 20.02
traj-11:
21.37 21.40 22.22 22.65 23.23 24.40 24.70 26.42 28.21 29.53 31.38
 1.98  2.28  4.09  5.18  6.48  7.83  7.88  7.94  8.33  8.84  9.11
traj-12:
21.70 22.17 22.68 22.14 20.53 18.74 16.99 15.76 15.35 13.96 13.14 11.69 10.55  9.04  8.25  6.77
 1.06  2.04  3.17  4.97  4.97  4.91  4.96  5.77  6.55  7.76  7.71  7.67  7.28  6.55  6.25  5.60
traj-13:
22.22 22.34 22.62 22.90 23.16 23.35 23.30 23.24 23.17 23.07 23.00 23.12 23.10 21.86 21.48 21.31 20.11 19.63 17.97 16.00 14.64 14.25 12.47 10.89  9.09  8.52
 1.64  2.20  3.75  5.24  6.98  8.64  9.71 10.97 12.33 13.77 15.14 16.93 18.32 19.66 20.01 20.26 21.61 21.76 22.00 22.18 21.60 21.07 20.52 20.83 21.69 21.60
traj-14:
21.04 21.42 21.88 22.15 22.22 22.85 23.58 24.85 26.80 27.10 29.03 30.44 31.25
 0.78  1.87  3.42  4.67  6.52  8.32  9.92  8.99  8.87  8.85  8.69  8.24  7.22
traj-15:
23.58 22.89 21.36 20.41 18.62 17.21 15.60 14.28 12.48 10.53
 0.54  1.05  2.28  3.98  4.51  4.85  5.67  6.88  6.51  6.38
traj-16:
23.39 23.26 23.39 23.53 23.80 23.81 23.89 23.78 23.01 22.93 23.20 23.18 22.23 21.92 21.97 21.43 19.83 17.97 16.65 15.52 14.59 12.88 11.97 10.82  9.26  7.94
 0.78  2.49  3.65  4.80  6.60  6.90  8.81  9.09 10.91 12.75 13.57 15.29 16.94 18.89 19.37 21.16 21.79 21.38 21.25 21.04 21.10 20.76 20.55 20.36 20.18 20.92
traj-17:
22.83 22.89 23.11 23.12 23.72 25.54 27.20 27.77 29.39 29.61 30.06 30.30 29.62 29.36 29.27 29.21 29.19 29.31 29.34 29.31 29.96
 0.75  2.48  4.15  6.15  7.94  8.14  8.04  7.96  8.89 10.07 11.69 12.83 14.68 15.76 16.88 18.25 19.37 21.00 22.08 23.97 25.80
traj-18:
21.77 21.63 21.05 20.10 18.17 16.74 15.53 14.47 14.14 12.40 10.70
 0.44  2.18  3.73  4.42  4.61  4.59  5.46  6.56  6.98  7.68  8.36
traj-19:
23.02 23.01 22.97 23.00 23.49 23.51 23.35 22.83 22.84 23.16 23.23 23.17 23.04 22.72 21.79 20.32 19.16 17.79 16.67 14.92 13.22 11.45 11.17
 1.83  2.32  4.25  5.83  7.60  9.42  9.87 11.46 13.36 15.08 16.48 17.43 19.20 20.01 21.09 22.11 21.94 21.71 21.47 21.15 21.11 20.46 20.37
traj-20:
23.30 23.40 23.57 23.88 23.66 23.65 25.59 27.24 29.00 30.41 31.13 31.51 31.76 31.38 30.94 30.62 30.08 29.83 29.55 30.06 30.47
 1.90  2.97  4.14  5.86  7.75  8.64  8.77  8.57  9.19 10.28 11.44 12.66 14.13 15.39 16.97 18.90 20.77 22.22 23.55 24.88 25.55
traj-21:
21.51 21.49 21.61 20.61 18.94 17.24 15.57 13.84 12.82 12.31 11.23  9.80
 1.75  3.61  4.08  4.85  4.59  4.63  4.77  5.61  7.28  8.02  9.62  9.55
traj-22:
22.83 23.00 23.15 23.30 23.50 23.43 23.13 22.88 22.66 22.54 22.33 22.18 21.24 20.16 19.73 18.81 17.66 16.04 14.23 12.98 11.53 11.13  9.55  7.71
 1.95  3.72  5.09  6.97  8.82 10.60 12.35 14.32 15.93 17.00 18.94 19.20 20.11 21.13 21.28 21.51 21.70 21.77 21.29 20.66 20.13 19.72 18.67 18.40
traj-23:
21.01 22.20 22.91 23.06 23.33 23.55 25.42 26.12 28.09 29.55 29.31 29.43 29.77 30.07 30.01 29.56 29.30 29.64 29.95 29.85 30.17 31.22 32.06 32.92 33.61
 1.70  2.57  4.32  5.13  6.72  7.69  8.41  8.41  8.39  9.52 11.17 12.44 13.98 15.48 16.32 17.80 19.64 21.05 22.79 23.32 25.29 26.96 28.32 29.85 30.78
traj-24:
23.33 23.12 21.61 19.97 19.10 17.25 15.63 13.82 12.87 11.07  9.28  7.51
 1.21  1.37  2.33  3.09  3.21  3.45  3.66  3.95  4.24  4.46  4.64  5.32
traj-25:
23.52 23.18 23.10 23.43 23.50 23.53 23.55 23.77 23.71 23.64 23.74 23.82 23.92 23.68 22.99 21.84 19.86 18.22 16.42 15.27 13.85 11.99
 1.99  3.95  5.10  6.49  7.07  9.07  9.63 11.60 13.20 14.59 16.30 17.40 18.89 20.33 21.10 21.25 21.03 21.28 21.43 21.36 20.97 20.63
traj-26:
22.08 22.53 22.88 22.88 22.68 22.80 24.49 26.25 28.24 29.82 31.33 30.92 30.47 30.70 30.93 31.15 31.10
 1.70  3.48  5.34  5.64  7.39  7.66  8.43  8.26  8.31  8.84  9.51 11.22 13.00 13.71 15.23 16.14 17.86
traj-27:
22.47 22.33 22.38 21.62 20.42 18.75 16.82 15.89 14.59 12.82 11.60 11.24  9.72  9.16
 0.48  0.77  2.67  4.50  4.19  4.07  3.96  3.86  4.31  4.71  6.25  7.78  9.06  8.87
traj-28:
22.93 22.30 22.02 22.38 22.82 23.10 23.30 22.88 23.09 23.10 23.20 23.24 22.66 22.51 21.63 21.10 19.35 17.37 15.57 15.09 13.27 11.85 10.06
 0.98  1.41  3.38  4.88  6.52  7.59  9.45 11.14 13.06 13.50 15.33 16.41 17.87 18.73 20.35 21.07 21.61 21.43 21.53 21.63 20.85 21.26 21.81
traj-29:
21.11 21.43 21.62 22.59 23.16 24.89 26.29 26.85 28.59 30.22 31.14 32.08
 0.50  2.42  3.86  5.50  6.46  7.36  7.82  7.92  8.75  9.60 10.77 11.96
traj-30:
21.73 21.74 20.87 20.03 18.34 16.75 15.22 14.97 14.04 12.47 10.55  8.74  7.72  6.44  5.36
 1.53  2.13  3.88  4.12  4.46  4.87  5.71  5.87  6.54  6.96  6.76  6.16  5.79  5.31  4.94
traj-31:
23.62 23.08 22.82 22.52 22.31 22.26 22.55 22.68 22.78 22.88 22.97 23.04 22.62 22.32 21.78 20.29 19.75 18.04 16.32 15.76 14.31 13.09 11.42 10.23
 1.06  2.78  3.98  5.47  7.42  8.29 10.12 10.69 12.56 14.16 16.09 16.92 18.75 19.46 21.15 22.01 21.97 21.62 21.34 21.15 20.31 19.14 18.91 18.83
traj-32:
23.42 22.93 22.52 23.19 23.29 24.96 26.84 28.03 29.26 29.91 30.89 32.11 32.84 33.84
 1.35  3.03  4.82  6.40  6.68  7.74  8.42  8.55 10.12 11.04 12.25 13.23 13.85 14.25
traj-33:
21.21 21.87 21.90 20.34 19.27 18.24 16.81 15.35 14.63 13.20 12.37 10.67  8.82  6.97
 1.66  2.63  4.27  4.42  4.12  3.82  3.82  3.99  4.17  4.96  6.10  6.83  6.83  6.99
traj-34:
21.09 21.23 21.58 21.98 22.29 22.45 21.57 21.48 21.57 21.72 21.67 21.34 21.29 21.21 21.14 19.89 18.03 17.36 15.75 14.39 14.15 12.18 11.23  9.68
 0.94  1.85  3.45  5.27  7.06  8.22  9.88 10.71 12.33 14.11 15.29 16.80 18.71 20.01 21.51 21.55 21.88 21.97 22.08 20.79 20.62 20.26 19.68 18.85
traj-35:
23.11 23.24 22.90 22.90 22.93 22.79 24.06 25.89 26.79 27.90 29.65 30.51 30.96
 0.47  1.10  2.63  3.29  4.98  6.56  7.83  8.58  8.56  8.50  8.18  6.39  6.25
traj-36:
23.06 22.73 21.34 20.08 18.90 18.06 16.43 14.60 13.63 12.36 11.67  9.75
 1.10  1.41  2.75  3.91  4.08  4.20  4.67  5.17  5.72  7.01  8.69  8.92
traj-37:
23.77 22.91 22.54 22.49 22.52 22.55 22.50 22.73 22.79 22.94 23.05 23.14 22.94 22.17 21.36 19.49 17.99 16.11 14.95 13.40 11.86
 1.97  3.11  4.53  6.28  8.07  8.68 10.25 11.70 12.28 13.81 15.20 16.22 18.16 19.53 21.32 21.91 21.87 21.87 21.74 21.99 22.32
traj-38:
21.43 21.70 21.98 22.13 22.37 23.43 24.62 25.70 27.41 29.06 29.81 29.85 30.13 30.25 30.37 30.56 31.06 31.56 32.96 33.51 34.08 34.20 34.18
 1.64  2.70  3.71  4.67  6.14  7.75  8.39  8.62  8.85  9.60 11.40 12.15 13.77 14.45 15.83 17.14 18.33 19.42 20.79 21.87 23.31 25.08 25.38
traj-39:
22.23 22.17 21.79 20.45 19.94 17.96 16.58 15.33 14.88
 1.61  2.12  3.76  4.58  4.64  4.71  4.94  6.22  7.51
traj-40:
21.61 22.17 22.89 22.51 22.22 22.35 22.31 22.20 22.44 22.64 22.98 23.05 22.94 22.14 20.92 19.48 17.92 17.09 15.96 14.15 13.85 13.13
 0.89  2.33  3.71  5.46  7.42  9.17  9.75 11.70 12.45 14.26 16.07 17.17 19.01 19.99 21.57 21.79 22.07 21.99 21.61 21.42 21.48 21.85
traj-41:
21.85 21.80 21.88 22.08 22.72 22.90 24.58 26.32 27.47 29.21 29.62 29.78
 1.72  3.52  5.38  5.95  7.42  7.87  8.59  8.60  8.59  9.23 10.28 12.21
traj-42:
23.67 22.47 21.43 20.56 18.68 17.12 16.23 14.86 13.75 12.29 11.75 10.09  8.35  7.87
 0.93  1.69  2.55  3.31  3.69  4.00  4.61  5.40  6.02  5.62  5.39  4.59  3.63  3.26
traj-43:
21.14 21.24 21.48 21.73 21.93 22.14 22.27 22.62 22.31 21.96 22.03 22.10 21.81 21.52 20.21 19.11 17.79 16.07 14.97 13.95 12.43 11.08  9.71
 1.61  2.45  3.94  5.29  6.24  7.79  9.53 11.04 12.59 14.53 16.34 17.96 18.81 19.97 21.09 21.35 21.44 21.66 21.75 21.83 20.81 19.87 19.17
traj-44:
23.02 22.71 21.71 22.06 22.48 23.51 23.92 25.74 26.58 28.27 29.30 29.55 29.60 29.97 31.39 33.31
 1.40  1.78  3.04  4.86  5.64  6.96  7.39  8.05  8.15  8.19  9.60 11.38 11.88 13.81 14.07 14.61
traj-45:
22.50 22.62 23.34 23.44 22.56 21.61 19.94 18.28 16.31 15.16 14.24 13.64 12.33 10.47 10.22  8.92
 1.21  1.48  3.29  4.42  6.08  4.60  4.16  3.95  4.23  4.61  5.41  5.90  7.09  6.84  6.63  5.46
traj-46:
22.88 22.64 22.13 22.31 22.66 23.14 23.58 23.80 23.58 23.28 23.05 22.09 21.79 21.45 21.13 20.39 19.55 18.45 17.49 16.38 15.52 13.79 12.26 11.19 10.79
 0.40  1.68  3.19  4.09  5.78  7.06  8.90  9.91 11.79 13.71 15.15 16.74 17.21 17.52 19.47 21.17 21.46 21.66 21.82 22.07 22.26 22.32 21.33 20.24 19.47
traj-47:
21.40 21.59 22.27 22.42 22.98 23.54 24.84 26.01 27.09 28.76 30.53
 0.49  0.72  2.33  3.23  5.06  6.94  7.65  7.63  7.86  8.04  8.53
traj-48:
23.60 22.65 21.47 20.17 18.81 17.68 16.01 15.27 13.59 11.81
 0.68  1.72  2.89  4.01  4.32  4.47  4.92  5.38  6.25  5.51
traj-49:
21.08 22.40 22.62 22.47 22.45 22.34 22.45 22.68 22.85 22.93 22.88 22.94 22.88 22.11 21.27 19.67 18.67 17.09 15.64 14.77 13.36 11.94 11.10 10.02  8.49
 1.99  3.28  5.08  6.83  7.13  8.85 10.22 11.70 13.47 14.20 16.12 16.97 18.25 19.65 21.06 21.59 21.50 21.41 21.21 21.06 20.66 21.09 21.35 21.70 22.04
traj-50:
22.55 23.29 23.57 23.86 24.88 25.40 27.19 29.01 29.69 30.94 31.03
 1.46  3.19  4.35  6.26  7.70  7.97  8.44  9.20  9.93 11.43 13.15
traj-51:
22.82 22.73 22.44 22.10 20.44 19.76 17.78 16.36 14.89 13.51 11.82
 0.41  1.05  2.44  3.20  4.28  4.33  4.24  4.80  5.56  6.27  7.02
traj-52:
21.33 21.88 22.46 22.99 23.40 23.58 23.29 23.07 23.02 23.17 23.32 22.71 22.11 21.01 19.40 18.54 16.93 15.22 14.72 13.64 13.19
 1.10  2.48  4.07  5.59  6.64  8.53 10.10 11.68 13.47 15.09 16.10 17.92 19.51 21.07 21.05 21.02 21.04 21.01 20.68 19.35 18.39
traj-53:
22.05 22.50 22.79 23.35 23.85 25.77 27.23 28.80 30.04 31.30 32.07
 1.97  3.71  4.95  6.56  7.37  7.12  7.11  7.45  8.70  9.79 10.68
traj-54:
22.36 21.42 20.07 18.87 17.37 16.81 15.37 14.85 14.02 12.39 10.41  9.55
 1.78  2.67  3.69  3.99  4.56  4.72  5.65  5.94  6.48  6.82  6.58  5.89
traj-55:
21.02 21.46 21.77 22.59 22.96 23.26 23.50 23.49 23.33 22.62 22.54 22.71 22.13 21.54 19.79 18.96 17.13 16.00 14.03
 1.54  2.79  3.67  5.44  7.16  8.81  9.96 11.13 12.54 14.30 16.18 17.87 18.97 20.30 21.06 21.11 21.24 21.21 21.17
traj-56:
21.89 22.52 22.99 23.16 23.31 24.90 26.42 27.78 28.44 29.95 30.80 30.04 29.40 29.23 29.92 30.13 29.68 29.56 29.98 30.67 31.93 33.37 33.93
 1.41  2.50  4.13  5.31  6.72  7.69  7.91  8.04  8.17  8.77 10.49 12.14 13.21 15.01 16.89 17.89 19.71 21.42 22.08 23.18 24.48 25.84 26.33
traj-57:
22.00 22.21 20.53 18.72 18.40 16.95 15.43 15.19 14.18
 1.86  2.88  3.90  4.66  4.78  4.99  5.83  6.35  8.03
traj-58:
23.26 23.09 22.85 22.76 22.41 22.14 21.66 21.43 21.35 21.11 21.24 21.67 21.99 22.22 22.07 20.85 19.53 18.95 17.34 15.67 14.02 12.26 10.78
 0.99  2.86  4.27  4.95  6.74  8.46  9.60 10.96 11.42 13.38 13.93 15.43 16.74 18.56 20.50 21.22 21.64 21.76 21.61 21.65 20.64 20.06 19.70
traj-59:
22.25 22.61 23.02 23.11 23.26 23.35 24.96 26.64 28.60 29.58 29.39 29.34 29.28 29.20 29.10 29.06 29.34 29.61
 0.44  2.33  3.99  4.83  6.58  7.67  8.53  8.38  8.31  8.93 10.57 12.13 13.12 14.50 16.07 17.21 18.75 19.87
traj-60:
21.56 21.54 21.24 20.47 19.23 17.37 16.44 15.16 14.94 13.04 11.21 10.67
 1.24  1.54  1.58  3.19  3.56  4.13  4.66  6.18  6.38  5.89  5.28  5.21
traj-61:
21.30 21.92 22.45 23.10 23.10 23.10 22.87 22.83 23.02 23.00 22.95 22.44 21.78 21.79 20.43 18.62 17.08 15.65 14.71 12.95 11.81 10.09  8.20  6.36  6.06
 0.47  2.11  3.60  5.24  7.11  8.56 10.49 11.99 13.56 14.60 15.93 17.04 18.86 20.43 21.72 21.72 21.60 21.42 21.29 21.10 21.13 21.15 21.35 21.96 21.96
traj-62:
21.06 21.90 22.69 22.73 22.79 22.98 23.54 25.31 27.26 29.02 29.13 29.31 30.01 30.47 31.01 31.40
 0.60  2.04  3.11  4.25  6.20  8.05  8.65  8.73  8.35  9.08 10.21 12.05 13.34 14.15 15.34 15.93
traj-63:
22.38 21.52 20.20 19.23 17.37 16.43 15.15 15.00 14.07 13.56 11.82
 1.38  2.24  3.23  3.69  4.20  4.79  6.33  6.59  8.19  9.05  9.60
traj-64:
21.60 22.04 22.22 22.33 22.54 22.64 22.58 22.70 22.97 23.18 23.36 23.26 23.15 21.99 20.59 18.70 17.03 16.14 14.55 14.06 12.66 11.52
 1.67  3.19  4.59  5.99  6.76  8.34 10.25 11.72 13.02 14.65 16.14 17.83 19.25 20.64 21.22 21.31 21.38 21.31 20.48 20.13 19.29 19.57
traj-65:
22.48 22.77 22.91 23.31 23.58 25.00 25.87 27.78 29.53 30.57 31.47 31.02 30.30 29.63 29.36 29.34 29.27 30.03 30.12 31.25 31.73
 1.55  3.42  4.42  5.76  6.66  7.72  7.90  8.07  8.89  9.78 11.50 13.29 14.16 15.25 15.98 17.63 19.45 20.96 22.02 23.53 24.38
traj-66:
22.80 21.51 20.12 18.56 16.88 16.13 14.46 12.84 11.16 10.67  9.67  8.31  6.47  5.90
 1.94  2.91  4.09  4.46  4.86  4.98  5.66  6.55  7.38  7.94  8.95 10.08 10.66 10.82
traj-67:
22.97 22.31 21.19 21.08 21.43 21.95 22.46 23.02 23.02 23.09 23.14 23.15 23.12 22.94 21.79 21.02 19.13 18.12 16.51 15.30 14.34 12.38 10.96
 1.86  2.32  3.27  4.78  5.82  7.12  8.26 10.16 12.08 13.93 15.66 16.21 17.77 19.36 20.79 21.06 21.50 21.47 21.22 21.02 20.51 20.16 20.14
traj-68:
21.60 22.10 22.77 22.38 22.15 22.45 23.87 24.97 26.41 28.17 29.14 30.72 31.55
 1.51  2.60  4.43  6.00  7.00  8.83  8.84  8.85  8.79  8.91  9.80 10.91 11.24
traj-69:
21.53 21.54 20.54 18.97 17.54 15.97 14.72 13.14 11.53 10.82  9.40  7.65
 1.41  2.01  3.64  4.34  4.65  5.00  5.81  6.77  6.63  6.52  6.34  6.20
traj-70:
22.03 22.37 22.59 22.89 23.01 23.12 23.03 23.08 23.15 23.13 23.02 22.65 22.33 21.46 21.11 20.00 18.15 16.33 15.20 13.34 11.70 10.47  8.51  7.14  6.03
 0.53  2.22  4.18  5.75  7.28  8.56 10.01 11.34 12.70 14.52 15.35 17.31 18.06 19.40 20.19 21.41 21.63 21.81 21.45 21.26 21.10 21.49 21.44 21.73 21.94
traj-71:
23.49 23.31 23.04 22.65 23.63 23.53 25.31 26.92 28.32 29.60 29.94 30.04 29.59 29.60 29.48 29.72
 1.48  1.72  3.51  5.47  7.17  7.80  8.61  8.49  8.53  9.34  9.78 11.36 12.73 14.51 15.88 17.34
traj-72:
23.42 22.77 22.34 21.04 19.83 18.67 16.90 15.62 14.76 14.53
 0.59  1.15  3.01  3.82  3.81  3.79  4.25  4.81  6.29  8.10
traj-73:
23.38 23.27 23.39 23.54 23.47 23.22 23.39 22.50 22.14 21.92 22.08 22.34 21.67 20.95 19.10 17.87 16.36 14.93 13.02
 1.73  3.52  4.98  6.80  8.64 10.51 12.16 13.85 14.71 16.27 17.62 18.96 20.19 21.00 21.12 21.23 21.34 21.10 20.62
traj-74:
22.85 23.13 23.30 23.43 23.78 25.15 26.54 28.43 29.12 29.42 29.88 30.21 31.04 32.14 33.94 34.02 34.58 34.78
 0.64  2.05  2.92  4.91  6.50  7.89  8.20  8.46  9.54 11.19 12.53 13.33 14.78 15.41 15.24 14.95 13.31 12.74
traj-75:
22.79 22.73 22.50 21.21 20.17 18.52 17.44 16.37 15.15 14.90 13.12 11.15 10.65
 0.48  2.08  2.60  3.72  3.92  4.44  4.72  4.97  6.56  6.97  6.68  6.70  6.80
traj-76:
22.90 22.05 22.41 22.63 23.04 23.73 23.74 23.60 23.58 23.38 23.34 23.10 22.90 22.45 21.24 19.60 18.62 17.25 15.37 13.57 11.77  9.85  9.10
 0.47  2.20  3.93  5.03  6.81  7.72  9.19 11.17 12.70 14.64 14.94 16.65 18.07 19.33 20.49 21.20 21.43 21.77 21.76 21.28 20.89 20.33 19.68
traj-77:
22.95 23.12 23.24 23.40 23.42 24.20 25.80 27.54 29.28 30.63 30.10 29.65 29.46 29.48 29.32 29.24 29.22 29.20 29.61
 1.12  2.93  4.07  5.21  7.01  7.33  7.99  8.32  9.12 10.36 12.29 13.62 14.86 15.83 17.58 18.90 19.99 21.44 23.35
traj-78:
21.46 21.30 20.31 18.73 16.79 15.73 14.37 12.94 10.96
 1.70  2.14  3.28  3.67  3.99  4.16  4.98  5.85  5.97
traj-79:
23.53 23.35 23.27 23.24 23.23 23.19 22.97 22.96 22.96 22.97 22.55 22.16 22.09 21.89 20.53 18.74 18.16 16.32 14.42 13.08 12.23
 1.99  2.74  4.67  6.52  7.11  8.88 10.66 12.09 13.08 14.59 15.68 17.48 19.43 20.41 21.75 21.50 21.43 21.35 21.35 21.52 21.79
traj-80:
23.35 22.92 22.00 22.32 22.80 23.83 24.57 25.64 27.30 29.05 29.29 30.66 32.00 32.86 34.17 34.50 34.85
 1.57  1.96  3.44  4.33  5.39  6.97  7.44  7.92  8.73  9.58 10.07 11.42 12.84 12.77 11.31  9.90  8.50
traj-81:
22.58 22.20 20.73 19.38 17.91 17.09 15.55 14.89 13.63 11.87 10.81  9.42  7.81  6.33
 1.90  2.68  3.88  4.77  4.82  4.79  5.90  6.90  6.41  5.73  5.18  4.71  3.93  3.27
traj-82:
22.35 22.57 22.57 22.85 23.47 23.56 23.26 23.07 23.10 22.99 22.97 22.99 22.99 22.94 21.42 20.31 18.43 17.16 15.23 13.52 11.98
 1.74  3.23  3.99  5.71  7.48  9.32  9.84 11.82 12.90 14.68 16.67 18.09 19.53 20.38 20.95 21.13 21.53 21.49 21.48 20.89 21.94
traj-83:
22.79 22.54 22.28 22.60 23.63 25.35 26.83 28.58 30.46 32.23 33.33
 1.46  2.97  4.59  5.40  7.02  7.09  7.12  7.13  7.56  8.17  8.63
traj-84:
21.84 22.07 22.62 22.90 21.29 20.63 18.82 17.20 15.54 14.13 12.58 11.95 10.28  9.37  7.96
 1.49  1.92  3.34  4.09  4.77  4.37  4.12  4.00  4.16  4.42  5.39  6.00  7.10  7.49  7.83
traj-85:
22.36 22.51 22.45 22.44 22.58 22.50 22.60 22.68 22.85 22.95 22.81 22.77 22.92 23.19 23.17 22.46 20.66 18.71 16.73 14.76 13.00 12.17
 0.82  2.75  4.66  4.96  6.87  8.09  9.94 11.22 12.31 14.30 15.22 16.59 16.84 18.71 19.83 21.54 21.68 21.77 21.89 22.00 21.86 21.57
traj-86:
22.59 22.04 22.04 22.19 22.23 22.76 24.24 25.96 27.32 28.76
 0.54  2.20  2.50  4.27  5.58  7.41  7.38  7.24  7.17  7.01
traj-87:
23.78 22.93 21.29 20.17 18.22 17.39 15.76 14.94 14.01 12.12 11.66  9.94  9.36  7.61  6.63
 1.78  2.83  3.84  4.08  4.48  4.62  5.61  6.83  7.18  6.70  6.00  5.47  5.18  4.24  3.72
traj-88:
22.68 22.52 21.21 21.56 21.94 22.52 22.52 22.57 22.65 22.60 22.62 22.58 22.62 22.50 22.45 21.70 20.21 19.05 17.65 16.51 15.36 14.19 12.42 11.36  9.84
 1.44  1.70  3.03  4.73  6.43  8.31  8.79 10.63 11.56 13.21 14.77 15.56 16.67 18.53 20.41 21.89 21.97 22.01 22.09 22.16 22.17 22.01 21.87 21.68 21.30
traj-89:
22.80 21.94 21.73 22.10 23.00 23.19 24.95 26.37 27.85 29.60 30.84 32.45
 1.71  3.06  5.03  5.47  7.16  8.00  8.86  8.85  8.85  7.99  7.46  6.63
traj-90:
22.91 22.66 21.20 19.41 18.66 17.26 15.44 14.52 13.17 11.59 10.40  9.44
 1.51  1.97  3.18  3.71  3.90  4.15  4.50  5.43  6.79  7.14  6.22  5.25
traj-91:
22.66 22.29 22.08 22.27 22.49 23.03 23.06 23.17 23.05 22.87 22.30 21.48 20.55 18.91 18.09 16.12 14.71 13.36 12.36 10.47  9.27  8.01
 1.93  3.06  4.68  6.62  7.94  9.76 11.36 13.34 15.23 17.14 18.53 20.19 21.16 21.55 21.41 21.16 21.05 20.47 20.54 21.12 21.35 21.84
traj-92:
23.69 23.12 23.11 23.11 23.28 24.68 26.08 27.85 29.73
 2.00  3.75  5.50  5.80  7.68  8.58  8.35  8.41  8.28
traj-93:
22.85 22.84 22.74 21.32 20.91 19.13 18.06 16.40 15.57 13.78 12.12 10.23  8.42  6.81  6.57
 1.23  1.99  3.76  4.74  4.85  4.14  4.08  4.08  4.32  4.61  5.16  5.57  5.07  4.48  4.30
traj-94:
23.03 23.04 22.99 23.38 23.76 23.76 23.86 23.88 23.89 23.90 23.77 23.51 22.78 22.69 20.99 19.56 17.58 16.28 14.51 12.98 11.78  9.96  8.55  7.55  6.44
 1.77  2.07  3.81  5.52  7.10  8.68 10.41 12.05 13.78 14.98 16.42 18.37 20.19 20.48 21.21 21.11 21.09 21.03 21.09 21.05 21.06 21.37 21.62 21.91 22.11
traj-95:
21.05 21.70 21.86 22.70 22.95 24.08 25.55 27.32 29.01 30.27 32.10 32.75
 1.98  3.45  4.19  5.87  6.42  8.00  8.69  8.89  9.11  9.35  8.57  8.14
traj-96:
23.07 21.92 20.42 19.13 17.54 15.71 15.28
 1.31  2.43  3.12  3.48  4.03  3.51  3.21
traj-97:
22.09 22.34 22.70 23.07 22.86 22.83 22.56 22.62 22.56 22.46 22.35 22.81 23.04 22.70 21.91 20.80 19.03 18.05 16.24 14.52 13.60 11.94 10.57  9.77
 0.44  1.47  2.49  4.12  6.01  7.98  9.76 11.25 12.23 14.05 14.33 16.18 17.31 18.56 20.25 21.52 21.40 21.28 21.24 21.02 21.07 21.80 22.24 22.53
traj-98:
23.38 23.23 23.45 22.42 23.18 24.42 26.19 27.37 29.13 29.22 29.33 30.39 30.97 31.20 31.29 31.81 32.11 32.42 33.09 33.79
 1.87  3.76  5.51  7.02  8.33  8.43  8.64  8.77  9.37 11.26 11.53 13.17 14.12 15.82 17.68 19.48 20.69 21.47 23.08 24.65
traj-99:
22.16 21.76 20.65 19.90 18.62 16.85 15.38 14.97 13.74 12.13 10.49  8.78  7.15
 0.86  2.72  3.69  4.17  4.46  4.94  5.78  6.58  7.95  8.45  8.66  8.81  9.76
traj-100:
21.11 22.09 22.28 23.09 23.00 22.88 22.80 22.76 22.73 22.56 22.61 22.48 22.41 22.44 22.09 20.40 19.16 17.46 15.74 15.40 13.81 12.91 11.63 10.64  9.09  8.04  6.97  5.07  4.09
 0.60  2.08  2.32  4.03  5.08  6.97  8.70 10.49 11.35 13.12 13.72 15.63 16.67 18.50 20.18 21.05 21.33 21.19 21.06 21.03 20.04 19.38 18.80 18.78 18.54 18.51 18.46 18.17 18.20
traj-101:
22.05 22.60 23.02 23.31 23.41 23.90 25.54 27.01 28.12 29.22 30.77 32.75
 0.75  1.77  3.20  4.94  6.08  7.44  7.99  8.55  8.45  8.31  8.08  8.00
traj-102:
21.03 21.58 22.25 21.13 19.40 19.10 17.39 16.80 14.86 13.63
 1.80  2.40  3.12  4.70  4.15  4.13  4.04  4.01  3.78  3.29
traj-103:
23.13 23.25 23.36 23.55 23.88 23.86 23.49 22.83 22.66 22.84 22.56 22.01 21.88 21.80 21.50 21.00 20.18 18.96 17.44 15.78 14.40 13.84
 1.82  3.65  4.23  5.08  6.44  8.41  9.21 10.78 12.57 13.13 15.00 15.87 17.13 18.55 19.75 20.07 21.24 21.25 21.23 21.32 21.11 20.89
traj-104:
21.71 22.67 23.06 23.28 23.64 23.98 25.64 27.30 28.53 29.56 29.63 29.57 29.63 29.45 29.40 29.23 29.22 29.18 29.14 29.90 30.23 31.49 32.25 33.64
 1.56  3.02  3.50  4.89  6.47  7.08  7.74  8.10  8.50  9.66 10.42 12.17 13.71 15.68 16.50 18.31 18.88 20.62 22.01 23.63 25.43 26.75 27.44 28.60
traj-105:
21.82 22.23 22.43 22.17 20.30 19.46 18.20 16.75 15.93 14.33 12.81 12.06 10.90  8.94  8.35
 0.42  0.75  2.65  4.12  4.22  4.02  3.83  3.68  4.15  4.76  6.01  6.43  6.99  6.83  6.71
traj-106:
23.23 22.44 22.38 22.42 22.60 22.95 23.62 23.70 23.62 23.51 23.35 23.28 23.14 22.26 21.49 20.55 18.73 17.77 15.96 14.23 13.68 12.30 11.10  9.93  8.19  6.76  5.71  4.38
 0.87  2.17  3.32  5.14  5.94  7.39  9.05 10.20 11.69 13.60 15.26 16.10 17.82 19.42 20.24 21.26 21.37 21.53 21.68 21.26 21.07 19.71 18.32 18.33 19.14 20.24 21.03 21.98
traj-107:
23.57 23.45 23.33 23.34 23.91 25.75 27.05 28.67 30.60 32.02 32.84
 1.89  2.62  4.51  5.60  7.50  7.73  7.83  7.93  7.79  7.73  7.70
traj-108:
23.48 22.90 21.93 21.90 22.01 20.15 18.51 16.52 14.80 14.05 13.08 12.13
 0.44  0.58  2.31  3.29  5.20  4.85  4.82  4.93  5.72  7.00  8.62  8.57
traj-109:
23.22 22.66 22.27 22.08 22.08 22.20 22.50 22.63 22.70 22.80 23.15 23.16 22.66 21.19 19.42 17.46 15.53 13.99 12.11
 1.87  3.54  5.23  6.02  6.92  8.82 10.69 12.41 14.22 15.92 17.81 19.68 21.09 21.21 21.18 21.20 21.25 20.66 20.89
traj-110:
21.34 21.62 21.80 22.83 23.35 25.04 25.63 27.47 27.77 29.48 30.18 30.60 31.37 32.21 33.88 34.05
 1.12  2.49  4.26  5.96  7.10  7.93  7.97  8.61  8.60  8.88 10.36 11.29 12.60 12.93 13.40 13.19
traj-111:
22.38 22.74 22.95 21.15 19.34 17.92 17.04 15.43 15.18 13.69
 1.56  2.29  4.27  4.67  4.29  4.51  4.63  5.53  5.70  6.76
traj-112:
23.13 23.40 23.57 23.79 23.98 23.00 23.15 23.42 23.41 23.53 23.71 23.76 23.56 23.30 22.66 21.49 20.61 18.73 16.79 14.83 13.10 11.29 10.17  8.80
 0.85  2.48  3.34  4.50  5.34  7.02  7.45  9.37 11.32 12.68 14.51 16.44 18.38 20.36 21.01 21.47 21.69 21.73 21.67 21.78 21.94 22.02 22.16 22.28
traj-113:
23.70 23.44 23.43 23.44 23.63 25.31 26.96 28.66 29.63 30.00 30.08 29.63 29.44 29.36 29.18 29.89 29.88 29.79 30.45 31.59
 0.96  2.93  4.02  5.43  7.18  7.72  8.12  8.42  9.92 10.74 12.56 14.34 16.17 16.58 18.56 20.36 20.55 22.50 23.27 24.81
traj-114:
23.78 22.26 20.83 19.17 17.25 16.63 15.66 14.53 13.65 12.52 11.28  9.38  8.84  7.24  5.95  5.10
 1.06  2.08  3.02  3.61  3.83  4.13  5.21  6.50  7.26  8.62  8.44  8.09  8.00  7.75  7.61  7.48
traj-115:
23.56 22.84 22.09 21.36 21.48 22.20 22.93 22.95 23.02 23.11 22.92 22.64 22.34 21.67 20.12 19.11 17.79 15.99 14.24 12.58 12.28 10.60 10.31  8.39  7.53
 1.77  3.16  4.92  6.63  7.33  8.53  9.99 11.35 12.10 13.72 15.38 16.92 18.70 20.01 21.24 21.22 21.22 21.17 21.11 20.79 20.58 20.26 20.20 20.06 20.03
traj-116:
23.69 23.02 23.19 23.22 23.70 25.68 27.33 29.07 30.93 32.41 32.56 32.80
 0.86  2.22  4.21  5.79  7.01  7.23  7.31  7.52  8.20  9.46 10.25 12.20
traj-117:
23.02 22.22 21.56 20.13 18.50 16.56 15.42 13.95 12.16 11.43 10.51  9.65
 1.14  1.48  3.15  4.28  4.42  4.79  6.27  7.53  7.36  6.72  4.98  3.52
traj-118:
21.59 21.71 21.97 22.40 22.71 23.41 23.43 23.43 22.98 22.89 23.17 23.29 23.55 23.41 22.79 22.35 20.76 18.80 17.04 16.78 14.96 13.53 13.23
 0.45  1.75  2.47  3.79  4.92  6.61  7.92  8.22 10.16 10.93 12.70 13.29 15.23 16.66 18.56 20.09 21.27 21.63 22.00 21.86 21.14 20.04 19.99
traj-119:
23.77 23.67 23.63 23.85 24.22 25.93 27.10 28.25 29.16 29.04 29.06 29.11 29.18 29.24 29.60 29.87 30.37
 1.10  2.81  4.74  5.87  7.68  8.63  8.57  8.73 10.29 12.21 13.62 14.32 16.23 18.21 19.94 21.79 23.55
traj-120:
23.62 22.26 20.55 18.77 17.48 15.86 15.16 13.92 13.07 11.37
 1.66  2.97  3.50  3.71  4.03  4.42  4.73  5.21  5.47  6.13
traj-121:
21.19 21.33 21.43 21.50 21.64 21.45 21.35 21.37 21.73 22.01 21.33 22.95 22.67 22.03 21.73 21.15 19.45 19.16 17.26 15.40 14.67 12.69 10.93 10.25
 1.58  1.84  3.80  4.36  6.10  7.41  8.78 10.25 11.75 13.03 14.70 15.87 17.26 18.87 19.76 21.42 22.17 22.12 21.84 21.49 21.40 21.17 21.23 21.67
traj-122:
21.26 21.50 22.28 22.93 23.90 25.52 26.61 28.16 29.39 29.94 31.36 32.48 33.74
 1.97  3.37  5.17  6.51  7.99  8.77  8.44  8.51 10.00 10.66 11.65 12.00 12.40
traj-123:
22.25 21.57 21.41 19.73 18.59 17.16 15.58 14.27 12.62 11.61 10.13
 1.18  2.82  3.37  4.42  4.66  4.95  5.89  7.31  7.93  6.70  5.43
traj-124:
22.21 22.50 23.01 23.02 23.00 22.87 22.61 22.46 22.48 22.92 23.13 22.92 22.89 22.02 20.62 19.07 17.33 15.95 14.53 13.39 11.60
 1.81  2.98  4.46  6.09  6.60  8.46  9.56 11.22 13.04 14.53 15.47 17.36 18.40 19.79 21.14 21.73 21.82 21.94 21.90 21.71 20.87
traj-125:
21.94 22.13 22.30 22.45 22.28 22.10 23.43 24.78 25.62 27.34 28.50 29.43 29.37 29.36 29.18 29.09 29.10 29.10 29.15 29.20 29.81 30.24 31.41 31.93 33.21 34.19 34.24 34.24
 1.55  2.20  3.57  4.33  6.03  7.68  8.49  8.25  8.30  8.44  8.72 10.29 11.35 12.37 13.86 15.40 17.13 19.10 20.54 22.30 23.17 25.04 26.42 27.08 28.24 29.67 31.15 31.75
traj-126:
23.12 22.46 21.48 20.11 18.18 16.48 15.30 14.55 13.54 12.65 11.55 11.08  9.66  7.79  6.19  5.12
 1.41  1.99  2.99  4.30  4.78  4.93  5.57  5.92  6.25  7.01  8.57  9.31  9.48  9.43  9.41  9.39
traj-127:
23.51 23.55 23.23 23.28 23.38 23.55 23.56 23.20 22.88 22.80 22.79 22.61 22.57 22.22 21.92 21.62 19.82 18.83 17.31 16.34 14.68 12.89
 1.28  2.04  3.54  5.14  5.97  7.77  9.21 10.30 11.13 12.97 14.58 15.70 17.23 18.59 19.61 20.76 21.51 21.57 21.74 21.94 21.95 22.55
traj-128:
23.32 23.56 23.75 23.74 23.52 23.79 23.87 25.66 27.39 29.14 29.49 30.25 30.85 32.75 33.55
 1.36  1.39  2.25  3.69  5.63  7.60  7.98  8.56  8.21  8.67 10.39 12.18 12.65 13.02 13.01
traj-129:
22.45 21.48 20.82 19.85 18.17 16.44 14.63 14.19 12.54 13.02
 1.69  2.58  3.02  3.40  4.03  4.31  4.99  5.13  5.82  7.74
traj-130:
22.05 22.36 22.67 23.04 23.03 23.30 23.26 23.17 23.10 23.09 23.00 23.07 22.38 21.95 20.08 18.21 16.33 15.49 14.51 13.87 13.05 11.49 10.02
 1.70  2.26  4.24  5.62  7.54  9.44 10.31 12.29 13.99 15.45 16.86 18.42 19.91 20.85 21.14 21.41 21.23 21.09 20.46 19.37 18.75 18.57 18.63
traj-131:
22.52 22.73 23.43 23.43 23.42 23.67 25.44 25.74 27.46 28.01 29.07 29.16 29.08 29.07 29.11 29.20 29.18 29.30 29.47 29.71 30.29 31.14 31.51 32.40
 1.42  1.63  3.36  3.96  5.41  7.25  7.97  7.99  8.40  8.61  9.26 10.91 12.77 14.50 14.79 16.64 16.94 18.65 20.51 22.29 23.24 24.80 25.49 26.75
traj-132:
23.32 22.40 21.28 20.03 19.26 17.32 16.73 15.07 14.32 12.76 12.17 12.34
 1.63  2.23  2.99  3.72  4.07  4.45  4.56  5.55  6.20  7.44  8.09  9.91
traj-133:
22.32 22.77 22.98 22.56 22.40 22.39 22.30 22.79 22.83 22.93 23.00 22.90 22.49 21.71 21.48 20.11 19.07 17.29 15.83 14.66 12.70 12.21
 1.51  2.46  4.44  5.91  6.42  8.34  9.29 10.45 12.44 13.73 15.63 17.03 18.16 19.88 20.07 21.16 21.29 21.50 21.34 21.24 21.17 21.21
traj-134:
21.28 21.78 22.39 22.94 23.81 25.29 26.41 27.30 29.24 29.52 31.08 31.62 32.21 32.64
 1.31  2.60  4.06  5.49  7.23  7.87  7.97  8.01  8.36  8.47  9.25 10.73 12.38 14.31
traj-135:
21.20 20.58 19.01 17.52 15.94 15.27 14.42 12.47 10.77 10.23  8.77  7.05  5.17
 1.63  3.21  3.68  4.42  5.46  6.43  7.40  7.42  7.78  7.55  7.04  6.34  5.72
traj-136:
22.06 21.65 21.19 20.93 21.60 21.74 21.81 22.14 22.27 22.01 21.92 21.82 21.78 21.83 22.43 22.38 21.49 19.81 19.21 17.27 15.57 14.12 12.38 11.23 10.09  8.17  7.33  6.22  5.37
 0.46  1.28  2.43  4.04  4.94  6.80  7.37  9.13 10.76 12.54 13.21 14.72 15.32 17.19 18.59 20.53 21.20 22.04 22.11 22.39 22.65 22.71 22.58 22.44 22.16 21.98 22.23 22.58 22.81
traj-137:
23.11 22.68 21.27 20.40 21.01 21.02 21.06 22.48 23.43 25.10 25.65 27.29 28.92
 1.81  1.99  2.80  3.41  5.31  6.74  8.66  9.98  9.44  8.59  8.55  8.06  7.41
traj-138:
21.97 22.04 22.38 21.30 19.52 18.67 17.29 16.41 14.79 13.51 12.41 11.41 10.07  9.12  8.07
 0.64  2.20  3.95  4.93  4.09  4.03  3.93  3.96  4.45  5.76  6.86  8.12  7.80  7.36  6.34
traj-139:
21.50 22.10 22.59 22.87 23.29 23.48 23.82 23.84 23.81 23.86 23.87 22.93 22.60 22.42 21.44 20.59 18.70 17.20 15.80 14.10 13.87 12.48 11.36  9.49  8.91  6.98  5.20  4.36
 1.54  2.14  4.04  5.20  6.80  7.30  8.75 10.22 12.21 13.60 14.79 16.13 17.85 19.11 20.53 21.75 21.62 21.56 21.41 20.46 20.27 19.14 18.99 18.69 18.60 18.43 18.62 18.57
traj-140:
21.43 21.95 22.49 22.97 23.19 24.59 25.38 26.96 28.91 29.69 30.00
 0.49  1.56  2.88  4.41  6.27  7.28  7.46  8.41  8.78  9.18 11.15
traj-141:
23.28 22.83 21.73 19.98 18.01 16.20 15.67 13.92 13.62 12.41 11.14
 0.49  1.88  3.31  4.01  4.35  4.77  4.94  5.75  6.17  7.26  7.33
traj-142:
21.94 21.89 21.91 22.61 22.86 23.70 23.55 23.48 23.17 23.09 23.01 22.29 22.01 21.29 21.01 20.18 19.29 17.32 15.72 14.57 12.99 11.50 10.30
 1.23  3.10  4.58  6.34  7.54  9.23 10.81 11.32 13.15 13.96 15.21 17.04 18.18 19.74 20.38 21.34 21.32 21.55 21.38 21.26 20.06 19.23 19.13
traj-143:
22.97 22.99 23.08 23.16 23.30 23.80 25.59 27.40 28.56 29.49 29.37 29.17 29.10 29.23 29.42 30.04 30.25 31.14 31.71 32.30 32.52
 1.07  1.76  3.37  4.76  5.58  7.01  7.18  7.88  8.16  9.67 10.83 12.18 13.35 15.09 16.35 18.24 19.26 20.76 22.11 23.47 24.02
traj-144:
23.49 23.31 21.68 19.99 18.09 17.17 15.70 14.08 12.83 12.04 10.37  8.78  7.84  7.74
 1.63  1.87  2.71  3.10  3.56  4.01  4.58  5.74  7.19  8.21  7.18  6.20  4.68  4.39
traj-145:
22.08 21.63 21.52 21.36 21.91 22.09 22.78 22.97 23.06 23.22 23.10 23.10 23.15 22.89 22.09 21.23 19.40 17.83 16.51 14.60 13.02 12.20
 1.70  2.89  3.84  4.73  6.14  6.80  8.59  9.41 10.89 12.42 14.33 16.00 16.81 18.57 20.20 21.23 21.94 21.64 21.48 21.14 20.71 20.62
traj-146:
21.32 21.48 22.14 22.60 22.48 23.66 25.05 25.96 27.69 29.23 30.93 31.77 33.45
 1.23  1.49  3.17  4.70  6.35  7.90  8.21  8.59  8.59  9.16  9.91 10.22 10.70
traj-147:
22.21 21.65 20.50 20.20 18.24 17.65 15.89 14.50 13.18 11.83 12.84 13.39
 0.86  2.48  3.95  4.00  4.26  4.34  4.96  5.71  6.50  7.81  9.53  9.74
traj-148:
21.73 21.92 22.22 22.36 22.29 22.29 22.49 22.16 22.20 21.72 21.82 21.85 22.30 21.38 19.50 17.73 15.82 14.38 13.03
 1.85  3.11  4.99  6.88  8.64  9.16 10.83 12.75 13.36 14.07 16.07 17.25 19.16 20.76 21.07 21.14 21.15 21.02 19.87
traj-149:
22.32 22.66 22.80 22.85 22.50 21.95 22.25 24.10 24.40 26.13 27.61 28.21 29.06 29.21
 1.37  2.74  3.32  5.31  6.24  7.67  8.90  8.64  8.66  8.69  8.76  8.79 10.44 11.71
traj-150:
23.73 22.40 20.78 19.50 17.93 16.28 15.36 13.66 12.61 11.05
 1.12  2.01  3.13  3.59  4.24  4.53  4.74  3.97  3.56  3.05
traj-151:
21.15 21.50 21.84 22.32 22.84 22.98 23.07 23.10 23.27 23.06 22.86 22.41 21.55 21.00 20.28 19.44 18.25 16.62 14.87 12.95 11.12 10.66  9.11  8.32  6.42  5.37
 1.69  3.21  4.62  6.13  7.82  8.90 10.74 11.32 13.05 14.70 15.99 17.77 19.53 19.94 21.73 21.69 21.68 21.55 21.20 20.67 20.63 20.69 20.86 21.07 21.53 21.72
traj-152:
23.16 23.29 23.49 23.56 23.79 24.42 26.17 27.32 28.49 29.91 31.10 31.16 30.85
 1.39  2.55  4.02  4.61  6.28  7.81  8.03  8.19  8.33  8.67  9.18 10.86 12.51
traj-153:
22.03 20.92 19.24 18.90 17.25 15.96 15.04
 1.56  3.05  3.67  3.74  4.07  4.50  6.25
traj-154:
22.24 22.18 21.85 21.72 21.98 22.15 22.08 22.51 23.05 22.63 22.15 21.48 20.13 19.09 17.59 16.46 14.71 13.47 11.63  9.72  8.39  6.68
 1.89  2.88  4.78  6.76  8.40 10.31 11.93 13.78 15.55 17.30 18.65 20.23 21.34 21.27 21.29 21.28 21.12 20.61 20.54 20.19 21.22 21.85
traj-155:
23.00 22.85 22.86 22.96 22.75 22.85 23.35 24.65 25.72 27.30 29.03 29.86 30.13 30.11 29.49 29.19 29.47 29.75 30.76 31.58 32.17 33.09 33.71
 0.50  1.65  2.77  3.48  5.38  6.10  6.84  7.98  7.98  8.00  8.60  9.36 11.30 13.05 14.30 16.18 17.98 18.55 20.01 21.26 22.14 23.59 24.71
traj-156:
22.95 22.43 21.47 20.06 18.09 16.66 15.65 15.43 14.39 13.22 11.53 10.74  8.84  7.75
 0.55  2.03  3.27  4.40  4.74  4.92  6.06  6.58  8.28  8.53  8.64  8.77  8.99  9.71
traj-157:
21.56 22.40 23.13 23.18 23.21 23.31 23.15 23.08 23.03 22.85 22.79 22.71 22.74 22.65 22.45 20.67 19.42 17.60 16.32 14.66 12.68 12.13
 0.79  2.56  4.06  5.15  6.53  8.37 10.03 11.10 12.21 14.15 15.75 16.48 18.31 19.06 20.58 21.39 21.56 21.75 21.90 22.05 22.23 22.27
traj-158:
23.23 22.75 22.23 22.50 22.95 23.34 25.13 26.28 28.22 29.73 30.11 29.76 29.84 29.69
 1.00  2.00  3.13  4.59  5.64  7.29  7.83  8.05  8.40  9.18 11.06 12.97 14.59 16.45
traj-159:
22.89 22.88 22.69 21.03 19.22 17.54 16.59 15.52 13.93 12.24 11.95
 0.85  2.74  4.00  5.10  4.72  4.73  4.78  4.82  4.57  4.22  4.14
traj-160:
22.12 21.91 21.67 22.14 22.51 23.38 23.55 23.71 23.70 23.67 23.50 23.39 23.32 22.99 22.42 21.14 20.38 18.54 16.73 15.31 13.88 12.82 13.85 13.93
 0.68  1.67  2.82  4.45  5.73  7.12  8.67  9.31 11.30 11.59 13.31 14.34 16.08 17.46 19.28 20.76 21.49 22.03 21.76 21.59 21.30 20.77 19.27 18.43
traj-161:
21.77 22.17 22.70 23.13 23.40 24.85 26.12 27.79 29.11 29.07 29.08 29.12 29.09 29.05 29.12 29.11 29.07 29.08
 1.58  2.66  4.46  5.75  6.60  7.80  7.92  7.97  9.12 10.96 12.71 14.31 16.06 17.22 19.16 20.02 22.01 23.17
traj-162:
21.40 21.61 21.51 20.21 18.47 17.91 16.32 15.74 13.92 12.22 10.73
 1.29  1.83  3.47  4.16  4.09  4.10  4.32  4.49  4.92  4.68  4.50
traj-163:
22.98 22.64 22.47 22.61 22.44 21.84 22.21 22.77 22.89 22.99 23.14 23.15 22.07 20.49 19.02 17.34 15.67 14.54 12.64 11.05  9.96  8.35  6.99  6.13
 1.08  2.80  4.74  6.49  8.44  9.70 11.44 13.34 15.00 16.03 17.39 19.19 20.62 21.15 21.66 21.84 21.47 21.11 21.24 21.29 21.71 22.27 22.68 22.91
traj-164:
23.71 22.82 22.56 22.84 22.93 23.38 24.91 26.90 27.20 28.68 29.71 30.44 30.95 30.36 30.02 31.12 31.21 31.57 32.11 32.91
 1.28  2.98  3.90  5.05  5.33  7.11  8.14  8.25  8.27  8.76  9.41 10.42 11.69 13.55 14.23 15.78 16.34 17.94 19.36 20.35
traj-165:
22.08 22.73 23.04 23.15 22.74 20.99 19.13 18.83 16.89 16.01 14.32 13.33
 0.50  1.88  2.72  4.42  5.44  4.68  4.61  4.59  4.58  4.52  4.25  3.72
traj-166:
22.75 23.00 23.20 23.16 23.23 23.24 22.68 22.07 21.51 21.47 21.49 21.53 21.69 21.40 19.61 18.39 17.43 15.52 15.24 14.97 13.35 12.15 10.23  8.30  6.45
 0.91  2.46  3.90  5.79  7.39  9.23 11.08 12.77 13.99 15.96 17.67 18.39 20.15 20.67 21.38 22.01 21.69 21.15 21.04 20.90 20.15 19.55 19.30 19.21 19.12
traj-167:
21.31 21.85 22.30 22.94 23.27 24.89 25.67 27.40 28.75 30.28 31.60 33.19 33.96
 1.98  3.59  4.64  5.90  6.39  7.50  7.91  8.78  8.91  9.38  9.78 10.25 10.36
traj-168:
21.92 21.86 20.38 19.16 17.32 16.49 15.37
 1.39  1.89  3.12  3.69  4.28  4.55  6.17
traj-169:
23.27 23.22 23.24 22.86 22.48 22.29 22.07 21.95 22.06 22.66 22.59 22.53 22.49 22.66 21.33 19.45 17.84 17.14 15.78 14.51 13.09 11.54  9.68  9.19  7.91  7.24  5.63
 0.97  2.65  3.54  5.48  6.89  7.88  9.42 10.26 11.91 13.75 15.63 16.95 18.69 19.53 20.94 21.01 21.16 21.31 21.27 20.41 19.33 19.64 20.06 20.23 21.16 21.56 22.38
traj-170:
23.33 23.25 23.00 22.68 22.87 24.66 25.25 26.93 28.08 29.13 29.37 29.98 30.87 32.08
 1.52  2.62  4.22  6.14  7.99  8.45  8.54  8.64  8.78 10.47 10.95 12.63 13.21 13.77
traj-171:
23.70 22.09 21.82 20.01 18.27 16.58 15.49 13.99 13.08 11.37  9.54  7.90
 1.68  2.83  2.96  3.59  3.43  4.13  4.48  5.24  5.78  6.56  7.16  7.97
traj-172:
22.58 22.21 22.14 22.20 22.69 23.04 23.16 23.22 23.12 22.99 22.96 22.43 22.37 22.16 20.81 18.95 17.25 15.62 13.82 12.49 10.82  9.97  8.38  6.67  5.91
 1.73  3.14  4.98  6.00  7.62  8.73 10.38 11.04 12.19 13.76 15.62 17.50 19.34 21.30 21.78 21.98 21.93 21.90 21.03 20.24 19.54 19.37 19.27 19.01 18.37
traj-173:
22.43 22.61 22.95 23.36 23.62 25.27 27.23 28.44
 1.57  2.80  4.26  6.20  7.37  8.19  7.98  8.70
traj-174:
23.71 22.06 20.40 20.14 18.31 16.92 15.42 13.90 12.39 10.98 10.48  8.70  6.92
 1.45  2.54  3.49  3.65  4.31  4.67  5.48  6.34  5.94  5.47  5.23  4.45  3.59
traj-175:
23.00 22.18 21.60 21.94 22.08 22.43 22.64 22.82 22.98 23.02 23.08 22.89 22.30 21.50 20.55 19.15 17.29 15.36 15.07 13.32 12.50 10.64 10.14  8.51  7.92
 0.57  1.83  2.82  4.76  5.32  7.03  8.94 10.70 12.40 14.30 15.37 17.21 18.41 20.17 21.15 21.59 21.82 22.15 22.22 22.15 21.79 21.76 21.77 21.85 21.85
traj-176:
21.17 22.49 22.64 22.83 24.16 25.19 26.30 27.35 28.99 29.41
 1.47  2.90  4.74  6.64  7.68  7.82  8.01  8.05  8.76  9.14
traj-177:
22.73 22.74 20.86 19.18 17.43 15.67 14.75 12.99 11.33 10.28  8.94  7.07  5.56
 1.84  3.61  4.30  4.88  4.85  4.82  5.08  5.22  5.06  5.04  5.10  5.23  5.94
traj-178:
23.31 23.36 23.22 23.14 23.10 23.13 23.24 23.34 23.43 23.57 23.48 23.38 23.32 22.59 21.99 20.52 20.05 18.31 16.92 15.60 14.24 13.08
 0.46  2.11  3.97  5.08  6.86  8.82  9.69 11.41 13.03 14.55 15.92 17.04 18.13 19.53 19.88 21.20 21.27 21.66 22.01 22.32 22.68 22.76
traj-179:
22.64 23.22 23.47 23.70 25.01 26.43 27.03 28.93 29.83 30.69 30.89 31.27 31.85
 1.77  3.50  5.21  6.59  7.92  8.43  8.42  8.94 10.02 11.66 12.44 13.96 15.78
traj-180:
23.10 22.07 20.92 20.59 19.07 18.27 16.56 16.01 14.70 13.25 11.91  9.96  8.74
 0.50  1.69  3.15  3.37  4.18  4.52  4.88  4.90  5.84  7.04  7.34  6.99  6.62
traj-181:
21.96 22.27 22.50 22.46 22.96 22.99 22.94 23.04 23.06 22.94 23.09 23.32 23.45 22.54 22.00 20.26 18.41 16.61 15.05 13.50 13.29
 1.49  2.58  4.51  6.31  8.15  8.62 10.41 12.35 14.26 16.17 17.51 18.94 19.51 21.14 21.25 21.66 21.86 21.59 21.08 20.20 19.99
traj-182:
23.07 23.05 22.78 23.05 23.66 25.40 25.95 27.63 29.29 30.00 30.30 30.36 32.25 33.23
 1.48  1.78  3.69  5.36  7.00  7.92  7.99  8.30  9.02 10.71 12.48 12.77 13.16 13.03
traj-183:
21.93 22.60 23.62 23.46 22.18 20.48 19.72 17.97 17.11 15.99 15.50 14.34 12.45 10.77  9.27  8.10  6.38  6.08
 1.08  1.38  2.86  4.05  5.37  4.93  4.86  4.75  4.69  5.43  6.33  7.84  7.91  8.39  8.27  8.29  8.15  8.14
traj-184:
22.22 22.89 23.19 23.09 23.44 23.64 23.85 23.62 23.58 22.99 22.86 22.41 21.98 21.23 21.09 19.22 17.40 15.85 15.03 13.79 12.92 11.31 10.42
 1.03  2.49  3.62  5.24  7.19  8.99 10.44 12.13 13.49 15.32 15.87 17.39 19.06 20.74 21.01 21.57 21.35 21.17 21.07 20.62 20.29 20.19 20.40
traj-185:
21.12 21.89 22.62 23.30 24.72 25.56 26.14 28.08 29.01 29.13 29.03 29.05 29.09 29.09 29.08 29.13 29.47 29.53 29.51 29.82 30.67 31.02
 1.74  3.38  5.02  6.64  8.02  8.23  8.35  8.70 10.34 11.68 13.60 15.11 16.90 17.77 19.22 20.57 22.18 24.11 25.89 27.86 29.27 29.88
traj-186:
21.18 20.50 18.80 17.53 16.35 15.42 14.95 13.58 11.89 11.35
 1.95  3.42  4.12  4.34  5.00  6.36  7.12  7.92  7.87  7.63
traj-187:
22.72 23.00 22.94 23.05 23.08 23.17 23.39 22.94 22.97 22.95 22.92 22.72 22.35 21.83 21.47 20.19 18.45 16.70 15.86 14.56 12.82 12.30 10.68  9.41
 0.95  2.06  4.04  5.75  7.29  8.01  9.29 10.83 11.85 13.59 14.16 16.10 17.02 18.43 20.09 21.37 21.62 21.74 21.82 21.97 22.06 22.10 22.29 22.89
traj-188:
22.53 22.64 22.69 22.92 23.54 24.38 25.74 27.22 28.34 29.63 30.99 31.13 31.55
 0.93  2.60  3.32  4.76  6.39  7.43  7.92  8.29  8.66  9.66 11.03 12.31 13.76
traj-189:
22.51 21.52 20.37 18.62 16.89 15.55 15.02 14.67 12.80 10.90  9.72  7.86  6.77  5.17
 1.71  2.59  3.38  4.10  4.21  5.46  7.01  7.79  7.44  7.60  7.79  7.13  6.69  6.62
traj-190:
22.66 22.30 21.93 22.20 22.52 22.96 23.77 23.88 23.41 22.65 22.20 22.73 21.77 21.35 19.57 17.83 15.96 14.79 13.13 12.28 12.02 10.59  8.84  7.93  6.70  4.86  4.56
 1.58  3.01  4.19  6.11  7.73  9.26 10.48 11.05 12.97 14.47 16.41 18.21 19.92 20.90 21.62 21.81 22.02 22.15 21.62 20.20 19.81 18.97 19.08 19.13 19.20 19.01 18.99
traj-191:
23.80 23.64 23.25 23.13 23.27 23.45 24.91 26.66 26.96 28.74 29.62 30.61 31.27 32.21 32.85 33.41
 1.38  1.80  3.74  4.59  6.54  8.15  8.14  8.36  8.42  8.72  9.75 11.18 12.74 14.48 15.80 17.04
traj-192:
23.49 22.09 20.42 18.76 16.94 15.21 14.91 13.95 13.92
 1.51  2.81  3.89  4.15  4.13  4.68  4.74  6.35  6.93
traj-193:
21.32 21.80 22.08 22.45 23.07 23.29 23.13 23.03 22.48 22.54 22.61 22.19 21.65 21.55 20.60 18.83 17.60 15.73 14.28 12.87 11.90 10.06  8.22  6.58
 0.89  2.50  3.28  4.97  6.72  8.68 10.33 10.82 12.64 14.59 16.58 17.78 19.56 20.26 21.86 21.58 21.43 21.00 20.26 19.43 19.85 20.37 20.98 21.68
traj-194:
21.78 21.76 21.99 21.92 22.45 23.51 24.25 25.41 26.54 28.25 29.15 29.30 30.08 30.49 31.41 32.67 32.83
 0.90  1.21  3.11  4.57  6.18  6.96  7.40  7.63  7.85  8.43 10.19 11.08 12.79 13.82 15.33 16.52 16.78
traj-195:
21.38 22.23 22.63 22.32 20.59 18.70 16.81 16.35 15.21 14.82 14.68 14.28 12.44 10.97  9.83  8.63
 0.51  1.86  3.43  4.83  4.26  3.75  3.64  3.78  5.09  6.21  7.02  8.94  9.28  9.64  9.86 10.13
traj-196:
22.82 23.65 23.68 23.35 22.80 22.14 21.33 21.35 22.09 22.57 22.86 22.88 23.17 22.47 21.91 20.16 19.21 18.16 16.25 14.82 12.87 11.01  9.21
 0.86  2.59  3.47  5.44  6.70  8.14  9.83 10.55 12.21 13.27 15.07 16.22 17.28 19.09 20.32 21.19 21.61 21.79 21.58 21.13 21.06 20.94 21.14
traj-197:
22.73 22.64 22.64 22.98 23.14 24.64 25.79 27.63 29.04 29.80 30.44 29.81 29.29
 1.42  3.11  4.88  6.74  7.00  8.10  7.92  8.64  9.24  9.93 11.81 13.47 13.61
traj-198:
21.20 21.43 21.25 20.33 18.84 17.11 15.99 14.23 13.06 12.01 10.07  8.32
 0.88  1.70  3.37  3.90  4.54  4.54  4.56  4.78  5.33  5.85  5.36  4.84
traj-199:
21.77 22.44 23.07 23.16 23.18 22.94 22.91 22.81 22.75 22.83 22.88 22.71 22.53 22.03 21.31 19.53 18.31 16.57 14.68 12.80 11.81 10.10  9.04  7.52
 0.56  2.14  3.59  5.01  6.72  8.03  9.12 10.91 11.66 13.27 14.81 16.70 17.49 19.35 20.56 21.14 21.24 21.45 21.28 20.67 20.38 20.17 20.15 20.71
traj-200:
23.11 23.20 22.49 22.59 22.88 23.18 24.87 25.85 27.03 28.76 29.87 30.69 32.52 33.28
 0.49  0.77  2.54  3.66  5.17  7.01  7.62  7.57  7.56  7.81  8.19  8.51  8.58  8.18
traj-201:
22.76 22.09 21.04 20.32 18.97 17.15 15.40 13.91 12.10 11.22  9.42  8.24
 1.59  2.12  2.85  3.20  3.50  3.93  4.79  5.66  6.39  6.73  7.28  6.77
traj-202:
21.49 22.19 23.09 23.22 23.39 23.50 23.21 22.77 22.99 23.22 23.26 22.93 22.54 22.20 21.30 19.45 19.09 17.80 15.91 15.03 13.26 11.46 10.59
 0.82  2.00  3.75  4.32  5.20  6.87  8.74 10.05 11.77 12.60 14.53 16.40 17.55 19.30 20.56 21.14 21.56 21.68 21.93 22.06 22.06 22.07 22.28
traj-203:
21.17 21.32 22.08 22.58 23.22 23.78 24.09 25.21 26.96 27.26 29.11 30.32
 1.55  1.81  3.34  4.63  6.33  7.59  8.86  8.86  8.93  8.95  9.26  9.54
traj-204:
22.94 23.14 23.39 23.51 22.63 20.93 19.74 18.14 17.05 15.31 13.71 12.02 11.43
 0.54  1.59  3.33  3.60  5.35  4.47  4.15  3.94  4.05  4.75  5.15  5.70  5.67
traj-205:
22.80 22.71 22.80 23.02 22.95 23.11 23.04 22.94 23.07 23.08 23.00 23.00 22.95 22.51 22.20 20.56 19.63 18.45 17.86 16.30 15.71 14.40 12.88 11.75 10.64  9.72  8.02  6.11
 1.24  2.38  4.18  5.59  7.20  8.91 10.00 11.23 13.22 13.97 15.83 16.49 18.46 20.29 20.70 21.02 21.30 21.53 21.63 22.01 21.74 20.33 19.38 20.20 20.91 21.40 22.42 22.87
traj-206:
21.21 22.18 22.92 22.77 23.75 25.02 26.92 28.32 29.76
 1.68  2.51  4.23  6.14  7.67  8.24  8.30  7.93  7.69
traj-207:
21.88 21.71 21.15 19.28 17.58 15.70 14.06 12.87
 1.70  2.44  3.90  4.50  4.87  4.94  4.85  4.22
traj-208:
22.73 22.15 21.90 22.05 22.13 22.19 22.06 22.20 22.49 22.89 22.64 22.77 22.74 21.70 20.92 19.10 17.75 16.39 14.67 13.31 12.44 10.86  9.76  8.04  6.14  4.48
 1.21  2.82  4.22  6.21  6.75  8.56 10.17 11.80 12.60 13.69 15.62 17.59 19.53 20.90 21.55 21.43 21.51 21.57 21.45 20.86 20.56 20.60 20.66 20.62 20.68 20.72
traj-209:
21.24 21.76 22.30 22.57 22.80 24.54 26.44 28.18 29.68 31.25 32.59 33.57 33.94 34.48
 1.28  3.04  4.42  5.97  7.91  8.67  8.97  8.94  9.65 10.65 11.91 13.57 14.38 15.75
traj-210:
21.65 22.37 21.92 20.06 18.32 16.96 15.77 14.57
 1.10  2.49  4.20  4.17  4.12  4.02  4.26  4.65
traj-211:
22.73 22.94 23.03 23.17 23.47 23.25 22.90 22.64 22.61 22.77 22.23 21.71 21.52 21.07 19.29 17.54 16.68 15.54 14.05 13.81 12.17 10.91  9.08  8.60
 1.30  2.87  3.56  5.15  6.51  8.49 10.38 12.25 13.51 14.89 16.29 18.10 18.53 20.46 21.13 21.10 21.08 21.02 20.16 19.97 20.06 20.30 20.43 20.33
traj-212:
22.63 22.96 23.33 23.75 24.05 25.99 27.77 29.75 30.22
 1.40  3.05  4.48  6.19  7.25  7.28  7.30  7.07  6.98
traj-213:
23.08 22.86 21.52 20.04 18.30 16.83 15.98 14.21 12.75 11.12
 0.69  2.35  3.83  4.85  4.83  4.82  4.79  4.93  5.20  5.73
traj-214:
22.50 22.49 22.47 22.86 23.08 23.18 23.39 23.35 23.28 23.16 23.09 22.96 22.69 22.58 21.26 19.87 18.00 16.18 14.85 13.77 12.12 10.98  9.64  7.74  7.18
 1.07  2.93  3.72  5.56  7.38  7.90  9.58 11.19 11.99 13.46 14.24 16.23 17.75 19.18 20.62 21.14 21.58 21.42 21.29 21.52 21.76 21.98 22.18 22.69 22.88
traj-215:
23.20 22.39 21.82 22.11 22.98 23.73 24.03 25.75 27.22 29.01 29.52 31.32 33.13
 1.33  1.98  3.68  5.13  6.78  8.62  8.63  8.66  8.72  9.41  9.44  9.31  8.84
traj-216:
23.34 22.67 21.61 20.14 19.06 17.45 15.73 14.46 12.91 11.04
 1.52  3.04  4.55  4.12  3.82  3.28  3.57  4.85  5.97  5.45
traj-217:
22.89 22.67 22.75 22.87 23.04 23.07 23.21 23.15 22.87 23.02 22.86 22.63 22.46 22.10 21.30 19.72 18.95 17.30 15.70 13.85 11.98 10.10  9.31
 1.56  2.32  4.12  4.98  6.57  7.62  9.51 11.31 13.15 14.26 15.38 17.16 18.25 20.17 20.88 21.57 21.67 21.40 21.30 21.20 21.20 21.81 22.23
traj-218:
22.51 22.07 21.63 22.46 23.44 25.16 26.92 28.46 30.01 30.89 32.30 32.67 33.24
 1.11  2.88  4.82  5.98  7.29  7.90  7.96  8.16  8.51  8.68 10.02 11.96 13.78
traj-219:
23.19 22.52 20.95 19.34 18.19 17.33 15.81 14.76 13.74 13.13 11.46 10.36
 1.88  2.65  3.74  3.99  4.11  4.23  4.42  4.67  5.81  6.80  7.48  7.69
traj-220:
22.55 22.96 23.18 23.45 23.52 23.58 23.54 23.50 23.36 23.32 23.31 22.68 21.85 20.26 19.96 19.75 17.81 15.88 15.05 13.27 12.10 10.50  9.88
 1.62  3.44  4.29  6.00  7.60  9.59 11.02 12.14 13.92 14.80 16.70 18.38 20.01 21.00 21.05 21.26 21.20 21.38 21.06 20.30 20.51 20.52 21.06
traj-221:
23.37 23.54 23.69 23.63 24.34 25.67 27.15 28.04 29.09 29.72 31.24 31.56 32.94
 1.44  2.62  4.36  5.48  7.27  8.19  8.34  8.43  9.72 10.51 11.61 11.99 13.23
traj-222:
21.50 21.38 21.03 20.77 19.49 17.58 15.62 14.58 13.45 12.48 12.34 11.85 11.79
 0.61  1.28  2.28  4.24  3.73  3.64  3.59  4.03  4.39  5.91  6.40  8.30  8.59
traj-223:
23.03 23.26 23.08 23.13 22.69 22.80 22.89 23.00 23.84 23.86 23.84 23.70 23.57 23.04 22.97 21.74 19.95 18.13 16.26 14.29 12.83
 0.81  0.99  2.94  4.41  6.32  8.19  9.05 10.81 11.96 13.42 15.38 17.35 18.46 20.37 20.66 20.99 21.54 22.03 22.11 22.16 22.13
traj-224:
23.39 22.44 22.18 22.04 22.13 22.25 23.82 25.14 26.01 27.46 29.12 30.57
 0.76  1.37  3.27  5.06  6.08  7.61  8.63  8.73  8.76  8.74  8.69  8.50
traj-225:
22.45 23.05 23.07 21.79 20.54 18.73 16.98 16.39 14.83 14.61 13.40 11.67 10.87  9.15  8.58  7.24  6.30
 0.84  2.55  4.29  5.78  4.59  4.43  4.73  4.81  5.68  5.88  7.39  6.76  6.45  5.95  5.62  4.76  3.90
traj-226:
23.47 23.55 23.37 23.18 23.23 23.29 23.15 22.58 22.08 21.81 22.18 22.57 22.85 22.17 21.49 21.19 19.36 18.72 17.19 15.77 13.97 12.08 10.28  9.69  8.06
 0.54  1.40  3.31  4.15  6.00  7.55  8.42  9.80 11.00 12.91 13.98 15.40 17.11 18.93 20.15 20.79 21.32 21.32 21.45 21.08 20.26 19.93 19.65 19.72 19.97
traj-227:
22.01 22.44 23.13 23.20 23.42 23.54 25.13 25.78 25.98 27.94
 0.57  1.29  2.98  3.27  5.24  7.07  7.85  7.55  7.33  7.27
traj-228:
23.45 22.47 21.46 20.28 18.29 17.70 16.30 15.45 14.37 12.52 11.98 10.03  8.28  6.84  6.00
 0.74  2.41  3.92  4.08  4.24  4.28  4.44  4.59  5.19  5.56  5.64  5.39  5.27  4.36  3.88
traj-229:
22.93 23.10 23.32 23.46 23.52 23.53 23.48 23.15 22.92 22.82 22.59 22.16 22.03 21.58 20.85 19.56 18.52 16.73 15.86 14.43 13.13 11.54 10.47  9.62
 1.13  2.35  4.10  6.07  6.97  8.74  9.94 11.57 12.87 14.70 16.46 18.26 18.78 20.47 21.15 21.57 21.61 21.65 21.51 21.37 21.24 21.83 22.25 22.51
traj-230:
22.28 22.33 22.60 23.04 23.22 23.69 23.90 24.49 26.22 28.16 29.07 29.08 29.10 29.14 29.25 29.18 30.03 31.15 32.30 33.62 34.53
 0.99  1.30  3.09  4.96  6.00  7.71  8.63  8.69  8.68  8.55 10.19 11.59 12.77 14.52 16.11 17.43 18.78 20.43 21.97 23.23 24.91
traj-231:
23.11 22.56 21.98 20.73 18.88 17.81 16.05 14.22 13.04 11.98 10.38  8.87
 1.41  2.97  4.49  4.42  4.00  3.64  3.42  3.49  4.28  4.46  4.13  3.69
traj-232:
22.68 22.42 22.27 22.60 22.82 22.94 22.89 22.91 22.69 22.24 22.80 22.73 22.97 22.91 21.72 20.68 18.84 18.26 16.42 15.27 13.83 12.18
 0.50  2.07  3.97  5.07  6.43  7.61  9.55 10.81 12.59 14.40 16.32 17.04 18.88 19.59 20.97 21.41 22.03 21.89 21.54 21.45 21.27 21.30
traj-233:
21.22 21.92 22.48 23.25 24.72 25.82 27.59 29.08 29.00 29.02 29.01 29.08 29.10 29.21 30.23 31.05 31.98 33.19
 1.57  3.03  4.56  6.10  7.33  7.69  8.22  8.90 10.20 11.91 12.46 14.36 14.66 16.54 18.16 19.38 20.83 22.22
traj-234:
22.36 21.01 19.30 17.45 15.79 14.97 14.04 12.36 10.65  9.19  8.64  6.80  5.31
 1.64  2.81  3.63  4.24  5.20  6.97  8.72  8.90  8.30  7.87  7.69  7.22  6.85
traj-235:
22.64 23.08 23.36 23.49 23.48 23.49 23.38 23.24 22.53 22.28 21.21 21.21 21.66 22.35 22.16 21.45 20.02 18.79 17.95 16.36 14.63 12.89 12.29
 1.54  3.35  4.51  5.09  7.03  7.59  9.03 10.12 11.91 12.07 13.58 14.48 16.38 18.14 19.24 20.10 21.25 22.07 21.87 21.51 21.13 20.75 20.71
traj-236:
22.88 22.95 22.99 23.00 24.44 26.15 27.53 29.19 30.18 31.16 31.36 30.64 30.47 29.75 29.11 29.12 29.17 29.24 29.60 29.67 29.91 30.57 31.27 32.21 32.35 33.21
 1.56  2.76  4.70  6.01  7.34  7.68  8.07  8.84  9.33 10.53 11.60 13.33 13.59 15.08 15.50 16.69 18.58 19.40 21.22 22.04 23.71 25.44 27.08 28.75 29.02 30.79
traj-237:
21.66 21.30 20.09 19.01 18.14 16.98 15.95 15.42 15.04 14.55 14.24 13.24
 0.41  2.35  3.45  4.37  4.34  4.30  5.52  6.21  7.44  8.70  9.40 10.18
traj-238:
22.83 22.94 22.94 23.01 23.37 23.32 23.56 23.75 23.88 23.88 23.81 23.76 23.25 22.74 22.14 21.32 19.64 18.51 16.55 15.69 14.10
 0.65  2.60  2.90  4.60  6.49  6.97  8.81 10.67 12.16 13.05 14.84 15.66 17.56 18.82 19.64 21.26 21.82 22.11 22.31 22.31 22.34
traj-239:
23.28 22.11 21.39 21.52 22.16 22.81 23.65 25.61 27.28 29.13 29.66
 1.71  2.70  4.53  4.80  6.42  7.43  8.68  8.34  8.47  8.19  8.06
traj-240:
23.74 23.19 22.01 21.34 19.66 18.23 17.04 15.42 13.95 12.19 10.28  9.81  8.86
 1.45  2.65  3.77  4.28  4.79  4.88  4.95  5.84  7.09  7.53  7.11  6.75  5.62
traj-241:
21.83 22.02 22.21 22.53 23.03 23.05 23.15 22.92 22.73 22.95 22.95 22.48 22.20 21.20 20.35 18.64 17.10 15.14 13.76 12.72 10.97
 0.79  1.78  3.32  5.12  7.01  7.61  9.46 11.15 12.68 14.27 16.25 18.13 19.23 20.93 21.37 21.62 21.44 21.15 21.06 21.06 20.98
traj-242:
21.72 22.18 22.75 22.84 23.03 24.43 26.22 27.92 28.66 29.61 29.68 29.39 29.23 29.22 29.25 29.24 29.18 29.13 29.08 29.11 29.17 29.15 29.46 29.72
 1.42  2.87  4.53  4.82  6.69  8.07  8.12  8.13  8.07  9.46 10.22 10.30 12.15 12.39 14.30 15.63 17.60 19.04 20.68 21.55 23.26 24.13 25.78 26.15
traj-243:
21.12 21.27 19.86 18.45 16.75 15.54 14.99 13.54 12.13 11.37  9.75  9.48
 1.85  3.18  4.47  4.74  4.98  6.23  8.08  8.26  7.74  7.48  6.79  6.65
traj-244:
21.05 21.27 21.33 21.50 21.70 21.87 22.04 22.53 23.00 22.90 22.78 22.65 22.57 22.35 21.54 20.29 19.00 17.45 16.30 14.64 14.46
 1.74  3.19  4.28  5.52  6.72  7.99  9.76 11.38 13.21 14.31 15.85 17.26 18.21 19.28 20.22 21.71 21.92 21.67 21.40 20.49 18.93
traj-245:
21.29 21.82 22.29 23.01 23.12 24.58 25.68 27.36 28.49 29.82 31.20 32.57 33.63
 1.78  3.36  4.58  6.36  6.64  7.84  7.91  8.69  8.93 10.05 11.37 12.44 13.30
traj-246:
23.21 22.41 21.82 20.25 19.39 17.48 16.66 14.96 13.74 12.26 11.12  9.65  8.56  6.71  5.35
 1.11  1.91  2.67  3.83  4.08  4.61  4.86  5.50  6.23  7.08  6.84  6.64  6.99  6.93  6.03
traj-247:
21.81 22.46 23.26 23.87 23.87 23.77 23.75 23.39 23.31 22.66 22.18 21.41 20.73 19.03 18.07 16.33 16.04 14.32 12.94 11.86
 1.88  3.77  5.51  7.06  8.92 10.44 11.89 13.86 15.73 17.39 18.32 20.09 21.05 21.58 21.69 21.80 21.85 22.10 22.55 22.85
traj-248:
23.73 23.60 23.54 23.67 23.71 24.75 25.66 27.50 28.95 30.46 32.22 33.87 34.16
 0.64  1.68  3.27  5.24  6.03  7.53  7.99  8.11  8.22  8.34  8.25  8.05  7.55
traj-249:
23.07 22.61 21.42 19.61 18.58 17.30 16.53 15.45 14.72 13.30 11.43 10.03  8.45
 1.53  1.89  3.00  3.74  4.05  4.43  4.74  6.12  7.17  6.89  6.60  6.29  5.79
traj-250:
21.65 21.89 22.23 22.39 22.86 23.31 23.50 23.70 23.80 23.87 23.87 23.78 23.68 22.60 22.32 20.45 20.21 18.31 16.71 15.57 13.79 12.10 11.00
 1.05  2.83  4.64  6.24  7.76  9.05  9.61 11.54 13.36 15.12 15.99 17.13 18.86 20.32 20.59 21.17 21.36 21.61 21.13 21.05 20.37 20.50 20.50
traj-251:
21.45 21.87 22.60 23.20 23.44 23.65 25.02 26.77 27.35 29.06 29.70 30.51 30.40 30.28
 0.41  1.15  2.32  3.28  4.71  6.40  7.28  7.29  7.43  8.04  8.56  9.87 11.61 12.72
traj-252:
21.18 21.88 22.52 23.02 22.18 20.68 19.57 17.58 16.46 14.78 13.15 12.51 12.29
 0.46  1.70  2.50  4.10  5.74  4.97  4.54  4.63  4.78  5.75  6.79  8.52  9.23
traj-253:
23.51 23.30 22.66 22.18 22.12 22.45 22.56 22.48 22.08 22.06 22.12 22.32 22.27 22.33 21.53 20.07 18.13 16.24 15.10 14.57 12.60 10.80  8.89
 0.64  1.05  2.46  4.10  4.75  6.03  7.60  8.18 10.04 11.96 13.77 15.75 17.42 18.47 20.19 21.38 21.67 21.38 21.10 20.83 21.07 21.32 21.57
traj-254:
21.34 21.58 22.12 22.55 23.51 25.27 26.42 28.26 29.09 30.75
 0.52  2.42  4.06  5.87  7.16  7.18  7.25  7.57  7.71  7.45
traj-255:
23.25 22.01 20.91 18.99 17.19 15.42 15.12
 0.48  1.98  3.48  4.00  4.16  4.74  4.79
traj-256:
21.26 21.74 22.05 22.38 22.55 22.92 22.76 22.82 22.79 22.58 22.31 22.01 22.46 22.63 22.35 21.68 20.97 19.28 18.28 16.35 15.17 14.65 14.23
 0.79  2.55  3.79  5.14  5.76  7.15  8.22  9.92 10.37 12.11 13.93 15.55 16.48 17.50 18.79 20.11 21.41 21.32 21.31 21.21 21.14 20.84 19.89
traj-257:
22.54 22.44 22.20 22.45 22.93 23.32 23.60 24.29 25.93 26.22 26.72 28.13 28.96 30.82 31.71
 1.28  2.02  3.71  4.49  6.03  7.11  7.92  8.29  7.80  7.73  7.58  7.24  7.09  6.70  6.77
traj-258:
23.79 22.79 21.30 19.69 18.05 16.26 15.26 14.98 13.69 12.02 11.74  9.91  7.96  6.86  5.31
 1.62  2.28  3.14  3.90  4.17  4.98  6.28  6.81  7.30  6.74  6.64  6.08  5.64  5.33  4.58
traj-259:
22.76 22.94 23.03 22.90 22.47 22.57 22.67 22.92 23.12 23.24 23.42 23.22 23.04 22.41 22.08 20.76 19.03 17.12 15.41 13.82 12.24 11.96 10.32  8.62  7.43
 1.71  2.58  4.54  6.49  8.31  9.09 10.16 11.18 12.53 13.32 14.19 16.01 17.21 19.03 19.70 21.06 21.44 21.49 21.25 20.45 19.61 19.50 18.85 18.29 18.05
traj-260:
22.96 22.92 22.85 23.03 23.29 23.83 24.08 25.69 27.15 29.01 29.64 31.17 32.04 32.18
 0.59  1.54  2.99  4.14  5.79  7.61  8.00  8.35  8.14  8.48  8.82  9.62 11.24 12.10
traj-261:
22.15 21.10 19.29 17.55 15.78 15.13 14.94 14.44 13.85 14.89 15.14
 1.26  2.36  3.10  3.14  3.30  3.43  3.66  3.91  5.44  6.35  6.15
traj-262:
23.13 22.94 22.80 23.06 23.21 23.41 23.49 23.62 23.73 23.80 23.81 23.80 23.81 23.83 23.53 22.94 21.14 20.44 18.59 16.89 16.32 14.57
 1.36  2.73  3.91  5.84  6.74  8.40  9.23 10.48 11.84 13.04 14.79 15.65 17.10 18.51 20.46 21.82 21.73 21.72 21.67 21.57 21.54 21.47
traj-263:
23.33 22.96 23.01 23.27 23.45 25.17 26.42 27.20 28.89 29.68 29.55 29.34 29.37 29.26 29.29 29.29 29.24 29.22 29.21 29.37 29.39
 1.53  2.84  3.83  5.64  6.70  7.68  8.02  8.21  8.96 10.09 11.03 12.93 13.90 15.22 16.97 18.44 19.51 21.50 23.19 24.93 26.47
traj-264:
21.37 21.41 20.37 18.79 17.04 15.48 13.99 12.68 11.10 10.11  8.79  7.47
 1.63  3.41  4.43  4.45  4.69  5.80  6.69  6.47  6.31  6.10  5.81  5.67
traj-265:
21.95 22.42 22.90 23.09 22.80 22.67 22.82 22.89 22.89 22.94 22.41 22.23 21.60 21.57 20.19 18.59 17.17 16.00 14.55 13.41 11.98 10.28  8.96  7.39  6.44
 1.51  3.15  4.69  6.60  8.11 10.04 11.42 13.22 14.68 15.72 17.45 17.97 19.59 19.89 21.02 22.03 21.86 21.78 21.60 21.39 21.11 21.26 21.41 21.68 21.87
traj-266:
22.19 22.90 23.00 22.88 22.25 22.35 23.95 25.11 26.10 27.85 28.98 30.70 31.12 31.45 31.79 31.92 32.66 33.71 34.27
 0.68  2.27  2.85  4.53  5.84  7.35  8.40  8.31  8.20  8.51  8.77  9.73 10.56 12.07 12.61 14.55 15.05 16.01 17.31
traj-267:
21.53 22.04 21.94 20.02 18.33 17.75 16.00 15.70 13.91 12.82 12.03 10.26  9.45
 1.59  2.33  4.27  4.19  3.91  3.80  3.53  3.48  4.12  5.43  5.87  5.82  5.52
traj-268:
22.73 23.06 22.83 22.81 22.82 22.91 22.91 23.00 23.20 23.25 23.11 23.09 23.04 22.68 22.26 20.61 19.37 17.43 15.48 14.33 12.93
 0.63  2.04  3.93  4.70  6.29  7.13  8.85  9.96 11.84 12.40 14.17 15.77 17.57 19.41 20.50 21.59 21.72 21.91 21.97 21.84 21.38
traj-269:
22.48 21.68 22.04 22.65 22.81 23.23 24.83 26.55 28.43 29.86 31.01 30.69 30.14 29.63 29.88 29.94 31.09 32.44
 0.82  1.97  3.42  5.01  5.44  6.92  7.88  8.26  8.54  9.02 10.35 12.01 12.64 14.28 15.67 17.37 18.68 19.87
traj-270:
22.25 21.99 20.35 18.91 17.76 16.57 15.12 14.53 12.79 11.06 10.01  8.54  7.12  6.73
 1.97  2.12  3.07  3.34  3.34  3.42  3.56  3.59  4.09  4.63  5.00  5.33  4.34  3.86
traj-271:
21.47 21.87 22.47 23.18 22.67 22.41 22.09 22.27 22.52 22.83 22.94 22.98 23.06 22.73 22.63 21.33 21.14 19.36 18.31 16.37 15.54 13.81 11.94 10.61
 1.23  1.67  3.46  5.13  6.59  7.12  8.99 10.28 11.61 13.43 14.48 15.51 17.24 19.13 19.68 20.93 21.16 21.77 21.87 21.57 21.41 20.54 20.84 21.55
traj-272:
23.29 22.74 21.33 21.78 23.03 24.77 25.36 27.29 28.45 29.03 29.60 30.09 30.71 32.25 33.28
 1.63  1.87  3.11  4.95  6.15  7.04  7.01  7.45  8.00  9.88 11.65 12.51 14.11 14.50 14.80
traj-273:
22.97 21.97 20.31 19.21 17.38 16.12 14.90 14.20 12.94 11.88 10.75  9.66  7.72  6.62
 0.98  2.37  3.29  3.74  4.35  4.94  5.91  6.55  7.25  8.42  9.97 10.11 10.41 10.60
traj-274:
21.82 21.46 21.27 21.20 21.46 21.24 21.87 22.18 22.38 22.18 22.35 22.28 22.26 21.65 20.12 19.09 18.61 17.58 16.55 14.86 14.32 12.64
 0.98  2.95  4.57  6.01  7.59  9.25 11.13 11.82 13.06 14.32 16.01 17.88 19.24 20.05 21.01 21.31 21.40 21.59 21.78 22.13 22.24 22.49
traj-275:
22.88 22.15 20.97 21.56 21.50 21.91 22.14 22.66 23.62 25.05 26.23 27.42 29.35 30.60
 1.63  2.16  3.57  4.31  5.25  6.65  7.50  8.81  8.93  8.87  8.91  9.00  9.34  9.79
traj-276:
23.60 22.63 22.48 21.74 20.05 19.21 17.82 15.91 14.98 13.19 11.36  9.40  8.32  6.97  5.66
 0.44  1.89  2.15  3.14  3.87  4.02  4.31  4.76  5.19  5.97  5.62  5.68  5.66  5.58  5.40
traj-277:
23.55 22.93 22.48 22.79 23.11 23.12 23.10 23.08 23.08 23.08 23.07 22.92 22.51 21.55 20.15 18.52 17.93 16.51 14.61 14.11 14.13
 1.32  2.41  4.21  5.53  6.62  8.47 10.24 11.03 13.00 14.37 16.33 18.07 19.05 20.45 21.45 22.04 22.05 21.71 21.24 19.52 18.95
traj-278:
21.42 22.25 22.63 22.79 22.71 23.36 24.83 26.50 28.41 29.87 30.07 29.47 29.37 29.29 29.37 29.32 29.37 29.40 29.52 29.49 29.45 29.39
 0.59  1.99  3.81  5.27  7.27  8.61  8.62  8.62  8.64  9.54  9.77 11.66 13.50 13.79 15.57 17.14 18.90 19.49 21.46 23.32 24.48 25.70
traj-279:
22.66 21.39 20.44 19.17 17.30 15.76 15.01 14.78 14.48 12.63 12.15 10.76 10.52
 1.52  2.48  3.15  3.78  4.44  5.43  5.93  6.12  6.17  6.23  5.86  4.63  4.46
traj-280:
21.82 22.79 23.04 23.21 23.28 23.07 22.59 22.47 22.12 21.81 22.34 22.97 22.42 21.29 20.53 18.59 17.21 15.35 13.63 12.26 10.27  9.56  9.31
 1.19  2.82  4.21  6.20  8.05  9.92 11.60 12.01 13.80 15.59 16.84 18.54 20.16 21.69 21.47 21.56 21.66 21.75 21.43 21.10 21.00 21.90 22.07
traj-281:
21.52 22.26 23.13 23.38 23.61 24.72 26.35 27.47 29.16 29.27 29.32 29.44 29.86 31.43 32.20 33.94 34.09
 1.22  3.03  4.44  5.58  6.43  7.95  8.76  8.63  9.43 10.98 11.82 13.02 13.92 14.81 15.02 15.63 15.89
traj-282:
21.80 21.62 21.22 20.66 18.96 17.58 17.04 15.62 14.43 13.35 11.58 10.40  8.42  7.91
 0.64  1.65  2.64  3.15  4.16  4.70  4.91  5.69  6.64  6.12  5.54  5.42  5.45  5.20
traj-283:
21.91 21.52 21.26 22.09 22.49 22.46 22.41 22.38 22.33 22.33 22.83 22.07 21.42 20.03 19.45 17.69 16.65 14.97 13.51 12.64
 1.75  2.84  4.76  6.26  8.14  9.31 11.13 12.19 13.82 15.62 16.87 18.49 20.23 21.31 21.31 21.36 21.36 21.38 21.31 21.13
traj-284:
21.59 22.31 22.90 23.58 23.72 25.20 26.51 27.40 29.23 30.19 30.70 30.65 30.06 29.25 29.17 29.13 29.42 29.65 30.27 30.75 30.81 31.37 32.11
 1.84  3.33  4.95  6.71  6.97  7.91  8.04  8.08  8.68 10.18 11.27 13.01 14.61 16.24 17.55 18.43 20.34 21.18 23.01 24.84 25.13 26.87 27.64
traj-285:
22.17 23.00 22.18 20.67 18.73 16.78 15.17 14.83 12.88 11.10 10.35  8.56  8.41
 1.06  2.77  4.52  4.68  4.60  4.79  5.93  6.75  6.50  5.83  5.23  4.35  4.08
traj-286:
22.62 23.15 23.34 23.59 23.63 22.46 22.41 22.36 22.32 22.15 21.75 21.50 21.29 21.04 19.26 17.75 16.89 15.37 13.50 12.68
 1.68  3.35  5.10  6.98  8.01  9.59 11.35 13.05 14.40 15.84 17.08 18.26 19.13 20.41 21.08 21.26 21.33 21.15 21.04 21.23
traj-287:
23.50 22.13 22.51 22.83 24.19 25.60 27.05 28.70 29.14 29.33 29.35 29.26 29.16 29.24 29.22 29.15 29.15 29.23 29.57 29.90 30.34 30.48 30.92
 1.66  3.06  4.88  6.17  7.54  7.85  8.12  8.70  8.81 10.36 12.32 14.21 16.17 18.14 19.99 21.60 22.67 24.08 25.67 27.17 28.75 29.26 30.77
traj-288:
22.12 23.18 23.36 22.44 20.87 20.41 18.78 17.97 16.65 15.05 13.92 12.22
 1.10  2.71  3.57  5.27  4.59  4.50  4.12  4.16  4.65  5.72  6.97  6.88
traj-289:
22.23 22.51 22.60 22.50 22.57 22.66 22.85 22.99 23.17 23.07 22.91 22.81 23.02 22.26 20.96 19.34 17.47 16.26 14.36 12.40 11.58
 1.59  3.45  4.28  6.21  7.16  8.62 10.23 11.30 13.28 14.67 16.31 17.33 19.29 20.87 21.63 21.54 21.45 21.72 22.17 22.57 22.90
traj-290:
22.00 21.87 22.05 22.01 22.90 24.47 25.37 26.82 28.27 29.26 29.74 29.65 29.61 29.48 29.41 29.20 29.08
 1.59  2.72  4.70  5.71  7.47  8.21  8.21  8.26  8.47  9.59 11.01 12.99 14.30 15.41 17.12 18.25 19.94
traj-291:
21.66 22.40 22.70 20.81 19.69 17.96 16.34 15.20 13.79 12.54 11.94
 0.94  2.57  4.18  4.27  4.30  4.29  4.82  5.85  6.70  7.36  7.64
traj-292:
22.97 23.15 23.37 23.61 23.48 23.51 23.61 23.34 23.25 23.22 23.15 23.05 22.97 22.97 22.66 22.36 21.15 19.89 17.92 16.87 15.45 14.31 12.51 11.38  9.84  8.69
 0.52  1.60  2.57  4.43  6.33  7.79  8.72  9.89 11.02 12.40 13.98 15.40 16.54 17.42 19.15 20.91 21.21 21.39 21.11 21.17 21.17 21.10 21.14 21.28 21.44 21.49
traj-293:
22.51 21.76 21.73 21.84 22.00 22.20 23.99 25.31 26.16 27.91 28.46 30.20
 1.04  2.65  4.14  5.87  7.25  8.32  8.55  8.57  8.55  8.78  8.99  9.83
traj-294:
21.30 21.11 20.12 19.43 17.68 16.17 15.48 14.93 13.48
 1.20  2.52  3.19  3.41  4.25  4.96  5.89  6.83  6.36
traj-295:
23.05 22.05 21.26 21.67 22.24 22.64 22.43 22.19 21.66 21.55 22.04 22.41 22.48 21.81 21.44 19.69 18.17 17.43 15.83 14.82 13.74 12.27 10.93  9.44  7.80  6.81  4.96  4.42
 1.79  2.41  3.45  5.03  6.82  8.42 10.16 11.32 12.62 14.10 15.40 16.54 18.29 19.96 20.29 21.07 21.35 21.44 21.18 21.09 20.68 20.31 20.65 20.91 21.33 21.79 22.35 22.56
traj-296:
22.96 22.75 22.87 23.27 23.41 25.02 26.36 27.73 28.73 29.92 30.49 30.66 30.89 31.04 31.21 31.92 32.59 33.32
 1.63  3.28  3.86  5.74  6.46  7.44  8.03  8.28  8.68 10.12 12.00 13.26 14.13 15.80 17.19 18.76 20.42 21.85
traj-297:
22.04 22.13 21.00 20.10 18.46 17.32 15.72 14.26 12.96 11.19  9.93  8.16  6.63
 0.50  1.71  3.28  3.68  4.18  4.48  5.42  6.54  6.63  6.75  6.31  5.46  4.55
traj-298:
23.77 23.15 21.54 20.97 21.49 22.17 22.88 23.76 23.78 23.72 23.56 23.32 23.28 22.94 22.80 22.04 21.04 19.17 17.77 15.97 14.17
 1.34  1.50  2.48  3.48  5.33  6.64  8.44  9.89 10.19 12.13 13.73 15.65 15.95 17.88 18.45 19.79 20.68 21.20 21.41 21.71 22.22
traj-299:
23.53 23.27 23.22 23.50 23.49 22.78 24.75 25.32 27.07 28.20 30.16
 1.41  2.19  3.65  5.39  6.28  8.12  8.21  8.33  8.42  8.46  8.62
