traj-0:
22.18 21.12 20.07 18.33 17.17 16.32 14.51 12.85 11.31  9.76  7.98  6.82  6.09
 1.82  2.80  3.28  3.53  3.68  3.73  4.33  5.38  6.42  7.25  7.32  6.26  5.38
traj-1:
22.00 21.98 21.91 21.96 21.95 21.85 22.01 22.41 23.04 22.93 22.98 23.07 22.82 22.42 21.47 20.02 18.33 16.49 14.70 13.01 12.12 10.30  9.11  7.41  5.57  4.41
 1.51  1.81  3.67  5.31  6.63  7.99  9.69 10.10 11.80 13.52 14.11 16.05 18.03 19.51 21.24 22.54 22.85 22.68 22.77 22.83 22.87 23.16 23.22 23.63 24.18 24.43
traj-2:
22.21 22.97 22.92 22.83 22.78 22.76 22.91 22.92 23.05 23.04 22.99 23.28 23.64 23.92 25.80 27.70 28.02 28.07 28.19 28.52 29.23 29.86 30.35 31.60 31.77
 0.97  2.68  4.35  6.17  7.61  8.61 10.28 11.66 13.60 15.06 15.89 17.69 19.42 20.89 21.49 21.91 22.47 23.90 25.62 26.59 27.97 29.18 30.17 31.52 31.76
traj-3:
21.40 21.64 21.62 20.01 18.52 17.92 16.44 14.69 14.31 12.53 11.06  9.54  7.87  6.11  5.81
 0.79  2.22  2.91  3.92  3.91  3.91  3.90  4.46  4.66  5.45  6.24  5.94  5.46  4.96  4.89
traj-4:
22.10 22.05 22.40 22.50 22.73 22.93 23.08 22.67 22.49 22.41 22.73 23.27 23.69 23.81 22.76 21.24 19.37 18.64 16.74 15.02 14.52 12.61 12.04 10.57  8.84  7.39  6.52
 0.56  2.09  3.94  4.50  6.31  8.20 10.17 12.10 13.46 15.15 16.31 18.13 19.89 20.24 21.85 22.42 22.51 22.60 23.01 23.52 23.60 23.96 24.02 24.19 24.49 24.63 24.75
traj-5:
23.62 23.46 23.14 23.27 22.99 23.04 22.93 22.62 22.21 21.25 21.13 21.10 21.09 21.22 22.67 23.44 25.20 26.06 27.39 28.08 28.12 28.12 28.83 29.15 29.65
 1.74  2.24  3.77  4.63  6.52  8.17  8.98 10.56 12.27 13.05 14.65 16.51 17.11 19.05 20.41 21.51 21.65 21.62 21.84 22.47 23.96 25.11 26.84 27.51 28.91
traj-6:
21.26 21.24 21.11 19.37 18.19 16.71 15.60 15.07 14.32 13.38 12.53 10.66  8.90  7.74  6.91  5.86  4.80
 0.96  1.68  3.63  3.29  3.44  3.64  5.29  6.06  6.95  8.13  9.14  9.32 10.18  9.98  9.69  8.91  7.73
traj-7:
22.13 22.86 23.24 23.40 23.47 23.47 23.42 23.25 23.18 23.10 23.05 22.30 22.03 21.88 21.08 20.09 19.79 18.03 16.92 15.62 13.99 12.32
 1.92  2.57  4.27  6.00  6.29  8.23  9.09 10.93 12.57 14.30 16.20 18.04 19.29 20.14 21.73 22.64 22.70 23.17 23.56 23.92 24.24 24.50
traj-8:
22.67 22.52 22.44 22.45 22.36 22.32 22.24 22.13 22.69 22.88 22.86 22.47 22.74 23.66 24.92 26.55 28.14 28.79 29.77 30.40 31.83 33.46 34.30 34.65 34.80
 1.82  3.47  4.55  5.50  7.35  8.37 10.03 11.96 13.14 14.63 15.64 17.46 18.72 19.86 20.83 20.71 21.67 23.07 23.91 24.26 23.16 23.57 25.32 26.76 27.94
traj-9:
21.31 21.59 20.77 18.84 18.25 16.79 15.50 15.28 13.93 12.10 10.41  9.65  8.06  6.96
 1.03  2.80  3.50  3.39  3.45  3.54  5.06  5.61  6.95  6.93  6.29  6.19  5.02  3.93
traj-10:
21.58 21.81 22.19 22.65 23.17 22.69 22.10 21.66 21.67 22.33 22.61 22.97 23.26 22.89 21.17 19.51 18.33 17.18 16.00 15.36 13.60 11.75 10.42  9.24
 1.62  2.67  4.18  5.64  7.08  8.64  9.86 10.61 12.26 14.08 15.59 17.40 19.11 21.00 21.44 22.03 22.12 22.22 22.34 22.65 22.82 23.21 23.66 24.06
traj-11:
21.60 22.33 22.71 22.65 22.17 22.88 22.94 22.24 21.89 21.88 22.07 22.85 22.91 23.73 25.28 27.05 28.56 28.96 29.42 30.78
 1.87  3.24  4.99  5.28  7.03  8.75 10.72 12.39 13.91 15.87 16.10 17.76 18.49 20.14 20.22 20.20 19.07 17.44 15.83 14.39
traj-12:
23.43 22.57 21.13 19.73 17.96 16.19 15.11 14.21 13.42 12.31
 1.26  2.34  3.63  3.84  3.87  3.88  4.48  5.91  7.75  8.06
traj-13:
21.24 21.45 21.71 22.04 22.33 22.47 22.59 23.21 23.05 23.25 23.48 23.68 23.24 22.32 21.63 20.06 19.27 17.63 16.34 14.58 13.78 12.53 11.16 10.45  8.87  8.28
 0.76  1.61  3.21  5.17  6.56  7.24  7.82  9.67 11.62 13.25 14.60 16.41 18.21 19.96 21.07 22.01 22.09 22.33 22.50 22.78 22.95 23.15 23.36 23.52 23.86 24.00
traj-14:
21.05 21.39 22.61 22.91 22.93 22.98 22.49 22.11 22.00 22.62 22.69 22.62 22.65 22.85 23.04 24.36 25.63 27.55 28.29 28.18 28.14 28.15 28.19 28.84 29.88
 1.34  1.84  3.38  3.67  5.05  6.91  8.77 10.63 11.74 13.57 13.86 15.65 16.40 18.33 19.12 20.35 20.91 21.35 22.78 24.56 25.72 26.58 28.01 29.79 30.88
traj-15:
21.57 21.56 19.79 19.20 17.43 16.84 15.39 14.43 13.07 11.68 10.18  9.33
 1.78  3.01  3.45  3.38  3.51  3.58  3.72  4.04  4.30  5.33  5.41  5.49
traj-16:
23.32 23.31 23.14 23.12 22.97 22.94 22.99 22.90 22.81 22.72 22.58 22.61 22.78 23.15 23.49 22.48 21.52 20.18 19.01 18.09 16.47 15.38 13.49 12.58
 1.14  1.93  3.91  4.51  6.43  6.88  8.81 10.33 11.97 13.39 15.12 15.74 16.47 18.16 19.61 21.31 21.79 22.50 22.54 22.58 22.59 22.64 22.87 23.16
traj-17:
22.87 22.62 22.34 22.26 22.04 22.35 22.64 22.73 22.90 23.06 23.32 23.06 22.93 22.03 22.12 22.76 24.63 25.65 27.24 28.07 28.54 29.46 30.26
 1.07  2.19  3.73  5.04  6.35  7.28  8.87 10.09 11.16 12.63 14.35 16.22 16.49 17.95 19.95 20.57 20.98 21.08 21.44 22.97 24.60 26.26 27.65
traj-18:
21.13 21.44 20.36 19.00 17.84 16.11 14.35 13.23 12.32 12.13
 1.01  2.65  3.47  3.43  3.45  3.37  4.02  4.55  5.13  7.00
traj-19:
23.60 23.07 22.64 22.75 22.81 22.81 23.22 23.36 23.55 23.74 23.68 23.46 23.38 23.38 23.38 22.53 20.75 18.81 16.97 15.70 15.22 14.15
 1.18  3.02  4.93  6.66  8.01  8.76 10.66 11.23 11.80 13.52 15.25 17.10 17.90 19.25 20.31 22.05 22.76 22.48 22.39 21.54 21.17 20.12
traj-20:
23.45 23.31 23.09 23.07 23.05 23.09 23.13 22.97 22.67 22.42 22.85 22.73 21.83 21.52 22.82 24.51 26.26 28.06 29.01 29.27 29.95 30.36 31.76
 0.66  2.28  3.83  4.88  6.03  8.02  9.35 10.94 12.81 14.76 15.65 17.44 18.20 20.12 21.00 21.76 21.72 22.56 23.96 24.70 25.85 27.65 28.92
traj-21:
22.43 21.99 20.61 19.16 17.69 16.52 15.61 15.17 14.01
 0.94  2.11  3.44  3.75  3.79  3.85  4.51  4.91  5.85
traj-22:
22.83 22.66 22.71 22.65 22.50 22.20 21.74 21.92 22.17 22.49 22.70 22.90 23.05 23.40 23.44 23.49 22.71 21.08 19.56 18.08 16.33 14.92 13.52 13.08
 0.94  1.90  3.54  5.17  5.94  7.40  8.75 10.61 11.37 13.01 13.85 15.37 16.06 17.98 19.11 20.02 21.01 22.01 22.67 23.12 23.17 22.96 22.13 21.82
traj-23:
21.93 21.70 21.82 22.17 22.42 22.50 22.68 22.72 22.71 22.62 22.49 22.16 22.04 21.58 21.59 22.50 23.80 24.95 26.42 28.03 29.62 30.89
 0.97  2.76  3.32  5.11  6.42  7.13  9.01 10.32 11.35 12.86 13.68 15.60 16.08 17.78 19.09 20.85 21.73 21.73 21.76 22.46 23.45 24.10
traj-24:
21.53 21.76 20.35 18.66 17.21 15.72 14.37 14.35
 1.67  2.22  3.26  3.36  3.53  3.67  4.48  6.03
traj-25:
21.64 21.98 22.13 22.32 22.57 22.69 22.73 23.02 23.09 22.92 22.95 22.91 22.49 21.87 21.44 20.30 18.56 18.08 16.46 15.60 13.65 11.86 10.41
 1.14  2.54  3.52  4.64  5.74  6.94  8.89 10.81 12.24 13.60 15.54 17.51 18.34 20.05 21.36 22.70 22.58 22.58 22.38 22.16 21.73 21.13 20.24
traj-26:
21.03 21.17 21.34 21.47 22.21 22.42 22.15 22.16 22.61 22.90 23.14 23.33 23.70 24.79 26.37 27.82 29.36 29.00 28.65 28.74 29.85 30.31
 1.52  2.27  3.84  5.42  7.23  7.78  9.42 11.37 13.24 15.14 16.23 17.96 19.72 20.69 20.80 20.35 19.85 17.93 16.41 15.45 14.53 13.38
traj-27:
21.76 21.73 21.07 20.07 18.92 16.95 15.70 14.43 12.89 11.05  9.98  8.33  7.03
 0.87  1.09  2.67  3.59  3.57  3.44  3.21  3.48  4.23  4.96  5.43  5.82  6.16
traj-28:
22.47 22.81 23.10 23.31 23.52 23.45 23.26 23.26 23.12 22.47 22.32 22.36 21.93 21.57 20.61 19.82 18.60 17.50 16.10 14.75 12.91 11.41  9.52  7.69  5.95
 0.56  1.88  3.59  4.46  6.16  8.10  9.74 10.86 12.56 14.19 16.17 17.65 19.43 21.05 22.03 22.26 22.50 22.44 22.12 21.65 22.16 22.70 23.03 23.28 23.65
traj-29:
22.37 22.45 22.44 22.78 22.93 23.06 23.20 23.38 23.37 23.33 23.05 23.22 24.25 25.95 27.43 28.81 28.66 28.56
 1.44  2.47  3.59  5.44  7.26  9.16 10.82 12.47 14.45 16.41 17.72 19.53 20.34 20.69 20.69 19.92 18.33 17.51
traj-30:
21.39 21.56 20.09 19.49 17.53 16.69 15.62 13.85 12.68 11.03  9.67  7.93
 1.37  1.94  3.24  3.23  3.18  3.29  3.52  4.20  5.75  6.83  7.37  7.45
traj-31:
22.27 22.21 22.04 21.87 21.71 21.39 21.46 21.48 21.63 22.02 21.77 21.71 21.48 21.86 22.91 22.34 21.54 20.38 18.63 16.93 15.42 13.68 11.76
 1.10  1.64  3.34  4.79  5.84  7.76  9.70  9.94 10.52 11.91 13.65 14.30 15.90 16.63 18.25 20.13 21.20 22.20 22.17 22.07 22.05 21.68 21.41
traj-32:
22.44 22.52 22.55 22.58 22.55 22.54 22.49 22.51 22.56 22.72 22.95 23.00 23.25 24.06 25.66 26.54 28.21 30.05 31.41 32.52 33.69 34.39
 0.65  1.10  2.97  4.75  6.43  8.26 10.00 11.81 13.29 14.47 16.37 17.96 19.94 20.63 20.32 20.14 19.44 20.02 20.70 21.96 23.47 24.72
traj-33:
21.92 22.21 21.58 20.27 18.38 16.66 15.30 13.97 12.88 11.86 10.62  9.14  7.85  7.11
 0.62  1.78  3.32  3.52  3.58  3.75  4.69  6.02  6.90  7.07  7.41  7.64  8.01  8.12
traj-34:
21.35 21.67 22.15 22.53 22.85 22.84 22.77 22.73 22.81 22.95 23.00 23.01 23.40 23.61 23.88 22.18 20.53 19.24 18.17 16.49 15.65 14.11 13.35 12.22
 1.62  2.66  4.49  5.97  7.53  9.11 10.63 12.20 14.06 15.18 16.52 17.56 19.18 19.39 21.29 21.61 22.40 22.65 22.67 22.77 22.70 22.65 23.30 24.00
traj-35:
21.22 21.40 21.48 21.74 22.51 23.11 22.94 22.88 23.05 23.04 23.12 23.33 23.47 23.99 25.96 26.73 28.44 28.99 30.65 32.27 33.69 34.49 34.63 34.78 34.86
 1.57  3.04  4.07  5.22  6.70  8.16 10.10 12.04 13.46 15.46 16.20 17.86 18.73 20.19 20.28 20.36 20.94 21.13 22.17 22.89 23.61 25.27 26.45 27.91 28.81
traj-36:
23.37 21.97 21.42 19.74 18.29 16.83 15.17 14.24 13.36 11.91 10.91  9.35  8.29  6.91  5.85
 1.44  2.78  2.99  3.42  3.60  3.70  4.54  4.95  5.54  6.52  8.02  9.23  9.92  9.77  9.58
traj-37:
21.74 22.02 22.27 22.49 22.45 22.67 23.19 23.25 23.26 23.22 23.26 23.29 23.35 23.69 22.43 21.66 19.96 18.20 16.44 14.60 12.95 11.24  9.34
 1.54  3.45  5.13  6.54  7.23  8.22 10.05 10.91 12.85 13.14 15.08 17.05 18.43 19.95 21.47 21.77 22.06 22.45 22.70 22.99 23.23 23.41 23.49
traj-38:
22.84 22.45 22.12 21.82 22.11 22.37 22.58 23.20 23.39 23.21 23.18 23.26 23.72 24.10 25.78 27.47 28.27 28.42 28.49 28.86 29.38 30.32 30.75 31.61 31.96 32.16
 0.58  2.34  3.89  5.44  6.64  8.55  9.81 11.65 13.38 14.99 16.40 17.83 19.76 20.70 21.40 21.60 22.92 24.66 25.41 27.09 28.03 29.66 30.34 31.71 33.12 33.97
traj-39:
23.55 22.38 20.75 20.46 18.75 17.57 15.83 14.93 13.12 12.02 10.13
 1.44  2.29  3.26  3.33  3.66  3.78  4.00  4.25  4.56  6.15  6.01
traj-40:
23.73 22.75 22.75 22.77 22.77 22.78 22.67 22.51 22.20 21.52 21.71 22.00 22.04 22.03 21.68 21.41 20.02 18.36 16.65 14.98 14.32 12.39 11.89 10.10  9.55
 0.61  2.16  2.46  4.31  4.87  6.35  7.61  8.72 10.52 12.07 13.84 14.98 16.90 18.34 20.10 21.27 22.34 23.03 23.14 22.89 22.81 22.51 22.57 22.68 23.09
traj-41:
22.23 22.06 22.00 21.82 21.88 21.79 21.86 21.92 22.18 22.76 22.61 22.18 22.32 22.41 22.70 24.53 25.37 27.18 27.39 28.33 28.74 29.11 29.49 29.59 30.93 32.09 32.91 33.83
 1.41  3.15  4.40  6.31  7.12  8.74  9.36 10.83 11.37 13.19 14.09 16.03 17.32 18.59 19.34 20.07 20.22 20.98 21.20 22.74 23.43 24.79 26.30 27.18 28.64 30.14 31.04 32.18
traj-42:
21.82 21.43 20.15 18.66 16.70 15.22 14.95 13.48 11.87 10.09  9.17
 1.27  2.78  3.93  3.94  3.93  4.87  4.98  5.43  6.51  6.52  5.30
traj-43:
23.57 23.42 23.25 23.09 22.85 22.42 22.18 21.90 21.69 22.26 22.70 23.46 23.49 22.85 21.51 19.67 18.28 16.49 14.70 13.42 11.57  9.65  8.55  7.16  5.29  4.27
 1.21  2.85  4.56  5.77  7.32  9.27 11.25 13.19 13.74 15.57 16.88 18.46 19.01 20.75 21.35 22.15 22.26 22.20 22.42 22.12 21.95 22.10 22.19 22.32 22.65 22.83
traj-44:
23.44 23.46 23.26 23.38 23.39 23.53 23.30 23.20 22.99 23.11 23.23 23.32 23.37 23.34 23.18 23.06 24.56 25.42 26.59 28.56 29.02 30.86
 1.13  1.57  3.28  3.87  3.86  5.60  7.32  7.61  9.42 11.36 13.29 15.03 15.61 17.05 18.16 19.25 20.03 20.08 20.16 20.03 20.00 19.34
traj-45:
23.51 22.34 21.28 19.44 18.85 17.97 16.52 15.44 14.93 14.10 13.00
 1.66  2.96  3.97  3.49  3.60  3.76  3.84  4.49  4.78  5.35  6.12
traj-46:
22.89 22.36 21.33 21.19 21.90 22.70 23.22 23.21 23.13 22.81 22.94 23.08 23.34 23.73 23.30 22.31 20.47 20.17 18.40 16.73 15.37 15.02 14.22 13.23 12.06 10.36  8.42  7.60
 0.92  1.33  2.78  4.15  5.70  7.45  8.37 10.09 11.21 13.01 14.83 16.22 17.84 19.72 21.48 21.99 22.39 22.38 22.58 22.05 21.35 20.62 19.30 19.27 19.32 19.14 18.93 18.83
traj-47:
22.74 22.77 23.10 23.02 22.75 22.46 22.29 22.35 22.25 22.45 22.85 23.37 23.35 24.80 26.27 28.11 29.39 31.15 32.37 32.84
 1.53  2.24  4.18  5.30  6.78  8.34 10.14 12.10 13.66 15.45 17.09 18.76 19.06 20.06 20.10 20.22 20.25 21.05 21.85 22.16
traj-48:
23.77 22.92 21.54 19.83 18.10 17.80 16.02 15.31 13.70 12.92 11.09  9.66
 0.43  1.34  2.72  3.48  3.81  3.84  3.86  3.88  5.04  5.34  4.79  3.46
traj-49:
21.51 21.67 21.88 22.02 22.28 22.41 22.56 22.81 23.03 23.12 23.33 23.45 23.69 23.25 22.91 21.66 20.38 19.29 17.48 15.68 14.67 12.86 11.64 10.21  8.48  7.07
 0.84  1.81  3.78  4.84  6.52  7.66  8.83 10.58 12.07 13.33 14.47 15.32 17.23 18.99 20.39 21.33 22.45 22.65 22.83 22.26 22.06 21.47 21.37 21.21 21.15 21.22
traj-50:
23.75 23.20 22.02 22.00 22.26 22.51 22.82 22.83 22.33 22.16 22.02 21.74 22.47 22.85 23.49 25.10 25.39 27.13 27.91
 0.70  1.59  3.02  3.35  4.17  5.60  7.47  9.39 11.07 12.89 14.15 15.22 16.82 17.73 19.23 20.37 20.28 20.20 20.41
traj-51:
23.46 23.07 22.22 20.36 18.99 17.21 16.92 15.79 14.91 13.48 11.65 10.02  8.18  6.43  5.71  4.26
 1.50  2.27  3.78  3.59  3.52  3.71  3.76  4.50  5.97  5.51  6.06  7.09  7.63  8.32  8.35  8.47
traj-52:
22.14 21.94 22.12 22.57 22.98 22.87 22.64 22.18 22.43 22.56 22.83 22.04 21.02 21.36 19.65 18.03 16.91 15.23 13.87 12.44 11.09 10.24  8.48  7.61  6.08  4.63
 1.43  3.32  4.23  5.91  7.22  8.61 10.36 12.16 13.90 15.88 17.77 19.49 20.05 21.90 22.75 22.90 22.78 22.28 21.31 20.26 19.98 19.80 19.43 19.28 19.11 19.08
traj-53:
23.19 22.84 22.55 22.59 22.58 22.67 22.72 22.55 22.25 21.56 21.34 21.06 21.51 21.82 22.33 22.73 23.08 24.79 26.26 28.07 28.82 29.27 30.10 31.30 31.76
 1.07  2.15  3.03  4.93  5.44  7.28  8.32  9.52 11.17 11.95 12.16 13.28 15.02 16.54 18.16 19.47 20.85 21.65 21.67 22.44 23.49 24.07 25.46 27.03 27.63
traj-54:
23.25 22.70 21.23 19.57 18.12 16.30 14.42 13.00 12.23
 1.35  1.59  2.61  3.24  3.50  3.79  4.34  5.27  5.71
traj-55:
23.03 23.11 23.17 23.21 23.37 23.49 23.38 23.26 23.12 23.12 23.14 23.19 23.62 23.93 22.26 20.62 19.16 17.94 16.85 15.48 14.13
 1.15  2.38  4.15  5.82  6.97  8.93 10.61 12.60 14.20 15.28 16.45 17.55 19.41 20.35 21.01 22.07 22.35 22.43 22.41 22.47 22.56
traj-56:
21.25 21.63 21.89 22.32 22.47 22.17 22.15 22.14 21.93 22.26 22.82 22.68 22.07 21.68 21.19 21.81 22.15 23.82 24.39 26.13 28.02 28.11 28.13 28.73 29.30 30.17 30.37 31.58 32.53
 0.61  2.04  3.25  4.82  6.22  8.13  9.19 10.49 12.39 14.27 15.06 16.50 17.47 18.07 18.41 20.29 20.78 21.21 21.21 21.29 21.77 23.09 24.46 26.16 28.06 29.59 30.05 31.49 32.86
traj-57:
21.31 21.46 19.68 17.92 16.49 14.99 13.15
 1.71  2.54  3.28  3.31  3.49  4.21  4.83
traj-58:
22.25 22.26 22.35 22.48 22.63 22.86 23.09 23.40 23.61 23.42 23.22 22.48 22.12 21.03 20.35 19.15 18.27 16.33 14.52 13.41 11.50 10.94  9.82  8.33  7.78  6.15  4.22
 1.69  2.13  4.12  6.06  7.41  9.00 10.36 12.28 14.02 15.98 16.76 18.59 19.67 20.72 22.48 22.41 22.33 22.22 22.51 21.49 20.91 21.43 22.23 23.26 23.44 24.05 24.43
traj-59:
22.21 22.57 22.96 23.11 23.20 23.02 22.84 23.08 23.25 23.27 23.39 23.51 23.89 24.74 26.49 28.01 28.71 29.77 30.09 31.19 31.86 32.69
 1.44  2.56  4.44  5.51  7.44  9.32 11.19 12.85 14.29 15.37 16.55 17.72 19.58 20.14 20.79 21.97 23.57 25.24 26.06 27.33 28.12 29.03
traj-60:
21.55 21.60 20.22 19.63 18.17 17.30 16.15 15.01 13.91 12.64 11.07 10.18  8.46  6.82  5.75  5.09  4.47
 1.36  1.90  3.16  3.15  3.24  3.36  3.63  4.37  5.14  5.99  7.08  8.55  9.51  8.51  7.29  6.38  5.52
traj-61:
23.43 23.08 22.86 22.63 22.48 22.31 22.28 22.25 22.74 22.81 23.06 23.12 22.29 22.16 22.85 22.07 21.04 19.24 18.52 16.57 15.98 14.03 12.83 12.03 10.36  9.21  7.82  6.78
 0.50  2.38  4.13  5.91  7.69  9.49 10.61 12.01 13.80 13.98 15.95 17.07 18.84 19.29 20.24 22.06 22.40 22.65 22.78 23.16 23.28 22.91 22.14 21.62 20.63 20.59 20.55 20.51
traj-62:
22.35 22.62 22.79 23.07 23.22 23.21 23.15 22.93 22.83 23.06 23.17 23.25 23.24 23.25 23.87 24.38 25.12 26.94 28.16 28.70 29.12 29.82 30.06 30.52 30.53 30.51
 0.74  2.66  3.71  5.49  6.37  8.29  8.82 10.35 11.30 13.24 14.11 15.83 16.98 18.42 20.21 20.52 20.95 20.85 20.74 19.11 17.74 16.37 14.89 13.02 11.23 10.64
traj-63:
23.16 22.43 21.66 21.34 19.66 18.78 17.60 16.72 15.61 15.34 14.53 13.17 12.47 10.58 10.11  8.51  7.51
 0.41  1.28  2.41  3.00  3.28  3.28  3.46  3.64  4.94  5.46  7.02  8.36  8.90  8.49  8.13  7.43  7.00
traj-64:
21.80 21.87 22.09 22.19 22.51 22.80 22.56 22.45 22.81 22.88 23.14 23.24 23.44 22.45 21.91 21.66 20.14 19.64 17.82 16.32 14.87 13.25 11.75 10.61
 1.89  2.75  4.61  5.19  6.96  8.20  9.91 11.53 13.50 15.06 16.76 17.35 18.99 20.68 20.93 22.80 22.86 22.88 22.68 22.40 21.25 20.83 20.77 20.75
traj-65:
23.08 22.88 22.76 22.64 22.59 22.99 23.08 22.83 22.05 21.94 21.66 21.34 21.79 22.19 22.97 23.42 24.94 26.72 28.44 29.46 30.19 30.68 31.03
 1.82  3.15  4.09  5.74  7.42  9.07 10.24 12.13 13.80 14.08 14.19 15.97 17.17 17.84 19.16 19.33 20.13 20.09 19.51 18.72 16.87 15.35 14.57
traj-66:
23.60 23.76 23.29 22.49 21.43 20.04 18.31 16.55 14.82 13.59 11.87 10.34  8.49  6.99  6.55
 1.42  2.82  4.35  6.03  4.71  3.55  3.55  3.66  4.43  5.37  6.33  6.64  6.39  5.53  5.13
traj-67:
22.02 22.00 22.09 22.35 22.35 22.53 22.46 22.45 22.58 23.03 23.03 22.74 22.47 22.14 21.53 21.45 19.96 18.29 16.64 15.29 15.28 13.78 11.95
 1.63  2.10  3.96  5.53  6.39  8.08  9.98 10.57 12.10 14.03 14.59 16.22 17.74 19.10 20.90 22.75 22.97 23.09 23.20 21.89 20.90 20.06 19.32
traj-68:
22.13 22.14 22.21 22.15 22.22 22.53 22.98 23.43 23.54 23.62 23.43 22.61 22.03 22.65 24.16 25.55 26.11 28.02 29.04 30.73 31.19
 1.77  2.07  4.00  4.50  6.23  7.97  9.57 11.22 12.11 14.05 14.84 16.52 17.09 18.97 20.23 20.96 21.08 21.27 21.72 22.59 23.11
traj-69:
21.37 21.43 21.59 20.70 18.87 17.42 16.52 14.93 14.18 12.83 12.60 13.61
 1.22  1.86  3.70  3.83  3.70  3.72  3.77  4.49  5.83  6.92  8.49  9.67
traj-70:
21.16 22.19 22.79 23.10 23.24 23.09 22.88 22.56 22.13 21.39 21.38 21.42 21.54 21.80 21.86 21.03 19.53 18.59 17.46 15.95 14.21 12.90 11.83
 0.75  1.83  3.43  5.04  6.78  7.62  9.24 11.03 12.65 14.41 15.74 17.59 17.86 19.76 20.05 21.80 22.32 22.37 22.38 22.36 22.34 22.39 22.59
traj-71:
22.18 22.28 22.50 22.71 22.86 22.95 23.11 23.05 22.32 21.96 21.78 21.42 21.90 22.98 24.72 25.61 27.35 28.03 28.07 28.39 28.59 28.56 28.94 28.97
 1.38  3.26  5.04  6.80  8.64 10.08 11.73 12.83 14.41 16.28 17.33 18.79 20.56 21.87 21.75 21.72 21.93 23.11 24.34 25.24 26.68 27.98 29.78 30.31
traj-72:
22.89 22.60 21.25 19.45 17.70 15.95 15.36
 1.37  1.44  2.82  3.54  3.63  3.84  3.92
traj-73:
22.67 22.82 22.94 22.92 23.21 23.34 23.38 23.14 22.98 22.67 22.84 22.89 23.13 23.37 23.29 22.15 20.50 18.80 17.28 15.92 14.16
 1.74  2.49  4.45  5.77  7.67  8.25 10.14 11.47 12.30 14.06 15.84 17.44 18.18 19.41 21.40 21.88 22.58 22.81 23.07 23.32 23.71
traj-74:
23.32 22.92 22.37 22.11 22.58 22.90 23.15 22.41 22.16 21.74 22.34 22.90 23.10 23.47 24.73 25.59 27.03 28.22 30.08 30.66 31.98 32.19 32.60 32.78 32.92
 1.78  3.40  5.06  7.02  8.30  8.81 10.70 12.44 12.61 13.24 15.00 16.86 18.24 19.51 20.77 20.92 21.93 21.93 21.98 21.84 20.75 18.93 17.05 15.26 14.38
traj-75:
21.79 22.61 23.07 21.96 20.48 18.78 17.03 16.43 15.04 13.70 12.01 10.26  8.51  6.78  5.43
 0.98  2.05  2.80  4.31  3.32  3.22  3.34  3.36  4.10  4.69  5.09  5.73  5.69  4.77  4.67
traj-76:
22.75 22.79 23.07 22.95 22.90 22.89 22.88 22.83 22.88 22.72 22.68 22.67 22.65 22.51 21.74 21.59 20.29 18.77 18.21 16.29 14.70 13.06 11.54  9.91  9.46
 1.50  2.62  4.50  6.47  7.55  8.67 10.44 12.27 13.71 15.20 16.01 17.25 19.18 19.45 21.19 21.52 22.75 23.06 23.20 23.00 22.63 22.16 21.68 21.24 20.60
traj-77:
21.86 22.09 22.17 22.10 21.86 21.58 22.13 22.69 22.64 22.18 21.86 22.38 23.02 24.64 26.62 28.22 29.55
 1.62  2.75  4.52  5.72  7.42  8.73 10.37 12.23 13.79 15.41 16.64 18.54 19.03 20.05 20.22 21.10 21.60
traj-78:
23.22 22.76 21.16 19.91 18.16 16.43 14.95 13.94 12.17 11.47 10.00  8.90
 1.88  2.18  2.91  3.46  3.66  3.81  5.04  5.70  5.38  5.30  4.98  4.73
traj-79:
21.25 22.11 22.46 22.87 22.94 23.05 23.10 23.13 23.22 23.39 23.54 23.67 23.82 23.58 22.89 21.77 21.17 19.39 19.09 17.16 16.00 14.25 13.49
 1.54  2.76  3.97  5.49  7.10  9.09 11.07 12.97 14.92 15.78 16.65 17.23 18.07 19.99 21.32 22.00 22.45 22.98 23.01 22.96 22.86 22.94 22.89
traj-80:
22.10 22.15 22.63 22.72 22.93 22.97 23.04 23.03 22.68 22.40 22.00 21.12 21.65 22.47 22.75 24.42 24.72 26.47 28.06 28.98 30.55 31.77 32.86
 1.30  1.60  3.40  3.97  5.70  7.56  8.94 10.34 12.10 13.68 15.46 16.98 18.80 20.35 20.84 21.44 21.47 21.64 22.42 22.98 24.00 24.78 25.58
traj-81:
22.49 21.61 21.38 20.78 18.88 17.41 16.82 15.16 14.90 13.43 11.53 11.07  9.20  7.38  6.00
 0.44  2.02  3.10  3.63  3.27  3.54  3.64  4.51  4.66  4.70  5.23  5.15  4.92  4.96  4.82
traj-82:
23.17 23.23 23.23 22.97 22.95 22.91 23.12 22.84 22.52 22.41 22.25 22.22 22.16 22.03 21.37 21.01 19.81 18.37 16.40 14.63 13.46 11.58  9.70  7.93  5.99
 0.60  1.45  2.81  4.28  6.02  7.06  8.19 10.07 11.89 12.17 14.08 15.17 16.80 17.67 19.15 21.07 22.54 22.77 23.11 23.37 22.94 23.00 23.27 23.38 23.34
traj-83:
21.01 21.25 21.37 21.90 22.21 22.55 22.77 22.92 23.02 23.04 22.88 22.41 22.79 23.17 23.81 24.18 25.82 27.44 29.26 29.53 30.26 30.29 30.25 30.74 31.43 31.94 32.87
 1.28  2.53  3.89  5.77  7.22  8.64  9.70 11.24 12.11 13.87 14.43 16.11 17.50 18.31 19.69 20.13 20.98 21.73 22.31 22.43 24.09 26.08 27.62 28.33 29.79 30.77 32.41
traj-84:
23.12 22.94 21.37 19.66 18.23 17.66 15.83 13.97 12.52 10.96
 1.88  2.12  2.89  3.21  3.46  3.58  3.86  4.53  5.23  6.00
traj-85:
23.54 23.50 23.20 22.69 22.27 22.27 22.27 22.11 21.94 22.02 22.48 22.92 23.41 24.50 24.11 22.70 21.42 19.88 18.21 16.42 15.61 13.90 12.51 10.56  8.67  7.09  5.26  4.02
 1.84  2.39  4.30  5.19  7.04  8.76 10.63 12.49 12.87 14.83 15.99 17.46 19.27 20.67 21.96 22.48 22.60 22.69 22.68 22.88 22.85 22.38 22.29 21.94 21.58 21.88 22.00 21.97
traj-86:
21.98 22.51 22.70 23.05 23.08 23.19 23.32 23.11 23.08 23.05 23.24 23.20 23.18 23.46 24.17 26.08 27.81 28.66 29.98 31.40 32.02 33.57
 0.69  1.21  3.14  4.66  5.75  7.39  9.36 10.69 11.50 13.30 15.22 16.60 17.73 19.29 20.45 20.93 20.62 20.36 19.07 17.99 17.90 17.62
traj-87:
21.92 22.44 20.93 19.04 17.30 16.70 15.88 14.75 13.15 12.26
 0.64  2.55  3.74  3.38  3.55  3.64  4.20  5.10  6.26  7.00
traj-88:
23.47 22.95 22.76 22.83 23.02 22.90 22.68 22.71 22.50 22.38 21.54 21.55 21.63 21.70 21.66 20.80 19.02 17.41 16.85 14.87 13.31 12.35 11.21  9.65
 1.10  2.03  3.97  5.01  6.12  7.15  8.85  9.88 11.49 13.34 14.57 16.53 17.25 18.97 20.44 22.23 22.37 22.42 22.44 22.38 23.04 23.37 23.62 24.03
traj-89:
23.69 23.57 22.95 22.94 23.00 23.10 23.13 23.05 23.12 23.19 23.20 22.90 22.71 23.51 24.98 26.73 28.55 29.19 30.00 30.86 31.47 32.31 33.30
 1.85  2.13  3.98  5.10  6.97  8.32 10.25 12.11 13.77 15.62 17.34 19.19 20.80 21.93 21.90 21.87 22.47 23.02 24.15 25.68 26.47 27.28 28.49
traj-90:
22.82 22.60 22.44 20.96 19.14 17.95 16.52 14.79 14.43 12.97 12.58
 0.91  2.12  3.77  3.95  3.42  3.56  3.66  4.38  4.54  5.65  5.82
traj-91:
23.32 23.11 23.01 23.12 23.09 23.09 23.08 23.12 23.09 23.19 23.21 23.19 22.87 22.91 22.44 22.21 21.13 20.11 18.27 16.60 16.01 14.23 12.34 10.73  9.19  8.47
 1.40  2.66  3.49  5.47  7.38  8.52  9.40 10.98 12.35 14.07 15.74 16.47 18.35 18.65 20.59 20.78 22.14 22.60 22.61 22.53 22.45 22.43 22.91 23.14 23.97 24.34
traj-92:
23.66 23.15 22.77 22.77 22.74 22.71 22.98 22.91 22.70 22.09 21.48 21.82 22.72 23.46 24.81 25.27 26.67 28.39 30.18 30.14 30.23 30.03 29.52 28.94 28.79
 0.43  1.51  3.35  4.74  6.10  7.28  9.12  9.81 11.55 12.96 14.39 16.23 17.69 19.43 20.27 20.59 21.19 21.58 21.55 19.70 17.88 17.33 16.01 14.41 13.04
traj-93:
22.09 21.04 19.66 18.79 17.07 16.78 16.21 15.04 14.08 13.59
 1.39  2.58  3.21  3.35  3.76  3.82  3.98  5.22  6.69  7.44
traj-94:
22.03 22.04 22.29 22.52 22.87 23.15 23.06 23.07 22.12 22.15 22.86 22.78 22.68 22.22 20.53 19.43 17.85 16.22 15.47 13.77 12.19
 1.29  2.76  4.44  5.84  7.41  9.39 10.78 11.83 13.38 15.27 16.52 18.27 20.06 21.51 22.48 22.62 22.43 22.14 21.72 21.39 21.45
traj-95:
21.05 21.47 22.07 22.35 22.44 22.61 22.71 22.89 22.67 22.11 21.74 22.30 22.87 24.64 25.53 27.51 27.81 28.61 28.59 28.52 28.35
 1.09  1.83  3.72  5.65  7.41  9.22 10.20 11.53 12.54 14.40 16.34 18.06 19.31 20.03 20.07 20.18 20.21 21.88 23.02 24.12 25.06
traj-96:
23.14 22.01 20.67 18.97 18.37 16.45 15.21 14.96
 1.02  2.34  3.66  3.74  3.80  3.99  4.90  5.56
traj-97:
23.02 22.96 22.47 22.29 21.88 21.68 21.62 21.97 22.50 22.57 22.74 22.89 23.46 23.62 23.42 22.87 21.02 19.26 17.32 16.46 14.75 14.10
 1.24  2.62  4.53  6.30  8.02  9.61 10.51 12.36 14.29 15.33 16.36 17.54 19.33 19.69 21.59 21.78 22.46 22.55 22.30 22.10 21.32 19.61
traj-98:
23.28 22.91 22.79 22.62 22.53 22.53 22.53 22.50 22.65 22.77 22.93 23.09 23.05 22.76 22.49 22.10 22.44 23.41 25.15 25.95 27.54 28.15 29.15 30.18 31.77 33.56
 0.64  2.31  4.14  5.14  6.99  7.90  9.40  9.93 11.49 12.49 13.76 15.46 16.24 17.78 18.51 20.38 20.87 21.53 21.32 21.11 20.24 19.65 18.43 16.84 15.79 15.61
traj-99:
22.44 21.38 21.17 19.48 18.03 16.56 14.97 13.67 12.26 10.85
 0.68  2.12  4.06  3.51  3.68  3.72  4.13  5.17  6.16  7.13
traj-100:
22.40 22.48 22.42 22.33 22.28 22.19 22.71 22.84 23.36 23.31 23.09 22.98 22.92 23.05 22.97 21.15 19.32 17.53 15.74 14.55 13.02 11.87 10.59  9.41  7.79  6.51  4.78  4.48
 1.21  2.28  4.25  5.60  7.13  8.80 10.62 11.52 13.23 14.35 16.24 17.81 19.31 20.28 22.07 22.72 22.59 22.32 22.18 21.84 21.96 22.49 23.16 23.51 24.21 24.45 24.69 24.74
traj-101:
22.27 22.48 22.74 22.90 22.87 22.87 22.86 22.65 22.80 22.70 22.69 22.81 22.86 24.67 25.79 27.13 28.13 29.61 30.74 31.66 32.84 33.99 34.28 34.38
 1.71  3.08  4.51  6.38  6.98  8.48 10.38 11.31 13.23 15.08 16.32 17.57 19.25 20.01 20.11 20.23 20.32 20.97 21.25 21.80 22.69 23.79 24.91 25.79
traj-102:
21.85 22.38 20.46 19.59 18.14 16.40 15.20 14.97 14.87
 1.95  2.97  3.45  3.54  3.61  3.68  4.37  5.80  6.37
traj-103:
22.93 23.15 23.29 23.36 23.32 23.24 23.16 23.13 23.11 23.16 23.15 23.19 22.79 22.39 21.19 19.40 17.76 16.26 15.16 14.05 12.92
 0.91  2.85  3.73  5.47  6.88  8.87 10.27 11.81 13.53 14.40 16.29 17.75 19.47 21.40 22.55 22.86 22.92 23.02 22.99 23.06 23.08
traj-104:
22.95 22.88 22.85 22.92 23.03 23.01 23.03 22.99 22.94 23.24 23.25 23.50 24.79 26.33 27.01 28.22 28.19 28.34 29.22 30.02 30.34 31.24 31.83 32.90 33.26
 1.84  3.42  4.48  6.12  7.23  9.10 11.05 13.01 13.75 15.73 17.38 19.26 20.12 20.56 20.85 22.37 23.75 25.03 26.60 27.78 28.29 29.84 30.84 32.40 33.12
traj-105:
23.14 21.72 20.30 18.52 17.36 15.90 14.28 12.52
 1.75  3.12  3.53  3.72  3.81  3.92  4.62  4.11
traj-106:
22.07 22.44 22.80 23.00 23.20 23.32 23.60 23.72 23.44 23.26 23.42 23.33 22.38 21.31 19.53 18.52 16.92 16.10 14.48 12.76 11.82 10.55  8.72  8.05
 1.18  2.82  4.41  6.12  7.99  9.15 11.02 12.56 14.43 16.32 17.98 19.44 21.06 22.08 22.78 22.67 22.40 22.33 22.13 22.10 22.45 22.72 23.44 23.85
traj-107:
21.36 21.99 22.17 22.40 22.55 22.58 22.49 22.66 22.82 23.04 23.26 23.44 23.82 25.19 25.76 27.63 28.71 29.67 30.94 32.61 33.20 33.82 34.31 34.79
 1.67  3.50  4.99  6.78  8.15 10.15 11.29 12.29 14.22 15.83 17.13 18.25 19.86 20.71 20.86 20.60 19.91 19.35 18.60 18.83 17.01 15.17 13.78 12.44
traj-108:
23.78 23.54 22.04 20.66 18.70 17.24 15.85 14.29 12.67 11.15 10.32  9.12
 1.47  1.65  2.85  3.18  3.43  3.56  3.79  4.69  5.45  4.98  4.13  3.09
traj-109:
21.33 22.26 22.81 22.84 22.94 22.95 23.02 23.08 23.05 23.02 23.05 22.14 21.66 21.59 22.51 22.92 22.25 20.31 19.67 17.71 15.74 14.01 12.07 10.21  8.63  7.05
 1.16  2.72  3.74  5.39  6.80  7.65  9.10  9.68 11.68 12.99 14.56 16.34 16.84 18.71 20.36 22.17 22.74 22.91 22.67 22.34 22.48 22.38 22.42 22.42 22.84 23.28
traj-110:
23.72 22.69 21.94 21.75 22.11 22.83 23.28 23.31 23.23 23.25 23.27 23.31 23.32 23.86 24.49 26.25 27.42 28.42 29.26 30.47
 0.90  1.93  3.67  5.27  6.83  8.42 10.11 10.67 12.60 14.51 15.95 17.58 18.18 19.94 20.36 20.99 21.71 23.23 24.92 26.31
traj-111:
23.46 23.30 22.44 22.09 21.08 19.42 18.25 16.77 15.74 14.99 13.88 13.05 11.44  9.68  7.79  6.48  4.67  4.20
 1.87  2.49  4.27  4.47  4.32  3.74  3.76  3.81  4.47  5.13  5.97  6.56  7.12  6.87  6.60  6.57  6.70  6.36
traj-112:
23.29 23.22 23.11 22.97 22.93 22.83 22.73 22.30 22.04 21.45 21.72 22.22 22.99 23.55 23.79 22.71 22.51 20.74 20.15 18.40 17.29 15.36 13.96
 1.82  2.67  4.04  5.57  6.11  7.83  9.76 11.58 12.58 13.81 15.68 16.42 18.06 19.93 20.78 22.25 22.47 23.18 23.08 22.73 22.49 22.10 22.01
traj-113:
22.86 23.10 23.05 23.06 22.99 22.80 23.00 23.05 23.14 23.19 23.19 23.19 23.35 23.62 24.81 26.05 27.77 28.58 30.55
 0.56  2.50  4.13  5.50  6.99  8.32 10.15 11.74 13.54 14.71 16.36 17.13 18.99 19.68 20.93 21.48 20.94 20.64 20.34
traj-114:
22.12 21.07 19.11 18.82 17.66 15.91 14.77 13.50 12.71 11.66 11.60 12.69
 1.82  2.95  3.33  3.40  3.58  3.86  4.20  5.00  5.71  6.90  8.65  9.89
traj-115:
22.51 22.56 22.64 22.63 22.66 22.67 22.52 22.32 22.37 22.54 22.62 22.92 23.04 23.14 23.42 23.02 22.61 20.83 20.05 18.16 16.51 14.61 13.22 12.09 11.20
 1.79  3.28  4.23  5.53  6.42  7.64  8.64  9.84 10.70 12.09 13.12 14.95 16.56 18.26 20.09 22.04 22.48 23.06 23.03 22.84 22.79 22.20 21.22 20.54 20.15
traj-116:
21.12 21.76 22.21 22.33 22.58 22.73 22.83 22.94 23.10 23.22 23.29 23.74 24.41 25.95 27.27 29.21 31.12 31.81 32.63 32.82 33.08 33.44 34.00
 1.53  3.19  4.96  5.82  7.67  9.61 11.58 13.21 14.27 16.25 17.71 19.66 20.04 21.18 20.92 21.39 21.33 20.23 18.53 17.70 16.31 14.64 12.82
traj-117:
21.65 22.04 20.88 18.95 17.50 16.62 15.10 14.75 14.30
 0.98  2.67  3.60  3.57  3.70  3.79  4.77  6.05  7.22
traj-118:
23.14 23.02 23.26 23.14 22.80 22.71 22.31 22.20 22.00 22.24 22.77 23.39 23.81 22.45 21.52 20.28 19.04 18.18 16.26 15.21
 1.52  3.32  5.08  6.75  8.62  9.11 11.06 11.58 13.17 15.02 16.56 18.20 20.07 21.07 22.08 22.65 22.93 22.92 22.82 22.99
traj-119:
22.70 22.29 22.35 22.49 22.63 22.81 22.95 23.14 23.32 23.34 23.47 23.52 23.43 24.61 26.04 27.73 29.07 30.14 31.41 33.17
 1.74  2.90  3.98  5.65  7.13  8.69 10.20 11.93 13.84 14.13 16.10 17.21 19.17 20.03 20.61 21.30 21.72 22.09 22.70 23.39
traj-120:
23.62 22.95 21.90 20.47 18.73 16.95 15.99 14.94 13.44 11.65  9.74  8.94
 1.56  1.98  2.79  3.83  3.90  3.90  3.91  4.19  4.51  4.92  4.91  4.03
traj-121:
22.30 22.29 22.25 22.35 22.36 22.48 22.50 22.50 22.61 22.72 22.89 22.35 22.20 21.81 20.60 18.67 17.36 15.42 14.57 14.20 12.62 11.07
 0.57  1.25  2.80  4.37  6.12  7.93  9.80 11.49 13.26 14.70 16.53 17.76 19.65 21.44 22.61 22.46 22.28 22.04 21.82 21.91 22.31 22.60
traj-122:
23.06 23.05 22.97 22.85 22.65 22.53 22.16 22.05 21.72 21.18 21.03 21.02 21.07 21.14 21.25 22.46 24.37 25.54 27.01 28.09 28.11 28.11 28.11 28.12 28.18 28.49
 0.81  1.24  3.21  4.74  6.58  8.23  9.91 10.39 12.19 12.73 13.38 15.06 16.18 17.94 19.93 21.51 21.54 21.51 21.48 22.74 23.97 25.40 26.77 28.57 29.71 30.97
traj-123:
21.56 21.40 20.14 18.58 17.15 15.97 14.96 14.22 13.65 13.06 12.57
 0.85  2.65  3.60  3.69  3.63  3.60  4.75  5.78  6.67  7.52  9.16
traj-124:
21.90 21.93 21.92 22.02 22.04 22.35 22.63 22.90 22.60 22.59 22.94 22.99 23.05 23.59 23.16 21.50 21.00 19.44 17.69 16.00 14.62 12.76 12.55 10.64  9.30
 0.73  1.80  3.11  4.35  5.58  7.27  9.09 10.14 11.85 13.83 14.89 16.79 18.11 19.90 21.77 22.66 22.66 22.80 22.72 22.50 22.11 21.67 21.88 22.07 23.43
traj-125:
21.69 21.70 21.96 22.01 22.18 22.28 22.30 22.32 22.51 22.69 22.88 23.17 23.47 23.57 23.75 25.45 27.38 28.04 28.06 28.60 29.85 30.95 31.88 33.31 33.93
 1.98  2.28  4.09  4.83  6.59  8.38  9.59 10.64 11.59 12.05 13.48 15.08 16.83 18.73 19.86 20.79 21.18 21.42 23.38 24.20 25.46 26.55 27.39 28.65 29.22
traj-126:
23.35 22.16 21.21 19.51 17.77 16.91 15.15 13.48 11.70 11.41
 0.91  2.26  2.84  3.24  3.51  3.53  3.64  4.09  4.53  4.60
traj-127:
22.87 23.26 23.05 22.86 22.39 22.31 22.63 23.24 23.21 22.14 21.72 21.83 22.72 23.60 23.68 22.12 20.28 18.62 16.96 15.23 13.27 11.32 10.54  8.72  8.24  6.52  5.74
 0.61  2.29  4.27  5.31  7.10  9.05  9.87 11.51 13.41 14.60 15.27 17.21 18.68 19.97 21.61 22.66 22.79 22.56 22.44 22.22 22.10 21.88 22.17 22.94 23.20 24.06 24.51
traj-128:
23.62 23.18 23.04 23.01 22.83 22.91 23.23 23.45 23.55 23.58 23.52 23.31 23.86 25.29 27.03 28.62 29.16 29.32
 1.73  2.28  4.13  5.45  7.28  8.80 10.65 12.06 12.35 14.30 16.15 18.06 19.88 21.05 21.12 20.65 19.03 17.79
traj-129:
23.56 22.74 21.07 19.46 18.87 17.43 16.09 15.84 14.11 12.27 10.99  9.15  7.76  6.89  5.32  5.11
 1.54  1.88  2.75  3.41  3.53  3.77  3.96  4.12  4.69  5.37  5.80  6.50  5.96  5.79  5.08  4.86
traj-130:
23.04 22.61 22.58 22.85 23.07 23.37 22.88 22.50 21.65 21.76 22.18 22.99 23.33 22.56 20.96 18.99 17.30 15.60 14.16 13.08 12.35 12.86
 0.51  2.45  4.30  6.24  8.16  9.86 11.75 12.35 13.90 15.78 17.41 19.14 20.09 21.70 22.42 22.75 22.49 22.35 22.04 20.63 19.78 18.17
traj-131:
23.05 23.06 23.20 23.18 23.07 23.14 23.06 22.86 22.77 22.87 22.98 23.18 23.20 23.23 23.27 23.33 24.31 26.06 26.91 28.09 29.76 31.28 32.85 33.76
 1.10  1.40  3.14  4.26  6.14  7.21  9.06 10.46 11.05 12.52 13.39 15.12 15.42 17.32 18.41 19.46 20.37 20.90 21.01 21.19 21.03 21.16 20.06 20.20
traj-132:
23.00 22.40 20.74 19.28 17.52 16.34 15.39 14.77
 1.21  3.06  3.48  3.63  3.83  3.81  4.37  5.00
traj-133:
21.16 22.06 22.68 23.02 23.05 22.98 23.01 22.94 22.87 23.05 23.19 23.28 23.17 23.05 22.31 21.76 19.96 18.84 16.87 16.02 14.46 13.12 12.89
 1.36  2.69  3.71  4.56  6.27  7.99  8.87 10.67 11.47 13.33 14.48 16.44 17.83 19.19 20.77 22.62 22.87 22.99 22.93 22.57 22.01 20.84 20.33
traj-134:
22.24 22.22 22.11 22.57 22.73 22.75 22.71 22.66 22.63 22.73 22.81 23.07 23.25 23.48 24.89 26.55 28.21 29.53 30.84 31.68
 1.46  2.28  4.17  6.00  7.86  8.96 10.55 11.68 13.53 15.16 15.90 17.48 18.89 20.60 21.54 21.74 22.04 22.49 23.89 24.42
traj-135:
21.05 21.27 21.80 20.29 18.62 17.46 16.05 15.00 13.70 11.74  9.95  8.71  7.49  6.31  5.48
 0.83  1.40  3.05  3.76  3.63  3.69  3.89  4.39  5.01  5.08  5.76  6.13  6.06  6.00  5.86
traj-136:
21.81 22.11 22.30 22.57 22.80 22.96 23.02 23.19 23.35 23.23 23.02 22.75 22.51 21.91 21.55 20.21 19.42 17.48 15.79 13.93 13.25
 1.36  2.80  3.92  5.52  7.29  8.99  9.56 11.00 12.97 14.05 15.63 17.51 19.40 21.01 21.50 22.65 22.72 22.83 23.35 23.92 24.21
traj-137:
22.63 22.68 22.65 22.74 22.84 22.99 22.88 23.14 23.16 22.69 22.06 21.10 21.57 22.33 23.83 25.01 26.75 27.04 28.76 29.31 30.90 31.54 33.02 33.88
 1.46  2.71  4.55  6.40  7.94  9.30 11.20 12.91 14.59 15.98 16.47 17.77 19.14 20.56 21.68 21.59 21.31 21.26 20.93 20.82 20.04 19.61 18.32 17.42
traj-138:
23.27 22.35 20.98 19.67 18.51 17.66 15.69 14.31 12.97 11.55  9.81  9.23
 1.45  2.11  3.12  3.75  3.81  3.86  3.99  5.07  6.24  7.46  6.90  5.79
traj-139:
22.51 22.73 23.07 23.02 23.03 22.79 22.34 23.00 23.42 23.37 23.31 23.24 23.10 22.52 20.97 20.51 18.76 18.47 16.88 16.32 14.47 13.67
 1.33  2.79  4.36  5.95  7.63  9.54 11.25 13.01 14.87 15.71 17.34 18.45 19.89 21.27 22.20 22.39 23.04 23.11 23.72 23.86 24.54 24.92
traj-140:
23.28 23.02 22.86 22.88 22.86 22.89 22.97 23.13 23.17 22.57 22.45 22.25 22.47 23.13 24.18 25.69 26.27 28.02 28.77 30.42 30.17 29.90 29.65 29.42
 1.45  2.55  4.26  5.26  6.76  7.80  9.47 11.43 12.83 14.31 15.00 16.91 17.45 19.07 20.41 20.77 20.81 20.28 19.85 19.47 18.16 16.30 14.55 12.87
traj-141:
21.54 21.72 21.78 20.99 19.06 18.76 17.03 16.73 15.89 15.34 15.07 14.99 13.44 11.96 10.09  8.75  7.28  5.49  5.22
 0.41  1.54  3.41  3.77  3.38  3.44  3.46  3.52  4.46  5.96  7.90  9.05 10.16 10.06  9.47  8.95  8.36  7.54  7.41
traj-142:
22.65 23.01 22.95 22.77 22.66 22.44 22.71 23.10 23.29 23.48 23.64 23.85 23.90 23.85 23.00 21.57 19.99 18.28 16.45 15.49
 0.90  2.03  4.00  5.12  6.13  8.05  9.41 11.32 12.18 13.34 14.71 16.55 17.97 19.72 21.51 22.62 22.77 23.12 23.66 24.34
traj-143:
22.50 22.58 22.59 22.62 22.68 22.51 22.21 21.66 21.61 21.51 21.47 21.54 22.00 22.54 23.47 23.60 24.88 25.46 27.44 28.08 28.13 28.77 29.42 30.70
 1.57  2.32  3.89  4.88  5.90  7.78  8.45 10.34 11.78 12.67 14.37 16.25 17.22 18.46 20.19 20.46 21.40 21.35 21.54 22.67 23.54 25.17 26.27 27.53
traj-144:
21.83 21.35 19.67 17.92 16.75 15.11 13.24 11.54 10.15  8.75  7.40  6.06
 1.37  2.41  3.20  3.48  3.60  3.70  4.32  5.25  6.42  7.17  6.82  6.47
traj-145:
23.64 23.54 23.47 23.38 23.37 23.39 23.12 23.04 22.50 22.13 21.44 21.95 22.46 23.17 23.29 22.59 21.87 20.77 19.43 17.59 17.30 15.71 14.34 14.05 12.34 10.83  9.22  8.97
 1.23  2.39  3.23  4.39  6.29  7.43  9.30  9.83 11.64 12.46 14.33 15.67 16.35 18.22 18.50 20.25 21.28 22.81 22.94 22.80 22.82 21.88 20.63 20.70 21.43 22.29 23.10 23.28
traj-146:
23.64 22.65 21.97 22.11 22.42 22.76 23.36 23.18 22.39 21.87 21.93 22.71 22.75 22.22 24.00 25.91 27.54 28.50 29.17 30.18 30.70
 1.16  2.42  4.00  5.88  7.61  8.58 10.19 12.13 13.83 15.25 17.23 18.55 19.08 20.88 21.15 21.40 21.62 23.17 24.96 26.59 27.31
traj-147:
21.14 21.30 20.89 19.09 18.20 16.42 15.13 15.29 14.02 13.31 12.00 10.11  9.14  7.65  6.21
 0.45  2.12  3.92  3.52  3.61  3.82  5.33  6.95  8.35  8.30  8.15  7.98  8.05  8.11  8.12
traj-148:
21.24 21.82 22.26 22.55 22.63 22.73 22.67 22.53 22.42 21.43 21.40 21.74 22.94 23.58 23.04 21.39 20.72 19.07 17.61 16.26 14.61 13.89
 0.60  2.43  4.14  5.48  7.27  8.74  9.92 11.87 12.15 13.62 15.48 15.98 17.54 19.36 21.10 22.12 22.43 22.94 22.69 22.77 23.50 23.71
traj-149:
23.70 22.18 21.13 21.37 21.51 21.48 21.52 21.57 21.52 22.17 22.69 23.12 23.29 23.43 24.97 25.86 27.60 28.44 28.33
 1.43  2.12  3.81  5.38  7.36  9.01 10.51 12.16 13.54 14.89 16.53 18.10 19.03 20.95 21.78 21.82 21.67 21.02 19.53
traj-150:
22.17 21.18 21.00 19.34 17.62 16.45 15.70 14.67 13.64 11.77 10.11  8.78
 1.93  2.40  2.65  3.24  3.36  3.28  4.75  6.17  6.94  7.39  7.71  7.97
traj-151:
22.01 22.16 22.38 22.42 22.73 22.87 22.92 23.03 23.08 23.10 23.11 22.99 23.85 23.75 22.37 20.52 18.99 18.40 16.95 15.05 13.34 11.36 10.05
 1.28  3.07  4.31  5.83  7.55  9.47 10.79 12.16 13.96 15.94 16.77 18.66 19.87 21.79 22.55 22.48 22.45 22.42 22.30 22.49 22.56 22.35 22.14
traj-152:
22.17 22.47 22.62 22.54 22.69 22.90 22.97 22.31 22.10 21.47 22.04 22.61 23.27 23.92 25.57 26.46 28.24 28.08 28.13 28.32 28.69 30.14
 1.95  3.32  4.73  5.46  7.17  9.02 10.81 12.64 13.12 14.79 16.46 18.00 19.67 20.82 21.62 21.68 22.40 24.37 25.65 27.14 28.87 29.72
traj-153:
23.79 23.39 21.94 20.64 18.93 17.46 16.43 14.79 13.01 11.46
 0.88  1.23  2.57  3.20  3.50  3.70  3.86  4.45  5.09  5.80
traj-154:
21.31 21.61 21.79 22.05 22.41 22.79 23.25 23.37 23.27 23.19 23.27 23.35 23.23 23.26 22.98 21.11 19.47 17.64 15.95 14.83 13.03 11.44  9.80  7.88  5.95
 1.31  3.18  4.04  5.18  6.78  8.60 10.29 11.13 12.44 14.31 16.25 17.65 18.73 20.00 21.92 22.52 22.89 22.86 22.29 22.14 21.92 23.12 24.03 24.38 24.81
traj-155:
23.13 22.51 22.59 22.66 22.84 22.83 22.99 23.22 23.34 23.23 23.13 23.13 23.17 23.22 23.70 24.76 26.55 27.73 29.47 30.67 32.34 33.46
 0.90  2.34  3.16  4.89  6.38  8.35  9.16 10.32 12.17 13.26 15.05 16.26 17.25 18.61 19.59 20.45 20.29 20.09 19.63 19.34 18.54 18.12
traj-156:
23.05 21.98 20.53 19.34 18.46 16.76 15.36 13.59 12.11 10.97  9.94  8.38
 1.63  2.83  3.65  3.78  3.81  3.78  4.53  4.86  5.36  5.45  5.52  5.51
traj-157:
23.30 22.89 22.62 22.28 22.30 22.45 22.28 21.47 21.20 21.84 22.71 23.27 23.49 23.71 22.35 20.48 18.57 17.73 16.19 14.66 14.11 12.56 10.61  9.17  7.41  6.53  4.76
 1.84  3.65  4.61  6.40  7.61  9.56 10.88 12.52 14.35 15.93 17.61 18.96 19.52 21.32 22.73 22.91 22.64 22.44 22.06 21.21 21.01 20.58 20.45 21.53 22.43 23.01 23.68
traj-158:
22.40 22.29 22.28 22.37 22.40 22.50 22.56 22.85 23.37 23.56 23.52 23.10 22.16 21.94 22.43 24.23 25.42 27.20 28.08 28.42 28.95 29.14 28.62
 1.32  2.97  4.73  6.53  7.31  8.63  9.90 11.80 13.15 14.59 16.23 17.82 18.88 19.09 20.88 21.69 21.76 21.63 23.26 23.97 25.64 26.67 28.54
traj-159:
23.22 23.00 21.63 21.01 19.18 18.30 16.55 15.32 14.75 13.32 11.67 10.55  8.76  7.09
 0.49  0.69  2.00  2.60  3.36  3.48  3.53  4.22  4.49  4.63  4.61  5.19  6.01  6.46
traj-160:
22.53 22.38 22.56 22.65 22.99 23.08 23.22 23.35 23.26 23.41 23.73 23.76 23.83 23.75 23.05 22.36 20.61 18.70 17.87 16.21 14.37
 0.91  1.41  3.22  4.53  6.32  7.92  9.50 10.38 12.33 14.20 15.96 16.26 18.21 19.33 20.88 22.39 23.01 23.24 22.97 22.43 21.72
traj-161:
22.99 22.66 22.29 21.77 22.46 21.96 21.86 22.09 22.15 22.56 22.56 22.57 22.78 22.91 22.94 22.96 24.41 25.47 27.29 28.51 30.06 31.73 33.59 33.89 34.05
 0.46  1.14  2.36  4.01  4.82  6.65  6.93  8.70  9.84 11.48 12.03 13.78 14.94 16.30 17.57 18.76 20.04 20.11 20.07 19.91 19.58 19.61 19.44 19.41 19.16
traj-162:
21.65 21.36 21.35 19.54 18.39 16.92 15.59 13.95
 1.91  1.97  3.58  3.26  3.28  3.21  3.40  3.24
traj-163:
22.08 21.49 21.69 22.04 22.46 22.59 23.06 23.05 22.99 22.97 22.74 22.63 22.85 21.93 21.30 19.59 18.09 17.39 15.60 13.95 13.38 12.07 10.98
 0.54  2.21  4.18  5.62  7.43  8.43 10.05 10.93 12.80 14.48 16.24 18.13 19.54 21.29 21.87 22.24 22.39 22.44 22.61 23.20 23.56 23.97 24.20
traj-164:
22.88 22.40 22.44 22.41 22.22 22.28 22.22 22.32 22.46 22.75 23.08 23.01 22.87 23.01 24.74 25.87 27.23 28.64 29.56
 0.72  2.42  2.85  4.61  6.14  7.96  9.31 10.38 11.67 13.48 15.43 16.26 17.61 19.44 20.44 20.47 20.60 21.05 21.36
traj-165:
22.01 21.22 21.05 19.17 17.42 15.96 15.19 14.06 13.08 12.71
 0.68  1.45  3.13  3.62  3.72  3.72  5.43  6.98  8.20  8.67
traj-166:
21.87 21.88 22.32 22.56 22.75 22.74 22.67 22.71 22.74 23.33 23.33 23.31 23.21 23.30 22.63 21.02 19.79 17.89 16.11 14.81
 0.99  1.29  3.21  4.84  5.83  7.72  8.23  9.92 10.68 12.56 14.52 15.36 17.27 19.19 21.07 22.23 22.35 22.37 22.41 21.73
traj-167:
21.79 21.93 22.21 22.29 22.55 22.64 22.92 23.12 23.35 23.48 23.40 23.27 23.07 22.89 24.80 25.97 27.69 28.45 28.76 28.72 29.02 29.09 28.83
 0.78  2.07  3.09  4.68  6.39  7.73  9.59 11.09 13.04 14.19 15.54 16.38 18.00 19.54 20.09 20.24 20.08 18.41 16.55 15.99 14.19 12.98 11.29
traj-168:
23.12 22.63 21.88 21.83 20.02 18.88 17.15 16.85 15.90 15.57 14.52 13.20 11.33  9.51
 0.64  0.86  2.55  2.84  3.47  3.33  3.49  3.53  5.08  7.05  8.13  8.40  8.60  8.76
traj-169:
22.99 23.03 23.07 23.09 23.07 23.07 23.04 22.95 22.73 22.78 22.95 23.10 23.10 22.34 21.48 20.00 18.59 17.00 15.04 13.39 12.16 11.26  9.60  8.15  7.21  6.15  5.28
 1.93  2.67  4.30  6.17  7.31  9.19 11.19 12.02 13.92 15.64 17.24 18.52 19.38 20.98 22.20 22.89 22.88 22.68 22.87 22.30 20.94 19.55 19.99 20.67 21.73 22.91 23.73
traj-170:
23.23 23.16 23.15 23.04 22.85 22.78 22.89 22.82 22.86 22.86 23.02 23.16 23.28 23.42 23.65 25.16 25.71 27.52 28.79 30.16 31.66 33.37 33.66 34.14
 0.70  1.78  3.33  4.93  6.92  8.32 10.16 12.06 13.14 14.47 15.93 16.50 16.77 17.49 19.26 20.04 20.33 20.93 21.75 22.59 23.31 23.44 23.50 22.94
traj-171:
21.52 21.77 20.33 18.61 16.73 16.54 14.72 13.45 12.37 10.66  9.23  7.82
 0.80  2.47  3.39  3.68  3.86  3.87  3.97  4.09  4.32  4.09  3.91  3.25
traj-172:
23.70 23.50 23.07 22.62 22.14 22.32 22.49 22.60 22.93 23.02 23.07 23.17 23.27 23.79 23.31 21.47 20.95 19.09 17.39 15.71 14.65 13.72 12.26 11.68
 1.21  1.88  3.16  4.71  6.48  8.30  9.42 11.10 12.70 14.32 15.34 17.05 18.58 20.22 22.13 22.83 22.85 22.78 22.52 21.51 19.98 18.84 18.34 18.31
traj-173:
23.39 23.24 23.03 22.81 22.84 22.97 23.14 23.25 23.34 23.32 23.32 23.57 24.06 25.91 27.61 28.19 29.92 31.27 31.05 30.83 30.63 30.72 30.92
 1.97  3.59  5.28  6.66  8.54  9.10 11.03 12.08 13.83 15.78 17.47 19.35 20.22 20.94 20.56 20.40 19.84 19.25 17.83 16.10 14.31 12.92 12.23
traj-174:
23.62 22.93 21.89 20.37 20.07 18.28 16.56 16.02 14.71
 0.70  1.43  2.58  3.75  3.77  3.92  3.95  3.97  4.38
traj-175:
23.66 23.32 23.22 22.86 22.59 22.74 22.85 23.02 22.22 21.44 21.17 21.43 22.57 23.70 23.91 22.70 21.94 20.11 18.96 17.02 15.64 14.56 12.94 11.09  9.93  8.23  6.35  5.14
 1.86  3.49  4.00  5.62  7.48  9.15 11.11 12.20 13.51 14.55 15.74 16.84 18.38 19.74 21.47 21.81 21.95 22.47 22.54 22.39 21.53 20.19 19.28 19.27 19.29 19.48 19.96 20.27
traj-176:
22.59 22.81 23.15 23.18 23.27 23.36 23.31 23.14 23.05 23.08 23.23 23.36 23.41 24.74 25.95 27.67 29.25 29.40 28.97 28.87
 0.70  1.87  3.52  5.42  6.55  8.46  9.61 11.50 13.21 15.05 16.95 18.59 19.17 20.46 20.96 21.59 20.37 19.18 17.38 16.10
traj-177:
21.06 22.05 20.52 18.60 17.74 16.59 15.06 14.19 12.88 12.44 10.64 10.34
 1.98  3.27  3.59  3.56  3.54  3.57  4.42  5.16  6.58  6.81  7.62  7.56
traj-178:
23.33 22.55 22.83 22.27 21.66 21.50 21.80 21.83 22.07 21.69 21.64 21.78 21.75 21.90 21.86 20.11 19.81 17.87 16.52 15.79 14.71 14.20
 1.38  2.67  3.85  4.96  6.18  8.05  9.72 10.31 12.14 13.68 14.71 16.16 18.10 19.56 21.26 22.03 22.00 22.22 22.02 21.47 20.64 20.30
traj-179:
21.97 22.00 21.96 22.35 22.59 23.06 23.05 22.98 22.89 22.95 23.10 23.23 23.33 24.04 25.53 27.43 28.13 29.20 30.80 31.14 31.68 31.98 32.33 32.64
 0.45  1.95  3.59  5.38  5.98  7.77  9.69 10.82 12.38 13.70 15.11 17.03 18.68 20.16 20.76 20.48 20.04 19.36 18.30 17.13 15.79 14.99 13.49 12.25
traj-180:
21.44 21.09 21.20 19.29 17.84 16.10 14.90 14.46 14.03
 1.69  2.41  3.72  3.61  3.73  3.91  5.48  7.16  8.08
traj-181:
22.62 22.74 22.93 23.09 23.10 22.95 23.11 23.24 23.36 23.32 23.36 23.31 23.35 22.56 20.70 20.13 18.32 17.03 15.49 14.60 12.78 11.29 10.06
 1.79  3.14  4.40  5.54  7.46  9.37 10.43 11.49 13.20 14.90 16.85 18.48 19.54 21.36 22.02 22.05 22.20 22.18 22.31 22.30 22.19 22.23 22.24
traj-182:
23.45 23.36 23.11 23.10 22.81 22.63 22.64 22.69 22.79 22.72 22.79 22.94 23.11 23.68 24.84 26.69 27.70 29.48 30.33 30.64 30.79
 0.61  1.65  2.79  4.29  6.09  7.98  8.85 10.69 12.68 14.30 14.80 16.52 18.06 19.34 20.75 21.12 21.30 21.47 19.93 18.59 17.92
traj-183:
23.68 23.04 21.48 21.20 19.54 18.70 16.95 15.51 14.97 13.68 12.05 10.93  9.31  8.68  7.82
 1.00  1.86  2.91  3.01  3.58  3.78  3.86  4.87  5.52  6.59  6.51  6.49  5.69  4.75  3.26
traj-184:
21.25 21.93 22.45 22.65 22.71 22.45 22.23 22.05 21.78 21.77 21.91 21.97 21.92 22.28 22.27 22.65 22.37 20.68 19.57 18.16 16.98 15.44 14.92
 0.50  1.59  2.51  4.18  6.08  7.87  9.44 10.47 11.50 12.76 14.43 15.61 17.17 19.04 19.91 21.37 22.32 22.57 22.65 22.69 22.78 23.88 24.17
traj-185:
22.24 22.74 22.86 23.06 23.03 22.96 22.80 22.64 22.51 21.63 21.13 21.27 21.31 22.23 22.40 24.14 25.60 27.30 28.06 28.17 28.41 28.65 28.80 29.17 29.49 29.64 30.37 30.51
 1.99  3.37  3.96  5.67  7.62  9.52 11.50 12.88 14.31 15.96 16.26 18.21 18.99 20.56 20.80 21.67 21.68 21.87 23.24 24.33 25.54 27.21 27.94 29.44 30.97 31.80 33.47 33.74
traj-186:
22.36 21.25 20.86 19.47 18.88 17.13 16.83 15.78 15.35
 1.66  2.23  2.68  3.29  3.35  3.48  3.51  4.71  5.42
traj-187:
22.15 22.08 22.31 22.39 22.42 22.52 22.61 22.60 22.46 22.49 22.56 22.56 22.68 22.51 22.69 23.93 23.39 21.99 20.11 18.51 17.22 16.28 14.63 12.81 11.52  9.67  7.77  6.07  4.55
 0.47  2.32  4.14  5.25  6.90  7.39  9.14  9.58 11.27 12.90 14.26 14.26 16.19 17.19 19.13 20.26 22.07 22.73 22.79 22.60 22.33 22.03 21.20 21.19 21.36 21.61 22.05 22.61 22.98
traj-188:
21.68 21.76 21.95 22.58 22.89 22.93 22.74 22.62 22.97 23.14 23.14 23.15 23.02 24.32 25.15 26.82 27.01 28.03 29.13 29.16 29.17 29.10 29.05 29.23 30.63 31.55
 1.41  2.54  4.51  6.28  7.35  8.73  9.46 11.27 12.64 14.42 16.14 17.37 19.26 20.10 20.21 20.97 21.20 22.89 24.34 26.27 26.94 28.66 29.55 31.42 32.46 32.98
traj-189:
22.15 22.18 21.50 19.78 18.34 16.89 15.49 14.38 13.18 12.11
 0.90  2.22  3.83  3.33  3.52  3.61  4.56  5.81  7.00  8.05
traj-190:
22.20 22.36 22.59 22.67 22.89 23.01 23.09 23.20 23.18 23.23 23.41 23.41 23.51 22.79 21.32 20.27 18.70 18.10 16.30 14.75 13.47 11.56 10.18
 1.50  2.82  4.24  5.85  7.08  8.73 10.63 12.07 12.65 14.56 16.26 16.56 18.29 20.12 21.44 22.39 22.33 22.32 22.22 21.35 20.81 20.90 20.51
traj-191:
22.78 22.99 23.28 23.21 23.12 23.16 22.67 22.56 23.00 23.00 23.05 23.03 23.47 24.97 25.27 27.22 28.82 30.79 32.16
 1.11  1.67  3.38  4.75  6.07  7.18  9.10 10.55 12.40 14.10 15.88 17.86 19.73 21.03 21.04 20.94 20.50 20.47 20.69
traj-192:
21.23 21.21 20.02 18.55 16.77 15.12 14.96 14.44 12.72 11.53
 1.46  3.00  3.93  3.93  3.90  4.84  5.10  5.30  4.42  3.95
traj-193:
21.14 21.66 22.15 22.57 22.90 22.81 22.24 22.11 22.55 23.00 23.21 23.21 23.23 22.21 21.11 19.32 18.74 17.07 15.91 14.80 12.83 11.08 10.21  9.03  7.09  6.50  4.80
 1.81  3.36  4.71  5.83  7.28  8.35 10.15 11.48 13.02 14.71 16.69 18.32 19.17 20.84 22.12 22.96 23.06 23.39 23.59 23.84 23.96 24.05 24.03 24.00 24.19 24.31 24.50
traj-194:
22.35 22.73 23.05 23.10 22.98 22.97 22.86 22.62 22.49 21.46 21.30 21.17 21.44 22.30 23.05 24.49 25.68 27.12 28.79
 0.48  2.38  4.02  5.18  6.59  8.54 10.42 12.13 13.76 14.77 16.21 17.47 19.45 20.92 21.24 21.56 21.52 21.63 22.51
traj-195:
21.19 21.49 20.18 18.44 17.85 16.09 15.03 13.85 13.73 12.12 11.52 10.12  8.53  7.37  5.68
 0.59  2.28  3.28  3.39  3.43  3.63  4.22  5.70  5.98  6.82  7.56  8.33  8.64  7.88  7.07
traj-196:
22.58 22.68 22.80 23.09 23.08 23.09 23.11 23.18 23.28 23.40 23.46 23.62 23.67 23.84 22.89 21.81 20.72 18.75 16.84 14.95 13.06 11.66 10.03  8.16  6.71
 1.01  2.16  3.80  5.75  7.14  8.23  9.78 10.93 12.27 14.14 15.23 16.95 17.78 19.41 21.10 21.74 22.17 22.40 22.38 22.28 22.54 22.59 21.79 21.44 21.38
traj-197:
22.66 22.50 22.23 22.12 21.88 22.02 22.39 22.37 22.20 21.81 22.07 22.31 22.61 23.88 23.78 24.50 26.34 27.58 29.01 30.75 31.64 31.64 31.89
 0.61  2.40  3.48  5.26  7.06  8.82 10.62 11.79 13.72 14.36 16.09 16.70 18.45 19.98 20.26 20.52 20.63 20.24 19.55 19.22 20.93 21.23 23.11
traj-198:
22.11 21.15 20.99 19.47 17.73 16.87 15.85 15.83 14.68 13.79 12.82 11.36  9.75  7.86  6.15  4.47
 0.56  2.23  2.49  3.12  3.27  3.34  5.04  5.90  7.15  7.72  8.35  9.01  9.01  9.35  9.61 10.08
traj-199:
23.47 23.24 23.08 22.92 22.82 22.82 22.72 22.58 22.51 22.71 23.06 23.01 22.44 21.31 19.49 17.62 15.66 14.28 13.22 11.63
 1.82  3.74  5.08  6.77  8.65 10.47 12.45 14.31 15.53 16.82 18.23 20.04 20.66 21.76 22.53 22.53 22.67 23.03 23.15 23.39
traj-200:
22.15 22.28 22.47 23.16 23.04 23.01 22.81 22.75 22.81 23.08 22.73 22.40 21.85 22.30 22.92 23.91 25.24 26.39 28.02 29.55 30.86
 0.46  1.61  3.52  5.34  6.61  7.36  8.43 10.34 11.04 12.43 14.06 14.91 16.74 18.05 18.94 20.06 20.34 20.22 19.44 18.40 17.44
traj-201:
21.19 21.27 20.04 19.74 17.99 16.58 15.90 14.65 12.78 12.51
 1.84  2.13  3.31  3.35  3.61  3.84  4.34  5.28  5.59  5.71
traj-202:
21.24 22.99 23.42 23.61 23.38 23.19 23.00 22.49 22.05 21.88 22.31 22.66 22.17 21.36 22.14 23.09 21.27 19.35 17.54 16.48 14.94 14.02 12.71 11.35 10.51  9.41
 0.85  1.69  2.55  4.29  5.70  7.30  8.95 10.63 12.37 12.97 13.69 15.46 16.90 18.53 20.09 21.80 22.27 22.42 22.63 22.26 21.40 20.68 19.40 19.02 18.75 18.46
traj-203:
23.23 23.22 23.07 23.14 23.08 23.02 22.88 22.78 22.71 22.61 22.59 22.95 22.95 23.00 23.47 25.21 26.67 28.27 30.02 30.65 30.88 31.43 32.84
 1.58  2.40  4.13  4.42  6.39  7.49  9.36 10.88 12.38 13.28 15.03 16.82 17.88 19.48 20.38 20.53 20.29 19.90 19.21 17.52 16.91 15.54 15.36
traj-204:
23.76 23.51 21.94 21.24 19.53 18.06 17.21 15.74 14.01 12.74 11.45  9.53  8.20
 1.65  2.49  3.45  3.55  3.71  3.76  3.79  3.88  4.46  4.75  5.02  5.32  4.53
traj-205:
22.07 22.35 22.53 22.68 23.04 23.00 23.00 23.03 23.05 22.17 21.82 22.49 22.94 21.89 21.34 21.26 20.49 19.05 17.30 15.65 13.95 13.69
 1.92  3.14  4.92  5.89  7.24  9.14  9.96 11.62 12.20 13.75 15.71 16.98 18.14 19.78 20.01 21.98 22.20 22.68 22.83 23.01 23.45 23.60
traj-206:
22.10 22.11 22.11 22.20 22.22 22.39 22.68 22.80 23.04 23.24 23.35 23.32 22.76 23.29 25.01 26.82 27.60 29.06 30.11 31.57
 1.35  1.65  3.49  4.19  5.83  7.59  9.47 10.75 12.71 14.09 15.83 17.69 19.50 20.23 21.02 20.43 20.09 19.39 18.98 19.55
traj-207:
23.02 23.64 23.66 23.70 22.98 21.48 21.00 19.11 17.80 16.65 14.84 13.97 12.16 11.96 10.01  8.88  8.05
 1.00  1.49  2.36  3.82  5.32  4.18  3.84  3.63  3.72  3.77  4.60  4.21  4.67  4.90  4.72  4.15  3.79
traj-208:
23.45 23.03 21.78 22.14 22.46 22.50 22.80 22.87 22.96 23.03 23.09 23.07 23.12 23.41 23.64 23.44 21.78 21.27 19.45 18.68 17.14 15.40 13.95 12.11
 0.41  0.71  1.91  3.78  5.12  6.96  8.89  9.93 11.75 13.48 14.36 15.53 17.49 19.04 19.23 21.06 22.09 22.39 22.92 22.86 22.77 22.69 22.47 22.26
traj-209:
23.30 23.24 23.46 23.51 23.48 23.37 23.28 23.09 22.97 22.85 22.81 22.61 22.43 21.84 22.89 24.40 25.66 27.39 27.89 29.50
 1.34  2.62  3.77  4.06  6.05  7.21  8.56 10.25 11.35 13.22 13.67 15.22 15.65 17.47 19.07 20.10 20.17 20.12 20.11 20.06
traj-210:
22.73 21.75 21.12 19.97 18.50 16.60 15.88 15.51 14.60 12.86 11.90 10.38
 1.48  2.30  2.78  3.30  3.54  3.85  4.27  4.69  5.85  5.47  5.28  4.94
traj-211:
22.03 21.92 22.24 22.44 22.92 23.18 23.33 23.28 23.27 23.27 23.26 23.26 23.38 23.45 23.18 21.54 19.72 18.08 17.21 15.22 14.96 13.94 12.39 11.39 10.49
 0.76  2.45  4.26  5.54  6.96  8.08 10.04 11.14 13.07 14.50 16.38 17.53 19.37 21.20 22.09 22.65 22.88 22.86 22.96 23.01 22.86 22.29 21.47 19.96 19.41
traj-212:
21.91 22.80 23.12 23.48 23.63 23.68 23.70 23.58 23.41 23.42 23.31 23.26 23.20 24.81 25.90 26.78 27.91 28.52 28.48 28.66 28.96 28.97 29.00
 1.28  2.94  4.04  5.97  7.64  9.10 10.86 12.81 14.80 15.10 16.98 18.08 19.15 20.11 20.14 20.73 20.93 22.80 24.22 26.18 28.01 29.29 31.05
traj-213:
22.15 21.69 20.44 18.75 17.00 16.43 14.68
 1.20  2.46  3.42  3.58  3.61  3.59  3.50
traj-214:
21.19 21.35 21.59 21.76 22.16 22.56 22.86 23.24 23.21 23.08 23.02 22.80 22.72 23.06 23.73 23.62 22.07 20.93 19.80 18.67 16.70 14.82 13.04 11.29  9.39  7.66  6.95  5.26  4.42
 1.17  2.05  3.43  4.36  5.98  7.66  9.08 10.72 12.61 14.47 14.99 16.79 17.20 18.22 19.87 21.81 22.85 22.91 22.92 22.93 22.82 22.97 23.14 23.31 23.61 23.96 24.15 24.56 24.75
traj-215:
22.54 22.93 23.28 23.42 23.29 23.30 23.18 23.10 22.67 22.98 23.07 23.20 23.21 24.80 26.16 27.88 28.26 29.81 30.72 32.03 32.42 33.70 34.37
 1.69  3.51  4.95  6.42  8.27  8.82 10.63 11.92 13.78 15.10 17.00 18.91 19.15 20.08 20.34 20.78 21.20 22.34 22.65 23.79 24.11 25.23 26.79
traj-216:
21.83 22.04 21.48 19.80 18.10 16.64 15.42 14.99 14.14 12.42 10.62  8.72  7.16  6.68
 1.82  2.39  3.16  3.57  3.65  3.86  5.16  5.57  6.18  6.09  6.17  6.11  5.43  5.22
traj-217:
23.66 23.46 23.23 23.05 22.91 22.80 22.91 23.11 23.25 23.14 23.00 22.93 22.73 22.06 21.84 22.15 21.66 20.41 19.29 17.96 16.86 15.73 14.38 12.96
 0.61  1.14  3.12  5.03  6.12  7.32  8.30  9.66 11.40 12.20 13.58 14.51 15.77 17.25 19.18 19.69 21.53 22.94 22.90 22.66 22.43 22.16 21.79 21.67
traj-218:
21.46 21.96 22.41 22.88 22.79 22.81 23.06 23.18 23.08 23.10 23.22 23.25 23.89 24.88 26.03 27.76 29.59 29.94 30.48 31.54 32.57 32.90
 0.72  2.51  4.33  5.83  7.69  8.86 10.75 12.08 13.15 14.83 16.64 18.10 19.39 20.24 20.27 20.34 21.13 22.64 24.00 25.69 27.40 27.81
traj-219:
21.94 20.50 19.03 17.85 16.06 14.80 13.75 12.99 11.66 10.61  9.27  7.53
 1.92  3.14  3.31  3.46  3.89  5.33  6.82  8.53  9.98 10.05 10.15 10.11
traj-220:
22.25 22.32 22.50 22.87 23.10 23.31 23.12 22.56 22.18 22.70 23.09 23.08 23.74 24.46 24.14 22.24 21.39 20.14 18.18 16.40 15.00
 1.26  1.63  3.25  5.19  7.13  7.99  9.94 11.68 13.63 15.28 17.18 18.62 20.40 20.90 21.43 22.03 22.28 22.54 22.48 22.49 22.24
traj-221:
22.77 22.65 22.22 22.25 22.55 22.62 22.71 22.73 23.05 23.16 23.28 23.58 23.87 23.68 25.59 26.18 27.78
 1.69  2.71  4.51  5.85  7.75  8.96 10.67 11.49 13.09 14.62 16.08 17.77 19.19 21.10 21.30 21.37 21.45
traj-222:
22.67 22.02 21.32 19.40 17.94 16.78 15.63 15.36 13.86 13.36 11.71 10.86  9.00  7.89  6.04
 1.86  2.62  3.64  3.81  3.82  3.85  4.51  5.02  5.85  6.08  7.08  7.28  7.87  7.52  6.99
traj-223:
23.02 22.79 22.40 22.47 22.53 22.69 22.66 22.76 22.61 22.43 22.71 23.27 23.30 23.44 23.44 23.28 22.33 21.09 19.64 18.52 17.62 15.74 14.61 13.42 12.95 11.40 11.27
 1.05  1.51  3.24  3.91  5.36  6.66  7.37  8.84 10.20 12.12 12.82 14.01 15.11 16.82 17.12 19.07 20.82 21.62 22.29 22.56 22.64 23.05 22.73 21.47 20.99 19.98 19.71
traj-224:
21.19 21.54 21.78 21.92 22.40 22.65 22.49 22.80 22.91 23.12 23.26 23.35 23.45 25.10 26.43 28.38 29.99 30.93 32.61
 1.26  2.85  3.91  5.15  6.90  8.69 10.64 11.94 13.52 14.86 16.38 17.56 19.04 20.13 20.30 20.48 21.00 21.27 21.48
traj-225:
21.90 22.42 22.49 20.86 19.12 17.39 15.63 15.05 13.11
 0.68  2.36  3.43  3.85  3.12  3.34  3.42  3.56  3.39
traj-226:
21.75 21.76 22.00 22.09 22.30 22.48 22.53 22.66 22.92 22.93 23.01 23.07 22.79 23.13 23.23 22.07 20.78 20.19 18.49 17.08 15.62 13.91 12.80 11.93
 0.78  2.62  3.78  5.67  6.87  8.13  8.89 10.42 11.97 13.38 14.74 15.48 17.23 18.51 20.37 22.00 23.24 23.34 23.61 23.75 23.91 24.31 24.50 24.61
traj-227:
22.61 22.86 22.88 23.10 22.88 22.79 22.77 22.77 23.20 23.29 23.36 23.61 23.75 25.34 26.33 28.09 28.94 29.66
 0.49  2.39  2.49  4.42  6.33  8.25  9.86 10.87 12.82 14.45 16.32 18.29 19.75 20.78 20.66 20.48 19.71 19.06
traj-228:
22.30 22.19 20.98 19.36 17.90 16.73 15.71 15.24 14.70 13.65
 1.01  2.12  3.24  3.51  3.65  3.86  5.57  6.61  7.90  8.67
traj-229:
21.52 22.05 22.40 22.99 22.95 22.76 22.86 23.22 23.13 23.02 23.09 23.08 23.10 22.45 21.05 20.18 19.01 17.23 15.66 14.22 13.56 12.06 11.03
 1.71  3.26  4.24  6.15  8.04  9.78 10.34 12.02 13.10 14.80 16.72 18.08 19.19 20.92 21.67 22.08 22.65 22.91 22.19 21.49 20.93 21.29 22.31
traj-230:
21.65 22.38 22.74 22.99 23.02 23.04 23.01 22.99 23.00 23.04 23.12 23.15 23.26 23.30 23.32 23.40 24.29 25.80 27.16 28.78 29.80 31.17 31.22 31.50 31.76 31.85
 0.77  1.80  3.13  4.81  5.11  6.83  8.16  9.83 11.56 12.13 13.56 14.14 15.79 17.40 19.07 20.91 21.42 21.28 20.85 19.82 19.01 17.78 17.35 15.68 13.88 13.00
traj-231:
21.64 22.24 21.64 19.89 19.00 17.28 16.26 14.94
 0.55  2.37  4.01  3.51  3.67  3.65  3.72  4.14
traj-232:
21.34 21.76 22.04 22.21 22.15 21.69 21.59 21.72 22.28 22.95 22.94 22.62 22.07 21.53 21.42 20.22 19.17 18.99 17.67 16.85 15.75 14.10 12.37 10.66  9.78  8.62  7.01  5.88
 0.70  2.28  3.66  5.46  6.60  8.10  9.86 11.42 12.99 14.54 16.40 17.32 18.73 20.60 20.87 22.05 22.49 22.72 22.85 22.47 22.01 22.18 22.16 21.85 21.92 23.42 24.39 24.52
traj-233:
21.95 22.05 22.29 22.60 22.95 23.08 22.70 22.64 22.21 22.07 21.58 21.27 21.81 22.07 23.57 25.38 27.36 28.02 28.33 28.69 29.23 30.15 30.81 31.75 32.84 33.16
 0.99  1.83  3.41  4.82  6.63  8.57 10.29 12.16 14.07 14.64 16.04 17.62 19.41 20.18 20.98 21.77 21.79 22.77 23.95 25.05 25.83 27.25 28.17 29.55 30.78 31.16
traj-234:
23.27 23.04 22.21 20.47 19.01 17.24 16.37 15.42 13.79 12.07 10.60  9.18  8.46
 1.03  1.22  3.02  3.95  3.93  3.96  3.98  4.48  5.35  6.11  6.43  6.59  6.20
traj-235:
21.48 21.59 21.83 22.07 22.16 22.30 22.78 22.79 22.66 22.45 22.22 21.79 21.65 22.10 21.19 21.02 20.70 19.94 18.03 16.95 15.20 15.12 13.91 12.10 10.84  9.21  8.14  6.79
 1.40  2.51  4.14  5.50  6.48  7.52  9.34  9.90 10.64 12.04 13.39 14.94 16.85 18.21 19.64 20.45 22.10 22.46 22.55 22.17 21.26 20.07 18.51 18.65 18.63 18.65 18.55 18.36
traj-236:
22.76 22.59 22.51 22.76 23.23 23.11 22.82 22.98 22.82 22.58 21.92 22.20 23.19 24.79 25.08 26.81 27.11 28.02 28.87
 1.97  3.67  4.45  6.23  8.12 10.10 10.85 12.40 14.37 15.94 17.38 19.30 20.93 21.95 21.88 21.65 21.69 23.43 25.01
traj-237:
23.14 22.31 20.84 19.15 18.29 16.41 15.95 14.89
 1.04  2.19  3.45  3.60  3.66  3.88  4.19  5.27
traj-238:
23.50 22.98 22.78 22.79 22.85 22.81 23.09 23.17 23.41 23.60 23.77 23.39 22.65 22.10 21.64 20.02 18.42 16.56 15.69 14.02 12.06
 2.00  3.26  5.01  6.67  8.24 10.12 11.22 12.59 14.47 15.35 16.18 18.05 19.81 21.38 22.59 23.40 23.71 23.93 23.88 23.98 23.76
traj-239:
21.83 21.96 22.02 22.08 22.61 23.24 23.41 23.56 23.44 22.38 22.10 21.25 21.76 21.70 21.39 23.20 24.90 26.37 27.27 28.28 29.07 29.48 29.92 29.86
 1.70  3.36  3.96  5.51  7.38  9.02 10.12 11.56 12.13 13.60 13.70 15.46 16.20 18.10 19.38 20.20 20.30 20.39 20.43 19.24 18.04 16.96 15.14 14.84
traj-240:
23.51 23.26 21.80 21.01 19.28 18.11 16.35 15.09 14.85 14.62 12.97 12.77
 1.26  1.43  2.35  2.58  3.31  3.45  3.65  4.42  4.60  4.80  5.80  6.85
traj-241:
23.79 22.87 22.16 22.19 22.30 22.42 22.58 22.53 22.57 22.69 22.13 21.55 21.57 21.66 21.72 21.74 21.61 19.85 19.30 17.59 15.84 15.24 13.53 12.28 11.36 10.28  9.13  7.47  5.77  4.71
 0.47  1.34  3.07  3.90  5.38  7.36  8.54  9.82 11.79 12.07 13.07 14.94 16.79 17.08 19.06 19.91 21.56 22.20 22.44 23.22 23.20 23.17 22.49 21.28 20.32 19.02 19.26 19.40 19.56 19.67
traj-242:
22.78 23.03 22.97 22.85 22.86 23.04 22.71 22.28 21.82 22.01 22.15 22.62 23.05 23.05 22.99 24.10 24.58 26.26 27.64 28.42 30.41 30.72 31.43 31.55 31.54 31.75 31.89
 1.86  2.70  4.44  5.89  6.47  8.15 10.00 10.64 11.65 13.35 13.95 15.26 16.55 17.90 18.80 20.36 20.50 21.00 21.51 21.85 21.92 20.81 19.10 17.55 16.27 14.35 13.47
traj-243:
22.73 22.21 21.82 20.65 18.97 18.11 16.95 15.39 15.12 13.71 11.92 10.64  8.83  7.85
 1.47  2.37  3.06  3.99  3.91  3.87  3.75  4.75  5.29  6.52  5.73  5.20  4.37  3.92
traj-244:
22.22 22.33 22.65 22.99 23.00 23.00 23.04 23.10 23.15 22.92 22.72 22.80 23.08 23.16 23.43 23.82 23.21 21.60 20.48 18.50 16.71 15.79 13.96 12.57 10.65  9.79  8.09  6.64  4.67  4.37
 1.16  1.44  3.41  4.83  5.68  6.84  8.74  9.33 11.07 11.60 13.52 14.88 15.92 17.61 19.27 19.91 21.77 22.49 22.46 22.53 22.22 22.05 21.69 21.60 21.98 22.14 22.48 22.56 22.55 22.54
traj-245:
23.48 22.82 22.00 22.00 22.19 22.51 22.82 22.64 22.28 22.12 21.80 21.27 21.03 21.48 23.07 23.36 25.25 27.03 28.01 28.64 29.50 29.83 30.36 31.11 32.02 32.90
 1.42  3.22  4.87  5.39  7.21  8.46  9.53 11.50 13.39 14.99 16.93 17.21 18.26 19.93 21.02 21.08 21.30 21.29 22.51 24.29 26.10 27.17 28.38 29.90 31.26 32.48
traj-246:
23.42 22.63 20.88 18.93 17.76 16.58 15.67 14.37 14.09 13.08 12.38 10.98  9.55  7.72  6.36  5.10  4.02
 1.67  2.49  3.34  3.73  3.83  3.90  4.45  5.58  5.47  7.17  8.98  9.65 10.14  9.41  8.90  8.26  7.92
traj-247:
21.46 21.98 21.92 22.18 21.71 22.09 22.14 22.56 23.08 23.28 23.40 23.30 23.22 22.95 21.43 20.10 19.79 17.97 16.12 15.06 13.19 12.40 10.89  9.74
 0.54  1.89  3.87  5.20  6.93  8.85 10.70 11.76 13.10 15.04 16.09 17.99 18.53 20.17 21.37 22.28 22.33 22.53 22.04 22.13 21.65 21.93 22.45 22.73
traj-248:
21.27 21.51 21.98 22.20 22.38 22.66 22.56 22.46 22.24 21.84 21.34 21.18 21.27 22.21 23.30 24.82 25.72 26.91 28.61 30.39 30.68
 1.03  1.89  3.49  4.50  5.93  7.77  9.48 10.93 11.83 13.61 13.94 15.50 16.65 18.13 19.30 20.10 20.09 20.09 19.78 19.50 19.45
traj-249:
21.83 21.73 20.89 18.95 17.76 16.60 14.92 14.21 13.29
 1.98  2.26  3.09  3.53  3.65  3.74  4.43  4.95  5.89
traj-250:
22.56 22.59 22.69 22.70 22.59 22.47 22.42 22.39 22.80 23.09 23.10 23.09 22.34 21.69 21.34 21.06 19.87 18.81 17.05 15.25 14.01 12.88 11.46  9.81
 1.90  2.74  4.00  4.81  6.21  8.06  8.56 10.34 12.03 13.74 14.33 16.27 17.66 19.23 20.69 21.33 22.66 22.70 22.73 22.90 23.25 23.54 24.15 24.32
traj-251:
22.80 22.91 22.82 22.71 22.61 22.48 22.10 21.93 22.00 22.12 22.57 22.32 22.07 22.42 22.54 23.79 24.95 26.92 28.41 29.36 30.35 31.48 33.07
 1.56  2.60  3.72  5.03  6.43  8.42  9.40 11.28 12.45 13.76 14.74 16.71 17.15 18.74 19.32 20.57 20.43 20.73 21.22 22.01 22.77 23.65 24.62
traj-252:
23.48 22.20 21.07 19.34 17.58 16.40 14.49 13.85 12.10 10.19  8.25  8.03  6.33  5.31
 1.02  1.66  2.34  3.11  3.26  3.49  4.03  4.08  3.73  3.54  3.57  3.57  4.25  4.62
traj-253:
21.11 21.43 21.77 22.10 22.18 22.39 22.64 22.85 22.91 23.01 22.94 23.15 23.34 23.55 23.64 22.40 20.64 18.91 17.65 15.98 15.42 14.67
 1.66  3.01  4.21  6.00  7.44  9.42 11.05 12.91 14.30 15.67 17.59 18.66 19.60 21.06 21.65 22.97 22.78 22.53 22.38 23.10 23.92 24.42
traj-254:
23.44 22.49 22.48 22.82 22.56 22.46 22.38 22.77 22.53 22.37 21.93 22.26 23.24 24.66 26.31 26.83 28.68 29.35 31.21 32.29
 1.35  2.66  4.41  5.55  7.48  8.71 10.58 11.86 13.73 14.26 15.86 17.68 19.20 20.10 20.52 20.64 21.01 21.28 21.84 22.54
traj-255:
23.41 22.26 20.82 19.69 18.55 16.77 15.71 14.63 12.83 11.51  9.63  7.69  6.63
 1.69  2.60  3.53  3.65  3.76  3.77  4.87  6.01  6.71  6.78  6.67  6.58  6.15
traj-256:
22.43 23.15 23.29 23.19 22.98 23.09 23.06 23.07 22.89 22.86 22.87 22.60 21.74 21.51 20.72 19.09 17.40 17.10 15.25 13.88 12.53
 1.37  3.06  5.02  6.16  7.59  9.54 11.41 13.30 15.11 16.88 17.46 19.07 20.78 21.53 22.31 23.17 22.99 22.95 23.58 24.27 24.84
traj-257:
22.19 22.07 21.90 21.82 22.49 23.15 22.92 22.74 22.92 23.04 23.01 23.01 23.13 23.38 23.92 24.11 25.77 26.06 27.79 28.94 30.24 31.55 31.95 32.81
 0.68  1.78  3.12  4.04  5.53  7.08  8.12  9.89 11.24 12.35 13.51 15.24 16.34 18.29 20.07 20.30 21.00 20.91 21.86 22.85 23.99 25.22 25.67 26.88
traj-258:
23.24 21.82 20.29 19.48 18.32 16.84 15.40 15.21 13.86 13.33 12.06 10.61  9.47
 1.81  2.39  3.10  3.48  3.75  3.85  4.85  5.08  6.38  6.95  7.34  7.78  9.20
traj-259:
22.84 22.54 22.28 22.22 23.14 23.34 23.38 23.53 23.45 23.28 23.06 23.00 23.05 23.16 22.86 21.51 20.19 18.69 17.64 16.57 15.18 13.59 12.87 11.14  9.74  8.09  6.69
 1.00  2.30  4.26  6.05  7.70  8.57  9.14 11.00 11.50 13.09 14.96 16.70 17.83 19.01 20.95 21.77 22.67 22.99 22.73 22.28 21.21 20.32 20.08 20.71 21.16 22.00 22.64
traj-260:
23.67 23.23 22.97 23.09 23.01 22.92 22.84 22.91 23.10 23.10 23.07 23.04 23.07 23.11 23.57 24.28 25.34 26.45 28.24 29.98 30.57 31.82 31.84 31.86 31.87
 0.70  1.34  3.26  4.12  5.82  6.61  8.49 10.41 11.53 13.42 14.51 15.58 17.32 18.39 19.83 20.34 20.92 21.47 21.40 21.54 21.53 20.29 18.61 17.26 15.78
traj-261:
22.53 22.75 22.85 21.50 20.52 18.62 16.70 15.00 13.73 12.15 11.16  9.54
 0.82  2.45  3.03  4.04  3.93  3.70  3.85  4.61  5.29  6.39  6.24  5.84
traj-262:
23.51 23.34 23.08 22.96 22.86 22.83 22.79 22.67 22.22 21.94 22.14 21.98 22.31 22.40 22.29 21.67 21.14 20.09 19.53 17.82 16.14 14.60 13.07 11.34 10.90  9.37
 1.05  1.62  3.01  4.77  6.35  6.80  8.56 10.19 11.50 11.99 13.79 14.53 16.13 17.98 18.46 20.24 21.65 22.98 22.91 22.74 22.03 21.25 20.40 19.58 19.30 18.59
traj-263:
22.83 22.70 22.37 22.99 23.16 23.27 23.19 23.06 23.07 23.06 22.99 22.94 23.94 25.48 26.92 28.29 29.61
 1.86  2.89  4.74  6.61  8.48 10.18 11.84 13.77 15.25 16.05 17.68 18.94 20.06 20.15 20.23 19.62 18.45
traj-264:
23.15 22.39 20.51 19.33 17.85 16.69 15.23 13.92 13.16 12.89 11.52 11.25
 1.20  3.05  3.44  3.61  3.78  3.94  4.97  6.38  7.79  8.61  9.70  9.82
traj-265:
22.08 22.46 23.25 23.57 23.60 23.41 23.24 22.97 22.80 22.63 21.70 21.77 21.98 22.50 22.74 23.08 22.37 22.09 20.35 18.48 16.54 15.96 14.51
 0.58  1.38  3.02  4.46  6.19  7.58  8.88 10.86 12.02 13.27 14.77 16.46 17.13 18.78 18.96 20.84 21.35 21.70 22.58 22.90 22.79 22.70 22.48
traj-266:
22.88 22.22 21.37 21.41 21.65 22.35 22.20 22.41 22.45 22.37 22.24 22.58 22.74 23.72 24.71 25.79 27.37 28.18 29.26 29.49 30.63 31.49
 1.03  2.19  3.63  5.51  6.29  8.06 10.03 11.85 12.98 14.84 15.28 16.90 17.78 19.48 20.03 20.50 21.45 22.94 24.59 25.70 27.18 28.20
traj-267:
21.40 21.46 20.99 19.20 18.91 17.18 16.59 14.85 14.78 14.43 14.19 13.90 12.65 11.87  9.96  8.21  6.27
 1.70  3.50  3.97  3.50  3.54  3.76  3.85  4.59  5.02  6.65  8.06  8.92 10.01 10.01 10.16 10.22 10.28
traj-268:
23.42 22.65 21.71 21.66 21.81 22.05 22.50 22.02 21.63 21.81 22.10 22.73 22.68 22.22 22.08 21.68 20.13 18.73 17.67 15.88 15.09
 1.21  1.53  2.51  4.14  5.82  7.69  9.27 11.11 12.95 13.94 15.26 17.16 18.35 19.99 20.57 22.07 23.07 22.96 22.90 23.27 23.55
traj-269:
21.26 22.35 23.06 23.22 23.30 23.36 23.27 23.06 22.69 21.95 21.78 22.15 22.13 22.16 21.84 21.70 22.80 24.41 25.17 26.92 27.94 29.06 30.11 30.40 31.90 32.38 32.71 33.01
 0.58  2.23  3.19  4.90  5.49  7.44  9.29 10.42 12.20 13.31 14.05 15.51 17.33 18.42 20.30 21.17 22.61 21.99 21.70 21.41 21.36 21.17 19.53 19.48 18.43 16.53 14.84 12.90
traj-270:
23.22 22.89 21.66 20.80 19.37 17.90 16.72 16.55 14.85 13.44 12.92
 1.28  3.12  4.01  3.99  3.97  3.93  3.99  4.23  4.77  5.77  5.78
traj-271:
23.21 22.57 21.42 21.38 21.42 21.49 21.74 22.04 22.10 22.15 21.69 21.47 21.51 22.46 23.40 22.65 21.54 19.68 18.39 17.26 16.11 15.37 15.16
 0.70  1.26  2.60  3.49  4.94  5.50  7.40  9.09  9.61 11.29 13.09 14.97 16.60 18.24 19.55 21.39 21.80 22.01 22.13 22.11 22.07 21.57 21.78
traj-272:
21.36 21.48 21.80 22.07 22.21 22.46 22.35 22.39 22.52 22.64 22.93 23.09 23.39 23.57 23.43 24.00 25.44 26.89 28.66 30.53 31.67
 1.01  1.86  3.28  4.53  5.48  6.90  8.89 10.65 12.30 13.03 14.51 15.35 16.88 17.75 19.70 20.05 20.04 20.61 21.19 21.23 21.48
traj-273:
22.48 21.00 19.23 18.36 16.74 16.29 15.18 15.06 14.95
 1.72  2.58  3.40  3.54  3.79  3.94  5.47  6.04  7.97
traj-274:
22.78 23.46 23.37 23.22 23.03 22.89 22.88 22.97 22.94 22.97 23.06 23.22 23.22 23.13 22.53 21.61 19.77 17.88 16.70 15.31 13.45 11.74  9.92  8.91
 0.66  2.18  3.60  4.42  6.34  7.61  8.90  9.73 11.69 13.06 14.41 15.98 17.85 19.59 20.95 22.64 22.97 22.76 22.65 22.52 23.00 23.60 24.38 24.81
traj-275:
22.77 22.47 22.14 22.38 22.56 22.71 22.92 22.88 22.52 22.64 22.77 23.00 24.45 26.19 27.07 28.02 28.07 28.06 28.39 28.99 29.59 30.17
 1.74  3.37  5.18  6.78  8.52  9.33 11.10 13.04 14.50 16.38 18.16 19.90 21.26 21.29 21.23 22.31 23.94 25.80 27.63 29.35 30.82 32.00
traj-276:
23.70 22.63 21.16 19.43 18.86 17.40 16.80 15.10 14.82 14.27 12.75
 1.21  2.09  2.90  3.45  3.53  3.71  3.76  4.64  4.75  4.80  5.39
traj-277:
22.09 22.35 22.41 22.49 22.55 22.65 22.87 22.19 21.55 21.47 22.07 22.67 22.09 20.78 19.37 18.47 16.75 15.23
 1.34  2.49  4.41  5.54  7.09  8.86 10.72 12.55 13.40 15.25 17.02 18.70 20.54 22.03 22.68 23.16 23.54 24.35
traj-278:
22.07 22.57 23.26 23.12 22.74 22.60 22.39 22.54 22.51 23.13 23.06 23.01 23.33 23.68 24.37 25.94 27.56 29.05 29.51 30.42 30.78 31.56 31.70
 0.99  2.43  4.21  5.04  6.95  8.92 10.69 11.57 12.38 14.10 15.80 17.25 18.58 19.53 20.16 20.79 20.86 20.82 19.81 18.20 17.59 15.87 15.61
traj-279:
21.09 21.41 20.10 19.25 17.50 16.64 15.21 13.35 12.03 10.72  8.88  7.81  6.37
 0.90  2.64  3.78  3.79  3.80  3.85  4.62  4.98  5.55  6.12  6.07  5.68  5.09
traj-280:
21.83 21.98 22.15 22.29 22.34 22.58 22.58 23.10 23.13 23.09 23.05 22.11 21.42 22.25 23.15 23.38 22.00 21.43 19.68 18.00 16.90 15.26 13.98 12.65 11.14  9.46  8.46  6.54
 1.29  2.54  4.35  5.66  7.47  9.24  9.50 10.51 12.43 13.23 14.92 16.40 17.98 19.22 19.89 21.77 22.52 22.56 22.59 22.70 22.48 21.57 20.82 19.86 19.11 18.26 18.30 18.32
traj-281:
21.62 21.98 22.28 22.69 22.96 23.24 23.38 23.61 23.50 23.34 22.09 21.08 22.25 22.36 23.87 25.29 27.04 27.40 28.15 28.67 29.30 29.58 30.10 30.51 30.98 31.29
 1.08  2.78  4.72  6.50  8.33  9.60 10.60 12.35 13.40 15.29 16.71 17.30 18.87 19.15 20.14 20.19 20.34 20.61 22.08 23.20 24.97 25.85 27.67 28.52 29.65 30.38
traj-282:
21.92 21.59 21.42 19.67 18.19 16.44 14.81 14.30 12.65 11.26 10.03  8.12  7.80  5.81
 0.73  2.42  3.12  3.98  3.91  3.83  4.40  4.68  5.66  6.45  6.85  6.73  6.59  6.69
traj-283:
23.29 22.69 22.19 21.91 21.68 22.14 22.47 22.40 22.63 22.67 22.86 23.02 23.12 22.91 21.99 20.88 19.08 17.18 15.45 15.17 14.27 14.08
 1.44  2.64  3.62  4.54  5.59  7.48  9.42 11.04 12.01 13.97 15.36 16.48 18.43 20.29 21.35 22.61 22.79 22.59 22.26 22.17 20.59 19.75
traj-284:
21.50 22.06 22.51 23.04 23.18 23.09 23.05 22.81 22.63 22.49 22.20 22.97 23.68 24.14 25.96 27.05 28.91 29.21 30.82 31.81 32.13 32.29 32.31 32.48
 1.35  3.20  4.59  6.33  8.05  9.94 10.75 12.11 13.61 14.54 16.48 17.69 19.43 20.18 20.96 21.05 20.71 20.69 21.86 23.32 25.00 26.22 27.14 29.06
traj-285:
22.90 21.66 20.53 19.48 17.74 16.84 15.20 14.39 13.36 12.43 10.70  9.27  7.57
 1.46  2.44  3.32  3.68  3.82  3.87  4.90  6.03  7.52  8.72  9.67  9.21  8.58
traj-286:
23.77 23.70 23.46 23.20 22.93 22.77 22.45 22.43 22.52 22.90 23.06 23.02 23.00 23.10 22.09 21.09 19.56 18.97 17.04 15.11 13.37 12.52
 0.89  1.41  3.20  4.71  6.08  7.03  8.47 10.34 10.62 12.36 14.29 16.23 18.05 19.97 21.41 22.58 22.80 22.80 22.70 22.23 21.70 21.64
traj-287:
23.40 22.95 23.07 23.11 23.00 22.79 22.91 22.83 22.95 23.05 23.18 23.43 23.94 24.42 26.14 27.83 28.94 30.23 31.35
 1.33  3.23  4.60  5.79  7.71  9.60 11.56 13.36 15.15 16.53 17.35 18.76 19.95 20.30 20.93 21.65 22.58 23.87 24.93
traj-288:
23.17 22.20 21.16 20.78 19.70 18.55 17.39 16.52 15.28 14.33 13.21 11.90
 1.24  1.56  2.02  3.83  3.78  3.71  3.66  3.64  5.11  6.74  8.08  9.22
traj-289:
22.66 22.66 22.77 22.83 23.05 22.84 22.76 22.67 22.05 21.54 22.38 22.95 23.36 23.10 21.39 19.53 18.06 16.55 15.35 14.57 12.91 12.13
 1.75  2.83  4.78  6.64  8.61 10.49 10.84 12.74 14.62 16.41 18.13 19.13 20.62 21.53 22.19 22.84 22.68 22.11 21.47 19.75 19.27 19.41
traj-290:
21.10 21.88 21.99 22.75 22.32 21.34 21.25 21.13 21.05 21.15 22.08 22.71 24.51 25.65 26.74 28.70 30.45 31.99
 1.55  3.21  3.79  5.36  7.11  8.82 10.45 12.29 14.28 16.25 17.96 19.30 20.07 20.29 20.45 20.29 20.29 20.49
traj-291:
23.48 23.08 22.19 21.52 20.96 19.23 17.48 16.13 14.40 12.77 11.30 10.15  8.51  7.86  6.69
 1.17  2.01  3.23  3.63  3.71  3.80  3.80  4.00  4.68  5.45  6.08  6.14  5.80  5.46  4.78
traj-292:
21.06 21.57 21.75 22.27 22.36 22.95 22.96 22.78 22.89 22.97 23.18 23.21 23.20 22.98 22.40 21.50 20.12 19.53 17.66 15.93 15.19 14.95 13.98 13.68
 1.08  2.73  3.28  4.91  5.20  6.90  8.02  9.52 10.64 12.38 14.34 15.80 16.92 18.34 20.07 21.84 22.76 22.74 22.82 21.93 20.31 20.12 18.56 18.51
traj-293:
23.10 23.07 22.73 22.72 23.03 23.04 22.88 22.50 22.29 22.19 22.17 21.89 21.80 21.82 22.45 24.26 25.70 27.60 29.18 30.64 32.07 32.31
 0.68  1.23  3.06  5.01  6.90  8.27  9.39 10.90 11.72 13.61 14.14 16.03 17.73 19.55 20.51 21.36 21.31 21.70 22.60 23.55 24.73 24.91
traj-294:
21.52 20.02 18.56 16.83 15.66 14.40 13.66 12.37 11.82 10.48  9.13  7.41  6.70
 1.92  3.10  3.19  3.34  4.20  5.20  5.87  6.85  7.20  8.61  9.47  8.97  7.88
traj-295:
22.75 22.76 22.79 22.81 22.83 22.93 23.16 23.23 23.27 23.40 23.51 23.56 23.58 23.14 22.43 21.79 20.02 18.55 16.88 15.27 13.67 11.84 10.76  9.24  8.01
 1.87  3.51  4.60  6.46  7.26  8.10 10.06 12.00 13.36 14.92 16.60 17.18 18.84 20.39 21.76 22.10 22.63 22.85 22.95 21.87 21.04 21.52 21.66 22.15 22.67
traj-296:
22.41 21.96 22.03 21.95 22.15 22.49 22.56 22.87 23.08 22.92 22.86 23.18 22.98 24.69 26.41 28.03 28.47 28.88 29.26 29.22 28.99 28.89
 1.98  3.88  4.90  6.89  7.92  9.48 10.06 11.92 12.96 14.67 16.30 17.30 19.09 20.10 20.20 21.21 22.96 24.78 26.62 28.29 29.89 30.31
traj-297:
22.41 22.16 20.62 18.91 17.72 15.74 14.28
 1.06  1.94  3.16  3.46  3.44  3.68  4.00
traj-298:
23.70 23.40 23.11 23.10 23.08 23.11 23.13 23.13 23.15 23.23 23.05 22.58 22.09 21.94 21.76 21.10 19.39 17.68 16.35 14.81 14.29 12.40 11.05  9.12  7.48  5.70
 1.02  2.83  3.60  5.42  6.98  8.42  9.68 10.98 12.13 13.69 15.03 16.11 17.91 19.09 20.57 22.15 22.49 22.66 22.20 22.02 21.81 21.94 22.13 22.46 22.74 23.59
traj-299:
21.88 22.04 22.39 22.72 22.82 22.97 23.39 23.39 23.42 23.25 23.12 22.86 22.63 23.72 24.52 26.27 27.47 28.06 28.13 28.43 29.37 30.53 31.43 32.40 32.95
 1.17  2.24  3.70  5.17  7.05  8.84 10.51 12.24 13.12 15.04 15.99 17.52 18.37 19.76 20.51 20.98 21.27 22.35 24.04 24.58 26.26 27.58 28.91 30.10 30.74
