traj-0:
37.60 36.18 34.82 33.01 31.67 30.32 29.97 29.07 27.18 26.58 25.10 23.50 22.71 22.18 22.33 21.57 21.29 21.45 21.64 22.12 22.63 22.32 22.15 21.04 20.69 18.88 17.85 15.89 13.99 12.27 10.95  9.06  7.18  6.18  5.57
22.91 22.61 22.05 21.62 21.18 21.08 21.08 21.07 21.09 21.10 21.12 20.25 18.80 17.01 16.75 14.96 13.78 12.01 10.46  9.23  7.81  6.37  5.81  4.46  3.98  3.81  3.96  4.16  4.49  4.70  6.09  6.58  7.07  5.45  4.45
traj-1:
38.88 37.85 35.92 35.32 33.91 31.98 30.04 28.27 26.37 24.90 24.16 23.68 21.91 20.19 18.42 17.83 16.38 14.60 12.80 11.11  9.26  8.48  6.71
22.34 21.91 21.63 21.65 21.68 21.71 21.63 21.63 21.71 21.42 21.31 21.34 21.04 20.63 20.37 20.28 20.05 20.04 19.35 18.65 19.13 19.28 18.98
traj-2:
38.12 36.16 34.26 32.49 30.98 29.11 27.31 26.16 24.64 23.50 22.01 21.23 21.14 21.18 21.46 22.25 22.98 23.26
22.02 21.85 21.73 21.33 21.53 21.40 21.37 21.28 21.48 22.33 23.66 25.37 27.36 29.12 30.16 31.94 33.24 33.75
traj-3:
35.12 35.92 34.44 33.30 31.98 30.16 28.79 27.57 25.82 24.11 22.88 22.93 22.98 22.90 22.72 22.54 22.45 22.14 22.04 21.86 21.17 19.78 18.11 16.13 14.96 13.81 12.64 11.80 10.36 10.11  8.38  7.42
23.65 23.28 22.51 22.58 22.34 22.30 22.11 21.80 21.66 21.35 19.95 19.29 17.78 16.73 14.88 13.36 12.27 10.31  8.56  6.78  5.37  3.93  3.91  4.03  4.13  4.37  4.64  4.95  5.37  5.21  4.99  5.41
traj-4:
35.38 34.92 32.98 31.51 30.93 29.00 28.46 27.10 25.53 23.75 22.58 20.97 19.18 17.41 15.64 13.72 12.91 11.52  9.86  8.30  6.45
22.22 21.84 21.56 21.39 21.30 21.40 21.61 22.06 22.35 21.94 20.89 20.15 20.10 20.06 20.05 20.08 20.01 19.82 18.92 18.44 18.02
traj-5:
36.26 34.56 34.00 32.11 31.37 29.59 28.56 26.74 25.05 24.98 23.15 23.17 23.35 23.41 23.48 23.80 24.74 25.31 26.98 28.65 29.29
21.43 21.35 21.34 21.24 21.23 21.20 21.24 21.21 22.19 22.49 22.99 23.87 25.73 27.18 28.66 30.55 31.04 31.14 31.74 32.46 32.88
traj-6:
39.05 37.43 35.68 35.38 33.67 32.33 30.36 29.68 28.11 26.70 25.84 23.84 22.01 21.73 21.54 21.41 21.30 21.55 21.65 22.11 22.33 22.27 22.13 22.06 21.68 21.45 21.12 20.09 18.41 16.51 14.58 13.73 11.78 10.48
22.92 23.48 23.53 23.50 23.57 23.72 23.80 23.83 23.84 23.84 23.85 23.81 24.27 23.38 22.22 21.24 19.94 18.55 17.37 15.59 13.75 12.20 10.44  9.90  8.23  6.46  5.04  4.09  3.96  4.05  4.00  4.02  3.69  3.40
traj-7:
33.85 33.39 31.73 30.20 29.10 27.39 25.95 24.55 22.91 21.64 21.01 20.35 18.46 16.72 15.04 13.42 12.47 10.98  9.69  9.51  9.39
22.23 22.39 22.83 23.22 23.59 23.85 23.86 23.88 24.53 23.45 21.67 20.60 20.40 20.43 20.83 21.28 21.60 22.15 21.28 19.61 18.58
traj-8:
36.13 35.62 34.02 32.39 30.86 29.13 27.49 26.26 25.29 23.74 23.34 23.37 23.37 25.04 26.82 27.90 29.63 31.38 32.27 33.97
22.87 22.88 22.86 22.61 22.40 22.27 23.02 23.25 23.94 24.94 26.65 28.40 30.17 31.14 31.16 31.17 31.15 31.16 31.12 31.19
traj-9:
38.00 36.07 34.33 33.17 32.06 30.07 28.09 26.10 24.37 24.09 23.96 23.49 22.77 22.76 22.89 22.94 22.99 22.98 23.00 22.91 22.64 21.91 21.68 20.35 18.80 16.84 16.26 14.58 12.60 11.32  9.71  8.67  7.33  6.24  5.20
23.49 23.78 23.90 23.85 23.81 23.78 23.66 23.66 23.52 23.42 22.84 21.46 19.91 17.94 16.22 14.53 12.68 11.54 10.40  8.94  7.24  5.63  5.11  4.18  4.10  4.10  4.09  4.07  4.30  5.08  6.24  6.39  5.13  4.36  3.54
traj-10:
36.25 35.06 33.61 31.71 31.44 29.79 29.24 27.59 25.97 24.62 22.72 22.27 21.07 20.28 19.68 17.92 16.21 14.85 12.88 12.58 10.69  9.29  8.00
21.01 21.07 21.14 21.43 21.56 22.17 22.41 23.05 23.24 23.37 22.74 22.37 21.35 20.31 20.33 20.40 20.49 20.65 20.47 20.46 20.37 21.11 21.89
traj-11:
36.90 36.32 34.67 33.26 31.55 30.14 28.18 26.48 25.10 23.50 23.51 23.50 23.46 23.46 24.26 24.92 26.46 27.35 28.73 28.97 30.59 31.18
23.07 23.24 23.76 23.80 23.84 23.88 23.91 23.92 23.97 24.97 26.16 27.33 29.09 29.39 31.02 31.58 32.71 33.41 34.54 34.72 35.26 35.39
traj-12:
38.33 36.70 35.12 33.18 31.88 30.42 29.14 28.12 26.64 25.08 23.60 23.42 23.35 23.47 23.62 23.45 22.94 22.65 22.41 22.02 21.42 20.22 18.98 17.89 15.89 14.15 13.41 11.91 10.25  8.30  7.83  6.74
21.08 21.32 22.06 22.36 22.49 22.41 22.29 21.93 21.57 21.10 20.20 18.27 17.68 15.72 13.80 12.37 10.97  9.37  8.51  7.39  5.74  4.27  4.13  4.08  4.09  4.09  4.20  4.42  4.92  4.70  3.98  3.01
traj-13:
35.84 35.54 33.58 33.28 31.54 30.20 29.65 27.90 26.58 25.31 23.57 23.28 21.36 20.90 19.04 17.30 15.85 14.75 14.58 14.60
21.73 21.72 21.72 21.70 21.14 21.41 22.09 22.48 22.13 21.68 21.32 21.39 21.30 20.99 20.42 20.24 20.26 19.62 18.04 17.14
traj-14:
36.18 34.57 33.03 31.68 29.74 27.93 26.59 24.70 22.94 22.29 22.07 21.25 21.23 21.17 21.17 21.17 22.22 23.04
21.92 21.42 21.31 21.34 21.19 21.18 21.15 21.25 22.04 22.82 23.02 24.69 26.41 28.25 29.48 30.61 32.20 32.66
traj-15:
35.25 33.55 32.17 30.66 29.53 27.94 27.41 25.91 24.81 23.62 23.24 23.33 22.73 22.75 22.73 22.69 22.69 22.62 22.24 22.05 20.60 18.89 16.97 15.80 14.61 13.15 11.45 10.56
22.97 22.77 22.60 22.48 22.25 22.18 22.24 21.82 21.02 20.21 18.53 17.66 15.92 14.85 12.92 11.77 10.70  8.98  7.40  5.57  4.50  4.10  3.92  4.13  4.30  4.45  4.91  5.31
traj-16:
35.10 34.80 33.06 31.43 30.25 28.76 27.02 26.27 25.84 24.39 24.08 22.26 21.16 20.01 18.25 17.38 15.59 14.70 12.88 11.66 10.52
21.15 21.14 21.11 21.04 21.08 21.17 21.58 22.05 22.20 23.15 23.27 22.54 21.89 20.87 20.69 20.71 20.63 20.54 20.43 20.38 20.19
traj-17:
38.70 37.67 35.84 34.19 33.67 31.84 30.66 28.79 27.72 26.23 24.65 24.35 23.34 22.47 21.59 22.10 22.27 22.25 22.33
22.92 22.65 22.52 22.29 22.26 22.06 21.36 21.36 21.42 21.42 22.05 22.53 23.95 24.75 26.53 28.31 28.94 30.92 32.59
traj-18:
37.93 36.12 35.31 33.42 31.90 30.58 28.72 26.79 25.23 23.73 23.41 22.72 21.31 21.08 21.17 21.26 21.36 21.51 22.14 22.91 22.86 22.90 22.59 21.59 20.71 18.96 17.29 15.90 13.95 12.76 11.91 11.65
22.03 21.70 21.54 21.62 21.45 21.44 21.54 21.46 21.37 20.42 20.08 18.98 17.73 16.87 15.44 14.02 12.82 12.33 10.88  9.06  8.23  7.93  6.13  4.83  4.71  4.65  3.96  4.11  4.28  4.37  5.95  7.93
traj-19:
34.91 34.05 32.19 31.42 29.69 28.08 26.17 25.16 24.84 23.21 22.23 21.06 20.88 19.14 18.85 17.12 16.82 15.05 13.42 11.86 10.36  8.40  6.48  5.58
23.37 23.13 22.60 22.44 22.13 21.75 21.34 21.44 21.95 22.60 22.50 21.04 20.80 20.23 20.27 20.17 20.17 20.54 21.17 22.13 22.14 22.22 22.43 22.43
traj-20:
35.71 33.89 33.59 31.60 29.70 28.47 27.30 26.24 24.46 23.50 22.16 21.97 22.23 22.04 21.82 21.30 19.99 18.19 17.05 15.71 14.48 12.93
21.31 21.28 21.28 21.15 21.38 21.64 21.86 22.02 22.27 22.60 23.74 25.66 27.13 28.94 30.39 32.28 33.27 33.64 33.89 34.33 34.72 35.18
traj-21:
38.01 36.57 35.05 33.17 32.02 30.27 29.41 27.93 26.55 24.78 23.18 22.71 21.16 21.37 22.18 22.59 22.78 22.81 22.62 22.63 22.38 22.11 21.78 21.40 21.23 20.13 18.76 17.26 16.18 14.41 12.67 12.09 10.43  9.46  8.46
23.41 23.57 23.69 23.90 23.91 23.91 23.90 23.88 23.86 23.84 22.84 22.56 21.50 20.33 18.69 16.89 16.02 14.13 12.18 11.44 10.02  8.60  7.49  6.08  5.51  4.01  3.98  3.95  3.93  4.13  4.55  4.69  5.48  5.90  6.37
traj-22:
39.06 38.50 36.69 35.39 33.42 32.54 30.83 30.02 28.04 27.21 25.43 23.82 23.64 22.14 20.94 19.49 18.31 16.84 15.10 14.51 12.66 11.37 10.13  8.34  6.83  5.92
23.25 23.32 23.69 23.65 23.49 23.53 23.68 23.75 23.88 23.88 23.71 22.92 22.68 21.72 20.96 20.28 20.27 20.29 20.25 20.28 19.94 19.25 18.71 18.15 17.59 17.24
traj-23:
36.02 34.47 33.58 32.26 30.53 29.18 27.43 26.24 25.42 23.63 23.03 22.88 23.61 23.64 23.69 23.62 23.61 22.60 22.04 20.50 18.59 17.73 16.53 15.90 14.33 13.06 11.27 10.72  9.15
21.05 21.05 21.10 21.18 21.24 21.32 22.01 21.87 21.78 21.09 21.07 21.53 23.37 25.06 26.81 28.74 29.94 31.43 31.59 31.28 31.68 32.16 32.73 32.96 33.69 34.36 34.99 35.16 35.89
traj-24:
36.41 34.82 32.91 31.27 30.01 28.13 26.76 24.89 23.42 22.81 22.42 22.27 21.94 21.78 21.46 21.69 21.83 22.28 21.91 21.40 20.49 18.78 16.88 14.90 13.05 12.76 10.91  8.98  8.69
22.36 21.57 21.09 21.30 21.55 21.82 22.30 22.27 21.15 20.29 19.12 18.33 16.91 16.10 14.20 12.55 10.60  8.76  7.07  5.16  4.23  4.07  3.93  4.11  4.50  4.58  5.30  5.51  5.60
traj-25:
34.84 34.27 32.71 31.06 29.12 28.52 26.90 25.72 24.52 22.77 21.25 19.41 18.86 17.40 15.44 13.66 12.83 11.72 10.04  9.18  7.55
21.94 21.79 21.74 21.59 21.35 21.28 21.15 21.07 21.05 21.07 20.67 20.36 20.32 20.31 20.38 21.00 21.46 21.89 22.13 21.98 21.39
traj-26:
38.69 38.39 36.50 34.86 33.85 31.88 30.11 28.23 26.76 25.00 23.54 23.34 23.29 23.28 22.61 22.39
22.77 22.71 22.38 22.05 21.82 21.85 22.19 22.51 22.91 23.10 24.23 26.15 27.91 28.21 30.07 30.27
traj-27:
36.90 35.16 33.20 31.42 29.87 28.37 26.53 24.74 23.90 22.66 22.41 22.15 22.08 22.15 22.15 22.02 21.97 21.78 21.43 20.04 18.42 16.63 16.06 14.64 13.19 11.61 10.92  9.50  8.13  6.44  5.25
23.12 22.37 22.48 22.69 22.67 22.43 22.27 21.95 21.74 20.71 19.05 17.16 15.55 13.56 11.81 10.27  8.45  7.79  5.96  4.74  3.92  4.09  4.23  4.54  4.68  3.98  4.10  4.51  4.43  4.29  4.35
traj-28:
37.57 36.18 34.23 32.46 31.30 29.56 28.15 26.40 25.53 23.77 22.94 21.29 19.61 18.50 16.73 14.76 13.97 13.31 11.71 10.16  8.79
23.46 23.71 23.78 23.90 23.86 23.85 23.86 23.83 23.63 22.79 22.27 21.54 20.76 20.59 20.37 20.41 20.57 20.79 20.75 20.50 20.45
traj-29:
34.37 33.05 31.73 30.42 28.67 27.00 25.17 24.18 22.92 21.59 21.04 21.06 21.09 21.34 21.42 21.96
22.81 22.79 22.79 22.80 22.70 22.07 21.37 21.44 22.96 24.08 24.54 25.73 27.59 29.38 30.79 32.52
traj-30:
36.51 35.39 33.86 32.33 30.54 30.30 28.40 26.48 25.04 23.56 22.42 22.21 22.00 21.65 21.44 21.72 22.09 22.25 22.61 22.81 22.68 22.61 22.35 22.12 21.51 20.48 19.07 17.62 16.75 15.60 13.90 13.05 11.60 11.09 10.86 10.04  8.22  7.20
22.66 22.85 22.94 22.93 23.24 23.43 23.79 23.91 23.89 24.75 26.29 24.34 23.49 21.63 19.76 18.94 17.07 16.19 14.31 12.50 10.65  9.51  8.11  7.25  5.96  4.73  4.04  4.18  4.17  4.21  4.34  4.51  5.64  5.96  6.15  6.16  6.71  7.40
traj-31:
34.50 33.29 32.22 30.47 30.03 28.22 26.95 25.34 23.71 22.32 21.69 19.88 18.12 16.64 15.30 15.10 14.77 13.78 13.68
22.70 22.24 21.81 21.25 21.30 22.09 22.44 22.90 22.30 21.22 20.73 20.14 20.30 20.33 20.54 20.76 20.69 19.17 18.75
traj-32:
36.46 34.61 33.25 31.39 29.82 28.28 26.45 24.66 23.74 23.61 23.57 23.43 23.72 24.96 26.43 27.27 28.43 29.31 30.53 31.34 32.65
23.19 22.57 22.07 21.40 21.02 22.02 22.81 23.35 24.49 26.43 27.01 28.71 30.39 31.02 31.08 31.11 31.13 31.19 31.23 31.29 31.42
traj-33:
36.60 36.06 34.61 32.69 31.82 30.09 28.37 27.50 25.71 24.08 23.18 22.33 22.33 22.07 21.86 21.82 21.89 21.75 21.70 21.64 21.88 21.43 20.59 18.84 18.24 16.48 15.28 13.57 11.97 10.99  9.32  8.38  7.12
21.45 22.02 23.17 23.61 23.74 23.78 23.86 23.90 23.92 22.85 21.36 19.55 18.32 17.26 15.30 14.12 12.50 10.74  9.09  8.80  6.87  5.08  4.32  4.25  4.26  4.22  4.21  4.29  5.42  6.99  7.10  7.45  7.53
traj-34:
38.57 37.74 35.84 34.29 32.54 31.66 30.40 28.57 27.97 26.48 24.77 23.25 22.26 21.04 19.15 17.39 15.45 14.61
23.29 23.21 22.81 22.45 22.53 22.63 22.67 22.65 22.68 22.76 22.96 22.10 21.61 21.00 20.44 20.23 20.18 20.11
traj-35:
34.15 32.49 30.93 29.92 28.19 26.75 25.92 24.49 23.40 23.43 23.36 23.27 22.00 20.32 18.43 17.85 16.31 16.34 14.91 13.22
23.62 23.71 23.78 23.79 23.88 23.87 23.88 23.86 25.04 27.01 28.79 30.52 31.91 32.29 32.54 32.57 33.80 34.10 35.49 35.96
traj-36:
37.26 35.87 34.25 32.71 30.98 30.69 28.74 27.52 25.91 25.25 24.78 23.57 22.96 23.02 23.11 23.02 22.83 22.81 22.53 22.16 21.88 21.60 20.59 19.70 17.84 16.50 14.82 13.17 11.71 10.40  9.17  8.07  7.52
23.08 22.97 22.76 22.54 22.36 22.34 22.00 22.06 21.53 21.42 21.01 20.16 18.35 17.00 15.01 14.15 12.57 11.73  9.75  7.80  6.65  5.56  4.47  4.17  3.90  3.93  4.06  4.28  4.97  5.46  5.47  4.18  4.11
traj-37:
34.17 33.60 31.85 30.09 29.03 27.57 26.43 25.06 23.96 22.63 21.74 20.27 18.51 17.04 16.17 14.41 14.29
23.79 23.79 23.84 23.82 23.76 23.77 23.74 23.67 23.70 22.77 22.10 20.91 20.85 20.87 20.89 20.71 18.74
traj-38:
37.46 35.80 34.73 33.34 31.64 30.09 28.20 27.47 25.87 24.48 24.05 23.18 22.96 22.96 22.99 22.21 21.28 20.53 19.09 18.76
21.46 21.39 21.28 21.29 21.32 21.36 21.31 21.35 21.60 22.12 22.78 24.17 24.99 26.30 27.06 28.84 29.45 31.02 31.30 31.77
traj-39:
39.19 38.50 36.85 35.37 34.02 33.03 31.35 29.50 27.71 27.42 25.75 24.00 23.71 23.04 22.99 22.96 23.00 22.94 22.96 22.92 23.01 22.82 22.77 22.19 21.64 19.82 18.05 16.06 15.76 14.04 12.57 11.43  9.67  7.82  7.60
21.97 22.06 22.20 22.44 22.56 22.66 22.79 22.80 22.26 22.18 21.72 21.36 21.30 19.92 18.83 17.47 16.43 15.05 13.76 12.02 10.58  8.88  8.29  6.54  5.10  4.31  4.02  3.99  3.99  3.89  3.88  3.83  3.75  3.54  3.34
traj-40:
35.69 35.14 33.22 31.86 29.98 29.68 27.80 26.32 25.74 23.77 22.24 21.68 20.08 18.36 17.17 15.38 13.95 12.50 10.61  9.71  8.47
22.61 22.64 22.64 22.65 22.64 22.64 22.56 22.54 22.59 22.31 21.73 21.58 20.90 20.62 20.49 20.29 19.81 20.02 20.09 20.16 20.26
traj-41:
37.62 37.04 35.37 34.23 32.26 30.83 28.88 27.23 25.54 25.00 23.62 23.24 22.23 21.23 21.14 21.53 22.43 23.52 25.24 27.17
23.60 23.67 23.77 23.78 23.70 23.63 23.74 23.79 23.88 23.90 24.80 25.26 26.58 27.40 29.14 31.08 32.38 32.77 33.23 33.61
traj-42:
36.22 35.65 33.69 32.88 31.18 30.34 28.91 28.33 26.64 24.73 24.17 22.41 22.63 22.77 22.76 22.74 22.82 22.91 22.94 22.67 22.58 22.18 21.74 21.36 20.67 18.76 17.09 15.83 14.17 12.22 10.47  9.88
23.35 23.46 23.74 23.81 23.84 23.82 23.75 23.70 23.56 23.80 23.82 23.00 21.47 20.61 18.78 16.94 15.65 13.69 13.17 11.30 10.72  8.76  7.33  5.97  4.61  4.17  4.12  4.10  4.00  4.34  4.71  4.81
traj-43:
37.64 35.89 34.45 33.59 31.90 30.46 28.76 27.04 26.20 24.27 23.56 22.47 21.79 20.07 18.88 17.11 15.38 14.32 12.52 11.07 10.29  8.86
23.37 23.35 23.40 23.46 23.55 23.68 23.82 23.81 23.83 23.75 23.71 22.19 21.43 20.71 20.56 20.31 20.41 20.31 19.83 19.52 19.17 17.79
traj-44:
36.73 35.58 34.42 32.46 31.27 29.56 28.70 27.07 26.18 24.47 23.97 23.71 23.70 23.70 23.73 23.67 23.60 22.10 21.27 19.62 17.89
23.62 23.75 23.85 23.86 23.84 23.85 23.89 23.90 23.94 23.99 24.28 26.23 26.83 28.28 29.17 30.61 32.02 33.18 33.35 33.51 33.75
traj-45:
35.14 33.24 31.55 30.87 29.02 28.55 26.71 25.82 23.89 22.39 21.42 21.12 21.22 21.40 21.48 21.60 21.71 21.93 21.41 21.11 20.78 19.24 17.45 16.41 14.63 13.44 11.92 11.34  9.93  8.44  7.95
21.17 21.29 21.32 21.33 22.06 22.04 21.91 21.88 21.71 20.41 19.35 17.99 16.04 14.28 12.58 11.77 10.13  8.32  6.70  5.25  4.75  3.89  4.06  4.14  4.31  4.47  5.45  6.10  7.32  7.88  7.95
traj-46:
35.60 34.23 32.80 31.06 29.43 28.32 26.37 24.69 23.41 21.89 20.32 19.56 18.40 17.26 15.81 14.48 13.27 12.47 11.10  9.85  8.29  7.74
23.53 23.76 23.86 23.85 23.79 23.78 23.80 23.85 22.93 21.80 20.70 20.39 20.22 20.31 20.43 20.59 20.78 21.14 21.10 19.75 18.53 17.72
traj-47:
39.15 37.70 36.11 35.21 33.71 31.81 30.20 28.46 26.47 24.85 22.96 21.26 21.09 21.12 21.17 21.27 21.37 21.50 21.56 20.64 19.14 18.28 16.60
21.31 21.24 21.29 21.31 21.35 21.40 21.48 21.48 21.54 22.09 22.70 22.89 24.37 26.05 26.92 28.72 29.57 31.30 32.73 34.45 35.24 35.46 35.88
traj-48:
36.33 35.08 33.24 31.39 29.66 28.05 26.10 24.93 23.31 22.74 22.20 21.69 21.19 22.01 22.37 22.26 21.89 21.30 20.48 20.17 18.48 17.47 15.57 13.59 12.41 10.95
22.53 22.39 21.85 21.42 21.27 21.19 21.05 21.07 20.21 18.81 17.19 15.37 13.58 11.77  9.91  9.05  7.11  5.79  4.59  4.08  3.41  3.47  3.46  3.49  3.48  3.53
traj-49:
35.66 34.46 33.66 32.38 30.94 29.19 28.21 27.09 25.97 24.54 22.95 21.29 19.39 17.63 16.75 15.59 14.21 13.94 11.96 11.01 10.07  8.68  7.41
21.52 21.53 21.56 21.38 21.38 21.67 22.05 22.26 21.79 21.12 20.15 20.14 20.16 20.28 20.28 20.39 21.10 21.23 21.02 19.83 18.76 17.67 17.16
traj-50:
39.07 37.08 35.35 33.78 32.47 31.00 30.04 28.31 26.89 25.02 23.36 22.91 23.27 23.31 23.32 23.31 23.35 23.81 24.67 25.20 26.67 28.13 29.78 30.32 32.11 32.64
22.13 22.26 22.44 22.63 22.84 22.67 22.47 22.07 21.72 21.46 22.05 22.84 24.26 25.42 26.57 28.31 29.21 30.23 31.22 31.91 33.01 33.16 33.99 34.19 34.90 35.09
traj-51:
34.42 33.02 32.15 30.40 29.25 27.87 25.87 24.02 23.14 22.09 21.85 21.98 21.73 21.86 21.85 21.79 21.42 21.62 22.15 22.05 20.33 18.58 17.14 15.71 15.14 13.43 13.13 11.15  9.76  8.01  6.57  5.14
23.79 23.93 23.84 23.79 23.69 23.56 23.38 22.96 21.58 20.15 18.52 17.20 15.38 14.42 13.25 11.79 10.03  8.29  6.78  5.24  4.52  4.39  4.35  4.47  4.49  4.72  4.76  5.00  5.24  5.74  6.01  6.22
traj-52:
33.64 32.71 31.02 29.04 27.94 26.59 24.62 23.19 22.43 21.03 20.45 19.17 17.45 16.26 14.37 13.62
21.96 22.50 23.24 23.34 23.36 23.65 23.88 24.63 22.82 21.81 20.78 20.34 20.21 20.15 20.39 21.85
traj-53:
35.28 33.81 32.44 30.66 28.71 27.85 26.48 24.55 23.44 22.95 22.12 21.56 21.85 22.17 22.71 22.95 21.61 21.11
23.61 23.75 23.87 23.88 23.91 23.89 23.92 23.97 24.55 25.29 26.77 28.06 29.55 31.42 33.22 34.06 35.37 35.65
traj-54:
36.73 35.65 34.26 32.35 30.43 28.65 26.82 24.95 23.50 23.22 22.96 22.65 22.30 21.74 21.29 21.15 21.12 21.09 21.30 20.14 18.15 16.39 15.80 13.86 12.13 10.99  9.93  8.68  9.13  9.25  9.54
22.87 22.72 22.50 22.13 21.86 21.60 21.64 21.02 20.20 18.74 17.40 16.51 15.30 13.61 12.43 11.16  9.40  7.46  5.75  4.13  4.04  4.10  4.11  4.08  4.14  4.61  5.12  5.99  7.30  7.97  8.07
traj-55:
36.45 34.72 32.99 31.26 29.85 27.90 27.36 25.43 24.85 23.14 22.50 22.02 21.66 19.97 18.22 17.62 15.72 13.74 11.90 10.10  8.64  7.16  5.91
23.23 23.32 23.34 23.38 23.46 23.53 23.57 23.65 23.52 23.27 22.05 21.03 19.95 20.50 20.37 20.29 20.50 20.68 20.73 20.13 19.43 18.66 18.02
traj-56:
36.01 35.71 33.91 32.64 31.02 30.01 28.19 26.80 25.18 23.50 23.29 22.55 22.62 22.53 22.40 20.99 20.04 18.55
22.89 22.87 22.57 22.47 22.46 22.42 23.02 23.45 23.70 23.87 24.09 25.78 26.97 28.87 30.29 31.57 31.99 32.47
traj-57:
37.54 35.56 34.47 32.64 31.12 29.25 28.72 27.00 25.15 24.86 23.69 23.48 23.32 23.24 22.92 23.03 23.08 23.09 23.08 22.99 22.90 21.87 20.11 19.00 17.05 15.65 13.94 12.25 12.08 10.18  8.37
22.92 22.68 22.62 22.36 22.11 21.74 21.64 21.26 21.06 21.02 20.40 18.57 16.74 15.89 14.06 12.30 11.18 10.00  8.51  7.05  5.28  3.77  3.96  3.99  4.09  4.14  4.23  4.76  5.00  4.77  4.53
traj-58:
34.22 33.18 31.20 29.30 27.90 26.54 24.69 23.53 22.76 21.41 21.07 21.00 20.20 18.74 17.26 16.07 14.14 13.84 11.91 10.67  8.93  7.32  5.66
22.93 22.98 23.15 23.36 23.52 23.64 23.79 24.45 25.03 24.13 23.31 21.61 20.38 20.19 20.15 20.13 20.25 20.27 19.86 19.27 18.61 18.01 17.01
traj-59:
35.79 34.64 32.69 31.24 29.65 28.09 26.66 25.51 24.17 22.86 22.71 22.33 22.04 21.43 21.10 20.30 19.08 18.48
23.35 23.42 23.66 23.81 23.82 23.83 23.86 23.86 23.90 25.28 25.79 27.33 28.29 29.78 31.21 32.97 34.16 34.82
traj-60:
38.76 38.18 36.23 35.04 33.58 31.80 29.84 29.28 27.82 27.23 25.78 24.61 23.72 22.95 22.93 22.71 22.61 22.22 22.46 22.56 22.90 22.95 22.90 22.80 22.75 21.97 20.96 19.53 18.42 17.01 16.16 14.89 14.01 12.54 11.29  9.95  8.86
23.46 23.53 23.89 23.87 23.89 23.88 23.82 23.86 23.89 23.89 23.87 23.81 24.33 22.61 20.88 18.98 18.11 16.25 14.78 14.19 12.38 10.41  9.53  7.81  6.18  4.85  4.64  4.16  3.95  3.90  3.90  4.03  4.20  4.50  4.86  5.26  5.65
traj-61:
38.62 38.06 36.39 34.49 33.40 31.42 30.55 29.11 27.36 27.06 25.36 23.81 23.33 22.11 20.53 18.60 16.82 15.59 14.29 13.48 12.19
22.67 22.78 23.14 23.41 23.63 23.83 23.85 23.78 23.71 23.71 23.56 22.83 22.51 21.67 20.72 20.38 20.51 20.58 19.87 19.48 18.63
traj-62:
36.73 35.47 34.08 33.31 31.44 30.89 28.92 28.09 26.71 25.06 23.88 23.41 23.23 23.07 22.70 21.96 20.14 18.43 17.34 16.15
22.82 22.88 22.77 22.89 23.21 23.29 23.57 23.70 23.80 23.97 24.97 26.02 27.33 28.97 29.68 31.04 31.58 31.91 32.12 33.06
traj-63:
34.24 32.32 30.38 28.73 28.46 26.77 25.25 23.36 22.94 22.53 21.41 21.63 22.53 22.57 22.68 22.87 22.60 22.41 22.27 22.05 21.60 21.45 20.31 18.45 16.69 14.98 14.40 12.92 11.53 11.06
21.18 21.42 21.60 21.82 21.94 22.40 23.63 23.32 23.28 22.67 21.04 20.83 19.33 17.81 16.64 14.76 12.84 11.22  9.81  8.03  6.15  5.58  4.07  3.85  4.18  4.40  4.45  4.63  5.90  7.27
traj-64:
33.72 32.03 30.43 28.80 27.11 25.34 23.76 22.25 21.35 20.28 18.84 17.35 15.86 14.18 12.74 11.04  9.56  7.75  6.52
21.45 21.24 21.17 21.31 22.12 21.52 21.60 21.77 21.76 20.60 20.48 20.40 20.39 21.32 22.07 22.14 22.18 21.58 20.93
traj-65:
37.28 36.41 34.43 33.85 31.86 30.71 29.26 27.80 25.84 24.97 23.39 22.42 22.87 23.06 23.04 22.85 22.64
23.47 23.56 23.75 23.81 23.86 23.85 23.86 23.92 24.00 23.99 24.79 26.23 28.09 29.83 31.66 33.58 34.05
traj-66:
34.23 33.05 31.86 30.15 29.85 28.18 26.81 25.41 23.75 23.68 23.60 23.58 22.52 22.67 22.86 22.70 22.47 21.94 21.62 21.36 19.50 18.08 16.67 15.31 13.57 12.22 11.96
22.05 22.25 22.45 22.54 22.51 22.04 21.60 21.09 20.02 18.54 16.82 16.00 14.32 12.98 11.05  9.64  8.49  6.60  5.47  4.61  4.05  4.12  4.14  4.29  4.59  4.86  5.01
traj-67:
34.31 32.85 31.53 30.09 28.42 27.03 25.58 23.90 22.03 21.29 20.04 18.60 17.71 15.93 14.18 12.56 10.61 10.14  8.90
21.04 21.19 21.33 21.61 22.27 22.72 23.16 23.63 23.68 22.06 20.73 20.67 20.61 20.48 20.26 19.71 19.43 19.11 18.29
traj-68:
38.72 36.95 36.12 34.24 32.87 31.15 30.56 28.58 27.39 25.96 24.95 23.61 23.43 22.95 21.25 21.34 21.50 21.62 21.74 23.21 23.43
22.58 22.33 22.26 22.01 21.59 21.43 21.48 21.55 21.30 21.35 21.36 22.79 23.36 24.71 24.48 26.41 28.33 29.79 30.64 31.94 32.14
traj-69:
35.43 34.95 33.26 32.04 30.75 28.98 27.05 26.45 24.99 23.52 23.61 23.71 23.80 23.77 23.36 23.30 22.96 22.69 22.41 21.68 20.62 18.86 18.05 16.47 15.26 13.54 11.69 10.17  9.41
21.84 21.75 21.45 21.27 21.31 21.40 21.28 21.23 21.07 20.03 18.25 16.81 15.64 13.90 12.11 11.81 10.08  8.40  6.66  5.43  4.27  3.99  3.87  3.64  3.58  3.78  3.90  3.82  3.65
traj-70:
39.17 38.88 37.12 36.26 34.55 33.69 31.94 30.46 29.60 28.15 26.20 24.68 23.06 21.64 21.20 19.51 17.76 16.86 15.24 13.30 12.18 10.31  8.69  7.06  6.60
23.74 23.68 23.53 23.57 23.74 23.85 23.88 23.89 23.87 23.82 23.81 23.78 22.73 21.90 20.82 20.10 20.22 20.31 20.50 20.59 19.79 19.85 19.98 19.66 19.54
traj-71:
37.94 36.20 34.44 33.32 31.83 30.36 30.23 28.36 27.77 25.88 24.52 23.71 22.00 21.34 21.05 21.05 21.06 21.13 21.23 21.02 21.19 21.70 22.18 23.92
21.11 21.02 21.03 21.07 21.01 22.02 22.29 22.95 22.87 22.71 22.47 22.36 22.77 23.27 24.72 25.32 26.77 27.95 28.80 30.56 31.86 33.19 34.46 35.08
traj-72:
34.77 33.41 31.79 31.21 29.83 28.10 26.12 24.98 23.74 22.84 22.87 22.70 22.60 22.58 22.56 22.66 22.95 22.98 22.72 22.26 22.09 21.57 20.99 19.33 17.58 16.12 15.24 13.52 11.83 10.59
22.71 22.95 23.19 23.32 23.67 23.83 23.81 23.84 24.58 23.19 21.27 19.59 17.63 16.77 15.01 13.56 11.69 11.39  9.46  7.79  7.28  5.38  4.58  3.81  3.94  4.13  4.24  4.39  3.87  3.51
traj-73:
34.29 33.70 31.93 30.11 28.74 28.07 26.48 25.02 23.74 22.92 21.74 21.25 19.38 17.59 15.83 14.05
21.99 21.84 21.65 21.47 21.53 21.55 22.06 23.36 23.86 22.73 21.29 21.04 20.56 20.41 20.24 20.00
traj-74:
35.04 33.42 32.58 30.59 29.27 27.29 25.87 24.73 23.45 21.91 21.97 22.37 23.08 23.50
22.72 23.21 23.50 23.70 23.85 23.83 23.88 23.91 23.97 24.82 26.73 27.43 29.24 30.25
traj-75:
38.91 37.49 35.63 33.69 32.83 31.03 30.58 28.66 26.66 24.89 23.19 22.93 22.59 22.17 21.91 21.62 21.27 21.19 21.15 22.00 22.43 21.59 21.16 20.14 18.41 16.84 15.80 13.90 12.73 11.14 10.10  9.47
23.62 23.53 23.46 23.63 23.65 23.77 23.75 23.78 23.80 23.59 22.65 21.50 19.65 17.93 16.87 15.19 13.40 11.76  9.83  8.11  7.49  5.71  5.38  3.84  4.00  4.22  4.43  4.55  4.76  5.61  5.94  6.27
traj-76:
33.63 31.64 30.54 28.82 27.72 25.98 24.30 22.55 22.28 22.04 20.39 18.58 17.11 16.82 15.01 14.71 12.96 11.80 10.41
23.62 23.62 23.61 23.69 23.76 23.84 23.88 24.39 22.94 22.09 20.97 20.60 20.33 20.26 20.49 20.46 20.46 20.15 19.74
traj-77:
35.32 33.92 32.30 30.70 29.19 27.20 25.75 25.05 23.72 22.77 22.27 21.34 21.27 21.38 21.55 22.38 23.16 23.99 24.80
21.89 21.69 21.35 21.32 21.34 21.24 21.04 21.77 23.23 24.65 25.37 26.82 27.11 29.07 29.95 30.99 32.09 33.56 34.56
traj-78:
38.15 37.11 35.32 34.02 32.36 30.88 29.04 27.28 25.39 24.50 22.74 21.99 22.34 22.42 22.53 22.94 22.73 22.47 22.27 21.95 21.70 21.13 20.51 18.69 17.88 15.99 15.16 13.38 11.67
22.27 21.79 21.54 21.37 21.20 21.22 21.31 21.48 21.17 21.09 20.30 18.64 17.09 16.55 14.78 13.10 11.43 10.30  9.48  7.85  6.69  5.14  4.16  4.10  3.99  3.98  3.99  3.97  3.94
traj-79:
35.73 33.96 32.15 30.21 28.28 26.78 25.11 24.30 23.96 22.21 21.19 19.41 17.63 15.93 15.54 14.00 13.36 11.97 11.17  9.95  9.28
21.01 21.01 21.11 21.21 21.35 21.43 21.21 21.05 20.83 20.14 19.68 20.34 20.23 20.10 20.09 19.29 19.05 18.43 18.07 17.45 17.06
traj-80:
37.00 36.30 34.54 33.40 31.74 29.80 27.98 26.75 25.01 23.83 22.76 22.66 22.96 22.63 22.06 21.39 19.72 19.06 17.62 16.84 15.02 14.14 12.25 10.61 10.33
22.50 22.48 22.11 21.80 21.24 21.16 21.15 21.20 21.13 21.22 22.84 24.44 25.85 27.76 28.98 30.44 31.22 31.53 32.02 31.64 31.37 31.43 31.62 32.18 32.27
traj-81:
39.14 38.01 36.45 34.63 33.47 31.71 29.96 29.18 28.02 26.29 25.14 24.23 23.93 23.29 23.09 22.87 22.50 22.32 22.09 21.77 21.75 21.63 21.34 20.32 19.13 17.83 16.24 14.49 12.73 10.79  9.09  8.16
23.05 23.27 23.52 23.80 23.82 23.91 23.91 23.89 23.82 23.80 23.75 23.69 22.11 20.38 19.17 17.22 15.78 14.80 13.56 11.77  9.98  8.21  6.24  4.68  4.28  4.34  4.46  4.57  4.67  4.71  4.12  3.87
traj-82:
37.45 35.72 34.06 32.06 30.32 28.37 27.77 26.05 24.62 23.45 22.97 21.58 20.27 19.13 17.66 16.80 15.02 13.74 11.78 10.62  9.38  8.21  6.74  5.66
23.60 23.72 23.82 23.79 23.87 23.90 23.88 23.80 23.76 23.67 23.01 21.80 20.42 20.14 20.23 20.27 20.31 20.42 20.66 20.51 20.48 20.25 19.10 18.25
traj-83:
35.97 34.78 33.35 31.94 30.24 29.44 27.70 26.55 25.41 23.93 22.46 22.62 22.74 22.84 22.34 21.56 21.00
23.48 23.50 23.55 23.64 23.69 23.77 23.88 23.83 23.74 23.53 24.64 26.07 27.28 28.39 30.27 31.59 32.41
traj-84:
33.80 32.47 30.50 28.56 26.79 25.92 24.00 22.07 21.96 22.41 22.72 23.07 22.94 22.81 22.72 22.49 22.37 22.18 21.89 21.67 21.41 20.56 19.13 17.17 16.06 14.98 13.82 12.00 10.66  9.88  8.03
23.30 23.67 23.87 23.85 23.88 23.87 23.90 23.76 22.20 20.78 19.72 17.75 16.57 15.31 13.82 11.92 10.49  9.19  7.76  6.61  5.46  4.27  3.80  3.96  3.96  4.03  4.05  4.75  5.40  5.90  6.59
traj-85:
39.03 37.66 35.93 34.49 33.06 31.59 29.89 28.19 27.04 25.29 23.68 22.32 21.69 20.86 18.89 18.30 16.55 15.16 14.96 13.44 12.19 10.47  8.83
23.49 23.73 23.88 23.88 23.87 23.87 23.90 23.89 23.92 23.90 23.86 22.88 21.24 20.34 20.14 20.15 20.27 20.60 20.82 21.81 21.75 21.87 22.19
traj-86:
36.90 35.00 33.54 32.44 30.48 29.39 28.54 27.19 25.48 24.60 23.54 23.42 22.95 22.66 21.52 20.56 21.05 19.70 18.88
21.79 22.09 22.24 22.36 22.74 23.13 23.38 23.76 23.87 23.96 25.64 25.91 27.70 29.40 30.95 31.72 33.63 34.64 34.86
traj-87:
35.40 34.17 33.06 31.61 30.20 28.29 26.34 25.84 24.32 23.71 22.84 22.74 22.42 22.33 22.22 22.11 21.73 21.57 21.30 21.02 20.08 19.48 17.72 16.32 15.19 13.47 12.35 10.55  9.58  8.02  7.17  5.73  5.18
21.70 22.13 22.60 23.20 23.39 23.67 23.89 23.97 22.88 21.56 20.03 19.27 17.38 15.59 13.80 12.23 10.55  9.45  8.05  6.11  4.85  4.81  4.62  4.69  4.71  4.70  4.65  4.98  5.46  5.74  6.17  6.90  7.14
traj-88:
38.77 37.06 35.21 33.28 31.64 29.84 28.29 26.47 25.22 23.33 22.20 20.44 19.32 17.56 15.82 15.09 14.91 14.30 12.98 11.94 11.70
21.21 21.23 21.23 21.19 21.25 21.27 21.33 21.34 21.43 21.34 21.16 20.73 20.49 20.33 20.18 20.30 20.54 20.82 19.32 17.65 17.47
traj-89:
34.72 33.19 31.41 29.64 29.04 27.17 25.40 23.73 22.16 21.53 21.36 21.87 22.48 23.20 23.99 24.95 25.44 25.65
22.64 21.85 21.14 21.16 21.14 21.26 22.14 22.79 23.81 24.37 25.23 26.80 28.58 30.39 32.18 33.76 35.00 35.21
traj-90:
36.20 34.33 32.93 31.51 30.93 29.22 27.23 25.48 24.90 23.47 23.24 23.09 22.01 22.05 22.11 22.16 22.32 22.47 22.58 22.72 22.91 22.94 22.90 22.76 22.03 21.55 20.96 19.57 17.79 16.19 14.83 13.56 11.88
22.65 23.16 23.38 23.60 23.65 23.92 23.96 23.94 23.93 24.73 25.82 26.96 25.33 23.60 21.97 20.99 19.39 18.46 16.63 15.30 14.34 12.64 10.91  9.02  7.19  5.52  4.68  4.10  3.94  3.89  3.88  3.93  4.20
traj-91:
33.94 32.14 30.23 28.52 26.57 24.87 23.39 22.81 22.54 21.06 20.51 19.19 17.72 16.25 15.38 13.76 12.79 11.78  9.96  8.67
22.29 22.89 23.39 23.50 23.75 23.85 22.80 22.16 22.03 20.97 20.75 20.17 20.17 20.19 20.20 20.37 20.61 20.87 20.08 19.61
traj-92:
38.48 38.18 36.47 35.33 33.63 32.05 30.52 29.23 27.74 26.38 24.98 23.29 21.68 21.39 21.33 21.52 21.44 21.52 22.34 22.66 23.86 25.78 26.71 28.46 29.31 31.10 31.35 33.00 34.46
21.35 21.33 21.18 21.16 21.19 21.27 21.40 21.54 21.49 21.24 21.15 22.09 22.65 22.70 23.91 25.31 26.28 27.76 29.04 29.52 31.04 31.27 31.46 32.07 32.56 33.32 33.78 34.76 35.34
traj-93:
34.81 33.50 31.60 31.01 29.26 27.34 25.76 24.06 23.41 23.26 22.86 22.64 22.77 23.11 23.14 23.27 23.09 23.04 22.78 22.73 21.00 20.28 18.51 16.56 15.38 13.61 12.19 10.52 10.27  8.34  7.58  6.32  5.43
21.92 22.00 22.34 22.30 21.99 21.63 21.34 21.03 19.32 18.16 16.46 15.43 13.57 11.68 11.38  9.63  7.88  7.28  5.59  5.29  4.29  4.24  3.87  4.12  4.28  4.53  4.68  5.46  5.63  5.58  5.44  4.32  3.50
traj-94:
37.67 35.79 33.90 32.75 31.33 30.34 29.03 27.34 25.97 25.06 23.55 22.06 21.10 19.74 18.85 17.40 15.92 13.97 13.80 11.87 10.38  8.60
22.17 21.80 21.63 21.55 21.38 21.28 21.37 21.53 22.03 22.26 22.69 22.68 21.28 20.61 20.56 20.47 20.40 20.51 20.76 20.39 21.40 22.10
traj-95:
38.80 37.04 36.16 34.72 32.96 31.23 30.36 28.60 26.83 25.11 24.81 23.03 22.74 22.35 22.23 21.76 21.41 19.45 17.47 16.42 14.54 12.99 12.22 10.45  8.93  7.79
23.79 23.83 23.85 23.87 23.87 23.89 23.88 23.89 23.88 23.75 23.73 24.62 26.06 27.77 28.34 29.98 31.37 31.54 31.49 31.25 31.37 31.36 31.54 32.16 32.68 33.95
traj-96:
34.40 33.16 32.08 30.93 28.95 27.29 25.51 24.12 23.92 23.17 22.73 22.71 22.60 22.53 22.67 22.66 22.35 21.96 21.27 20.50 18.60 16.73 15.00 14.71 12.94 12.06 10.25  8.58  7.02  5.93
23.69 23.87 23.93 23.90 23.88 22.90 23.03 21.68 21.35 19.66 18.73 17.15 15.23 13.55 11.76 10.50  9.08  7.32  5.75  4.41  4.07  4.26  4.41  4.46  4.71  4.73  5.32  5.96  6.70  7.20
traj-97:
37.40 35.71 34.92 33.39 32.46 30.88 30.08 28.51 26.84 26.28 24.67 23.02 22.90 20.95 20.11 18.36 17.47 15.88 14.54 14.57
23.22 22.88 22.74 22.44 22.15 21.84 21.71 21.47 21.26 21.18 21.04 20.11 20.02 20.07 20.14 20.25 20.32 20.51 19.73 19.24
traj-98:
37.78 37.10 35.50 34.30 32.42 30.88 28.97 27.80 26.04 24.04 22.09 21.41 21.39 21.78 22.11 22.36 22.95 23.11 24.10 24.48
21.77 21.78 21.95 21.95 22.01 23.17 23.71 23.81 23.85 23.89 23.76 24.72 26.09 27.60 29.07 29.71 31.51 31.77 33.47 33.91
traj-99:
36.47 37.56 37.06 35.49 34.25 32.64 31.44 29.46 28.38 26.93 25.90 24.85 23.61 22.93 23.03 22.88 22.85 22.86 22.50 22.26 22.00 21.58 21.33 20.36 19.25 17.48 16.09 14.11 13.19 11.51  9.82  8.26  6.68
23.40 22.45 22.28 22.08 22.01 21.84 21.80 21.59 21.44 21.25 21.23 21.21 20.21 18.55 17.17 15.23 13.84 12.94 11.07  9.64  8.49  6.99  5.93  4.38  4.23  4.02  4.12  4.25  4.36  5.31  5.76  6.30  6.69
traj-100:
34.54 33.45 31.74 30.53 29.11 27.28 25.50 24.60 23.04 22.55 20.98 20.38 18.62 17.47 15.69 13.70 12.74 12.75 13.80
21.61 21.47 21.39 21.28 21.23 21.09 21.09 21.09 21.12 21.15 20.93 20.87 20.84 20.80 20.74 20.54 18.82 18.51 17.10
traj-101:
34.51 34.22 32.41 31.12 30.32 28.84 27.93 26.11 25.35 23.82 23.37 22.28 21.74 21.57 22.01 22.83 21.67 20.37 18.57 16.61 15.35 13.61 12.36 10.44  9.88
22.10 22.08 21.86 22.18 22.32 22.80 22.96 22.46 22.92 23.68 23.90 25.41 26.29 26.71 28.47 29.99 31.55 31.65 31.96 32.15 32.43 32.66 32.85 33.22 33.39
traj-102:
37.83 36.45 35.29 34.13 32.69 30.98 28.99 27.29 26.10 24.19 23.98 23.75 23.23 23.13 23.05 23.03 22.91 22.82 22.54 22.37 22.03 21.91 21.39 21.12 20.30 18.37 17.77 15.89 15.02 13.38 11.68 10.81  9.76  8.29  6.59  6.25
23.40 23.62 23.78 23.83 23.84 23.78 23.83 23.85 23.83 23.85 23.12 21.32 20.76 18.84 17.67 15.69 14.56 13.25 11.30  9.54  7.88  7.30  5.92  5.39  4.12  4.01  4.06  3.90  4.05  4.35  4.74  5.09  5.44  4.37  3.54  3.08
traj-103:
36.61 34.81 34.23 32.38 31.49 30.36 28.60 26.99 25.22 24.92 23.06 21.41 19.99 18.50 17.74 15.77 14.60 14.34 12.53 11.63 10.19  8.42  7.71
21.08 21.05 21.04 21.10 21.08 21.08 21.15 21.11 21.10 21.10 21.11 21.17 20.99 20.90 20.85 20.94 20.97 21.12 21.64 21.38 20.92 20.44 20.28
traj-104:
36.95 35.20 33.77 31.79 30.36 28.65 27.26 26.15 24.22 22.68 22.85 23.21 23.41 23.45 24.98 25.65 27.28 28.52 30.32 31.87 32.97 33.49
23.75 23.78 23.79 23.82 23.83 23.81 23.79 23.76 23.91 25.11 26.21 28.09 29.79 30.17 31.04 31.34 32.12 32.63 33.33 34.11 34.72 35.02
traj-105:
39.16 37.22 35.68 33.72 32.51 30.83 29.83 29.25 27.34 26.07 24.49 23.11 22.93 21.52 22.54 22.97 23.01 23.18 22.91 22.41 21.95 21.58 21.27 20.20 19.49 17.74 16.26 14.79 13.07 12.78 10.98 10.01  8.88
21.83 21.45 21.28 21.23 21.23 21.40 21.55 21.67 21.92 22.51 22.71 21.28 20.82 19.61 17.95 16.09 15.80 14.04 12.12 10.50  8.79  7.10  5.66  4.18  3.95  4.09  4.27  4.43  4.57  4.62  5.18  6.12  7.29
traj-106:
34.70 33.46 32.28 30.45 29.15 27.50 25.70 24.05 22.51 22.02 20.37 18.62 17.15 15.39 14.53 14.49 14.61
22.18 21.95 21.86 21.86 21.93 21.86 21.71 21.46 20.96 20.78 20.08 20.20 20.29 20.31 20.36 18.98 17.31
traj-107:
37.75 35.92 34.05 32.24 30.42 28.88 27.93 26.55 25.78 24.41 23.53 23.57 23.66 23.75 23.84 24.67 25.71 26.06 27.22
22.18 21.53 21.42 21.37 21.41 21.34 21.42 21.65 21.84 22.75 23.65 25.45 27.23 28.67 30.11 31.84 33.14 33.51 34.66
traj-108:
38.69 37.04 35.32 34.17 32.43 30.44 29.29 27.53 25.82 24.52 22.94 22.00 22.03 22.28 22.48 22.62 22.35 22.36 22.24 22.48 22.40 22.19 22.09 21.43 20.60 19.65 17.77 16.31 15.20 13.48 12.00 11.22  9.95  9.05  7.52  5.88
23.27 23.56 23.70 23.80 23.85 23.79 23.79 23.80 23.89 24.00 24.75 23.10 21.24 20.20 18.65 17.10 15.80 15.07 13.14 11.18  9.71  7.95  7.06  5.88  4.53  4.14  3.94  4.25  4.39  4.62  4.82  5.70  6.54  7.20  6.50  5.63
traj-109:
38.07 36.44 34.71 33.27 31.56 30.43 28.96 27.01 25.56 24.19 22.46 21.79 20.06 19.18 17.73 16.25 14.80 14.54
22.91 23.46 23.73 23.77 23.81 23.85 23.84 23.84 23.73 23.62 22.94 21.41 20.63 20.63 20.67 20.64 20.42 19.33
traj-110:
33.63 31.91 29.91 28.75 26.83 24.86 23.30 22.97 22.43 22.11 21.51 20.02 18.25 17.60 15.98 14.48 13.22 12.16 10.75
23.65 23.88 23.87 23.87 23.93 23.95 24.99 25.81 27.74 28.79 30.51 31.73 31.61 31.60 31.45 31.36 32.03 32.31 32.82
traj-111:
33.87 32.77 31.33 29.60 28.74 26.76 25.00 23.34 22.68 22.17 21.95 22.15 22.49 22.68 22.59 22.70 22.29 21.90 21.41 20.41 19.44 17.70 15.74 14.57 13.12 11.46 10.09  8.34  7.13
23.71 23.77 23.87 23.91 23.91 23.94 23.93 22.84 21.37 20.00 18.16 16.68 14.94 13.01 11.66  9.67  8.28  7.23  5.89  4.20  4.22  4.20  4.25  4.33  4.63  4.99  5.59  6.18  6.59
traj-112:
37.33 36.50 35.07 33.60 31.88 31.02 29.86 29.02 27.28 25.83 24.08 23.96 23.92 23.57 22.68 20.87 20.57 18.87 17.13 15.95 15.01 14.47
23.51 23.70 23.91 23.86 23.88 23.86 23.86 23.83 23.84 23.87 23.55 23.27 22.97 22.20 21.30 20.45 20.43 20.19 20.18 20.26 20.71 21.44
traj-113:
34.68 33.22 32.10 30.64 28.65 28.11 26.65 24.90 24.61 22.98 22.68 22.19 21.65 21.64 20.23 18.96 17.71 16.79 15.11 14.84
22.56 23.22 23.43 23.67 23.82 23.88 23.82 23.71 23.64 24.77 25.53 26.93 28.74 29.92 31.20 31.50 31.80 32.12 32.59 32.72
traj-114:
36.51 35.01 33.47 32.84 31.45 30.57 28.99 27.71 27.25 25.87 24.21 23.02 22.86 22.90 23.03 22.99 22.93 22.60 22.27 22.06 21.89 21.71 21.36 19.70 17.78 15.84 14.08 12.63 11.19  9.45  9.15
22.42 21.77 21.24 21.27 21.32 21.31 21.53 21.83 22.02 22.13 22.41 21.41 19.69 17.99 16.13 15.32 13.36 11.42 10.63  8.99  7.55  6.09  5.00  3.95  3.53  3.63  3.58  3.44  3.33  3.20  3.18
traj-115:
37.37 35.45 34.16 32.31 32.02 30.16 28.44 27.03 25.51 24.25 22.38 21.22 19.56 18.08 16.89 16.00 14.92 14.32
21.08 21.30 21.43 21.66 21.59 21.52 21.48 22.43 22.40 22.38 22.37 21.53 20.76 20.65 20.56 20.46 19.89 18.42
traj-116:
35.96 34.34 33.93 33.71 31.95 30.18 28.68 26.79 25.09 23.60 22.51 21.05 21.38 21.51 21.86 21.69 20.66 19.52 17.66 16.91 14.98 13.07 11.69 10.55  8.89
22.68 22.00 21.72 21.51 21.05 21.18 21.31 21.44 22.22 22.96 23.57 24.25 25.93 26.49 28.19 30.06 31.09 32.00 32.53 32.31 32.27 32.59 32.42 32.36 32.70
traj-117:
35.95 34.93 33.00 31.50 29.69 28.40 27.25 25.72 24.22 23.70 22.61 22.26 21.99 21.20 21.11 21.32 21.76 22.16 22.06 21.52 21.48 21.24 20.16 18.73 17.07 15.91 13.93 12.70 11.32  9.99  9.67  8.04  6.52  6.31
22.95 22.68 22.18 21.86 22.10 22.27 22.42 22.38 22.20 21.79 20.39 19.13 17.96 16.14 15.55 13.86 12.02 10.57  8.70  7.23  6.76  6.35  4.87  4.87  4.91  4.93  4.93  4.92  6.34  7.62  7.67  6.60  5.36  5.14
traj-118:
33.73 32.57 31.40 30.54 29.07 28.48 26.50 24.55 23.79 21.92 21.43 21.14 20.00 18.81 17.05 15.71 14.77 12.92 11.64 10.66  9.21  8.79  7.15  5.85
23.80 23.76 23.79 23.83 23.88 23.88 23.88 23.87 24.26 24.90 24.17 22.27 20.76 20.61 20.61 20.73 21.25 21.72 21.22 20.66 19.71 19.47 18.54 17.78
traj-119:
36.20 35.59 33.63 31.79 30.97 29.01 27.92 26.56 25.16 24.37 23.20 22.94 22.67 22.77 22.16 20.76 19.52 18.24 16.64 15.84 13.93
21.88 21.85 21.49 21.39 21.35 21.19 21.21 21.54 22.50 22.83 24.42 25.81 27.19 28.37 30.17 31.25 31.85 32.43 33.20 33.57 34.06
traj-120:
38.30 36.59 34.59 33.12 31.13 29.41 27.67 26.50 25.34 23.81 23.62 23.43 22.91 22.59 22.50 22.63 21.51 22.10 22.30 22.64 22.67 22.23 22.00 21.80 21.70 20.36 18.53 16.64 14.68 12.99 11.90 10.76
23.78 23.86 23.89 23.85 23.83 23.85 23.87 23.87 23.82 23.63 22.47 21.39 19.79 19.00 17.12 16.85 15.30 13.44 13.22 12.73 10.85  9.10  8.00  6.06  5.48  4.18  4.07  3.96  4.21  4.67  4.90  5.21
traj-121:
38.54 36.79 35.00 34.26 32.68 31.67 29.92 28.98 27.49 26.68 24.94 23.14 22.11 21.56 19.76 17.97 16.79 15.76 14.65 14.04
23.49 23.60 23.81 23.76 23.67 23.66 23.78 23.82 23.78 23.75 23.53 22.73 21.78 21.25 20.44 20.41 20.43 20.59 20.87 21.30
traj-122:
37.18 35.48 34.36 33.25 32.08 30.37 29.48 27.50 25.79 24.95 23.25 22.82 22.44 22.06 21.58 20.47 18.71 16.78 16.32 14.62 13.65 11.97 10.15
23.47 23.62 23.72 23.73 23.79 23.77 23.63 23.74 23.74 23.75 24.75 26.13 27.44 28.39 30.01 31.22 32.06 32.16 32.08 32.09 32.05 31.88 31.77
traj-123:
37.97 37.50 35.70 34.05 32.32 30.42 29.69 28.27 26.88 25.07 24.65 22.88 21.37 21.37 21.62 21.62 22.64 22.87 22.98 23.14 22.95 22.59 22.45 22.25 21.68 21.57 20.64 18.87 17.10 15.68 13.73 11.92 10.49  9.51
22.68 22.51 22.06 21.14 21.22 21.37 21.41 21.54 22.22 22.98 23.20 24.02 23.03 21.10 20.07 19.77 18.38 17.08 15.84 14.41 13.29 11.68 10.32  8.67  6.88  6.19  4.46  3.96  3.89  3.88  3.78  3.75  3.86  3.83
traj-124:
37.74 36.41 34.74 32.92 31.51 29.96 29.23 27.84 26.35 25.65 23.98 22.42 20.56 18.60 17.40 15.57 15.07 14.92 13.44 11.49  9.58  9.28
21.54 21.13 21.28 21.41 21.36 21.33 21.36 21.32 21.53 21.68 22.14 21.29 20.64 20.45 20.32 20.53 20.73 20.99 22.13 22.17 22.24 22.24
traj-125:
38.21 37.50 36.15 35.28 33.31 31.41 30.82 28.95 27.58 26.33 25.06 24.82 23.67 23.30 22.59 22.22 22.90 23.14 22.44 20.64 19.22 17.65 17.39
21.71 21.77 21.77 21.84 22.15 22.22 22.29 22.48 22.66 22.88 23.18 23.36 24.67 25.44 27.03 27.93 29.72 30.51 32.17 33.02 33.94 34.89 35.05
traj-126:
34.33 33.52 31.78 30.09 28.40 27.27 26.16 24.30 23.32 23.23 22.23 21.07 21.11 21.33 21.44 22.22 22.59 22.67 22.60 22.59 22.19 22.25 22.46 22.37 22.56 22.08 21.46 20.32 19.44 18.36 16.98 15.24 13.53 12.08 11.19
23.60 23.81 23.90 23.82 23.82 23.78 23.73 23.92 25.49 25.78 27.23 26.16 24.29 24.08 22.87 21.33 20.13 18.20 16.28 15.70 13.80 13.51 11.80 10.64  9.29  7.64  5.99  4.47  4.13  3.99  4.11  4.34  4.62  4.76  4.84
traj-127:
34.35 32.72 32.14 30.44 28.71 26.95 25.78 24.89 23.17 22.21 21.85 20.13 18.66 16.88 14.93 13.67 11.68 10.25  9.10  7.41  5.85  5.30
23.17 23.49 23.60 23.64 22.87 23.05 23.14 23.20 22.37 21.16 21.23 20.66 20.58 20.50 20.67 20.91 21.03 21.05 21.50 22.03 22.50 22.67
traj-128:
38.32 36.85 35.22 33.52 32.09 30.36 28.39 26.98 25.28 23.60 23.41 23.30 23.27 23.13 22.03 20.60 19.04 17.08 16.51 14.78 13.23 11.73 11.39
22.31 22.88 23.47 23.86 23.90 23.88 23.94 23.96 23.99 24.83 26.26 27.66 29.13 30.62 32.01 32.06 32.16 32.20 32.23 32.45 32.56 33.47 33.67
traj-129:
33.61 33.12 31.17 30.22 28.28 26.93 25.07 23.35 22.33 22.01 22.16 22.42 22.58 22.78 22.28 22.03 21.59 21.01 20.87 19.29 17.68 16.12 14.39 12.50 10.83  9.27  7.58  6.17  5.58
21.83 21.70 21.67 21.47 21.26 21.32 21.12 20.10 18.39 16.52 14.81 13.50 12.70 10.86  9.28  8.42  6.77  5.12  4.86  3.91  3.89  3.89  3.84  4.20  3.97  4.11  4.34  4.48  4.44
traj-130:
36.01 34.15 32.82 31.82 30.01 28.46 26.65 25.13 24.19 22.64 21.34 20.12 19.75 18.03 16.84 15.08 14.78 13.13 11.76
21.37 21.23 21.28 21.30 21.32 21.27 22.03 22.75 23.24 22.59 21.48 20.60 20.51 20.31 20.19 20.08 20.05 19.59 19.82
traj-131:
35.43 34.90 33.16 32.56 30.81 30.23 28.53 26.80 25.61 24.76 23.77 23.13 22.20 21.22 21.02 20.10 18.23 16.32 14.53 13.08 11.90 10.47
23.37 23.59 23.83 23.83 23.84 23.84 23.88 23.94 23.93 23.92 24.46 25.98 27.49 28.87 30.10 31.47 31.21 31.15 32.01 32.36 32.72 33.19
traj-132:
38.95 38.13 36.71 34.82 34.31 32.51 31.87 30.42 28.51 26.62 25.52 23.82 23.69 23.54 23.49 23.37 22.86 22.67 22.48 22.42 22.07 21.75 20.33 18.60 18.01 16.04 14.86 13.08 11.60 10.72 10.62  9.57
22.99 22.99 22.94 22.62 22.60 22.52 22.40 22.17 21.61 21.35 21.10 20.20 18.75 17.28 15.81 14.13 12.36 11.51  9.61  8.85  7.16  5.76  4.54  4.29  4.25  4.28  4.42  4.62  5.66  7.06  7.50  8.43
traj-133:
37.87 36.17 34.42 32.45 30.47 28.47 27.60 25.61 24.19 22.25 21.46 20.01 18.55 16.75 16.16 14.70 13.85 12.03 10.67  8.88  8.59
23.77 23.80 23.76 23.56 23.72 23.76 23.78 23.80 23.76 23.47 21.86 20.84 20.84 20.76 20.69 20.54 20.45 19.82 19.51 18.92 18.85
traj-134:
38.30 37.52 36.03 34.66 32.97 31.23 29.33 27.70 26.38 25.09 24.81 23.08 22.68 23.17 23.34 23.48 23.58 24.62 26.48 27.62 29.19 29.59
21.70 21.56 21.28 21.36 21.39 21.37 21.58 21.16 21.38 22.24 22.36 22.92 24.65 26.16 27.64 29.13 30.01 31.40 31.39 31.34 32.23 32.67
traj-135:
38.55 37.97 36.29 34.56 33.71 31.78 30.34 29.17 28.31 26.63 24.89 23.66 23.46 23.08 23.12 22.94 22.97 22.96 22.91 22.91 22.86 22.84 22.74 22.35 21.98 21.61 20.35 18.83 17.73 15.77 14.89 13.75 12.34 10.97  9.07  7.23  6.04
23.10 23.21 23.40 23.55 23.60 23.68 23.75 23.77 23.80 23.83 23.90 22.99 21.75 19.96 18.60 16.71 15.60 14.50 12.79 12.21 10.78 10.18  8.75  7.64  6.56  5.46  4.28  4.13  4.16  4.09  4.22  4.38  4.57  5.30  5.64  5.92  6.01
traj-136:
37.19 35.24 33.61 31.78 30.07 28.34 26.39 24.43 23.87 23.74 22.38 21.84 20.64 19.67 18.53 17.64 16.16 14.78 14.35 12.67 10.96  9.30
23.41 23.77 23.82 23.80 23.76 23.72 23.73 23.72 23.70 23.43 22.41 21.83 20.63 20.35 20.32 20.24 20.16 20.30 20.92 21.49 22.01 21.95
traj-137:
37.24 36.18 34.53 33.34 31.58 29.73 29.43 27.50 25.70 24.10 22.36 22.10 21.43 21.94 22.35 22.57 23.10 23.13 23.94
21.79 21.43 21.14 21.10 21.12 21.27 21.25 21.25 21.46 21.46 22.01 22.16 23.12 24.99 26.53 28.10 29.89 30.48 32.19
traj-138:
36.89 36.07 34.18 32.41 30.64 29.12 27.80 26.64 26.04 24.39 23.63 23.32 23.20 23.15 22.95 22.91 22.57 22.21 22.02 21.81 21.50 20.32 18.50 17.11 15.39 14.31 12.61 11.45 10.23  9.45
21.45 21.29 21.30 22.11 22.15 22.07 21.59 21.30 21.24 21.28 20.50 19.08 17.90 16.75 14.78 13.46 11.63  9.73  7.81  6.98  5.53  4.27  4.17  3.98  4.08  4.10  3.98  3.89  3.66  3.51
traj-139:
38.24 36.36 34.59 33.61 32.32 30.84 29.02 27.19 25.39 23.63 21.91 20.15 18.67 17.20 15.74 14.44 14.02
22.80 22.50 22.19 22.02 21.80 21.60 21.38 21.29 21.20 21.12 20.80 20.68 20.53 20.40 20.28 19.47 19.22
traj-140:
38.61 38.32 36.82 34.85 33.11 31.98 30.52 29.81 27.83 26.20 25.62 24.93 24.07 23.00 21.59 21.86 22.12 22.05 21.99 21.50 21.35
21.12 21.20 21.43 21.66 22.02 21.72 21.32 21.34 21.39 21.29 21.38 22.12 22.73 23.27 24.20 25.50 26.87 28.72 30.71 32.64 33.81
traj-141:
36.92 35.61 34.87 33.27 32.63 31.40 30.01 28.33 26.37 24.95 23.44 22.62 21.49 21.00 21.02 21.09 21.22 21.39 22.03 22.11 22.20 22.54 22.82 22.47 22.16 21.89 21.32 20.45 19.23 18.19 16.63 15.54 13.85 11.94 10.76
21.32 21.35 21.38 22.33 22.60 23.22 23.38 23.54 23.78 23.88 24.84 25.69 24.80 23.81 23.21 21.42 20.13 19.17 17.75 16.64 15.19 13.25 12.14 10.50  8.70  7.25  5.91  4.46  3.98  3.92  3.86  3.77  3.77  4.04  4.10
traj-142:
34.63 33.15 31.39 30.19 28.43 26.90 25.55 24.06 23.07 21.18 19.39 17.60 16.15 14.40 13.16 12.13 10.94  9.75
21.31 21.24 21.05 21.11 21.21 21.25 21.12 21.10 20.59 20.26 20.25 20.31 20.34 20.36 19.56 18.67 17.85 17.03
traj-143:
37.58 36.68 35.56 33.73 32.62 31.22 29.33 28.24 26.82 25.69 24.55 23.57 22.86 22.56 21.99 21.81 21.67 20.89 19.77
22.57 22.60 22.57 22.76 23.06 23.36 23.71 23.71 23.81 23.86 23.89 24.44 24.96 25.02 26.84 28.57 30.15 31.71 33.22
traj-144:
35.76 35.41 33.53 31.86 31.11 29.38 27.52 26.42 25.29 23.82 22.86 22.82 22.59 22.50 22.22 22.02 21.71 21.46 21.61 21.83 21.52 21.21 20.47 19.50 18.92 17.06 15.17 13.46 12.87 11.49 10.15  8.87  7.57
21.86 21.57 21.12 21.33 21.48 22.04 22.44 22.61 22.70 21.68 20.22 19.78 18.16 17.60 15.96 14.85 13.29 12.58 10.63  8.70  7.24  5.79  4.49  4.24  4.10  3.87  4.03  4.31  4.41  4.81  5.66  6.26  6.95
traj-145:
35.71 34.34 32.38 30.62 29.60 28.17 27.05 26.06 25.89 24.54 23.17 21.36 21.17 20.26 19.10 17.63 17.00 15.52 14.92 13.19 11.78 10.04  8.09
21.53 21.85 22.12 21.93 21.73 21.73 21.63 21.77 22.01 22.85 23.35 23.00 21.59 20.12 20.13 20.11 20.13 20.08 20.05 20.37 20.73 21.19 21.52
traj-146:
38.96 37.55 35.84 34.44 33.70 32.12 30.17 28.25 26.53 24.90 23.16 22.21 21.10 21.09 21.11 21.18 21.22
23.20 23.17 22.98 22.80 22.79 22.93 23.22 23.52 23.71 23.83 23.64 23.47 24.44 26.21 27.56 29.31 30.44
traj-147:
38.24 37.38 35.99 34.84 33.79 32.04 31.66 30.34 28.73 26.86 25.19 24.09 23.89 22.04 21.93 21.23 21.48 22.22 22.34 22.16 22.01 22.01 22.22 22.34 22.25 21.81 21.33 21.29 20.38 19.09 17.19 15.81 14.13 13.24 11.51  9.99  8.25  7.12  5.67
22.95 22.84 22.39 22.18 21.73 21.16 21.14 22.51 23.36 23.69 23.85 23.99 24.22 24.78 24.50 22.75 21.65 20.05 18.18 16.53 14.83 14.53 12.84 11.16  9.49  7.80  6.11  5.82  4.23  3.99  4.04  4.11  4.30  4.38  4.65  5.00  5.49  5.70  6.10
traj-148:
36.67 34.99 33.65 32.02 30.62 29.17 27.37 25.77 23.90 22.36 22.03 20.34 18.39 16.61 14.73 12.78 11.08  9.88  7.93  7.33
22.51 22.01 21.60 21.06 21.29 21.62 22.39 23.47 23.80 22.88 21.59 20.99 20.58 20.47 20.48 20.52 20.52 20.62 20.67 20.63
traj-149:
35.89 35.35 33.87 32.14 31.14 29.38 27.45 26.02 24.19 23.57 23.70 23.80 23.81 23.89 23.24 21.38 19.72
21.77 21.64 21.47 21.39 21.47 21.61 21.75 22.19 22.58 24.40 26.19 27.35 29.12 30.29 31.92 32.09 32.37
traj-150:
37.62 36.93 35.37 33.74 32.68 31.55 30.13 28.38 26.49 25.62 24.24 22.47 21.95 21.29 21.17 21.11 21.07 21.22 21.44 22.12 22.34 21.95 21.68 20.64 18.69 17.21 15.24 14.66 12.91 11.92 10.13  8.48  6.73
22.50 22.45 22.50 22.36 22.31 22.33 22.28 22.44 21.80 21.57 21.27 20.68 19.77 18.22 16.40 14.98 13.49 12.24 10.38  8.93  8.26  6.55  5.89  4.22  4.12  4.12  4.07  4.07  4.38  4.94  5.82  5.74  5.39
traj-151:
35.14 34.99 33.11 31.30 29.62 29.04 27.60 26.43 24.49 22.73 21.56 21.17 20.04 19.46 17.69 15.91 15.03 13.16 11.49 10.21  9.93  9.61
21.91 22.17 22.61 23.19 23.58 23.71 23.82 23.57 23.56 23.41 22.10 21.60 20.20 20.26 20.44 20.57 20.59 21.14 20.04 19.45 18.41 17.36
traj-152:
34.10 32.14 30.19 28.70 27.97 26.13 24.83 23.98 22.44 21.42 21.13 21.30 21.51 21.76 22.16 22.42 22.44
21.43 21.30 21.08 21.06 21.06 21.35 22.78 23.48 24.19 24.64 25.99 27.70 29.07 29.85 31.23 33.16 34.77
traj-153:
37.95 36.70 34.89 33.21 32.05 31.21 29.32 28.11 26.13 24.59 23.04 22.69 22.01 21.75 21.20 21.35 21.70 21.93 22.23 22.04 21.77 21.32 20.85 18.85 17.40 15.76 14.89 12.94 11.22 10.51  9.31  7.65  7.37
21.81 22.37 22.05 21.81 21.66 21.64 21.69 21.51 21.65 21.90 20.82 19.77 18.00 17.07 15.38 13.82 12.43 11.39  9.43  7.70  6.55  5.18  3.80  3.79  3.97  4.19  4.28  4.66  5.63  6.39  7.98  8.49  8.60
traj-154:
35.70 35.16 33.27 32.55 30.86 30.32 28.61 26.98 25.02 23.99 22.65 21.48 19.75 18.86 17.39 15.96 14.60 13.69 12.29
22.21 22.20 22.38 22.29 21.96 21.79 22.26 22.61 22.35 21.86 21.32 20.99 20.54 20.56 20.58 20.60 21.31 21.70 21.10
traj-155:
39.08 38.84 37.21 35.46 33.54 32.70 31.18 29.93 29.06 27.31 25.61 24.27 22.82 22.36 22.03 21.70 20.85 19.83 17.84 17.43 15.58 15.02 13.47 12.82 11.44 10.64  9.70  8.38  7.84
21.28 21.11 22.18 23.14 22.73 22.43 22.45 22.42 22.56 22.74 22.97 23.59 24.35 25.76 27.54 29.36 31.14 31.37 31.50 31.62 32.01 32.17 32.65 33.01 33.66 34.18 34.75 35.38 35.64
traj-156:
37.60 36.04 34.06 32.61 30.91 29.10 28.58 26.92 25.38 23.73 23.38 23.27 23.00 23.07 22.74 22.70 22.45 22.16 21.86 21.36 20.32 18.54 17.06 15.29 13.57 12.98 11.96
22.54 22.26 22.14 22.04 21.61 21.47 21.44 21.40 21.25 20.15 18.39 17.80 16.21 14.67 12.82 12.30 10.63  8.91  7.47  5.79  4.36  4.02  4.23  4.44  4.55  4.62  6.19
traj-157:
36.91 36.06 34.37 32.45 31.59 30.19 29.02 27.26 25.55 24.38 22.93 22.47 21.09 20.03 19.43 17.95 16.76 15.44 13.96 12.59 11.17  9.93  8.33  6.71  5.43
23.58 23.56 23.48 23.74 23.79 23.85 23.79 23.72 23.67 23.60 22.98 22.95 21.65 20.71 20.70 20.70 20.77 20.86 21.43 20.83 19.99 19.53 18.59 18.22 17.83
traj-158:
39.05 38.75 36.86 36.06 34.37 33.51 31.61 30.48 29.31 28.13 26.41 24.97 23.65 23.36 22.88 22.47 22.91 23.64
23.01 23.00 23.06 23.13 23.36 23.51 23.72 23.89 23.90 23.90 23.86 23.87 25.36 26.46 28.10 29.97 31.30 33.12
traj-159:
35.25 34.12 32.40 30.66 28.94 27.82 26.12 24.43 23.27 23.03 22.61 22.08 22.38 22.62 22.82 22.62 22.29 22.07 21.95 21.58 21.55 20.93 19.75 18.18 17.40 15.78 14.06 12.60 11.17
23.38 23.54 23.78 23.87 23.89 23.83 23.76 23.65 22.80 21.11 19.85 18.22 16.53 15.18 14.06 12.49 10.90  9.46  7.72  6.00  5.71  4.68  4.11  4.01  4.01  3.99  4.30  4.58  4.62
traj-160:
36.33 34.60 33.16 32.05 30.33 28.85 27.69 25.96 24.51 23.94 22.38 21.38 20.34 18.37 17.21 15.27 14.09 12.64 11.41  9.85  8.99  7.04  5.25
23.72 23.79 23.81 23.83 23.87 23.84 23.82 23.85 23.75 23.69 22.65 21.54 20.73 20.39 20.24 20.43 21.07 21.56 21.42 21.44 21.32 21.14 21.54
traj-161:
33.79 32.44 31.03 29.64 28.81 26.84 24.88 23.51 23.17 22.06 21.35 22.17 23.27 23.69 24.95 26.44 26.71 27.01
22.38 23.55 23.71 23.73 23.70 23.76 23.91 24.76 25.57 27.19 28.48 30.07 31.64 32.59 33.96 35.06 35.19 35.22
traj-162:
36.59 35.11 33.40 32.15 30.40 28.91 27.91 26.95 25.12 23.52 23.58 23.68 23.69 23.62 23.47 23.17 22.77 22.56 22.05 21.76 20.51 18.60 17.49 15.79 13.88 12.79 11.18  9.98  8.10  7.80  5.87
21.70 21.40 21.37 21.15 21.24 21.33 21.48 21.34 21.12 20.10 18.61 17.13 15.14 14.84 13.12 11.32  9.67  8.82  7.17  5.73  4.28  4.16  4.12  3.97  3.90  3.95  4.07  3.98  4.15  4.18  4.12
traj-163:
37.36 35.46 33.81 32.11 30.60 29.33 27.63 27.18 25.28 23.71 23.52 22.16 21.13 20.43 19.11 17.66 15.89 14.39 14.53
22.80 22.67 22.48 22.41 22.28 22.28 21.67 21.43 21.33 21.51 21.74 22.72 21.28 20.95 20.49 20.37 20.14 19.07 18.02
traj-164:
38.61 36.71 34.78 34.48 32.60 31.05 29.61 28.00 26.83 25.18 23.59 22.42 22.15 21.42 21.22 21.47 21.62 21.36 21.14 21.09
21.27 21.13 21.22 21.23 21.26 21.36 21.51 21.45 21.40 21.68 21.81 23.26 23.30 24.55 26.05 27.74 29.51 30.57 32.21 32.81
traj-165:
37.05 36.19 34.43 32.97 32.11 30.12 28.15 26.74 25.36 23.61 22.91 22.71 22.57 22.41 22.37 22.43 22.34 22.25 22.14 21.93 21.79 21.43 21.38 21.06 19.47 18.60 16.96 16.19 14.83 13.64 11.71 10.49  9.43
23.71 23.77 23.83 23.77 23.81 23.88 23.86 23.88 23.95 24.90 24.18 22.55 20.75 18.95 17.77 16.62 15.76 13.84 12.41 10.43  8.81  7.12  6.53  4.78  3.94  3.97  3.90  3.90  3.85  3.95  4.27  4.36  4.54
traj-166:
35.89 34.01 33.14 31.70 31.11 29.37 27.63 26.16 25.05 23.75 22.19 21.17 20.16 18.22 17.06 15.58 14.75 13.13
23.35 23.76 23.82 23.81 23.79 23.84 23.78 23.85 23.86 23.86 23.00 21.73 20.38 20.06 20.13 20.21 20.24 21.35
traj-167:
38.93 37.24 35.88 34.15 32.20 30.45 29.02 27.60 26.46 25.05 24.46 23.49 23.46 23.33 23.31 23.32 24.86 26.28 27.94 29.33 31.24 32.68 34.45
22.89 23.30 23.61 23.83 23.89 23.88 23.83 23.83 23.82 23.74 23.65 25.31 25.89 27.63 29.60 30.20 31.02 31.13 31.17 31.50 31.95 32.56 33.39
traj-168:
38.91 37.91 36.86 35.12 33.72 32.29 30.59 28.87 27.72 26.32 24.96 23.81 22.31 22.07 22.01 22.07 21.88 22.23 22.50 22.70 22.91 23.07 23.08 22.94 22.82 22.43 22.35 20.65 18.95 17.19 15.49 14.02 12.17 10.36  9.28
23.47 23.37 23.28 23.43 23.55 23.65 23.79 23.80 23.84 23.84 23.85 24.53 24.94 23.52 21.62 20.65 18.76 17.60 16.36 14.42 12.84 11.40 10.32  8.60  7.73  5.80  5.20  4.34  4.08  4.03  3.98  4.04  3.70  3.42  3.35
traj-169:
35.11 34.19 33.24 31.53 30.17 28.42 27.82 26.33 24.54 22.61 21.54 19.72 19.12 17.36 15.58 14.13 12.72 11.06 10.31
22.87 22.48 22.10 21.38 21.11 21.09 21.07 21.05 21.02 21.00 20.66 20.26 20.23 20.34 20.44 20.69 20.77 20.86 20.91
traj-170:
38.12 36.26 34.98 33.01 32.05 30.39 29.57 28.23 26.28 24.86 23.54 22.33 21.35 21.18 21.11 20.77 20.37 20.18
22.88 22.71 22.70 22.57 23.02 23.31 23.46 23.64 23.80 23.86 24.59 26.08 27.67 29.27 29.86 31.62 33.09 33.87
traj-171:
36.96 35.54 34.40 32.45 31.03 29.57 28.47 27.30 26.44 24.96 23.69 23.12 22.65 22.13 21.75 21.21 21.29 21.46 21.58 21.62 22.28 22.08 21.79 20.40 18.45 16.94 15.12 14.92 13.08 11.28  9.73  8.62  6.71  6.28
23.22 23.40 23.60 23.85 23.87 23.88 23.87 23.85 23.83 23.67 22.87 22.18 20.44 18.59 17.26 15.51 13.57 12.24 10.46 10.16  8.58  7.41  5.70  4.26  3.95  3.64  3.45  3.49  3.66  3.69  4.07  4.36  4.76  4.48
traj-172:
38.21 36.39 35.49 33.63 31.73 30.14 28.64 27.59 26.18 25.88 24.14 22.41 21.33 19.51 18.34 16.58 14.85 14.29 13.61 11.78 10.49  8.71
21.06 21.17 21.20 21.10 21.29 21.51 21.65 22.16 22.66 22.66 22.44 21.53 20.72 20.09 20.17 20.24 20.32 20.90 21.37 20.61 20.09 19.19
traj-173:
34.48 32.83 31.31 30.47 28.96 28.07 26.71 25.11 23.18 22.89 23.12 23.41 23.46 23.54 23.75 23.88 25.59 27.07 27.54
22.28 21.84 21.28 21.37 21.34 21.17 21.24 21.22 21.37 21.92 23.89 25.72 26.02 27.72 29.50 30.23 31.17 32.25 32.41
traj-174:
35.98 34.23 32.51 31.34 29.87 28.16 26.16 24.78 23.66 23.62 22.72 21.72 21.33 21.24 21.44 21.57 22.15 22.57 22.74 22.39 22.14 21.84 21.66 20.04 18.13 17.05 15.64 13.91 12.22 11.43 10.27
23.78 23.82 23.83 23.85 23.83 23.83 23.75 23.66 22.96 22.66 21.11 19.46 17.61 17.03 15.27 14.43 13.01 11.64  9.90  8.18  7.05  5.92  5.07  4.07  3.95  3.99  4.06  4.14  4.24  4.76  5.47
traj-175:
38.30 36.92 35.19 33.46 32.00 30.06 28.32 26.87 25.46 23.47 23.28 23.08 21.85 20.11 18.34 16.58 15.98 15.23 13.37 12.22 10.57
23.23 23.45 23.72 23.87 23.84 23.79 23.83 23.85 23.83 23.63 22.75 22.28 20.88 20.30 20.23 20.18 20.31 20.54 20.66 20.46 20.32
traj-176:
36.31 34.97 33.54 31.66 31.36 29.48 28.20 26.63 25.27 23.53 23.10 22.30 22.06 21.45 21.93 22.99 23.81 25.29 27.17 28.97 29.94 31.41 33.11 34.10
22.73 22.49 22.32 22.32 22.32 21.71 21.55 21.13 21.26 22.06 23.09 24.73 25.82 27.64 28.68 29.93 31.09 31.13 31.09 31.12 31.11 31.12 31.67 32.04
traj-177:
36.23 34.43 33.03 31.76 30.42 29.89 28.08 27.38 26.64 25.26 24.71 22.97 21.83 22.17 22.57 22.78 22.80 22.70 22.59 22.40 22.16 21.94 21.76 21.55 20.23 19.51 17.63 16.22 15.63 13.66 12.48 10.67
22.39 22.03 21.65 22.09 22.66 22.93 22.44 22.12 21.65 21.19 21.01 20.49 18.94 17.65 16.41 14.71 14.41 12.46 11.61 10.47  9.14  7.97  6.81  5.63  4.33  4.22  4.09  4.05  4.06  4.26  4.36  3.90
traj-178:
33.96 32.69 31.25 29.58 27.62 25.98 24.33 22.82 22.66 22.06 21.85 20.19 19.31 17.52 16.04 15.45 13.97 12.72 11.18
22.92 23.57 23.68 23.78 23.89 23.97 23.98 25.17 23.38 21.69 21.47 20.94 20.94 20.87 20.67 20.60 20.40 19.57 18.53
traj-179:
33.93 32.61 30.68 29.73 28.40 27.00 25.26 24.22 22.68 21.28 21.15 21.82 22.37 22.62 23.33 24.07 25.38
23.04 22.86 22.48 22.36 22.24 22.05 22.87 23.17 23.65 24.09 25.26 26.98 28.61 29.12 30.60 32.16 33.65
traj-180:
38.36 36.88 35.26 33.47 31.80 31.43 30.11 29.24 27.25 25.61 24.97 23.90 23.37 23.10 22.90 22.57 22.23 22.36 22.32 22.31 22.23 21.98 21.61 20.43 19.39 17.77 16.07 14.98 13.11 12.81 11.32
21.39 21.45 21.36 21.13 21.15 21.56 21.63 21.56 21.39 21.20 21.16 20.54 19.25 17.54 16.82 15.14 13.45 11.68  9.96  9.08  7.47  6.32  5.19  4.27  4.08  4.00  3.98  3.98  4.00  4.01  3.08
traj-181:
34.54 33.08 31.37 29.65 28.52 26.83 25.10 23.56 21.62 20.30 18.54 16.78 15.60 13.82 11.97
23.36 23.06 22.32 22.12 21.98 21.95 21.62 21.34 20.97 20.82 20.56 20.32 20.23 20.03 19.68
traj-182:
38.79 37.33 35.87 34.15 33.04 31.33 30.44 28.68 26.96 24.97 23.79 23.24 23.11 22.29 21.83 22.56
23.64 23.75 23.85 23.82 23.85 23.85 23.80 23.78 23.82 23.84 24.57 26.49 27.00 28.51 30.42 32.17
traj-183:
39.05 38.24 36.70 35.59 33.84 32.12 30.59 28.80 28.61 28.55 26.59 24.91 23.42 23.18 22.72 22.56 22.40 22.30 22.09 21.93 21.67 21.54 21.18 19.81 17.94 16.45 15.21 13.32 12.09 10.95  9.03
23.33 23.24 23.12 22.96 22.66 22.14 21.87 21.58 21.41 21.41 21.24 21.04 20.13 18.35 16.69 16.15 14.47 12.63 10.88  9.12  7.14  6.58  4.85  4.17  3.98  3.99  3.82  3.88  4.15  4.42  4.86
traj-184:
38.20 37.90 38.73 36.81 35.75 33.90 32.05 30.10 28.19 26.68 24.93 23.18 22.09 20.21 18.43 16.94 15.31 14.66 12.84 12.27 10.38  8.91  7.64  5.64
23.44 23.43 22.60 22.22 22.17 22.25 22.47 22.43 22.03 21.90 21.82 21.06 20.74 20.50 20.30 20.21 20.08 20.80 20.95 20.84 20.83 20.85 20.86 20.92
traj-185:
35.35 33.88 32.15 30.85 30.76 29.92 28.45 26.69 24.71 23.61 23.28 22.94 22.29 21.66 20.66 19.40 17.49 15.57 14.19 12.52 11.36
21.59 22.03 22.69 23.05 23.11 23.27 23.47 23.72 23.76 25.31 26.97 28.37 29.30 30.18 31.91 32.25 32.82 33.33 33.96 34.52 34.41
traj-186:
34.33 33.83 32.12 30.15 29.01 27.02 25.60 23.97 23.84 23.52 23.19 23.10 22.95 22.79 22.65 22.49 22.37 22.16 21.85 21.68 21.16 21.03 20.87 19.65 17.80 16.57 15.06 14.04 12.29 11.11  9.19
23.10 23.21 23.52 23.69 23.74 23.80 23.84 23.86 22.68 21.12 19.49 18.62 17.17 15.66 14.11 12.52 11.66  9.98  8.06  7.18  5.54  4.96  4.71  4.23  4.05  3.84  4.09  4.32  4.67  4.89  5.26
traj-187:
39.17 38.36 36.47 35.53 33.89 33.30 31.57 30.97 29.39 28.87 27.38 25.79 24.55 23.37 21.60 20.52 19.48 18.30 17.42 15.65 14.75 12.85 11.66 10.15  9.09  7.55
21.66 21.65 21.31 21.29 21.23 21.19 21.13 21.12 21.49 21.56 21.80 22.25 22.41 22.37 21.48 20.64 20.13 20.08 20.09 20.06 20.05 19.67 19.27 20.01 20.03 20.28
traj-188:
34.33 32.83 31.12 30.00 28.07 26.15 24.54 22.68 21.13 21.06 21.02 21.02 20.99 20.58 19.91
22.12 22.64 23.16 23.48 23.74 23.87 23.98 23.97 25.06 26.77 28.47 29.36 31.02 32.22 33.92
traj-189:
34.78 33.69 31.98 30.44 28.74 27.16 25.70 24.09 22.75 21.82 21.13 21.12 21.08 21.19 21.15 21.13 22.08 22.32 22.68 22.48 22.46 20.56 19.22 17.65 16.31 14.91 13.48 11.83
22.75 22.57 22.08 21.71 21.43 21.25 21.08 21.15 19.75 18.74 17.09 15.34 13.57 11.83 10.70  9.82  8.23  7.79  7.51  5.64  5.34  4.82  4.19  4.06  4.00  3.90  3.80  3.05
traj-190:
36.35 35.57 34.33 32.62 32.33 30.34 29.52 27.69 26.04 25.27 24.10 22.22 20.28 19.10 17.93 16.48 14.65 14.07 12.61 10.89  9.47  8.40
22.80 22.75 22.45 22.21 22.15 22.35 22.48 21.82 21.45 21.38 21.14 20.63 20.21 20.36 20.37 20.38 20.63 20.75 20.90 21.56 21.93 22.00
traj-191:
34.51 32.89 31.13 29.39 28.25 26.51 24.54 23.70 21.95 21.71 22.08 22.26 22.85 24.50 26.23 27.68 29.41 30.56
23.22 23.79 23.88 23.91 23.93 23.93 23.90 23.89 24.84 26.69 28.29 28.68 30.40 31.02 31.10 31.09 31.20 31.18
traj-192:
38.27 37.67 36.24 34.38 32.94 30.94 29.60 28.61 27.48 27.30 26.43 25.38 24.22 22.81 21.50 21.13 21.63 22.18 22.47 22.58 23.01 23.28 23.66 23.60 23.48 23.36 22.53 20.94 19.50 18.92 17.05 15.30 13.54 11.78 10.52  8.56
21.04 21.06 21.14 21.31 21.31 21.30 21.28 21.32 21.28 21.53 22.12 22.68 23.29 22.61 21.41 19.56 18.36 16.95 15.40 14.87 12.97 11.83  9.88  8.43  6.66  4.89  3.66  3.45  3.69  3.78  3.95  4.17  4.43  4.47  4.23  3.86
traj-193:
35.12 34.27 32.85 32.01 30.04 28.13 26.96 24.96 23.52 22.88 21.83 20.04 18.27 16.48 14.79 13.38 12.28
22.80 22.99 23.24 23.37 23.60 23.74 23.78 23.84 22.94 21.98 21.20 20.40 20.40 20.42 20.40 19.38 17.99
traj-194:
34.16 33.34 31.92 29.93 28.03 26.84 25.15 24.32 22.85 22.88 22.89 23.12 22.90 22.50 20.79 20.35
22.17 22.23 22.28 22.43 22.44 22.50 22.69 22.81 23.60 24.38 26.13 27.57 29.28 30.98 31.71 31.37
traj-195:
34.57 34.00 32.03 30.87 29.72 28.56 26.62 24.89 23.50 22.72 21.88 21.70 21.45 21.50 21.43 21.70 22.16 22.26 21.90 21.56 20.87 20.24 18.36 16.77 15.69 13.82 12.36 11.09  9.16
23.64 23.67 23.84 23.85 23.87 23.90 23.87 23.82 22.78 21.54 19.84 19.29 17.48 16.16 14.45 12.70 11.02  9.42  7.51  6.05  4.69  4.22  4.16  3.87  3.70  3.34  3.69  4.05  4.49
traj-196:
35.23 34.66 32.92 31.27 29.28 27.86 25.88 23.96 22.53 22.06 21.13 21.00 19.34 18.16 17.31 15.55 14.03 12.39 11.51 10.69
23.41 23.47 23.67 23.78 23.80 23.86 23.93 23.95 24.55 24.27 22.66 21.51 20.76 20.61 20.54 20.37 19.53 18.65 18.05 17.36
traj-197:
38.97 37.51 36.65 35.43 33.86 32.64 31.04 29.86 27.91 26.59 25.90 24.15 22.85 22.11 21.30 21.44 21.53 22.99 23.23 24.99 26.90 28.01 29.19 30.06 31.20 32.64 34.37
21.68 21.57 21.51 21.39 21.21 21.15 21.11 21.05 21.12 22.06 22.88 23.80 24.29 25.63 26.31 28.16 29.01 30.01 30.19 31.08 31.07 31.14 31.17 31.20 31.17 31.15 31.78
traj-198:
36.35 35.06 33.08 31.44 29.58 28.59 27.07 26.34 24.89 24.38 23.83 22.66 22.08 21.94 22.17 22.22 22.28 22.46 22.38 22.12 21.62 20.37 19.25 17.80 17.22 15.55 13.82 12.65 11.48  9.69  8.05  6.58
21.43 21.22 21.41 21.50 21.71 22.02 22.52 22.71 21.94 21.63 20.60 19.30 17.91 16.81 14.85 14.50 12.63 11.00  9.08  7.65  5.77  4.66  4.10  4.16  4.20  4.32  4.53  4.63  4.72  4.88  4.93  4.92
traj-199:
35.64 34.46 33.41 31.81 30.19 29.01 27.25 25.52 24.30 23.04 21.08 20.22 18.47 17.31 15.86 13.91 12.36
22.90 22.38 21.90 21.43 21.25 21.42 21.60 22.14 21.62 21.32 21.06 20.92 20.61 20.51 20.55 20.62 20.24
traj-200:
33.96 32.23 31.09 29.94 28.48 26.76 26.46 24.66 23.54 23.45 23.38 23.32 23.32 24.16 24.92 26.24 27.39 27.96
23.78 23.85 23.85 23.81 23.80 23.81 23.80 23.50 24.32 26.30 27.19 28.94 29.24 31.01 31.66 32.82 34.10 34.52
traj-201:
36.86 35.24 33.37 31.48 30.89 29.17 27.79 26.64 25.39 23.96 22.85 21.84 21.71 21.47 21.26 21.29 21.40 21.93 21.84 21.52 21.21 21.01 20.62 19.61 18.17 16.26 15.37 13.44 11.76 10.30
21.46 21.21 21.30 21.26 21.25 21.21 21.27 21.28 21.31 21.19 20.61 19.47 18.01 16.32 14.36 12.45 11.23 10.82  9.08  7.62  6.19  5.32  4.56  4.26  3.88  4.04  4.18  4.45  4.74  4.89
traj-202:
38.57 36.89 35.43 34.12 33.92 33.45 31.56 31.04 29.26 27.46 26.34 24.52 22.91 21.04 20.26 18.32 16.59 14.65 13.41 12.37 10.68  8.96  8.68
21.64 21.43 21.39 22.02 22.25 22.59 22.33 22.03 21.78 21.59 22.28 22.30 21.84 21.14 20.75 20.30 20.18 20.22 20.04 19.79 19.34 18.79 18.69
traj-203:
38.63 36.90 35.16 34.01 32.59 31.40 29.44 27.47 26.29 25.16 23.53 23.30 23.06 22.00 21.13 21.23 21.48
23.20 23.29 23.48 23.58 23.67 23.73 23.80 23.87 23.89 23.97 24.84 26.54 28.46 30.12 31.58 32.92 34.52
traj-204:
38.51 36.67 35.37 33.42 31.90 30.10 29.75 28.63 26.96 25.22 23.50 22.41 21.17 21.43 21.70 21.75 21.99 22.37 22.50 22.68 22.74 22.58 22.33 22.14 20.99 19.25 17.84 16.56 15.08 13.66 11.91 10.05  8.37
21.05 21.04 21.14 21.24 21.37 22.14 22.60 23.40 23.78 23.73 23.64 23.53 22.46 20.59 18.82 18.52 16.77 14.82 14.26 12.67 10.68  9.02  7.22  5.75  4.23  3.95  4.03  4.02  4.05  4.02  3.96  3.98  4.14
traj-205:
36.13 34.96 33.24 31.28 29.86 28.16 26.74 25.29 23.64 23.37 21.56 21.47 21.09 21.06 19.33 17.57 15.81 14.23 13.72
23.33 23.31 23.46 23.69 23.73 23.81 23.86 23.92 24.00 24.14 24.58 24.29 22.36 21.20 20.34 20.30 20.21 19.41 18.16
traj-206:
36.41 35.83 33.90 33.08 31.12 29.69 28.03 26.10 24.11 22.86 22.69 22.66 22.24 21.88 21.00 19.84 18.44 17.07 15.70 14.00 13.71 11.81 11.32  9.53  8.31  7.50
23.11 23.19 23.41 23.50 23.63 23.72 23.76 23.77 23.85 24.23 25.89 26.77 28.54 30.25 31.64 32.36 32.72 33.05 33.38 33.80 33.87 33.46 33.30 33.12 34.60 35.20
traj-207:
37.33 35.73 34.40 33.02 31.06 30.24 28.87 27.78 26.34 25.18 23.76 22.88 22.71 22.47 21.95 22.17 22.26 22.46 22.36 22.27 22.09 21.95 21.54 21.38 20.38 18.47 16.51 15.66 13.79 12.68 11.40 10.32  9.49  8.99
22.75 22.94 23.06 23.20 23.43 23.56 23.68 23.81 23.86 23.86 24.97 23.61 22.00 21.23 19.35 17.42 16.15 14.46 12.58 11.24  9.47  7.71  6.02  5.45  4.10  3.98  3.96  3.96  3.95  3.94  4.83  5.45  6.31  6.98
traj-208:
38.83 37.08 35.93 33.96 32.51 31.09 29.38 27.40 25.63 24.78 23.28 22.97 22.52 22.08 20.22 18.87 17.42 16.82 15.06 13.65 13.01 11.83
23.53 23.37 23.35 23.38 23.51 23.55 23.67 23.85 23.83 23.82 22.72 22.13 20.87 19.93 20.53 20.40 20.30 20.23 20.14 19.66 19.30 18.81
traj-209:
35.36 33.81 31.92 30.66 28.91 27.35 26.47 24.83 23.16 22.05 21.26 21.13 21.19 21.32 21.34 20.63
21.61 21.27 21.25 21.22 21.21 21.37 21.48 22.21 22.83 23.67 24.32 25.05 26.96 28.89 29.91 31.55
traj-210:
34.30 33.26 31.28 29.28 27.35 25.41 24.25 22.54 22.14 21.32 21.47 21.77 22.28 22.70 22.91 22.88 22.82 22.75 22.73 22.60 22.25 22.15 21.37 20.53 19.15 17.99 16.50 15.34 14.46 12.68 11.28  9.38  7.76  6.41
23.33 23.47 23.66 23.76 23.86 23.94 24.00 24.45 23.59 22.01 20.82 20.11 18.61 17.33 16.33 14.92 13.23 11.42 10.58  8.97  7.56  6.97  5.32  4.65  4.06  4.19  4.35  4.41  4.41  4.54  4.86  4.92  4.74  4.56
traj-211:
33.95 32.62 30.95 29.56 28.15 27.33 25.60 24.14 23.55 21.66 21.10 21.02 20.09 18.31 16.83 15.06 14.76 14.70 12.73 11.94 10.42  9.49  8.21  7.14
22.94 23.14 23.41 23.76 23.79 23.81 23.82 23.83 23.87 23.86 22.09 21.80 20.18 20.14 20.11 20.26 20.29 20.45 20.64 20.86 21.37 21.68 22.06 22.28
traj-212:
38.82 37.39 35.64 34.06 32.22 31.14 30.42 30.14 29.42 28.19 26.40 24.85 23.90 23.69 23.50 23.47 23.24 22.35 21.18 19.44 17.64 16.54
22.11 22.26 22.21 21.60 21.13 21.39 21.55 21.67 21.85 22.23 22.89 23.54 24.62 26.59 28.58 29.45 31.11 32.66 33.12 33.80 34.43 34.76
traj-213:
38.17 36.20 34.33 32.81 32.08 30.30 28.56 28.26 26.47 24.59 23.49 22.71 22.63 22.49 22.58 22.58 22.65 22.67 22.36 22.08 21.58 21.18 20.29 18.59 17.25 15.94 14.33 13.39 11.66  9.96
21.31 21.50 21.62 22.28 22.41 22.47 22.69 22.72 22.80 22.63 21.96 20.99 20.07 18.41 16.50 14.94 13.19 11.31  9.72  8.25  7.02  5.40  4.17  3.92  3.72  3.59  3.52  3.46  3.36  3.20
traj-214:
35.96 33.98 32.85 32.57 30.70 29.25 27.28 26.16 24.46 22.95 22.90 21.25 19.69 18.81 17.05 16.45 14.58 13.58 11.77 10.66
22.81 22.92 22.95 23.06 23.62 23.61 23.80 23.85 23.87 23.75 22.28 21.18 20.55 20.35 20.34 20.31 20.55 21.27 22.10 22.17
traj-215:
35.72 33.98 32.03 30.08 28.71 26.75 25.29 24.48 23.55 23.15 22.19 21.95 22.20 22.21 23.13 23.91
23.01 23.27 23.56 23.83 23.89 23.97 23.97 23.98 25.09 25.88 27.40 29.38 30.51 31.67 33.24 34.99
traj-216:
35.80 34.66 32.96 31.22 29.53 28.70 27.24 26.26 24.50 23.26 22.99 23.32 23.14 23.14 23.01 23.08 23.09 22.48 22.40 22.12 20.65 19.11 17.47 16.80 15.04 13.58 13.00 11.44 10.87
23.51 23.48 22.84 23.03 22.64 22.43 22.15 21.95 21.57 20.24 19.41 17.66 15.77 14.62 12.67 10.69  9.79  8.11  6.87  5.93  4.77  4.03  4.14  4.14  4.28  4.59  4.72  5.53  6.20
traj-217:
36.49 35.91 34.05 32.06 30.89 29.15 28.47 26.55 25.48 24.18 22.41 21.02 20.48 18.82 18.22 16.51 14.96 13.53 11.75 10.59  8.82  7.68
21.00 21.11 21.23 21.45 21.61 22.22 22.43 22.49 22.62 22.58 22.31 21.10 20.58 20.21 20.15 20.12 20.23 20.21 20.35 20.13 20.14 20.63
traj-218:
36.14 35.43 34.02 32.42 30.43 29.16 27.42 25.46 23.58 22.15 22.64 22.79 23.04 22.99 22.67 21.98 20.70 19.41 17.77 16.63 14.71 12.81 11.09 10.06
21.24 21.21 21.26 21.21 21.19 21.34 21.47 21.74 21.81 23.19 25.04 25.62 27.53 29.23 29.97 31.57 31.93 31.68 31.37 31.45 31.57 31.53 31.71 33.21
traj-219:
39.01 37.25 36.15 34.73 33.27 31.54 30.09 28.41 27.53 25.76 24.75 23.24 22.89 22.52 22.28 21.90 21.14 21.15 21.30 21.49 21.58 22.07 22.35 21.74 21.21 19.61 18.60 17.54 15.59 13.82 12.96 11.13 10.83
23.62 23.73 23.76 23.81 23.82 23.86 23.90 23.88 23.92 23.84 23.72 22.84 22.23 20.85 19.87 18.17 16.51 16.21 14.33 12.34 10.43  9.49  7.80  6.08  5.05  3.94  3.90  3.97  4.13  4.42  4.58  4.46  4.45
traj-220:
38.30 37.38 35.46 34.13 32.20 30.38 29.54 27.92 26.21 25.12 23.49 22.01 21.45 20.35 18.43 17.87 16.34 15.75 14.21 13.94 12.07 10.99  9.05  7.11  6.47  5.19
22.83 22.88 22.87 22.70 22.67 22.80 23.10 23.75 23.79 23.87 23.64 22.93 22.23 20.88 20.44 20.37 20.22 20.14 19.34 19.22 19.59 19.75 19.68 19.44 18.73 17.33
traj-221:
35.46 34.93 33.30 31.31 30.15 28.47 26.83 25.01 24.65 23.09 21.98 21.18 21.11 21.39 20.81 20.27
21.47 21.43 21.29 21.32 21.42 21.51 22.26 22.53 22.98 24.21 25.11 25.68 27.35 29.30 31.06 31.73
traj-222:
36.65 35.36 34.04 32.20 30.57 28.91 27.10 25.48 23.97 22.42 22.51 22.29 21.37 21.43 21.45 21.55 21.60 21.47 21.27 21.14 21.16 20.10 18.64 17.76 16.63 14.88 13.49 12.04 10.11  9.69  8.07  7.65
21.13 21.33 22.05 22.50 23.47 23.67 23.84 23.86 23.71 22.74 21.87 19.96 18.23 16.84 15.35 13.35 12.76 11.15  9.32  7.38  5.75  4.46  4.41  4.42  4.44  4.56  4.59  4.68  4.79  4.80  5.48  5.80
traj-223:
39.08 37.39 35.47 34.93 33.13 31.53 29.55 27.69 26.41 25.88 23.88 23.77 23.32 22.06 20.28 19.25 17.48 16.81 14.90 13.11 11.19  9.69  9.20  7.64  6.25  5.32
21.40 22.03 22.49 22.26 22.21 22.28 22.45 22.64 23.23 23.50 23.37 23.09 22.71 21.54 20.96 20.52 20.42 20.39 20.50 20.59 20.90 19.95 19.81 18.92 17.92 17.18
traj-224:
36.46 34.58 33.14 32.56 30.71 29.65 27.85 27.03 25.26 24.05 22.87 21.48 21.35 22.29 22.89 23.94 25.83 26.68 28.37 28.85
21.49 21.22 21.19 21.19 21.45 21.66 22.31 22.53 22.87 23.51 24.16 24.88 26.46 28.15 29.51 31.08 31.08 31.11 31.81 32.08
traj-225:
37.84 37.03 35.41 33.55 32.70 30.81 29.12 27.40 26.10 25.07 23.97 23.39 22.90 22.62 22.11 21.72 21.70 21.91 22.18 22.39 22.31 21.90 21.28 20.45 19.09 18.25 17.02 15.47 14.01 12.55 10.85
22.25 22.25 22.08 22.30 22.61 22.65 22.47 21.97 21.33 21.10 20.50 19.28 17.59 16.79 15.39 14.30 13.08 12.87 11.08  9.63  7.70  6.59  5.28  4.22  4.07  4.00  4.00  4.20  4.32  4.50  4.75
traj-226:
38.64 36.91 34.97 33.83 32.37 30.93 29.19 27.72 26.30 24.59 22.74 21.13 21.06 20.37 18.88 17.11 15.92 14.39 14.18 12.89 12.30 10.83  9.56  7.87
23.46 23.55 23.79 23.91 23.86 23.77 23.79 23.84 23.71 23.62 24.11 22.96 22.07 20.80 20.62 20.43 20.28 19.45 18.91 18.07 18.07 17.94 17.89 17.93
traj-227:
38.53 37.14 35.30 33.73 32.57 31.43 30.28 28.70 27.61 25.75 24.66 23.54 23.19 22.93 22.79 22.39 22.02 20.27 19.25 18.12 17.16 15.30 14.44 13.12 11.69 10.75  8.88
21.72 21.59 21.37 21.19 21.18 21.12 21.31 22.08 22.42 23.04 23.47 24.30 25.25 26.97 27.23 29.08 30.98 31.83 31.85 31.89 31.91 31.92 31.91 31.93 31.92 32.21 32.46
traj-228:
34.14 32.37 30.75 28.81 27.04 25.60 24.88 22.99 21.91 21.27 21.29 21.35 21.57 21.70 21.80 21.85 21.80 21.70 21.62 21.17 20.76 19.22 17.48 15.56 13.89 12.51 11.00  9.33  8.26
22.28 22.16 21.80 21.75 21.93 21.89 21.94 21.71 20.52 18.87 17.42 15.87 14.15 13.58 12.81 10.95 10.26  8.54  7.36  5.65  4.95  3.98  4.04  3.79  3.58  3.48  3.77  4.58  6.23
traj-229:
34.98 33.19 31.34 29.64 28.22 26.38 24.46 23.88 22.15 21.87 20.39 19.50 18.02 16.27 14.46 12.65 10.92  9.48
22.70 22.66 22.67 22.24 22.03 21.81 21.37 21.29 21.01 21.12 20.01 20.03 20.11 20.25 20.53 20.82 20.02 19.17
traj-230:
33.99 33.19 31.88 30.07 29.22 27.42 26.82 26.28 24.65 23.39 23.39 23.36 23.41 23.54 25.04 26.87 27.71 29.10
22.08 21.95 21.64 21.45 21.24 21.41 22.15 22.41 23.16 24.59 26.09 27.49 28.64 30.13 31.12 31.56 31.77 32.10
traj-231:
36.61 35.18 33.41 31.95 30.17 28.44 26.76 25.06 24.76 23.61 22.89 22.60 21.93 21.73 21.38 21.11 21.14 21.20 21.30 22.09 21.90 21.29 21.23 20.89 19.39 18.35 17.22 15.23 13.76 12.46 11.74 10.12  8.37  7.12  6.16
23.71 23.79 23.84 23.90 23.86 23.83 23.83 23.59 23.57 22.81 21.27 20.72 19.12 18.60 16.82 15.25 13.64 12.58 10.61  9.11  7.71  5.81  5.21  4.64  4.04  4.04  4.07  4.13  4.19  4.75  5.17  5.63  6.07  6.52  6.81
traj-232:
36.04 34.37 32.97 31.20 30.37 28.40 26.67 24.75 23.23 22.03 21.46 20.13 18.66 17.17 15.34 13.56 12.67 10.90  9.55
23.30 23.63 23.88 23.82 23.79 23.88 23.88 23.89 22.88 21.84 21.15 20.06 20.21 20.34 20.58 21.34 21.71 22.37 22.78
traj-233:
34.66 33.05 31.38 29.45 28.02 27.47 25.69 24.47 23.49 23.49 23.52 23.72 25.01 25.55 27.26 27.96 29.61 30.93
22.41 21.98 21.57 21.56 22.08 22.26 22.72 23.72 25.45 27.44 28.62 30.18 31.17 31.40 32.19 32.60 33.68 34.40
traj-234:
34.43 33.35 31.38 29.82 28.01 27.72 26.02 24.51 23.28 23.32 23.32 22.23 22.48 22.45 22.36 22.28 22.20 21.80 21.52 20.46 19.22 18.37 16.96 14.98 14.39 12.71 12.13 10.67 10.41
22.08 21.95 21.85 21.64 21.55 21.49 21.39 21.20 20.23 19.04 17.88 16.25 14.56 12.85 11.31  9.89  8.70  6.74  5.87  4.37  4.08  4.06  4.03  4.27  4.36  4.69  4.82  6.07  6.22
traj-235:
39.00 37.40 35.78 34.34 32.58 31.09 30.40 28.62 26.90 25.37 24.78 23.48 21.74 20.29 18.87 17.39 15.45 14.42 12.96 11.48 11.01
22.57 22.27 22.15 22.08 21.84 21.55 21.50 21.22 21.15 21.09 21.07 22.46 21.56 20.85 20.50 20.29 20.47 20.64 21.03 20.52 20.25
traj-236:
33.61 32.74 31.59 30.43 28.73 28.17 26.48 24.79 23.49 23.39 23.48 23.52 23.58 25.12 27.06
23.36 23.44 23.46 23.47 23.58 23.63 23.80 23.91 25.42 27.14 28.03 29.74 30.03 31.15 31.12
traj-237:
37.05 36.18 34.20 32.48 31.37 30.22 28.23 26.54 25.69 23.82 22.12 21.60 21.14 21.43 21.50 22.13 22.32 22.15 22.24 22.13 22.19 21.94 21.82 21.48 21.27 20.56 19.02 17.93 16.30 15.48 13.51 12.62 11.08  9.12
23.18 23.22 23.38 23.57 23.69 23.75 23.82 23.85 23.87 23.96 24.44 23.83 22.37 20.43 19.84 18.11 16.86 15.09 13.26 12.28 10.46  9.05  8.25  6.55  5.69  4.45  4.24  4.09  3.84  3.75  3.53  3.54  4.14  4.15
traj-238:
36.70 35.81 34.69 33.81 32.38 30.95 29.23 28.34 27.20 25.48 24.29 22.64 21.78 21.11 20.66 18.70 17.51 16.36 15.18 13.33 11.84 11.18
23.67 23.72 23.85 23.87 23.86 23.84 23.85 23.86 23.86 23.82 23.82 24.36 22.83 21.37 20.70 20.53 20.61 20.71 20.81 20.97 21.46 21.72
traj-239:
37.83 36.63 35.29 33.82 32.36 30.63 29.20 28.02 26.58 24.93 23.54 23.51 23.46 23.36 23.92 25.52 26.46 27.41 28.70 30.23
23.60 23.75 23.88 23.89 23.88 23.87 23.93 23.93 23.95 23.98 24.94 26.67 27.78 29.22 30.79 31.83 32.31 32.77 33.29 34.01
traj-240:
34.31 32.85 31.99 30.29 28.42 27.12 25.63 24.15 23.36 22.99 22.53 22.35 22.32 22.33 22.25 22.16 22.08 22.04 21.99 21.54 20.27 19.21 17.33 15.88 15.29 13.30 12.11 10.62  8.91  6.95  5.17
23.78 23.76 23.77 23.76 23.47 22.91 22.86 22.84 21.43 19.77 18.30 16.46 14.69 13.81 12.64 11.20  9.77  8.87  7.49  6.23  4.71  4.19  3.98  3.95  3.93  3.98  4.04  4.10  4.29  4.48  4.67
traj-241:
37.64 36.19 34.34 32.49 31.62 30.33 28.55 26.73 24.95 23.92 22.03 21.63 20.60 19.07 17.11 15.17 14.88 14.70
21.92 21.33 21.15 21.32 21.48 21.77 22.20 22.84 23.31 23.58 23.22 22.50 20.93 20.36 20.23 20.32 20.37 20.61
traj-242:
37.14 35.71 34.05 32.91 31.73 30.58 29.16 27.46 25.75 24.91 23.19 21.51 21.29 21.15 21.16 20.01 18.87 17.80 16.38 14.40 13.12
23.37 23.52 23.74 23.88 23.90 23.90 23.93 23.92 23.96 23.97 24.86 25.90 27.61 29.52 30.11 31.07 31.19 31.32 31.41 31.17 31.18
traj-243:
38.70 37.14 35.41 34.81 33.05 31.67 29.97 29.12 27.45 25.49 24.94 22.98 22.26 21.33 21.39 21.57 21.67 21.94 22.00 22.70 22.58 22.24 22.05 21.68 21.40 20.67 18.81 17.27 15.61 13.88 12.78 11.25  9.69
21.13 21.16 21.12 21.11 21.18 21.23 21.31 21.31 21.32 21.53 21.54 21.80 21.49 19.90 19.61 17.67 16.78 15.04 14.75 12.97 11.58 10.37  8.82  7.07  5.92  4.64  3.94  4.04  4.21  4.45  4.82  5.69  6.56
traj-244:
36.10 34.31 32.64 30.67 29.24 27.31 25.37 23.82 22.56 21.25 19.42 19.13 17.35 15.57 13.79 12.91 11.60 11.40
23.52 23.48 23.64 23.79 23.79 23.72 23.65 22.91 22.11 21.25 20.58 20.53 20.41 20.25 20.07 19.90 21.24 21.80
traj-245:
34.11 32.93 31.12 30.27 28.39 26.92 25.77 24.16 22.38 22.20 22.31 22.51 22.69 22.98 24.48 26.42 28.14 29.85
22.12 21.93 21.45 21.24 21.22 21.17 21.07 22.14 22.79 23.33 25.08 27.06 28.15 29.89 31.15 31.17 31.34 31.56
traj-246:
38.31 36.56 35.13 33.38 31.65 30.22 28.22 27.65 25.67 24.80 23.49 23.00 22.64 22.52 22.45 22.32 22.31 22.11 22.25 22.17 22.26 21.90 20.53 19.33 17.47 15.91 14.84 13.05 11.89 10.15  8.27
23.77 23.74 23.69 23.70 23.72 23.76 23.80 23.84 23.87 23.91 22.98 22.00 20.04 18.21 16.76 15.30 13.38 11.51 10.06  8.14  7.68  5.79  4.42  4.21  3.98  4.07  4.23  4.50  4.66  4.75  4.30
traj-247:
35.30 34.80 34.20 32.54 31.37 29.81 28.25 26.53 25.04 23.55 23.50 23.33 23.00 22.09 21.83 21.55 21.27 19.45 18.56 16.79 15.24 13.33 11.56 10.03  8.97  8.00  6.87
22.97 22.67 22.03 21.13 21.15 21.14 21.15 21.07 21.05 20.07 18.88 17.14 15.72 15.74 17.71 18.95 19.77 20.50 20.37 20.13 20.49 21.02 21.34 21.77 20.47 19.16 17.65
traj-248:
33.98 33.24 31.94 31.06 29.23 28.14 26.28 24.71 23.47 23.19 22.54 22.35 21.65 21.54 20.93 19.94 18.33 16.72 16.12
22.09 22.14 22.26 22.20 21.87 21.59 22.17 23.39 24.79 25.63 27.38 28.17 29.85 30.13 31.72 33.15 34.16 35.05 35.06
traj-249:
38.35 36.58 36.01 34.63 33.77 32.02 30.86 29.16 27.50 26.07 24.95 23.48 23.37 23.04 22.93 23.05 23.13 23.12 23.11 23.17 23.36 23.36 23.45 23.47 23.40 22.72 21.20 19.53 17.65 15.77 13.84 11.87 10.36  9.41  7.96
21.26 21.52 21.62 22.05 22.25 22.62 22.85 23.12 23.45 23.65 23.89 22.80 20.86 19.74 18.06 16.18 15.06 13.39 12.02 11.20  9.42  9.12  7.34  7.04  5.28  3.70  3.69  3.93  4.03  4.03  3.89  4.07  4.12  4.07  3.95
traj-250:
34.27 33.67 31.84 30.59 29.40 27.68 27.38 25.59 23.67 21.81 20.23 18.46 18.17 16.40 15.50 13.90 13.66
21.24 21.26 21.23 21.15 21.04 21.11 21.10 21.01 21.03 21.18 20.85 20.59 20.55 20.39 20.27 21.04 20.86
traj-251:
35.26 33.31 31.69 30.16 28.31 26.66 24.74 23.43 22.52 21.46 21.48 22.09 23.65 25.16 26.67 28.23 28.73
21.84 22.26 22.56 22.88 23.20 23.47 23.77 24.97 26.42 27.40 29.33 30.85 31.46 31.21 31.44 32.26 32.51
traj-252:
37.19 36.34 34.38 32.40 30.66 29.26 27.54 25.55 23.63 22.16 21.85 21.73 21.90 22.84 22.85 22.88 22.59 22.34 22.19 22.02 21.88 21.64 21.43 21.07 20.60 18.96 17.04 15.58 14.40 12.45 10.87  9.86  8.90
23.31 23.43 23.69 23.73 23.79 23.81 23.74 23.72 23.70 23.72 22.63 20.83 19.54 18.21 17.15 16.06 14.22 12.27 11.25 10.08  8.93  7.16  6.32  5.22  4.41  4.18  3.99  4.08  4.15  4.40  4.78  5.32  5.74
traj-253:
38.05 37.53 36.00 34.47 32.79 31.11 29.58 28.55 26.76 25.31 24.69 22.84 21.43 20.96 19.05 17.70 15.75 14.21 13.34 11.88 10.70
22.06 21.89 21.58 21.30 21.05 21.29 21.52 21.70 21.66 21.42 21.35 22.04 20.89 20.58 20.09 20.23 20.46 20.60 21.04 20.79 20.47
traj-254:
35.01 33.09 31.28 29.34 27.74 25.81 24.52 22.88 22.11 21.68 21.41 21.56 21.98
21.02 21.14 21.13 21.08 21.00 21.31 22.26 23.18 23.80 25.30 26.66 28.54 29.80
traj-255:
36.01 35.42 33.62 31.83 30.07 30.03 29.24 27.71 25.97 24.42 23.68 22.82 22.23 22.08 22.00 21.87 22.00 22.11 22.30 22.45 21.70 21.31 20.89 19.04 17.59 16.72 15.29 13.86 13.03 11.35  9.94
21.99 21.89 21.53 21.27 21.44 21.74 22.18 23.01 22.88 22.10 21.34 20.27 18.43 16.90 16.05 14.77 12.87 11.42  9.75  8.12  6.56  5.18  4.52  3.93  4.01  4.06  4.12  4.15  4.33  4.73  5.21
traj-256:
37.55 36.78 35.12 33.73 32.12 31.08 29.52 28.00 26.23 24.56 23.40 21.80 20.22 18.24 16.49 14.84 13.28 11.88 10.05  8.61  7.28  6.72  6.12
21.87 21.93 21.98 21.99 21.50 21.33 21.34 21.32 21.20 21.05 20.42 20.10 20.16 20.30 20.34 20.53 19.58 18.72 18.42 18.64 20.00 20.95 21.78
traj-257:
36.50 34.79 33.40 31.76 31.21 29.75 27.99 27.40 25.63 24.76 23.23 22.58 21.87 21.82 21.67 20.26 18.75 18.46 16.52 14.67 12.99 11.53
23.30 23.45 23.56 23.80 23.81 23.83 23.82 23.79 23.80 23.69 24.89 25.68 27.54 28.24 30.01 31.35 32.27 32.34 32.81 33.57 34.25 34.44
traj-258:
38.67 36.89 34.94 33.51 31.54 29.81 28.37 26.90 25.72 24.27 23.99 23.02 22.03 21.45 21.42 21.51 21.58 21.73 22.30 22.43 22.17 21.79 21.43 21.32 21.35 20.29 19.71 18.27 16.83 15.35 13.62 13.32 11.89 11.78 11.53
23.63 23.58 23.67 23.76 23.77 23.85 23.87 23.90 23.83 22.82 22.36 21.60 20.78 19.39 18.18 16.61 16.05 14.10 12.22 11.95  9.97  9.03  7.85  7.45  6.58  4.91  4.80  4.57  4.53  4.50  4.67  4.69  5.83  6.24  7.87
traj-259:
36.12 34.69 33.53 32.34 31.20 30.06 28.64 26.97 25.83 24.74 23.11 21.95 20.55 18.62 17.47 15.58 14.18 12.63 11.55
23.68 23.82 23.84 23.83 23.84 23.86 23.89 23.92 23.92 23.93 22.92 21.76 20.66 20.46 20.50 20.59 20.75 20.00 19.41
traj-260:
37.46 36.92 35.19 33.21 31.52 30.10 28.38 26.69 24.70 22.88 22.13 21.80 21.47 21.08 19.33 17.95 17.25 15.83 14.83 13.76 12.61
23.36 23.39 23.55 23.79 23.83 23.82 23.81 23.84 23.95 24.75 25.33 27.29 28.89 30.47 31.12 31.20 31.45 31.63 31.73 31.88 33.24
traj-261:
36.49 37.87 39.37 37.95 36.51 35.29 34.51 32.91 31.72 29.78 28.83 26.94 26.36 24.88 23.25 23.10 22.88 22.73 22.63 22.37 22.22 22.20 21.86 21.50 20.47 19.42 18.47 16.66 16.06 14.31 12.50 11.05 10.07
23.46 23.25 22.20 21.82 21.69 21.50 21.44 21.63 21.75 21.82 21.94 21.96 21.89 21.26 20.26 18.80 16.89 15.22 13.90 12.08 10.90  9.64  7.94  6.24  4.78  3.95  3.99  3.98  4.09  4.39  3.89  3.64  3.39
traj-262:
34.17 32.73 30.78 30.26 28.30 26.63 24.94 23.46 21.67 21.48 21.10 20.43 18.87 17.14 15.97 14.79 12.93 12.19 10.71  8.78
23.48 23.49 23.57 23.66 23.74 23.81 23.84 24.60 24.91 23.81 22.03 20.76 20.39 20.53 20.61 21.34 21.70 21.46 21.12 20.67
traj-263:
36.07 34.33 33.80 32.09 30.40 28.69 27.57 26.13 25.02 23.52 23.60 23.62 23.81 24.08 24.17 22.95 22.36 20.64 19.76
23.35 23.57 23.61 23.83 23.87 23.83 23.85 23.88 23.89 24.78 26.49 28.25 30.02 31.74 32.02 33.51 33.44 33.23 33.11
traj-264:
35.97 35.08 33.33 31.34 30.22 28.55 26.83 25.97 24.00 22.20 21.05 21.22 21.42 22.12 22.70 22.56 22.43 22.37 22.38 22.40 22.19 21.75 21.37 21.22 20.72 18.98 17.57 16.47 14.84 13.73 11.74
23.79 23.80 23.83 23.86 23.89 23.88 23.88 23.89 23.85 23.96 22.50 22.09 20.86 19.32 17.49 15.74 14.34 13.00 12.11 10.26  9.39  7.72  6.32  5.75  4.95  4.00  4.06  4.03  4.08  4.09  4.13
traj-265:
36.34 34.80 33.88 32.55 30.93 29.16 27.41 25.74 24.13 22.33 21.21 20.26 18.61 18.01 16.55 15.25 14.47 13.86 12.58 10.94  8.98
21.50 21.59 21.61 21.55 21.45 21.54 21.37 21.43 22.15 22.65 22.04 20.86 20.47 20.40 20.36 20.50 21.39 21.58 21.67 21.56 21.36
traj-266:
39.12 37.18 36.89 34.90 33.73 32.03 30.87 28.87 27.49 26.62 25.19 24.61 22.94 21.17 21.47 21.92 22.42 22.68
23.48 23.76 23.70 23.64 23.63 23.76 23.84 23.88 23.86 23.88 23.96 23.98 24.93 25.43 27.26 28.20 30.06 31.29
traj-267:
37.77 36.74 35.51 33.82 33.07 31.64 30.34 28.36 26.91 25.53 24.35 22.64 22.35 21.74 21.61 21.46 21.32 21.10 21.14 21.30 21.39 21.57 22.01 21.92 21.89 20.61 19.01 17.50 16.04 14.56 13.67 11.99 10.87  9.27  8.07  6.25  5.54
23.13 22.88 22.60 22.23 22.08 21.73 21.41 21.13 21.25 21.51 21.74 21.96 21.87 20.14 19.13 18.11 16.98 15.81 14.15 12.71 10.90  9.75  8.27  7.86  6.12  4.73  4.03  3.95  4.17  4.36  4.49  5.40  6.37  6.74  6.97  6.15  5.97
traj-268:
38.21 36.25 34.52 32.53 30.65 28.82 28.14 26.56 25.75 23.84 21.93 21.80 21.09 19.74 18.59 16.81 15.03 14.43 12.49 11.68 10.38  8.52
21.20 21.35 21.52 21.65 21.68 21.69 22.05 22.42 23.01 23.29 23.33 23.07 21.24 20.70 20.59 20.37 20.15 20.08 20.03 20.24 20.37 20.62
traj-269:
38.39 36.66 34.86 34.56 32.65 32.35 30.60 28.95 27.56 25.73 23.95 23.66 22.51 23.12 23.18 23.33 23.44 23.65 23.78 24.00 23.57 23.03
23.00 22.51 22.03 21.97 21.60 21.59 21.47 21.31 21.52 21.43 21.30 21.38 22.84 24.62 25.81 27.77 29.26 30.89 31.45 33.14 34.91 35.13
traj-270:
37.08 35.73 34.21 32.32 31.44 29.96 27.99 26.05 25.22 23.49 21.89 21.70 21.41 21.12 21.17 21.50 22.07 22.13 22.20 22.41 22.61 22.82 22.60 22.38 21.60 20.00 18.65 17.01 15.04 13.56 12.67 11.48 10.28  8.56  8.23
23.04 22.92 22.79 22.81 22.81 22.83 23.18 23.60 23.65 23.68 23.61 21.79 19.93 18.11 17.81 17.00 15.12 13.79 13.06 11.65 10.24  8.76  6.79  6.23  4.63  4.17  4.07  4.08  4.30  4.47  4.59  4.77  5.09  4.27  3.78
traj-271:
37.88 36.85 35.10 33.30 33.04 31.94 30.82 29.97 28.61 26.71 26.18 24.50 23.02 22.54 21.22 19.30 18.40 16.64 15.26 13.28 11.61  9.99
22.30 22.11 22.03 22.21 22.30 22.43 22.75 22.96 23.32 23.78 23.85 23.70 22.81 22.06 20.86 20.79 20.72 20.67 20.70 20.79 20.29 19.15
traj-272:
37.38 36.59 35.22 33.67 32.06 30.15 28.78 26.89 25.52 24.16 23.14 22.10 21.15 21.16 21.16 21.77 22.82 23.92 25.37 26.54
22.74 22.68 22.53 22.38 22.25 21.98 21.89 22.49 22.51 23.22 23.83 25.17 26.82 28.27 30.02 31.76 33.18 34.69 35.21 35.38
traj-273:
34.90 33.83 31.89 31.16 29.84 28.15 26.43 24.64 22.80 22.18 21.60 21.28 21.52 21.72 21.67 22.18 22.47 21.94 21.58 21.14 19.42 18.26 16.54 14.76 14.18 12.72 10.97 10.12  8.35
21.10 21.09 21.10 21.08 21.07 21.14 21.07 21.09 20.35 19.04 17.82 16.10 14.34 12.43 11.37  9.85  8.87  7.22  6.10  4.71  4.06  4.24  4.18  4.13  4.10  4.13  4.44  4.67  4.91
traj-274:
36.90 35.29 34.12 32.94 31.36 29.62 28.01 26.17 24.55 22.92 21.02 19.37 18.77 17.00 15.51 13.67 13.77
23.33 22.41 22.44 22.54 22.53 22.61 22.56 22.30 21.96 21.30 20.76 20.62 20.58 20.41 20.27 21.02 21.31
traj-275:
34.39 33.27 32.42 30.95 28.95 27.77 26.64 25.17 23.76 21.81 21.28 21.16 21.11 21.24 21.56 21.97 23.71 25.33
23.44 23.69 23.83 23.89 23.86 23.85 23.86 23.87 23.89 24.31 24.50 26.24 26.53 28.29 29.36 30.39 31.36 31.62
traj-276:
37.12 36.53 34.71 33.32 32.46 30.50 30.05 28.24 26.90 25.47 24.58 23.12 21.71 21.70 22.14 22.60 22.79 22.79 22.77 22.76 22.94 22.87 22.58 22.01 21.71 21.09 19.47 18.88 17.14 15.49 14.89 13.12 11.35  9.51
21.71 21.68 21.29 21.17 21.08 21.33 21.37 21.58 22.21 22.73 23.23 23.43 22.83 21.11 19.66 17.84 16.67 14.97 14.18 12.39 11.51  9.58  7.60  6.24  5.61  4.26  3.35  3.41  3.55  3.61  3.65  3.79  3.79  3.72
traj-277:
38.32 36.57 34.65 32.91 31.75 30.36 29.20 27.50 26.06 24.13 23.83 22.24 21.00 19.17 17.40 15.65 13.72 13.33 11.72 10.31  8.51  6.69
23.37 23.46 23.52 23.61 23.65 23.71 23.75 23.65 23.48 23.53 23.48 22.48 21.17 20.68 20.48 20.46 20.17 19.45 18.59 19.31 19.43 18.70
traj-278:
33.92 32.06 30.37 28.76 27.14 25.31 24.01 23.79 22.82 22.58 23.32 23.45 23.58 25.29 26.38 27.80 29.28
21.44 21.53 21.47 21.54 21.45 22.04 23.41 23.62 25.02 26.20 28.02 28.91 30.09 31.10 31.08 31.12 31.07
traj-279:
35.17 33.66 31.92 30.12 29.51 27.62 27.19 25.22 23.74 23.61 23.77 23.82 22.77 22.64 22.57 22.30 22.05 21.66 21.51 20.38 19.71 18.10 16.31 14.35 12.60 11.42  9.52  8.97
22.07 21.83 21.56 21.42 21.42 21.48 21.52 21.24 20.09 18.34 17.20 15.74 14.15 12.37 11.29  9.33  7.59  6.20  5.63  4.21  4.04  3.92  3.81  3.76  3.80  3.80  3.90  3.77
traj-280:
36.34 34.62 32.91 32.33 30.88 29.15 27.49 25.78 24.92 23.19 22.44 21.53 20.47 19.24 17.75 16.86 15.39 13.71 11.99 10.72 10.02  8.23  7.48  6.22
23.61 23.78 23.88 23.89 23.92 23.96 23.94 23.92 23.99 23.61 22.41 21.66 20.68 20.14 20.20 20.19 20.13 19.38 18.40 18.67 18.79 18.94 20.17 21.61
traj-281:
33.68 31.74 29.99 28.14 26.95 26.00 25.83 24.56 23.60 23.59 23.61 23.59 24.64 26.27 27.56 28.96 29.89
21.49 21.33 21.12 21.45 21.46 22.42 22.67 23.91 25.46 27.21 28.97 30.14 31.03 31.39 32.67 33.82 34.69
traj-282:
38.58 37.36 36.35 34.66 33.22 31.45 29.48 27.77 26.02 25.73 24.13 23.91 23.63 22.96 22.58 22.45 22.82 22.58 22.40 22.17 22.06 21.95 21.83 21.58 21.13 19.42 18.62 17.13 16.02 14.26 12.55 10.95  9.94
23.49 23.56 23.60 23.75 23.78 23.83 23.90 23.84 23.79 23.76 22.88 22.77 22.27 20.85 19.42 18.31 16.36 14.70 13.63 11.95 11.22  9.32  8.44  6.67  4.95  3.94  3.82  3.67  4.04  4.40  4.67  5.61  6.05
traj-283:
36.58 34.78 33.21 32.06 31.03 29.78 28.79 27.52 26.46 24.51 23.15 22.56 21.07 19.23 18.64 17.77 16.31 14.94 13.40 11.43  9.50  8.01  6.98  5.69
23.09 22.64 21.96 21.44 21.31 21.33 21.43 22.08 22.53 22.18 21.69 20.46 19.90 20.50 20.39 20.24 20.14 20.19 21.09 20.98 20.68 20.31 20.01 19.55
traj-284:
36.57 34.64 33.46 31.60 29.74 29.23 27.25 26.45 25.02 23.27 22.32 21.78 21.49 21.20 20.64 19.42 18.41 16.75 16.37 14.50 12.64 11.64
22.49 22.41 22.37 22.47 22.98 23.28 23.56 23.71 23.91 24.86 26.19 28.10 29.44 30.22 31.04 31.47 31.71 32.03 32.34 32.85 33.53 33.95
traj-285:
39.00 37.06 35.83 34.71 33.22 31.97 30.84 28.96 28.66 26.90 25.35 24.33 22.46 22.03 21.86 21.42 21.23 21.18 21.36 22.05 22.26 22.30 21.95 21.89 20.53 19.17 17.92 16.05 14.28 12.34 10.61  9.65  7.93  6.62  6.06
21.72 21.71 21.78 21.94 21.82 21.93 21.84 21.65 21.64 21.47 21.32 21.42 21.35 19.49 18.70 17.10 15.73 14.00 12.07 10.40  9.70  7.82  6.09  5.50  4.26  4.10  3.95  3.99  4.25  4.68  5.37  5.79  4.93  3.80  3.33
traj-286:
37.83 35.90 34.72 32.90 31.07 29.16 28.24 26.35 24.61 24.32 22.43 22.13 20.49 18.72 16.93 15.20 14.90 13.40 12.29
22.61 22.18 21.96 22.49 22.84 22.64 22.49 21.95 21.92 21.88 21.41 21.38 20.83 20.63 20.46 20.37 20.35 19.43 18.22
traj-287:
34.41 32.46 31.32 29.47 28.11 26.18 24.51 23.42 23.07 22.63 23.01 23.81 25.65 26.82 28.38 30.06
22.91 22.97 23.01 23.10 23.45 23.86 23.96 24.60 26.26 28.15 29.25 31.03 31.11 31.09 32.01 32.87
traj-288:
36.35 34.47 33.66 32.08 31.16 29.40 27.51 26.22 25.39 23.50 22.08 21.87 21.60 21.39 21.14 21.31 21.52 21.81 22.42 22.44 22.20 20.95 19.46 17.65 16.54 14.60 13.48 11.91 11.55  9.90  8.36  7.37  6.56
21.08 21.20 21.21 21.26 21.24 21.45 21.70 21.96 22.18 21.53 20.19 18.85 17.26 15.99 15.14 13.48 12.00 10.09  8.24  7.97  6.23  4.76  4.20  4.08  4.08  4.14  4.51  5.53  5.97  6.89  6.08  4.99  4.06
traj-289:
36.03 35.75 34.04 32.11 30.36 28.94 27.78 25.81 25.28 23.45 22.94 22.12 20.27 19.97 18.20 16.42 15.54 13.87 12.71 10.85  9.69
23.03 23.13 23.44 23.82 23.79 23.77 23.75 23.71 23.78 22.98 21.94 20.33 20.21 20.18 20.14 20.20 20.26 20.28 20.24 20.05 19.85
traj-290:
37.74 36.14 34.20 33.65 31.75 30.15 28.39 26.99 25.06 23.68 22.09 22.03 21.45 21.14 21.17 21.64 22.31 23.64 24.25 25.17 26.18
22.34 21.99 21.51 21.35 21.11 21.32 21.45 21.26 21.36 21.17 22.09 22.69 24.43 26.36 28.07 29.89 30.47 31.65 32.23 33.36 34.57
traj-291:
35.82 34.77 33.41 31.70 29.72 28.26 26.55 24.57 23.54 21.63 21.53 21.44 21.19 22.23 22.58 22.65 22.73 22.76 22.79 22.24 21.73 21.33 20.31 18.44 16.58 15.50 14.09 12.13 10.90 10.47
23.20 23.51 23.76 23.87 23.84 23.80 23.84 23.76 23.66 23.42 22.58 20.99 19.96 18.34 16.46 14.61 12.99 11.31  9.40  8.19  6.50  5.73  4.28  4.09  3.90  3.99  4.12  4.28  5.74  6.13
traj-292:
37.81 36.76 34.96 33.55 32.51 30.68 28.76 26.83 25.13 23.65 21.75 21.17 19.21 17.44 16.58 14.86 13.52
23.43 23.40 22.81 22.54 22.33 22.07 21.78 21.61 21.32 21.02 20.68 20.62 20.30 20.28 20.34 20.33 20.17
traj-293:
34.56 33.49 32.54 31.46 29.60 28.14 27.96 26.13 24.83 23.97 23.79 23.72 23.68 23.68 24.94 26.42
21.44 21.27 21.23 21.15 21.42 22.06 22.29 22.89 23.30 24.58 26.25 27.14 28.28 30.01 31.03 32.29
traj-294:
34.00 33.22 31.78 30.75 29.25 28.04 26.85 25.72 24.98 23.42 22.02 21.35 21.56 21.81 22.04 22.40 22.62 22.96 22.75 22.32 22.23 21.93 21.83 21.60 21.42 20.22 19.00 17.40 16.69 14.95 13.57 12.42 10.43
22.17 21.97 21.49 21.29 21.45 21.68 22.06 23.10 23.58 24.83 25.94 24.54 22.75 21.34 19.73 18.08 17.04 15.43 13.61 11.71 10.82  8.93  8.07  6.31  5.47  4.20  4.05  3.75  3.62  3.41  3.42  3.39  3.36
traj-295:
39.04 37.46 35.49 34.91 33.23 32.26 31.19 29.90 28.29 27.61 25.66 25.48 23.53 22.50 21.13 19.41 17.51 15.77 14.24 12.99 11.04  9.13  7.34  6.26
21.90 21.41 21.18 21.13 21.45 21.26 21.23 21.31 21.40 21.42 21.60 21.84 22.23 21.69 20.93 20.30 20.34 20.25 19.47 18.75 18.90 18.74 18.54 18.44
traj-296:
34.15 32.87 31.50 30.28 28.59 26.67 25.59 24.45 22.74 22.65 22.61 22.40 20.90 19.58 18.12 17.42 15.76 13.96 13.01 11.36 10.79  9.36  7.43
21.89 22.22 22.58 22.80 23.14 23.50 23.68 23.92 24.69 26.43 28.40 30.00 31.17 31.48 32.17 32.10 32.42 31.82 31.63 32.25 32.28 32.42 32.55
traj-297:
35.56 34.12 32.23 30.25 28.43 27.64 25.75 24.53 23.55 22.86 22.96 23.02 23.13 23.19 23.11 22.64 22.11 21.73 21.18 19.91 18.62 17.03 15.14 13.54 12.40 10.43  8.46
23.57 23.22 22.63 22.36 22.22 22.11 21.87 21.75 20.49 19.25 17.34 15.70 13.95 12.19 11.09  9.47  7.85  6.35  4.46  4.11  3.92  3.87  3.68  3.61  3.51  3.24  3.24
traj-298:
36.41 35.12 33.50 32.29 31.72 29.93 28.03 27.51 25.67 23.94 22.44 20.83 19.34 17.56 15.81 14.63 13.67 12.31 10.59  9.27  8.35
22.96 22.59 22.11 21.66 21.53 21.28 21.34 21.90 21.93 21.65 20.77 20.05 20.08 20.27 20.31 20.26 19.95 19.16 18.40 17.74 17.24
traj-299:
38.47 37.63 35.65 35.08 33.25 32.81 31.12 29.35 27.64 26.51 25.15 23.61 23.29 22.95 22.65 23.48 23.97 24.82 24.95
23.33 23.30 23.47 23.50 23.75 23.78 23.87 23.89 23.82 23.71 23.66 24.84 26.26 27.94 29.55 31.15 31.38 33.03 33.87
