traj-0:
35.56 33.69 32.80 31.08 29.22 27.51 25.62 24.40 22.79 22.45 22.27 22.10 22.08 21.97 21.93 21.58 21.30 20.84 20.72 20.39 20.11 18.42 16.67 15.78 13.87 12.38 10.93  9.00
22.64 22.57 22.54 22.51 22.50 22.36 22.23 22.16 21.30 20.16 19.30 18.13 16.84 15.19 14.38 12.66 11.18  9.27  7.72  6.10  4.38  3.55  3.31  3.18  3.13  3.20  3.30  3.61
traj-1:
34.73 33.28 31.59 29.65 27.78 26.93 25.30 24.47 22.99 22.91 22.09 21.30 20.06 20.14 19.24 17.49 15.64 14.81 13.53 12.92 11.07  9.81  8.77
24.15 23.54 23.85 24.26 24.48 24.56 24.72 24.73 24.60 24.31 23.66 22.60 21.30 21.01 19.36 19.38 19.46 19.51 19.69 20.15 20.81 19.86 19.05
traj-2:
38.85 37.97 36.50 34.51 32.92 31.05 29.22 27.33 26.60 24.89 24.67 22.83 22.43 22.12 21.68 21.29 20.41 19.73 18.97 18.95
22.66 22.62 22.54 22.32 22.39 22.66 23.24 23.84 23.81 23.15 22.95 23.39 24.79 25.80 27.36 28.08 29.59 31.09 32.17 33.82
traj-3:
37.49 35.68 33.91 32.40 31.83 29.95 28.09 26.78 25.95 24.01 23.15 21.35 20.67 20.20 20.19 20.32 20.54 20.57 20.45 20.40 20.50 20.42 20.57 20.81 20.92 20.97 20.68 20.58 19.43 17.63 15.90 14.43 12.96 11.23 10.93  9.25  8.69  6.70  5.16
23.49 23.58 23.47 23.52 23.57 23.61 23.93 24.11 24.39 24.75 24.72 23.97 22.72 22.12 20.77 19.88 18.01 16.23 14.60 13.44 11.92 10.34  9.50  9.32  9.04  7.05  5.61  5.06  3.54  3.22  3.18  3.34  3.50  3.73  3.77  4.67  5.11  4.96  4.76
traj-4:
35.81 33.84 32.14 31.28 29.61 28.13 27.04 25.31 23.35 22.77 22.62 22.37 22.26 21.96 20.12 18.23 17.66 15.72 14.39 13.66 12.37 11.36  9.51  8.14
24.40 24.66 24.87 24.86 24.82 24.79 24.73 24.65 24.68 24.60 23.72 22.01 20.54 18.81 18.98 18.94 18.76 19.02 19.01 19.07 19.31 19.13 18.94 18.12
traj-5:
39.13 37.69 36.53 34.82 33.09 31.95 31.06 29.90 28.71 27.84 26.10 24.42 23.85 22.61 22.65 22.69 22.70 24.33 25.52 26.33 27.73 28.07 29.63 30.81 32.29
24.37 24.57 24.69 24.88 24.89 24.89 24.91 24.90 24.88 24.86 24.88 24.85 24.88 25.97 27.74 29.19 30.03 31.17 32.25 33.09 34.35 34.75 35.45 35.60 35.79
traj-6:
35.18 34.90 33.16 31.44 29.46 28.61 27.46 25.71 25.42 23.77 22.36 22.06 21.88 21.79 21.70 21.39 21.28 21.46 21.37 21.12 21.21 21.12 21.31 21.38 21.65 20.08 18.32 16.43 14.95 13.19 12.89 11.12 10.14  9.49  7.87  6.20
24.43 24.53 24.78 24.81 24.82 24.82 24.83 24.69 24.60 24.33 23.49 22.88 21.10 19.47 18.99 17.91 16.07 14.20 12.34 10.96 10.15  8.28  6.63  5.61  4.09  3.00  3.06  3.17  3.18  3.25  3.27  3.35  3.55  4.55  5.70  6.40
traj-7:
33.88 32.11 30.41 29.97 28.07 26.61 24.83 23.71 21.95 21.06 20.36 18.52 16.69 15.46 13.58 12.69 11.43 10.53  9.76  9.09  7.95
24.29 23.85 23.17 22.97 22.57 22.23 22.14 22.01 21.21 20.32 19.31 18.88 18.64 18.33 18.11 18.22 18.53 19.10 20.47 21.42 22.33
traj-8:
34.55 33.16 32.00 30.31 29.74 28.00 26.30 25.51 23.98 22.44 21.45 21.09 20.61 20.30 19.79 18.62 16.99 15.36 13.43 11.52 10.97  9.51  8.01
24.62 24.67 24.79 24.74 24.77 24.78 24.82 24.85 24.91 25.69 27.17 28.23 29.72 30.43 31.07 31.52 32.21 32.84 32.97 32.91 32.69 31.68 31.87
traj-9:
37.74 36.28 34.87 33.13 31.41 29.93 27.97 26.21 25.35 23.48 22.21 22.26 22.12 21.99 22.17 22.13 22.11 21.99 21.77 21.70 21.57 21.45 21.33 21.08 20.45 19.51 17.71 16.54 15.65 13.88 13.28 11.51 10.92  9.05  8.67
24.12 24.37 24.64 24.93 24.91 24.90 24.86 24.85 24.84 24.79 24.64 23.38 21.93 21.37 19.48 17.55 17.02 15.31 13.52 12.62 10.89  9.45  8.35  6.62  4.72  3.55  3.21  3.40  3.54  3.75  3.83  3.83  3.82  3.45  3.01
traj-10:
38.21 38.00 37.70 35.84 33.87 32.49 30.87 29.32 27.41 25.59 23.82 23.52 22.04 20.74 19.07 17.41 15.47 13.86 13.05 11.24  9.63  7.78  7.52
22.28 22.50 22.53 22.78 22.59 22.46 22.57 22.64 22.59 22.58 22.60 22.58 21.57 20.55 19.65 19.45 19.56 19.57 19.62 19.59 18.96 18.24 18.08
traj-11:
33.78 32.15 30.31 29.76 28.07 26.42 25.01 23.19 21.36 20.22 20.51 20.70 20.83 21.14 21.53 23.14 24.33 25.80 27.74 28.60 30.16 31.82 33.26
24.15 23.76 23.74 23.88 23.85 23.25 22.57 22.45 23.22 24.28 26.09 27.29 28.19 30.06 30.63 31.65 31.90 32.05 32.14 32.44 32.89 33.29 33.99
traj-12:
35.75 34.91 33.24 31.34 29.60 28.52 26.69 25.28 24.14 23.31 22.17 21.79 21.38 20.85 20.83 20.52 20.52 20.55 20.47 20.48 20.34 20.29 20.14 19.15 17.39 15.63 13.99 12.52 10.73  9.89  9.21
22.99 23.03 22.98 22.87 22.76 22.75 22.78 22.65 22.35 22.38 21.07 19.40 17.56 15.83 15.25 13.53 11.76 10.86  9.58  7.87  6.75  5.61  4.27  3.15  3.09  3.12  3.22  3.28  3.35  4.95  6.80
traj-13:
38.22 36.77 36.01 34.33 32.54 30.83 30.53 28.68 27.11 25.83 24.78 23.22 21.60 20.83 20.51 19.08 18.02 16.58 15.39 13.62 12.70 11.36  9.53  9.00  7.15  6.65  5.00
22.44 22.34 22.28 22.11 22.11 22.06 22.06 22.15 22.17 22.24 22.26 23.12 22.11 21.19 20.69 19.64 19.33 19.19 19.08 19.35 19.87 20.26 19.92 19.63 19.03 19.06 18.77
traj-14:
36.06 35.77 34.05 33.84 32.16 31.58 29.88 28.44 26.46 25.03 24.18 23.00 21.83 21.56 20.04 20.04 20.16 20.19 20.29 20.39 20.48
22.38 22.44 23.40 23.61 24.45 24.63 24.88 24.87 24.88 24.88 24.88 24.89 24.92 25.05 26.24 28.08 29.57 30.23 32.03 33.32 34.89
traj-15:
36.64 34.71 33.99 32.08 30.54 28.62 27.38 25.47 24.37 23.25 22.79 22.25 21.97 21.53 21.23 21.06 20.89 20.78 20.66 20.56 20.48 20.50 20.44 20.30 20.16 19.11 17.35 16.46 14.76 12.90 11.14 10.24  8.60  8.31
24.01 23.94 23.95 23.99 24.04 24.14 24.37 24.64 24.76 24.87 23.01 21.94 20.32 18.67 17.35 16.53 14.77 13.16 12.06 10.15  8.75  6.99  6.02  5.42  5.16  3.49  3.27  3.27  3.25  3.55  3.66  3.72  4.26  4.34
traj-16:
34.15 33.04 31.45 30.16 29.27 27.91 26.42 24.79 23.11 21.77 20.75 19.61 18.43 17.33 15.39 13.49 12.18 10.96
22.99 22.66 22.42 22.34 23.29 23.81 23.86 22.96 22.22 21.11 20.19 19.29 19.23 19.20 19.25 19.37 20.25 21.02
traj-17:
38.05 36.33 34.66 32.78 32.48 30.56 29.01 27.11 25.70 24.31 22.66 22.40 20.92 20.98 20.91 20.85
23.68 23.45 23.28 23.37 23.34 23.59 24.02 24.48 24.56 24.68 24.94 25.09 26.21 28.11 29.37 30.80
traj-18:
36.02 35.54 33.67 32.58 30.84 30.26 28.62 26.65 24.94 23.48 22.09 22.02 21.86 21.83 21.57 21.42 21.11 20.96 20.75 20.60 20.42 20.26 19.42 17.57 16.98 15.24 14.06 12.60 10.84  9.35  9.09
23.00 23.34 23.71 23.56 23.69 23.72 23.70 23.38 23.09 22.62 21.19 19.83 18.18 17.02 15.25 14.39 12.67 11.19  9.44  8.27  6.83  5.34  3.77  3.44  3.52  3.71  3.76  3.86  3.79  4.82  4.97
traj-19:
37.27 35.69 34.82 33.66 32.43 30.44 29.62 28.27 26.52 24.82 22.95 21.92 21.74 21.00 19.69 18.02 17.43 15.70 14.33 12.56 12.17 10.60  9.27  8.30  7.41  6.18  4.70
23.80 23.70 23.64 23.61 23.55 23.55 24.19 24.74 24.77 24.82 24.99 23.35 21.99 20.34 19.76 19.14 19.00 19.02 19.11 19.91 20.71 21.60 21.28 20.98 20.41 19.64 18.69
traj-20:
34.00 32.72 31.04 29.91 28.15 27.32 25.59 24.99 23.46 22.38 22.05 21.81 22.18 23.83 24.66 26.10 27.36 28.62 28.91
22.75 22.80 22.69 22.59 22.58 22.52 23.11 23.49 24.71 26.30 27.42 29.18 30.20 31.03 31.16 32.06 32.55 33.36 34.88
traj-21:
34.93 33.49 32.94 30.97 29.02 27.07 25.63 24.45 22.89 21.63 20.41 20.42 21.19 21.26 21.35 21.56 21.58 21.69 21.62 21.68 21.31 21.05 20.56 20.24 20.20 19.47 17.50 16.61 14.88 13.44 11.68 10.79  9.29  8.29  6.82  5.03
24.08 24.14 24.25 24.61 24.80 24.85 24.87 24.89 25.83 26.91 25.64 23.83 22.70 21.39 20.38 18.42 16.86 14.97 13.46 11.47  9.62  8.54  6.64  4.92  4.63  3.33  3.31  3.41  3.59  3.80  3.82  3.88  4.87  5.64  5.83  5.21
traj-22:
35.89 34.45 32.56 31.38 29.50 27.86 26.42 25.83 24.40 22.63 22.91 21.88 21.36 19.44 18.66 17.00 15.27 13.67 12.07 11.58
24.15 24.49 24.89 24.90 24.84 24.81 24.80 24.79 24.76 24.59 22.78 21.08 20.22 19.95 19.59 18.95 18.99 19.03 20.15 20.49
traj-23:
38.71 36.83 35.01 33.04 32.07 30.81 29.84 27.95 27.09 26.82 25.18 23.78 22.22 21.37 21.07 20.38 19.73 17.96 16.47 14.54 12.63 11.22
24.10 23.58 23.32 23.39 23.40 23.38 23.36 23.51 23.73 23.87 24.60 24.93 25.82 26.76 28.15 29.91 31.58 31.76 31.99 32.18 32.47 33.57
traj-24:
35.80 35.62 34.61 32.73 31.43 30.33 28.98 28.10 26.28 24.83 23.20 22.76 22.71 22.75 22.73 21.95 21.90 22.00 21.59 21.19 20.67 20.52 20.25 19.69 18.48 17.01 15.24 13.24 11.49 10.89  9.36  8.76  7.23  6.83  5.60
22.47 22.71 22.85 23.34 23.34 23.21 22.94 22.85 22.64 22.46 22.10 20.28 19.42 17.69 16.22 14.63 13.78 11.85  9.96  9.09  7.36  6.19  4.43  3.69  3.31  3.39  3.49  3.61  3.73  3.77  4.86  5.53  6.16  6.59  7.38
traj-25:
35.30 34.29 32.61 31.87 30.60 28.77 27.01 25.42 23.83 22.39 21.24 20.01 18.72 17.10 16.51 14.85 13.26 11.81 11.37  9.70  8.23
23.41 23.47 23.54 23.48 23.51 23.52 23.40 23.09 22.94 21.94 20.58 19.64 19.60 19.44 19.40 19.50 19.77 20.66 20.78 20.46 20.29
traj-26:
37.70 36.43 34.75 34.30 32.79 30.95 29.76 28.58 27.15 25.26 23.85 23.61 22.60 22.39 22.45 22.65 22.79 22.19 20.42 18.92 17.88 16.01 14.78 13.56
22.65 22.33 22.21 22.25 23.00 23.75 23.58 23.41 23.18 22.76 23.45 23.62 25.17 25.79 27.51 28.97 30.16 31.84 32.33 32.96 33.21 33.85 34.51 35.15
traj-27:
36.34 35.51 33.95 32.47 31.09 29.33 27.44 25.94 24.68 22.82 22.36 21.83 21.74 21.79 21.70 21.57 21.38 21.29 20.99 20.87 20.61 20.31 20.05 19.15 17.66 16.77 15.36 13.58 12.10 10.60  9.00  8.41
23.48 23.49 23.50 23.43 23.39 23.24 23.13 22.76 22.63 22.24 20.88 19.86 17.96 16.03 14.41 13.44 11.78 11.11  9.78  8.78  8.12  6.68  5.42  3.93  3.74  3.65  3.47  3.72  3.79  3.95  4.57  4.69
traj-28:
36.83 35.96 33.99 32.56 31.47 29.47 28.90 27.14 26.26 25.11 23.12 22.79 22.52 22.50 21.51 20.59 19.78 18.51 17.92 16.09 14.12 12.58 11.78 10.42  8.89  7.68  6.62  6.18  4.87
24.66 24.64 24.62 24.63 24.64 24.68 24.78 24.92 24.93 24.92 24.94 24.27 24.16 23.86 22.70 21.03 19.98 19.52 19.52 19.50 19.37 20.40 21.52 21.62 21.47 20.66 19.68 19.31 18.14
traj-29:
34.40 33.80 31.92 31.12 29.22 27.44 26.55 25.06 24.16 22.69 21.87 20.67 20.68 20.73 20.78 19.29 18.27 16.39 14.77 13.27 11.46 10.59
23.88 23.82 23.73 23.71 23.72 23.92 23.98 24.04 24.08 24.22 24.59 25.61 26.49 28.26 30.04 31.14 31.54 31.58 31.74 31.87 32.53 32.74
traj-30:
35.64 35.35 33.57 31.65 30.03 28.06 26.18 24.43 23.97 22.70 21.05 20.27 20.26 20.42 20.45 20.58 20.59 20.46 20.30 20.30 20.27 20.27 21.05 21.55 20.59 19.10 17.34 16.46 14.68 13.23 11.77  9.88  8.41  7.54
23.97 23.94 23.96 24.20 24.28 24.33 24.42 24.54 24.59 24.68 24.55 23.38 21.51 19.58 18.44 17.04 15.54 13.76 12.32 11.25  9.32  8.86  7.29  5.53  3.93  3.87  3.71  3.70  3.75  3.81  3.85  3.58  3.74  3.33
traj-31:
38.33 38.05 36.10 34.64 33.51 31.75 30.04 29.44 27.73 26.28 25.44 23.45 22.04 21.57 20.87 19.92 18.20 16.54 15.73 14.36 12.77 12.50
24.32 24.44 24.82 24.88 24.91 24.93 24.94 24.94 24.89 24.85 24.83 24.71 23.67 22.46 20.87 19.59 19.62 19.49 19.60 19.77 19.98 20.29
traj-32:
38.27 37.17 35.35 35.06 33.23 32.19 30.87 29.06 28.77 26.95 25.15 23.70 22.75 22.63 22.52 23.35 25.28 26.08 27.51 28.71 30.16 31.84
22.65 22.77 22.63 22.57 22.44 22.39 22.31 22.33 22.31 22.51 23.26 23.92 25.63 27.61 29.38 31.15 31.29 31.40 31.73 32.24 32.65 33.25
traj-33:
35.22 34.10 32.36 31.49 29.78 27.80 27.38 25.78 23.95 22.67 22.26 22.11 22.34 22.41 22.17 22.00 21.96 21.87 21.59 21.52 21.41 21.46 21.07 20.92 19.51 18.17 16.43 14.66 13.18 12.30 10.55  9.59  8.16  6.20
24.68 24.80 24.88 24.84 24.73 24.79 24.82 24.77 25.00 25.70 26.40 25.34 23.41 23.02 21.06 19.12 17.36 15.38 13.62 11.89 10.02  8.54  6.82  5.10  3.77  3.40  3.54  3.70  3.80  3.80  3.80  3.64  3.54  3.38
traj-34:
38.29 36.71 35.19 34.04 32.60 30.77 29.28 28.41 26.54 24.87 23.26 22.09 21.58 20.34 18.98 17.09 15.33 13.41 11.46  9.55  7.88
22.74 22.58 22.39 22.33 22.17 22.08 22.06 22.08 22.26 22.51 22.68 21.27 20.63 19.27 19.13 19.16 18.98 19.02 19.10 19.25 18.55
traj-35:
37.73 36.13 34.22 32.28 31.98 30.16 28.30 26.74 25.41 23.81 22.46 22.57 22.66 22.96 23.71 24.32 25.76 26.93 27.23
23.02 22.90 22.33 22.35 22.33 23.04 23.67 24.05 24.49 24.98 25.93 27.59 28.79 30.68 32.33 33.89 35.16 35.36 35.41
traj-36:
36.10 36.35 37.88 37.01 35.22 33.70 33.13 31.69 30.90 28.97 27.58 26.62 25.51 23.64 22.23 21.93 21.92 21.79 21.60 21.53 21.43 21.27 21.12 20.84 20.51 20.23 19.26 17.58 16.71 14.95 14.49 12.89 12.00 10.22  8.84  7.36  5.54  5.25
24.65 24.48 23.36 22.83 23.15 23.21 23.20 23.18 23.23 23.18 22.94 22.89 22.81 22.61 21.64 20.84 19.33 17.54 15.89 14.09 12.33 10.92  9.55  7.73  5.83  4.29  3.32  3.28  3.23  3.26  3.32  3.48  3.59  3.79  4.25  4.70  5.47  5.56
traj-37:
38.75 38.16 36.57 34.77 33.01 31.31 29.57 27.68 25.82 24.43 23.09 21.28 20.41 19.40 18.20 16.43 14.52 12.84 11.47 10.07  8.62  6.96  5.00
22.73 22.80 23.02 23.01 23.33 23.70 23.96 23.30 23.61 23.01 22.27 21.43 20.44 19.68 19.48 19.29 19.35 19.49 19.44 19.81 19.82 19.80 20.15
traj-38:
38.07 37.77 37.03 35.26 34.10 33.31 31.61 30.73 28.94 27.32 25.45 23.73 22.93 21.30 20.09 20.50 20.65 21.67 22.20 23.78 24.37 26.12 27.67 29.43 29.92
22.58 22.64 22.91 23.23 23.22 23.04 22.55 22.47 22.11 22.35 22.48 23.22 24.08 24.71 25.15 27.03 27.29 28.87 30.03 31.13 31.13 31.24 31.63 32.41 32.92
traj-39:
38.72 37.63 36.17 35.06 33.62 31.66 30.22 29.37 28.21 27.36 25.80 24.31 23.09 22.98 21.89 20.59 20.64 20.79 20.63 20.78 20.43 20.62 21.07 20.91 20.59 20.26 20.07 19.25 17.52 16.05 15.47 13.72 12.54 10.79  9.68  8.51  7.32
24.04 24.19 24.41 24.58 24.76 24.85 24.84 24.85 24.80 24.80 24.70 23.79 22.29 22.29 22.34 20.83 19.29 18.39 16.41 14.73 12.79 11.72 10.18  8.46  6.86  5.54  4.77  3.21  3.14  3.13  3.13  3.20  3.28  3.35  4.04  5.32  6.51
traj-40:
37.67 36.51 34.75 33.33 31.62 30.74 29.02 27.29 25.85 23.86 22.37 22.06 21.72 21.02 20.59 19.85 18.42 17.84 16.14 14.54 12.80 11.92  9.96  9.28  7.88
24.78 24.85 24.88 24.84 24.81 24.80 24.72 24.77 24.88 25.00 25.81 25.07 23.31 21.78 21.10 19.88 19.28 19.23 19.08 18.74 19.25 19.89 19.91 19.34 18.18
traj-41:
34.12 32.38 30.66 30.36 28.57 27.42 25.66 24.49 22.76 21.95 22.00 22.06 21.56 19.88 18.02 16.05 14.15 12.28 10.70
24.33 24.75 24.79 24.83 24.86 24.82 24.74 24.66 24.64 26.42 28.12 29.90 31.56 31.75 31.85 32.01 32.27 32.58 33.12
traj-42:
33.91 33.79 31.86 30.12 28.40 26.68 25.52 23.82 22.29 21.80 21.24 20.82 20.29 20.55 20.71 21.06 21.60 21.79 21.79 21.71 21.38 21.02 20.26 19.20 17.28 15.52 13.75 11.97 10.78  8.95  8.43  8.09
24.69 24.73 24.91 24.94 24.97 24.97 24.97 24.97 23.87 23.22 22.09 20.55 19.50 17.82 16.15 14.75 13.02 11.09 10.79  9.03  7.10  6.01  4.42  3.42  3.29  3.43  3.54  3.74  3.83  4.53  5.57  6.46
traj-43:
37.71 36.84 35.43 34.29 32.87 32.03 30.86 29.13 27.38 26.18 24.48 22.99 21.96 21.65 21.39 20.07 19.26 17.98 16.07 15.78 13.99 12.36 11.65 11.24
24.54 24.68 24.83 24.82 24.82 24.80 24.85 24.82 24.71 24.62 24.60 24.61 23.21 22.09 21.73 20.43 19.47 19.15 18.74 18.69 18.35 19.46 20.63 21.32
traj-44:
34.96 33.44 32.86 31.46 30.63 28.92 28.07 26.33 25.15 24.33 22.92 22.92 22.95 22.95 22.92 21.82 20.99 19.26 17.97 16.94
23.47 23.37 23.41 23.40 23.36 23.56 23.76 24.06 24.75 24.90 25.88 26.76 28.51 28.81 30.58 32.15 32.72 33.65 34.52 35.37
traj-45:
35.53 33.80 32.37 30.96 28.99 27.67 26.75 25.30 23.72 21.90 21.57 21.49 20.69 20.89 20.92 20.88 20.65 20.55 20.66 20.57 21.17 20.39 19.04 17.28 15.52 13.80 12.32 10.54  9.71  7.97  7.89
23.28 23.28 23.28 23.27 23.24 23.23 23.25 23.03 22.80 22.53 20.67 20.34 18.82 17.21 15.88 14.05 12.51 11.59 10.36  8.40  6.58  4.94  3.54  3.36  3.34  3.42  3.57  3.69  4.12  5.03  5.07
traj-46:
34.44 33.85 32.40 31.24 30.36 28.66 26.92 25.48 24.61 22.81 22.71 21.70 20.99 20.12 20.14 18.56 16.82 14.96 13.61 11.83 10.22  9.77
24.79 24.80 24.84 24.85 24.88 24.86 24.87 24.86 24.86 24.61 24.33 23.58 22.44 20.66 20.06 19.39 19.23 18.98 18.99 19.24 20.08 20.32
traj-47:
38.77 37.62 35.94 34.81 33.04 31.61 30.75 29.60 28.15 26.17 24.43 23.84 22.24 20.66 20.65 21.22 21.62 21.90
24.23 24.30 24.45 24.57 24.72 24.79 24.83 24.85 24.80 24.86 24.70 24.60 24.35 25.56 27.23 29.09 31.00 32.73
traj-48:
34.29 33.41 31.96 30.23 29.12 27.12 25.39 24.01 22.46 21.71 21.86 21.77 21.77 21.84 21.84 21.90 21.94 21.88 21.81 21.55 21.44 21.00 20.34 20.05 18.40 17.23 16.06 14.57 12.78 11.00  9.47  8.38  7.65  6.31  5.58
24.60 24.65 24.74 24.82 24.86 24.84 24.80 24.84 25.70 24.00 22.75 21.50 19.84 18.00 16.52 15.36 13.71 12.94 11.22  9.24  7.52  6.15  4.60  3.83  3.26  3.27  3.35  3.46  3.61  3.67  4.51  5.37  5.21  4.21  3.27
traj-49:
34.86 33.42 31.71 30.00 28.57 27.16 25.77 23.78 22.92 22.72 22.49 21.82 21.36 20.02 19.44 17.52 16.42 14.45 14.17 12.48 12.06
24.39 24.40 24.43 24.55 24.57 24.69 24.74 24.72 24.76 23.89 23.18 22.08 21.10 19.79 19.66 19.25 19.27 18.97 18.87 19.71 20.11
traj-50:
38.53 37.97 36.35 34.63 32.65 30.69 30.13 28.98 27.97 26.10 24.12 22.48 22.43 21.97 21.85 20.79 19.37 18.37 17.14
22.84 22.65 22.13 22.21 22.35 22.64 23.31 23.85 24.33 24.72 24.92 25.90 26.44 27.92 29.88 31.12 32.03 32.52 33.26
traj-51:
37.73 36.03 34.29 33.39 31.64 29.93 28.56 26.58 25.18 24.05 22.62 21.08 20.82 21.03 21.50 21.67 21.89 21.89 21.81 21.72 21.67 21.39 20.97 20.60 19.16 17.27 16.97 15.22 13.76 12.29 10.80 10.22  9.97  8.92  8.11  6.29  5.52
24.65 24.87 24.87 24.88 24.87 24.85 24.84 24.82 24.84 24.84 24.83 23.99 22.08 20.12 18.35 17.05 15.94 15.05 13.64 12.05 10.09  8.13  6.40  4.68  3.45  3.55  3.56  3.65  3.73  3.79  3.84  3.88  4.05  4.60  5.13  5.50  4.98
traj-52:
38.71 36.86 35.31 34.37 32.43 32.15 30.23 29.67 27.75 27.21 25.64 24.21 22.54 21.84 20.54 19.33 17.94 16.62 15.13 14.41 12.91 11.09  9.75
22.05 22.21 22.33 22.42 22.73 22.86 22.52 22.39 22.31 22.23 22.29 22.29 21.27 19.47 18.53 19.03 18.86 18.72 18.62 18.55 18.39 19.19 19.82
traj-53:
36.67 36.08 34.36 33.47 31.64 30.13 28.14 26.17 25.33 24.14 22.47 21.92 21.01 20.90 21.20 21.43 22.66 24.15 24.97
24.41 24.45 24.59 24.64 24.67 24.73 24.81 24.88 24.91 24.90 25.91 26.62 27.37 28.43 30.05 31.55 32.74 34.06 34.67
traj-54:
34.69 34.09 32.40 30.75 28.85 27.31 25.73 24.90 23.08 22.53 21.08 21.14 21.12 20.95 21.14 21.39 21.66 22.03 21.66 21.35 21.13 20.72 20.17 19.77 18.08 17.79 16.02 15.13 13.35 12.15 10.37  9.21  7.42
22.36 22.32 22.47 22.61 22.80 22.94 23.50 23.75 23.43 23.21 22.12 20.20 19.57 18.05 16.90 15.43 14.35 12.72 10.87  9.58  7.84  5.95  4.22  3.78  3.18  3.23  3.30  3.41  3.59  3.68  3.77  4.46  4.78
traj-55:
36.36 36.30 34.87 33.03 31.72 31.19 29.58 27.65 27.07 25.62 23.98 22.63 22.19 21.14 20.22 18.38 17.25 15.56 14.46 13.35 13.19 11.27  9.53  8.41
22.04 22.34 22.48 23.06 23.53 23.87 24.14 24.35 24.41 24.50 24.78 23.94 22.55 21.06 20.47 19.93 19.78 19.71 19.75 19.88 20.14 20.62 20.51 20.44
traj-56:
36.39 35.52 33.82 32.17 30.84 29.42 28.05 26.32 25.50 23.56 21.85 21.44 21.23 20.99 20.83 19.46 18.04 17.06
23.19 23.00 23.58 24.06 24.62 24.75 24.83 24.88 24.91 24.96 25.48 26.85 28.32 29.90 30.59 31.47 32.25 32.67
traj-57:
36.86 36.29 34.37 33.33 31.85 29.96 28.41 27.11 25.29 24.16 22.63 21.21 20.82 20.48 20.37 20.27 20.35 20.43 20.40 20.53 20.64 20.66 20.87 20.17 18.48 18.18 16.40 15.21 13.45 12.56 11.10  9.75  8.41  6.87
23.56 23.66 23.52 23.52 23.46 23.36 23.33 22.83 22.63 22.47 22.25 22.06 20.33 18.56 17.09 15.11 13.39 12.21 11.13  9.68  9.00  7.14  5.65  4.40  3.79  3.76  3.67  3.64  3.56  3.51  3.45  3.61  4.28  4.73
traj-58:
38.74 37.83 36.61 35.65 33.95 31.96 30.19 28.76 26.77 24.84 23.23 22.00 21.59 20.33 19.09 17.92 16.01 14.05 12.08 10.59  9.71  8.76  8.35
23.70 23.92 24.23 24.43 24.66 24.83 24.92 24.88 24.87 24.82 23.81 22.57 20.98 20.52 19.25 19.05 18.79 18.83 18.59 18.43 18.44 19.60 20.60
traj-59:
35.09 33.44 32.12 30.40 29.81 28.33 26.34 24.63 22.94 22.69 22.76 22.84 22.89 22.88
23.73 24.20 24.66 24.80 24.82 24.84 24.82 24.87 24.89 26.72 28.13 29.85 31.36 33.04
traj-60:
37.18 35.67 35.21 33.44 32.58 31.42 29.66 28.53 26.84 25.98 24.68 23.69 23.01 22.19 21.86 21.75 21.59 21.43 21.24 21.21 20.97 20.89 20.72 20.42 20.31 20.16 19.21 17.44 15.68 13.94 13.09 11.33 10.74  9.98  8.56  7.26
24.48 24.77 24.86 24.86 24.86 24.87 24.92 24.93 24.95 24.93 23.99 22.79 22.08 21.17 19.97 17.98 16.06 14.56 12.75 12.45 10.68 10.30  8.62  7.15  5.93  5.00  3.88  3.80  3.72  3.59  3.51  3.55  3.61  3.79  4.17  4.57
traj-61:
34.90 34.05 32.33 31.46 30.00 29.42 27.76 26.34 24.35 22.64 22.36 21.39 21.01 19.49 18.14 16.47 15.58 13.86 12.36 11.43  9.70  8.19  6.64  6.23
24.60 24.72 24.80 24.84 24.85 24.85 24.79 24.84 24.79 24.52 23.09 21.44 21.07 19.82 19.50 19.43 19.36 19.30 20.22 20.65 21.57 20.85 20.10 19.76
traj-62:
34.96 34.07 32.94 30.96 30.47 28.50 27.64 25.64 24.26 22.37 21.45 21.05 20.85 20.14 18.47 17.03 16.28 14.68 13.57
23.86 23.93 24.06 24.34 24.43 24.67 24.74 24.80 24.81 24.84 26.22 27.63 29.58 31.31 31.91 33.05 33.32 34.07 34.64
traj-63:
34.82 33.39 32.08 30.25 29.20 27.87 26.85 25.17 23.87 22.39 21.93 21.31 21.48 21.54 21.68 21.65 21.49 20.99 20.83 20.71 20.09 20.01 18.21 16.73 15.54 14.05 13.46 11.67 10.79  9.62  8.97  8.28  7.60
23.34 23.26 22.92 22.51 22.41 22.32 22.50 22.47 22.01 21.18 20.23 18.39 16.76 16.17 14.25 12.43 10.52  9.25  7.48  6.02  4.39  4.10  3.31  3.49  3.65  3.79  3.81  3.89  3.88  4.56  5.41  6.20  6.96
traj-64:
37.13 35.14 34.55 32.86 31.96 30.79 29.62 27.91 25.95 24.84 23.71 22.20 21.74 20.86 19.94 18.38 17.20 15.32 14.43 12.77 11.73 10.86  9.75  8.03  6.30  5.53
24.71 24.90 24.88 24.95 24.93 24.94 24.94 24.94 24.94 24.90 24.88 24.00 22.35 20.82 19.86 19.46 19.29 19.10 19.17 20.23 21.33 21.25 21.00 21.10 21.01 21.17
traj-65:
38.78 37.03 35.25 34.02 33.21 31.51 29.72 28.99 27.29 26.00 24.98 23.34 23.25 22.64 22.07 21.49 20.55 20.31 19.74 18.54 16.70 14.81 14.08 12.65 10.80
23.59 23.75 23.60 23.48 23.37 22.79 22.25 22.31 22.57 22.70 22.75 23.04 23.44 25.15 26.78 28.20 29.91 30.09 31.18 32.43 32.89 33.09 33.09 33.24 33.55
traj-66:
38.99 37.53 36.68 34.70 33.63 32.06 31.40 29.80 28.12 26.79 25.14 24.19 22.68 22.40 22.16 21.88 21.61 21.25 21.06 21.04 20.94 20.66 20.35 20.01 18.19 17.31 15.54 13.75 12.24 10.29  9.28  8.09
23.71 23.68 23.67 23.69 23.67 23.68 23.75 23.60 23.58 23.55 22.85 22.56 21.80 19.89 18.42 16.44 15.55 13.64 11.89 11.18  9.65  7.90  6.60  4.65  3.90  3.88  3.77  3.63  3.50  3.71  4.30  4.76
traj-67:
33.74 31.78 29.90 28.60 27.18 26.39 26.01 24.14 22.30 21.21 21.04 20.67 19.05 17.94 16.81 14.88 13.08 11.65 10.15  8.44
22.97 23.09 23.36 23.58 23.61 23.53 23.53 24.07 24.74 23.16 22.05 20.58 19.77 19.78 19.74 19.75 19.93 20.57 20.34 20.25
traj-68:
36.52 35.48 33.83 32.34 31.02 29.98 28.15 26.20 24.58 22.97 21.59 21.09 20.82 20.02 19.63 18.43 16.76 15.76 14.47 13.28 11.65  9.68  8.44  6.89  6.14
22.05 22.20 22.46 22.68 23.07 23.37 23.83 24.19 24.58 24.87 25.93 27.83 28.69 29.32 31.22 31.24 32.02 32.73 33.23 33.80 33.98 34.00 32.91 31.87 31.47
traj-69:
37.58 37.49 35.50 33.50 32.64 31.48 30.62 29.48 28.60 27.21 25.92 24.95 23.16 22.98 22.69 21.77 21.31 20.70 20.60 20.45 20.32 20.34 20.24 20.13 20.14 20.17 20.14 20.05 19.25 17.78 16.33 15.41 13.82 12.50 11.56 10.91  9.70  8.72  7.46  6.08  5.53
24.72 24.71 24.82 24.90 24.86 24.86 24.86 24.87 24.83 24.77 24.80 24.76 24.73 23.39 22.67 21.01 20.13 18.96 17.53 16.32 15.56 14.17 12.62 11.70 10.05  8.76  6.85  5.15  3.64  3.52  3.43  3.37  3.48  3.57  3.74  3.89  4.56  4.93  5.59  6.29  6.57
traj-70:
36.90 36.38 34.44 33.31 32.45 30.51 28.96 27.52 26.04 25.19 23.41 23.05 21.98 20.96 20.21 20.12 20.03 18.18 16.79 14.81 13.40 11.91 11.62 10.19
22.53 22.47 22.33 22.09 22.12 22.24 22.30 22.62 22.97 22.78 23.08 23.51 23.84 23.85 22.26 21.43 19.91 19.27 19.37 19.49 19.60 19.46 19.11 18.26
traj-71:
37.37 35.61 33.72 32.35 31.17 29.22 27.34 25.57 23.76 22.83 21.68 21.24 20.07 20.11 20.17 20.62 21.97 23.15 24.89 26.36 28.19 29.19 30.94 32.10
23.14 22.96 22.80 22.41 22.52 22.69 22.91 23.06 23.75 24.49 25.64 25.92 26.99 28.18 29.93 31.74 32.16 32.65 32.86 32.62 32.93 33.74 34.69 35.17
traj-72:
34.05 32.60 31.16 30.21 28.75 27.36 25.39 23.42 21.46 20.62 20.18 20.21 21.10 21.70 21.34 21.42 21.60 22.10 22.11 22.13 22.02 21.66 20.95 20.31 18.57 16.82 16.22 14.44 13.25 12.07 10.88  8.92  7.07  6.48
23.67 23.39 23.36 23.49 24.39 24.56 24.72 24.76 24.87 23.73 21.99 21.69 20.16 18.28 16.61 14.64 14.10 12.24 10.47  9.34  8.19  6.50  5.15  3.50  3.21  3.30  3.36  3.41  3.42  3.45  3.49  3.69  3.71  3.78
traj-73:
35.59 34.17 32.53 31.11 30.28 28.66 26.90 26.31 24.56 22.58 21.95 21.54 21.13 20.16 19.29 17.71 16.02 14.53 12.92 12.47 10.61 10.09
24.39 24.58 24.79 24.83 24.82 24.84 24.91 24.92 24.95 24.99 23.74 21.98 21.54 20.20 19.18 19.04 18.86 18.69 18.82 18.98 18.27 18.01
traj-74:
35.56 33.88 32.61 31.02 29.12 27.13 25.95 24.30 23.90 22.07 22.24 22.29 22.02 21.48 21.34 20.27 19.56 17.70 17.40 15.43 13.54 12.36
23.40 23.19 22.94 22.72 22.77 22.74 22.70 23.03 22.98 23.41 25.37 27.17 29.12 30.72 31.28 32.83 33.20 33.84 33.89 34.15 34.23 34.29
traj-75:
38.90 37.13 35.49 33.90 33.00 31.08 30.72 28.81 27.31 25.71 23.86 22.37 22.27 22.21 22.02 21.88 21.98 22.09 22.20 22.28 22.41 22.36 21.65 20.56 18.67 16.69 15.00 13.96 12.78 11.62  9.83  9.71
22.08 22.10 22.17 22.17 22.18 22.29 22.28 22.27 22.25 22.22 22.06 21.21 19.43 17.95 16.20 14.50 12.55 10.66  9.50  8.18  6.75  5.26  3.39  3.36  3.32  3.34  3.39  3.45  3.55  3.61  3.39  3.11
traj-76:
36.06 34.41 32.61 31.10 30.16 28.28 27.20 25.32 23.83 22.27 22.30 21.37 20.84 19.03 18.23 16.58 15.46 13.76 11.94
23.81 24.00 23.13 22.90 22.37 22.29 22.16 22.09 22.00 21.04 19.84 18.43 18.60 19.07 19.08 19.11 19.13 19.17 19.35
traj-77:
35.64 33.81 32.96 30.97 29.21 27.36 25.53 23.78 22.21 20.50 20.26 20.46 20.65 21.00 22.16 22.97 24.08 25.74
23.41 22.86 22.52 22.51 22.87 23.29 24.07 24.68 25.48 26.38 27.50 28.90 30.71 32.13 33.19 33.48 33.77 34.19
traj-78:
36.63 35.02 33.98 33.05 31.81 30.42 28.68 28.05 26.90 25.28 23.50 21.96 21.50 21.07 20.83 20.57 20.39 20.18 20.40 20.51 20.64 21.41 21.77 21.09 19.78 18.66 17.17 15.69 14.22 12.75 11.86 10.53  9.58  7.77  6.03
24.02 23.61 23.35 23.18 22.84 22.47 22.21 22.15 22.16 22.17 22.16 21.12 19.53 17.71 16.60 15.73 13.87 13.32 11.55  9.95  9.04  7.32  5.91  4.15  3.65  3.35  3.14  3.28  3.40  3.61  3.74  3.93  4.48  4.88  5.05
traj-79:
37.52 35.74 34.25 33.61 33.31 31.62 29.93 28.26 27.23 25.39 24.02 22.97 21.71 20.73 20.05 20.06 19.16 18.61 16.65 14.67 13.39 11.59 10.91 10.44  8.89
23.39 22.95 22.73 22.75 22.72 22.48 22.14 22.47 23.55 24.24 24.53 24.49 24.56 23.48 21.87 20.67 19.11 18.68 19.04 18.80 18.91 19.02 19.53 19.90 20.96
traj-80:
34.17 33.87 32.07 30.30 29.89 28.11 27.38 25.61 23.88 22.16 20.32 20.13 20.00 20.01 20.08 20.03 21.57 22.93 24.16 24.47
22.86 22.85 22.60 22.54 22.61 23.35 23.58 23.74 23.75 23.67 24.08 25.61 26.58 28.02 29.75 31.25 32.42 33.37 34.38 34.74
traj-81:
37.27 35.68 34.82 33.24 32.23 30.31 28.57 26.76 24.88 24.46 22.88 22.36 22.05 21.79 21.70 21.99 22.09 22.12 21.71 21.19 21.01 20.33 19.34 17.87 16.09 14.32 12.84 12.24 10.76  9.99  8.91  7.74  6.30
24.25 23.74 23.49 23.22 23.28 23.50 23.77 23.80 23.63 23.54 22.66 21.42 19.78 17.81 16.13 14.25 12.30 10.62  9.03  7.37  6.83  5.20  3.59  3.24  3.25  3.29  3.45  3.51  3.67  4.84  5.70  6.70  7.85
traj-82:
34.31 32.36 31.87 30.08 28.62 26.85 25.80 23.93 22.72 21.74 20.83 19.45 18.46 17.32 15.57 13.75 12.21 10.43  8.65  6.88
23.99 23.55 23.44 22.99 22.60 22.08 23.15 23.76 22.67 21.89 20.86 19.47 19.29 19.07 19.18 19.42 20.62 20.98 20.40 19.88
traj-83:
36.88 35.26 33.45 32.02 30.68 29.33 28.53 26.54 25.13 23.75 22.51 22.63 22.70 22.66 22.22 20.73 19.19 17.70 16.41 14.90 13.57
23.63 23.95 23.99 24.20 24.45 24.68 24.76 24.80 24.84 24.90 26.14 27.62 28.76 29.95 31.41 32.06 32.90 33.85 34.49 35.02 35.54
traj-84:
37.48 36.06 35.49 33.52 32.40 30.74 29.05 27.60 25.94 24.53 23.06 21.45 20.46 20.45 20.44 20.46 20.54 20.54 20.54 20.35 20.39 20.36 21.18 21.32 21.01 20.31 20.10 18.33 17.45 15.69 15.10 13.62 12.44 10.52  9.44  8.59  7.13
23.95 24.18 24.27 24.37 24.48 24.64 24.80 24.89 24.92 24.93 24.99 25.68 24.13 23.01 21.54 20.12 19.18 17.42 15.78 14.45 12.55 11.01  9.35  7.43  6.04  4.44  4.22  3.62  3.56  3.65  3.69  3.74  3.89  4.00  4.72  5.46  5.38
traj-85:
34.85 35.37 33.67 31.92 30.38 28.46 26.56 25.37 24.13 22.78 21.29 19.91 18.02 16.32 14.80 13.74 12.13 10.57  8.80  7.43  6.00
24.47 24.16 23.55 23.34 23.28 23.18 23.02 23.05 22.80 22.14 21.06 19.91 19.32 19.11 18.92 18.88 19.48 20.59 20.77 21.15 21.53
traj-86:
33.91 32.26 30.28 29.13 27.39 26.53 25.07 23.65 22.74 22.61 22.80 23.40
24.41 24.44 24.68 24.74 24.82 24.87 24.86 24.90 26.63 28.62 30.31 31.04
traj-87:
35.90 34.68 33.63 31.78 30.04 28.44 26.50 24.82 23.34 22.02 22.13 22.34 21.71 21.41 21.33 21.44 21.44 21.29 20.88 20.61 20.32 20.08 18.32 16.87 15.39 14.22 12.46 11.02 10.43  9.60  8.39
23.18 23.12 23.09 23.10 23.13 23.23 23.07 23.25 23.21 22.04 20.85 19.13 17.29 16.16 14.99 13.83 11.84 10.02  8.41  6.95  5.50  4.35  3.51  3.55  3.57  3.52  3.49  3.64  3.70  4.61  6.18
traj-88:
38.11 36.74 35.41 34.04 33.25 31.55 30.17 28.98 27.03 25.25 23.69 22.49 22.23 21.69 20.52 19.29 18.05 17.18 15.87 14.04 13.10 12.21 11.15  9.45  7.54  6.24  4.50
23.42 23.08 22.89 22.73 22.59 22.36 22.20 22.21 22.15 22.13 22.08 21.43 20.65 18.74 18.48 18.47 18.41 18.43 18.44 18.85 19.54 20.30 21.23 21.71 22.00 21.99 22.00
traj-89:
36.59 35.73 34.42 33.28 31.41 30.95 29.05 27.11 25.22 24.68 23.31 22.00 21.74 21.30 21.03 20.14 18.99 18.47 16.55 14.82 13.47 12.10
22.21 23.17 23.26 23.31 23.30 23.23 23.03 23.03 22.56 22.51 23.31 24.69 26.64 28.39 29.04 30.14 31.41 31.54 31.70 31.89 32.20 32.59
traj-90:
38.96 38.38 36.96 35.56 33.86 32.44 30.45 28.50 27.65 26.25 24.26 23.96 22.80 22.68 22.25 22.00 21.80 21.53 21.56 21.36 21.31 21.22 21.05 20.98 20.88 20.99 20.56 18.73 17.51 16.03 14.84 13.07 11.30  9.94  8.82  7.61  7.23  5.80
24.27 24.32 24.42 24.53 24.68 24.75 24.81 24.81 24.81 24.76 24.69 24.65 23.82 23.54 21.87 20.60 19.35 17.55 15.66 14.18 12.77 12.03 10.30  8.54  7.59  5.76  3.88  3.23  3.12  3.36  3.54  3.68  3.77  3.91  5.10  6.36  6.81  8.13
traj-91:
36.93 36.07 34.38 32.70 30.97 30.10 28.13 27.28 25.53 23.79 22.66 21.50 20.45 19.86 18.08 16.78 14.79 12.88 11.19 10.38  8.55  6.97  6.27
24.01 24.20 24.55 24.87 24.87 24.86 24.86 24.83 24.87 24.73 23.98 22.36 20.82 19.91 19.06 18.54 18.61 18.46 19.04 18.90 18.69 18.54 18.43
traj-92:
34.68 32.75 31.82 30.16 28.42 27.56 26.40 24.46 23.93 22.52 21.36 21.09 20.50 21.24 21.78 22.37 22.53
23.67 23.80 24.25 24.72 24.83 24.84 24.83 24.91 24.93 25.75 26.62 26.74 28.29 30.13 31.08 32.91 34.88
traj-93:
36.90 36.68 34.75 33.57 32.38 31.27 29.93 27.95 26.25 24.98 23.17 22.34 22.27 22.43 22.27 22.11 21.94 21.63 21.43 21.40 21.33 21.25 21.14 20.96 19.68 18.19 16.41 15.54 14.06 12.30 10.53  9.56  8.41  6.76
22.70 22.50 22.52 22.45 22.51 22.54 22.44 22.26 22.05 22.10 22.02 20.36 20.15 19.78 18.04 16.60 15.20 13.30 11.70 11.31  9.37  7.53  6.35  5.18  3.86  3.31  3.40  3.46  3.69  3.83  3.84  4.35  5.38  6.17
traj-94:
38.22 36.74 35.05 34.48 32.67 32.10 30.16 28.35 27.26 25.30 23.41 23.11 22.92 22.88 22.58 21.93 20.79 19.02 17.07 16.77 14.79 13.83 12.93 11.25 10.21  9.40  7.93  6.83
22.23 22.27 22.61 22.69 22.90 23.01 23.46 23.94 24.30 24.55 24.77 24.72 24.16 23.86 23.03 21.22 19.74 19.42 19.17 19.13 19.13 19.47 19.92 20.85 20.15 19.75 19.08 18.79
traj-95:
33.61 33.32 31.54 30.09 28.23 26.38 24.48 23.01 21.31 20.59 20.95 21.63 22.24 22.38 22.80 24.23 25.35
23.63 23.66 23.85 23.46 23.04 22.78 22.65 22.57 22.57 24.24 25.69 27.24 28.63 29.21 30.23 31.15 31.18
traj-96:
36.09 34.95 33.28 31.83 30.69 28.94 27.22 26.09 24.10 22.75 20.87 20.34 20.13 20.18 20.27 20.38 20.70 21.36 21.73 21.74 21.88 22.04 22.26 22.26 22.17 21.44 19.89 19.48 17.61 16.16 14.40 13.80 12.07 10.88  9.19  8.88  8.16  7.32
24.66 24.70 24.78 24.82 24.84 24.84 24.86 24.88 24.90 25.58 25.94 24.47 23.58 22.41 20.48 19.28 17.34 16.10 14.15 12.95 11.36  9.51  8.37  6.94  6.37  4.89  3.91  3.61  3.20  3.28  3.36  3.39  3.47  3.63  4.69  5.40  6.52  7.71
traj-97:
34.48 34.18 32.35 30.76 29.64 28.07 27.91 25.94 24.77 23.09 22.29 20.94 19.98 18.21 16.55 14.92 13.02 11.48 10.02  8.84  7.57
22.32 22.29 22.29 22.21 22.12 22.45 22.71 22.89 22.76 22.15 21.54 20.64 19.94 19.32 19.21 19.10 19.51 20.44 20.94 21.40 21.84
traj-98:
34.24 32.79 31.36 29.90 29.32 27.61 25.94 24.49 22.64 22.33 22.26 22.23 22.15 21.17 20.03 18.49 16.76 15.03 14.64 13.40 12.21
24.66 24.71 24.83 24.85 24.86 24.87 24.81 24.79 24.85 26.52 27.96 28.81 30.58 32.08 32.16 31.79 32.00 32.38 32.91 34.28 35.14
traj-99:
36.69 35.20 34.46 33.02 31.55 29.60 28.15 26.20 24.50 23.65 22.61 22.18 21.24 20.91 20.35 20.53 21.03 20.97 21.14 20.87 21.06 21.19 21.40 21.49 21.92 22.04 21.95 21.84 21.71 21.33 19.70 18.06 17.76 16.31 15.16 14.26 12.78 11.01 10.71  9.42  9.21
24.43 24.76 24.87 24.87 24.78 24.81 24.85 24.89 24.88 24.86 26.48 27.13 28.08 27.51 26.26 24.50 23.28 22.48 21.00 19.88 18.01 17.19 15.76 14.45 12.66 10.70  9.56  7.89  6.14  4.84  3.79  3.25  3.30  3.60  3.66  3.71  3.80  3.90  3.93  5.37  7.09
traj-100:
38.61 38.02 36.20 35.01 33.21 31.46 29.61 29.31 27.61 26.13 25.98 25.25 23.35 21.59 21.34 20.11 20.15 19.16 17.77 16.15 14.33 13.18 11.99 11.01  9.23  7.47  5.96  5.01
22.16 22.17 22.17 22.14 22.12 22.21 22.29 22.28 22.29 22.55 22.74 22.88 23.48 22.55 22.71 21.25 20.65 18.98 18.70 18.33 18.28 18.23 19.44 19.79 20.25 20.45 19.86 19.52
traj-101:
36.73 36.18 34.80 33.04 31.19 29.46 28.09 26.15 24.29 23.04 22.16 22.00 21.23 20.59 20.38 20.24 18.69 17.25 15.94
23.96 23.79 23.44 23.02 22.52 22.47 22.29 22.34 22.50 23.76 24.71 26.68 27.97 29.64 30.80 31.69 32.66 33.65 34.45
traj-102:
33.83 32.39 30.69 29.25 27.74 26.52 25.21 24.37 22.83 21.93 21.71 21.36 21.05 20.93 20.62 20.36 20.26 20.30 20.27 20.13 20.09 19.18 17.25 16.36 14.61 13.46 11.99 10.83  9.08  8.22  6.87  5.95
22.72 22.71 22.73 22.73 22.57 22.53 22.49 22.59 21.51 20.62 19.71 18.32 16.95 15.53 14.31 12.73 11.00  9.38  8.10  6.36  4.95  3.45  3.36  3.45  3.60  3.66  3.75  3.68  3.89  4.12  4.44  4.67
traj-103:
33.87 34.64 33.28 31.40 30.52 29.02 27.25 26.37 24.99 23.37 22.16 21.83 20.34 18.45 17.07 15.11 13.78 13.02 11.22  9.49  8.61  7.16  5.76
24.18 23.61 23.07 23.38 23.57 24.03 24.02 23.68 22.98 22.92 21.87 20.03 19.00 19.33 19.49 19.69 19.80 19.95 20.55 20.48 20.10 19.43 18.84
traj-104:
38.24 36.50 34.87 32.94 31.00 30.53 28.94 27.39 25.77 24.92 23.12 21.91 20.22 20.35 20.64 21.04 21.59 21.88 23.59 24.44 26.08 27.68
23.73 23.78 23.75 23.71 23.63 23.60 23.50 23.18 22.43 22.17 22.50 22.50 23.39 25.33 26.23 27.46 29.36 30.07 31.01 31.21 31.48 31.65
traj-105:
35.83 33.86 32.17 30.46 29.64 28.46 27.35 25.38 24.02 22.42 21.53 21.26 21.44 21.71 21.84 21.77 21.71 21.59 21.61 21.39 21.31 21.05 20.87 20.46 19.11 17.69 16.79 15.02 13.53 11.80 10.02  8.83  7.64
24.15 24.31 24.33 24.25 24.23 24.19 24.18 24.36 24.45 23.95 22.22 21.41 19.87 18.50 17.17 15.49 14.46 13.40 11.82 10.15  9.04  7.33  6.16  4.74  3.45  3.55  3.60  3.69  3.71  3.81  3.86  3.97  4.14
traj-106:
37.84 36.52 35.31 33.95 32.55 31.95 30.36 29.36 27.93 26.53 25.86 24.05 23.46 22.13 21.18 19.27 17.91 16.26 15.45 13.90 12.05 10.10  9.47
23.03 22.74 22.53 22.27 22.04 22.01 23.09 23.58 23.87 23.74 23.51 22.85 22.44 21.20 19.74 19.48 19.26 19.02 19.05 18.86 18.61 19.02 19.47
traj-107:
35.34 33.66 32.52 31.68 30.32 28.35 26.61 24.87 23.73 22.36 22.52 22.41 22.41 23.60 25.29 25.86 27.75 29.43 31.25 33.12
24.26 24.47 24.68 24.82 24.87 24.92 24.86 24.83 24.79 25.61 27.50 29.26 30.16 31.09 31.11 31.28 31.71 32.24 32.77 33.32
traj-108:
35.78 34.26 32.57 31.66 30.15 28.36 28.06 27.33 25.60 24.10 23.34 22.80 21.74 21.38 21.15 21.00 20.98 20.68 20.59 20.48 20.53 20.31 20.08 19.20 17.45 17.15 15.42 14.82 13.07 11.91 10.67  9.72  8.46  7.53
22.89 22.83 22.70 22.62 22.55 22.41 22.38 22.29 22.17 22.13 22.09 21.67 20.39 18.72 17.18 15.30 14.58 13.09 12.03 10.16  8.24  6.65  5.29  3.73  3.67  3.65  3.66  3.68  3.71  3.77  3.79  4.43  5.98  7.19
traj-109:
36.77 35.22 34.28 32.49 30.78 29.36 27.54 25.59 24.18 22.98 22.62 21.50 20.84 19.76 18.36 17.03 15.15 14.01 12.53 11.64
23.03 22.78 22.67 22.37 23.09 23.63 24.07 24.41 24.20 23.75 23.06 22.01 20.80 19.15 18.80 18.65 18.49 18.54 18.76 20.27
traj-110:
38.95 37.48 36.53 34.60 32.82 31.00 30.41 28.66 27.59 25.71 24.00 22.40 22.23 20.60 20.75 21.11 21.74 22.39 23.07 24.36 25.24 26.90
22.15 22.47 23.08 22.91 22.40 22.34 22.34 22.20 22.22 22.30 22.45 23.37 23.92 24.93 25.92 27.85 29.66 30.83 31.21 31.11 31.06 31.55
traj-111:
38.93 38.35 36.92 36.14 34.91 33.10 32.30 30.60 28.94 28.37 26.61 26.05 24.59 22.97 22.72 22.40 21.99 21.93 21.80 21.74 21.56 21.47 21.29 21.14 20.97 20.68 20.38 20.13 20.01 19.40 17.71 16.12 14.48 13.60 12.43 10.51  9.19  7.33  5.99
22.68 22.79 22.99 23.17 23.44 23.77 23.86 24.53 24.71 24.76 24.84 24.87 24.86 24.66 23.41 22.01 20.10 18.86 17.71 16.71 15.87 14.66 13.12 12.02 10.52  8.68  6.82  5.29  4.71  3.59  3.46  3.33  3.19  3.17  3.14  3.43  3.66  4.24  4.66
traj-112:
38.93 37.11 35.72 34.87 33.50 32.10 30.71 29.61 27.86 25.86 24.15 22.41 21.58 20.89 20.26 20.27 19.94 18.32 16.69 14.71 13.41 11.90  9.97  8.34
23.38 23.67 23.80 23.95 24.28 24.63 24.73 24.79 24.85 24.88 24.92 24.71 23.46 22.49 21.07 20.20 19.75 19.19 19.05 18.83 18.85 19.02 19.03 18.53
traj-113:
38.71 37.68 36.11 34.59 32.94 32.43 30.94 29.13 27.26 25.37 24.19 22.43 20.63 20.20 20.28 21.43 22.28 22.42
22.08 22.08 22.12 22.16 22.35 22.59 23.27 22.90 22.63 22.11 22.18 22.44 23.03 24.81 26.52 27.73 29.46 30.32
traj-114:
37.51 36.28 34.73 32.98 32.17 30.59 28.72 27.55 25.66 23.82 22.12 20.31 20.08 20.19 20.20 20.66 21.61 21.87 21.87 21.92 21.95 22.00 22.12 21.71 21.20 20.19 18.51 16.75 15.28 13.79 12.64 10.89 10.00  8.27  7.86
23.15 23.14 23.15 22.89 22.60 22.50 22.36 22.50 22.47 23.06 23.22 23.45 21.71 20.82 18.94 17.70 16.00 15.56 13.88 12.30 11.49 10.07  8.11  6.77  5.38  3.79  3.19  3.28  3.35  3.41  3.44  3.60  3.70  3.46  3.03
traj-115:
38.93 37.08 36.08 34.31 32.82 31.81 30.39 29.13 28.05 26.13 24.78 23.01 21.49 19.96 19.66 17.86 16.14 15.56 13.79 12.77 11.20 10.30  8.71  6.88
22.32 22.25 22.18 22.16 22.12 22.09 22.05 22.09 22.10 22.11 22.09 22.03 20.84 19.73 19.67 19.65 19.78 19.81 19.90 20.57 21.75 21.83 21.91 22.12
traj-116:
35.97 34.80 33.07 31.93 29.97 28.27 26.84 25.41 23.69 22.24 21.65 21.58 21.95 23.20 24.60 25.42 27.17 28.32 29.61 30.82 31.60
24.10 24.07 24.24 24.38 24.64 24.83 24.81 24.78 24.79 25.64 26.45 28.38 29.73 31.10 31.12 31.12 31.15 31.15 32.02 32.97 33.70
traj-117:
33.73 32.64 31.03 29.29 27.53 25.95 24.27 23.98 22.43 21.62 21.65 20.99 20.95 20.82 20.73 20.61 20.59 20.57 20.53 20.17 20.13 20.07 20.16 18.57 17.39 15.69 13.91 12.73 10.99  9.92  9.19  8.41
22.27 22.39 22.75 23.35 23.85 24.21 24.72 24.79 23.69 22.16 21.86 20.03 18.59 17.23 15.47 13.71 12.70 11.55 10.55  9.28  7.52  5.99  4.13  3.79  3.71  3.60  3.76  3.79  3.88  4.55  5.62  6.57
traj-118:
37.77 36.70 35.74 34.19 33.34 31.77 30.46 28.90 28.10 26.31 24.71 22.73 21.30 20.32 20.20 18.64 17.46 16.18 15.31 13.46 12.67 11.47 10.55  8.88  7.89  6.08
23.66 23.26 22.88 22.26 22.27 22.26 22.38 23.03 23.34 23.21 22.63 22.63 21.83 20.72 20.45 19.68 19.70 19.40 19.20 19.29 19.56 19.73 19.94 20.54 20.71 21.03
traj-119:
37.74 35.89 34.22 32.57 31.54 30.00 28.65 27.07 25.39 23.46 21.88 20.06 20.19 20.37 20.37 21.36 21.56 22.23 23.54 24.64 26.14
22.32 22.27 22.35 22.51 22.42 22.26 22.24 22.26 22.46 22.56 22.39 22.33 24.26 26.20 26.50 28.16 28.62 30.34 31.11 31.33 31.77
traj-120:
35.78 34.24 33.25 31.63 29.92 28.76 27.56 26.09 24.50 23.11 21.93 21.64 21.71 21.70 21.74 21.89 21.99 21.99 21.98 21.76 21.35 20.77 19.54 17.62 16.14 14.36 12.59 10.80  9.29  8.03  6.73
22.53 22.83 22.94 23.08 23.36 23.54 23.72 23.85 24.00 23.66 22.30 20.34 19.02 17.79 16.10 14.48 12.51 11.62  9.86  8.05  6.10  4.73  3.57  3.54  3.55  3.53  3.51  3.55  4.65  5.62  6.58
traj-121:
37.02 36.02 34.34 32.56 30.65 28.97 27.83 26.22 24.24 23.94 22.70 22.27 21.82 20.45 19.95 18.15 17.27 15.54 13.76 12.57
23.34 23.53 23.83 24.22 24.52 24.55 24.57 24.58 24.66 24.66 23.75 22.72 21.40 20.07 19.75 19.36 19.28 19.15 19.17 20.56
traj-122:
38.41 37.03 35.06 34.51 32.80 31.08 29.62 28.47 26.53 25.35 23.92 22.85 21.78 21.27 20.36 20.11 19.91 18.36 16.75 16.02 14.68 12.99 11.58 10.76
24.36 24.60 24.78 24.82 24.81 24.85 24.89 24.89 24.98 24.97 24.99 24.99 26.43 27.30 28.94 30.28 31.67 32.55 33.59 33.79 34.30 34.08 33.65 33.42
traj-123:
37.10 35.69 33.84 33.56 31.68 30.73 29.68 27.96 26.85 25.06 23.26 22.92 21.97 21.77 21.35 21.02 20.89 21.14 20.98 20.95 20.95 20.77 20.13 20.13 19.14 18.27 16.50 14.72 12.97 11.52 10.33  8.52  6.70  5.05
24.59 24.79 24.81 24.81 24.86 24.79 24.76 24.86 24.91 24.77 23.92 22.60 21.40 20.69 19.38 17.89 16.76 14.84 12.84 11.04 10.16  8.22  6.67  5.48  3.87  3.75  3.63  3.71  3.80  3.89  3.90  4.62  5.01  5.16
traj-124:
34.89 33.48 32.30 30.31 30.02 28.09 27.42 25.99 24.12 23.02 21.47 20.45 19.19 17.21 15.94 13.96 12.55 11.66
23.53 23.70 23.99 23.93 23.89 23.72 23.50 23.13 22.55 22.23 21.20 20.26 19.07 18.94 18.83 18.72 18.57 18.45
traj-125:
37.37 35.43 33.54 32.65 30.80 29.74 27.85 26.94 25.28 23.85 22.81 22.11 21.92 21.90 21.83 20.91 19.41 18.28 16.31 15.45 13.80 13.28
22.72 22.37 22.14 22.09 22.26 22.31 22.42 22.41 23.32 24.06 25.49 26.71 28.32 29.18 30.91 32.66 33.44 34.14 34.48 34.63 35.15 35.38
traj-126:
38.95 38.69 36.79 35.35 33.63 32.19 30.76 29.14 27.18 25.43 24.84 22.88 21.41 21.10 20.50 20.36 20.40 21.01 21.30 21.66 21.83 21.86 21.94 21.70 21.27 20.89 20.15 18.35 16.62 15.75 14.30 13.43 12.30 10.52  9.10  7.69  7.33
24.22 24.35 24.74 24.79 24.86 24.89 24.90 24.94 24.96 24.97 24.98 24.98 25.53 25.06 23.37 21.86 20.61 18.86 17.19 15.72 14.40 12.41 10.43  9.02  7.36  5.67  4.02  3.44  3.36  3.35  3.35  3.42  3.55  3.68  4.40  5.24  6.83
traj-127:
38.92 37.28 35.48 33.53 32.06 30.37 28.83 27.33 27.07 25.17 24.36 22.62 22.35 21.76 21.46 20.68 19.85 18.67 16.74 15.60 14.25 12.80 12.32
23.03 23.04 23.05 22.86 22.65 22.79 23.45 24.16 24.15 24.59 24.75 24.82 24.70 23.84 22.05 20.97 19.81 19.26 19.27 19.40 19.56 20.59 21.90
traj-128:
37.70 35.85 35.06 33.44 31.65 29.85 29.07 27.48 25.77 24.66 22.75 21.18 21.17 21.03 20.44 20.04 19.27 17.54 15.78 14.73 14.09 13.93
23.93 23.55 23.37 22.94 23.19 23.85 23.89 23.96 24.15 24.28 24.53 24.95 26.90 27.68 29.30 30.52 31.15 31.24 31.19 32.36 34.02 34.27
traj-129:
36.22 35.95 34.29 32.53 30.73 28.90 27.15 25.72 24.01 23.40 21.94 21.92 21.87 21.84 21.86 21.73 21.63 21.31 20.96 21.02 20.86 20.57 20.21 19.21 18.06 16.30 14.51 13.33 11.55 10.96  9.19  8.25  6.80  5.40
23.95 24.08 24.61 24.62 23.93 23.95 23.93 24.10 23.46 23.05 21.91 20.21 19.06 17.20 16.20 14.70 13.47 11.54  9.58  9.21  7.49  6.11  4.85  3.13  3.19  3.30  3.40  3.48  3.58  3.64  4.00  4.70  5.82  6.98
traj-130:
34.08 32.37 30.68 29.82 28.29 26.42 24.71 23.44 22.00 20.60 20.16 20.11 19.07 17.93 16.38 15.24 13.30 11.68  9.99  8.06  6.77  5.38
22.83 23.63 23.32 23.29 22.74 22.99 23.64 24.28 24.59 23.63 21.80 20.65 19.06 19.08 19.25 19.29 19.49 19.28 19.01 19.24 19.33 19.55
traj-131:
38.49 37.09 36.51 34.84 33.07 32.24 30.81 29.07 28.48 26.49 25.37 23.96 22.41 22.13 21.92 22.47 22.97 24.13 25.16 26.70
24.29 24.49 24.57 24.84 24.81 24.83 24.80 24.76 24.75 24.77 24.63 24.81 26.00 27.79 29.58 31.46 31.61 33.17 34.24 35.22
traj-132:
39.08 37.72 35.92 35.05 33.54 31.65 30.51 29.58 27.81 26.19 24.40 23.43 22.38 21.30 20.92 21.01 21.04 20.77 20.79 21.03 20.99 20.89 20.70 20.38 19.12 17.63 16.45 14.69 12.93 11.18 10.89 10.13  9.20  8.93  8.76  7.18  6.94
23.54 23.37 23.16 23.06 23.19 23.34 23.43 23.52 23.61 23.88 23.27 22.94 21.69 20.08 18.19 16.29 14.67 12.97 12.38 11.83  9.90  8.30  6.39  4.67  3.13  3.21  3.28  3.35  3.31  3.47  3.52  3.84  5.40  6.40  7.67  8.44  8.62
traj-133:
37.72 36.04 35.05 33.40 33.11 31.21 29.24 28.20 27.03 25.06 23.09 22.96 21.15 20.66 19.07 18.50 17.34 15.63 15.04 13.10 12.47 10.96  9.26  7.30  6.72  5.30
23.97 23.51 23.26 22.82 22.74 22.63 22.66 22.49 22.53 22.60 22.55 22.28 21.80 20.77 19.99 19.81 19.52 18.99 18.87 19.06 20.04 20.86 20.72 20.34 20.19 19.99
traj-134:
35.39 33.99 32.29 30.30 28.62 26.88 25.43 23.76 22.43 21.64 20.94 21.68 22.54 23.29
24.61 24.73 24.78 24.85 24.90 24.92 24.92 24.94 25.77 26.50 27.53 29.05 30.68 32.15
traj-135:
37.52 35.86 35.34 33.83 32.70 30.71 29.01 27.08 25.12 23.14 22.76 21.00 20.34 20.54 20.74 20.93 20.78 20.88 20.91 20.95 21.08 21.27 21.31 21.39 21.43 20.51 20.03 20.10 18.53 17.39 16.21 14.52 13.04 11.26  9.79  8.38  6.98  5.21
24.40 24.52 24.55 24.65 24.72 24.81 24.82 24.91 24.96 24.98 25.33 25.85 25.52 23.58 21.62 20.27 18.87 17.57 15.79 15.42 14.34 12.54 10.96  9.59  8.43  6.94  6.23  4.26  3.74  3.47  3.25  3.20  3.35  3.53  3.72  4.36  4.97  5.85
traj-136:
33.95 32.84 31.03 29.18 27.19 26.56 25.13 23.51 22.25 21.97 21.26 20.58 19.16 18.58 16.67 15.23 13.55 11.71  9.93  8.02  6.20  5.90
22.64 22.52 22.37 22.60 22.50 22.49 23.46 24.25 24.34 22.54 21.45 20.70 19.48 19.34 19.26 19.23 19.32 19.32 18.99 18.61 18.22 18.18
traj-137:
35.50 33.69 31.78 30.93 30.51 29.01 28.32 26.42 24.49 23.28 22.28 21.94 21.96 22.07 22.69 23.12 24.15 25.49
22.79 22.51 22.40 22.36 22.42 23.33 23.06 22.56 23.04 24.12 25.39 27.18 27.68 29.45 30.70 31.42 32.30 33.46
traj-138:
34.14 33.84 32.07 30.17 28.55 26.57 24.67 23.71 22.61 22.34 22.28 22.22 21.45 21.48 21.64 21.51 21.35 21.13 20.83 20.51 20.11 18.26 16.48 14.72 13.25 12.65 10.90  9.97  9.83  9.83
22.80 22.78 22.55 22.42 22.36 22.23 22.12 22.07 21.18 20.18 18.39 16.83 14.98 13.89 12.55 10.57  8.90  7.77  6.64  5.51  4.07  3.33  3.51  3.46  3.35  3.30  3.12  4.43  5.78  7.77
traj-139:
34.32 34.07 32.33 30.66 28.81 27.39 25.43 23.63 22.47 21.71 20.33 18.58 16.81 15.38 13.62 12.54 12.14
23.13 22.96 22.16 22.26 22.11 22.09 22.04 22.02 21.21 20.06 19.63 19.07 19.29 19.42 19.65 20.49 21.94
traj-140:
35.16 33.43 32.13 31.31 29.46 28.36 26.91 25.59 23.66 22.77 22.58 22.57 22.57 22.62 23.87 25.21 25.76 26.71
22.75 23.45 23.43 23.44 23.31 23.44 23.67 23.55 23.67 24.71 26.41 27.81 28.93 30.12 31.15 32.27 33.18 34.72
traj-141:
34.14 32.63 31.33 29.43 27.81 25.87 25.17 23.49 22.35 21.75 21.02 20.51 20.63 20.58 20.37 20.08 20.31 21.15 21.35 21.21 21.14 20.11 18.37 17.21 15.46 13.99 13.14 11.98 10.79  9.03  8.73  7.26  6.14  5.49
22.12 22.28 22.35 22.43 22.37 22.60 22.69 22.56 21.72 20.05 18.28 16.55 15.60 15.02 13.54 11.60 10.53  9.40  9.17  7.20  5.25  3.67  3.22  3.40  3.49  3.58  3.58  3.60  3.65  3.79  3.79  4.82  5.75  6.28
traj-142:
34.17 33.22 31.49 29.57 28.67 27.20 25.37 23.69 22.84 22.42 21.86 20.35 19.24 17.37 16.49 14.71 12.92 10.98  9.02  8.38  6.78  5.64
23.99 23.85 23.80 23.86 23.91 23.78 23.49 22.49 21.73 19.83 18.15 17.98 19.04 19.47 19.26 19.28 19.28 19.40 19.51 19.57 19.75 19.85
traj-143:
34.47 33.89 32.20 30.74 29.86 27.92 26.18 24.19 23.38 22.94 22.39 22.24 21.34 20.59 18.82 16.99 15.63 13.83 12.03 11.15  9.59  8.18  7.39  5.64
24.45 24.51 24.82 24.94 24.95 24.97 24.91 24.89 24.91 25.30 27.01 28.77 29.85 31.62 31.51 31.33 31.25 31.30 31.46 32.48 32.93 33.19 33.51 34.38
traj-144:
37.56 35.83 35.16 33.55 32.95 31.39 30.57 28.61 26.89 25.33 24.35 23.76 21.79 21.39 21.00 20.74 20.48 20.49 20.56 20.59 20.58 20.55 20.54 20.58 20.15 20.02 19.15 17.67 15.89 14.00 12.22 10.73  9.51  8.71  6.89
23.00 23.05 23.09 23.03 23.00 22.92 22.90 22.90 23.23 23.71 23.99 24.51 24.43 23.02 21.51 20.62 18.77 17.38 15.62 14.65 13.04 11.33  9.42  7.86  6.38  5.26  3.68  3.53  3.44  3.56  3.68  3.88  5.13  6.00  5.82
traj-145:
34.64 32.84 32.55 30.58 30.30 28.61 27.76 26.47 25.04 23.58 22.07 20.51 20.16 20.04 18.79 17.35 16.24 14.62 12.74 11.13 10.18
23.33 23.35 23.30 23.36 23.45 23.99 24.20 24.58 24.79 24.85 23.87 22.75 20.92 20.37 18.88 18.60 18.74 18.99 19.55 19.26 19.12
traj-146:
36.03 34.93 33.20 32.91 30.94 29.01 27.85 25.86 23.90 23.07 22.54 22.34 22.12 22.05 21.02 20.28 18.92 18.37 16.77
24.08 24.24 24.48 24.54 24.77 24.75 24.77 24.83 24.90 24.89 25.28 27.25 29.19 30.35 31.93 32.81 33.65 34.11 34.98
traj-147:
36.68 34.91 33.01 31.35 31.01 29.75 28.30 27.43 25.76 24.58 22.86 21.15 20.15 20.18 20.33 20.47 20.76 21.35 21.47 21.46 21.49 21.54 21.58 21.53 21.27 20.26 20.04 18.29 17.99 16.21 14.43 13.83 12.07 11.47  9.70  8.96  7.63  6.00  5.03
23.32 23.52 23.58 23.88 23.95 24.17 24.44 24.61 24.89 24.78 24.56 25.12 23.43 22.29 20.30 19.72 17.83 15.97 14.40 12.64 11.06  9.43  8.83  7.43  5.57  4.00  3.80  3.26  3.29  3.48  3.61  3.66  3.82  3.85  3.97  4.19  4.57  3.98  3.49
traj-148:
35.91 34.47 33.05 32.18 30.53 28.77 27.66 26.01 24.63 23.81 22.37 22.13 22.05 21.20 19.29 17.33 15.61 15.02 13.33 11.72
24.39 24.39 24.45 24.49 24.65 24.80 24.77 24.81 24.86 24.85 23.97 22.43 21.84 20.12 19.71 19.59 19.53 19.39 18.95 18.26
traj-149:
35.44 34.01 32.29 30.33 28.35 26.92 25.01 23.99 22.59 22.26 22.37 22.42 23.12 24.78 26.74 28.17 29.46 30.63 32.03 32.91
24.27 24.16 24.05 24.06 24.24 24.46 24.79 24.98 25.70 27.43 28.91 29.51 31.09 31.08 31.10 31.16 31.33 31.92 32.55 33.01
traj-150:
34.37 32.99 31.03 29.32 27.84 26.97 25.82 24.96 23.50 23.01 22.14 21.27 20.71 20.38 20.42 20.46 20.58 20.52 20.70 21.01 20.85 20.86 20.42 19.19 17.42 15.96 14.77 13.30 12.40 10.70 10.11  8.26  7.33  6.38  5.92
23.98 24.36 24.75 24.91 24.91 24.89 24.89 24.87 23.84 22.65 21.02 19.30 17.66 16.35 14.47 13.85 12.26 11.18 10.13  8.92  7.04  5.92  5.26  3.81  3.70  3.64  3.63  3.72  3.72  3.73  3.75  4.36  5.59  6.91  7.63
traj-151:
38.55 37.41 36.24 34.80 33.05 31.90 30.25 29.68 27.72 27.12 25.37 24.20 22.44 22.30 21.85 20.67 19.93 18.80 17.40 15.41 13.56 12.07 10.33  8.94  7.94
24.48 24.37 24.33 24.36 24.34 24.45 24.68 24.73 24.89 24.88 24.82 24.70 23.83 23.26 21.49 19.98 19.44 19.19 19.35 19.21 19.33 20.66 21.58 21.30 21.11
traj-152:
37.77 36.67 34.67 34.10 32.39 30.70 28.72 26.75 25.31 24.15 23.08 22.73 22.62 22.64 22.69 23.93 25.03 26.43
24.56 24.61 24.68 24.71 24.80 24.86 24.87 24.93 24.89 24.89 24.90 25.12 26.86 28.60 30.24 31.51 32.25 33.22
traj-153:
34.62 33.56 31.66 30.62 29.53 27.62 25.75 24.01 23.41 22.74 21.95 21.51 21.27 21.04 20.88 20.76 20.55 20.29 20.19 20.07 19.05 18.46 16.69 14.95 13.20 12.04 10.31  9.87  9.58  9.45
23.89 23.71 23.38 23.23 23.04 22.70 22.34 22.09 22.01 21.60 19.99 18.04 16.39 14.79 13.80 12.56 10.60  8.98  7.22  5.25  3.59  3.70  3.72  3.72  3.70  3.66  3.90  4.52  6.49  7.34
traj-154:
35.36 34.07 33.02 31.33 30.26 28.63 26.99 25.57 23.57 23.02 21.24 21.42 21.14 20.49 19.42 18.15 17.85 16.16 14.77 13.35 11.49 10.11
22.86 22.88 23.33 23.87 24.00 24.42 24.85 24.88 24.85 24.86 24.89 23.01 22.21 20.67 19.86 19.42 19.37 19.14 19.25 19.22 19.11 18.95
traj-155:
36.63 35.15 33.21 31.77 30.51 28.89 27.08 25.52 23.88 22.61 22.04 21.59 21.75
22.68 22.85 22.85 22.83 22.77 22.65 22.92 23.54 24.22 25.67 27.56 29.44 31.41
traj-156:
34.17 33.30 31.41 29.85 29.11 27.75 26.22 24.80 23.91 22.27 21.86 20.49 21.10 21.73 21.47 21.52 21.66 21.90 21.90 21.92 21.82 21.28 20.55 20.16 18.41 17.23 15.47 14.30 12.55 10.77  9.39  9.13  8.98
22.89 22.87 22.59 22.32 22.34 22.32 22.50 23.18 23.68 22.81 21.94 20.99 19.36 17.71 16.67 15.16 13.95 12.09 10.73  8.96  7.22  5.88  4.49  3.71  3.09  3.28  3.50  3.50  3.47  3.56  3.84  5.76  6.79
traj-157:
36.94 36.37 34.90 34.03 32.87 31.69 30.01 28.04 26.90 24.93 24.34 22.68 21.98 21.67 20.82 20.13 19.30 18.41 16.70 15.86 14.00 13.55 11.95 10.37  9.57
24.51 24.59 24.76 24.86 24.87 24.85 24.85 24.81 24.77 24.73 24.74 24.72 23.41 22.94 21.63 20.41 19.77 18.73 19.00 18.95 19.19 19.39 19.29 19.11 18.91
traj-158:
37.50 35.75 34.10 32.99 31.38 29.93 28.39 27.50 26.05 25.50 23.90 22.81 22.53 22.13 22.69 24.07 24.98 24.97
23.80 23.21 23.15 22.89 22.70 22.53 22.48 23.03 23.72 23.97 24.63 25.93 27.55 29.51 31.33 32.01 33.69 34.55
traj-159:
33.70 31.91 30.17 28.91 27.23 25.34 24.20 22.24 22.20 21.50 20.89 21.24 21.67 21.73 21.84 21.72 21.68 21.35 21.20 20.97 20.70 20.41 20.15 18.48 17.88 16.11 14.36 14.06 12.30 10.53  9.76  8.97  8.60
22.38 23.21 23.68 24.18 24.54 24.72 24.64 24.49 24.19 23.82 22.03 20.20 18.42 16.73 14.86 14.17 12.84 10.89 10.01  8.57  7.14  5.38  3.92  3.29  3.31  3.39  3.50  3.52  3.74  3.85  4.26  5.82  6.95
traj-160:
33.84 32.39 30.93 29.21 28.40 26.88 24.96 24.25 22.99 21.51 20.07 18.32 17.73 16.29 14.57 12.97 11.71  9.97  7.99  6.75  5.79
22.00 22.04 22.11 22.20 22.25 22.33 22.32 22.21 21.55 21.03 20.40 19.80 19.74 19.63 19.58 18.98 18.77 18.54 18.42 18.23 18.07
traj-161:
36.48 35.06 34.47 32.55 30.61 28.88 27.16 25.43 24.06 22.56 22.34 22.17 22.22 22.61 23.31 24.54 24.82
24.35 24.43 24.45 24.71 24.83 24.82 24.85 24.79 24.83 25.82 26.89 28.02 29.63 30.60 31.44 32.82 33.29
traj-162:
33.80 33.51 31.67 29.98 29.13 27.38 26.30 24.37 22.62 21.81 21.66 21.67 21.58 21.36 21.55 21.71 21.56 21.35 21.34 21.44 21.62 21.73 21.48 20.13 18.32 16.55 15.24 13.53 11.77 10.58  9.23  8.15
23.10 23.17 23.71 24.16 24.21 24.32 24.38 24.47 23.76 22.09 21.15 19.79 18.50 17.11 15.61 14.65 13.00 11.70 10.69  9.17  7.42  7.15  5.24  4.64  3.85  3.67  3.54  3.46  3.50  3.66  4.39  5.24
traj-163:
36.84 35.43 33.67 33.12 31.46 30.60 28.65 27.20 25.76 24.02 22.24 21.75 21.04 20.40 19.20 17.46 16.29 14.56 12.79 11.61
24.52 24.81 24.90 24.91 24.93 24.92 24.90 24.89 24.85 24.76 24.73 23.36 21.68 20.57 19.57 19.44 19.25 19.03 19.50 19.77
traj-164:
34.08 33.17 31.45 30.64 29.13 28.42 27.28 26.48 24.65 22.95 21.46 20.10 20.14 20.19 20.21 20.21 20.09
22.84 22.58 22.29 22.17 22.37 23.12 23.76 24.17 24.80 24.93 26.07 27.24 28.36 29.78 30.90 32.88 33.32
traj-165:
34.15 32.72 30.79 29.64 27.82 27.52 25.75 24.63 23.60 21.68 21.35 21.52 21.48 21.39 21.33 21.34 21.37 21.16 20.79 20.71 20.39 19.29 17.35 16.76 15.03 13.29 11.83 10.94  9.99  9.14  8.43
24.50 24.45 24.41 23.96 23.67 23.63 23.36 23.16 22.90 22.39 20.60 18.84 17.58 15.64 13.84 11.85 10.07  9.20  7.37  6.65  5.25  3.81  3.76  3.74  3.68  3.66  3.65  3.72  4.77  6.05  7.16
traj-166:
35.64 34.53 32.86 31.16 29.24 28.06 26.35 24.63 23.75 22.22 21.38 20.14 19.08 18.79 17.10 15.37 13.73 12.04 12.00
24.06 24.23 24.44 24.66 24.88 24.87 24.82 24.77 24.76 23.67 22.70 21.33 19.87 19.80 19.45 19.52 19.68 18.70 18.40
traj-167:
36.24 34.68 34.00 32.19 31.07 29.36 28.28 26.31 24.92 23.46 23.27 21.82 21.33 20.69 20.39 19.12 18.26 17.05 15.71 14.42 12.63 10.92
22.70 22.56 22.50 23.22 23.99 24.37 24.49 24.80 24.96 24.77 25.00 26.32 27.28 29.01 30.05 31.19 31.19 31.33 31.38 32.02 32.56 33.15
traj-168:
36.51 35.38 33.90 33.18 31.75 30.29 28.44 26.76 25.25 24.75 23.06 22.39 21.56 21.43 20.80 20.85 20.87 21.00 20.85 20.44 20.47 20.58 21.02 21.14 21.31 20.26 18.78 17.31 16.71 14.95 13.05 11.28 10.98  9.89  8.85  6.93  5.87
22.67 22.58 22.64 22.56 22.57 22.62 22.64 22.76 22.79 22.77 22.94 22.13 20.43 20.20 18.91 17.78 16.51 14.87 13.53 11.87 11.07  9.58  7.68  6.69  4.89  4.05  3.72  3.61  3.58  3.52  3.55  3.78  3.80  5.47  7.13  7.47  7.64
traj-169:
37.78 37.22 35.75 34.32 32.61 31.21 29.30 27.83 26.41 24.80 22.98 22.89 22.64 21.59 20.59 19.93 18.11 16.24 14.56 13.98 12.30 11.93 10.29  9.33  8.29
23.12 23.19 23.24 23.48 24.32 24.47 24.79 24.80 24.83 24.87 24.64 23.92 23.72 22.42 20.81 19.94 19.10 19.56 19.85 19.89 20.74 21.19 21.64 21.13 20.35
traj-170:
38.64 38.18 36.48 35.33 33.58 31.86 31.26 29.56 27.65 25.67 24.04 22.72 22.15 21.76 21.31 20.32 19.65
23.84 23.83 23.87 24.03 24.23 24.36 24.35 24.38 24.63 24.80 24.99 25.80 26.75 28.23 29.65 31.37 32.54
traj-171:
35.56 34.51 33.27 32.04 30.23 28.72 27.29 26.05 24.77 23.46 22.46 21.98 21.77 21.47 21.26 21.04 20.85 20.68 20.39 20.21 20.03 19.15 18.85 17.11 15.33 14.76 13.31 11.57 10.41  9.33  9.19  8.78  8.59
23.14 23.02 22.90 22.84 22.70 22.64 22.55 22.50 22.49 22.50 21.21 19.36 17.62 16.69 14.84 13.25 11.89 10.33  8.39  6.71  5.41  3.92  3.87  3.51  3.42  3.35  3.46  3.58  3.68  5.28  6.09  7.87  8.04
traj-172:
36.70 35.34 33.41 32.48 31.64 29.95 28.51 26.63 24.70 24.17 22.90 21.18 20.31 18.71 17.87 15.99 15.09 13.18 12.88 11.08  9.53
23.47 23.45 23.11 23.27 23.55 23.89 23.34 22.67 22.76 22.73 21.95 21.18 20.06 19.29 18.99 19.07 19.05 19.03 19.06 19.33 19.54
traj-173:
36.41 35.53 34.14 32.43 31.30 29.63 29.07 27.37 25.41 24.03 22.28 22.06 21.88 21.69 21.51 22.55 23.30 24.23 25.35 26.21 27.96 29.41
24.22 24.31 24.49 24.66 24.86 24.87 24.86 24.87 24.90 24.90 25.78 26.60 28.49 29.05 30.84 32.30 33.48 34.55 35.19 35.40 35.66 35.88
traj-174:
36.27 35.04 33.27 31.36 29.62 28.16 26.20 25.24 23.46 22.47 21.87 21.90 21.88 21.80 21.61 21.33 21.15 21.02 21.10 20.68 20.29 20.16 18.42 16.96 15.19 13.44 11.66 10.48  8.73  6.93
23.69 23.57 23.67 23.89 23.82 23.91 23.89 23.48 22.98 21.65 19.76 18.26 16.46 15.02 13.76 12.11 10.85  9.70  8.45  6.82  4.92  4.33  3.47  3.56  3.66  3.67  3.78  3.96  4.40  4.77
traj-175:
34.11 32.82 31.10 30.56 28.61 27.59 26.14 24.32 22.43 20.83 20.34 20.05 18.46 17.69 15.72 13.82 12.02 10.55  8.83  8.07  7.97  7.05  5.85  4.19
23.33 22.81 22.22 22.17 22.31 22.33 22.47 22.71 23.25 22.69 21.29 20.14 19.40 19.44 19.27 18.85 18.62 18.70 18.90 19.48 19.76 21.42 22.52 22.83
traj-176:
33.89 32.27 31.05 29.37 28.03 27.33 25.50 23.76 22.75 22.80 22.74 22.69 23.46 24.33 26.32 27.71 29.54 30.52
22.00 22.26 22.41 23.09 23.43 23.64 24.25 24.43 25.85 27.29 29.03 29.33 31.03 31.18 31.31 31.24 31.19 31.53
traj-177:
36.22 35.05 33.61 31.70 30.92 28.96 28.10 26.30 24.74 23.25 22.11 22.13 21.67 21.07 20.75 20.38 20.21 20.28 20.35 20.36 20.36 20.32 20.33 20.03 19.10 18.21 16.43 14.68 12.94 11.75 10.29  9.15  7.63  6.58  5.87
24.38 23.95 23.70 23.32 23.18 22.89 22.82 23.22 23.27 23.11 21.56 21.39 19.49 17.64 16.18 14.44 14.01 13.00 11.87 10.13  8.17  6.38  5.82  5.39  3.86  3.85  3.76  3.77  3.87  3.85  3.79  4.57  5.50  6.26  6.84
traj-178:
33.78 32.08 30.14 28.48 27.02 25.84 24.41 23.29 22.14 22.36 22.35 22.47 22.22 21.89 20.57 19.59 17.70 16.82 15.50 13.90 13.28 11.54 10.04  9.56
24.28 24.58 24.64 24.75 24.86 24.82 24.77 24.77 24.71 23.33 22.06 20.66 18.91 17.80 18.26 18.62 18.97 19.02 19.17 19.65 19.78 20.42 20.89 21.09
traj-179:
34.27 33.98 32.08 30.23 28.57 26.71 24.95 24.45 23.29 22.96 22.69 22.58 22.53 23.92 25.26 27.09 27.52 28.75 29.34
22.09 22.16 22.34 22.43 22.26 22.11 22.21 22.74 24.25 24.88 26.56 28.31 30.01 31.12 31.58 32.32 32.33 33.54 34.93
traj-180:
35.03 34.73 32.98 31.55 29.67 29.41 27.45 25.96 24.02 23.72 22.48 21.87 21.58 21.02 20.91 20.25 20.20 20.21 20.29 20.46 21.04 21.64 20.63 19.28 17.59 15.84 14.36 12.53 11.35 10.46  9.25  7.85  6.34
22.85 22.81 22.62 22.48 22.29 22.29 22.09 22.05 22.05 22.06 21.38 20.17 18.74 16.93 16.66 15.06 14.07 12.20 10.93  9.40  7.67  6.26  4.77  3.74  3.51  3.40  3.29  3.32  3.50  3.62  4.92  6.19  7.32
traj-181:
37.61 37.03 35.25 33.30 31.58 29.86 28.97 27.28 26.41 25.27 23.56 22.66 22.41 21.84 20.68 19.19 17.85 16.03 14.15 13.85 12.13
24.75 24.79 24.92 24.84 24.84 24.85 24.87 24.86 24.87 24.85 24.86 25.36 23.44 21.72 20.38 19.35 18.74 18.41 18.57 18.54 18.37
traj-182:
38.66 37.78 36.07 34.70 33.83 32.55 31.00 29.49 28.07 26.42 24.50 23.05 22.08 21.99 20.62 20.52 20.70 21.20 21.64 22.16 22.76 24.12 24.60
22.58 22.40 22.22 22.22 22.20 22.17 23.11 23.82 23.36 22.62 22.14 22.16 22.31 22.59 23.36 25.12 27.07 28.25 29.72 31.40 32.78 33.48 33.81
traj-183:
37.82 36.20 34.55 33.27 31.41 29.99 28.14 27.05 25.64 24.32 22.35 21.78 21.75 21.61 21.62 21.90 21.88 21.84 21.73 21.65 21.38 21.02 20.64 20.37 19.47 17.53 17.23 15.49 14.89 13.13 11.64  9.85  8.13  6.66  5.61
23.02 23.28 23.36 23.15 23.14 23.07 23.04 23.22 24.14 24.27 23.90 23.08 21.23 19.30 18.37 16.55 15.67 14.24 12.78 11.51 10.05  8.32  6.36  5.20  3.43  3.22  3.25  3.39  3.45  3.58  3.71  3.86  4.48  4.18  4.07
traj-184:
37.95 36.26 34.38 32.42 30.81 29.61 28.18 26.58 24.98 24.16 22.53 21.23 20.35 19.20 17.49 16.09 14.31 13.41 11.55 10.09  8.24  6.86  5.77  4.06
24.46 23.77 23.80 23.66 23.29 23.15 22.96 23.00 22.66 22.57 22.30 21.03 20.21 19.56 19.13 19.04 18.97 18.89 19.17 19.62 19.91 20.33 20.67 21.17
traj-185:
34.92 34.24 32.78 31.11 30.60 28.99 27.35 25.68 23.71 22.88 22.61 22.57 22.56 22.84 23.14
22.07 22.05 22.04 23.03 23.32 23.94 24.22 24.56 24.88 24.94 25.16 27.15 28.92 30.54 32.49
traj-186:
34.91 34.06 32.19 31.79 29.95 28.53 27.48 25.51 23.67 22.74 21.94 21.39 21.12 21.02 20.52 20.41 20.61 20.56 20.12 20.35 21.08 21.24 20.04 18.08 16.34 14.56 13.13 12.24 10.47  9.57  8.75  8.52
23.18 23.39 23.56 23.77 23.46 23.92 24.08 23.95 23.91 23.32 22.35 20.97 19.03 18.34 16.52 14.89 13.25 11.39  9.65  7.76  6.65  4.93  3.38  3.39  3.63  3.72  3.79  3.84  3.83  4.30  5.97  7.82
traj-187:
34.29 32.73 31.82 30.08 29.32 27.41 26.35 24.66 24.06 22.72 22.60 22.52 22.48 22.35 21.59 21.44 21.01 20.50 18.80 17.62 16.19 15.28 13.71 12.70 11.54
23.94 23.59 23.51 23.16 23.05 22.86 22.67 22.27 22.18 21.47 19.76 19.16 17.17 15.71 13.88 14.63 16.52 18.42 19.34 19.21 19.02 18.91 19.12 19.40 19.62
traj-188:
33.78 33.22 32.39 30.57 28.89 28.06 26.93 25.60 23.71 22.73 22.75 22.80 22.81 22.81 21.69 20.47 18.99 17.16
22.06 22.25 22.43 23.15 23.95 24.17 24.44 24.79 24.98 25.70 27.34 28.77 29.37 30.82 32.39 32.86 33.49 34.24
traj-189:
37.43 35.45 33.86 32.31 30.93 29.49 27.74 25.99 24.85 23.96 22.47 20.90 20.23 20.07 20.08 20.07 20.11 20.19 20.23 20.31 20.33 20.48 20.58 20.69 20.73 20.65 20.08 19.14 17.37 15.60 14.53 12.75 10.96  9.19  7.69  7.02  6.73  5.50
24.25 24.36 24.40 24.45 24.57 24.70 24.81 24.85 24.85 24.85 25.67 26.55 24.67 23.31 23.01 21.07 19.69 17.97 17.37 15.63 13.92 12.20 10.99  9.19  7.46  6.75  5.02  3.57  3.52  3.47  3.45  3.56  3.65  3.83  5.00  6.60  7.39  8.51
traj-190:
37.15 36.33 34.36 33.42 32.04 30.28 28.69 27.39 25.49 24.56 22.69 21.86 20.57 19.18 17.74 16.02 15.15 13.25 11.27  9.56  7.73  7.19
23.98 23.83 23.52 23.31 23.06 23.14 23.23 23.24 23.25 23.28 23.06 22.26 21.01 19.82 19.55 19.28 19.11 19.16 19.18 18.94 18.71 18.47
traj-191:
33.93 33.34 31.55 30.79 28.98 27.64 26.08 25.20 24.22 22.93 22.17 21.20 20.77 20.50 19.40 19.22 17.48 15.75 13.89 13.12
22.35 22.38 22.36 22.36 22.39 22.56 22.69 23.30 24.10 25.31 27.12 28.85 30.39 31.24 32.66 32.91 33.85 34.20 34.30 34.37
traj-192:
35.59 35.02 33.40 31.76 29.90 28.60 26.73 25.21 24.62 22.98 22.00 21.87 21.74 21.73 21.72 21.68 21.52 21.42 21.24 21.02 20.80 20.68 20.49 19.33 17.42 15.94 14.49 12.74 10.99  9.45  8.66
24.41 24.43 24.30 23.67 23.55 23.65 23.44 23.43 23.44 23.26 21.60 20.13 18.22 17.21 15.82 14.06 12.85 11.93 10.69  8.98  7.17  5.47  4.94  3.44  3.43  3.64  3.72  3.81  3.91  4.95  6.77
traj-193:
33.69 32.02 30.07 29.47 28.06 26.13 25.33 24.01 22.34 22.15 22.30 21.43 20.36 19.03 18.45 17.00 15.84 14.26 13.33 11.45
24.38 24.57 24.69 24.69 24.77 24.79 24.80 24.80 25.88 25.32 23.63 22.09 20.66 19.60 19.43 19.07 18.77 18.78 19.09 18.81
traj-194:
35.71 34.03 32.66 31.37 30.84 29.16 27.32 25.67 23.99 22.42 22.37 22.15 21.99 22.43 24.03 25.46 27.07 28.42
22.43 22.20 22.09 22.29 22.86 23.45 23.91 24.51 24.94 25.99 26.58 28.01 29.19 30.21 31.14 31.70 32.32 32.64
traj-195:
38.40 38.12 37.83 37.19 35.61 33.91 32.23 30.56 29.17 27.21 25.76 24.02 23.16 22.99 22.52 21.99 21.78 21.46 21.11 20.91 20.48 20.45 20.40 20.39 20.19 20.07 20.16 19.28 17.82 16.37 14.59 13.73 12.31 10.58  9.39  8.84  7.16  6.37  5.14
22.43 22.54 22.61 22.82 23.40 24.08 24.51 24.66 24.74 24.85 24.85 24.86 24.78 23.62 22.63 21.02 20.12 18.86 16.99 15.51 13.71 12.30 11.25  9.25  7.44  6.47  5.30  3.88  3.67  3.54  3.64  3.67  3.75  3.86  3.88  4.07  4.72  4.99  5.26
traj-196:
34.20 32.53 31.96 30.03 28.31 27.45 25.69 23.95 22.50 21.98 20.75 19.51 17.60 16.49 15.39 13.73 12.26 11.25
24.29 24.48 24.55 24.71 24.86 24.85 24.83 24.78 23.84 22.55 21.01 19.86 19.50 19.57 19.61 19.69 19.48 19.28
traj-197:
35.48 33.98 33.16 31.46 29.90 28.72 27.22 25.55 23.59 22.90 22.76 22.69 22.70 23.56 25.47 26.29 28.10
24.01 24.00 24.04 23.93 23.72 23.62 23.48 23.65 24.04 25.04 26.76 28.23 29.38 31.17 31.24 31.21 31.65
traj-198:
35.73 34.66 32.84 30.95 29.07 27.70 26.78 25.31 23.97 22.35 21.72 21.19 21.09 21.19 20.98 20.80 20.66 20.68 20.74 20.87 20.80 20.19 19.13 17.67 16.18 14.42 14.12 12.38 10.63  9.10  8.54  8.30
24.38 24.58 24.62 24.78 24.82 24.80 24.86 24.87 24.89 23.93 22.06 20.75 18.88 17.37 16.05 14.30 12.40 11.32 10.39  8.94  7.29  5.38  3.84  3.60  3.46  3.33  3.31  3.22  3.25  4.08  4.67  4.85
traj-199:
37.57 36.13 35.56 34.11 33.26 31.81 30.65 29.21 28.35 26.66 25.52 23.95 22.41 21.59 21.32 20.62 19.34 17.43 16.55 15.67 13.84 12.87 11.93 10.50  9.50  7.69  6.03  4.20
24.74 24.85 24.82 24.83 24.81 24.87 24.84 24.85 24.88 24.83 24.89 24.93 23.92 23.08 21.22 20.04 19.71 19.49 19.32 19.15 19.36 20.20 20.81 20.38 19.99 19.31 18.90 18.50
traj-200:
33.72 33.43 31.46 29.88 28.86 27.08 25.26 23.56 22.91 22.23 20.81 20.84 21.18 21.52 21.76
22.93 22.87 22.62 22.45 22.47 22.65 23.06 23.55 24.50 25.68 26.75 28.62 30.26 31.77 33.28
traj-201:
37.76 35.77 33.85 32.06 30.43 29.07 27.21 25.93 24.84 23.35 22.86 21.96 21.62 21.81 21.96 21.80 21.37 21.02 21.28 21.49 21.13 21.40 20.45 18.61 17.14 15.96 14.22 12.48 11.01 10.43  8.57  6.80  5.20
22.91 22.78 22.60 22.52 22.38 22.25 22.16 22.07 22.05 22.03 21.68 20.34 18.90 17.21 16.40 15.09 13.66 11.82 10.01  8.22  7.32  5.43  4.08  3.56  3.51  3.47  3.34  3.26  3.37  3.44  4.10  4.60  5.06
traj-202:
37.53 36.64 35.49 34.00 32.83 31.12 29.39 27.69 26.54 24.78 23.63 21.96 21.32 20.59 20.23 18.59 17.17 15.44 13.85 12.09 10.43  8.97  7.63
24.79 24.83 24.90 24.88 24.87 24.90 24.87 24.86 24.85 24.80 24.77 23.99 23.06 21.80 20.29 19.51 19.37 19.24 19.17 19.46 19.93 19.83 19.47
traj-203:
39.02 37.41 35.52 33.59 32.21 30.31 28.97 27.64 26.06 25.37 23.73 23.46 22.43 21.99 21.72 20.70 18.92 17.30 16.35 14.79 14.06
23.92 23.76 23.46 23.17 22.94 22.68 22.71 23.04 23.41 23.68 24.66 24.80 26.43 27.33 29.20 30.23 31.12 32.13 33.07 33.56 34.51
traj-204:
36.18 34.49 32.53 31.66 29.92 29.33 27.64 26.21 25.64 23.90 23.15 22.99 22.97 22.85 22.82 22.75 22.67 22.54 21.80 21.72 21.61 21.12 20.68 20.52 19.51 17.63 16.15 14.36 12.59 10.67  8.93  7.20
24.21 24.50 24.76 24.80 24.89 24.87 24.80 24.85 24.84 24.74 24.51 23.32 21.86 19.94 18.78 17.06 15.61 13.67 12.25 10.86  9.30  7.46  5.80  5.23  3.63  3.40  3.50  3.58  3.69  3.85  3.99  4.35
traj-205:
34.46 33.78 31.84 29.98 28.52 27.14 25.89 24.28 22.65 21.09 19.96 18.31 16.69 15.05 13.36 11.38  9.65
23.75 23.71 23.78 23.78 23.79 23.48 23.10 22.86 22.35 21.21 19.90 19.32 19.09 19.18 19.34 19.16 19.62
traj-206:
34.36 33.78 32.04 31.51 29.59 27.97 26.27 24.51 23.99 22.24 21.98 21.79 21.06 21.79 22.22 22.40 23.80 24.40 26.21 27.08 28.28
23.82 23.82 23.85 23.81 23.53 23.25 22.34 22.57 22.54 23.28 23.43 23.66 25.47 27.09 29.04 30.21 31.05 31.07 31.84 32.47 33.42
traj-207:
34.54 34.24 32.43 30.61 28.90 27.46 25.88 24.25 23.11 21.28 20.13 20.23 20.82 21.23 21.38 21.26 21.31 21.35 21.35 21.38 20.57 20.02 19.21 18.07 16.26 14.50 12.75 11.01 10.71  9.88  9.53  9.35
22.46 22.46 22.49 22.55 22.50 22.50 22.52 22.40 22.27 21.50 19.96 17.99 16.73 15.35 14.10 12.27 10.28 10.07  8.43  6.87  5.60  4.75  3.58  3.23  3.35  3.55  3.78  3.87  3.91  5.29  6.68  7.51
traj-208:
35.67 34.52 33.64 32.00 30.32 29.39 27.97 26.65 25.97 24.45 22.52 21.49 20.48 19.12 17.66 15.77 14.02 12.12 10.48  8.62  6.84  6.56  4.96  4.31
24.61 24.60 24.64 23.91 23.85 23.86 23.56 22.91 22.80 22.72 22.42 21.36 20.33 19.17 18.68 18.85 19.12 19.53 19.82 20.18 20.16 20.09 19.38 19.50
traj-209:
35.87 33.91 32.10 30.38 29.50 27.63 25.90 24.09 23.95 21.97 20.29 20.28 20.09 20.08 20.12 20.27 20.33 20.37 20.89 21.07 21.92
22.52 22.34 22.23 22.20 22.22 22.28 22.25 22.40 22.66 22.80 22.66 24.38 25.84 26.43 28.33 29.94 30.53 32.28 34.14 34.68 35.23
traj-210:
37.75 35.95 34.25 33.68 32.02 30.04 28.61 27.74 25.79 23.82 22.37 21.79 20.70 20.57 20.70 20.89 20.58 20.78 20.75 20.91 21.21 21.33 20.91 20.28 20.23 19.13 18.56 16.80 15.32 13.88 12.70 11.24  9.78  9.21  7.95  6.25  5.96
23.71 24.33 24.56 24.64 24.82 24.85 24.88 24.86 24.92 24.95 23.89 22.38 20.82 20.04 18.57 17.49 16.36 14.48 13.56 12.16 10.29  8.65  7.26  5.37  4.74  3.39  3.29  3.19  3.15  3.15  3.13  3.16  3.19  3.82  4.29  4.98  5.08
traj-211:
34.79 33.72 31.74 29.98 28.50 27.08 25.37 23.97 22.53 21.92 21.87 21.64 20.50 19.60 17.78 17.48 15.53 14.17 12.44 11.23  9.63  7.91  7.37
24.37 24.74 24.78 24.92 24.95 24.92 24.96 24.96 25.93 25.03 23.64 21.93 20.55 19.58 18.82 18.77 18.46 18.41 18.38 19.10 19.77 19.64 19.64
traj-212:
35.29 34.44 33.01 32.14 30.69 29.81 28.36 27.54 25.59 23.89 22.82 22.80 22.79 22.67 22.55 21.21 20.92 19.14 17.76 16.29 14.81 13.70 11.92 10.05  8.37  6.99  5.68
24.64 24.72 24.84 24.84 24.81 24.87 24.82 24.82 24.88 24.88 25.43 27.20 27.50 29.22 30.94 32.29 32.38 32.63 31.84 31.95 32.07 32.19 32.39 32.78 33.11 33.88 34.90
traj-213:
36.98 35.08 34.05 32.39 30.62 29.33 27.91 26.74 24.83 23.62 22.29 21.89 22.04 22.11 22.27 22.36 22.53 22.47 22.25 21.88 21.57 21.52 20.45 19.40 17.67 16.77 15.61 14.44 13.28 11.81 10.63  9.11  8.64  7.21  6.38
22.58 22.23 22.34 22.48 22.58 22.47 22.35 22.13 22.08 22.08 21.28 20.40 18.74 17.00 15.04 13.05 11.32 10.44  8.69  7.56  5.82  5.52  3.93  3.34  3.29  3.39  3.50  3.61  3.68  3.78  3.77  4.69  4.99  4.70  3.01
traj-214:
36.92 35.29 33.60 32.46 31.58 29.87 29.03 27.54 26.69 24.97 23.83 22.55 22.33 21.88 21.21 20.40 19.53 17.71 17.42 15.46 13.60 12.41 11.26  9.42  8.07
24.52 24.65 24.79 24.82 24.84 24.85 24.87 24.90 24.89 24.94 24.94 25.76 25.10 23.30 22.15 20.78 19.70 19.25 19.19 18.97 18.74 18.97 19.10 19.06 19.06
traj-215:
34.85 33.23 31.38 30.53 28.68 28.38 26.45 26.15 24.22 22.35 21.12 20.50 21.10 21.37 21.98 22.16 23.63 24.88 25.71 27.05 28.83
23.76 22.79 22.76 22.79 22.80 22.78 22.36 22.33 22.41 22.52 23.19 24.90 26.73 27.51 29.35 30.18 31.18 31.61 31.84 32.28 32.81
traj-216:
36.86 34.93 33.01 31.14 29.76 28.79 27.04 26.51 24.59 23.25 22.14 21.92 21.56 21.46 21.16 21.08 20.84 20.70 20.68 20.48 20.32 20.13 19.19 17.71 16.00 14.24 12.46 11.28 10.41  9.06  7.44
22.18 22.21 22.21 22.34 22.33 22.36 22.36 22.31 22.33 22.23 21.64 19.75 17.83 15.97 14.08 12.86 11.11  9.78  9.32  7.59  5.91  4.61  3.02  3.15  3.27  3.49  3.66  3.79  3.85  4.63  5.54
traj-217:
38.11 36.20 34.53 32.65 30.67 29.27 27.63 26.59 24.80 23.69 22.60 22.47 22.28 21.24 20.36 18.64 16.72 15.35 14.23 12.52 11.52  9.56  7.78  7.22
22.47 22.37 22.27 22.38 22.35 22.51 23.14 23.40 23.02 22.84 21.46 20.57 18.81 17.26 18.23 18.98 19.04 19.16 19.16 19.26 18.81 18.94 18.88 18.76
traj-218:
36.72 35.91 34.15 33.33 31.67 30.11 29.31 27.38 25.54 24.60 23.53 22.35 21.84 21.29 20.53 20.72 21.11 22.11 23.99 25.57 26.86 27.80 29.77 30.99
22.94 22.83 22.87 22.82 22.70 22.59 22.49 22.22 22.24 22.30 22.43 23.85 25.15 26.88 28.54 29.20 30.58 31.76 32.12 32.55 32.59 32.52 32.40 32.37
traj-219:
34.07 32.71 30.84 28.92 27.26 25.77 25.18 23.34 22.87 22.12 21.73 21.28 20.86 20.43 20.40 20.50 20.66 20.52 20.10 20.15 18.30 16.81 15.05 14.48 12.72 11.83 10.04  9.29  8.14  6.83  5.31
22.19 22.12 22.14 22.10 22.08 22.07 22.12 22.13 21.87 20.13 18.42 16.78 15.01 13.59 12.94 11.16  9.38  7.45  5.71  3.74  3.10  3.14  3.31  3.37  3.54  3.61  3.92  4.38  5.41  6.17  6.11
traj-220:
34.59 33.02 31.56 30.15 28.22 26.33 25.95 24.17 22.57 21.26 19.95 18.17 17.03 16.74 14.91 13.94 12.31 11.05 10.00  8.90  7.15  5.29  4.96
22.52 22.15 22.33 22.48 22.64 22.87 22.66 22.46 22.11 20.88 19.89 19.32 19.11 19.06 18.66 18.44 18.80 19.36 20.36 20.90 21.21 20.58 19.63
traj-221:
35.24 33.53 32.36 31.46 30.32 29.14 27.99 26.30 25.71 24.26 22.48 22.12 21.29 20.21 18.64 17.37 15.78 14.02 12.86 11.14  9.24  8.36  6.70
24.58 24.88 24.92 24.94 24.94 24.93 24.93 24.95 24.93 24.91 25.82 27.38 29.12 30.62 31.27 31.48 31.73 32.25 32.33 32.73 33.08 33.19 33.37
traj-222:
35.36 34.51 33.24 31.63 30.59 28.68 26.76 25.78 24.11 22.89 22.54 22.41 22.31 22.26 22.00 21.87 21.80 21.37 21.07 20.96 20.57 19.64 18.04 16.87 15.40 13.91 12.15 10.96  9.94  9.75
23.02 23.00 22.99 22.92 22.87 22.81 22.40 22.30 22.13 21.46 19.54 17.66 16.02 14.25 12.36 11.25  9.93  8.08  6.66  6.08  4.67  3.33  3.34  3.42  3.59  3.74  3.84  3.97  5.60  5.83
traj-223:
35.74 35.45 33.74 32.28 30.55 30.00 28.26 26.27 24.35 22.58 22.03 21.33 20.36 19.09 17.41 15.49 14.80 13.17 11.85
24.54 24.58 24.85 24.86 24.83 24.82 24.85 24.78 24.72 23.96 23.10 22.02 20.67 19.41 18.99 18.50 18.40 18.20 18.09
traj-224:
36.82 35.17 34.54 33.10 31.64 29.67 28.11 27.51 25.70 25.24 23.50 22.64 22.87 22.85 22.87 22.87 24.45 25.45 27.19 28.67
24.09 23.19 22.94 22.31 22.22 22.30 22.37 22.42 23.03 22.95 22.78 24.31 26.08 26.97 28.41 30.14 31.08 31.42 32.25 33.19
traj-225:
34.38 33.78 32.24 31.49 29.97 28.47 26.81 25.34 23.49 22.29 22.16 21.88 21.75 21.75 21.59 21.61 21.76 21.32 21.12 20.80 19.98 18.26 16.50 15.31 13.54 12.95 11.22 10.62  8.87  8.05  7.20  6.89
22.97 22.98 22.94 22.95 22.93 23.05 22.94 22.96 22.49 21.02 19.16 17.21 15.35 13.55 11.66 11.36  9.41  8.08  6.94  5.20  3.84  3.42  3.63  3.66  3.72  3.78  3.69  3.66  4.49  5.57  6.82  7.40
traj-226:
38.17 36.71 35.84 34.70 33.24 31.80 30.64 29.22 27.97 26.71 25.30 23.91 23.48 21.88 21.48 20.02 18.17 16.19 14.21 12.79 11.39 10.11  8.77
24.68 24.70 24.72 24.75 24.81 24.79 24.82 24.81 24.79 24.85 23.88 22.48 22.06 21.02 20.58 19.35 19.50 19.49 19.65 20.36 20.99 21.53 22.29
traj-227:
35.14 34.32 32.58 32.31 30.39 28.68 26.96 25.24 24.10 22.73 21.65 21.76 21.88 21.89 20.57 19.34 17.70 16.04 15.80
23.22 23.57 24.09 24.21 24.56 24.60 24.78 24.77 24.79 24.81 26.45 27.56 28.44 30.43 31.93 32.99 33.73 34.70 34.88
traj-228:
36.75 36.45 34.64 33.25 31.41 31.30 29.55 28.41 27.23 25.77 24.71 23.59 22.14 21.37 20.94 21.04 20.98 20.84 20.79 20.70 21.11 20.79 21.28 21.41 21.61 21.37 19.80 17.92 16.74 14.96 13.52 12.03 10.84  9.82  9.48
22.97 22.99 23.66 24.20 24.63 24.67 24.79 24.87 24.88 24.76 24.71 24.58 23.91 22.13 21.49 19.58 17.70 16.02 15.10 13.61 12.04 10.28  8.45  7.12  6.29  4.52  3.52  3.28  3.34  3.44  3.50  3.58  3.65  5.23  7.13
traj-229:
36.03 35.73 33.90 32.76 30.95 30.44 28.83 27.16 25.42 24.91 23.43 22.14 21.18 20.43 19.56 18.35 17.34 15.46 14.42 13.05 11.31 10.66  9.44  7.79
23.47 23.44 23.56 23.49 23.49 23.47 23.38 23.16 23.12 23.44 24.28 24.65 23.08 21.38 19.69 19.18 18.68 18.51 18.53 18.72 19.42 19.83 20.59 21.23
traj-230:
35.88 34.29 32.83 31.04 30.18 28.27 27.04 26.02 24.70 23.00 22.49 22.53 22.71 22.93 23.43 23.68 23.47 23.34 21.65
23.02 22.59 22.13 22.09 22.13 22.21 22.30 22.36 22.45 23.03 24.73 25.61 27.35 29.13 31.03 32.16 34.05 34.58 35.44
traj-231:
35.66 34.18 32.63 30.80 29.73 27.82 26.12 24.20 23.61 21.96 21.36 21.27 21.11 20.84 20.59 20.49 20.47 20.39 21.03 21.29 21.70 21.06 20.75 19.43 17.66 16.76 15.28 13.99 12.07 10.13  9.23  7.88
24.11 23.85 23.54 23.18 23.00 22.65 22.41 22.04 22.03 21.26 19.82 18.80 17.48 15.56 14.13 13.06 11.85 10.97  9.09  8.35  6.73  5.11  4.32  3.17  3.15  3.15  3.16  3.20  3.38  3.38  3.32  3.28
traj-232:
37.42 35.54 33.61 31.79 29.85 29.33 27.38 25.64 23.87 22.26 22.01 20.49 20.11 18.29 16.82 16.29 14.33 12.77 11.47  9.62  7.88  6.55  4.98
23.95 23.73 23.55 22.78 22.34 22.32 22.25 22.17 22.07 21.20 21.03 20.05 19.95 19.22 19.39 19.46 19.70 19.98 20.72 21.33 20.89 20.12 19.12
traj-233:
34.05 32.09 30.68 30.10 28.43 27.00 25.61 23.89 22.45 22.28 21.09 20.83 21.64 22.90 23.50 24.10 25.82 26.95
24.44 24.69 24.91 24.92 24.86 24.84 24.84 24.95 25.90 26.15 27.67 28.15 29.80 30.83 31.20 31.20 32.12 32.64
traj-234:
37.30 35.71 34.22 32.34 31.04 29.81 27.87 27.28 25.34 23.66 23.31 22.48 22.10 21.78 21.71 21.26 21.21 21.13 20.98 20.75 20.72 20.55 20.36 20.20 19.11 17.21 16.61 14.83 13.80 12.49 11.90  9.91  8.23  6.32  5.24
23.07 22.96 22.85 22.83 22.70 22.65 22.54 22.49 22.25 22.03 22.01 21.13 20.01 18.40 17.49 15.70 14.73 13.49 12.49 10.54  9.95  8.19  6.88  5.43  3.96  3.92  3.91  3.85  3.96  3.95  3.93  3.89  4.34  4.60  4.68
traj-235:
35.71 33.74 32.12 30.57 29.01 27.19 26.43 25.04 25.02 23.06 22.18 20.67 20.02 19.12 17.45 16.57 14.65 13.27 11.86 10.04  8.94  7.18
23.96 23.81 23.60 23.50 23.36 23.27 23.28 23.21 23.16 22.87 22.24 20.94 20.24 19.43 19.32 19.20 18.99 19.10 19.43 20.00 19.83 19.47
traj-236:
38.17 36.89 35.02 33.27 31.52 29.55 27.84 25.85 25.00 23.59 22.03 21.49 21.91 22.41 23.97 25.79
24.62 24.68 24.72 24.79 24.77 24.79 24.82 24.82 24.82 24.88 25.89 27.58 28.88 30.22 31.14 31.83
traj-237:
34.39 32.65 31.21 29.37 27.98 26.13 24.21 22.97 21.99 21.65 21.42 21.43 20.98 20.81 20.65 20.52 20.56 20.58 20.12 19.21 18.03 17.15 15.39 13.63 12.47 10.73  9.83  9.70  9.31
22.82 22.66 22.55 22.37 22.13 22.13 22.09 22.00 20.83 19.20 17.29 16.52 14.66 12.95 11.75 10.30  8.31  6.78  5.16  3.58  3.55  3.51  3.49  3.49  3.53  3.71  5.43  5.95  7.85
traj-238:
35.04 33.09 32.30 30.66 29.38 28.56 26.67 25.69 24.75 22.98 21.20 20.86 20.36 19.58 17.75 16.66 15.24 13.63 12.79 11.24 10.51
23.46 23.47 23.49 23.42 23.34 23.28 23.81 24.15 24.50 24.78 23.95 22.31 20.87 19.73 19.38 19.45 19.56 19.79 19.86 19.93 19.25
traj-239:
39.15 37.39 35.82 34.05 33.38 31.62 29.90 29.60 27.84 26.05 24.22 23.60 21.88 21.54 21.77 21.83 22.92 23.47 24.75 26.17 27.31
22.67 22.71 22.62 22.59 22.59 22.70 23.20 23.29 23.48 23.57 23.97 24.27 24.86 26.24 27.99 29.31 30.77 31.12 32.19 33.39 34.45
traj-240:
34.82 33.08 31.13 29.54 28.98 27.29 26.60 25.49 24.47 22.56 22.00 21.76 21.73 22.00 21.81 21.66 21.78 21.82 21.89 21.96 21.72 21.20 19.64 17.92 16.17 15.28 13.82 12.39 10.49  9.22  7.80  7.29
22.66 22.68 22.67 22.66 22.62 22.67 22.66 22.68 22.72 22.33 20.74 19.27 18.06 16.14 14.17 13.23 11.55 10.53  9.10  7.91  6.45  4.77  3.75  3.59  3.68  3.67  3.62  3.69  3.91  4.72  6.06  6.51
traj-241:
36.94 36.09 34.39 33.48 31.80 30.46 29.03 27.08 25.58 24.39 22.90 21.76 20.84 19.84 18.94 17.24 16.49 14.73 13.17 11.55  9.88
24.38 24.25 23.77 23.66 23.60 23.52 23.46 23.34 23.24 23.17 23.05 22.28 21.15 19.94 19.54 19.19 19.11 18.98 19.09 19.29 19.48
traj-242:
37.32 36.28 34.33 32.47 30.68 29.46 27.82 26.06 24.15 22.39 21.55 20.19 20.27 20.39 20.42 20.50
24.05 24.03 23.85 23.21 22.65 22.10 22.16 22.26 22.28 23.15 24.21 25.43 26.86 28.83 29.42 30.90
traj-243:
36.79 35.36 33.39 32.24 31.20 29.33 27.92 27.02 25.09 23.19 22.64 22.42 22.21 22.13 22.11 22.15 21.97 21.93 21.66 21.60 20.79 21.07 20.90 20.58 19.04 18.46 16.72 14.95 14.37 12.48 10.69  9.51  9.27  8.86  8.50  6.68  6.41
22.33 22.28 22.23 22.26 22.26 22.27 22.25 22.10 22.26 22.09 20.89 19.74 18.02 16.87 15.74 14.11 12.17 11.88 10.15  9.09  7.41  5.84  5.47  4.34  3.78  3.82  3.87  3.82  3.72  3.55  3.74  5.14  5.98  7.69  8.02  8.53  8.41
traj-244:
39.00 37.32 36.44 34.68 32.69 31.85 30.41 28.92 27.78 26.07 24.91 23.75 22.91 21.80 21.16 20.32 19.21 17.36 15.51 13.66 11.84  9.94
24.58 24.75 24.83 24.84 24.83 24.84 24.87 24.88 24.87 24.89 24.89 24.79 24.71 23.17 22.13 20.86 19.89 19.60 19.35 19.25 19.31 19.62
traj-245:
33.85 33.00 31.08 29.38 28.58 26.84 25.10 24.26 22.99 21.80 21.51 21.55 21.42 20.85 20.31 19.38 17.96 16.11 14.28 13.13 11.47 10.53
24.06 24.37 24.75 24.73 24.79 24.85 24.80 24.71 24.54 25.17 26.34 27.24 28.66 30.00 31.16 32.25 32.55 33.07 33.23 33.26 33.52 33.63
traj-246:
37.58 35.87 34.23 32.29 30.83 29.43 27.56 26.03 24.55 23.39 22.99 22.36 21.96 21.67 21.48 21.29 21.18 21.07 20.90 20.72 20.41 20.30 20.20 20.03 19.26 17.52 16.33 14.54 12.78 11.89 10.72  9.60  7.87  6.95  5.99
22.57 23.06 23.50 23.99 24.26 24.38 24.61 24.78 24.83 24.90 23.08 21.36 20.22 18.85 17.13 15.82 14.68 13.24 11.48  9.87  8.09  7.18  6.48  5.14  3.68  3.62  3.61  3.70  3.79  3.83  3.90  4.52  4.84  4.42  3.87
traj-247:
38.17 36.29 34.66 33.02 32.03 30.54 29.25 27.69 26.38 24.72 23.14 21.82 20.67 19.01 17.92 15.94 15.65 13.77 12.84 11.67 10.10  8.46  6.85  5.15  4.85
24.01 23.58 23.64 23.64 23.75 23.76 23.70 23.43 23.35 22.95 22.53 21.40 20.84 19.78 19.78 19.58 19.52 19.71 20.64 21.61 21.78 22.04 21.91 21.80 21.77
traj-248:
38.63 38.33 36.35 34.67 32.88 31.02 30.04 28.53 27.56 25.65 23.87 23.57 22.27 22.28 22.15 22.61 24.22 25.36 26.64 27.85 28.93
23.13 23.12 23.23 23.39 23.55 23.66 23.42 22.99 22.58 23.04 23.69 23.69 25.15 26.63 28.37 30.23 31.17 31.22 31.43 31.49 31.83
traj-249:
33.82 32.14 31.55 30.09 28.38 28.08 26.34 24.56 23.84 22.65 21.99 21.77 21.64 21.47 21.30 21.09 20.81 20.82 20.62 20.40 20.21 20.03 19.14 18.84 17.05 15.86 14.40 12.66 10.76  9.60  8.44  7.16
24.61 24.77 24.82 24.85 24.88 24.89 24.74 23.85 22.71 21.30 20.08 19.11 18.00 16.81 15.79 14.41 12.59 11.60  9.78  8.18  7.23  5.60  3.84  3.84  3.80  3.81  3.81  3.53  3.43  4.69  5.58  6.89
traj-250:
34.84 34.26 32.36 30.43 29.67 28.41 26.44 24.87 23.65 22.39 20.94 19.78 18.14 16.76 15.09 14.50 12.90 11.46  9.89  8.20  6.51
22.12 22.17 22.37 22.49 22.54 22.60 22.65 22.46 22.10 21.43 20.68 19.48 19.07 19.09 19.10 19.02 19.78 21.04 22.21 22.08 21.95
traj-251:
34.53 32.77 31.56 29.72 28.63 27.01 26.20 24.54 23.69 21.94 21.79 21.92 21.97 21.77 20.23 18.26 16.33 15.22 13.25 12.13 11.65 11.71
22.77 23.02 23.03 23.61 23.40 24.43 24.60 24.81 24.80 25.32 26.42 28.06 29.79 31.24 32.15 32.09 31.67 31.35 31.43 31.63 33.40 33.69
traj-252:
36.66 35.24 33.32 31.44 31.07 29.34 27.48 25.66 24.05 22.60 21.25 20.42 20.49 20.97 21.24 21.16 21.12 21.14 21.14 20.89 20.81 20.33 20.04 18.66 17.50 16.34 14.50 13.31 12.14 10.37  9.78  8.33  6.57
23.36 23.27 23.20 23.06 23.06 23.05 22.99 22.90 22.83 21.94 21.14 19.80 18.65 16.89 15.00 13.37 11.52 10.36  9.19  7.43  6.77  4.89  3.72  3.18  3.22  3.28  3.35  3.43  3.48  3.78  3.86  3.89  4.13
traj-253:
39.08 37.63 36.25 35.03 33.11 32.54 30.80 29.23 28.70 26.74 24.97 23.54 22.06 21.44 20.13 19.12 17.81 16.06 14.52 13.36 11.56 11.26  9.47  7.99
22.01 22.25 22.57 22.79 23.09 23.19 23.38 23.42 23.49 23.28 23.05 22.72 21.73 21.11 20.23 19.03 18.20 18.24 18.38 19.09 19.61 19.65 20.01 21.23
traj-254:
37.89 35.90 34.21 33.63 31.91 30.18 28.36 26.42 25.53 23.76 22.50 21.95 20.67 21.39 22.23 22.59 24.17 25.76 27.40 28.71 30.57 31.53 33.39
22.27 22.26 22.25 22.21 22.13 22.14 22.22 22.20 22.23 23.07 24.57 25.27 26.48 27.65 29.42 30.41 31.28 31.27 31.48 31.94 32.54 32.85 33.51
traj-255:
36.47 34.85 33.62 32.51 30.93 29.09 27.61 25.80 23.82 22.48 22.00 21.62 21.37 21.09 20.74 20.64 20.67 20.74 20.82 20.78 20.91 19.71 18.12 16.63 14.87 14.57 12.80 11.99 10.50  8.84  8.10  6.62  5.34
23.12 22.91 22.75 22.62 22.38 22.38 22.37 22.44 22.31 21.35 19.43 18.10 17.20 15.87 14.21 12.80 10.94  9.81  7.89  7.27  5.34  3.92  3.39  3.54  3.64  3.65  3.65  3.66  3.83  4.35  5.68  6.56  6.12
traj-256:
34.74 33.63 32.64 31.08 29.36 27.38 25.69 23.73 22.87 21.77 21.02 20.07 18.26 16.88 15.30 13.78 11.82 10.15  9.03  7.53  6.76
24.54 24.68 24.77 24.81 24.84 24.81 24.79 24.82 24.77 23.18 21.35 19.87 19.31 19.22 19.12 18.96 18.96 19.75 20.72 21.80 22.21
traj-257:
36.20 35.38 33.94 32.25 30.29 29.46 27.75 26.88 25.17 23.76 22.50 22.18 22.23 22.44 24.18 25.35 26.80 27.74
24.61 24.65 24.67 24.72 24.82 24.85 24.86 24.89 24.89 24.90 25.87 27.22 29.04 30.22 31.16 31.74 32.78 33.46
traj-258:
38.77 36.80 34.91 33.22 31.56 30.16 28.22 26.47 25.21 23.95 22.67 22.56 21.88 21.84 21.53 21.09 20.80 20.86 20.88 20.93 20.68 20.45 20.15 19.33 17.52 17.23 15.48 14.03 12.84 11.36 10.77  9.36  8.60  7.35
23.95 23.64 23.14 22.86 22.67 22.47 22.36 22.15 22.01 22.01 21.25 20.06 18.38 16.43 14.58 12.86 11.18 10.47  8.49  8.20  6.48  5.61  4.48  3.53  3.29  3.34  3.62  3.74  3.79  3.89  3.94  4.77  5.47  6.22
traj-259:
36.65 35.16 33.86 32.04 31.22 29.51 27.59 25.66 24.00 22.81 22.55 21.34 20.56 19.66 18.02 17.73 15.78 14.32 13.59 11.84 10.03  9.03
23.74 23.58 23.64 24.09 24.22 24.46 24.71 24.65 24.67 24.67 23.57 22.58 20.99 19.86 19.19 19.13 18.87 18.37 18.37 19.18 19.67 18.85
traj-260:
36.21 35.46 33.63 31.87 30.45 29.23 27.53 26.02 24.48 22.76 21.78 20.15 20.16 20.18 20.80 21.16 21.57 22.14 22.54
23.04 22.61 22.20 22.08 22.09 22.07 22.25 22.48 22.63 22.78 24.23 25.05 26.46 27.35 28.83 29.80 30.88 32.42 33.09
traj-261:
34.74 33.42 32.16 30.76 30.08 28.66 26.71 24.89 23.55 22.28 22.11 21.94 21.81 21.90 21.80 21.61 21.32 21.13 20.54 20.34 20.12 20.09 19.06 17.31 15.84 14.38 13.53 12.36 10.63  8.99
22.69 22.57 22.43 22.33 22.30 22.14 22.08 22.04 22.05 21.35 20.83 18.94 17.77 15.90 14.95 13.04 11.76 10.17  8.50  7.50  5.79  5.49  3.78  3.52  3.38  3.32  3.31  3.50  3.58  3.39
traj-262:
33.84 33.54 31.82 30.39 29.22 27.23 25.48 23.77 22.05 22.11 21.78 20.62 18.96 18.46 16.80 16.33 14.68 12.91 10.98  9.30  7.63  6.16
24.77 24.76 24.78 24.76 24.78 24.77 24.75 24.75 24.36 22.41 21.34 19.87 18.98 19.09 19.17 19.16 19.31 19.76 20.14 20.53 20.99 21.62
traj-263:
34.03 33.17 31.17 29.55 27.82 26.62 27.98 25.99 24.70 23.90 22.42 22.45 22.52 22.54 22.52 24.06 25.79 27.31 28.78 30.30 31.02
24.71 24.74 24.76 24.82 24.68 24.55 23.24 23.23 23.65 24.03 25.15 26.62 27.80 29.21 30.11 31.06 31.72 32.91 33.67 34.27 34.66
traj-264:
37.51 35.86 34.46 32.73 30.76 28.99 27.44 26.47 25.36 23.63 22.96 21.89 21.69 21.98 21.52 21.65 21.37 21.22 21.10 20.98 20.35 20.14 20.21 19.33 17.88 17.00 15.24 14.05 12.87 11.14  9.63  8.86  7.82  6.57  5.98
22.68 22.67 22.66 22.85 22.76 22.67 22.48 22.28 22.32 22.38 21.95 20.43 19.81 18.04 17.03 15.43 14.44 12.68 11.59 10.45  8.65  7.26  5.62  3.88  3.78  3.71  3.68  3.64  3.56  3.60  3.76  4.25  4.64  5.19  5.47
traj-265:
35.09 33.70 32.33 31.47 29.76 28.35 26.61 25.48 24.30 22.81 21.73 21.65 21.35 19.69 18.46 17.09 15.11 14.52 12.72 11.70  9.90  9.25  7.57
24.31 24.73 24.85 24.86 24.87 24.88 24.89 24.89 24.89 25.86 24.34 22.55 20.90 20.00 19.71 19.60 19.43 19.39 19.97 20.27 20.64 20.85 21.42
traj-266:
34.09 32.65 31.40 29.54 28.47 27.37 25.84 24.74 23.95 22.77 22.38 22.10 21.42 20.14 19.21 18.30 17.33 16.72
23.26 23.39 23.38 23.77 24.02 23.97 23.90 23.99 24.39 25.90 27.03 27.84 29.53 31.04 32.26 33.42 34.68 35.20
traj-267:
36.54 34.61 32.88 30.99 29.19 27.79 26.56 24.65 23.19 22.59 22.36 22.02 21.87 21.78 21.50 21.06 20.88 20.68 20.44 20.31 20.12 20.01 19.28 17.81 16.06 14.32 13.73 11.88 10.73  9.02  8.20  7.26  6.65
23.76 24.24 24.54 24.74 24.79 24.81 24.81 24.81 23.86 22.32 21.09 19.38 18.41 17.05 15.64 13.81 12.63 11.24  9.34  7.83  6.01  4.59  3.38  3.52  3.48  3.31  3.28  3.15  3.40  4.26  5.25  6.25  6.96
traj-268:
34.20 32.57 31.68 30.10 28.21 26.27 24.72 24.26 22.82 22.11 20.88 19.95 18.99 17.10 15.40 14.28 12.64
22.81 23.11 23.31 23.56 23.88 23.92 23.34 23.17 22.69 22.32 21.10 19.80 19.57 19.61 19.61 19.74 19.71
traj-269:
37.47 35.82 35.07 33.39 31.57 30.15 29.14 28.07 27.78 26.08 25.12 23.42 21.86 21.61 21.91 22.25 22.77 24.45 25.86 27.60 28.64 30.27 31.19 32.59
23.11 22.75 22.57 22.28 22.22 22.14 22.25 22.51 22.56 23.19 23.46 24.22 25.34 26.01 27.68 29.11 30.32 31.21 31.54 32.12 32.52 33.55 34.10 35.02
traj-270:
33.71 32.84 31.10 29.35 28.85 27.56 26.23 24.45 22.71 22.65 21.79 21.52 21.40 21.23 21.03 20.83 20.71 20.46 20.40 20.25 20.16 20.03 20.01 18.34 17.18 15.39 13.64 12.46 10.67  9.83  9.79  9.39
23.67 23.56 23.28 23.07 23.05 22.88 22.83 22.37 21.39 20.84 19.46 17.61 16.52 15.25 13.54 12.23 11.72  9.86  8.53  6.91  6.18  5.06  4.76  3.93  3.87  3.73  3.71  3.59  3.61  4.45  5.41  7.23
traj-271:
34.45 32.75 31.64 30.19 28.46 27.58 25.60 23.71 22.55 20.93 20.74 20.06 20.08 20.04 19.25 18.20 16.62 16.03 14.33 12.67 12.45 10.92  9.59  8.21  7.04
24.77 24.77 24.83 24.87 24.81 24.82 24.70 24.72 25.41 26.42 26.20 24.49 22.71 20.72 19.28 19.43 19.66 19.68 19.70 20.58 20.79 21.69 22.01 21.73 21.50
traj-272:
37.59 36.99 35.51 33.91 32.44 30.88 30.21 28.48 26.82 25.39 23.53 21.73 20.35 20.23 20.41 20.62 22.03 23.06 24.73 25.36 27.10
24.21 24.20 24.18 24.09 24.04 23.74 23.55 23.22 23.07 23.74 24.42 25.18 25.89 27.66 29.37 31.34 32.75 33.39 34.31 34.66 35.34
traj-273:
34.72 33.00 32.16 30.70 29.53 28.65 26.89 24.96 22.99 22.71 20.98 20.27 20.41 21.05 21.10 21.78 21.74 21.75 21.62 21.39 21.24 20.68 20.27 19.26 17.35 16.46 15.00 14.41 12.92 11.45 10.01  9.43  7.89
24.77 24.83 24.84 24.83 24.85 24.86 24.81 24.81 24.71 24.59 23.99 22.19 20.93 19.34 18.28 16.50 14.55 12.80 11.22  9.51  8.33  6.59  4.97  3.31  3.41  3.53  3.59  3.63  3.73  3.82  3.83  3.85  4.28
traj-274:
34.96 33.73 31.77 29.94 28.15 27.40 25.85 24.84 23.59 22.02 21.03 19.65 19.41 17.90 16.52 15.40 13.79 12.74 11.34  9.84  9.36
23.20 22.70 22.41 22.30 22.73 23.01 23.72 24.12 23.75 22.65 21.12 19.79 19.61 19.26 19.24 19.23 19.22 20.04 21.11 21.57 21.58
traj-275:
38.49 37.62 35.92 34.20 33.04 31.30 29.91 28.75 27.60 26.16 25.27 23.29 21.73 21.10 21.34 21.73 22.46 24.01 25.69
24.43 24.51 24.77 24.83 24.84 24.88 24.86 24.85 24.88 24.90 24.92 24.98 25.55 26.92 28.71 30.08 30.77 31.80 32.83
traj-276:
37.04 36.10 34.29 33.33 31.66 30.19 29.25 28.20 27.02 26.12 24.60 23.83 22.42 22.15 21.76 21.14 21.29 21.40 21.64 21.66 21.37 21.07 20.77 20.23 20.07 18.38 16.61 15.16 13.99 12.23 10.75  8.95  8.70
23.15 23.23 23.21 23.28 23.31 22.99 22.90 22.67 22.68 22.63 22.25 22.05 21.33 19.61 17.80 16.51 15.10 13.97 12.32 10.36  8.45  6.50  5.68  3.98  3.73  3.13  3.14  3.24  3.42  3.67  3.92  4.49  4.64
traj-277:
37.40 36.64 34.66 32.69 31.98 30.63 29.21 27.81 25.89 23.95 22.07 21.39 20.39 18.72 18.43 16.61 14.91 14.17 12.25 10.50
22.53 22.32 22.23 22.14 22.10 22.06 22.02 22.01 22.25 22.35 22.29 21.47 19.92 19.09 19.02 18.34 19.09 19.28 19.66 19.67
traj-278:
36.20 35.02 33.61 32.45 30.99 29.57 27.89 26.74 25.61 23.63 21.93 20.36 20.95 21.70 21.97 22.52 20.77 19.07 18.11 17.09 15.91 14.36 12.96 11.85 10.17  8.86
24.75 24.80 24.87 24.87 24.87 24.89 24.85 24.81 24.78 24.76 25.27 26.50 27.73 29.44 30.17 31.59 32.45 32.27 31.64 31.45 31.58 32.37 32.57 32.73 32.96 33.60
traj-279:
36.92 35.07 33.57 31.91 30.22 29.37 27.44 25.49 24.62 22.94 21.63 21.48 20.95 20.80 20.79 20.94 21.39 21.61 21.86 21.87 21.56 21.31 20.84 20.40 19.50 17.66 15.87 14.10 12.32 10.84  9.22  7.73  7.36  5.54
22.47 22.87 23.29 24.11 24.36 24.53 24.74 24.86 24.90 24.97 23.99 23.53 21.69 20.52 18.75 17.37 15.53 14.58 12.65 10.92  9.63  8.63  6.94  5.25  3.60  3.35  3.40  3.48  3.68  3.90  4.76  5.83  5.79  5.14
traj-280:
34.65 33.16 31.19 30.62 29.18 27.47 26.87 24.92 23.79 22.07 20.81 20.23 19.47 17.83 15.97 15.17 13.57 12.23 10.46  9.05  7.09
23.60 24.55 24.81 24.87 24.85 24.85 24.85 24.90 24.92 23.93 22.38 20.55 19.21 18.75 18.35 18.22 18.47 19.24 19.42 18.95 18.56
traj-281:
36.37 36.08 34.15 32.70 30.99 29.23 27.27 25.55 23.84 22.19 21.40 20.85 20.59 19.64 18.14 16.55 15.37 13.48 11.59  9.90  8.46  6.81  6.53
24.34 24.42 24.54 24.65 24.67 24.58 24.75 24.88 24.88 25.87 26.91 28.67 30.56 31.45 31.53 31.50 31.53 31.81 32.19 32.69 33.33 34.08 34.20
traj-282:
36.42 34.68 32.77 31.53 29.76 29.03 27.27 25.85 25.10 23.99 22.53 22.38 22.28 22.09 21.70 21.52 21.21 21.16 21.55 21.15 20.75 20.01 19.24 17.78 16.30 15.13 13.36 12.20 10.75  9.07  7.82  6.19
24.75 24.85 24.88 24.84 23.99 23.60 23.03 22.59 22.31 22.04 21.20 19.42 17.67 15.89 14.24 13.06 12.19 10.41  9.03  7.19  6.45  4.91  3.88  3.82  3.88  3.80  3.71  3.56  3.50  4.56  5.36  6.44
traj-283:
36.57 34.96 33.53 31.64 29.67 27.72 26.36 24.90 24.30 22.64 21.88 21.18 19.62 18.74 17.29 15.92 14.38 13.31 11.49 11.19
22.77 22.40 22.45 22.22 22.37 22.63 23.54 23.56 23.58 22.73 21.36 20.40 19.96 19.58 19.28 19.15 18.96 18.81 18.39 18.35
traj-284:
36.20 34.75 33.25 32.37 30.66 29.60 27.86 26.97 25.24 24.07 23.23 22.38 22.31 22.13 21.05 20.14 19.27 18.10 17.10 15.56 14.91 12.99 11.65  9.77
22.85 22.45 22.40 22.27 22.28 22.15 22.37 22.35 22.45 23.67 24.46 26.12 26.97 28.70 30.33 30.92 32.17 31.99 31.80 31.77 31.56 31.83 32.35 33.03
traj-285:
35.57 33.92 33.20 31.41 29.99 28.13 26.18 25.34 23.85 22.32 21.45 20.80 20.63 20.45 20.18 20.20 20.22 20.42 20.42 20.41 20.37 20.33 19.50 18.20 16.44 15.26 13.49 12.60 10.84  9.89  9.19  8.52  6.79  5.89
22.33 22.39 22.44 22.43 22.56 22.81 22.98 23.19 23.22 22.10 21.12 19.33 17.90 16.85 14.90 12.99 12.14 10.22  9.59  7.73  6.59  5.51  3.88  3.29  3.58  3.73  3.80  3.84  3.85  4.43  5.31  6.08  5.46  5.11
traj-286:
34.34 33.18 32.06 30.11 29.25 27.51 25.76 25.46 23.50 21.61 20.17 20.06 20.03 18.34 16.88 14.97 13.28 11.34 11.05 10.66 10.11  8.96
24.37 24.50 24.59 24.78 24.78 24.80 24.89 24.87 24.78 24.71 23.36 21.38 19.91 19.22 18.86 18.50 18.17 18.29 18.31 18.77 19.00 20.40
traj-287:
36.60 35.78 33.98 32.91 31.59 29.73 28.45 26.50 25.03 23.97 22.43 21.97 21.43 21.60 21.81 23.24 23.94 25.62 26.79
23.97 23.72 23.64 23.62 23.60 23.73 23.82 23.92 24.24 24.54 25.74 26.50 27.55 29.07 29.89 31.10 31.44 32.53 33.32
traj-288:
37.63 36.77 35.03 33.59 32.12 30.90 29.23 28.35 26.48 26.19 24.29 23.42 21.94 21.43 20.76 20.59 20.95 21.15 21.24 21.30 21.24 21.39 21.31 20.64 20.43 19.50 19.29 17.43 15.68 14.20 12.42 10.65  9.16  8.61  6.71  6.11
22.75 22.67 22.69 22.54 22.39 22.26 22.42 22.46 23.10 23.16 23.39 23.18 21.88 20.75 20.10 18.34 16.94 16.09 14.50 12.56 11.47  9.52  7.75  6.01  5.45  3.85  3.64  3.23  3.21  3.28  3.41  3.70  4.51  4.74  5.36  5.58
traj-289:
37.72 37.14 35.41 34.04 32.76 31.89 30.47 29.35 27.36 26.24 24.36 22.41 20.62 20.10 20.07 19.44 17.62 16.42 14.92 13.00 12.63 10.70  9.27  7.51
24.67 24.77 24.92 24.90 24.86 24.84 24.82 24.77 24.75 24.72 24.73 24.85 24.55 22.78 20.79 19.68 19.24 18.98 18.72 19.12 19.05 19.01 18.90 18.48
traj-290:
35.73 34.88 33.18 32.02 30.37 28.94 27.50 25.56 24.44 22.99 22.51 21.02 20.76 20.47 20.13 20.40 20.60
24.21 24.29 24.45 24.56 24.67 24.76 24.81 24.86 24.87 24.89 25.24 26.46 26.87 28.69 30.41 31.85 32.98
traj-291:
35.56 34.38 32.49 31.16 31.04 29.40 27.95 26.21 25.36 24.03 22.49 21.86 21.47 21.40 21.39 21.30 21.23 21.11 21.01 20.88 20.40 20.33 20.50 20.48 18.69 16.94 14.97 13.17 11.42 10.53  8.92  7.62  6.91  5.80
23.48 23.52 23.52 23.60 23.58 23.55 23.29 23.47 23.61 23.68 23.32 22.18 20.70 20.17 18.38 16.50 14.84 13.33 12.15 10.25  8.62  7.06  5.66  3.80  3.12  3.11  3.08  3.42  3.59  3.74  4.31  4.20  3.87  3.36
traj-292:
34.14 32.43 30.53 29.66 28.26 26.64 25.46 23.72 22.53 21.62 20.75 19.62 17.78 17.21 15.52 13.68 11.71  9.87
22.56 23.22 23.46 23.64 23.86 24.16 24.17 24.00 22.71 22.00 20.96 19.48 19.14 18.98 18.66 18.24 18.27 18.03
traj-293:
37.58 36.19 34.50 33.34 31.90 31.32 29.60 29.00 27.03 25.32 23.94 22.63 22.01 22.14 22.44 22.87 23.10
24.77 24.79 24.84 24.88 24.87 24.89 24.86 24.87 24.85 24.88 24.91 25.69 26.83 28.55 30.33 32.17 33.71
traj-294:
35.18 34.10 32.27 30.72 29.76 27.83 27.59 27.04 25.50 24.78 23.37 22.78 21.89 21.62 21.26 21.22 20.87 20.63 20.56 20.39 20.39 20.39 20.34 20.27 20.24 20.03 19.04 18.15 16.38 14.63 13.73 11.94 10.32 10.16  9.57  7.85  6.65  5.35
23.56 23.71 23.96 24.14 24.26 24.50 24.54 24.61 24.78 24.87 23.92 22.68 20.92 20.26 18.78 18.06 16.23 15.20 14.02 12.18 10.84 10.13  8.95  7.26  6.66  5.23  3.77  3.65  3.43  3.21  3.24  3.31  3.56  3.82  3.76  4.33  4.32  4.38
traj-295:
34.81 33.57 31.63 29.82 28.39 26.50 25.47 24.17 22.62 21.54 19.72 18.37 17.27 15.58 13.71 11.96 10.61
24.67 24.00 23.68 23.50 23.39 23.22 23.05 22.82 21.73 20.66 19.91 19.77 19.69 19.52 19.80 20.59 21.51
traj-296:
37.88 36.80 35.30 33.34 31.68 31.11 29.32 28.02 26.29 24.59 22.80 22.86 22.74 22.65 22.58 23.22 24.03 25.75 26.77
22.95 22.98 23.01 22.93 23.11 23.16 23.43 23.57 23.66 23.72 24.28 26.03 27.17 28.30 29.18 31.05 31.20 31.71 31.95
traj-297:
37.16 35.41 33.87 33.02 31.34 29.42 28.70 27.10 25.38 25.08 23.20 21.65 21.17 20.90 20.46 21.05 21.42 21.60 21.80 21.59 21.65 21.37 21.04 20.97 20.72 20.63 19.56 17.71 16.82 15.04 13.26 12.09 10.61  8.95  8.26
22.09 22.26 22.50 22.70 23.20 23.21 23.28 23.90 24.34 24.37 25.00 25.59 23.70 21.96 20.44 18.61 17.03 16.30 14.37 12.78 11.56  9.86  8.18  7.32  5.89  5.29  3.62  3.36  3.42  3.57  3.68  3.71  3.79  4.41  4.70
traj-298:
35.66 33.81 32.14 30.37 29.58 28.26 26.53 25.93 24.47 23.31 22.67 20.95 19.77 19.57 17.67 17.37 15.49 13.87 12.43 10.84  9.28  7.68  6.06  5.57
23.10 23.23 23.26 23.42 23.39 22.70 22.01 22.02 22.03 22.05 21.73 21.27 19.77 19.54 19.11 19.15 19.46 19.72 20.56 21.47 20.75 19.70 18.77 18.50
traj-299:
37.10 35.92 34.75 33.07 32.21 30.77 29.90 28.18 26.45 24.70 23.58 22.29 20.91 20.73 20.45 20.13 19.38 18.08 17.06 15.35 13.44 11.86 10.53
24.62 24.64 24.64 24.69 24.74 24.76 24.80 24.89 24.88 24.89 24.88 25.62 26.81 28.13 29.70 30.40 31.01 31.60 31.65 31.59 31.30 31.29 32.02
