traj-0:
23.68 22.53 21.15 19.47 18.89 17.13 15.37 14.20 13.00 12.24 12.07
 1.82  2.59  3.66  4.41  4.44  4.53  4.64  4.70  4.81  6.53  7.12
traj-1:
23.76 23.38 23.22 23.39 23.48 23.21 22.94 22.38 22.34 22.17 21.50 21.07 20.47 18.53 18.23 16.30 14.59 13.77 12.46 10.52  9.33  8.84  8.82  7.79
 1.87  3.42  4.43  6.30  6.59  8.46  9.22 11.12 13.03 14.88 16.65 17.66 18.21 18.54 18.51 18.64 19.14 19.16 19.28 19.39 20.13 21.85 22.37 23.83
traj-2:
22.72 22.74 22.79 22.72 22.68 22.83 22.92 23.05 23.29 24.80 26.04 27.45 29.12 30.46 31.54 32.62 34.08
 1.74  2.72  4.32  4.73  6.67  8.51 10.38 11.69 13.14 14.04 14.53 15.21 15.97 17.07 17.72 18.35 19.26
traj-3:
23.13 22.60 22.14 20.62 20.03 18.29 16.83 15.40 13.51 11.98 10.51  8.78  7.39  6.01
 0.61  1.86  2.91  4.07  4.18  4.44  4.69  4.84  4.80  6.06  7.12  6.73  6.42  5.23
traj-4:
23.21 22.53 22.11 21.94 22.06 22.13 22.60 22.67 22.87 23.01 23.15 23.30 23.43 22.86 20.99 19.13 17.96 16.79 15.23 14.77 12.95 11.57 10.04  9.23
 0.88  1.42  3.00  3.57  5.55  6.34  7.59  8.69  9.80 11.36 12.68 14.56 16.46 17.82 18.46 18.84 18.84 18.83 19.75 19.91 20.66 21.32 21.76 21.98
traj-5:
21.65 22.52 22.47 22.51 22.17 21.95 22.11 21.38 22.69 22.97 24.48 25.85 27.20 28.82 29.22 29.39
 1.43  3.16  3.84  5.50  6.77  8.66 10.36 11.90 13.03 13.14 14.13 14.19 14.26 14.35 12.99 12.34
traj-6:
21.77 22.09 21.54 20.42 18.98 17.26 16.11 14.64 13.00 12.36 10.86  9.33  7.80  6.15
 1.56  2.66  4.56  4.62  4.70  4.61  4.57  4.57  4.83  5.30  6.07  5.95  5.07  4.38
traj-7:
21.02 21.41 21.89 22.27 22.61 22.61 22.51 22.58 22.58 22.93 22.39 21.89 20.54 19.66 18.51 17.06 15.88 14.91 13.64 11.81 10.22  8.64  6.73  6.51
 0.90  2.02  3.66  4.91  5.98  7.71  8.81 10.26 11.64 13.48 15.35 17.00 18.09 18.17 18.23 18.26 18.21 17.94 17.63 17.85 18.47 18.98 18.89 19.10
traj-8:
22.36 22.33 22.62 23.03 23.09 23.18 23.21 23.16 23.15 22.57 23.44 24.87 25.47 27.42 29.16 30.46 31.45 32.58 32.77 33.65
 1.55  2.20  4.15  5.99  6.77  8.54  9.71 11.54 13.18 14.96 15.14 15.17 15.17 15.15 15.35 15.45 15.21 14.26 12.34 11.59
traj-9:
21.16 21.18 20.87 20.32 18.38 17.21 15.46 13.80 11.96 10.14  8.56  6.99  5.08
 1.94  2.24  4.20  4.36  4.66  4.68  4.73  4.90  5.58  6.39  6.60  6.39  6.07
traj-10:
22.86 22.29 22.19 22.45 22.91 22.97 22.64 22.68 23.12 23.07 22.43 21.03 19.30 18.15 17.86 16.00 14.39 13.39 12.33 10.83
 1.31  2.45  4.41  6.24  8.17  8.69 10.20 12.03 12.82 14.80 16.30 17.64 18.16 18.35 18.42 18.75 19.17 19.40 19.69 19.98
traj-11:
23.17 22.78 22.35 22.90 22.99 23.01 22.75 22.69 22.38 22.02 23.83 25.13 26.79 27.43 28.83 30.24 31.95 33.88 35.05 36.17 36.41
 1.45  1.86  3.75  5.51  7.07  8.14  9.99 10.70 12.17 13.41 14.26 14.27 14.24 14.30 14.35 14.33 14.39 14.61 14.82 13.32 11.87
traj-12:
21.85 21.94 22.54 21.05 19.13 17.37 15.60 13.86 12.27 11.65 10.38 10.27
 1.41  1.70  3.50  4.59  4.80  4.81  4.78  4.74  5.88  6.61  8.00  9.55
traj-13:
22.71 22.76 22.74 22.71 22.69 22.83 22.90 22.91 22.85 23.47 23.11 22.27 20.81 19.43 17.69 16.68 15.49 15.14 13.86 12.80 11.49  9.82  8.54
 1.77  2.28  3.89  4.42  6.21  7.00  8.67 10.49 12.42 14.09 15.74 17.51 18.22 18.33 18.43 18.68 19.40 20.15 21.40 21.92 22.62 23.31 23.83
traj-14:
21.85 22.93 23.06 23.19 22.88 22.40 22.17 21.87 22.00 22.32 22.38 23.99 24.84 26.76 28.42 29.05 29.16 29.52 29.81 29.94 29.80 30.22 30.36 31.59 32.30
 1.32  2.80  3.07  5.00  6.34  8.22  8.75 10.69 11.50 13.33 14.50 15.59 15.52 15.46 15.76 16.74 17.30 19.21 20.50 22.40 23.34 25.27 25.75 27.23 28.02
traj-15:
21.10 21.73 22.57 22.64 21.19 19.36 18.17 16.41 14.93 13.75 12.95 12.57
 1.36  2.10  3.27  4.27  4.98  4.55  4.55  4.67  4.82  4.92  5.39  5.84
traj-16:
23.00 22.90 22.78 22.71 22.64 22.68 22.84 22.96 23.07 23.19 23.30 21.90 20.53 19.36 18.49 16.75 15.29 14.92 13.90 12.99
 1.73  3.26  4.46  5.58  7.30  9.08 10.63 12.46 13.98 15.19 16.81 18.18 18.50 18.65 18.64 18.48 19.52 19.99 21.57 22.60
traj-17:
23.78 23.52 22.75 22.51 22.01 22.25 22.53 22.73 23.03 22.77 23.08 24.64 25.36 27.09 27.88 29.27 29.67 30.94 31.77 32.90 34.28 34.61
 0.64  1.47  2.70  3.61  5.36  6.73  8.02  9.00 10.62 11.65 13.22 14.23 14.44 15.00 15.06 15.75 16.49 17.91 18.90 19.84 21.19 21.49
traj-18:
22.10 22.16 20.82 18.88 18.04 16.31 15.45 13.75 12.52 11.95 10.21  8.46  6.81
 1.72  3.19  4.25  4.66  4.70  4.61  4.71  5.00  5.84  6.49  5.97  5.49  4.88
traj-19:
22.14 22.39 22.68 22.03 21.45 21.59 21.88 22.30 22.59 23.08 23.03 22.25 21.46 20.04 18.87 17.14 15.39 14.17 13.08 11.18  9.77  7.80
 1.10  1.27  3.07  4.60  5.72  7.62  9.24 10.70 11.48 13.01 13.88 15.53 17.21 18.24 18.27 18.28 18.27 18.16 17.96 17.96 18.12 18.26
traj-20:
22.28 21.61 22.26 22.96 23.06 23.06 23.05 23.02 23.15 23.75 25.39 26.85 28.76 29.93 30.06 30.72 31.80 31.92
 1.26  2.98  4.75  6.48  7.60  9.23 10.03 11.65 13.45 14.35 15.01 15.03 15.37 14.36 13.82 12.02 11.05 10.77
traj-21:
23.42 22.94 21.46 19.92 18.75 17.60 16.72 15.25 13.62 12.77 11.23
 1.31  2.21  3.43  4.13  4.37  4.63  4.77  4.97  4.89  4.84  5.74
traj-22:
21.01 21.28 21.83 22.18 22.46 22.94 22.82 23.30 23.43 23.64 23.60 23.59 23.47 22.49 21.21 19.29 17.82 16.92 15.95 14.74 13.28 11.92 10.50  8.90
 0.78  1.63  3.49  4.26  6.05  6.69  7.81  9.44 10.02 11.91 12.81 14.69 16.58 17.61 18.37 18.83 18.76 18.68 19.34 20.87 21.93 22.55 23.08 23.73
traj-23:
22.83 23.09 23.29 23.37 23.34 23.15 23.11 23.00 23.12 23.63 25.03 26.82 27.57 29.14 31.03 31.55 31.39 31.33 31.28 31.55 31.57
 1.38  2.51  4.04  5.78  6.38  8.29  9.10 10.93 12.62 13.81 14.53 14.98 15.17 15.81 15.48 13.57 11.79 10.57  9.69  7.91  6.27
traj-24:
23.72 23.23 21.82 20.49 19.89 18.10 17.51 15.73 13.75 13.56 12.49 11.61 10.54
 1.77  2.47  3.71  4.98  4.95  4.84  4.82  4.75  4.81  5.03  5.82  6.99  7.95
traj-25:
23.68 23.44 23.28 22.86 22.78 22.92 22.94 22.69 23.57 23.81 23.17 22.47 20.98 19.84 18.38 16.89 15.28 14.43 13.45 12.14
 0.86  2.45  3.48  5.32  6.08  7.75  9.71 11.64 13.42 13.97 15.72 17.10 18.22 18.55 18.75 18.74 19.81 20.53 21.34 21.75
traj-26:
22.38 22.56 22.89 23.01 23.02 23.18 23.23 23.25 23.66 25.28 26.95 27.52 29.17 30.83
 1.78  3.53  5.12  6.66  8.29  9.35 11.25 11.81 13.69 14.55 14.54 14.53 13.78 13.09
traj-27:
21.83 22.39 23.20 22.02 20.18 18.74 17.87 16.14 15.27 13.82 12.30 11.30 10.01  8.58
 0.94  2.36  4.11  5.47  4.88  4.76  4.66  4.62  4.69  4.79  5.72  6.53  7.19  7.80
traj-28:
22.63 22.25 21.89 21.75 22.03 22.15 22.27 22.33 22.77 23.02 23.51 23.76 22.72 21.21 19.81 18.10 16.93 15.44 14.81 13.18 11.63 10.01  9.23  7.68  6.15  5.60
 1.16  2.98  4.51  5.86  7.19  8.10  9.83 10.00 11.61 13.37 14.12 15.98 17.34 18.38 18.69 18.74 18.76 19.67 20.27 20.57 20.98 21.56 22.01 23.00 24.02 24.21
traj-29:
21.54 21.78 22.01 22.32 22.73 22.93 23.03 23.13 22.94 24.74 26.45 28.41 30.10 30.12 29.75 29.88
 1.70  2.82  3.98  5.54  7.15  8.44 10.22 11.76 13.58 14.21 14.59 14.31 13.72 11.74  9.82  9.32
traj-30:
22.85 22.97 22.89 21.42 19.70 18.51 17.08 16.48 14.73 13.67 12.50 12.19 10.87 10.44  8.51  6.65  5.18  4.62
 0.74  1.32  3.13  4.26  4.15  4.21  4.29  4.33  4.48  4.70  6.22  6.73  8.08  8.15  8.16  8.03  7.39  7.19
traj-31:
23.11 23.08 22.99 22.78 22.30 21.69 22.12 22.06 22.80 22.26 22.65 22.88 21.30 20.46 18.73 17.29 16.54 15.02 13.72 12.13 10.77
 1.51  2.91  3.73  5.69  7.43  8.54 10.39 11.12 12.75 14.10 15.96 17.93 18.16 18.40 18.59 18.78 18.96 19.77 20.43 21.10 22.06
traj-32:
23.00 21.89 21.84 22.02 22.06 22.25 22.76 23.03 23.23 23.48 24.76 25.42 27.17 28.52 29.90 31.34 31.87 33.45 33.83
 1.56  2.91  4.42  5.93  6.48  7.31  9.03 10.46 11.61 13.18 14.25 14.73 14.67 14.58 14.15 13.69 13.54 14.71 15.16
traj-33:
23.17 22.53 21.96 20.00 18.53 16.77 15.03 13.86 12.64 11.69 10.28  9.25  8.09  7.34  6.25
 1.47  3.33  5.07  4.99  4.93  4.84  4.92  4.96  5.81  6.63  6.08  5.62  5.03  4.74  4.22
traj-34:
22.40 23.16 23.12 23.07 22.86 22.53 22.32 22.49 22.89 23.06 23.42 22.34 21.29 19.47 18.29 16.84 15.78 14.88 13.17 11.28 10.08  8.69  7.62  6.25  5.25
 0.53  2.34  4.05  5.33  7.18  8.95  9.73 11.27 13.03 14.16 15.71 17.14 18.17 18.88 18.83 18.81 19.56 20.29 20.15 20.29 21.06 21.86 22.15 22.48 22.71
traj-35:
22.38 22.26 22.19 22.28 22.57 23.18 23.16 23.00 22.32 21.58 22.30 24.10 26.07 26.92 28.33 29.20 29.58 30.33 30.49 30.24 30.66 31.80 32.48 33.49
 0.52  2.16  3.42  5.33  6.18  7.87  8.17 10.13 11.99 13.72 14.71 15.43 15.32 15.25 15.34 16.73 17.99 19.76 20.33 22.11 24.05 25.55 26.46 28.03
traj-36:
22.71 22.01 21.22 20.62 18.66 16.90 15.15 13.67 12.78 12.15 11.80 11.05
 1.23  2.84  4.62  4.59  4.43  4.26  4.32  4.35  4.33  6.23  6.94  7.05
traj-37:
21.19 22.09 22.59 22.90 23.09 23.18 23.23 23.03 22.96 22.87 22.69 21.68 20.30 19.72 17.97 16.50 14.71 13.56 12.15 11.29  9.84
 1.80  3.50  4.98  6.86  8.50  9.09 10.52 12.17 13.82 15.42 16.27 17.21 18.48 18.55 18.71 18.87 19.34 20.36 21.71 22.54 23.53
traj-38:
23.04 22.88 23.00 23.09 23.10 23.08 23.07 23.09 23.58 25.14 26.28 28.22 29.45 29.91 30.96 31.28 32.56 33.62 34.84
 1.35  3.33  5.07  7.03  8.97 10.65 11.22 12.00 13.89 15.04 15.08 15.29 16.62 17.66 19.18 19.65 20.80 21.27 21.74
traj-39:
23.69 23.28 22.62 20.92 19.77 18.60 17.16 15.71 13.96 12.96 12.13 10.86 10.25
 1.26  2.02  3.36  4.34  4.63  4.70  4.71  4.84  4.86  4.88  5.32  5.81  6.12
traj-40:
21.75 22.03 22.22 22.44 22.67 22.86 23.00 23.06 23.32 23.58 23.04 22.60 21.72 20.18 18.76 17.61 15.78 14.70 13.11 11.20 10.44
 0.73  1.27  3.17  5.14  6.52  8.45 10.03 10.78 12.69 13.70 15.48 16.40 17.37 18.37 18.56 18.36 18.19 18.03 17.84 17.42 17.34
traj-41:
22.22 22.31 22.37 22.42 22.78 23.31 23.43 23.45 23.71 25.38 27.37 29.30 30.49 30.46 30.27 29.15 29.27 29.42 29.55 29.60 29.60
 1.89  3.74  5.50  7.25  8.29 10.15 11.29 12.15 14.02 14.13 14.12 14.36 15.01 16.91 18.27 19.85 21.15 22.77 24.34 25.84 27.58
traj-42:
23.13 22.23 21.07 21.11 20.64 18.69 17.23 15.43 14.54 12.56 11.11 10.69
 1.75  2.41  3.34  5.13  4.77  4.43  4.47  4.49  4.43  4.72  5.59  6.64
traj-43:
22.17 22.42 22.47 22.68 22.79 22.99 23.03 23.26 23.60 23.26 23.13 21.87 20.42 18.70 18.14 16.53 15.47 14.03 12.94 12.04
 1.84  3.74  5.48  7.22  7.80  9.68 11.47 12.62 14.07 15.98 17.13 18.36 18.43 18.56 18.59 18.68 18.82 19.29 19.73 20.56
traj-44:
22.53 23.17 23.35 23.46 23.60 23.10 22.45 22.15 21.68 21.64 22.45 24.32 25.47 26.64 28.46 29.69 29.97 31.51 32.39 32.27 32.32 32.40 33.65
 0.83  2.36  3.46  4.05  5.99  7.79  9.50 10.17 11.50 13.43 14.25 14.68 15.13 15.33 15.58 17.00 17.51 18.38 17.71 15.73 14.85 13.11 11.66
traj-45:
22.12 22.11 21.88 21.79 19.97 18.21 17.91 16.15 14.70 13.38 12.12 10.66
 1.33  1.63  3.34  4.39  4.86  4.83  4.83  4.74  4.59  4.52  4.29  4.18
traj-46:
22.95 22.96 22.60 22.38 22.50 22.43 22.45 22.42 22.57 23.35 24.34 23.48 22.58 21.40 19.49 19.19 17.43 16.84 15.67 14.96 14.11 12.20 11.03
 0.67  1.21  3.00  3.74  5.68  7.62  9.13 11.09 11.60 13.38 14.87 16.64 17.40 17.84 18.31 18.33 18.55 18.60 19.42 20.30 21.64 22.14 22.48
traj-47:
21.51 21.74 21.94 22.36 22.79 22.89 23.39 23.35 23.22 23.27 23.37 24.07 25.82 27.81 28.99 30.93 30.93 30.85 30.98 30.92 30.95 30.90
 1.46  3.08  4.01  5.86  7.60  8.01  9.82 11.73 13.14 14.34 15.93 15.97 15.90 15.81 15.75 15.47 13.62 12.22 10.51  9.11  7.29  5.53
traj-48:
22.38 22.19 21.82 20.42 18.68 16.94 15.74 14.56 12.64 11.03 10.11  8.90
 1.17  1.90  3.57  4.65  4.97  4.92  4.90  4.87  4.91  5.40  5.70  6.11
traj-49:
23.67 23.41 22.84 22.71 22.81 23.09 22.95 22.87 22.63 22.48 22.10 22.01 22.36 23.18 22.12 21.01 19.31 18.43 16.53 14.96 14.02
 0.76  1.55  3.10  3.50  3.78  5.51  7.20  7.72  9.60 10.95 12.77 13.31 14.87 16.58 17.96 18.15 18.47 18.57 18.79 19.37 19.87
traj-50:
23.55 23.33 23.17 23.23 23.26 23.12 23.06 23.17 22.65 22.85 24.18 26.12 27.70 28.28 29.60 30.62 31.88 33.16 35.00 35.86 36.06
 1.58  2.59  4.35  5.24  6.66  8.52  9.71 11.61 13.48 13.71 14.79 14.94 15.14 15.19 16.52 17.95 19.18 19.27 19.43 19.44 19.66
traj-51:
23.75 23.53 22.52 21.56 20.35 18.61 17.45 15.68 13.97 13.67 12.28 10.94 10.19  9.17  8.54  6.92  5.26  4.44
 0.55  2.23  3.33  3.56  4.47  4.56  4.62  4.78  4.91  4.92  5.72  6.63  7.26  8.32  9.07 10.13 10.16  9.91
traj-52:
23.28 23.13 23.02 22.98 22.88 22.70 23.18 23.42 23.61 22.79 22.07 21.70 20.51 19.11 17.37 15.44 14.60 13.31 11.41 10.58  9.44
 1.48  3.30  4.11  6.04  7.66  9.58 11.40 13.24 13.90 15.33 16.49 17.15 18.23 18.41 18.63 18.92 19.31 19.60 19.92 20.10 20.37
traj-53:
22.67 22.53 22.76 23.08 22.73 22.26 22.13 22.10 23.21 24.09 25.48 27.09 28.20
 0.73  2.45  4.21  6.10  7.92  9.34 11.10 11.54 13.04 14.02 14.08 14.27 14.54
traj-54:
21.66 22.07 21.30 19.62 19.32 17.58 16.99 15.24 13.78 12.25 11.81 11.58 11.51 11.00
 1.34  2.63  4.27  4.68  4.73  4.86  4.86  4.91  4.86  5.74  7.62  9.60  9.89 10.20
traj-55:
21.77 21.85 22.60 22.73 22.83 22.88 22.92 22.91 22.05 21.37 22.34 23.17 22.95 21.38 20.23 18.25 16.45 16.17 14.43 14.15 12.50 11.61  9.88
 0.96  1.25  2.81  3.61  5.22  7.05  7.57  9.05 10.79 12.42 13.97 15.74 17.10 18.07 18.29 18.41 18.67 18.79 19.37 19.48 20.41 20.88 21.87
traj-56:
22.99 23.05 23.11 23.26 23.22 22.69 21.98 22.44 22.74 22.48 22.55 24.51 25.38 27.11 27.70 29.53 29.94 30.72 31.31 31.86 31.76
 0.92  1.53  3.24  4.89  5.72  7.47  9.24 10.97 12.73 14.42 15.66 15.87 15.91 15.87 15.85 16.56 16.91 18.40 19.53 21.34 22.70
traj-57:
22.98 21.68 20.26 18.31 16.56 15.09 13.91 12.88 12.13 11.59 10.17  9.13  7.38  6.24
 1.95  3.01  4.20  4.34  4.18  4.44  4.63  5.79  7.60  9.39  9.55  9.12  8.78  8.48
traj-58:
23.73 23.72 23.30 23.08 22.96 22.99 22.91 22.94 22.96 22.84 23.28 23.86 24.08 23.04 21.75 20.94 19.32 18.43 16.84 15.30 13.79 12.36 12.12
 0.59  0.63  2.56  3.61  5.29  6.22  7.68  9.42 10.21 12.13 12.88 14.11 15.96 16.99 17.73 18.03 18.59 18.64 18.76 19.87 20.87 21.93 22.11
traj-59:
22.03 22.38 22.70 23.08 23.28 22.42 21.95 22.04 22.33 22.71 23.44 24.63 25.42 27.34 28.19 29.19 29.29 29.56 29.64 29.75 30.01 30.53 31.10 32.23 32.70 33.78 34.86 35.31
 1.36  2.46  4.33  6.28  6.85  8.43  9.46 11.39 12.39 13.85 14.31 14.61 14.81 15.11 15.22 15.95 17.31 18.34 20.27 20.83 22.54 24.26 25.12 26.64 27.45 28.40 29.35 29.74
traj-60:
21.88 21.67 20.24 18.58 17.70 15.96 14.22 13.63 11.87 11.15  9.70  7.76  6.18
 1.38  3.13  4.04  4.13  4.16  4.22  4.51  4.60  5.36  5.43  5.32  5.22  4.06
traj-61:
21.14 21.27 21.50 21.54 21.65 21.85 21.77 21.78 22.30 22.90 22.09 21.63 20.80 18.87 17.11 15.68 14.21 12.56 10.83  9.98  9.73
 1.97  2.24  4.16  5.30  6.84  7.49  9.10 10.94 12.81 14.72 15.82 17.52 18.08 18.51 18.67 18.87 19.41 19.71 20.10 21.37 21.89
traj-62:
22.72 22.75 22.74 22.62 22.56 22.52 22.54 22.50 22.85 23.54 23.73 24.25 25.96 27.56 29.20 30.27 31.82 32.14 31.88 31.65 32.71 33.58
 0.81  1.36  3.11  4.83  6.78  8.08  9.56  9.77 11.33 12.97 13.64 14.37 14.91 14.80 14.09 13.34 12.41 11.90 10.04  8.26  6.85  5.49
traj-63:
23.11 22.95 22.12 20.38 18.66 18.08 16.29 14.75 13.90 12.74 12.12 11.75
 1.85  2.11  3.71  4.68  4.85  4.85  4.84  4.81  4.82  4.82  5.29  7.01
traj-64:
21.19 21.34 21.81 22.11 22.06 22.55 22.80 23.07 23.38 23.48 23.54 22.85 21.41 20.63 18.70 17.85 16.53 15.00
 1.72  1.98  3.78  5.71  7.36  9.15 10.98 12.69 14.15 14.70 16.31 16.88 17.70 18.14 18.62 18.61 18.79 19.83
traj-65:
22.13 22.27 22.45 22.87 22.92 22.80 23.00 23.03 23.69 25.46 26.46 28.14 29.67 29.75 29.45 29.33
 1.13  2.41  3.60  5.24  7.23  9.14 10.65 12.48 14.20 14.84 14.78 14.40 13.76 11.81 10.30  8.54
traj-66:
22.76 22.56 22.43 22.33 20.85 18.94 17.17 15.38 13.89 12.39 12.18 11.08  9.61  7.83  5.89  5.06
 0.45  2.03  3.33  4.42  4.94  4.73  4.72  4.69  4.71  5.63  5.85  7.22  6.69  6.14  5.75  5.62
traj-67:
21.21 21.71 22.65 22.93 22.99 22.57 22.61 22.24 22.28 22.85 23.05 21.97 21.75 21.64 20.15 19.56 17.79 16.90 15.73 14.63 12.86 10.99  9.87  8.15  6.68  5.01
 1.71  2.75  4.29  5.92  6.37  8.28  9.66 10.80 12.61 14.23 15.18 16.64 16.85 17.13 18.12 18.09 18.13 18.10 18.19 18.35 18.62 18.96 19.18 19.06 18.99 19.12
traj-68:
21.22 21.32 21.95 22.28 22.41 22.36 22.25 22.19 22.00 22.56 24.11 24.95 24.39 25.84 27.28 29.08 30.33 31.33 32.04
 1.68  2.71  4.60  5.66  7.47  8.23  9.56 11.39 11.62 13.44 14.52 14.88 15.99 15.93 15.88 16.60 18.14 19.71 20.72
traj-69:
22.35 22.06 21.15 19.55 18.38 17.20 15.44 13.47 12.33 11.91 11.03  9.32  7.71  5.79  4.73
 1.91  2.44  3.83  4.57  4.62  4.65  4.75  4.91  5.60  6.83  7.83  7.72  7.10  6.64  6.05
traj-70:
21.63 22.54 23.06 23.23 23.43 23.40 23.46 23.61 23.69 23.92 23.36 22.52 20.97 19.55 18.95 17.18 15.44 14.12 13.06 11.26 10.97
 1.50  3.24  4.25  5.42  7.07  8.75 10.19 11.61 12.79 14.06 15.74 17.39 18.24 18.27 18.27 18.24 18.18 18.38 18.51 18.25 18.17
traj-71:
21.04 21.44 22.27 22.89 22.87 22.80 22.94 23.13 23.42 23.44 25.43 26.42 28.38 30.04 30.56 31.09 31.22 31.07 31.14 31.39
 1.63  2.69  4.19  5.19  7.07  8.40 10.28 12.13 13.97 14.19 14.24 14.21 14.11 13.58 11.87 10.01  9.56  7.83  6.27  5.79
traj-72:
23.68 22.35 21.02 20.83 18.85 17.66 15.95 14.19 13.60 12.85 10.95  9.14  8.76  7.00  5.44
 1.23  1.74  2.62  4.53  4.63  4.70  4.79  4.83  4.72  5.13  5.74  5.40  5.28  4.97  4.04
traj-73:
22.90 23.05 23.20 23.18 23.06 22.99 22.32 22.37 21.67 21.49 21.73 21.96 21.79 20.14 18.66 16.92 15.81 13.97 13.42 11.66  9.96  8.01  7.12  5.48
 0.85  2.49  3.65  5.34  6.31  8.02  9.83 10.91 12.67 13.43 15.35 15.90 17.88 18.47 18.61 18.74 18.74 18.50 18.44 18.10 17.85 17.59 17.38 17.56
traj-74:
23.73 23.67 23.50 23.36 23.07 22.88 23.00 23.11 22.57 23.67 23.80 25.67 26.51 28.41 29.17 29.28 29.47 29.81 30.19 30.43 30.60 31.18
 1.07  1.60  3.49  4.88  6.79  8.72 10.06 11.57 13.46 14.81 15.40 15.61 15.57 15.68 17.15 17.86 19.40 21.22 22.16 23.64 24.80 26.45
traj-75:
23.70 23.16 21.76 20.37 18.65 16.92 15.17 13.70 12.33 11.60 10.66  9.24
 1.52  2.09  3.26  4.33  4.65  4.87  4.78  4.56  5.43  6.44  7.66  9.02
traj-76:
21.34 22.08 23.19 22.88 22.92 22.89 23.02 23.25 23.05 22.74 22.14 21.07 19.20 18.61 16.67 15.81 15.26 14.36 12.95 11.47  9.64  8.06
 1.30  2.07  3.67  5.26  6.21  7.87  9.63 11.31 12.95 14.63 16.38 18.00 18.66 18.74 18.89 19.45 20.11 21.14 21.97 22.66 23.38 23.87
traj-77:
21.09 21.68 22.51 22.69 22.82 22.94 22.99 23.04 23.14 23.41 24.74 25.11 25.95 27.66 29.11 30.15
 0.52  1.55  2.80  3.99  5.06  6.65  8.55  9.85 11.57 13.47 14.53 14.95 15.68 15.58 16.06 16.75
traj-78:
23.79 23.22 22.39 21.14 19.42 18.25 16.50 14.73 13.84 12.57 11.69 11.17  9.36
 1.52  2.18  3.15  4.31  4.40  4.48  4.49  4.67  4.77  5.72  6.50  6.24  5.37
traj-79:
22.72 23.10 23.37 23.60 23.76 23.59 23.30 23.69 24.10 23.16 21.71 20.39 19.55 18.39 16.63 15.74 14.90 14.76
 1.97  3.56  5.41  7.17  9.09 10.16 11.74 13.48 14.55 16.22 17.35 18.36 18.51 18.63 18.57 18.51 19.77 21.67
traj-80:
21.26 21.70 22.46 22.64 22.78 22.86 22.96 23.34 23.65 24.88 26.46 27.60 28.44 29.94 30.58 30.80 30.45 30.28
 1.53  2.29  3.89  5.57  7.22  7.97  9.88 11.48 13.25 14.40 14.62 14.36 14.20 13.09 11.78  9.79  8.09  7.53
traj-81:
21.13 21.45 22.70 21.76 20.46 18.75 17.31 15.57 14.78 12.80 11.26  9.39  8.07  7.10  5.89
 1.84  2.06  3.23  4.14  4.46  4.63  4.77  4.82  4.83  4.94  5.64  5.79  5.60  5.11  4.61
traj-82:
22.03 21.97 22.26 22.89 22.85 22.13 21.69 21.97 22.93 23.30 22.62 21.24 19.53 17.77 16.57 14.94 13.35 12.81 11.13  9.90
 1.78  2.08  3.94  5.80  7.68  9.52 10.74 12.58 14.01 15.96 17.63 18.50 18.65 18.68 18.69 18.92 19.21 19.71 20.52 21.50
traj-83:
21.30 21.83 22.16 22.55 22.72 22.61 22.59 22.67 22.79 22.87 22.82 22.99 24.92 25.47 27.27 28.28 29.45 29.95 30.01 30.20 30.04 29.54 29.27 29.18
 1.11  2.95  3.74  5.32  6.02  7.87  8.55 10.50 12.49 13.16 15.13 15.37 15.63 15.52 15.23 15.28 16.85 18.72 20.65 22.15 23.72 25.23 25.92 26.50
traj-84:
22.79 22.67 22.04 21.45 19.70 17.91 16.76 14.99 13.11 12.60 11.79 11.32  9.34  8.03  7.31
 1.11  2.96  4.57  4.62  4.71  4.78  4.79  4.90  4.94  5.29  6.97  7.55  7.22  7.30  7.28
traj-85:
22.40 22.70 22.77 23.11 23.30 23.31 23.13 23.05 23.77 23.25 22.22 21.75 20.27 18.85 17.69 16.53 15.20 14.91 13.34 11.84 10.64  9.94  8.20  6.54  5.45
 1.75  3.30  3.85  5.29  7.06  8.38 10.27 12.25 14.00 15.88 16.99 17.33 18.25 18.54 18.72 18.89 19.79 19.87 20.97 22.16 23.37 23.74 24.19 24.60 24.89
traj-86:
22.04 22.07 22.18 22.37 22.73 22.86 23.15 23.27 23.40 23.15 22.81 24.31 25.69 27.11 27.87 29.47 31.30 32.89 33.76
 0.40  1.99  3.30  4.34  6.05  6.80  8.62  9.20 10.65 12.55 14.05 14.07 14.15 14.24 14.28 14.47 14.83 15.10 15.20
traj-87:
23.54 22.70 21.89 19.98 19.38 17.91 16.45 15.27 14.11 13.82 11.92
 1.20  2.40  3.90  4.02  4.04  4.10  4.18  4.23  4.45  4.52  4.72
traj-88:
22.03 21.81 21.75 21.63 21.54 22.03 22.47 22.64 22.76 22.86 23.46 23.60 23.02 22.74 21.18 19.84 18.41 16.93 15.76 14.99 13.19 11.69
 0.52  2.15  2.73  4.53  5.39  7.09  8.30  9.49 10.65 12.59 14.01 15.18 16.60 17.02 18.02 18.55 18.65 18.74 19.43 19.89 20.12 19.46
traj-89:
21.66 22.16 22.67 22.96 22.62 22.44 22.64 22.88 22.70 22.82 24.36 26.02 26.84 28.58 30.03 29.71 30.53 31.26 31.53 32.08 32.31 32.98 33.68 34.58 35.16
 1.68  3.30  5.01  5.46  7.32  8.96 10.25 11.78 13.22 14.41 14.98 15.00 15.10 15.20 16.52 18.48 19.60 20.82 21.53 23.17 23.67 25.52 26.35 27.33 27.96
traj-90:
22.90 22.59 21.35 19.60 18.75 16.99 16.12 14.97 13.23 12.28 10.83  9.14  7.85  7.26
 1.08  2.62  3.96  4.79  4.81  4.88  4.89  4.94  4.96  5.50  6.38  7.00  5.50  4.34
traj-91:
23.22 22.13 21.55 21.61 21.63 21.87 22.14 22.41 22.75 23.07 23.14 22.80 21.88 21.53 20.50 18.83 18.26 16.79 15.92 14.64 13.63 12.26
 0.74  1.77  2.83  4.15  5.43  7.04  8.68 10.04 11.64 13.06 13.51 15.19 16.66 17.45 18.35 18.66 18.72 18.85 19.34 20.55 21.07 21.96
traj-92:
23.54 23.10 23.02 23.03 23.02 22.91 22.96 23.03 23.20 23.75 25.52 26.40 27.76 28.75 30.65 32.12 32.02 31.99 31.87 31.88
 1.58  2.31  4.23  5.63  7.07  9.00  9.54 11.35 12.22 14.06 14.75 14.87 15.04 15.24 15.54 14.46 13.25 12.04 10.05  9.10
traj-93:
22.21 21.86 21.48 20.22 19.33 17.86 16.09 15.24 13.76 11.89 10.53  9.53  8.30  6.66  5.28
 1.55  2.58  3.51  4.71  4.75  4.83  4.89  4.93  4.93  5.42  6.87  8.04  9.42 10.14 10.36
traj-94:
22.48 22.79 23.70 23.75 23.62 23.53 23.47 23.25 22.91 23.00 23.18 22.70 22.13 20.56 19.42 17.66 17.11 15.34 14.30 13.29 12.02 10.59  9.37  7.63  6.39  5.60
 1.09  1.51  2.72  4.41  6.33  7.92  8.52 10.41 12.35 12.97 14.46 16.15 17.36 18.46 18.45 18.54 18.52 18.69 19.07 20.03 21.19 21.78 22.34 23.30 23.93 24.35
traj-95:
23.77 23.37 23.21 23.41 23.35 23.08 22.42 23.14 23.42 24.23 25.81 26.89 28.63 29.06 30.04 30.58
 1.66  3.23  4.28  6.14  8.10  9.16 10.33 12.18 13.32 14.74 14.88 14.97 15.81 16.42 17.84 18.73
traj-96:
23.11 22.56 21.67 20.50 19.06 17.88 16.43 15.53 13.77 12.51 11.27  9.52  7.73  5.99  4.17
 0.92  1.98  3.20  4.30  4.46  4.46  4.47  4.49  4.59  5.33  5.96  6.20  5.84  5.34  4.81
traj-97:
21.57 22.26 23.02 22.97 22.74 22.66 22.56 22.65 22.68 22.80 22.76 22.78 22.17 20.36 19.19 17.73 16.88 15.48 13.80 11.98 10.41
 1.15  2.33  3.61  4.76  6.64  7.45  9.24 10.60 11.32 13.27 14.87 16.70 17.75 18.40 18.51 18.65 18.68 19.68 20.63 21.07 21.72
traj-98:
21.11 21.80 21.93 22.74 22.96 22.99 22.93 22.94 23.31 23.69 24.01 25.46 26.88 28.46 29.01 29.71
 0.66  2.32  2.60  4.14  5.98  7.89  9.15 10.89 12.58 13.72 14.53 15.42 15.57 15.78 16.50 17.46
traj-99:
23.42 22.32 21.40 20.24 18.77 17.90 16.44 15.36 13.89 12.69 10.88 10.06  8.27  7.48
 1.39  2.83  3.32  4.20  4.42  4.54  4.56  4.56  4.50  5.16  5.54  5.23  4.62  4.35
traj-100:
23.26 23.22 23.07 23.08 23.08 22.99 23.02 23.10 23.24 22.54 22.11 21.86 20.47 18.71 16.75 15.81 15.31 14.04 12.22 11.06
 0.68  1.35  3.15  4.01  5.71  7.33  9.30 11.01 12.36 13.99 15.80 17.74 18.42 18.65 18.98 19.53 20.24 21.53 22.04 22.32
traj-101:
22.22 22.69 23.04 23.31 23.47 23.04 22.90 22.74 22.74 21.98 21.94 22.92 23.68 25.64 27.56 28.54 30.45 31.64 32.33 32.52 32.85 33.21 34.17 34.71
 0.65  1.84  3.11  3.96  5.06  6.67  7.33  9.29  9.66 11.45 11.75 13.15 14.45 14.79 14.96 15.09 15.39 16.34 18.12 18.67 20.26 21.64 23.17 23.55
traj-102:
22.25 21.51 21.22 20.94 19.19 17.41 15.96 15.08 13.92 12.97 12.87 12.69
 1.62  2.62  2.71  4.51  4.54  4.46  4.37  4.33  4.26  5.86  7.30  8.73
traj-103:
21.05 21.70 22.48 22.40 22.35 22.17 21.53 21.33 21.73 22.69 23.21 23.44 22.91 21.31 20.23 18.46 17.87 16.52 15.20 14.51
 1.28  2.50  4.23  5.82  7.78  9.64 10.27 12.04 12.49 13.60 14.27 16.13 17.38 18.38 18.45 18.53 18.59 18.90 19.62 20.63
traj-104:
22.79 22.84 22.96 22.93 22.85 22.72 22.99 23.06 23.08 24.67 26.31 28.09 28.58 30.56 31.90 33.10 33.84 34.04 34.15 34.28 34.52
 0.58  2.19  3.72  5.42  7.23  9.06 11.02 12.51 13.23 14.13 14.83 15.15 15.35 15.20 14.47 13.45 12.58 10.84  9.67  8.48  7.44
traj-105:
22.56 22.08 21.49 19.79 18.61 16.85 15.36 13.41 11.88 11.38  9.77  8.90  7.27
 1.16  2.58  4.08  4.80  4.80  4.92  4.93  4.94  5.68  6.01  6.87  7.77  8.11
traj-106:
23.32 23.27 23.04 22.99 22.87 22.85 22.85 22.72 22.59 22.54 22.41 21.07 19.70 18.83 17.36 16.46 15.53 14.09 13.02 11.91 10.62 10.38
 1.88  2.27  4.25  6.08  7.38  8.63 10.09 11.89 13.81 15.78 17.63 18.09 18.44 18.52 18.63 18.70 19.26 20.56 21.48 22.76 23.96 24.14
traj-107:
21.22 22.60 23.32 23.33 23.31 22.89 22.41 22.10 21.60 21.81 23.34 24.32 26.06 27.43 27.85 29.09 29.06 29.04 29.10 29.24 29.41 30.11 30.63 31.45 31.79 32.61 33.54
 0.96  1.80  2.90  4.03  5.44  6.73  8.36  9.11 10.88 12.06 13.33 14.12 14.20 14.94 14.98 16.44 18.21 19.75 20.33 22.01 22.65 24.22 25.06 26.38 26.98 28.29 29.85
traj-108:
23.38 23.30 22.58 21.25 20.22 18.44 16.68 14.93 13.77 12.15 10.87  9.18  7.48
 1.85  2.78  3.94  4.66  4.58  4.46  4.35  4.39  4.63  5.46  6.14  5.38  4.39
traj-109:
23.69 22.90 21.88 22.11 21.61 21.35 21.82 22.27 22.98 23.30 23.72 23.45 22.92 21.07 19.90 17.92 16.74 15.61 14.71 13.84 13.14 11.59 10.05  8.89  7.17
 0.65  1.75  3.22  4.52  6.17  7.99  9.11 10.27 11.86 13.48 14.53 16.39 17.93 18.38 18.28 18.33 18.47 20.00 21.45 22.71 23.02 23.62 24.20 24.37 24.56
traj-110:
22.70 22.75 22.85 22.92 22.98 23.02 23.16 23.20 23.18 23.52 23.87 24.93 26.37 28.23 29.13 29.69 29.59
 0.42  1.30  3.20  4.53  5.59  6.64  8.34  9.99 11.90 13.28 13.73 14.98 15.20 15.32 16.23 18.14 19.26
traj-111:
21.38 21.20 20.99 20.41 18.44 17.28 15.55 14.38 13.51 12.23 11.22 10.38  8.90
 1.41  2.91  4.46  4.59  4.91  4.93  4.88  4.82  4.82  5.54  6.40  7.13  8.39
traj-112:
22.70 22.40 22.26 22.59 22.49 22.25 21.84 22.76 23.00 23.19 22.39 21.79 21.02 19.13 18.27 16.81 15.47 13.65 11.70  9.72  8.16  7.04  5.59
 1.73  2.82  4.62  6.12  7.80  8.53  9.84 11.16 12.91 14.09 15.92 16.95 17.70 18.32 18.42 18.56 18.86 19.31 19.55 19.67 20.02 20.23 21.30
traj-113:
21.46 22.33 22.62 22.76 22.57 22.67 23.08 23.25 23.55 25.07 26.75 28.18 29.48 30.90 32.32 33.93 35.25
 1.94  3.08  4.58  6.11  8.01  9.87 11.19 12.03 13.38 14.21 14.23 14.48 15.23 16.13 17.14 18.27 19.22
traj-114:
21.91 21.67 21.41 19.43 17.71 16.54 15.36 13.41 11.90 11.85
 1.43  2.59  4.29  4.62  4.49  4.46  4.38  4.54  5.19  7.04
traj-115:
21.89 22.70 22.73 22.74 22.69 22.70 22.33 22.24 22.12 21.34 21.18 20.11 19.81 18.08 16.89 15.35 14.61 13.02 11.96 10.90
 1.90  3.15  4.86  5.91  7.60  9.20 11.09 12.01 13.94 15.60 17.38 18.30 18.34 18.30 18.13 19.15 19.62 20.62 21.21 21.60
traj-116:
23.06 23.02 22.21 22.35 21.57 21.72 21.79 22.48 22.74 23.15 23.25 24.01 25.65 27.36 29.21 30.71 32.05 33.05 33.40 33.70 34.26 34.79 35.16
 1.22  2.07  3.91  4.17  5.60  7.35  7.79  9.64 11.02 12.90 13.18 14.09 14.97 15.12 15.84 16.54 15.12 13.59 11.66  9.98  8.55  7.37  6.62
traj-117:
22.25 22.71 23.29 21.81 21.02 19.65 18.47 16.71 15.54 13.76 13.17 11.57  9.78  9.52
 0.73  2.05  3.33  4.61  4.59  4.58  4.55  4.54  4.56  4.58  4.58  5.33  6.19  6.33
traj-118:
21.42 22.78 23.74 23.69 23.42 23.14 22.94 22.77 22.71 22.97 23.70 23.82 22.70 22.30 20.73 19.27 18.10 16.93 15.34 14.96 14.05
 0.54  1.38  2.79  4.55  6.53  7.85  8.90 10.39 10.94 12.82 14.08 15.05 16.48 17.39 18.42 18.56 18.43 18.32 19.23 19.70 21.40
traj-119:
22.70 22.80 22.89 22.97 23.09 23.15 23.16 23.25 23.29 23.25 23.45 24.84 26.75 28.56 30.46 30.88 32.53 33.30 34.89 35.75
 0.92  2.21  3.01  4.78  6.33  8.23  8.39  9.77 11.19 12.97 14.88 15.91 15.36 15.08 15.54 15.59 15.89 16.10 16.38 16.57
traj-120:
22.60 22.74 22.76 22.66 21.63 20.25 18.77 17.29 15.85 14.12 13.30 12.21 11.64 10.41  8.43  7.17  6.33  5.81  5.04
 0.46  0.72  2.52  3.04  4.66  4.88  4.88  4.90  4.89  4.84  4.83  6.31  7.67  7.50  7.70  6.96  5.87  5.21  4.04
traj-121:
21.96 22.08 22.28 22.51 22.65 22.83 23.07 22.61 22.14 22.04 22.06 21.46 20.55 18.82 17.69 16.26 14.54 13.99 12.09 10.13  9.30  7.93  6.10  5.54
 1.12  2.29  4.04  5.69  7.58  8.32  9.68 11.40 12.93 14.87 16.30 17.40 18.28 18.32 18.28 18.19 18.12 18.10 18.45 18.75 18.85 19.07 19.30 19.45
traj-122:
23.12 23.27 23.42 23.13 23.09 23.10 23.10 23.15 23.09 23.13 24.47 24.99 24.61 25.74 27.21 29.03 29.76 31.13 31.57 33.01 33.73 35.39
 1.04  2.36  3.21  5.15  5.98  7.89  9.18 11.07 11.58 13.45 14.68 14.95 15.83 15.91 15.85 16.36 17.25 18.46 18.70 19.61 20.13 21.22
traj-123:
22.72 23.23 22.68 21.57 19.79 18.08 16.59 15.11 14.25 13.08 11.78 11.00
 1.72  3.37  5.01  5.23  4.43  4.52  4.61  4.71  4.76  4.82  5.41  5.80
traj-124:
22.14 22.42 22.84 22.93 22.91 22.95 23.04 23.08 23.70 23.99 22.60 21.04 20.45 18.72 17.85 16.67 14.94 14.80 14.46
 1.02  2.83  4.71  6.32  7.62  9.49 10.78 12.29 14.05 15.70 17.09 18.21 18.28 18.50 18.48 18.50 18.70 20.37 22.04
traj-125:
22.26 22.85 23.25 23.08 22.99 22.79 22.89 22.94 22.75 22.68 22.79 24.14 25.55 27.53 29.01 29.52 29.93 30.08 30.43 30.80 31.03 31.57 31.71
 1.11  2.77  4.02  5.42  6.23  8.13 10.03 11.61 13.55 14.27 16.25 15.88 15.77 15.95 16.46 17.45 19.10 19.78 21.06 22.85 23.65 25.38 25.60
traj-126:
23.26 22.69 22.30 20.77 19.57 18.12 16.40 15.81 13.96 12.52 11.87
 1.34  3.18  3.82  4.95  4.97  4.94  4.93  4.94  4.88  5.78  6.70
traj-127:
22.10 22.24 22.37 22.89 22.74 22.68 22.33 21.90 21.62 21.59 21.59 21.42 22.21 22.91 21.54 19.62 17.63 16.14 15.88 14.08 12.49 11.56 10.00  8.81
 0.46  1.95  2.72  4.12  5.62  6.29  8.17  8.68 10.43 11.64 12.53 13.94 15.23 17.10 18.17 18.47 18.63 18.92 19.07 19.74 20.20 20.47 21.20 22.76
traj-128:
22.41 22.62 22.86 23.08 23.09 23.04 23.17 23.42 23.52 22.90 22.63 22.46 23.04 24.73 26.31 27.34 29.08 30.41 32.13 33.61 35.18 35.82
 1.23  3.19  4.50  5.62  7.04  8.32 10.14 11.57 12.14 14.04 14.16 16.03 16.85 15.89 15.75 15.68 16.46 17.85 18.28 18.70 19.66 20.19
traj-129:
22.22 22.48 22.99 22.06 20.94 19.47 18.60 17.17 15.70 14.23 13.34 11.85
 1.20  1.34  3.16  4.09  4.44  4.48  4.45  4.39  4.35  4.32  4.34  4.18
traj-130:
22.66 22.31 22.17 21.93 21.88 22.07 22.17 22.54 22.62 22.35 22.93 23.55 23.01 21.86 20.75 19.92 18.17 16.40 14.82 14.55 12.93 11.55
 0.77  1.06  1.32  3.08  3.97  5.61  7.17  9.03 10.57 11.68 13.49 14.50 16.38 17.17 18.03 18.30 18.39 18.42 19.08 19.22 20.24 21.62
traj-131:
21.10 22.49 22.77 23.18 22.61 22.43 22.35 22.72 23.23 23.29 23.69 25.26 26.60 27.46 29.30 30.40 30.68 30.82 31.04 31.56 32.11 32.61 33.17
 0.93  2.27  2.53  4.33  6.10  6.34  8.15  9.99 11.90 12.19 13.22 14.18 14.17 14.13 14.76 15.68 16.83 18.58 19.92 21.54 22.87 24.46 25.80
traj-132:
22.10 22.05 22.01 21.26 19.46 18.26 16.82 15.37 13.65 12.58 12.52
 0.92  2.06  3.51  5.07  4.88  4.81  4.71  4.59  4.79  6.22  6.51
traj-133:
22.36 22.26 22.19 22.14 22.10 22.12 22.12 22.14 22.15 22.22 22.25 22.12 22.21 21.97 20.23 18.53 17.06 16.17 15.88 14.55 13.03 11.29 10.19  8.44  6.83  5.60
 0.43  1.61  3.42  5.06  6.40  7.55  9.02 10.74 11.93 13.27 14.52 16.12 17.99 18.18 18.61 18.52 18.46 18.61 18.68 19.46 20.10 20.72 21.13 21.79 22.41 22.92
traj-134:
21.97 22.52 23.14 23.05 23.21 23.30 23.44 23.56 23.55 23.74 25.08 26.94 27.53 29.35 30.69 30.36 30.04 29.55 29.46 29.67
 1.44  2.57  4.11  5.96  7.67  8.26  8.53 10.43 11.52 13.50 14.37 15.07 15.14 15.27 13.97 12.66 11.87 10.32  8.38  6.39
traj-135:
22.81 22.52 22.42 20.83 19.98 18.50 17.91 16.43 14.94 13.79 12.70 11.63 10.24  8.61  7.36  5.48  4.08
 1.62  3.49  3.77  4.74  4.84  4.95  4.93  4.93  4.88  4.78  5.39  6.87  8.14  8.40  8.24  8.05  7.91
traj-136:
21.97 22.22 22.55 22.58 22.75 22.97 23.26 23.53 23.71 23.60 23.35 22.13 20.66 19.52 18.36 16.62 15.71 15.08 14.46
 0.46  1.98  3.33  4.69  6.47  8.21  9.55 10.68 12.64 14.48 16.28 17.73 18.47 18.66 18.74 18.89 20.66 22.44 23.68
traj-137:
22.91 22.88 22.47 21.99 22.28 22.85 22.64 22.30 22.74 24.21 25.83 27.29 29.23 30.64 31.05 30.93 30.85 31.48 32.71 34.33 35.74
 0.93  1.78  2.90  4.69  6.01  7.69  9.25 10.88 12.76 14.03 14.13 14.35 13.90 12.96 11.18  9.77  9.19  7.35  6.39  5.98  5.59
traj-138:
21.79 21.86 21.68 21.62 20.45 18.84 17.11 15.63 13.87 12.17 11.99 11.47 11.68 10.02  8.25  7.95
 0.63  1.96  3.47  3.93  4.72  4.80  4.77  4.83  4.87  5.75  6.88  8.51  9.30 10.24 10.27 10.31
traj-139:
23.03 23.13 23.14 23.15 23.12 22.62 22.48 22.96 23.17 23.65 23.15 21.90 20.48 18.74 16.96 15.47 14.11 12.25 10.88  9.50  7.98
 1.67  3.50  4.36  5.76  7.10  8.84 10.78 12.30 12.99 14.28 16.15 17.69 18.35 18.26 18.18 18.47 18.63 18.83 19.16 19.99 21.28
traj-140:
21.53 22.13 22.55 22.83 22.92 23.18 23.26 23.51 23.80 23.94 25.64 27.63 28.57 29.39 30.55 30.54 30.24 30.37 30.34 30.36
 1.24  2.57  4.09  5.98  7.67  9.14 10.82 11.97 13.59 15.53 15.28 15.21 15.45 16.39 17.73 19.46 20.54 21.68 23.54 25.40
traj-141:
22.50 21.60 21.35 21.12 21.36 19.54 18.65 17.46 15.71 14.52 13.05 11.41 10.42  9.12  7.72
 1.12  2.76  2.92  3.46  5.38  4.70  4.71  4.67  4.78  4.82  4.74  5.40  6.12  6.79  7.70
traj-142:
22.14 22.53 23.18 23.04 22.81 22.77 22.88 22.98 23.09 23.81 24.31 23.80 22.87 22.04 20.44 18.78 17.62 16.13 14.99
 1.00  2.15  3.85  4.96  6.84  7.93  9.64 10.94 12.10 13.89 14.58 16.37 17.79 18.07 18.52 18.72 18.86 18.97 20.27
traj-143:
23.04 23.01 22.84 22.86 22.64 22.06 21.64 21.32 21.50 21.98 23.22 23.48 25.21 26.67 27.25 29.03 30.69 32.05 33.85 35.36
 0.76  2.68  4.62  6.57  7.49  9.32 10.17 11.92 13.37 14.60 16.14 15.98 15.95 15.92 15.90 16.00 16.13 16.25 16.44 16.69
traj-144:
22.63 22.24 21.35 21.37 20.28 18.61 18.04 16.19 15.10 13.91 12.84 12.39 11.54 10.12  8.44  8.14
 0.47  1.73  3.49  3.79  4.20  4.55  4.69  4.85  4.93  4.92  6.56  8.49  9.55  9.81 10.11 10.14
traj-145:
21.38 21.72 22.38 22.64 23.03 22.88 23.28 23.46 23.65 23.31 22.96 22.76 21.33 19.66 17.89 16.31 15.17 14.05 12.55 11.98
 0.88  1.59  2.88  4.82  6.69  8.35 10.20 11.38 13.29 14.82 16.32 17.01 18.19 18.32 18.45 18.77 19.40 19.69 20.24 20.44
traj-146:
21.44 21.79 21.99 22.09 22.29 22.51 22.73 23.13 23.16 23.42 23.83 25.31 26.26 27.38 29.28 30.79 32.49 33.27 34.67 35.37
 0.70  1.77  2.97  3.96  5.76  7.51  8.97 10.90 11.20 13.14 14.07 14.03 14.04 14.05 13.54 13.04 13.50 13.74 14.54 15.64
traj-147:
22.79 22.96 23.58 23.16 22.77 21.26 20.41 18.73 17.84 16.10 14.64 12.89 11.25 10.49 10.56 10.51
 1.22  1.46  3.19  5.00  5.50  4.90  4.47  4.53  4.48  4.33  4.21  4.44  5.03  6.82  8.81  9.61
traj-148:
22.75 23.10 23.15 23.14 23.08 23.00 23.13 23.19 23.93 24.06 23.56 21.93 20.31 19.42 17.66 16.20 15.19 13.58 11.99 10.56  8.74  8.25
 1.69  3.06  5.04  6.91  8.10  9.11 10.95 12.50 14.09 15.94 16.42 17.55 18.34 18.43 18.46 18.48 18.50 18.54 18.61 18.59 18.56 18.58
traj-149:
22.68 22.76 22.73 22.71 22.71 22.58 22.00 22.18 23.12 24.57 25.61 27.26 28.94 29.40 29.80 31.04 31.79 33.23 34.52 35.61
 0.94  2.83  4.68  6.11  7.31  8.34 10.16 12.03 13.11 14.22 14.21 14.44 14.85 16.34 16.77 18.06 18.45 19.64 20.83 21.92
traj-150:
22.81 22.39 21.50 20.06 18.60 16.81 15.33 13.57 11.87 10.99  9.27  7.89  6.58
 1.34  1.96  3.32  4.39  4.58  4.73  4.64  4.42  5.19  6.03  6.10  6.24  5.87
traj-151:
21.50 22.67 22.30 22.04 21.82 22.06 21.77 21.67 21.44 21.55 21.51 21.74 20.28 18.51 17.61 15.68 14.65
 1.51  2.86  4.80  6.32  8.12  8.72 10.36 11.04 12.76 14.39 15.95 17.22 18.50 18.55 18.58 18.68 17.03
traj-152:
21.61 22.31 22.91 22.82 22.69 22.33 22.11 22.43 23.17 23.59 25.29 27.11 29.00 29.09 29.61 30.37
 0.79  2.04  3.92  5.73  7.71  9.33 10.38 12.06 13.41 14.14 14.94 15.74 16.15 17.03 18.69 19.64
traj-153:
23.52 22.38 22.03 20.59 19.15 17.97 16.52 15.06 13.57 12.32 10.91 10.55  8.66  7.69
 1.36  2.72  3.19  4.55  4.63  4.76  4.85  4.76  4.81  6.22  7.61  7.03  6.37  5.31
traj-154:
21.97 22.11 22.53 23.01 23.09 22.93 22.91 22.92 23.19 22.72 22.20 21.31 20.28 18.55 17.96 16.49 15.19 14.71 13.65 14.92 15.21
 1.22  1.48  3.42  5.06  6.93  8.83  9.33 11.26 12.39 14.22 15.92 17.59 18.03 18.39 18.46 18.59 19.38 19.72 21.23 22.28 21.83
traj-155:
21.06 21.10 21.61 22.38 22.66 22.33 21.99 22.01 21.80 22.04 22.82 24.23 25.36 26.76 28.13 29.13 29.94 30.88 31.81 33.68 35.39 36.52
 1.01  1.29  3.07  4.86  5.98  7.24  8.51  9.54 11.22 12.45 13.48 14.64 14.79 14.97 15.25 16.41 17.49 18.37 19.68 19.87 20.11 18.74
traj-156:
22.20 21.92 21.72 20.08 19.49 18.01 16.08 15.78 14.00 13.42 11.85 10.20  9.42  7.82  7.13  5.84  4.57
 0.52  2.42  3.73  4.51  4.47  4.43  4.39  4.39  4.46  4.59  5.17  6.01  6.32  7.20  7.66  8.41  9.13
traj-157:
22.16 22.49 23.14 23.05 23.06 23.02 23.00 23.24 23.40 23.80 23.64 22.33 21.02 19.60 18.42 17.57 15.78 13.92 13.63 11.94 10.51  8.97  7.06
 0.56  1.38  3.12  5.11  6.79  8.33 10.13 11.92 12.77 13.81 15.71 17.11 18.21 18.26 18.28 18.27 18.46 18.63 18.72 19.04 19.32 19.73 19.97
traj-158:
21.08 21.77 22.59 22.75 22.82 22.89 22.92 23.02 22.90 22.64 24.51 24.81 26.60 28.48 29.03 30.55 32.54 34.48 34.77
 1.01  2.49  4.19  5.96  6.76  8.03  9.60 10.38 12.08 13.60 14.08 14.11 14.26 14.34 14.35 14.40 14.51 14.75 14.82
traj-159:
21.19 21.31 21.59 21.71 20.27 18.84 17.69 16.23 15.36 14.77 13.89 12.81 11.62 10.70  9.01  8.73  6.92  6.65  5.08
 0.75  1.02  2.86  3.22  4.57  4.46  4.41  4.54  4.68  4.78  4.93  5.53  6.47  6.77  7.12  7.21  8.05  8.18  8.88
traj-160:
22.95 22.90 22.52 22.73 22.77 22.98 22.99 23.29 22.59 23.21 24.50 25.17 25.79 25.24 23.76 22.46 20.56 18.59 17.15 15.97 14.37 13.03 11.43  9.76  8.85  7.34  6.52
 0.77  1.80  3.43  5.33  6.53  8.07  9.05 10.83 12.62 13.26 14.17 14.64 15.24 15.71 16.66 17.92 18.46 18.62 18.65 18.64 18.54 19.38 20.40 20.91 21.05 21.87 22.23
traj-161:
22.21 22.24 22.48 22.89 23.12 23.09 23.00 22.91 22.96 24.16 25.19 26.95 27.24 29.08 30.97 32.37 32.08
 1.13  1.92  3.19  4.72  6.38  8.26  9.24 11.18 13.09 14.02 14.35 15.13 15.10 14.63 14.16 12.89 11.14
traj-162:
21.24 21.51 21.64 20.96 19.10 17.34 16.46 14.70 13.81 12.95 12.63
 1.69  2.76  3.67  4.26  4.56  4.45  4.42  4.33  4.34  6.02  7.67
traj-163:
23.15 22.50 22.35 22.52 22.87 23.14 22.66 22.62 23.44 23.79 23.95 22.88 21.25 20.97 19.11 17.35 17.05 15.29 14.19 12.23 11.13
 1.45  1.91  3.78  4.83  6.70  8.68 10.48 12.42 13.73 14.22 15.84 17.18 18.10 18.20 18.60 18.63 18.62 18.58 18.51 18.39 18.32
traj-164:
21.78 22.51 23.08 23.06 22.92 22.83 22.66 22.41 21.97 22.66 23.01 24.74 25.60 27.27 29.09 30.44 30.10 29.56 29.29 29.21
 1.23  2.01  3.91  5.31  7.03  7.59  9.57 10.80 12.08 13.65 14.13 14.90 14.98 15.10 15.45 14.17 13.34 11.99 10.13  8.80
traj-165:
23.01 22.32 21.52 20.18 19.89 18.17 17.87 16.16 15.86 14.14 13.42 11.86 10.49
 0.47  2.10  3.44  4.64  4.57  4.51  4.50  4.45  4.42  4.75  4.93  5.39  5.66
traj-166:
22.36 22.16 21.94 22.05 22.25 22.51 22.73 23.05 22.57 22.50 22.78 22.41 20.72 19.87 18.16 16.65 16.11 14.26 12.65 10.84  9.58  7.91  6.66  5.15
 1.54  3.37  4.74  6.16  7.67  9.22 10.47 12.45 13.16 14.97 15.74 17.37 18.29 18.48 18.63 18.65 18.61 18.84 18.93 19.11 19.50 20.02 20.89 21.92
traj-167:
21.26 22.10 22.54 22.95 23.11 23.16 23.21 22.39 22.16 21.20 21.49 23.32 25.27 27.24 28.38
 1.19  2.77  3.53  5.40  7.15  8.23  9.29 10.95 11.15 12.55 14.15 14.83 14.75 14.58 14.49
traj-168:
22.20 22.11 21.53 19.55 17.79 16.05 14.58 13.99 12.23 11.35 10.19  9.82  8.03  6.08  4.33
 1.92  3.89  4.02  4.28  4.47  4.76  4.79  4.81  5.73  6.63  8.08  9.09  9.77  9.65  9.30
traj-169:
21.53 21.79 21.98 21.88 22.04 21.29 21.89 21.89 22.44 23.00 23.91 25.42 24.93 23.36 22.60 21.01 19.38 17.90 16.28 15.03 14.21 12.65 11.57 10.43  9.69  8.93  8.50
 0.83  2.56  3.80  5.11  6.69  8.50  9.52  9.57 10.42 12.17 13.89 14.67 15.21 16.17 16.64 17.59 18.34 18.52 18.90 19.56 19.90 20.41 20.81 22.20 22.93 23.73 24.15
traj-170:
21.80 22.11 22.69 23.19 23.04 23.10 23.09 23.10 23.16 23.34 23.45 24.65 26.35 27.21 28.60 30.50 32.22 33.83 35.41 36.24 36.33 36.55
 0.79  1.30  3.05  4.18  5.86  7.64  9.61 10.37 11.98 12.84 13.12 14.07 14.12 14.14 14.14 14.42 15.24 16.23 17.33 18.93 19.81 21.59
traj-171:
22.10 22.40 23.31 22.94 21.29 20.35 19.01 17.53 15.55 13.78 12.52 12.26 11.21 10.12
 1.65  1.61  2.94  4.32  5.16  4.69  4.44  4.32  4.27  4.13  5.03  5.47  6.91  6.65
traj-172:
23.55 23.12 22.91 22.69 22.89 23.13 23.29 23.46 23.27 22.51 21.67 20.38 18.93 18.36 16.71 15.46 14.31 13.46 11.95 11.71
 1.32  2.97  4.54  6.17  7.50  9.25 10.11 12.06 14.01 15.46 16.91 18.10 18.39 18.40 18.51 19.82 21.21 21.81 22.93 23.11
traj-173:
23.31 23.15 23.15 23.09 23.01 22.84 22.82 23.00 23.05 23.75 24.54 26.49 27.93 29.16 29.20 29.77 30.15 30.43 30.69 30.42
 1.51  2.90  3.75  5.69  7.20  9.13  9.43 11.35 12.15 13.71 14.91 15.07 14.77 16.29 17.65 19.42 21.29 21.98 23.33 24.97
traj-174:
21.48 21.46 20.19 19.50 17.75 16.57 15.60 13.97 13.17 12.56 11.90
 1.78  3.33  4.57  4.65  4.90  4.88  4.88  4.87  4.85  5.29  4.21
traj-175:
23.75 23.17 22.88 23.01 23.25 23.23 23.09 23.10 22.80 22.71 22.56 22.57 21.10 19.29 18.40 16.96 15.71 14.86 13.88 12.25 11.58  9.85  8.18  6.92
 1.01  2.41  3.33  4.72  6.47  7.87  9.64 11.13 13.03 14.27 16.10 16.98 18.25 18.78 18.79 18.75 19.62 20.78 21.16 22.13 22.39 22.87 23.71 24.42
traj-176:
21.05 21.31 22.09 22.29 22.91 22.85 22.85 22.27 21.47 22.97 24.59 26.59 28.31 29.97 30.60 30.70 30.45 29.83
 1.63  2.17  3.89  5.78  7.06  7.99  9.45 11.31 12.98 13.65 14.16 14.15 14.85 15.77 17.51 18.79 19.62 20.13
traj-177:
23.09 22.03 21.37 19.67 17.94 16.48 15.63 13.86 13.00 11.57 10.03  8.83  7.39  5.64
 1.18  2.30  3.34  4.07  4.19  4.19  4.15  4.08  5.10  6.35  6.54  6.56  6.49  6.13
traj-178:
21.36 21.36 21.33 21.34 21.46 21.40 21.44 21.36 21.38 21.47 21.54 21.60 21.72 20.28 18.83 17.95 16.46 15.36 14.83 12.99 11.74 10.11
 0.45  1.81  3.74  5.06  6.07  7.82  8.96 10.84 12.52 14.34 15.08 16.18 17.59 18.79 18.85 18.88 18.93 19.67 19.10 18.57 18.29 17.89
traj-179:
23.10 22.85 22.95 23.09 23.12 23.11 23.01 23.14 23.15 23.20 23.47 23.64 25.14 26.02 27.97 28.82 29.95 31.09 31.82 32.56 32.53 32.50
 0.42  1.26  2.91  4.64  5.95  7.16  8.41  9.95 11.33 12.91 14.74 15.62 15.85 15.76 15.47 15.27 14.92 14.56 12.75 11.15  9.44  9.15
traj-180:
22.36 21.91 21.51 21.32 19.56 18.12 17.54 15.78 14.02 13.44 11.67 10.95  9.64  8.76
 0.98  2.45  3.58  5.37  4.94  4.92  4.86  4.70  4.59  4.56  5.32  5.40  5.84  4.99
traj-181:
23.58 23.42 23.32 23.27 23.14 23.04 23.06 23.21 23.28 23.27 23.03 22.13 20.69 18.99 18.39 16.67 14.90 14.05
 0.54  1.01  2.91  4.08  5.97  7.93  9.91 11.59 13.28 14.47 16.09 17.52 18.81 18.81 18.82 18.81 19.39 20.95
traj-182:
22.53 21.44 22.13 22.27 22.34 22.53 22.66 22.85 23.19 22.51 22.26 21.61 23.56 24.95 26.12 27.94 28.30 29.59 31.15 32.74 34.08 35.22
 1.64  3.18  4.86  5.23  6.96  7.86  9.40 11.12 12.25 13.97 14.14 15.90 15.83 15.67 15.60 15.80 15.88 16.69 17.58 18.22 18.94 19.62
traj-183:
23.48 22.30 21.01 20.16 19.87 18.13 16.40 14.63 12.66 11.48  9.53  8.31
 1.23  2.69  3.61  4.11  4.18  4.25  4.30  4.54  4.81  4.95  5.16  4.35
traj-184:
22.14 22.30 22.98 23.01 22.65 22.11 21.59 21.55 21.93 22.98 22.73 21.55 21.19 20.09 18.92 17.22 16.92 16.64 15.35 14.82 13.66 12.22 11.67 10.33
 1.35  1.61  3.31  5.27  6.78  8.01  8.78 10.67 11.13 12.52 14.27 15.16 17.06 18.04 18.13 18.49 18.54 18.65 19.99 21.86 22.69 24.05 24.28 24.84
traj-185:
22.75 22.91 23.15 23.10 23.00 22.74 22.65 23.46 23.53 23.99 25.11 25.40 27.13 28.84 30.03 31.04 32.32 32.30 32.25 32.27 32.36
 1.29  2.53  4.51  6.44  7.24  8.78 10.69 11.85 12.14 13.25 14.80 14.87 15.12 15.35 16.72 18.13 19.57 21.05 23.00 24.76 26.30
traj-186:
23.28 22.87 22.20 20.57 18.80 17.07 15.93 14.47 13.33 12.28 11.46 10.17  8.56  6.83  6.43
 1.75  3.32  4.48  4.66  4.81  4.85  4.89  4.94  4.99  5.52  6.43  7.47  8.54  9.44  9.81
traj-187:
22.93 22.89 22.99 22.96 23.00 22.75 22.98 23.41 22.39 22.18 21.58 21.80 21.60 20.29 19.70 18.27 16.81 15.97 15.62 14.67 12.87 11.31  9.97  8.15  6.49  6.19
 1.24  3.21  4.58  5.91  6.75  8.11  9.22 11.16 12.59 12.81 14.04 15.96 17.78 18.37 18.45 18.65 18.82 19.37 19.75 18.43 18.03 18.07 18.15 18.41 18.81 18.81
traj-188:
23.25 23.01 22.18 22.25 22.32 22.44 22.68 22.93 23.02 23.41 23.50 24.15 25.56 27.40 29.21 30.30 32.21 32.68 32.50 32.40 32.28 31.82 31.50 31.38 31.77 31.96
 1.78  2.47  4.05  5.11  5.89  7.07  9.00 10.16 11.49 13.13 13.58 14.18 14.71 15.09 15.64 17.14 17.71 15.77 15.07 13.09 12.55 10.80  9.28  8.69  7.02  5.96
traj-189:
23.34 21.88 21.63 20.28 19.41 17.68 16.49 15.62 13.69 12.17 11.49 10.07
 1.32  2.67  2.85  4.09  4.18  4.36  4.52  4.65  4.94  5.99  6.69  7.77
traj-190:
22.99 22.69 22.06 22.35 22.73 23.06 23.12 23.05 22.91 22.87 23.09 23.08 22.92 22.03 21.55 20.80 18.86 17.42 16.83 16.69 15.96 14.98 14.59 13.08
 0.67  1.32  3.11  4.09  5.14  6.34  8.26  8.77 10.52 11.07 12.81 13.41 15.25 16.70 17.39 18.01 18.30 18.46 18.49 18.75 19.24 19.92 20.08 20.76
traj-191:
21.86 21.87 21.86 21.87 22.19 22.42 22.93 22.58 22.59 22.93 24.05 25.41 27.12 28.15 29.42 30.22 30.28 30.55 30.56 30.51 30.46 30.50 30.51 29.41
 0.72  1.25  3.06  4.71  6.38  7.11  8.70 10.38 12.25 12.74 14.15 14.26 14.41 14.81 15.38 17.01 18.76 20.52 21.79 23.61 24.96 26.87 27.17 28.17
traj-192:
23.53 23.24 22.45 21.43 19.59 18.12 16.95 15.47 13.49 11.83 10.46 10.00  9.78  8.29  7.73  5.98
 1.93  2.77  4.11  4.57  4.85  4.88  4.89  4.88  4.75  5.20  5.96  7.47  8.52  9.63  9.69  9.70
traj-193:
21.93 21.91 21.78 21.77 21.81 22.04 22.42 22.33 22.34 22.31 22.43 21.63 21.11 20.17 19.58 18.12 16.93 15.28 14.24 13.47 12.52
 0.40  1.50  2.65  4.41  4.95  6.93  8.85  9.75 11.40 13.10 14.63 16.24 17.30 18.23 18.31 18.42 18.53 19.52 21.14 22.25 23.50
traj-194:
21.51 22.07 22.57 22.98 22.91 22.59 22.62 22.79 22.77 23.06 24.71 26.70 28.41 29.78 31.66 33.19 34.06
 1.18  2.50  3.91  4.94  6.35  8.14 10.09 11.14 12.45 14.23 14.21 14.15 14.17 14.10 13.94 14.07 14.16
traj-195:
23.63 23.55 22.73 21.87 20.22 18.27 16.80 15.93 14.17 12.73 10.89  9.73
 1.50  2.34  4.03  5.79  4.93  4.82  4.77  4.73  4.83  4.96  4.66  4.32
traj-196:
22.56 22.66 22.69 22.74 22.75 22.74 22.75 22.86 22.91 22.75 23.86 23.90 22.84 21.63 20.22 18.49 17.61 15.82 14.09 12.29 11.42
 1.17  2.96  3.80  5.63  6.62  8.04  9.62 11.16 11.71 13.27 14.33 15.20 16.48 17.86 18.07 18.25 18.28 18.32 18.39 19.10 19.68
traj-197:
22.82 22.63 22.52 22.40 22.24 22.06 22.20 22.47 23.25 24.71 26.59 28.49 29.03 30.38 31.07 32.26 32.94 34.25 35.37 36.28 36.52 36.73 36.88
 1.70  3.46  4.60  5.62  7.52  9.18 11.09 11.62 13.13 14.22 14.38 14.87 15.13 15.94 17.62 19.13 20.00 21.43 22.47 23.75 25.51 26.98 28.17
traj-198:
23.59 23.10 23.01 21.83 20.17 18.43 16.95 15.15 13.99 12.20 12.00 11.40  9.83  9.48  9.11 10.53 11.99
 1.95  3.60  4.11  5.28  4.94  4.93  4.95  4.95  4.92  5.82  6.03  6.09  7.24  8.18  9.91 10.29 10.53
traj-199:
22.12 22.50 22.96 22.94 22.93 22.89 22.89 23.24 23.20 22.86 21.84 20.34 18.38 16.63 14.94 14.09 12.56 11.15  9.37  8.51
 0.71  1.97  3.15  4.77  6.51  8.10  9.78 11.75 13.73 15.40 17.05 18.08 18.29 18.47 17.78 17.53 17.48 17.50 17.79 17.99
traj-200:
22.15 21.98 21.69 21.92 22.11 21.91 21.83 22.11 22.82 23.42 25.02 25.61 27.56 27.85 29.56 29.91 30.65 31.16 31.62 33.32 33.94 35.88
 1.00  1.54  3.25  4.71  6.63  7.88  9.33 11.00 12.75 13.84 14.93 15.00 15.26 15.31 16.13 16.61 18.17 19.81 21.34 22.34 22.36 22.40
traj-201:
21.93 22.14 21.51 19.68 18.52 17.07 15.91 14.77 13.01 12.10 11.46 11.61 11.23  9.50  8.34  6.59  6.00
 0.77  2.31  4.13  4.68  4.88  4.76  4.74  4.70  4.61  5.12  6.46  8.30  9.89 10.14 10.17 10.15 10.09
traj-202:
21.13 22.54 22.83 23.07 23.23 23.22 22.98 22.85 22.84 23.51 23.35 22.32 21.27 20.18 18.71 18.13 16.68 15.07 13.96 12.41 10.51  9.94
 0.41  1.58  3.11  4.95  6.08  7.96  9.61 11.49 13.33 15.09 16.66 17.73 18.00 18.36 18.40 18.43 18.63 19.56 19.82 19.83 19.74 19.72
traj-203:
21.61 21.99 22.66 23.13 22.99 22.91 22.84 22.19 22.11 21.30 22.37 23.13 24.85 26.80 27.10 28.90 30.13
 1.26  2.49  4.26  6.14  7.60  8.20  9.18 10.78 11.06 12.58 13.88 14.69 14.82 14.91 14.93 14.14 12.74
traj-204:
21.59 21.86 22.13 20.27 18.51 17.35 15.88 15.30 13.54 11.79 10.88 10.45  8.70  7.64  6.49  5.13  4.20
 1.52  2.88  4.64  4.64  4.65  4.56  4.50  4.47  4.40  5.08  6.82  7.77  7.54  7.30  6.92  6.44  6.18
traj-205:
23.74 22.96 22.18 22.21 22.25 22.23 22.33 22.77 23.34 22.40 22.34 21.36 20.26 19.09 17.90 16.16 15.86 14.05 12.27 10.45  9.89
 0.99  1.90  3.70  5.66  7.37  9.16 10.36 12.31 13.85 15.57 15.99 17.32 18.06 18.22 18.29 18.44 18.46 18.33 19.07 19.48 19.48
traj-206:
21.73 22.27 23.23 23.30 22.57 22.38 21.81 21.63 21.98 22.66 23.37 24.60 25.27 27.07 27.91 29.61 30.95 31.42 33.11 33.44 33.60 33.93 33.91 33.72 33.78 33.63
 1.80  2.17  3.73  4.61  6.39  6.62  8.41  8.91  9.82 11.57 13.10 14.17 14.42 15.07 15.37 16.12 17.59 18.03 17.44 15.55 13.93 12.39 11.50  9.67  8.78  7.65
traj-207:
22.28 22.14 21.99 20.58 18.63 17.75 16.27 15.10 13.16 11.99 10.58  9.91  9.77
 1.97  3.00  4.94  4.72  4.31  4.27  4.21  4.17  4.41  4.55  5.53  7.21  7.48
traj-208:
22.78 23.00 23.05 22.86 22.76 22.63 22.46 22.12 22.06 21.11 21.03 20.02 18.04 16.69 15.10 14.85 14.01 12.89 11.78 10.12  8.90  7.62  6.02
 0.67  2.46  3.65  5.26  6.82  8.61 10.57 12.48 14.35 15.64 17.48 18.31 18.32 18.53 19.57 19.72 20.28 21.15 21.49 22.04 22.64 23.14 23.75
traj-209:
22.16 22.49 22.19 21.60 22.44 23.16 23.02 23.00 22.81 23.95 24.22 25.38 27.03 28.68 29.78 30.57 31.47
 1.87  2.71  4.51  6.36  8.12  9.28 11.16 11.98 13.60 14.85 14.99 15.74 15.57 14.96 13.39 12.06 10.51
traj-210:
21.56 22.64 23.15 22.96 21.76 20.27 19.15 17.36 17.07 15.32 14.15 12.47 10.67  9.25
 1.05  2.20  3.50  5.46  5.09  4.44  4.27  4.20  4.25  4.52  4.71  4.99  5.64  5.49
traj-211:
22.34 22.85 23.13 22.99 22.98 23.04 23.05 23.16 23.36 23.43 23.48 22.95 21.38 20.60 18.91 17.44 16.29 15.04 14.84 13.36 11.88 10.78
 1.30  2.96  4.70  5.76  7.35  8.12  9.91 11.84 13.40 14.64 15.78 17.27 18.37 18.55 18.73 18.82 18.88 19.62 19.84 20.06 20.56 21.20
traj-212:
23.31 22.89 22.88 22.80 22.86 22.89 22.85 22.86 23.11 24.84 26.19 27.26 28.39 28.60 29.04
 1.78  3.39  4.75  6.42  8.27  9.84 10.30 12.24 13.52 14.48 14.76 14.89 14.33 14.12 12.38
traj-213:
23.62 22.47 21.69 20.75 18.97 17.49 15.76 14.62 13.00 11.93 10.62  9.11  7.43  6.93  5.78  5.15
 1.32  2.90  3.91  4.63  4.81  4.80  4.81  4.81  4.89  5.68  6.17  6.63  6.00  5.74  4.74  4.20
traj-214:
21.18 21.55 22.07 22.24 22.48 22.70 22.92 23.07 22.89 22.42 22.22 21.37 20.06 19.22 17.76 16.67 15.79 14.93 13.48 12.05 10.88  9.67
 0.91  2.01  3.30  5.19  6.87  8.64  9.63 11.29 13.26 15.14 15.92 17.14 18.23 18.32 18.48 18.73 19.86 21.06 21.85 22.67 23.31 23.93
traj-215:
23.79 23.14 22.89 22.98 22.88 22.74 22.04 21.82 21.74 23.67 24.77 26.70 27.28 29.06 29.24 29.40 29.52 29.73 29.78 30.02 30.19
 0.72  2.17  4.04  5.64  7.24  8.82 10.46 11.82 13.17 13.51 14.22 14.41 14.44 13.57 13.18 11.43 10.88  9.28  8.56  6.84  6.38
traj-216:
21.74 21.84 21.41 19.76 18.33 17.45 15.99 15.15 13.40 12.80 12.31 11.49 10.23  8.73  7.86  6.16  4.47
 0.52  1.92  3.68  4.49  4.59  4.59  4.60  4.66  4.94  5.37  5.86  6.93  7.87  7.48  7.28  6.74  6.02
traj-217:
21.06 21.90 22.61 22.67 22.87 22.81 22.84 22.94 23.03 23.46 23.66 23.34 21.93 20.30 19.43 18.27 16.54 15.13 13.77
 0.53  1.63  3.01  4.95  6.00  7.81  8.92 10.24 11.55 13.43 15.14 16.24 17.33 18.48 18.43 18.41 18.41 18.34 17.96
traj-218:
21.81 21.91 21.94 22.10 22.10 22.52 22.14 22.08 22.42 23.16 24.00 25.07 27.01 28.33 30.24 31.61 31.49 31.14 30.93 30.75 31.75 32.49 34.05
 1.43  2.30  3.66  5.62  5.92  7.61  8.89 10.83 11.46 13.11 14.22 14.97 15.01 14.99 15.05 14.19 12.45 11.67 10.47  8.51  7.27  6.96  6.36
traj-219:
23.24 22.61 21.15 21.04 20.74 18.97 17.55 15.77 13.99 13.69 11.91 10.31  9.50  8.38  6.98  5.46
 1.20  1.70  2.85  4.58  4.60  4.70  4.82  4.96  4.88  4.87  5.70  6.02  6.26  6.70  7.07  6.76
traj-220:
23.69 23.10 22.54 22.67 22.60 22.54 22.61 22.69 23.05 23.46 23.69 23.17 22.47 20.93 19.01 18.72 16.95 15.30 14.28 13.07 11.77 11.24  9.45  7.92
 1.75  2.94  4.35  6.30  7.56  8.87  9.83 11.13 12.54 14.07 15.75 16.49 17.41 18.31 18.53 18.57 18.65 19.76 20.70 21.79 22.72 22.95 23.59 24.22
traj-221:
21.25 21.64 21.94 22.21 22.69 23.19 22.65 21.93 21.92 22.94 24.60 26.31 26.88 28.76 30.24 31.38 31.53 32.59 34.11
 1.03  2.16  3.33  4.79  6.73  8.39 10.16 10.69 12.68 13.56 14.37 14.52 14.57 14.39 14.18 12.67 11.49  9.82  8.54
traj-222:
22.98 22.70 22.17 20.50 19.04 17.86 16.39 14.92 13.46 12.02 10.44  9.31  8.96  7.53  7.18
 1.47  2.70  4.06  4.53  4.49  4.50  4.41  4.30  4.22  4.57  5.33  6.46  6.66  8.04  8.46
traj-223:
23.71 23.72 23.20 23.32 23.11 23.03 23.03 23.06 23.01 23.56 25.16 26.10 25.19 23.66 22.55 20.63 20.25 18.35 16.92 15.73 13.92 12.23 10.72  9.10
 0.52  1.85  3.52  5.27  6.93  8.59  9.92 10.78 12.03 13.59 14.54 15.05 15.69 16.87 17.91 18.29 18.30 18.25 18.12 18.03 18.12 18.01 17.91 17.66
traj-224:
21.98 22.14 22.44 22.85 22.63 22.78 22.67 22.50 22.74 24.24 26.03 27.67 28.50 29.78 30.25 30.05 29.76 30.33 32.07
 1.33  2.55  3.86  5.81  6.98  8.56 10.30 12.25 14.22 14.94 15.64 15.47 15.31 14.06 12.31 10.41  9.89  8.04  7.08
traj-225:
21.06 21.66 22.60 22.33 20.59 18.89 18.59 16.82 15.05 13.87 12.12 11.09 10.82
 1.34  1.88  2.81  4.37  4.72  4.71  4.70  4.57  4.44  4.35  4.53  5.18  5.30
traj-226:
21.90 22.23 22.66 23.06 23.34 23.21 23.08 22.92 22.93 23.04 23.22 21.60 20.25 19.29 18.13 16.19 14.56
 1.42  2.21  3.94  5.55  7.28  9.19 10.55 11.96 13.93 15.43 16.92 17.86 18.33 18.39 18.59 18.91 19.35
traj-227:
22.97 22.49 22.30 22.62 22.79 22.93 23.04 23.02 23.40 24.22 25.40 27.14 28.74 29.96 30.80 32.70 33.27 34.89 35.89 36.15
 1.93  3.35  4.87  6.53  7.64  8.77 10.68 11.65 13.29 14.08 14.10 14.07 14.09 14.04 14.00 13.88 13.88 13.82 13.86 14.39
traj-228:
22.90 22.78 22.16 21.61 20.46 19.93 18.16 16.39 15.80 14.32 13.05 11.64 10.14
 1.63  1.91  2.52  3.23  4.33  4.52  4.64  4.68  4.71  4.79  4.89  4.88  5.02
traj-229:
22.56 22.59 22.59 22.55 22.46 22.33 22.33 22.18 22.33 22.42 22.41 22.47 21.31 19.38 17.38 15.41 14.19 12.91 11.50 10.25  8.65
 1.26  3.21  4.78  6.38  7.97  9.04 10.60 11.83 13.61 15.57 15.75 17.69 18.25 18.48 18.60 18.45 18.34 18.25 18.24 18.22 18.13
traj-230:
21.34 22.42 22.75 22.86 23.02 23.06 22.87 22.66 23.34 24.63 26.54 27.77 29.55 30.91 32.19 33.88 35.07
 0.80  2.24  4.06  5.90  7.75  9.33 11.16 11.85 13.69 14.76 14.85 14.78 13.92 13.15 12.60 11.65 10.86
traj-231:
23.24 23.18 21.78 20.44 18.72 17.28 15.41 13.52 12.43 11.47
 0.96  1.85  3.19  4.51  4.61  4.72  4.89  4.80  6.25  7.44
traj-232:
23.71 23.50 23.12 22.89 22.68 22.44 22.44 22.44 22.76 22.92 22.60 22.34 21.73 20.03 18.30 16.62 16.06 15.15 13.76 12.04 11.75
 0.49  1.18  2.69  4.03  5.94  7.65  8.11  9.91 11.37 13.00 14.87 16.28 17.40 18.35 18.37 18.61 18.81 19.31 19.96 20.69 20.78
traj-233:
22.02 22.08 22.07 22.23 22.31 22.34 22.48 21.93 21.46 21.32 21.20 22.41 23.91 25.57 27.24 28.59 30.44 31.28 32.37 32.06
 1.50  3.46  3.98  5.85  7.67  8.19 10.11 12.01 12.37 12.64 13.34 14.83 15.88 15.32 15.04 14.83 14.41 14.09 12.48 10.78
traj-234:
23.60 22.59 21.50 21.26 19.69 18.21 17.32 16.16 14.68 13.74 12.57 10.67  8.77  7.15  6.87
 0.95  2.17  3.37  3.78  4.53  4.68  4.75  4.84  4.92  4.92  4.92  5.38  5.86  5.02  4.91
traj-235:
22.93 23.05 23.26 23.22 23.14 23.12 23.11 23.07 23.06 23.00 23.15 21.51 20.56 19.07 17.12 16.24 14.56 12.97 11.98 10.38  8.97  7.33
 1.51  3.08  5.06  5.84  7.77  9.04  9.89 11.04 12.74 14.47 16.29 17.36 18.05 18.11 18.14 18.05 17.62 18.17 18.63 19.30 19.88 20.64
traj-236:
23.36 23.46 23.35 23.09 23.03 22.93 22.77 22.11 21.86 21.68 21.88 23.32 24.44 26.26 28.17 29.23 29.38 29.39 29.39 29.67 30.37 30.61 31.42 32.67
 1.20  1.49  3.23  5.07  5.67  7.45  8.97  9.99 10.16 12.07 12.29 13.24 14.18 14.97 15.14 16.10 17.95 19.18 21.12 21.61 22.92 23.61 25.42 26.76
traj-237:
22.17 22.69 23.18 22.41 20.65 19.55 17.81 16.64 15.76 13.98 12.33 11.80 10.21  8.85  7.36  6.28
 1.60  2.71  4.50  5.35  4.49  4.72  4.70  4.69  4.68  4.66  5.55  5.81  6.28  5.99  5.56  5.44
traj-238:
21.28 21.41 21.59 21.61 21.61 21.54 21.62 21.52 21.47 21.41 21.36 21.44 21.55 22.45 22.67 21.26 20.43 18.45 16.78 14.96 13.31 12.53 10.67  9.67  7.98
 0.81  2.67  4.27  4.76  5.04  6.95  8.35  9.49 10.44 11.94 13.28 15.11 15.39 17.16 17.36 18.40 18.68 18.77 18.92 19.72 20.20 20.41 20.88 21.15 21.61
traj-239:
22.58 22.75 23.73 23.71 23.58 23.50 23.22 23.17 23.11 23.21 24.59 26.40 27.55 29.06 29.92 31.64 32.23 33.82
 0.98  1.23  2.92  3.22  5.20  6.03  7.56  9.32 11.30 13.14 14.01 14.40 14.56 14.76 14.89 14.93 14.94 14.99
traj-240:
22.25 22.11 21.69 21.63 19.94 18.79 17.06 16.76 15.01 14.12 12.36 10.37  9.51  7.99  6.26  5.47  4.21
 1.01  1.28  3.19  3.91  4.53  4.54  4.59  4.59  4.64  4.67  4.66  4.73  5.17  6.09  5.16  4.73  4.07
traj-241:
21.84 22.24 22.30 23.04 22.65 22.56 21.44 21.24 22.18 22.75 24.01 24.47 24.14 23.06 21.97 20.10 19.11 17.47 16.00 14.55 13.42
 1.28  2.52  4.02  5.73  7.50  9.13 10.23 11.01 12.70 13.38 14.31 14.56 15.50 16.54 17.76 18.33 18.46 18.59 18.63 19.00 19.37
traj-242:
23.12 23.14 23.09 22.84 22.77 22.68 22.66 22.92 23.76 25.53 25.87 27.29 28.97 29.52 30.81 32.54 33.62 35.17 35.65
 1.51  2.02  3.96  5.18  6.98  8.88 10.75 12.20 13.64 14.55 14.67 15.01 15.71 16.17 17.53 17.84 18.23 19.39 19.75
traj-243:
23.72 23.01 22.18 20.57 18.82 17.09 15.31 13.55 12.35 11.90 10.09  9.85  8.13  6.85  5.64
 1.46  3.09  4.61  4.86  4.75  4.84  4.93  4.85  6.18  8.08  8.77  8.94  9.90  9.34  8.04
traj-244:
21.50 22.34 22.59 22.61 22.30 21.69 21.68 21.84 22.48 23.56 23.14 22.74 21.27 19.33 18.45 16.99 15.64 14.42
 1.30  2.89  4.75  6.00  6.70  7.72  9.39 11.24 12.12 13.49 15.40 17.28 18.45 18.67 18.77 18.91 19.82 21.10
traj-245:
22.10 22.89 23.22 23.08 22.87 22.87 22.94 23.14 23.34 24.17 25.84 27.67 29.06 30.55 31.06 31.84 32.49 32.37 32.35 33.14 33.41
 0.76  1.44  3.41  5.33  6.82  8.46 10.20 11.98 13.41 14.25 14.88 15.31 15.97 17.10 17.40 19.05 20.78 22.76 23.06 24.88 25.85
traj-246:
23.17 22.90 21.94 20.38 19.38 18.21 17.91 16.16 14.97 13.50 12.31 10.55  8.80  8.02  6.37  4.86
 1.82  2.21  3.49  4.71  4.69  4.50  4.43  4.34  4.28  4.20  4.39  5.06  6.01  6.51  7.33  7.11
traj-247:
21.51 21.47 21.40 21.42 21.48 21.48 21.55 21.49 21.60 21.67 21.47 21.35 20.72 19.07 17.88 16.40 15.69 14.75 14.13 13.35
 1.64  3.30  4.72  5.70  7.31  9.11 10.84 12.55 14.53 15.87 17.39 17.60 18.18 18.73 18.82 18.93 19.34 20.56 21.54 22.86
traj-248:
23.22 23.31 22.75 22.77 22.83 23.05 22.68 23.40 23.94 25.36 26.35 27.66 29.04 30.45
 1.99  3.95  5.15  7.05  8.41  9.83 11.60 13.42 14.20 14.72 15.02 15.00 14.88 15.70
traj-249:
22.64 21.89 21.75 20.45 19.30 17.83 16.66 14.90 13.75 13.00 12.53 11.25 10.48  8.74  6.87  5.57
 0.67  1.99  3.10  4.26  4.56  4.71  4.80  4.86  4.89  5.34  6.10  7.60  7.35  6.73  6.18  5.80
traj-250:
23.17 22.35 21.42 21.43 21.98 22.98 22.55 22.56 23.31 24.16 24.59 23.06 22.64 21.16 19.61 17.89 16.43 15.12 13.53 13.02
 1.88  3.44  4.96  5.86  6.54  7.79  9.49 11.42 13.20 14.22 14.75 16.00 16.99 18.13 18.62 18.66 18.60 18.53 18.44 18.41
traj-251:
22.33 22.33 22.38 22.27 22.23 22.23 22.30 22.22 22.04 22.63 22.87 23.08 24.91 25.51 27.21 28.80 29.36 30.13 30.08 29.78 29.51 29.48 30.56 32.01 32.82 33.98 34.64
 0.78  2.60  3.55  5.46  6.52  8.01  8.75 10.51 12.32 14.20 14.38 14.60 14.95 14.94 14.88 15.63 16.72 18.50 20.49 21.60 22.83 24.48 25.57 26.76 27.65 28.80 29.31
traj-252:
21.68 22.14 21.34 21.06 19.37 18.48 16.74 15.56 14.33 12.86 11.67  9.91  9.68  8.43  6.63  5.37  4.16
 1.47  2.34  4.09  4.18  4.51  4.66  4.91  4.93  4.93  4.87  4.80  5.56  5.76  6.96  6.69  6.00  5.52
traj-253:
23.58 22.20 22.17 22.08 22.47 22.66 22.82 22.33 22.72 22.86 22.97 23.14 22.99 21.15 19.46 17.70 16.52 15.29 14.92 13.66 11.94 10.24
 1.25  2.61  4.02  4.90  5.97  7.53  9.01 10.83 12.75 14.49 15.52 17.40 17.95 18.34 18.64 18.78 18.90 20.16 20.62 21.99 22.91 23.76
traj-254:
21.89 22.33 22.53 22.89 22.98 23.01 23.13 22.79 23.76 24.11 25.86 27.32 29.18 31.16 31.46 33.38 34.65 35.42
 0.95  2.77  4.12  5.54  7.41  8.71 10.64 12.53 13.84 14.32 15.12 15.18 14.89 14.69 14.66 14.79 15.47 15.83
traj-255:
23.60 22.97 21.80 20.73 19.03 17.30 15.47 13.49 12.31 11.24 10.38  9.25  8.12  6.88  5.21
 1.63  2.41  3.76  4.61  4.65  4.57  4.69  4.67  5.31  5.69  6.04  6.45  6.54  6.73  7.00
traj-256:
23.29 22.96 22.97 22.99 23.10 23.02 23.05 23.03 23.10 23.07 22.50 22.54 22.99 22.07 21.00 19.61 18.01 16.41 15.49 14.48 13.54
 0.91  2.14  3.48  4.29  5.74  7.65  9.13  9.65 11.64 11.94 13.83 14.10 15.95 17.31 17.71 18.04 18.23 18.49 19.13 20.84 22.55
traj-257:
21.60 21.77 22.65 22.88 22.92 22.60 22.10 21.37 21.14 21.19 21.60 23.23 23.30 23.87 25.68 26.54 28.29
 1.35  1.60  3.06  4.97  6.08  7.76  9.53 10.06 11.42 13.19 14.75 15.35 15.65 15.70 15.55 15.29 15.23
traj-258:
22.25 22.48 23.17 22.13 20.40 19.26 17.49 16.31 14.54 12.61 11.17  9.22  8.20
 0.45  2.24  3.77  5.42  4.68  4.21  4.17  4.21  4.25  4.51  5.17  5.26  6.08
traj-259:
21.16 21.96 22.47 22.44 22.12 21.40 21.37 22.01 22.63 23.09 22.81 22.26 21.46 20.66 18.71 17.26 15.49 13.68 12.31
 1.08  2.67  4.39  6.35  7.45  8.73  9.64 11.16 12.30 13.05 14.34 16.05 17.88 18.22 18.51 18.46 18.51 18.28 18.56
traj-260:
22.49 22.65 23.02 23.01 22.93 22.96 23.02 22.37 21.98 22.68 24.32 26.19 27.88 29.56 31.13 32.00 33.40 34.78
 1.14  1.39  3.33  4.95  5.98  7.72  9.09 10.92 12.16 13.33 14.27 14.28 14.49 15.44 16.41 16.82 17.67 18.45
traj-261:
23.53 23.02 21.69 21.59 20.19 19.49 17.73 16.25 15.37 13.91 12.84 12.43 11.13  9.20  8.43  7.10
 0.91  1.89  3.15  3.44  4.55  4.88  4.77  4.64  4.65  4.59  6.08  7.73  9.12  8.86  8.62  8.27
traj-262:
22.86 22.68 22.61 22.62 22.15 22.02 21.71 21.58 22.32 23.05 23.47 23.62 23.76 23.30 22.32 20.76 19.36 18.18 16.26 15.54 13.74
 1.04  2.00  3.69  5.29  7.01  7.45  8.97  9.92 11.45 12.83 13.69 13.95 15.37 16.04 17.36 18.37 18.60 18.63 18.82 18.95 19.34
traj-263:
21.10 21.55 22.39 22.78 23.11 22.91 22.68 22.31 22.31 22.56 22.80 23.71 24.21 26.13 26.71 28.70 29.13 29.15 29.29 29.50 30.00 30.88
 0.59  1.19  2.54  4.35  5.92  6.99  8.17  9.81 11.74 12.81 14.20 15.72 15.75 15.56 15.50 15.64 16.37 16.95 18.47 20.35 21.36 22.84
traj-264:
23.39 22.43 21.45 21.19 19.26 17.79 17.19 15.47 13.71 11.85 10.44  9.18
 1.78  2.32  2.91  4.63  4.35  4.25  4.26  4.32  4.29  4.54  4.80  4.87
traj-265:
23.46 23.26 22.94 22.68 22.60 22.63 22.35 22.04 21.88 21.85 21.78 21.97 21.41 20.30 18.33 16.58 15.60 15.40 13.96 13.21
 0.54  2.30  4.09  5.11  6.23  7.72  9.56 10.07 12.01 13.31 15.07 16.08 17.56 18.47 18.75 18.84 19.52 19.74 20.84 21.23
traj-266:
21.20 21.86 21.78 21.85 22.20 22.62 22.76 23.23 23.23 23.17 24.91 26.34 28.15 29.61 31.55 32.80 34.17 35.29
 0.96  2.03  3.89  4.62  6.02  7.95  9.68 11.37 12.48 14.24 15.17 14.94 15.72 15.55 15.13 14.14 12.97 11.49
traj-267:
23.61 22.63 21.97 20.63 19.75 18.01 17.72 16.00 14.53 13.95 12.60 11.91 10.24
 1.85  2.83  3.45  4.04  4.09  4.25  4.28  4.37  4.57  4.63  5.57  6.14  5.72
traj-268:
21.92 21.95 21.87 21.87 21.91 21.97 21.81 21.91 21.70 21.68 21.40 21.27 20.23 19.95 18.19 16.33 14.65 12.72 12.66
 1.48  3.06  4.86  6.76  8.47 10.43 11.90 13.35 14.59 14.98 16.71 17.39 18.15 18.24 18.53 18.66 18.39 18.09 18.07
traj-269:
23.05 23.18 23.26 23.29 23.28 23.17 23.12 23.23 22.95 22.56 24.19 25.93 27.33 29.09 29.45 29.50 29.40 29.88
 0.78  2.58  4.57  6.49  8.41 10.35 10.82 12.80 13.99 15.76 15.89 15.72 15.67 16.44 17.66 19.51 20.62 22.34
traj-270:
23.52 23.41 22.96 21.66 21.36 19.50 18.60 16.87 15.14 13.48 11.70 10.95
 0.66  1.15  2.61  3.89  3.95  4.25  4.25  4.36  4.57  4.67  4.90  5.00
traj-271:
22.80 22.94 23.05 23.03 23.03 23.04 22.82 23.56 23.53 22.40 21.38 20.41 18.69 16.94 15.79 13.87 12.64 10.81  8.97  7.50
 1.58  3.37  5.32  7.25  8.52 10.41 12.18 13.46 15.35 16.50 17.41 18.17 18.51 18.69 18.81 18.65 18.96 19.20 19.66 20.22
traj-272:
23.56 23.28 23.18 23.34 23.50 23.40 23.32 23.14 22.96 22.84 22.54 22.85 23.96 25.69 27.42 29.25 29.75 30.12 30.53 30.95 31.51 32.52
 0.82  2.56  3.04  4.73  6.15  8.10  8.92 10.81 12.16 13.17 14.87 15.78 15.96 15.85 15.80 16.27 16.93 18.71 20.44 22.07 23.55 25.17
traj-273:
22.50 22.05 21.89 21.77 21.49 19.59 18.12 17.23 15.49 13.72 11.88 10.27  8.39  6.82  5.67  4.37
 0.89  1.26  1.52  3.35  5.25  4.98  4.77  4.62  4.52  4.55  5.31  5.79  5.55  5.47  5.30  4.13
traj-274:
22.94 23.51 23.77 23.51 23.29 22.94 22.92 22.67 22.61 22.31 22.18 22.03 22.19 20.78 19.91 18.18 16.99 15.60 15.14 13.52 11.97 10.23  8.65
 0.79  2.13  3.26  4.91  6.52  8.26 10.19 11.89 12.18 13.95 14.44 16.03 17.58 18.01 18.21 18.54 18.64 19.61 19.99 20.82 20.58 20.49 20.66
traj-275:
23.33 23.06 22.78 22.87 22.85 22.87 22.85 23.00 23.25 23.53 23.61 24.65 25.80 26.84 28.65 30.54 31.39 32.94 34.42 35.07
 0.80  1.33  3.22  4.02  5.84  6.35  8.31  9.19 10.59 12.49 13.06 14.40 14.45 14.84 15.02 15.19 15.28 15.48 16.14 16.49
traj-276:
23.70 23.51 23.09 22.82 21.20 19.54 17.81 16.32 14.33 14.04 12.27 10.43  8.59  7.06  5.96
 1.57  1.80  3.75  4.84  5.57  4.76  4.66  4.64  4.79  4.83  4.92  5.46  5.53  5.22  5.02
traj-277:
22.01 22.62 22.99 23.13 23.12 23.10 23.16 23.07 23.32 22.89 22.76 22.99 21.34 19.65 18.78 16.99 15.42 14.26 12.99 12.03 10.26
 0.51  1.52  2.28  4.26  5.59  7.44  8.75 10.56 12.40 13.72 15.66 17.56 18.33 18.44 18.49 18.58 19.41 20.29 20.85 21.24 22.16
traj-278:
23.26 22.69 22.53 22.64 22.46 22.47 22.15 21.83 21.86 21.87 22.14 24.12 24.67 26.65 28.30 28.85 30.49
 1.79  2.49  4.22  4.50  6.46  8.40  9.79 11.69 13.48 15.05 15.56 15.69 15.71 15.78 15.88 15.93 16.15
traj-279:
22.10 21.61 21.35 19.82 18.39 17.22 15.76 14.91 13.44 12.51
 0.78  2.59  3.59  4.28  4.42  4.54  4.64  4.66  4.69  5.81
traj-280:
23.09 22.74 22.18 22.23 22.21 22.26 22.04 21.93 22.22 23.22 23.44 23.52 23.27 21.75 20.06 18.33 16.89 15.01 13.62 11.93 10.13  9.15  7.45  6.95
 1.34  2.52  4.36  5.03  6.36  7.54  8.88 10.69 11.21 12.92 13.54 15.13 16.50 17.51 18.24 18.46 18.60 18.81 19.19 19.76 20.39 20.82 21.65 21.98
traj-281:
22.60 22.64 22.70 22.94 23.02 23.02 23.11 23.22 23.31 23.56 24.90 26.19 28.13 29.96 30.38 30.11 29.52 29.23 29.27 29.26 29.26 30.18 31.61
 0.64  2.03  3.93  5.74  7.60  7.90  9.84 11.02 11.88 13.84 14.62 14.81 15.04 15.68 17.58 18.11 19.24 21.08 21.90 23.10 25.04 26.34 27.66
traj-282:
22.04 22.07 22.00 21.48 20.41 19.12 17.64 16.17 14.70 13.25 11.54 11.25
 0.94  2.55  3.40  5.03  4.83  4.69  4.72  4.76  4.80  4.83  4.95  4.03
traj-283:
23.55 22.86 22.38 22.24 22.41 22.48 23.03 22.71 22.23 21.88 21.72 21.75 21.31 21.03 19.08 17.90 16.19 15.40
 1.56  2.00  3.49  4.07  6.03  7.01  8.69  9.79 11.32 13.28 14.88 15.62 17.52 17.93 18.15 18.19 18.25 17.79
traj-284:
22.82 22.47 22.09 21.99 21.75 21.99 21.94 21.89 22.25 23.39 24.50 25.66 27.08 28.86 30.19 31.80 32.20 32.39 32.75 32.85
 1.77  3.55  5.43  6.39  8.33 10.30 11.16 13.11 13.59 14.97 15.30 15.26 15.25 15.62 15.92 15.77 13.99 12.13 10.64  9.72
traj-285:
21.25 21.84 22.48 22.57 20.59 18.62 17.74 16.29 15.42 13.98 12.98 12.36 11.58 10.56  9.44  7.98  6.70  5.60
 0.96  1.98  2.89  4.34  4.59  4.79  4.80  4.82  4.83  4.78  6.33  7.95  9.42 10.04 10.07  9.65  8.98  8.61
traj-286:
22.24 22.94 22.97 22.76 22.99 23.06 22.73 22.64 22.68 22.62 22.01 21.05 21.00 19.45 18.59 17.40 16.06 14.42 14.14
 1.88  3.60  5.50  6.71  8.34  9.17 10.96 11.74 13.00 13.82 15.27 17.02 17.62 18.28 18.33 18.36 18.52 19.19 19.08
traj-287:
21.79 22.30 22.81 23.10 22.66 22.01 21.93 22.28 22.07 21.56 22.22 22.37 24.27 25.31 26.48 28.36 30.02 31.45 31.80 32.36 33.17 33.49 34.05 34.30 34.82 35.28
 0.42  1.57  2.61  4.53  6.42  7.64  9.58 10.06 11.85 13.78 15.37 15.84 16.00 15.74 15.46 15.68 16.75 17.67 18.38 19.52 21.05 21.77 23.20 24.49 26.36 28.00
traj-288:
22.64 21.60 21.07 19.46 17.69 15.94 15.38 13.77 12.87 12.33
 1.56  3.15  3.90  4.68  4.75  4.77  4.76  4.92  6.18  7.21
traj-289:
21.49 21.71 21.95 21.99 21.66 21.60 21.59 22.18 22.87 23.03 23.47 23.92 23.94 23.55 21.90 21.31 19.38 18.80 17.05 16.18 14.81 13.50 12.26 10.87  9.85
 0.48  1.43  2.97  4.14  5.50  7.32  8.28 10.03 11.48 12.17 13.89 14.28 16.19 16.66 17.63 17.79 18.19 18.24 18.48 18.67 20.08 21.42 22.89 24.24 24.63
traj-290:
22.83 22.82 22.94 23.01 22.98 22.96 22.92 22.82 23.56 24.67 26.43 28.20 29.40 30.31 31.22 32.20 32.06 31.98
 1.50  3.18  5.10  6.17  7.77  9.10 10.48 11.74 13.57 14.54 14.97 15.36 16.34 17.27 17.64 15.90 14.17 13.57
traj-291:
21.34 21.66 22.45 22.01 20.19 19.05 17.87 16.38 14.67 13.28 12.50 11.48 10.66  9.27  8.25  6.27  4.54
 1.62  2.36  4.03  5.15  4.94  4.70  4.73  4.76  4.84  4.98  6.00  7.35  8.53  9.70 10.14 10.35 10.64
traj-292:
22.55 22.70 22.71 22.74 23.06 23.16 23.09 22.94 23.65 23.94 23.24 21.93 20.58 18.85 18.55 16.84 16.24 14.53 13.00
 1.96  3.46  4.83  6.57  8.53  8.81 10.80 12.45 13.70 15.46 16.92 18.21 18.41 18.62 18.61 18.79 18.83 18.74 18.63
traj-293:
23.40 22.26 21.63 22.28 22.67 22.59 22.51 23.11 23.46 23.85 23.93 25.68 27.36 28.72 29.15 29.79 31.05 32.10 33.14 34.36 35.97 36.09
 1.09  2.30  3.93  5.65  7.57  8.20 10.17 11.67 13.25 13.64 15.55 15.68 15.34 14.76 14.41 12.60 11.12  9.48  8.31  6.87  6.49  6.21
traj-294:
22.14 22.10 21.33 20.07 18.91 18.05 16.60 15.72 13.87 13.12 11.60  9.72  8.31
 1.54  2.37  4.06  4.43  4.52  4.59  4.77  4.87  4.89  4.92  5.47  5.61  4.79
traj-295:
21.01 21.21 22.44 23.39 23.34 23.34 23.30 23.28 23.24 22.58 22.50 22.11 21.51 20.28 18.53 16.77 15.42 13.86 12.01 11.13 10.11  8.82  7.02  6.30
 0.80  1.97  3.53  4.94  6.86  8.03  9.10 10.63 11.49 12.96 14.38 15.93 17.31 18.09 18.39 18.66 19.40 20.34 20.09 19.90 18.86 18.83 18.41 18.17
traj-296:
22.51 22.77 22.85 22.90 22.99 23.07 23.06 23.05 23.04 23.63 25.26 26.30 27.75 29.28 29.12 29.09
 1.65  3.59  5.33  5.90  7.52  9.07 10.21 11.31 12.67 14.46 14.46 14.74 14.87 16.13 17.68 18.83
traj-297:
23.78 23.63 22.45 21.76 20.08 18.63 17.15 16.27 14.82 13.31 12.59 11.50
 1.53  1.79  3.06  3.57  4.60  4.90  4.84  4.80  4.75  4.89  5.71  6.99
traj-298:
22.36 22.61 22.51 22.32 22.40 22.78 23.11 23.35 22.59 22.15 22.45 22.67 21.14 19.50 17.73 16.84 15.28 14.01 12.36 10.55  9.85  7.95
 0.49  1.90  3.79  5.64  6.91  8.70 10.12 11.22 12.82 14.68 16.23 17.37 18.56 18.72 18.89 18.87 19.78 21.15 21.77 22.39 22.65 23.11
traj-299:
22.08 22.83 23.09 23.02 23.07 23.10 23.12 22.93 22.58 22.67 23.43 23.58 24.66 26.64 28.09 29.11 29.65 29.65 29.85 30.00 29.55
 1.27  2.40  4.29  5.62  7.24  9.05  9.82 11.20 13.07 14.93 15.24 15.66 15.85 15.57 14.93 14.57 12.80 12.50 10.73  9.73  8.09
