traj-0:
 3.79  5.55  7.47  9.17 10.54 11.31 11.91 13.74 14.33 16.17 16.79 18.42 20.42 22.33 23.81 24.66 26.55 28.05 29.20 30.53 30.09 30.14 30.32 30.23 29.17 28.12 26.53 25.20 24.09 22.72 22.31 21.63 21.13 20.49 19.49 18.47 17.97
32.72 32.38 32.27 32.22 32.16 32.11 32.18 32.33 32.26 31.74 31.37 31.41 31.32 31.14 31.09 30.97 30.92 30.71 30.25 29.04 27.43 25.56 23.67 21.80 20.12 19.93 19.69 19.38 18.60 17.77 15.91 14.05 12.56 11.32  9.74  8.19  6.63
traj-1:
16.85 17.13 18.18 18.74 19.77 20.49 20.89 21.52 21.81 22.20 24.03 25.13 27.10 28.24 29.96 30.34 30.95 31.08 30.32 30.09 30.13 28.89 28.58 26.77 25.80 24.30 22.87 21.90 20.16 18.73 17.20 15.57 14.12 12.36 11.04  9.72  8.89  7.45  5.64  3.73  3.13
 6.82  7.25  8.64  9.93 11.63 12.98 14.26 15.78 16.65 18.02 18.64 19.00 19.19 19.10 19.88 21.38 22.94 24.17 25.86 27.30 29.07 30.56 30.67 31.14 31.10 30.96 30.89 30.86 30.64 30.45 30.36 30.21 30.15 30.26 30.39 30.58 30.61 30.75 30.82 30.76 30.77
traj-2:
 4.37  4.66  6.55  7.96  9.80 11.62 13.46 13.74 15.50 16.39 18.11 19.86 21.78 22.31 24.06 25.78 26.94 28.42 30.29 31.11 30.92 30.88 30.71 30.50 30.29 29.38 27.56 26.63 24.72 22.86 20.90 18.95 18.10
31.90 31.84 31.38 31.43 31.53 31.41 31.11 31.01 30.88 30.71 30.58 30.92 31.06 31.10 31.19 31.21 31.24 31.24 30.61 28.87 27.24 26.20 24.62 23.38 21.64 20.17 19.92 19.78 20.11 19.51 19.75 20.01 20.03
traj-3:
12.49 12.66 13.06 13.67 13.93 14.53 15.40 16.93 18.44 18.90 20.35 22.20 22.96 24.94 26.87 27.68 29.48 30.10 30.40 30.50 30.44 30.36 30.11 29.56 28.48 27.48 25.99 25.11 23.48 21.80 20.15 18.20 16.65 14.96 13.34 11.41  9.78  9.28  7.39  5.72  4.96
10.82 11.56 13.25 14.76 15.92 17.60 19.22 20.27 20.36 20.28 20.39 20.40 20.26 20.01 19.93 20.08 20.37 21.54 22.83 24.76 26.40 27.73 29.50 31.23 31.15 30.84 30.44 30.50 30.74 30.67 30.84 30.71 30.63 30.61 30.75 30.88 30.99 31.04 31.20 31.32 31.50
traj-4:
 3.81  5.63  6.81  8.13  9.81 11.60 13.24 14.12 16.10 16.37 18.20 19.88 21.48 22.52 24.29 25.94 27.92 28.12 29.01 30.15 30.14 30.29 31.01 30.90 30.52 29.98 28.22 26.64 26.07 24.08 23.23 21.79 20.14
32.20 31.75 31.67 31.54 31.13 30.76 31.07 31.35 31.26 31.13 30.74 30.55 30.38 30.25 30.49 30.74 30.73 30.51 30.16 29.07 27.31 26.19 24.39 22.91 21.18 20.35 20.01 20.02 20.01 19.95 19.65 19.28 18.82
traj-5:
11.14 10.87 11.87 12.52 13.67 14.15 15.32 16.03 17.28 18.50 19.07 20.72 22.00 23.70 24.08 25.01 26.79 27.92 29.08 30.13 30.19 30.35 30.26 30.25 30.15 30.04 28.19 27.46 25.48 24.14 22.30 20.52 18.90 17.87 16.82 15.20 13.62 12.11 10.97  9.00  8.15  6.25  4.48  2.59
 5.54  7.50  9.09 10.04 11.57 12.45 13.97 14.62 15.64 16.63 17.02 17.58 18.03 18.81 18.99 19.15 19.58 19.87 20.66 21.21 21.77 23.21 25.03 26.07 27.53 29.35 30.04 30.09 30.16 30.20 30.23 30.24 30.31 30.28 30.32 30.36 30.32 30.37 30.39 30.32 30.33 30.40 30.53 30.74
traj-6:
 5.09  6.61  7.88  9.30 10.75 12.16 14.09 15.99 16.82 18.23 19.58 21.51 21.89 22.86 24.51 26.16 27.88 29.81 30.17 30.29 30.36 30.37 30.24 30.18 29.17 27.39 25.89 24.76 23.67 22.65 21.13 19.27 17.72 15.78 14.58 13.29 11.58  9.66  7.67  6.41
31.19 30.59 30.55 30.54 30.58 30.49 30.42 30.42 30.59 30.72 30.86 31.18 31.28 31.21 31.03 30.88 30.66 30.24 29.15 27.68 26.24 24.70 23.47 22.04 20.59 19.81 19.25 18.82 18.45 18.14 16.98 16.42 15.76 15.87 15.76 15.74 15.78 15.49 15.31 15.30
traj-7:
11.27 11.61 12.33 13.26 14.46 15.27 16.58 16.63 17.00 18.60 19.17 20.10 20.89 21.91 22.63 23.41 24.77 25.57 27.29 28.43 29.31 30.13 30.21 30.32 30.31 30.29 30.27 28.67 28.38 26.40 24.45 23.87 22.26 21.01 19.12 17.50 15.75 13.78 12.03 10.07  9.44  7.45  6.20  4.49  3.26  2.05
 5.04  5.71  7.31  8.38  9.38 10.13 11.20 11.27 11.57 12.25 12.81 13.98 14.77 16.04 17.84 19.28 20.24 20.12 19.98 20.06 20.27 21.51 22.68 24.04 25.79 27.54 29.42 30.11 30.14 30.39 30.70 30.74 30.67 30.54 30.30 30.28 30.21 30.32 30.63 30.53 30.47 30.48 30.43 30.55 30.80 30.82
traj-8:
 2.71  4.45  6.31  8.28  9.92 11.87 13.03 14.18 16.08 17.70 19.25 21.23 22.90 23.42 24.97 25.66 27.48 28.32 29.44 30.13 30.19 30.33 30.40 30.56 30.57 30.47 28.68 27.02 25.78 24.35 22.85 21.17 20.05 18.78 18.12 17.25 17.68 18.10 19.15 19.82 20.50
32.85 31.96 31.24 31.50 31.22 31.12 30.95 30.82 30.64 30.71 30.79 30.97 30.97 31.05 31.73 31.77 31.10 30.78 30.43 28.60 27.51 26.30 25.14 23.48 22.28 20.67 19.88 19.56 19.45 19.28 18.49 17.69 17.16 16.25 15.26 13.71 11.91 11.34  9.71  8.21  6.56
traj-9:
 6.83  8.53  9.95 11.80 13.39 14.71 15.68 17.54 19.14 20.36 21.47 23.44 25.21 27.01 27.94 29.73 30.12 30.40 30.59 30.78 30.67 30.80 30.81 30.17 29.27 28.08 27.93 26.01 24.84 23.13 22.26 20.30 18.57 16.66 15.07 13.55 11.58 10.37  8.40  7.45  6.00  4.77  3.12
13.71 14.01 14.39 15.11 15.67 16.10 16.63 17.15 17.73 17.98 18.46 18.71 19.15 19.74 19.88 20.23 20.87 22.55 23.44 25.29 26.68 27.93 28.23 29.91 30.38 31.02 30.99 31.05 30.99 31.15 31.09 31.10 31.05 31.00 31.37 31.32 31.53 31.53 31.74 31.94 32.22 32.30 32.49
traj-10:
 3.61  5.43  7.33  9.18 10.79 12.27 13.69 15.42 16.41 18.09 19.56 21.35 23.24 25.02 25.80 27.58 29.26 30.19 30.18 30.21 30.17 30.11 30.13 29.19 27.63 26.62 24.86 23.02 21.26 20.55 18.80 17.15 15.75 14.18 13.41 11.44  9.73  8.14
31.15 30.80 30.92 31.04 31.05 31.07 31.14 31.21 31.20 31.29 31.13 31.11 31.20 30.98 30.82 30.58 30.71 29.13 27.64 26.16 25.03 23.67 22.03 20.38 19.23 19.08 19.25 19.04 18.64 18.41 17.61 17.21 17.20 16.69 16.64 16.50 16.29 16.12
traj-11:
 9.01 10.99 12.88 14.85 16.60 18.53 20.32 22.09 23.33 25.21 26.28 28.24 29.34 30.63 31.18 31.08 30.91 30.78 30.92 31.09 29.46 28.29 26.34 24.70 23.07 21.79 20.69 19.09 17.24 15.42 13.47 12.96 11.38  9.92  8.35  6.49  4.85  3.99
17.82 18.03 18.03 18.37 18.49 18.54 18.40 18.68 18.92 19.45 19.58 19.82 20.12 21.46 21.56 23.39 25.06 27.00 28.86 29.34 30.49 31.15 31.47 31.00 31.15 31.29 31.33 31.40 31.11 30.85 30.57 30.61 30.80 30.97 31.07 31.16 31.30 31.35
traj-12:
 3.64  5.57  6.53  8.28 10.13 11.24 12.64 13.84 15.28 16.71 18.59 20.53 21.57 23.14 23.74 25.65 26.95 28.78 29.67 30.12 30.31 30.23 30.22 30.27 30.42 29.67 28.55 27.14 26.10 24.39 23.09 21.49 19.87 19.17 18.10 16.77 15.42 13.96 12.32 10.71  8.98  8.45  7.00  5.64
30.48 30.87 30.98 31.14 31.35 31.60 31.98 31.76 31.49 30.84 31.23 31.36 31.54 31.69 31.73 31.85 31.84 31.66 30.12 28.64 26.65 26.12 24.42 24.12 22.18 20.76 20.37 19.91 19.80 19.63 18.96 18.23 17.47 17.11 16.51 15.57 15.02 14.39 13.62 13.20 12.73 12.48 11.96 11.96
traj-13:
10.35 11.19 11.71 12.44 13.60 13.92 15.18 16.67 17.24 18.78 19.96 21.29 22.53 22.95 24.33 25.93 26.99 28.95 29.91 30.96 30.78 30.67 30.45 30.40 30.17 29.03 27.79 25.95 24.48 22.70 21.38 19.98 18.63 17.92 16.07 14.67 13.03 11.81 10.02  8.70  7.06  5.20  4.19  2.23
 6.33  7.49  8.19  9.22 10.71 11.11 12.33 13.19 13.50 14.63 15.33 16.04 17.36 17.79 18.53 19.56 19.87 19.86 20.68 22.21 23.94 25.52 27.09 27.64 29.08 30.12 30.15 30.29 30.28 30.28 30.34 30.31 30.27 30.30 30.25 30.17 30.17 30.19 30.48 30.58 30.46 30.37 30.34 30.53
traj-14:
 4.84  5.66  7.50  9.47 11.34 13.09 15.02 16.02 17.17 18.26 20.14 22.07 23.33 24.10 24.40 26.30 27.57 29.08 31.05 31.03 30.32 30.37 30.47 30.65 30.70 31.01 30.67 30.09 28.79 27.40 25.53 23.85 22.63 20.92 19.86 18.25 16.78 14.98 13.66 12.92 11.45  9.62  8.60
31.00 30.99 30.80 30.60 30.38 30.42 30.37 30.43 30.40 30.40 30.55 30.74 30.80 30.79 30.78 30.51 30.27 30.13 29.94 29.05 27.33 26.26 25.13 24.16 23.87 22.15 20.29 19.98 18.72 18.66 19.04 18.65 18.03 17.32 16.98 16.40 15.91 15.51 15.30 15.27 15.07 14.74 14.62
traj-15:
17.57 17.34 16.77 17.01 17.36 17.37 17.97 18.80 20.01 20.94 21.71 22.83 24.57 26.29 27.72 29.18 30.12 30.15 30.20 30.25 30.23 30.07 28.30 28.01 26.14 25.27 24.01 22.51 21.88 20.29 18.50 17.55 15.96 14.80 12.89 12.59 10.68  9.43  7.53  6.34  4.64  3.06  2.59
 5.30  5.91  7.41  9.02 10.76 12.45 13.51 14.48 15.61 16.21 16.81 17.78 18.72 19.17 19.88 20.50 22.24 23.67 24.80 26.24 27.68 29.39 30.11 30.02 30.16 30.19 30.27 30.26 30.24 30.25 30.35 30.45 30.51 30.43 30.47 30.43 30.49 30.54 30.64 30.71 31.14 31.53 31.70
traj-16:
 2.90  3.32  4.35  6.29  8.19  9.47 11.33 12.99 14.79 16.55 18.33 19.48 21.11 21.70 23.67 25.54 27.33 27.99 29.45 30.00 30.14 30.28 30.31 30.44 30.23 29.87 28.12 26.58 24.92 23.25 22.09 20.66 19.22
31.43 31.20 30.51 30.31 30.51 30.50 30.57 30.70 31.15 31.38 31.14 31.07 30.91 30.89 30.78 30.57 30.48 30.37 30.21 28.37 26.99 25.29 24.85 22.98 21.36 20.82 20.08 19.66 19.20 18.73 18.56 18.33 18.95
traj-17:
19.57 19.66 20.27 20.93 21.49 22.11 21.93 22.19 22.23 22.87 23.10 24.90 25.47 26.79 28.14 29.51 30.05 30.09 30.08 30.12 30.09 30.12 29.63 28.03 27.63 25.65 24.39 23.21 21.26 19.67 18.46 16.50 15.70 13.80 11.85  9.87  8.52  6.77  5.05  3.07  2.65
 5.43  5.72  7.37  9.24 11.10 12.95 14.06 15.66 16.51 17.87 18.07 18.82 19.17 19.53 19.94 20.67 21.43 23.12 24.83 26.28 27.76 28.91 30.19 30.33 30.26 30.39 30.39 30.62 31.00 31.08 31.19 31.55 31.73 32.03 31.98 32.03 32.01 31.61 31.64 31.81 31.88
traj-18:
 2.23  3.70  4.98  6.70  7.87  9.84 11.44 12.86 14.86 16.55 18.41 20.28 20.68 21.12 22.67 24.18 25.56 27.26 28.80 29.48 30.91 30.93 31.07 31.35 31.29 31.33 31.34 30.39 28.61 28.04 26.13 24.56 23.81 22.19 21.91 21.60 21.52 21.38 21.39 21.48
31.65 31.50 31.33 30.77 30.51 30.36 30.44 30.40 30.34 30.29 30.38 30.43 30.44 30.48 30.63 30.67 30.75 31.00 31.42 31.42 30.23 29.04 27.26 25.76 23.80 22.07 20.88 19.32 19.92 20.05 20.04 19.86 18.71 17.72 15.76 15.27 13.54 11.60  9.64  7.90
traj-19:
 6.96  8.12  9.33 11.23 11.52 13.25 14.61 16.41 17.02 18.81 20.27 20.76 22.02 23.47 25.21 26.83 27.41 28.22 29.23 30.38 30.63 30.68 30.71 30.49 30.49 29.67 29.08 27.32 25.50 24.14 22.40 21.32 19.47 18.50 16.56 14.72 12.98 11.41  9.45  7.89  6.54  5.67  4.21
 9.72 10.99 11.71 12.17 12.26 13.05 14.05 14.74 15.01 15.79 16.52 16.84 17.57 18.30 18.86 19.74 19.92 20.24 20.74 22.09 23.93 24.81 26.42 28.13 28.43 30.09 30.19 30.61 31.39 31.58 31.86 32.11 31.83 31.74 31.76 31.52 31.39 31.00 30.91 30.82 31.40 31.89 32.72
traj-20:
 2.21  4.17  6.11  7.28  8.56 10.49 12.16 13.43 14.85 15.43 17.20 18.86 19.45 20.64 22.39 24.38 25.52 26.95 28.45 29.81 30.25 30.33 30.79 30.76 30.67 30.60 30.38 29.66 28.02 26.32 24.57 22.79 21.12 19.62 18.41 17.31 16.53 15.59 14.22 13.56 12.39 11.44 10.38
30.95 30.68 30.59 30.53 30.49 30.57 30.58 30.53 30.43 30.56 30.57 30.40 30.31 30.30 30.57 30.73 30.81 31.58 31.25 30.10 28.41 28.12 27.77 26.28 24.62 22.93 21.16 19.97 18.86 19.09 19.22 19.37 18.81 17.70 17.01 15.87 14.87 13.72 12.31 11.58 10.17  9.14  7.94
traj-21:
12.43 13.06 14.51 16.21 17.61 18.88 20.11 21.04 21.80 22.51 24.00 24.82 26.35 28.21 29.20 30.47 30.81 30.83 30.60 30.53 30.19 30.22 30.57 30.40 29.18 27.23 25.31 24.13 23.05 21.94 20.11 18.34 17.47 16.02 14.93 13.14 11.30  9.52  8.36  6.96  5.34  3.73  2.73
 8.28  9.20 10.55 11.49 12.29 12.95 14.28 15.34 16.03 17.31 18.50 18.69 19.49 20.19 20.33 21.81 22.02 22.80 24.71 25.30 26.77 27.36 29.27 30.14 31.50 31.25 30.81 30.68 30.56 30.47 30.35 30.16 30.10 30.19 30.28 30.56 30.82 30.89 30.89 31.06 31.05 30.86 30.77
traj-22:
 4.80  6.31  7.55  8.46 10.16 12.10 13.95 15.79 16.98 18.94 20.72 22.72 23.88 25.63 27.06 28.43 29.80 30.32 30.20 30.15 30.10 30.04 29.03 27.55 26.33 24.66 23.82 22.72 21.91 21.43 20.63 20.02 21.21 21.21 21.28 21.30
32.53 32.31 31.99 31.71 31.81 31.52 31.15 30.88 30.78 30.70 30.58 30.66 30.69 30.83 30.82 30.87 30.37 28.47 27.06 26.19 24.21 22.27 20.60 19.59 19.28 18.71 18.44 17.33 15.51 14.11 12.34 10.75  9.21  7.53  5.69  5.39
traj-23:
13.41 14.78 15.64 17.15 18.71 20.30 21.82 23.62 25.52 27.39 29.32 30.04 31.19 32.30 32.28 32.20 32.13 32.15 31.52 31.02 29.20 27.76 25.97 24.56 22.81 21.22 19.82 18.58 16.94 15.55 14.77 13.07 11.46  9.82  8.53  7.10  5.30  3.43
19.92 19.97 20.00 20.18 20.00 20.12 20.02 19.77 19.53 19.95 20.30 20.60 22.22 23.79 25.25 27.01 28.50 29.40 31.09 31.42 31.51 31.08 30.88 30.74 30.61 30.58 30.57 30.62 30.55 30.50 30.46 30.46 30.63 30.78 30.87 31.18 31.47 31.80
traj-24:
 4.43  4.93  6.71  8.59 10.36 12.06 14.01 15.17 16.79 18.40 19.77 21.14 23.00 24.76 26.50 27.90 29.39 29.98 31.09 30.86 30.60 30.57 30.40 30.21 29.07 27.66 26.69 25.61 24.33 22.54 21.36 19.49 19.14 17.26 15.73
32.37 32.37 31.96 31.72 31.69 31.38 31.07 31.02 30.83 30.61 30.75 31.07 31.60 31.82 31.80 31.61 31.52 31.45 29.83 29.46 27.51 25.95 24.12 22.21 20.68 19.87 19.61 19.33 18.98 18.43 18.32 17.91 17.85 17.68 17.35
traj-25:
13.42 14.48 16.31 17.54 19.42 21.35 22.93 23.52 24.98 26.55 27.76 29.54 29.72 30.26 30.50 30.69 30.57 30.51 30.30 30.13 29.55 28.53 26.65 24.73 22.95 21.17 19.19 17.21 15.98 15.19 13.74 12.41 11.28  9.94  8.21  6.41  5.06  4.01
16.07 16.24 16.45 16.79 17.47 17.95 18.56 18.75 19.16 19.85 19.76 19.86 19.85 21.64 23.38 25.08 26.95 27.93 29.08 29.32 31.13 31.04 30.85 30.56 30.51 30.57 30.54 30.65 30.74 30.61 30.60 30.51 30.44 30.42 30.71 31.27 31.51 31.71
traj-26:
 2.32  4.31  5.58  7.52  8.42  9.54 10.56 12.24 14.17 15.84 16.53 18.49 20.39 21.45 23.35 24.33 26.04 27.38 28.38 29.50 30.21 30.18 30.16 30.07 30.08 29.30 27.74 26.00 24.72 23.12 22.23 20.49 19.63 17.88 16.72 16.56
30.81 30.86 30.72 30.69 30.85 31.02 31.23 31.45 31.43 31.27 31.12 30.85 30.76 30.68 30.71 30.70 30.72 30.64 30.45 30.17 28.39 26.50 25.39 23.75 22.03 20.49 19.81 19.91 19.79 19.86 19.93 20.08 20.15 20.19 19.63 19.19
traj-27:
15.97 17.78 19.39 21.08 22.76 24.24 25.63 27.44 27.74 29.56 30.33 30.18 30.17 30.47 30.21 30.15 29.38 27.49 25.95 24.05 22.55 20.59 18.78 18.07 16.64 15.90 14.47 13.32 11.37  9.40  9.10  7.35  5.83  4.02  3.72
18.58 18.57 18.57 18.80 19.18 19.40 19.60 20.09 20.15 20.38 21.86 23.61 25.10 26.81 28.65 29.10 30.03 30.29 30.51 30.77 31.05 30.94 30.91 30.84 30.89 30.87 30.80 30.81 30.79 30.68 30.66 30.53 30.51 30.43 30.42
traj-28:
 3.29  4.45  5.90  7.86  8.14  9.69 11.67 13.18 14.54 15.37 17.30 19.25 19.78 21.67 22.63 24.53 26.15 27.33 28.61 29.46 30.15 30.15 30.42 30.29 30.18 30.11 29.19 27.45 26.08 24.97 23.12 22.12 20.53 19.35 17.66 16.39 14.94 14.09 12.34 11.43 10.34  8.73
30.37 30.53 30.52 30.43 30.44 30.72 30.68 30.65 30.59 30.39 30.12 30.49 30.56 30.48 30.57 30.31 30.25 30.21 30.18 30.07 28.31 28.01 26.21 24.65 23.16 21.70 20.08 20.01 19.91 19.72 19.46 19.38 18.91 18.36 17.91 17.52 16.99 16.69 16.31 16.07 15.76 14.77
traj-29:
 9.22 10.03 11.19 11.88 13.55 14.88 15.62 16.78 17.41 19.07 20.24 21.36 21.62 23.24 24.88 26.85 28.14 29.91 30.28 30.57 30.59 30.66 30.45 30.24 30.17 30.11 28.38 27.41 25.98 25.03 23.39 21.45 20.92 18.95 17.11 15.71 14.36 12.83 11.11  9.35  8.18  7.18  6.15  4.72
12.90 13.23 13.75 14.09 14.72 15.18 15.50 16.10 16.36 17.02 17.49 18.22 18.37 19.46 19.71 19.35 19.15 19.36 20.80 22.28 23.95 25.89 26.10 27.23 28.98 29.87 30.70 31.09 31.61 31.42 31.20 30.79 30.72 30.57 30.49 30.50 30.37 30.21 30.24 30.21 30.44 31.13 31.38 31.61
traj-30:
 4.87  6.54  8.29 10.27 11.47 13.23 15.21 15.35 17.08 18.77 20.51 22.13 24.06 25.97 27.85 28.61 30.14 30.64 30.75 30.51 30.34 30.23 29.53 28.38 26.76 26.18 24.51 23.74 22.28 21.18 20.04 18.70 16.79 15.03 13.29 11.76 10.38  8.51  6.71  5.30
30.92 31.05 31.07 31.24 31.03 31.04 30.93 30.90 31.00 31.09 31.26 31.39 31.18 31.05 30.37 30.19 29.56 28.35 26.89 24.93 23.02 21.58 20.30 19.99 20.03 20.05 19.84 19.68 19.51 19.01 18.54 18.01 18.00 17.75 18.02 17.90 17.74 17.50 17.67 17.67
traj-31:
21.50 21.00 20.86 20.40 20.02 19.80 19.97 20.98 22.34 23.83 25.04 26.35 28.21 29.93 30.24 30.38 30.55 30.70 30.52 30.46 30.46 28.69 26.74 24.79 23.48 21.60 19.81 17.92 15.98 14.42 13.21 12.05 10.98  9.83  8.13  7.84  5.96  4.45  2.70  2.12
 6.61  8.33 10.21 11.65 13.36 15.13 15.99 16.79 18.08 18.69 19.06 19.37 19.83 19.91 21.14 21.78 23.42 25.08 26.74 28.41 30.05 30.76 30.86 30.60 30.54 30.38 30.62 30.52 30.74 30.90 30.88 31.13 31.29 31.51 32.08 32.16 32.43 32.41 32.45 32.56
traj-32:
 2.87  3.47  5.35  6.77  7.84  9.38 11.06 12.29 14.21 15.95 17.74 19.70 21.64 22.02 23.72 24.22 26.08 27.76 29.29 29.85 30.62 30.55 30.65 30.74 30.65 30.72 29.58 29.08 27.23 25.55 24.69 23.06 21.23 20.42 18.72 18.09 17.39 16.19 15.73 15.14 14.10 13.41 12.87 11.33 10.05  9.94
30.82 30.82 30.89 31.15 31.22 31.04 31.28 31.21 31.12 31.43 31.91 32.00 31.55 31.42 31.38 31.24 30.71 30.39 30.21 30.21 28.38 27.36 25.50 24.77 23.21 22.11 20.59 19.89 20.32 19.99 19.96 20.09 19.89 18.98 18.33 16.72 14.93 13.44 12.36 11.20  9.75  8.55  7.70  6.69  5.26  5.20
traj-33:
11.03 11.29 12.10 12.97 14.22 15.47 15.99 16.82 18.21 19.29 19.76 21.34 22.96 24.36 24.96 26.45 28.19 29.31 30.29 30.48 30.46 30.26 30.72 29.40 28.90 27.18 25.84 24.24 22.83 21.06 19.82 18.78 17.25 15.27 13.47 11.61 10.97  9.13  7.31  5.36  3.46
 6.10  6.64  7.83  9.45 11.01 12.11 12.54 13.96 15.06 16.52 16.77 17.40 18.47 19.17 19.43 19.83 20.27 20.72 22.40 23.55 25.28 27.22 29.08 30.23 30.81 31.62 31.84 31.45 31.10 31.31 31.40 31.13 31.14 31.41 31.69 31.71 31.55 31.54 31.52 31.45 31.54
traj-34:
 5.06  5.72  7.28  8.54  9.98 11.71 13.36 15.29 16.57 18.47 20.00 21.90 23.59 24.84 26.48 27.99 29.28 31.17 31.96 31.91 31.91 31.61 31.26 30.42 29.48 28.04 26.78 25.52 24.12 22.43 21.02 19.95 18.77 17.52
30.82 30.81 30.80 30.77 30.85 30.92 30.85 30.85 30.86 30.86 30.86 30.89 30.90 30.95 31.08 31.00 31.25 30.91 29.29 28.69 26.70 25.03 23.71 21.94 20.83 20.35 19.94 19.39 18.79 17.87 17.14 15.46 13.94 12.55
traj-35:
18.16 19.97 21.96 23.58 24.60 25.63 27.59 29.18 30.01 30.44 30.66 30.89 31.02 30.06 29.51 29.23 28.65 26.78 25.88 24.41 22.67 20.93 20.00 18.20 16.28 15.72 14.29 13.42 11.86  9.92  8.95  7.83  6.42  5.23  3.34
19.99 20.00 20.00 20.03 20.04 20.10 20.09 20.46 20.90 22.71 24.14 25.75 27.15 28.83 30.12 30.50 30.66 31.19 31.23 31.30 31.50 31.64 31.90 31.36 31.40 31.29 31.24 31.22 31.11 30.74 30.72 30.55 30.87 31.11 31.54
traj-36:
 3.32  4.53  5.59  6.70  8.04  9.03  9.27 11.17 13.14 14.56 16.22 17.71 19.11 20.92 22.10 23.07 24.69 26.03 27.26 29.05 30.11 30.41 31.14 31.37 31.07 30.71 29.25 27.97 26.58 24.75 23.53 21.59 19.75 18.92 17.15
31.75 31.63 31.45 31.25 30.87 30.72 30.62 30.45 30.52 30.55 30.61 30.73 30.84 30.88 30.86 30.87 30.85 31.21 31.50 30.74 29.27 27.81 26.15 25.11 23.29 21.68 20.50 19.98 19.97 19.90 19.88 19.82 19.65 19.62 19.51
traj-37:
20.38 21.29 21.53 22.89 23.97 25.25 27.07 28.59 30.28 30.53 30.79 30.73 30.46 30.31 30.12 29.96 28.36 27.28 25.60 24.24 22.25 20.32 19.11 18.31 16.31 14.71 13.42 12.23 10.24  8.77  7.02  6.14  4.23  2.52  2.22
14.24 14.95 16.47 17.88 18.80 19.06 19.66 20.05 20.80 21.94 23.11 24.77 26.57 27.31 28.88 30.37 31.44 31.32 30.87 30.64 30.44 30.73 30.73 30.64 30.64 30.59 30.57 30.58 30.56 30.54 30.65 30.60 30.61 30.74 30.71
traj-38:
 3.80  4.89  6.17  7.95  9.93 10.68 12.24 13.21 14.45 15.73 17.66 19.28 20.93 22.28 24.22 25.53 27.49 29.39 29.71 30.37 30.43 30.66 30.44 30.15 30.04 29.14 28.33 26.62 25.36 23.41 22.21 21.39 20.08 18.44 16.50 14.82 13.92 12.40 12.04 10.74 10.01  8.89  8.29
31.44 31.31 31.02 30.89 30.86 30.75 30.92 31.10 31.25 31.36 31.33 31.60 31.17 30.84 30.63 30.51 30.39 30.34 30.02 28.39 28.10 26.12 24.19 22.55 21.39 20.18 19.81 19.72 19.26 19.16 18.69 18.54 18.30 18.16 17.83 17.36 16.24 14.96 14.68 13.55 12.84 11.85 11.21
traj-39:
17.27 19.03 20.50 22.03 22.62 24.21 25.47 27.22 28.64 30.30 30.43 30.62 30.91 31.07 30.89 30.84 29.54 27.68 25.75 24.36 23.04 21.98 20.70 18.89 18.37 16.78 15.17 13.33 11.35 10.07  8.27  6.78  4.84  4.05  2.13
18.35 19.24 20.11 20.05 20.11 20.19 20.10 19.99 19.95 20.82 22.26 23.81 25.15 26.79 28.46 29.06 30.14 30.58 30.79 31.03 31.16 31.17 31.20 31.19 31.13 31.13 31.21 31.33 31.60 31.74 31.51 31.87 32.33 32.36 32.50
traj-40:
 2.78  3.07  4.86  5.58  7.47  9.22 10.32 10.61 12.17 13.18 14.59 15.92 17.76 19.16 20.71 22.22 24.15 25.63 26.62 28.17 29.52 30.04 30.24 30.56 30.42 30.45 30.25 29.95 28.00 26.96 25.73 23.86 22.96 21.54 19.73 18.58 17.77 16.21 15.15 14.02 13.18 12.31 11.52 10.55
32.18 32.27 31.41 31.23 31.15 30.72 30.50 30.43 30.18 30.54 30.82 31.07 30.98 31.01 30.91 30.98 31.34 31.45 31.20 30.47 30.06 28.51 26.64 25.07 23.85 22.05 20.31 20.09 20.00 19.93 19.81 19.19 18.66 17.62 17.55 16.67 16.29 15.07 14.27 13.94 13.20 11.66 10.41  8.68
traj-41:
14.27 14.75 15.40 15.62 16.39 16.93 17.85 18.64 19.16 19.18 20.01 21.20 22.67 24.09 25.99 26.29 28.22 29.51 30.12 30.10 30.04 30.08 30.14 29.66 27.89 26.29 25.58 23.93 23.31 21.99 20.72 18.84 17.57 16.81 15.12 13.46 12.69 10.93  9.03  8.07  6.32  4.77  4.48
 7.49  8.53  9.85 10.38 12.14 13.17 14.14 15.69 16.72 16.72 17.59 18.95 20.24 20.02 20.10 20.06 20.12 20.69 21.18 22.90 24.74 26.23 28.23 30.01 30.10 30.43 30.51 30.43 30.66 31.08 31.03 31.01 31.22 31.22 31.12 30.97 31.47 31.44 31.44 31.29 31.49 32.20 32.31
traj-42:
 3.42  5.22  6.08  7.91  9.74 10.88 12.54 14.32 16.01 17.56 19.14 21.02 22.41 23.55 25.02 25.51 27.18 28.40 30.13 30.34 30.53 30.74 30.71 30.49 29.58 27.90 27.63 25.79 24.06 23.17 21.33 20.08 19.13 17.32 15.51 14.54 12.76 11.43  9.54  7.76  7.49
30.52 30.50 30.47 30.42 30.29 30.22 30.25 30.19 30.17 30.19 30.21 30.57 30.99 31.15 30.70 30.59 30.35 30.07 29.37 27.93 26.11 24.22 23.62 21.85 20.50 19.83 19.85 19.52 19.14 18.58 18.12 17.93 17.68 17.21 16.76 16.51 15.79 15.51 15.01 14.63 14.56
traj-43:
21.82 23.75 24.43 25.93 27.79 29.06 30.26 30.35 30.42 30.48 30.68 30.39 30.17 28.76 27.88 26.51 25.44 23.67 22.77 21.64 20.52 18.70 17.42 16.31 14.51 13.62 11.80  9.84  8.73  7.64  6.56  4.74  3.38  2.83
19.48 19.74 19.81 19.95 19.99 20.74 21.63 22.59 24.12 25.01 26.98 28.87 29.80 31.08 31.21 31.46 31.01 30.84 30.80 30.71 30.63 30.56 30.47 30.44 30.58 30.51 30.55 30.64 30.68 31.09 31.49 32.14 32.62 32.81
traj-44:
 3.49  5.07  7.06  8.31  9.50 11.31 12.64 13.56 15.11 16.85 18.69 19.64 21.35 23.22 23.56 25.32 27.21 28.81 30.08 30.57 30.68 30.66 30.39 30.16 30.13 29.55 28.06 26.95 25.15 23.98 23.31 22.42 22.09 21.36 20.59 19.92 19.12 18.52
32.55 32.52 32.53 32.42 32.81 32.46 31.85 31.60 31.83 30.95 31.34 31.41 31.63 31.52 31.66 31.92 32.07 31.21 30.17 28.46 27.57 25.81 24.49 22.57 21.71 20.61 20.09 19.87 19.26 19.01 18.22 17.20 16.36 14.65 13.45 12.39 10.59  8.82
traj-45:
21.26 21.24 21.15 21.08 20.94 20.33 21.24 21.58 22.27 23.13 23.72 25.04 26.81 27.95 29.33 30.03 30.08 30.13 30.25 30.11 30.07 28.92 27.26 25.72 23.87 22.09 20.74 19.74 18.00 16.96 15.03 14.12 12.15 10.78  8.86  7.07  5.41  4.31
 5.49  6.37  8.33  9.40 11.13 13.03 13.95 14.97 16.49 18.22 18.65 19.41 19.82 20.10 20.43 21.78 23.44 25.20 27.06 28.84 29.13 30.49 30.90 31.05 30.95 30.62 30.43 30.39 30.55 30.59 30.66 30.73 30.71 30.77 30.95 31.29 31.62 31.79
traj-46:
 2.91  3.21  5.08  7.07  8.14  9.74 11.49 13.41 14.94 16.46 17.44 18.82 19.69 21.44 23.43 24.50 26.29 27.63 29.33 30.04 30.07 30.10 30.20 30.22 30.13 29.32 28.20 26.95 25.57 24.23 22.83 22.08 20.62 19.15 17.22 15.69
30.65 30.68 31.05 31.15 30.71 30.35 30.46 30.80 31.15 31.79 32.24 32.06 31.75 31.13 31.11 30.96 31.03 31.16 30.73 28.93 27.08 25.51 23.65 22.57 21.11 19.81 18.95 18.66 18.33 18.19 18.03 17.60 17.28 17.75 18.21 19.28
traj-47:
18.55 19.82 20.91 21.92 23.25 24.60 26.31 27.47 29.35 30.25 30.47 30.60 30.70 30.71 30.11 29.48 27.89 27.06 25.29 23.95 22.85 21.24 20.16 19.11 17.34 16.29 14.83 12.92 12.46 10.77 10.12  8.54  6.84  5.62  4.52  3.68
14.63 15.71 16.60 17.39 18.35 18.95 19.27 19.92 20.52 22.29 24.24 25.64 26.65 28.02 29.29 31.12 31.63 31.61 31.67 31.21 30.89 30.97 31.05 31.10 31.37 31.56 31.60 31.50 31.49 31.39 31.41 31.23 31.52 31.21 30.59 30.18
traj-48:
 5.09  6.56  8.54 10.17 11.94 13.09 14.68 16.22 18.13 19.44 20.90 22.50 22.92 24.78 25.79 27.51 28.04 29.95 30.11 30.38 30.71 30.65 30.72 30.54 30.25 28.41 26.58 25.20 24.46 23.14 21.77 20.13 19.17 18.06 16.62 15.04 13.62 12.42 10.96  9.91  8.61  7.84  7.42
30.38 30.40 30.53 30.38 30.39 30.49 30.76 30.93 31.03 31.26 31.45 31.59 31.67 31.62 31.52 31.06 30.99 30.50 28.54 28.43 27.03 25.54 23.83 22.37 20.95 20.29 20.09 19.95 19.84 19.61 18.94 17.83 17.22 16.50 15.44 14.43 13.58 12.75 11.53 10.70  9.40  8.47  7.69
traj-49:
 7.06  8.62 10.20 11.61 13.04 14.42 15.76 16.93 18.41 19.79 20.79 21.59 22.15 24.11 25.90 26.20 27.94 28.32 29.07 30.19 30.39 30.64 30.72 30.89 30.98 31.20 31.08 29.44 27.59 26.02 25.35 23.80 22.39 21.46 20.38 18.55 16.66 16.03 14.32 13.57 11.68 10.22  8.24  6.46  4.95  4.04
10.46 11.10 11.70 12.22 12.83 13.81 14.60 15.28 16.55 17.54 18.20 19.02 18.97 19.23 19.31 19.36 19.57 19.57 19.82 21.36 22.99 24.73 25.68 27.00 28.80 30.53 31.38 32.43 32.13 32.01 31.91 31.67 31.53 31.23 31.03 30.81 30.49 30.48 30.44 30.40 30.39 30.34 30.29 30.36 30.34 30.41
traj-50:
 4.02  4.96  6.75  8.39  9.92 11.29 12.89 14.40 15.85 16.64 18.53 20.04 21.50 22.47 24.26 26.19 27.27 29.12 30.00 30.09 30.06 30.04 30.33 30.35 30.34 29.12 28.52 26.54 24.90 23.14 21.29 20.61 18.80 17.12 15.38 14.03 12.20
32.49 31.87 31.16 31.14 31.18 31.00 30.88 30.79 30.63 30.59 30.68 30.69 30.95 31.02 31.29 31.73 32.14 31.79 30.00 28.03 26.57 26.02 24.20 23.33 21.58 20.08 20.09 20.08 20.07 20.07 19.89 19.81 20.02 20.11 20.20 20.30 19.95
traj-51:
 5.73  6.33  7.38  8.66  8.85 10.24 11.19 12.09 12.69 14.06 14.57 15.75 17.10 17.91 19.14 20.19 21.86 23.43 25.39 27.37 27.67 29.46 30.62 30.67 30.67 30.45 30.38 30.30 29.05 27.47 26.65 24.84 23.02 21.05 19.12 17.50 16.51 14.65 12.73 11.05  9.39  7.72  6.94  5.01  4.24
 9.32  9.81 10.60 11.84 12.05 13.37 14.45 15.10 15.60 16.48 16.73 17.36 17.87 18.14 18.55 18.98 19.46 19.99 19.90 20.01 19.98 20.50 22.10 24.07 24.71 26.49 27.31 29.10 30.27 30.63 30.51 31.00 31.17 31.05 31.04 31.18 31.31 31.14 31.10 31.93 31.95 32.06 32.16 32.50 32.66
traj-52:
 4.62  5.77  7.61  9.47 10.96 12.94 13.54 15.19 16.05 17.73 19.47 20.72 22.60 24.37 25.72 27.46 28.01 29.41 30.17 30.29 30.53 30.56 30.65 30.47 30.43 30.26 29.51 28.42 27.35 26.02 24.37 22.73 21.00 20.04 19.01 18.06 16.45 15.28 14.13 12.87 11.78 10.44 10.33
30.26 30.34 30.58 30.69 30.84 31.03 31.22 31.19 31.29 31.77 31.41 31.12 30.85 30.74 30.79 30.63 30.83 30.19 29.33 28.57 26.64 25.11 23.74 22.49 21.40 20.29 19.36 18.58 18.70 18.78 18.80 18.14 17.27 16.45 15.78 15.20 14.11 13.26 12.36 11.52 10.50  9.13  9.10
traj-53:
 6.01  7.04  8.37  9.03 10.19 11.13 12.46 13.87 15.70 17.26 19.03 20.16 21.81 22.98 24.82 26.23 28.19 28.68 30.24 30.72 30.54 30.53 30.40 30.62 30.61 30.36 29.68 28.61 26.99 25.15 23.73 21.74 19.84 17.90 16.16 14.32 14.02 12.29 11.76 10.06  8.10  7.45  5.51  4.01
12.24 13.45 14.35 14.96 16.19 17.06 18.33 18.96 19.34 19.41 19.96 19.91 19.92 19.98 19.95 19.98 20.19 20.18 20.61 21.02 22.71 24.21 24.99 26.95 28.67 29.36 30.16 30.55 30.64 30.86 30.80 30.88 30.87 30.69 30.51 30.37 30.31 30.60 30.59 31.03 31.39 31.55 31.98 32.28
traj-54:
 2.95  4.58  5.05  6.67  8.49 10.24 12.16 13.57 15.24 17.04 18.45 20.20 21.59 22.91 24.31 25.93 27.81 28.46 30.40 31.00 31.10 30.61 30.42 30.43 30.52 30.64 29.38 27.46 25.54 24.28 22.86 21.43 19.45 17.67 16.39 14.86 13.62 12.12 10.24  8.98
30.81 30.60 30.56 30.24 30.20 30.27 30.43 30.52 30.82 30.98 31.33 31.43 31.14 30.82 30.81 30.85 30.88 30.79 30.79 29.08 28.79 27.03 25.14 24.09 22.41 20.67 19.71 19.84 19.93 19.99 19.97 20.02 19.86 19.45 19.19 18.71 18.60 19.24 18.80 18.66
traj-55:
10.33 11.95 13.39 15.00 16.68 18.01 19.61 21.13 21.93 23.66 24.87 26.36 27.12 29.00 30.77 30.81 30.76 30.51 30.30 30.14 29.55 28.97 27.17 25.22 24.32 22.53 20.58 18.88 18.35 16.70 16.04 14.56 13.92 12.28 11.69  9.75  8.00  7.20  5.41  3.66
14.65 15.37 16.05 16.79 17.43 17.56 18.01 18.58 18.88 19.14 19.55 19.93 19.97 20.20 21.02 22.51 24.09 25.82 26.96 28.32 30.08 30.90 30.82 30.54 30.55 30.72 30.90 30.99 31.01 31.03 31.06 31.14 31.06 31.01 30.95 31.36 31.35 31.35 31.39 31.75
traj-56:
 3.83  4.88  6.42  8.11  8.88 10.47 12.15 14.14 14.79 16.18 17.54 19.52 21.47 23.23 25.13 25.68 26.80 28.12 29.45 31.14 31.12 30.97 30.75 30.65 30.43 30.01 28.37 26.80 25.77 23.99 22.29 20.90 19.64 18.62 17.27 16.73 15.46 13.74 12.64 10.80  9.25  8.60
32.70 32.36 31.94 31.51 31.34 31.29 31.15 31.10 31.07 30.78 30.54 30.46 30.40 30.43 30.64 30.79 31.03 30.62 30.17 29.12 27.90 25.97 24.15 23.18 21.41 20.92 19.87 20.13 19.98 19.51 18.68 17.70 16.22 15.21 14.34 14.08 13.15 12.54 12.16 11.44 10.86 10.62
traj-57:
18.64 19.54 20.34 20.98 21.99 23.05 23.60 25.29 26.34 27.40 29.10 30.09 30.04 30.06 30.17 30.33 30.03 29.43 27.60 25.67 25.37 23.52 21.92 20.31 18.78 17.32 16.72 15.11 14.05 12.65 10.98  9.99  8.83  7.22  5.62  4.99
13.31 13.95 15.29 16.05 17.49 18.95 19.43 19.72 19.77 19.98 20.69 22.00 23.43 24.53 26.29 27.96 29.59 30.28 30.30 30.02 30.02 30.06 30.18 30.15 30.30 30.24 30.20 30.52 30.51 30.45 31.05 31.34 31.88 33.00 32.88 32.89
traj-58:
 4.80  6.50  7.39  9.20 11.05 11.63 12.94 13.91 15.42 16.46 18.26 20.14 21.04 22.17 23.89 24.94 26.39 27.50 28.55 29.95 30.32 30.37 30.38 31.08 30.67 30.35 29.08 28.23 26.45 24.47 22.75 21.34 20.63 18.94 17.89 17.24 16.32 15.29 14.83 14.16 13.78 12.91 12.12 12.21
31.33 30.80 30.78 30.52 30.35 30.28 30.22 30.22 30.21 30.20 30.21 30.70 30.60 30.58 30.80 30.90 31.06 31.11 31.15 30.01 28.97 27.66 26.58 25.04 23.08 21.54 20.22 19.65 19.93 20.00 20.20 19.21 18.13 17.21 15.54 14.63 13.19 11.61 10.91  9.85  9.16  7.47  5.93  5.12
traj-59:
17.32 17.46 18.20 18.85 20.01 21.06 21.88 22.95 24.40 25.33 26.78 28.34 29.65 31.36 31.27 31.11 31.04 31.13 31.09 29.26 29.18 27.46 25.56 24.51 22.55 20.62 18.80 17.40 15.62 14.16 13.14 11.99 10.62  8.89  7.24  5.51  4.06
 8.57  9.17 10.90 12.36 13.94 15.40 16.60 17.71 18.86 19.22 19.83 20.47 20.90 21.85 23.08 24.93 26.89 28.78 29.38 30.04 30.33 31.03 31.25 31.58 31.58 31.41 31.14 31.12 31.12 30.86 30.77 30.67 30.76 30.62 30.57 30.40 30.21
traj-60:
 3.50  4.66  5.90  7.56  7.97  8.38 10.33 12.11 13.48 15.33 16.39 18.12 19.80 21.74 23.14 24.70 25.83 27.33 29.07 30.13 30.46 30.73 30.57 30.35 30.20 30.08 29.88 28.50 28.07 27.80 25.99 24.23 23.55 21.72 20.64 19.38 18.30 17.42 16.65 14.92 13.34 12.05 11.20
30.92 30.98 31.76 31.31 31.27 31.03 30.61 30.48 30.41 30.29 30.25 30.21 30.23 30.27 30.48 30.60 30.62 30.54 30.33 29.03 28.73 27.15 25.70 24.03 22.06 21.20 20.98 19.89 19.48 19.34 19.33 19.54 19.46 18.86 18.32 17.62 16.74 16.20 15.53 14.62 13.40 12.52 11.93
traj-61:
19.57 20.80 21.71 22.56 24.42 26.27 27.38 28.68 29.23 30.20 30.38 30.90 31.19 31.08 30.61 30.09 29.71 28.20 26.50 25.48 23.59 22.09 20.33 18.45 16.70 15.32 14.01 12.10 10.31  8.44  6.48  5.00  3.13
15.30 16.41 17.19 18.03 18.67 19.23 19.29 19.82 20.13 21.68 22.83 24.39 26.02 26.53 28.44 30.15 30.55 31.37 31.79 31.64 31.41 31.41 31.48 31.70 31.64 31.41 31.13 30.97 30.93 30.74 30.75 30.69 30.66
traj-62:
 4.89  6.38  7.30  8.99 10.84 12.05 13.89 15.17 16.97 17.70 19.66 21.36 23.25 24.54 26.29 28.05 28.90 30.23 30.19 30.14 30.22 30.16 30.17 30.18 28.94 27.05 25.46 23.62 22.17 20.43 20.13 18.39 17.04 16.67
31.29 30.79 31.02 31.07 31.20 31.30 31.56 31.74 31.70 31.85 31.78 31.68 31.40 31.49 31.40 30.95 30.80 29.41 28.52 27.34 25.43 23.80 22.68 21.47 19.92 19.92 19.87 19.93 20.12 20.09 20.05 19.84 18.51 17.60
traj-63:
18.10 18.35 18.62 18.80 19.08 19.94 20.20 21.14 22.94 24.09 25.71 26.88 28.18 29.91 30.19 30.18 30.22 30.48 30.88 31.00 31.05 29.84 28.39 26.40 25.22 24.10 22.19 20.42 18.58 17.69 16.10 14.21 13.69 12.16 11.43  9.80  9.10  7.49  6.12  4.51  3.38
 7.15  8.85 10.36 11.97 13.72 15.48 15.99 17.41 18.22 18.69 19.15 19.75 20.02 20.26 20.76 21.38 21.85 23.57 25.52 27.18 28.65 30.02 30.16 30.30 30.36 30.53 30.74 31.07 31.65 31.52 31.29 31.01 30.93 30.51 30.47 30.64 30.69 30.82 30.99 31.07 31.08
traj-64:
 3.28  5.22  5.30  6.17  7.29  9.09 10.79 12.56 12.94 14.49 15.15 16.98 18.76 19.05 20.98 22.28 24.12 26.04 27.93 29.74 30.50 31.39 31.09 30.86 30.54 30.12 29.09 28.53 26.67 25.18 23.65 21.91 20.62 19.35 18.43 17.44
31.65 31.19 31.17 31.05 30.90 30.77 30.71 31.34 31.39 31.01 30.84 30.44 30.44 30.39 30.32 30.40 30.42 30.32 30.10 30.14 29.15 27.51 25.84 24.17 23.18 21.78 20.17 20.15 20.02 19.37 18.71 17.83 16.62 15.79 14.62 13.82
traj-65:
14.54 15.10 15.66 16.13 17.18 18.55 19.70 20.94 22.71 23.82 25.02 26.53 28.53 29.38 30.15 30.47 30.60 30.51 30.45 30.47 30.03 28.52 28.06 26.23 24.71 23.92 22.09 21.06 19.24 18.05 16.77 14.93 13.05 11.38  9.60  8.06  6.44  5.18  3.85  2.18
10.55 11.68 12.82 13.24 14.39 15.75 17.19 18.55 18.89 18.97 19.41 19.55 19.46 20.02 21.49 23.41 24.62 25.98 27.48 28.91 30.40 30.83 30.97 30.94 30.83 30.70 30.89 30.94 31.12 30.80 30.60 30.54 30.47 30.71 30.86 31.02 31.42 31.75 32.14 32.61
traj-66:
 2.63  3.93  5.05  6.16  7.27  8.91 10.76 11.74 12.88 14.12 15.09 16.28 18.21 18.81 20.39 20.99 22.60 24.07 25.16 26.30 27.74 29.52 30.28 30.75 30.55 30.60 30.54 30.21 30.14 29.28 27.73 26.03 24.94 23.07 22.29 21.32 20.04 19.41 17.98 16.99 15.86 14.38 13.05 12.16
30.87 31.81 32.57 32.44 32.33 31.97 31.68 31.54 31.29 31.03 30.95 30.82 30.62 30.61 30.61 30.59 30.54 30.65 30.57 30.55 30.99 31.35 29.52 29.07 27.28 25.52 24.54 22.58 20.84 19.13 18.60 19.46 19.44 19.44 18.85 18.13 17.07 16.54 15.62 14.84 14.39 14.02 13.85 13.73
traj-67:
10.45 11.47 12.71 13.60 14.84 16.14 17.37 18.22 20.19 21.31 23.05 24.99 26.84 27.84 29.57 30.08 30.25 30.41 30.39 30.36 30.42 30.16 28.32 26.44 26.15 24.35 23.36 21.53 20.21 18.21 16.82 14.84 13.29 11.94 10.05  8.31  7.00  5.67  4.08  2.69  2.17
16.77 17.03 17.20 17.83 18.66 19.47 20.06 20.24 20.15 20.13 20.07 19.90 19.75 19.66 20.67 21.60 22.77 24.68 25.87 27.74 28.87 30.27 30.35 30.26 30.28 30.33 30.33 30.21 30.28 30.29 30.36 30.28 30.27 30.24 30.49 30.69 31.03 31.26 31.58 32.09 32.32
traj-68:
 4.24  6.07  7.19  8.53  9.79 11.67 13.50 14.08 16.02 17.92 19.35 21.28 23.23 24.19 26.03 27.40 28.53 29.60 30.47 30.59 30.53 30.47 30.44 30.28 30.21 29.45 27.71 26.07 24.49 23.65 22.05 20.99 19.78 18.54 16.80 15.55 13.69 11.87 10.63  8.94  7.83  6.24
31.32 31.04 30.97 30.85 30.81 30.79 30.62 30.69 30.76 31.05 31.28 31.64 31.56 31.14 30.91 30.67 30.72 30.39 29.59 27.76 26.39 24.54 23.89 22.24 21.66 20.44 20.19 19.99 19.59 19.57 19.44 19.23 18.94 18.76 18.27 17.94 17.50 17.26 17.16 17.04 17.03 17.15
traj-69:
 5.43  6.65  8.26  9.62 10.93 12.55 14.38 16.24 17.11 18.78 20.20 21.90 23.44 24.27 25.39 26.50 28.14 28.68 30.33 30.48 30.56 30.61 30.59 30.35 30.07 29.39 27.80 26.14 25.28 23.50 21.65 20.07 18.14 16.73 15.41 13.79 12.63 11.04  9.09  7.13  6.56  4.91
11.68 12.21 12.94 13.47 13.69 14.18 14.63 15.09 15.32 15.86 16.32 17.31 18.36 18.57 19.01 19.34 19.76 19.96 20.81 22.54 23.44 25.22 25.84 27.29 28.47 30.21 31.11 31.48 31.68 31.56 31.58 31.18 31.00 30.95 30.74 30.61 30.69 30.68 30.86 30.90 31.05 31.54
traj-70:
 3.49  4.69  6.43  8.35 10.10 11.87 12.96 13.86 15.79 17.58 19.46 21.28 22.24 24.02 24.94 26.50 27.96 29.46 30.28 30.49 30.63 30.51 30.52 29.49 27.75 27.45 25.73 24.92 23.25 22.08 21.52 20.68 20.46 19.70 18.99 18.89 18.62 18.27 18.04
30.39 30.37 30.33 30.39 30.33 30.65 30.83 31.03 31.46 30.79 30.74 31.15 31.19 31.27 31.34 31.32 31.30 30.27 28.57 26.74 25.45 23.70 21.94 20.45 20.17 20.19 19.80 19.58 18.79 17.22 16.19 14.38 13.83 12.09 10.44 10.19  8.43  7.52  5.92
traj-71:
16.60 17.79 19.00 19.84 20.83 21.81 23.64 24.68 26.60 28.29 30.09 30.16 30.29 30.38 30.47 30.60 30.62 31.04 29.18 27.50 25.52 25.10 23.21 22.18 20.68 19.52 17.64 15.71 15.26 13.41 12.52 10.95  9.21  7.31  5.48  4.78  3.31  2.60
16.38 16.86 17.87 18.35 18.99 19.14 19.54 19.59 19.64 20.21 21.02 21.85 23.57 25.01 25.90 27.48 28.68 30.59 31.20 30.97 31.22 31.56 31.22 31.10 30.82 30.66 30.31 30.26 30.26 30.25 30.27 30.18 30.16 30.25 30.55 30.62 30.96 31.22
traj-72:
 2.36  3.17  4.83  6.42  7.35  8.45 10.37 11.69 12.91 14.80 15.87 17.83 18.84 20.20 21.83 22.87 23.48 25.07 25.63 27.44 29.13 29.37 30.17 30.11 30.19 30.37 31.17 31.26 29.68 29.08 27.61 25.73 23.86 23.20 21.82 20.71 19.72
30.47 30.64 31.13 30.60 30.54 30.43 30.56 30.74 30.90 31.11 31.08 30.77 30.84 31.05 31.33 31.10 30.47 30.23 30.37 30.50 31.01 30.35 28.53 27.11 25.33 24.11 23.01 21.86 20.88 20.50 19.57 19.00 18.40 18.11 17.46 17.07 16.80
traj-73:
20.96 20.37 19.73 19.51 20.09 21.39 21.59 22.44 24.40 25.84 27.45 28.03 29.58 30.04 30.10 30.75 31.09 31.16 31.12 30.04 28.64 26.70 25.37 23.49 22.99 21.38 19.89 18.23 16.76 14.94 13.20 12.52 10.97  8.97  7.39  6.32  4.94  4.16
13.11 14.26 16.10 16.78 18.44 19.80 19.86 20.10 20.26 20.27 20.25 20.23 20.67 21.34 22.19 23.96 25.51 27.24 29.24 30.71 30.46 30.63 30.65 30.75 30.70 30.80 30.85 30.90 30.78 30.53 30.47 30.53 30.69 30.74 31.12 31.21 31.74 32.06
traj-74:
 2.96  3.55  5.26  6.24  8.07 10.06 11.24 12.68 14.57 16.00 16.84 18.43 20.11 21.68 23.07 24.07 26.03 27.65 29.03 30.75 30.80 30.70 30.62 30.34 30.19 29.56 28.22 27.39 25.50 23.69 22.48 21.77 20.56 19.19 18.04 17.09 16.17 15.30 13.73 13.01 12.35 10.79  9.50
30.80 30.81 30.92 30.97 31.06 30.98 30.93 30.99 31.06 31.00 30.83 30.76 30.64 30.57 30.52 30.49 30.45 30.10 30.25 29.36 27.59 26.15 24.73 22.80 21.66 20.56 20.03 19.79 19.17 18.49 17.61 16.99 16.13 15.09 14.20 13.56 12.78 12.06 10.92 10.33  9.00  7.80  6.45
traj-75:
18.77 18.48 18.98 19.50 20.19 20.92 21.11 22.20 23.76 24.88 26.04 27.86 29.58 30.50 30.35 30.25 30.22 30.18 29.50 28.71 26.99 25.29 24.04 22.90 21.09 19.48 17.85 17.10 15.38 13.47 13.19 11.40 10.06  8.16  6.40  5.44  4.12
 7.80  9.43 11.27 12.43 13.77 15.38 15.73 17.23 18.30 18.49 18.94 19.78 20.33 21.81 23.57 24.96 26.57 28.42 30.10 30.37 31.04 31.23 31.42 31.57 31.62 31.42 31.35 31.31 31.38 31.78 31.66 31.76 31.68 31.82 31.29 31.00 30.82
traj-76:
 4.52  4.62  5.56  7.43  8.06  9.16 10.80 11.95 13.78 15.36 16.73 18.66 20.42 21.75 23.48 24.50 25.15 27.07 29.05 30.41 30.55 30.76 30.82 30.61 30.45 29.61 27.76 26.40 25.34 24.49 23.45 22.49 21.77
30.72 30.44 30.41 30.28 30.16 30.21 30.35 30.43 30.70 30.93 31.21 31.30 31.12 31.36 30.52 30.30 30.23 30.05 30.12 29.01 28.56 27.02 25.78 23.85 22.01 20.47 20.04 19.92 19.58 19.06 18.07 17.38 16.49
traj-77:
 7.73  8.15  9.69 10.69 11.91 13.42 14.09 15.87 17.04 18.77 20.10 21.65 23.02 23.85 25.16 26.40 28.31 29.97 30.64 30.61 30.94 31.18 31.20 30.98 30.78 29.02 28.05 26.22 25.21 23.63 22.09 20.56 19.94 18.31 16.55 14.83 12.92 11.22  9.47  8.59  7.18  5.21  3.27
15.93 16.06 16.54 17.05 17.50 17.72 17.73 18.12 18.14 18.52 18.78 19.43 19.54 19.54 19.63 19.81 20.19 20.68 21.92 22.15 23.59 25.40 27.25 29.19 29.42 30.36 30.62 30.92 31.06 31.34 31.49 31.33 31.32 31.85 31.77 32.03 32.02 31.96 32.03 32.14 32.16 32.20 32.46
traj-78:
 4.09  5.16  6.72  8.22  9.38 10.25 11.47 13.25 14.96 16.01 17.88 18.81 20.07 21.27 22.42 24.39 26.37 27.62 28.62 29.92 31.37 31.39 31.20 30.83 30.80 30.58 30.13 28.89 27.59 26.67 25.37 23.45 21.68 19.85 18.60
32.39 32.03 31.20 31.47 31.41 31.39 31.35 31.10 30.86 30.82 30.77 30.67 30.55 30.53 30.35 30.34 30.55 30.87 31.00 31.13 29.92 28.74 26.99 25.37 24.40 22.50 20.67 19.75 19.53 19.28 18.83 18.33 17.78 17.20 16.80
traj-79:
16.41 17.11 19.11 19.37 21.04 22.93 24.34 25.20 26.49 28.34 29.62 30.27 30.33 30.23 30.19 30.20 30.06 29.99 28.62 27.29 26.61 25.30 23.47 22.28 20.60 18.76 17.20 15.80 14.83 13.13 11.45  9.80  8.01  6.82  5.13  4.37
19.19 19.29 19.31 19.36 19.81 20.08 19.93 19.85 19.96 20.35 20.53 21.84 23.62 25.16 26.03 27.75 29.53 30.42 31.60 31.26 31.08 30.67 30.48 30.52 30.40 30.65 30.85 30.90 30.97 31.24 31.42 31.60 31.90 31.82 31.88 31.26
traj-80:
 4.75  4.89  6.72  8.51 10.35 11.68 13.66 14.81 15.66 17.05 18.34 19.90 21.18 22.05 23.49 24.53 26.33 28.27 29.20 30.07 30.06 30.08 30.08 30.10 30.10 30.03 29.34 28.92 27.28 25.92 24.60 22.73 20.76 20.46 18.63 16.88 15.99 14.24 12.64 11.93 10.02  8.84  7.31  5.44
32.34 32.33 31.66 31.09 30.49 30.21 30.26 30.33 30.38 30.47 30.50 30.82 30.96 30.95 30.86 30.73 30.51 30.41 30.20 29.10 27.31 26.75 25.30 23.83 22.35 20.80 19.98 19.08 19.04 19.27 19.56 19.65 19.95 19.97 20.04 20.32 20.36 20.13 19.48 19.27 18.69 18.35 17.95 17.46
traj-81:
17.79 17.60 17.49 17.87 18.31 18.38 18.73 19.34 19.47 21.28 22.71 24.46 25.75 27.66 27.93 28.23 29.48 30.43 30.50 30.72 30.81 31.02 31.16 31.39 31.26 29.49 27.98 26.93 25.14 23.45 23.04 21.16 20.86 18.92 17.20 15.51 13.95 12.40 11.14  9.72  8.12  7.17  5.56  4.70  3.27
 8.13  9.30 10.48 12.33 13.98 14.47 16.34 18.09 19.69 20.29 20.33 20.21 20.11 20.01 20.13 20.15 20.74 22.47 23.33 24.59 25.71 27.46 28.68 29.75 31.08 31.78 31.52 31.39 31.53 31.49 31.46 31.06 31.07 30.81 30.77 30.82 30.85 30.93 30.86 30.85 30.76 30.76 30.64 30.64 30.75
traj-82:
 3.43  5.12  6.63  7.36  9.31 11.02 12.77 14.48 15.33 16.39 18.25 19.44 21.10 22.11 24.08 24.84 25.62 27.37 28.80 30.40 30.59 30.85 30.89 30.74 30.51 30.36 30.23 28.64 27.07 25.25 24.60 22.83 22.37 20.89 19.58 18.42 17.16 16.69 15.16 14.13 13.10 12.60 11.02 10.60
30.56 30.63 30.79 30.92 31.01 30.90 30.66 30.72 30.83 30.86 31.10 31.11 30.87 30.69 30.39 30.26 30.34 30.18 30.15 29.54 28.51 27.16 25.86 24.58 22.81 21.66 20.78 20.20 20.17 20.01 19.96 19.63 19.07 17.76 16.65 16.17 15.18 14.92 14.08 13.27 11.56 11.22 10.53 10.24
traj-83:
 5.13  6.67  7.28  9.25 10.69 12.08 13.75 15.40 16.31 16.85 18.55 19.59 20.34 21.94 23.82 24.87 26.80 27.82 29.46 30.01 30.79 30.68 30.55 30.75 30.88 29.40 27.61 25.88 24.16 23.86 22.08 21.14 19.93 18.41 16.68 14.85 13.01 11.27 10.24  8.93  7.97  6.07  4.15  2.86
14.47 14.70 14.86 15.18 15.37 15.38 16.21 16.95 17.43 17.66 18.70 19.31 19.46 19.76 19.95 19.97 20.10 20.13 20.43 21.31 22.92 24.06 25.42 27.14 28.87 30.15 30.33 30.53 30.63 30.59 30.74 30.86 30.75 30.74 30.76 30.93 30.76 30.64 30.51 30.55 30.71 30.86 30.92 31.01
traj-84:
 3.39  5.06  6.71  8.13  9.92 10.77 12.09 13.48 15.39 17.34 19.10 20.92 21.89 22.19 23.95 25.26 26.37 28.07 29.30 30.06 30.10 30.35 30.49 31.02 31.71 31.97 30.61 28.71 26.89 25.43 23.77 22.82 21.24 19.75 19.52 18.16 17.29 16.12 14.70 13.42 11.82 10.35  9.34
30.45 30.38 30.33 30.49 30.71 30.84 31.15 31.12 31.02 30.83 30.77 30.72 30.63 30.61 30.19 30.30 30.47 30.65 30.20 29.80 27.81 26.64 25.86 24.07 22.39 20.40 19.45 19.25 19.64 19.28 19.01 18.77 18.27 17.12 16.92 15.61 14.74 13.98 12.85 11.88 10.85  9.54  8.64
traj-85:
14.44 15.54 16.32 17.02 18.25 19.34 20.60 21.68 23.35 24.31 25.66 26.89 28.53 30.20 30.72 30.73 30.75 30.63 30.58 30.08 30.02 29.28 28.37 26.75 25.14 23.55 21.91 21.06 19.86 18.70 17.64 15.80 14.17 12.69 10.82  9.06  7.99  6.41  4.78  3.29  2.10
 8.05  9.63 10.91 12.05 13.41 14.95 16.47 17.79 18.50 18.60 18.85 19.66 19.99 20.72 22.51 23.03 24.89 26.70 27.61 27.92 28.79 30.47 30.65 30.91 30.93 30.59 30.68 30.67 30.65 30.63 30.71 30.67 30.66 31.30 30.87 30.71 30.71 30.58 30.50 30.44 30.41
traj-86:
 2.15  3.04  4.31  5.98  7.84  8.71 10.44 12.17 14.12 15.00 16.81 18.67 19.06 19.80 21.07 21.81 23.78 24.07 25.92 27.81 28.76 30.27 30.46 30.37 30.20 30.37 30.39 30.30 29.38 28.02 26.51 24.75 23.66 21.81 20.18 18.63 17.33 15.82 14.36 12.45 11.54  9.66  8.66  7.29  6.45
31.57 31.65 31.71 31.30 30.93 30.86 30.64 30.47 30.63 30.63 30.91 30.99 31.11 30.90 30.72 30.42 30.52 30.56 30.71 30.89 31.02 29.82 28.64 26.89 25.66 23.78 23.48 21.72 20.58 20.19 19.97 20.03 19.97 19.97 20.03 19.61 18.93 18.44 17.61 17.22 16.98 16.37 16.13 15.83 15.67
traj-87:
20.46 22.15 22.75 24.58 25.69 27.65 29.04 29.89 30.37 30.58 30.75 30.88 30.68 30.42 30.18 29.51 28.11 26.79 25.86 24.50 23.13 21.62 20.31 19.08 18.05 16.71 15.16 13.41 11.86 10.17  9.09  7.31  6.71  5.43  4.81
18.05 18.69 18.92 19.24 19.37 19.10 19.03 20.77 21.66 23.51 24.96 26.50 28.02 28.18 28.68 30.09 31.15 31.64 31.65 31.42 31.05 30.83 30.69 30.60 30.61 30.42 30.49 30.55 30.41 30.25 30.27 30.31 30.27 31.15 31.52
traj-88:
 3.75  5.49  7.48  9.00 10.10 10.79 12.37 13.09 14.78 16.65 17.99 19.80 21.48 22.18 23.57 25.46 26.44 28.16 29.03 30.39 30.18 30.17 30.14 30.18 30.10 29.29 27.39 26.40 24.78 22.93 21.74 20.87 18.97 17.28 15.82 15.09 13.81 11.88 10.39  9.02  7.43
31.65 31.67 31.64 31.38 31.32 31.21 31.12 31.08 30.71 30.55 30.42 30.55 30.76 30.92 31.08 31.03 30.67 30.43 30.02 29.04 27.27 25.81 24.04 22.87 22.04 20.44 19.89 19.61 19.13 18.40 17.17 16.54 16.77 16.92 18.01 18.33 18.31 18.04 18.71 19.17 19.69
traj-89:
14.95 16.23 18.01 19.06 20.55 21.77 23.27 23.69 25.02 26.97 28.39 29.22 30.09 30.30 30.46 30.66 30.75 30.96 30.15 28.78 26.99 25.63 24.75 23.27 21.67 20.31 18.91 17.09 15.48 13.66 11.74 10.77  9.45  8.09  6.24  4.62
17.46 17.58 17.79 17.87 18.28 18.50 18.74 18.83 19.23 19.43 19.98 20.25 21.42 22.68 24.06 25.92 27.05 28.91 30.59 31.21 31.24 31.02 30.89 30.63 30.49 30.56 30.77 31.16 31.63 31.37 31.87 31.78 31.94 32.18 32.11 31.90
traj-90:
 4.54  5.43  6.83  8.54  9.39 10.61 12.45 14.42 15.97 17.47 18.78 19.51 21.13 22.63 23.48 25.32 26.59 28.52 28.89 29.18 29.53 30.11 30.10 30.09 30.12 30.14 30.20 29.34 28.54 27.65 25.97 24.14 23.00 22.18 20.70 19.32 18.41 17.23
30.58 30.77 30.97 30.89 30.89 30.69 30.44 30.30 30.22 30.25 30.29 30.31 30.35 30.44 30.53 30.65 30.67 30.84 30.71 30.63 30.25 28.49 27.04 26.45 24.70 23.82 22.00 20.50 20.20 20.03 19.71 19.27 18.97 18.65 18.12 17.65 17.34 16.96
traj-91:
 7.02  7.86  9.18 10.82 12.42 14.08 15.35 16.29 17.77 19.07 20.44 21.88 23.49 24.57 25.59 27.55 28.42 30.13 30.42 30.48 30.34 30.11 30.05 29.47 28.87 27.09 25.26 23.37 21.51 20.33 18.45 17.11 15.31 13.91 12.28 11.00  9.11  8.07  6.57  4.59
11.57 11.99 12.45 13.21 13.84 14.34 14.86 15.40 16.26 16.95 17.59 18.10 18.68 19.36 19.57 19.96 20.45 21.27 23.21 24.99 26.07 27.96 28.60 30.44 30.52 30.40 30.58 30.79 30.78 30.85 31.00 30.97 31.01 30.99 31.21 31.24 31.44 31.55 31.68 31.76
traj-92:
 4.21  5.31  7.10  7.39  9.00 10.39 11.91 13.48 15.25 17.05 18.20 19.92 21.28 22.26 23.84 24.82 26.76 28.68 29.55 30.24 30.29 30.37 30.47 30.45 29.56 28.20 27.17 25.48 23.94 22.25 21.27 19.69 18.19 17.25 15.80 14.47 13.66 12.47 11.10  9.94  8.44  7.85
30.97 31.04 31.34 31.41 30.96 30.62 30.27 30.20 30.18 30.22 30.25 30.28 30.27 30.31 30.19 30.20 30.17 30.13 29.99 28.18 26.99 25.44 23.91 21.94 20.96 19.95 19.61 19.15 18.51 17.64 17.16 15.96 14.68 13.96 12.83 11.73 11.01  9.81  8.65  7.73  6.49  5.99
traj-93:
14.08 14.67 14.83 15.80 16.56 17.58 18.83 20.25 21.67 23.26 23.67 25.65 26.87 28.68 29.33 30.22 30.24 30.35 30.50 30.65 30.46 29.04 27.32 25.68 23.96 22.18 21.59 20.09 18.71 17.26 15.64 14.34 12.40 10.82  9.25  7.93  6.11  4.18  2.50
10.05 11.67 12.21 13.74 14.80 16.10 17.61 18.91 19.10 19.21 19.32 19.59 19.85 20.01 20.31 21.66 23.26 24.95 26.72 28.71 29.57 30.94 30.81 30.91 30.90 30.83 30.87 30.99 31.04 30.84 30.76 30.80 30.56 30.61 30.38 30.37 30.43 30.54 30.71
traj-94:
 4.17  5.97  7.60  9.49 11.29 12.32 14.07 14.93 16.49 17.78 19.49 20.65 22.50 24.35 26.33 27.50 29.01 30.23 30.16 30.13 30.07 30.05 30.00 29.38 27.62 26.00 24.18 23.29 21.67 20.36 19.21 18.87 17.60 17.22
30.59 30.52 30.53 30.48 30.50 30.52 30.38 30.32 30.20 30.23 30.14 30.15 30.22 30.19 30.10 30.03 30.01 28.84 27.65 26.77 25.04 23.30 21.41 20.20 19.83 19.23 18.46 18.08 17.01 16.18 14.83 14.19 12.70 12.02
traj-95:
 9.72 10.05 11.53 12.57 14.05 14.82 15.85 17.20 18.56 20.24 21.38 22.53 22.64 23.88 24.52 26.51 27.33 28.86 30.04 30.41 30.63 30.32 30.27 30.39 30.26 28.55 27.22 25.26 23.54 22.00 20.81 19.50 18.24 16.30 14.57 12.61 10.89 10.33  8.59  6.72  5.77  4.14  2.94
 8.66  8.93  9.87 10.64 11.66 12.11 12.92 14.00 15.03 15.98 16.83 17.95 18.53 19.67 19.65 19.81 19.92 19.98 21.39 23.33 25.16 26.70 27.81 29.62 31.37 31.48 31.34 31.51 31.58 31.78 31.52 31.26 30.97 30.75 30.48 30.45 30.35 30.40 30.38 30.66 30.72 30.73 30.37
traj-96:
 4.16  4.60  6.26  8.10  9.23 11.05 12.01 13.42 14.69 15.53 16.94 18.31 19.94 21.34 22.63 24.44 25.03 26.93 28.86 29.64 30.09 30.11 30.25 30.26 30.26 30.15 28.66 27.05 26.45 25.02 23.51 21.81 21.51 19.55 18.66 16.88 15.73 14.05 13.53 12.05 10.99
31.59 31.45 30.95 31.01 31.09 31.42 31.35 31.33 31.59 31.78 32.13 32.28 31.89 31.57 31.25 30.67 30.68 30.61 30.33 30.24 28.41 26.73 25.00 24.41 22.94 21.18 19.96 19.79 19.67 19.77 19.83 19.91 19.93 20.05 20.09 20.17 20.22 19.85 19.66 19.63 20.10
traj-97:
19.55 19.35 19.28 20.49 21.49 22.63 23.60 24.30 26.11 26.98 28.43 30.28 30.48 30.86 31.05 31.39 31.60 30.99 30.41 28.51 26.72 24.84 24.24 22.75 20.76 20.54 18.69 17.81 16.62 14.67 13.94 11.95 10.20  8.78  7.03  5.27  3.93  3.44
10.45 12.15 13.53 14.83 15.82 17.39 18.64 19.30 20.09 20.17 20.29 21.03 22.75 24.55 26.01 27.47 28.62 30.33 31.51 31.20 30.97 30.91 30.81 30.62 30.60 30.62 30.61 30.62 30.51 30.49 30.49 30.50 30.41 30.51 30.81 31.58 32.14 32.44
traj-98:
 3.42  4.12  6.01  6.46  8.26 10.04 11.76 13.55 14.98 15.64 17.43 19.38 20.60 22.55 23.22 24.34 26.29 28.05 29.03 30.36 30.32 30.19 30.10 30.20 30.19 29.62 28.70 27.49 25.94 24.19 22.48 21.07 20.26 19.76
30.51 30.55 30.68 30.71 30.85 31.02 31.19 31.21 30.98 30.85 30.80 30.68 30.74 30.57 30.56 30.57 30.57 30.30 30.03 28.97 27.24 25.26 23.83 23.09 21.67 20.52 19.94 19.60 19.71 19.19 20.07 18.81 17.84 17.19
traj-99:
15.31 16.05 17.95 19.15 20.62 22.45 24.14 25.62 26.79 28.74 29.02 29.41 30.25 30.26 30.29 30.31 30.27 30.19 29.16 28.16 26.37 24.66 22.85 20.97 19.54 18.50 17.07 15.42 13.94 12.12 10.92  8.93  8.69  6.93  5.69  3.74  2.44
16.81 16.93 17.23 17.44 17.56 18.02 18.90 19.53 19.89 20.28 20.38 20.83 22.44 23.22 24.50 26.17 27.92 29.19 30.76 30.89 30.44 30.69 30.32 30.40 30.31 30.26 30.18 30.14 30.37 30.59 30.59 30.77 30.79 30.93 31.09 30.73 30.66
traj-100:
 2.67  3.67  5.62  6.18  7.89  9.69 11.33 12.72 13.99 15.56 17.35 18.25 19.50 20.83 21.83 23.66 25.60 27.55 27.99 28.18 30.06 30.20 30.22 30.21 30.10 29.29 28.51 27.93 26.32 25.11 24.21 22.75 21.00 19.85 17.91 17.21 15.61 14.89 13.24 11.35  9.71
30.80 30.78 30.65 30.58 30.51 30.64 30.56 30.56 30.41 30.43 30.14 30.08 30.16 30.17 30.19 30.25 30.34 30.42 30.28 30.05 29.84 28.08 26.11 24.37 22.38 20.85 20.48 20.36 19.44 19.19 18.46 18.41 17.45 16.10 16.26 16.18 15.97 16.13 16.19 16.57 17.36
traj-101:
15.67 15.91 16.62 17.01 17.50 18.58 19.48 19.90 20.90 21.92 22.50 23.09 23.83 25.46 26.77 28.59 29.37 30.34 30.33 30.36 30.25 30.21 30.06 29.01 27.19 26.00 24.97 23.55 22.36 21.07 19.30 17.37 15.64 15.04 13.25 11.47  9.91  8.50  6.77  5.03
 5.72  6.12  7.53  9.44 10.52 12.16 13.34 13.82 15.36 16.79 17.45 18.81 19.99 19.96 19.89 19.82 20.57 21.36 22.80 24.61 26.46 27.23 29.21 30.37 31.06 30.84 30.74 30.41 30.31 30.29 30.19 30.32 30.47 30.53 30.56 30.66 30.89 31.18 31.34 31.93
traj-102:
 2.80  3.30  4.91  6.82  7.64  9.42 10.35 12.23 14.04 15.35 16.49 17.86 19.77 20.73 22.07 23.90 25.23 26.62 28.44 30.21 30.20 30.17 30.15 30.08 30.09 29.34 28.09 27.80 25.90 25.13 23.31 21.81 20.93 20.17 19.00 17.87 17.15 15.72
31.43 31.23 30.43 30.35 30.45 30.62 30.73 30.75 30.48 30.49 30.89 30.81 31.00 30.53 30.37 30.46 30.43 30.32 30.17 29.39 28.22 26.50 25.04 23.26 21.49 20.17 18.96 18.65 18.37 18.58 18.34 17.96 17.42 16.78 15.92 14.92 14.34 13.21
traj-103:
21.10 20.16 19.39 18.63 18.09 17.82 17.92 18.96 19.56 20.49 21.11 22.45 23.25 25.02 26.83 28.50 30.30 30.63 30.78 30.61 30.57 30.48 30.47 28.61 27.08 25.27 23.59 22.95 21.57 19.58 19.28 17.39 15.46 13.62 12.99 11.04  9.49  7.63  6.10  4.42
 6.33  7.98  9.81 11.38 12.70 14.06 14.90 15.85 16.18 17.52 17.85 18.95 19.68 20.21 20.16 20.19 20.83 22.50 23.64 25.17 27.08 28.99 30.00 30.61 30.52 30.41 30.26 30.19 30.12 30.09 30.12 30.18 30.34 30.33 30.33 30.53 30.47 30.52 31.55 32.46
traj-104:
 2.15  3.01  4.74  6.64  7.56  8.83 10.01 11.80 12.84 14.48 16.09 16.86 18.69 19.51 21.21 22.99 24.60 26.57 27.42 28.72 29.63 30.22 30.14 30.12 30.09 30.11 30.08 29.48 27.89 27.64 26.10 25.05 23.83 22.49 21.90 21.18 20.64 20.20 19.77 19.40
32.31 31.09 30.47 30.42 30.27 30.40 30.53 30.72 31.17 31.95 31.54 31.40 31.21 31.14 31.10 30.86 30.75 31.04 31.13 31.39 30.01 28.32 26.33 25.75 24.07 22.52 21.72 20.56 19.93 19.76 18.91 18.59 18.43 17.43 16.51 14.72 13.21 11.71 10.61  9.57
traj-105:
 9.83 10.07 11.70 12.59 14.27 15.70 17.18 17.41 18.84 20.14 21.45 22.27 23.49 24.67 26.42 28.27 29.97 30.12 30.45 30.24 30.21 30.64 30.63 30.40 30.38 29.21 27.28 25.53 23.92 23.33 21.72 21.01 19.46 17.88 16.69 15.21 13.58 11.68 10.00  9.34  7.51  6.77  5.17  3.57  2.78
 8.84  9.02  9.80 10.39 11.38 12.42 13.62 13.80 14.82 15.64 16.40 17.28 18.49 19.25 19.73 20.15 20.82 21.07 22.61 24.50 25.29 27.18 27.48 29.18 29.78 31.18 31.16 30.96 30.87 30.77 30.55 30.49 30.40 30.27 30.27 30.21 30.39 30.46 30.52 30.64 30.82 31.05 31.35 32.04 32.26
traj-106:
 4.22  6.09  7.80  9.22 10.94 11.80 13.55 14.95 15.79 16.70 18.68 20.44 22.00 23.06 24.28 26.14 26.78 28.69 29.26 30.41 30.42 30.23 30.22 30.18 30.28 28.48 28.04 26.19 24.26 23.82 21.99 20.28 18.95 17.96 16.95 15.38 14.59 13.83 13.13 12.78 11.97 11.24 10.77
32.59 32.02 31.48 31.01 30.92 30.83 30.55 30.56 30.60 30.53 30.52 30.72 30.92 31.00 31.03 31.09 30.86 30.63 30.46 29.16 27.39 25.65 24.22 22.50 20.69 20.02 19.51 19.11 19.03 19.04 18.99 18.29 16.85 16.35 15.74 14.72 13.34 11.67 10.15  9.18  7.85  6.05  5.16
traj-107:
12.24 13.47 15.02 16.49 16.91 18.79 20.57 22.28 23.76 24.55 26.23 27.35 29.30 30.21 30.18 30.15 30.01 30.56 30.32 29.76 29.00 27.20 25.34 24.58 22.69 21.04 19.12 17.72 15.88 14.11 12.35 11.04  9.48  7.62  6.72  4.88  3.55
16.80 17.29 17.93 18.55 18.68 19.30 19.25 19.46 19.50 19.73 19.97 20.25 20.61 21.67 23.07 24.02 25.96 27.83 29.12 30.05 30.87 30.92 30.78 30.74 30.60 30.67 30.47 30.52 30.59 30.52 30.58 30.65 30.70 30.79 30.88 31.09 31.22
traj-108:
 3.59  5.48  7.38  8.66 10.27 12.23 13.99 15.80 16.04 17.45 19.22 19.45 21.27 22.67 23.49 25.11 26.84 28.36 30.03 30.37 30.68 30.53 30.42 30.15 30.15 30.31 29.08 27.37 25.83 23.97 22.85 21.28 20.63 19.14 18.07 16.61 15.86
32.69 32.20 31.71 31.55 31.43 31.50 31.47 31.45 31.38 31.40 31.26 31.21 30.98 31.08 31.08 31.08 31.24 31.23 30.31 29.60 28.09 26.65 25.51 23.57 23.27 21.50 20.12 20.09 20.06 20.05 20.23 20.15 19.76 18.53 17.54 16.41 15.76
traj-109:
 7.48  8.68 10.15 11.77 12.87 14.20 15.83 17.46 18.47 19.35 20.34 21.77 22.80 24.71 26.48 27.72 29.17 30.08 30.24 30.60 31.06 31.05 31.00 30.81 29.26 28.05 26.06 24.47 23.26 21.39 19.56 17.98 16.59 15.02 13.63 12.45 11.46 10.05  8.86  7.46  6.84  5.62  4.84
 9.09  9.77 10.73 11.90 12.63 13.27 14.28 14.96 15.73 16.25 17.01 17.88 18.39 18.88 19.36 19.88 20.44 21.91 22.75 24.33 26.22 26.98 28.88 30.01 30.96 30.79 30.93 30.85 30.83 30.81 30.79 30.78 30.57 30.46 30.51 30.43 30.36 30.26 30.23 30.30 30.44 30.69 31.23
traj-110:
 2.53  3.46  4.67  6.48  8.23 10.13 12.09 13.43 15.32 16.69 17.76 19.26 20.97 22.32 23.46 25.23 26.37 28.03 29.75 30.03 30.17 30.39 31.10 31.21 31.21 31.02 30.16 28.41 26.46 25.88 24.13 22.30 21.57 20.60 19.55 18.75
31.24 31.64 31.94 32.17 31.68 31.78 31.97 32.02 32.25 32.21 32.16 31.88 31.61 31.41 31.12 31.14 31.19 30.70 30.11 28.52 27.57 27.09 25.35 23.36 21.89 20.89 19.30 19.76 20.06 20.08 20.10 19.57 19.22 17.51 16.64 16.21
traj-111:
 7.65  9.26 11.06 13.04 13.86 15.58 17.22 18.85 20.53 21.12 23.08 23.78 25.71 26.82 28.62 30.25 30.63 30.81 30.87 30.96 31.21 31.28 30.42 29.71 27.75 25.86 24.46 22.79 20.80 18.95 17.37 16.54 15.12 14.18 13.02 11.98 10.56  8.62  8.34  6.56  4.78  3.43
19.87 19.83 19.69 19.70 19.78 19.72 19.61 19.74 19.90 19.96 19.98 19.99 19.91 19.94 20.11 20.76 22.29 24.00 25.37 26.20 28.09 29.28 30.88 31.14 30.95 30.80 30.62 30.58 30.59 30.68 30.73 30.80 30.75 30.79 30.81 30.73 30.59 30.58 30.72 30.75 31.15 31.65
traj-112:
 2.39  3.98  5.21  6.18  7.85  9.64 11.52 12.38 14.12 15.44 17.25 17.54 19.43 20.75 22.73 24.04 25.95 26.83 28.09 29.82 31.08 30.80 30.70 30.60 30.42 30.25 29.55 28.77 27.34 26.78 24.98 23.68 22.09 21.56 20.88 20.92 21.12 21.18 21.44 21.50
30.72 30.36 30.35 30.40 30.46 30.29 30.31 30.32 30.21 30.30 30.66 30.73 31.11 31.14 30.86 30.71 30.47 30.36 30.26 30.20 28.93 27.47 25.51 25.01 23.48 21.56 20.26 20.04 19.48 19.25 18.57 18.23 17.35 16.63 15.12 13.57 12.34 11.45  9.83  8.96
traj-113:
13.80 15.00 16.34 17.57 18.74 19.66 20.75 22.00 22.91 24.63 25.38 27.10 28.84 29.41 30.62 30.60 30.48 30.38 30.35 30.29 30.31 28.51 27.21 25.63 24.69 22.96 21.52 19.70 18.32 17.46 15.73 13.82 12.10 10.55  8.88  8.11  6.23  4.56  2.96  2.15
 9.57 10.85 12.14 13.54 14.86 15.69 16.58 17.61 18.47 19.28 19.61 19.84 19.99 20.17 21.74 22.63 24.01 25.55 27.41 28.10 29.57 30.11 30.27 30.39 30.49 31.13 31.53 31.89 32.05 32.07 32.00 31.87 31.67 31.98 31.84 31.77 31.86 31.47 31.17 31.02
traj-114:
 3.28  5.24  6.14  8.06  8.26 10.21 11.48 12.33 14.20 14.37 16.13 16.76 18.57 20.30 21.30 22.89 24.87 25.73 26.64 28.39 30.23 30.49 31.26 31.42 31.33 31.13 30.75 30.50 30.13 29.09 28.51 26.74 25.99 24.66 23.06 21.43 20.90 19.31 18.39 16.51 14.68 13.18 11.66 10.64  8.82  6.91  6.10
31.38 31.39 31.38 31.43 31.42 31.38 31.37 31.35 31.30 31.29 31.45 31.46 31.57 31.30 31.27 31.01 30.75 30.86 30.90 31.19 31.28 30.98 29.35 28.28 28.15 26.20 24.25 23.46 22.17 20.50 20.33 19.97 19.89 19.71 19.12 18.77 18.77 18.61 18.50 18.45 18.00 17.80 18.19 18.04 18.16 18.20 18.23
traj-115:
14.50 15.67 17.48 18.74 20.66 22.29 22.84 24.65 26.34 28.09 29.40 30.18 30.18 30.26 30.15 30.09 30.09 29.43 27.63 26.06 24.26 23.50 21.62 19.92 18.48 16.92 15.75 14.22 12.70 10.74  9.75  8.57  6.86  6.03  4.19
18.05 17.98 17.85 17.81 18.15 18.34 18.37 18.65 19.08 19.80 20.66 21.97 23.09 25.08 26.70 28.07 29.00 30.74 31.11 31.24 31.45 31.45 31.14 30.75 30.66 30.53 30.42 30.30 30.23 30.30 30.31 30.40 30.54 30.75 31.29
traj-116:
 3.82  5.12  6.43  7.03  8.98 10.95 12.49 13.78 14.90 16.75 17.65 19.20 19.64 20.77 22.35 23.23 24.46 25.70 26.76 28.17 28.93 30.36 30.70 30.52 30.44 30.35 30.33 29.50 28.29 26.79 26.12 24.62 23.73 22.03 21.38 21.11 20.82 20.36
30.47 30.56 30.60 30.60 30.72 30.82 30.77 30.69 30.56 30.76 30.88 30.71 30.70 30.61 30.62 30.65 30.64 30.62 30.40 30.33 30.06 29.44 28.72 27.17 25.41 23.54 22.06 20.44 20.16 19.84 19.77 18.98 18.55 18.19 17.03 15.75 14.70 13.47
traj-117:
 5.96  7.40  8.85 10.15 11.12 12.82 14.78 15.88 17.51 19.21 20.96 21.88 22.82 23.85 25.56 26.77 28.64 30.07 30.75 30.63 30.46 30.46 30.30 30.29 29.90 27.93 27.12 25.90 24.46 23.49 21.72 20.89 19.53 17.67 16.84 15.03 14.64 12.76 10.84  9.74  7.89  5.91  4.28
15.06 15.21 15.70 16.17 16.41 17.10 17.52 17.74 18.16 18.81 19.41 19.58 19.78 19.93 19.84 20.10 19.90 20.67 22.05 23.80 25.64 26.44 28.34 28.84 30.70 30.51 30.35 30.50 30.48 30.44 30.38 30.54 30.83 31.36 31.28 31.18 31.12 31.42 31.62 31.49 31.56 31.80 32.07
traj-118:
 3.90  4.19  5.08  6.07  7.42  9.32 11.24 13.12 15.04 16.90 18.73 19.74 21.05 22.80 23.45 25.36 27.26 28.18 28.29 28.57 30.22 30.40 30.47 30.58 30.78 30.91 29.76 28.71 26.78 25.13 23.67 21.91 20.25 18.97 17.97 16.26 14.66 13.21
30.80 31.01 30.58 30.43 30.56 30.63 30.32 30.34 30.39 30.37 30.32 30.29 30.26 30.33 30.38 30.42 30.52 30.51 30.35 30.26 29.49 27.91 26.45 25.15 23.78 21.86 20.42 20.14 19.86 19.60 19.34 18.52 17.80 17.29 16.85 16.06 15.54 14.93
traj-119:
14.12 15.61 17.54 18.14 19.63 21.54 22.23 24.19 25.36 25.42 27.36 29.19 30.02 30.67 30.68 30.41 30.87 30.78 30.83 30.57 28.93 27.69 25.94 24.01 23.18 21.30 19.97 18.13 16.13 14.43 12.54 12.15 10.27  8.40  6.90  5.27  3.43  2.72
18.58 18.42 18.72 18.92 19.13 19.31 19.37 19.37 19.37 19.39 19.71 20.06 20.86 21.74 23.30 23.92 25.56 27.17 29.10 29.63 30.44 30.56 30.67 30.78 30.72 30.71 30.80 30.83 31.00 31.09 31.22 31.27 31.41 31.20 31.21 31.29 31.91 32.08
traj-120:
 4.95  6.07  7.13  8.52  9.92 10.82 12.67 14.45 15.87 17.49 19.21 20.92 21.83 23.46 25.16 27.06 28.70 30.08 30.51 31.21 30.87 30.68 30.44 30.31 30.28 29.96 28.53 26.54 25.31 23.75 22.57 21.53 20.25 18.92 17.65 16.48 15.93 15.81 15.66 15.37 15.64 15.92
31.98 31.71 31.50 31.06 30.72 30.51 30.59 30.43 30.49 30.55 30.75 30.64 30.66 30.71 30.86 30.95 31.19 30.87 30.33 28.59 26.80 25.37 23.98 22.26 21.24 20.92 19.72 19.70 19.82 19.66 19.15 17.92 16.81 15.65 14.52 13.40 12.98 11.00  9.76  7.87  6.62  5.44
traj-121:
13.52 15.21 16.60 17.90 19.14 20.49 21.96 23.00 24.68 26.42 27.53 28.62 29.66 30.02 30.05 30.11 30.21 30.21 30.01 29.66 29.12 28.41 26.81 25.04 24.01 22.49 21.50 20.13 18.83 17.25 15.56 13.78 12.11 10.38  9.24  7.88  5.91  4.12  3.84
13.37 14.25 14.85 15.54 16.40 17.36 18.38 18.77 19.65 19.92 20.12 20.27 20.76 21.42 22.57 24.27 25.88 27.77 28.58 30.07 30.56 30.86 30.78 30.83 31.21 31.47 31.37 31.39 31.53 31.25 31.44 31.82 31.61 31.45 31.40 31.29 31.58 32.43 32.34
traj-122:
 3.35  3.67  5.36  7.20  8.86 10.04 10.85 12.54 14.08 15.86 17.56 18.73 19.98 21.40 22.17 24.08 24.99 26.61 28.41 29.76 30.08 30.04 30.08 30.13 30.13 30.15 29.74 28.45 26.55 24.63 22.96 22.38 21.72
32.11 31.82 31.60 31.36 31.15 31.06 31.10 31.00 30.47 30.21 30.46 30.65 30.80 31.03 31.18 30.74 30.69 30.54 30.45 30.01 28.60 26.86 25.40 24.26 23.12 21.19 20.77 20.19 20.12 19.67 18.88 18.14 16.57
traj-123:
14.55 15.67 17.09 18.15 20.07 22.02 22.37 24.30 26.18 28.09 28.56 29.05 30.16 30.30 30.33 30.57 30.82 30.90 30.38 29.69 27.88 26.71 24.82 23.07 22.22 20.43 18.48 16.75 16.11 14.22 12.66 11.08  9.14  7.36  5.91  4.79
18.10 18.25 18.44 18.68 19.02 19.02 19.12 19.57 19.76 19.95 19.93 20.14 21.64 23.13 24.72 26.42 28.12 29.87 31.55 31.70 31.18 30.86 30.91 30.97 30.95 31.20 31.03 31.01 31.16 31.30 31.59 31.80 32.12 32.31 32.10 31.99
traj-124:
 3.41  4.66  6.40  8.01  9.90 11.71 13.07 14.87 16.30 17.49 18.99 20.59 22.00 23.82 25.36 25.94 27.43 28.50 30.05 30.38 30.66 30.67 30.59 30.51 30.47 30.08 29.00 28.09 26.25 25.42 23.80 22.58 21.22 19.57 17.76 15.83 14.87 13.76 12.19 10.45  8.49  6.62  5.78
30.57 30.78 31.08 31.37 31.53 31.45 31.55 31.54 31.53 31.51 31.55 31.83 31.83 31.52 30.76 30.84 31.05 31.22 30.55 29.79 27.98 26.88 25.15 23.40 23.10 21.25 20.00 19.33 19.35 19.50 19.36 18.95 19.14 18.17 17.61 17.46 17.35 17.15 16.91 16.84 17.01 16.88 16.80
traj-125:
21.62 23.00 24.59 25.28 27.08 27.83 29.62 30.05 31.41 31.37 31.01 30.57 30.35 30.09 29.39 29.10 27.40 26.78 25.12 24.48 22.66 21.18 19.95 18.42 17.39 15.67 13.99 12.64 11.75 10.00  8.05  6.20  5.46  3.50
19.07 19.29 19.32 19.29 19.53 19.92 20.75 21.02 22.33 22.63 24.48 26.23 27.38 28.67 30.24 30.28 31.00 31.12 32.05 32.17 32.42 32.19 31.86 31.54 31.57 31.68 31.89 31.93 31.87 32.06 32.31 32.31 32.29 32.27
traj-126:
 2.05  3.56  5.04  6.77  8.50 10.03 12.02 13.93 15.51 17.40 17.70 19.49 20.56 22.19 24.00 25.56 27.26 28.88 29.33 30.14 30.28 30.52 30.77 30.95 31.01 31.02 29.20 27.21 26.36 25.08 23.60 21.93 21.47 20.23 18.94 18.03 16.93 15.35 14.31 12.95 12.30 10.61  9.61  8.31
31.29 31.13 30.53 30.49 30.62 30.51 30.50 30.69 30.73 30.84 30.83 31.05 31.09 31.07 31.24 31.25 31.04 30.13 30.05 29.12 28.24 27.04 25.11 23.14 21.38 20.78 20.09 19.92 19.61 19.21 18.61 17.68 17.46 16.23 14.99 14.43 13.69 12.55 11.76 10.96 10.53  9.51  8.83  7.95
traj-127:
 5.98  6.95  8.91 10.88 12.86 14.67 16.39 18.02 19.30 21.13 21.41 23.09 24.34 26.27 27.68 29.31 30.13 31.53 31.12 30.50 30.29 30.22 30.15 29.97 28.34 26.83 25.24 23.62 22.16 20.25 19.05 17.50 16.12 14.39 13.64 12.32 10.39  8.76  6.90  5.34  3.78  2.50
17.60 17.70 17.74 17.74 17.83 17.80 18.21 18.35 18.40 18.74 18.73 19.18 19.35 19.59 19.87 20.35 21.15 22.25 23.74 24.79 25.00 26.86 28.34 30.09 30.87 31.42 31.24 31.17 31.21 31.20 31.22 30.98 31.00 31.01 30.81 31.13 31.31 31.55 31.77 31.92 32.43 32.87
traj-128:
 4.08  5.14  6.40  7.73  8.50 10.46 12.20 13.37 15.14 16.50 18.25 19.58 21.56 21.85 23.84 24.94 26.89 28.26 29.46 30.44 30.59 30.71 30.46 30.32 30.10 29.15 27.29 25.38 23.89 22.38 20.63 19.16 18.29 17.17 15.89
30.27 31.17 30.73 30.47 30.47 30.26 30.53 30.72 30.91 30.97 31.10 31.19 31.31 31.37 31.39 31.37 31.33 31.32 31.33 29.68 27.90 26.01 24.39 22.64 21.11 20.24 19.91 19.60 19.31 18.10 17.37 16.66 15.95 15.28 14.65
traj-129:
17.47 19.19 20.78 21.78 23.67 25.18 25.89 27.82 29.73 30.10 30.18 30.23 30.19 30.19 30.26 30.25 29.46 27.99 26.27 24.99 23.11 21.20 20.48 18.70 17.56 15.68 13.77 12.93 11.76 10.14  8.45  7.03  5.90  4.28  3.34
18.76 19.10 19.24 19.40 19.71 19.89 19.88 20.15 20.01 20.74 21.65 22.82 24.70 25.28 27.15 28.28 30.00 30.05 30.08 30.16 30.25 30.37 30.46 30.60 30.75 31.10 30.55 30.51 30.54 30.61 30.74 30.76 30.84 31.09 31.36
traj-130:
 3.65  5.39  7.22  8.97  9.25 11.13 12.48 14.39 16.14 16.83 18.34 19.74 21.36 23.32 25.13 27.09 27.66 29.13 30.18 30.49 30.59 30.86 30.95 31.29 31.35 30.07 29.42 27.45 25.74 24.44 22.62 20.64 19.85 18.12 16.14 14.35
32.18 32.06 31.95 31.72 31.69 31.50 31.37 31.05 31.30 31.27 31.47 31.66 31.01 31.24 31.22 30.86 30.67 30.38 29.29 27.69 26.97 25.75 25.00 23.05 22.76 21.26 20.26 20.12 20.00 19.99 20.09 20.14 20.14 20.03 19.79 19.60
traj-131:
 8.49  9.73 11.34 11.66 13.00 14.43 16.24 17.48 19.14 20.36 21.73 23.39 25.17 26.97 28.76 29.33 30.23 30.52 30.86 30.63 30.58 30.33 30.05 29.21 27.56 25.79 24.40 23.08 22.06 20.23 19.62 17.93 17.04 15.08 13.88 13.00 11.57 10.01  8.33  7.89  6.19  4.36
13.62 13.99 14.45 14.52 14.87 15.40 15.81 16.21 16.94 17.24 17.80 18.57 19.16 19.55 20.03 20.18 21.89 22.89 24.55 26.41 27.01 28.14 30.03 31.45 32.07 31.44 31.08 30.86 30.75 30.48 30.56 30.64 30.52 30.31 30.49 30.53 30.69 31.11 31.07 31.16 31.73 32.45
traj-132:
 2.37  4.12  6.07  7.74  9.27 10.69 12.37 14.24 15.27 17.24 18.62 20.46 21.98 23.62 24.43 26.33 26.87 28.63 28.82 30.12 30.25 30.36 30.67 30.35 30.12 29.26 28.16 26.29 24.39 22.71 22.48 20.78 19.62 18.82 17.06 15.69 14.06 12.77 11.74  9.84  8.63  6.85  6.01
30.87 30.69 30.79 30.80 30.70 30.78 30.71 30.74 30.74 30.72 30.91 30.96 30.90 31.00 31.04 31.05 31.12 30.62 30.59 29.13 27.35 26.76 25.37 23.72 21.86 20.21 19.90 19.72 19.20 18.90 18.50 17.51 16.33 15.70 14.80 14.27 13.57 12.79 12.19 11.62 11.08 10.98 11.01
traj-133:
10.92 12.74 13.15 14.73 15.42 16.86 17.99 19.31 20.07 21.02 22.00 23.13 24.36 25.73 26.41 27.86 29.52 30.46 30.82 30.57 30.37 30.07 29.10 28.63 26.76 24.88 23.56 21.83 20.51 19.25 17.38 15.59 13.85 12.37 10.55  8.80  8.16  7.38  6.31  4.40  3.21
10.56 11.20 11.39 12.03 12.27 13.49 14.46 15.58 16.28 17.30 18.50 19.41 19.72 19.85 19.93 19.98 20.12 21.65 23.54 25.40 27.07 29.00 30.03 30.61 30.91 30.51 30.18 31.00 31.04 31.11 31.18 31.15 30.96 30.76 30.45 30.14 30.35 30.51 30.76 31.32 31.78
traj-134:
 4.64  6.04  7.42  9.34 10.14 11.56 12.71 14.42 16.28 16.58 18.58 19.92 20.79 22.09 23.58 25.02 26.57 28.46 29.90 30.17 30.28 30.44 31.00 31.05 30.03 29.00 28.43 26.97 25.18 24.46 23.08 21.41 19.90 19.09 17.82 16.91 15.56 14.21 12.62 11.23  9.50
31.23 31.07 31.01 31.11 31.10 31.21 31.05 30.72 30.96 30.94 31.01 30.75 30.71 30.77 30.80 30.97 31.21 31.06 30.39 28.65 27.17 25.98 24.55 22.75 21.15 20.37 20.19 19.83 19.94 19.95 19.86 19.41 18.28 17.86 16.89 16.09 14.99 14.55 13.48 13.00 12.47
traj-135:
 9.52  9.92 10.35 11.06 11.97 13.40 13.68 15.11 15.40 16.89 18.40 19.31 19.75 20.85 21.52 23.29 23.87 25.57 27.26 29.06 30.10 30.64 30.61 30.42 30.45 30.45 29.19 27.53 27.01 25.22 23.76 22.18 20.89 19.28 17.50 16.33 14.54 12.78 10.85  9.03  8.54  6.74  4.86  3.35
 7.24  8.38  9.44 10.58 11.23 12.23 12.55 13.72 13.78 14.90 16.02 17.76 19.25 19.93 20.31 20.32 20.29 20.18 20.10 20.10 21.51 23.24 24.99 26.44 27.62 28.80 30.01 31.01 31.27 31.87 31.67 31.28 31.13 30.87 30.67 30.71 30.66 30.74 30.61 30.64 30.65 30.40 30.67 30.95
traj-136:
 4.09  5.19  6.04  7.80  9.01 10.72 12.23 13.36 14.44 16.28 17.66 19.29 21.10 22.77 23.36 24.80 25.96 27.95 29.35 29.71 30.28 30.32 30.41 30.57 30.80 30.51 30.20 29.24 27.95 27.29 25.70 23.91 22.59 21.38 20.06 18.61 17.09 16.07
32.61 32.33 32.08 31.57 31.07 30.54 30.65 30.63 30.72 30.76 30.90 31.07 30.79 30.98 31.03 31.17 31.31 31.41 30.49 30.07 28.74 27.96 26.63 25.71 24.40 22.83 21.86 20.33 19.83 19.68 19.54 19.33 19.09 18.74 18.31 17.87 17.13 16.35
traj-137:
 6.02  6.52  7.88  9.39 10.87 11.73 11.88 12.82 13.12 14.08 14.51 15.98 17.53 18.31 19.37 20.44 21.56 22.78 23.80 25.15 27.02 28.60 29.28 30.36 30.46 30.68 30.54 30.38 30.60 30.40 29.47 28.42 26.57 25.26 23.48 23.19 21.21 20.00 18.82 17.04 16.25 14.33 13.26 11.37  9.58  7.91  6.36  4.89
 6.98  7.54  8.73  9.87 11.07 11.91 12.17 13.60 14.10 15.61 16.17 17.32 18.51 18.73 18.79 19.05 19.11 19.18 19.38 19.75 19.92 19.85 20.38 21.78 22.30 23.94 25.52 26.65 28.28 29.75 30.39 30.81 31.01 30.75 30.71 30.75 30.86 30.83 30.85 30.74 30.82 30.53 30.52 30.70 30.94 31.32 32.10 32.61
traj-138:
 3.89  4.36  6.14  7.84  9.06 10.74 11.89 13.37 15.01 16.52 18.29 19.63 21.25 22.50 23.54 24.94 26.66 27.52 28.38 28.97 30.23 30.46 30.63 30.60 30.67 30.59 30.06 29.37 28.25 26.90 25.50 24.29 22.61 21.69 20.90 20.32 19.68 18.68 17.74 17.20
31.52 31.38 30.85 31.14 31.41 31.67 32.05 32.30 31.97 31.14 31.01 31.30 31.37 31.44 31.53 31.46 31.30 31.33 31.20 31.27 29.85 28.56 27.21 25.36 24.59 22.82 21.00 20.27 20.07 19.55 19.05 18.62 17.69 17.11 16.04 15.26 14.18 12.65 11.30 10.22
traj-139:
11.75 12.80 14.47 16.15 17.76 18.00 19.59 21.41 22.16 23.78 24.92 26.21 27.44 28.89 29.29 30.00 30.30 30.50 30.71 30.80 30.83 30.82 29.64 28.46 26.78 24.88 23.33 22.53 21.16 20.40 18.44 18.15 16.24 14.82 12.89 10.92  8.98  8.06  6.16  4.33  2.55  2.18
13.40 14.06 14.92 15.85 16.89 17.06 17.70 18.12 18.32 18.58 18.95 19.30 19.80 20.52 20.63 21.86 23.24 24.52 26.21 27.55 28.69 29.94 31.05 31.12 31.02 31.00 30.99 31.04 31.06 31.08 30.82 30.74 30.75 31.04 30.96 31.03 30.79 30.59 30.37 30.47 30.45 30.45
traj-140:
 4.42  5.81  6.98  8.76  9.38 11.19 11.82 13.54 15.27 16.91 17.28 19.20 21.15 23.05 24.98 26.87 27.99 29.50 31.43 31.45 31.32 31.10 30.70 30.53 30.24 29.08 27.46 25.59 24.94 23.18 22.21 20.44 20.12 18.34 17.18 15.62 14.06 13.36 12.10 11.02  9.73  8.08  7.04
32.45 32.20 32.08 31.98 31.92 31.64 31.57 31.28 31.08 31.02 31.04 31.23 31.17 31.39 31.62 31.58 31.36 30.81 30.44 28.68 28.10 26.32 24.39 23.06 21.42 20.13 19.38 19.04 18.90 18.70 18.57 18.04 17.99 17.63 16.95 15.80 15.24 14.45 13.23 12.10 11.10 10.69 10.35
traj-141:
18.07 19.03 20.83 22.62 23.91 24.83 25.51 27.42 28.80 29.80 30.39 30.41 30.65 30.76 30.71 30.56 30.86 31.02 30.26 28.36 26.70 25.17 23.50 21.61 21.06 19.28 17.42 16.27 14.61 13.76 11.79 11.26  9.59  8.18  6.33  4.63  3.01
18.66 18.68 18.70 19.45 19.33 19.79 19.92 20.08 20.11 20.48 21.41 22.01 23.74 25.51 26.38 27.81 28.89 29.97 31.26 31.43 31.38 31.49 31.06 30.75 30.72 30.83 30.72 30.78 30.87 30.91 30.87 31.03 31.48 31.97 32.38 32.58 32.70
traj-142:
 5.05  6.98  7.93  9.63 10.86 12.77 14.23 15.50 16.27 17.94 18.73 20.12 22.03 22.62 22.92 24.65 26.04 27.45 27.93 29.64 29.94 31.38 31.57 31.48 31.14 30.85 30.31 30.02 29.15 28.78 28.71 26.94 25.27 24.44 22.58 21.59 20.09 18.37 16.70 15.20 13.96 12.74 11.69 10.59  9.87  8.77
30.17 30.40 30.46 30.52 30.59 30.67 30.71 30.77 30.78 30.65 30.58 30.89 31.11 31.23 31.23 31.28 31.40 31.42 31.32 31.44 31.45 30.21 29.27 28.14 26.18 25.34 23.52 21.85 20.28 19.82 19.52 18.61 19.07 18.93 18.85 17.51 17.61 17.07 16.47 15.79 14.46 13.05 11.95 10.80 10.05  8.79
traj-143:
 6.74  7.69  9.13 10.58 11.60 12.92 14.19 15.18 16.08 17.50 17.95 19.45 20.19 21.53 22.49 24.33 25.99 26.66 26.93 28.78 29.59 30.10 30.69 30.72 30.61 30.58 30.70 29.87 28.27 26.35 24.84 23.83 22.26 20.34 18.55 17.70 15.99 14.65 12.85 11.35  9.57  8.14  6.47  5.52  4.37  2.44
 5.88  6.58  7.57  8.36  9.64 11.00 12.53 13.47 14.54 15.49 15.81 16.98 17.57 18.76 19.22 19.82 19.92 19.98 20.11 20.35 20.63 21.40 22.88 24.22 25.58 27.30 29.01 30.77 30.68 30.58 30.63 30.88 31.52 31.24 31.27 30.90 30.92 30.88 30.90 30.95 31.10 31.14 31.30 31.41 31.46 31.74
traj-144:
 2.47  2.77  4.59  5.62  7.19  7.73  9.43  9.77 11.65 12.66 13.77 15.53 17.17 18.64 20.50 21.62 22.83 24.10 25.70 26.86 28.70 29.99 30.02 30.28 30.39 30.45 30.66 30.61 30.63 28.94 28.64 26.81 25.55 23.59 21.74 21.14 19.71 18.81 16.84 15.02 13.10 11.86
32.40 32.40 32.36 32.44 32.09 32.00 31.88 31.88 31.61 31.41 31.55 31.04 30.86 30.62 30.64 30.51 30.38 30.57 30.59 31.20 31.30 30.11 29.39 27.74 26.93 25.23 23.79 22.54 20.93 20.17 20.10 20.11 20.09 19.97 20.06 20.07 20.03 20.03 20.00 19.71 19.27 19.13
traj-145:
17.75 18.09 18.81 19.55 20.19 20.85 21.50 21.24 22.23 24.00 25.51 27.09 27.44 29.10 30.39 30.96 31.01 30.46 30.27 30.09 28.86 27.05 25.08 23.30 22.16 20.56 19.03 17.18 15.27 13.63 12.38 10.50  8.75  7.04  5.40  4.80  3.29  2.05
 7.72  8.38  9.80 11.12 11.93 13.71 15.33 16.96 18.09 18.64 18.98 19.51 19.75 20.26 21.69 23.39 24.55 26.45 27.74 29.05 30.28 31.04 31.24 31.41 31.46 31.31 31.04 30.91 30.97 31.03 31.19 31.21 31.01 30.57 30.74 30.77 31.10 31.77
traj-146:
 4.62  6.22  7.59  9.30 10.60 12.40 13.34 15.25 16.46 18.00 19.92 21.72 23.60 25.15 26.54 28.11 29.84 30.02 30.16 30.35 30.56 30.55 30.47 30.54 29.08 27.74 26.33 25.09 23.32 23.05 21.73 20.97 20.57 19.21 18.55 17.35
32.09 31.27 30.81 30.83 30.92 31.15 31.27 31.66 31.27 31.03 31.00 30.77 30.76 30.51 30.70 31.11 30.29 28.55 27.97 26.38 24.50 23.50 22.09 20.54 19.85 19.57 19.47 19.45 19.67 19.19 17.86 16.51 15.47 14.11 12.97 11.39
traj-147:
14.44 15.47 17.26 19.05 19.50 21.22 22.56 24.21 25.58 26.79 28.32 30.12 30.29 30.44 30.45 30.61 30.67 30.53 29.00 27.18 25.45 23.79 22.15 20.39 19.31 17.51 16.04 14.41 13.51 12.03 10.54  8.71  7.21  5.40  4.63
14.82 15.65 16.40 16.96 17.05 18.03 18.96 19.73 19.84 19.95 20.14 20.60 22.58 23.74 25.51 27.21 29.20 29.46 30.47 30.88 30.66 30.52 30.30 30.18 30.23 30.22 30.19 30.27 30.38 30.58 30.68 30.93 31.02 31.35 31.45
traj-148:
 4.41  5.11  6.51  8.42  8.72 10.45 11.97 13.26 14.45 15.64 17.43 19.16 21.00 21.62 22.69 23.45 25.29 26.73 27.02 28.80 29.54 30.18 30.26 30.27 30.22 30.23 29.29 28.44 26.79 25.29 24.54 22.72 21.84 21.00 20.47 19.02 17.88 17.85 17.74 18.09
31.58 31.47 31.02 30.85 30.88 31.06 31.22 31.32 31.17 31.08 31.02 31.30 31.08 31.06 31.20 31.13 30.77 30.45 30.41 30.31 30.09 28.28 26.53 24.60 23.26 21.94 20.32 20.20 19.40 18.68 18.72 18.05 17.12 15.86 15.14 13.92 12.68 11.99 10.15  9.08
traj-149:
 8.90 10.75 12.50 13.52 15.41 16.40 17.94 19.50 20.83 22.14 23.87 24.80 25.96 27.84 28.93 29.13 30.05 30.17 30.17 30.22 30.28 30.36 29.35 28.16 26.36 24.89 23.63 22.13 21.57 19.77 18.39 17.44 15.87 15.27 13.86 11.91 10.83  9.25  8.14  6.52  5.40  4.51  2.60
17.21 17.40 17.55 17.60 17.77 17.70 17.64 17.83 18.31 18.66 19.40 19.68 19.92 20.00 19.93 20.15 21.46 23.36 25.30 27.08 28.51 29.78 31.50 31.31 31.00 30.89 30.87 30.90 30.78 30.55 30.51 30.40 30.40 30.46 30.53 30.49 30.47 30.39 30.37 30.37 30.50 31.14 31.69
traj-150:
 2.80  3.34  4.84  6.64  8.58  9.90 10.86 12.48 13.58 14.51 16.44 18.22 19.81 21.00 22.19 24.10 25.85 27.52 29.46 30.66 30.50 30.45 30.42 30.33 30.22 29.42 27.66 26.64 25.35 23.43 22.04 20.42 18.68 17.01 15.43 13.77 12.91
30.11 30.07 30.07 30.16 30.20 30.26 30.23 30.35 30.45 30.52 30.63 30.75 30.91 31.02 31.11 31.47 31.79 31.47 31.29 29.75 28.00 26.56 25.45 23.80 21.81 20.29 19.78 19.84 19.80 20.00 20.07 19.68 19.10 18.39 17.59 16.68 16.20
traj-151:
13.50 13.89 15.51 16.70 18.45 19.04 20.82 22.79 24.65 25.00 27.00 27.57 29.31 30.22 30.58 30.69 30.81 30.93 31.07 29.22 28.05 26.64 25.33 23.79 22.00 20.53 19.37 17.60 15.65 13.73 12.47 10.51  9.07  7.59  6.42  4.71  3.06
17.97 18.22 18.46 19.41 20.08 20.10 20.16 20.20 20.20 20.21 20.13 19.97 20.91 21.49 23.22 25.05 26.19 27.87 29.67 30.36 30.84 30.80 30.72 30.55 30.47 30.39 30.35 30.29 30.23 30.23 30.23 30.27 30.28 30.27 30.25 30.43 30.39
traj-152:
 4.11  5.64  7.25  8.63  9.78 10.73 11.68 13.53 14.65 16.14 17.02 19.01 20.33 21.85 23.24 25.16 25.94 27.36 28.86 29.37 30.08 30.18 30.48 30.78 30.63 30.18 28.22 27.92 27.65 25.96 24.37 22.52 20.90 20.17 18.84 18.02 16.40 15.09 13.51 11.94 10.54  9.03  7.44  6.03
31.55 31.38 31.07 30.54 30.47 30.38 30.47 30.63 30.70 30.69 30.76 30.66 30.69 30.70 30.72 30.55 30.80 31.05 30.25 30.02 28.18 26.42 24.60 23.31 22.07 20.37 20.50 20.43 20.32 19.90 19.71 19.15 18.75 18.60 18.30 17.55 16.41 15.08 13.99 13.38 12.82 12.10 11.42 10.79
traj-153:
14.25 15.64 16.89 18.50 19.53 21.09 22.70 24.14 25.03 26.91 28.73 29.43 30.64 30.72 30.51 30.34 30.48 29.92 29.77 28.00 26.13 24.27 22.69 21.53 19.64 17.99 16.65 14.68 13.28 12.24 10.37  8.61  6.97  4.98
14.26 15.42 16.51 17.53 18.33 19.56 19.97 20.10 20.09 20.13 20.31 20.40 21.91 23.38 25.30 26.61 28.26 30.03 30.61 31.39 31.22 31.23 31.04 30.94 30.86 30.67 31.05 30.94 31.01 31.03 31.20 31.51 31.63 31.79
traj-154:
 3.55  5.26  7.11  9.05 10.41 12.38 14.36 15.98 16.71 18.17 19.68 21.66 23.09 24.91 26.03 27.70 28.93 29.83 30.29 30.50 30.69 30.84 30.63 30.31 30.27 29.98 28.38 26.99 25.52 23.76 21.85 20.20 18.56 17.65 15.84
31.14 31.10 30.99 30.87 30.87 30.89 31.04 31.03 31.10 31.41 31.72 31.89 32.16 31.92 31.81 31.00 30.47 30.12 28.48 27.32 25.95 24.86 23.69 21.80 21.25 20.85 19.88 19.85 19.34 18.55 18.03 17.07 16.16 15.80 14.94
traj-155:
11.95 13.20 14.71 15.06 15.53 15.65 16.75 17.14 18.77 19.89 20.33 21.16 21.47 22.74 24.01 25.00 26.67 27.58 29.14 29.30 30.17 30.25 30.72 30.59 30.58 30.40 30.27 30.03 29.78 28.50 26.69 25.16 24.34 22.41 20.61 20.32 18.52 17.50 15.69 14.08 13.19 11.25  9.75  7.94  6.06  4.87  3.50  3.00
 6.12  7.29  8.38  9.99 11.79 12.06 13.49 14.21 15.00 16.58 17.06 18.27 19.03 19.40 19.21 19.10 19.00 18.68 19.87 20.12 21.80 22.09 23.86 25.24 26.50 26.94 27.64 28.97 30.73 31.93 31.95 31.60 31.40 30.94 30.69 30.63 30.40 30.41 30.42 30.31 30.28 30.26 30.19 30.12 30.05 30.06 31.04 31.37
traj-156:
 2.93  3.38  4.96  6.10  7.30  8.51  9.32  9.87 10.87 12.54 14.08 15.82 17.70 18.77 20.57 21.71 23.69 25.24 26.35 27.45 29.15 30.26 30.32 30.51 30.57 30.58 30.33 30.00 29.72 28.15 26.27 24.86 23.29 22.18 21.37 20.45 20.11 19.02 18.03 17.50 16.56 15.56 15.11
31.60 31.85 32.38 32.34 32.25 31.90 31.68 31.56 31.24 31.43 31.09 31.22 31.02 31.58 32.30 32.70 32.53 31.80 31.39 30.92 30.74 29.30 28.81 27.05 25.58 23.73 22.31 21.11 20.80 20.14 19.74 18.91 18.35 17.21 15.59 14.07 13.50 11.90 10.55  9.61  8.18  6.79  6.12
traj-157:
 8.26  8.91 10.68 12.39 14.16 15.05 16.26 17.12 18.57 19.31 20.50 22.00 23.63 24.66 26.59 28.21 29.80 30.47 30.57 30.90 30.98 30.83 30.73 30.60 29.40 27.80 25.82 23.95 22.51 20.70 19.72 17.73 16.46 15.61 13.89 12.07 10.83  9.96  8.71  7.11  5.13  3.33  2.76
10.29 10.58 11.44 12.17 12.96 13.29 14.19 14.72 16.05 16.92 18.17 19.16 19.50 19.28 19.11 18.71 19.55 21.09 22.27 24.06 25.26 27.21 28.40 29.58 30.92 31.53 31.38 31.13 31.07 31.04 31.03 30.92 30.80 30.62 30.35 30.31 30.27 30.23 30.23 31.01 31.18 31.66 31.98
traj-158:
 4.10  5.42  6.86  8.77 10.55 11.59 13.34 13.63 15.63 15.91 17.71 19.54 19.75 21.65 22.84 24.68 26.18 27.84 29.48 30.14 30.19 30.44 30.36 30.34 30.30 30.22 29.36 28.28 26.61 25.72 24.48 23.44 22.34 21.66 20.09 18.70 17.20 15.64 14.07 12.60 12.06 11.03 10.01  9.35
31.24 31.70 31.42 31.26 31.02 30.85 30.75 30.82 30.77 30.86 31.22 31.50 31.49 31.51 31.70 31.74 31.15 30.50 30.10 29.03 28.73 26.97 25.78 24.62 23.48 21.74 20.26 19.27 18.96 18.89 18.86 18.95 18.29 17.91 16.83 15.93 14.91 14.00 12.91 11.75 11.35 10.02  8.90  8.09
traj-159:
12.93 12.93 13.97 14.49 16.33 16.74 18.55 18.84 20.35 22.04 22.82 23.09 25.08 26.03 27.58 29.28 30.42 30.84 31.54 31.55 31.71 31.45 30.83 29.07 27.20 25.45 23.72 21.97 20.62 19.73 18.41 17.70 15.74 13.77 12.02 10.05  8.43  6.88  5.41  3.98  2.67
14.45 15.64 16.86 17.34 18.05 18.18 18.49 18.57 18.92 19.36 19.68 19.97 19.96 20.00 19.99 20.48 22.11 23.40 24.93 26.13 27.80 29.20 30.98 31.64 31.61 30.92 30.78 30.69 30.80 30.87 30.76 30.75 30.62 30.52 30.65 30.58 30.74 30.56 30.46 30.48 30.53
traj-160:
 3.36  5.01  6.07  7.24  9.15 10.12 11.98 13.20 15.03 15.66 17.07 17.77 19.50 20.55 21.95 23.83 25.75 27.11 28.87 30.68 30.62 30.88 31.08 30.96 30.81 30.05 29.47 28.02 27.18 25.82 25.20 23.71 22.43 21.60 20.86 20.31
31.93 31.92 31.87 31.94 31.94 31.97 31.99 31.96 31.59 31.72 31.72 31.77 31.83 31.91 32.00 32.16 32.03 31.70 31.05 30.28 28.57 27.07 25.39 23.62 23.04 21.29 20.39 19.79 19.55 19.13 18.79 18.10 17.18 15.55 13.80 12.57
traj-161:
20.71 20.86 20.95 20.88 20.75 20.59 19.69 18.93 19.84 21.34 23.04 24.24 25.37 26.48 28.30 29.29 30.14 30.43 30.69 30.77 31.18 31.15 29.74 28.46 26.83 25.75 24.30 22.50 21.13 19.54 18.01 16.87 15.25 13.93 12.69 11.56  9.74  8.00  6.41  4.47  3.09
 6.70  8.62 10.50 11.03 12.98 13.24 14.69 16.20 17.17 17.72 18.36 18.64 18.97 19.95 19.94 20.25 21.95 23.75 25.70 26.49 28.45 29.31 30.65 30.65 30.64 30.74 30.90 31.15 31.19 31.13 31.02 30.94 30.93 30.83 30.92 31.01 31.19 31.22 31.32 31.23 31.41
traj-162:
 2.37  3.81  5.56  6.77  7.40  8.91  9.46 11.43 11.73 13.65 15.55 16.86 18.78 20.43 21.65 23.10 24.15 26.01 26.83 28.02 29.64 30.81 30.77 30.72 30.70 30.65 30.76 30.73 30.21 29.71 27.76 25.85 25.33 23.46 22.64 21.22 19.67 18.56 17.53 15.93 14.82 12.87 11.14  9.42
32.09 31.77 31.14 30.34 30.32 30.27 30.28 30.24 30.25 30.35 30.37 30.49 30.47 31.06 31.34 31.64 31.68 31.60 31.62 31.43 31.54 30.46 29.56 28.39 26.81 25.06 23.16 22.24 20.38 19.04 18.98 19.13 19.13 18.91 18.75 18.55 18.41 18.41 18.47 17.30 16.63 16.56 17.25 17.48
traj-163:
11.63 13.46 15.09 16.64 17.31 19.16 20.89 22.69 24.04 25.27 26.22 27.78 29.45 30.18 30.65 30.40 30.42 30.12 30.18 30.13 29.30 27.59 26.79 25.28 23.30 21.32 20.45 18.61 18.03 16.22 15.10 13.32 12.42 10.80  8.90  7.14  5.52  3.59
19.07 18.58 18.55 18.45 18.46 18.72 19.01 19.31 19.47 19.69 19.84 20.06 20.48 21.88 23.22 25.12 26.07 26.81 28.77 29.07 30.27 30.58 30.49 30.53 30.52 30.61 30.66 30.65 30.52 30.34 30.25 30.21 30.21 30.21 30.20 30.22 30.17 30.13
traj-164:
 4.40  5.79  6.90  8.85 10.71 12.68 13.57 14.73 16.18 16.95 18.61 19.70 21.05 22.46 24.02 25.88 26.22 27.98 29.74 30.58 30.75 30.77 30.65 31.08 30.88 30.95 29.48 27.63 26.02 25.43 23.61 21.91 21.08 20.40
31.94 31.47 30.99 31.07 31.05 30.92 30.89 30.92 30.96 30.88 30.74 30.87 30.98 30.85 30.90 30.82 30.74 30.54 30.18 29.61 27.81 27.43 25.60 24.36 23.04 21.26 19.99 19.63 19.27 19.16 18.39 17.38 15.66 14.34
traj-165:
15.25 16.21 17.35 18.97 20.59 21.88 23.49 25.15 26.95 27.96 29.80 30.14 30.64 30.64 30.51 30.20 30.08 29.05 28.46 26.96 25.05 23.52 22.12 20.92 19.29 18.25 16.50 15.91 14.12 13.26 11.59  9.68  7.99  6.11  5.39  4.49
13.47 14.32 15.13 15.85 16.60 17.23 18.24 18.87 19.53 19.92 20.66 21.06 22.97 24.73 26.55 28.39 29.20 30.76 30.79 30.80 30.66 30.70 30.68 30.60 30.56 30.46 30.40 30.36 30.25 30.23 30.30 30.56 30.81 31.00 31.34 32.24
traj-166:
 3.69  5.61  7.08  8.65  9.86 11.61 13.48 14.69 16.10 16.73 18.56 19.86 21.57 22.56 24.37 26.03 27.76 29.43 30.77 30.88 30.67 30.55 30.40 30.21 30.24 29.83 28.48 27.79 26.13 25.52 23.74 22.33 21.62 19.99 18.70 17.07 15.22 14.94 13.20 11.72 10.09  8.67
31.97 32.04 31.81 31.67 31.53 31.42 31.13 30.92 30.76 30.67 30.50 30.56 30.93 30.95 30.96 31.17 31.11 31.15 29.88 28.43 26.73 25.06 23.96 22.06 21.50 20.80 19.99 20.01 19.84 19.56 18.89 18.35 17.86 17.09 16.74 16.51 16.15 16.05 15.35 15.05 14.73 14.53
traj-167:
19.77 20.10 20.68 21.91 22.62 24.16 26.03 27.98 29.00 30.69 30.91 30.87 31.00 30.57 30.50 30.39 30.13 30.10 29.64 27.67 25.81 23.87 22.67 20.85 19.11 17.62 15.82 14.23 12.28 10.48  8.51  6.72  5.16  4.71
13.88 14.44 15.94 17.47 18.72 19.51 19.82 20.03 20.11 21.12 21.31 22.60 23.48 25.37 27.29 27.57 27.72 28.18 30.09 30.19 30.31 30.23 30.31 30.28 30.19 30.17 30.16 30.26 30.43 30.56 30.68 31.26 31.99 32.25
traj-168:
 3.48  4.10  5.87  7.55  8.90 10.58 12.24 14.03 15.33 16.72 18.50 20.18 22.06 22.83 24.72 26.40 28.23 29.75 30.60 30.61 30.52 30.24 30.43 30.53 29.66 28.21 26.61 24.68 23.14 22.56 21.92 20.95 19.95 18.86 18.00 17.27 16.03 14.86 13.98
32.59 32.28 31.41 30.85 30.66 30.50 30.49 30.58 30.65 30.71 30.89 30.87 30.83 30.79 30.69 30.56 30.94 30.96 29.23 28.93 27.18 25.50 23.87 22.11 20.43 20.06 19.64 19.15 18.49 17.72 16.83 15.73 14.54 13.23 12.20 11.37 10.15  8.78  7.58
traj-169:
16.65 18.01 19.51 21.15 22.63 23.80 25.13 26.10 27.72 29.10 30.05 30.26 30.39 30.72 30.60 30.25 29.26 27.63 26.89 24.99 23.86 22.18 20.95 19.58 18.44 16.97 15.18 13.18 11.51  9.65  8.43  6.44  4.63
16.28 16.53 16.91 17.55 18.12 18.51 19.06 19.31 19.83 20.07 21.65 23.49 25.13 26.82 27.80 29.58 30.61 31.43 31.44 31.40 31.43 31.15 30.96 30.73 30.56 30.66 30.77 30.93 30.76 31.08 31.14 31.00 31.16
traj-170:
 4.48  5.41  7.01  8.89 10.41 12.17 13.56 14.99 16.32 18.18 19.66 21.62 22.95 24.12 25.99 27.92 29.34 30.05 30.18 30.27 30.45 30.20 29.06 28.09 26.77 25.29 23.80 21.88 20.89 19.59 18.02 16.87
32.18 32.03 31.49 30.97 30.89 30.83 30.80 30.78 30.85 30.85 30.50 30.51 30.52 30.70 30.84 31.17 30.15 28.33 26.47 24.95 23.26 21.58 19.98 19.49 19.48 19.13 18.46 17.95 17.50 16.79 16.64 16.51
traj-171:
 6.84  8.14  9.60 11.19 12.63 13.66 14.55 15.99 17.36 18.58 19.59 20.93 22.61 23.62 25.29 27.14 28.72 29.42 30.04 30.24 30.58 30.86 30.83 30.94 30.88 29.16 27.42 25.75 23.86 21.89 19.99 18.01 17.18 15.35 15.06 13.25 11.42  9.54  7.62  6.07  4.16  2.46  2.21
 6.95  8.07  9.21 10.31 11.61 12.39 13.17 14.31 15.35 16.18 17.06 17.81 18.41 18.55 18.85 19.06 19.73 20.58 21.51 22.28 24.22 25.99 27.81 28.09 29.90 30.68 30.85 30.98 30.61 30.78 30.82 30.53 30.44 30.44 30.41 30.38 30.41 30.41 30.27 31.24 31.77 32.17 32.34
traj-172:
 2.49  4.41  6.14  7.85  8.74 10.73 11.03 12.67 14.20 15.81 17.57 19.23 20.14 21.40 22.59 23.74 25.53 27.42 29.18 30.11 31.27 31.19 30.93 30.75 30.43 30.26 28.96 28.10 26.97 25.19 23.91 22.60 20.89 19.43 18.07 16.76
30.39 30.61 30.89 31.16 31.25 31.29 31.28 31.96 32.03 31.98 31.70 31.25 30.98 30.68 30.54 30.54 30.84 30.59 30.44 30.37 28.77 26.82 25.76 24.52 22.81 20.83 19.56 19.42 19.24 18.95 18.70 18.27 17.83 17.47 16.92 16.57
traj-173:
 6.35  6.60  8.15  9.92 10.94 12.75 13.05 14.68 16.29 18.24 18.58 19.92 21.22 22.80 24.34 25.12 27.08 28.50 29.29 30.10 30.27 30.32 30.43 30.38 30.41 30.04 29.14 28.73 26.96 25.28 24.10 23.16 21.31 19.53 17.84 16.02 14.34 12.53 12.02 10.10  9.57  7.78  6.18  5.22  3.50  2.59
20.03 19.86 19.10 18.25 17.76 17.79 17.85 18.39 18.83 19.08 18.97 19.08 19.26 19.59 19.77 19.97 20.27 20.16 20.21 21.58 23.34 23.94 25.82 26.92 28.17 29.20 30.11 30.28 30.50 30.60 30.83 30.95 31.04 31.04 30.70 30.73 30.85 30.80 30.78 31.00 31.09 31.36 31.11 31.21 30.84 30.20
traj-174:
 3.02  4.32  6.18  7.91  9.10 10.96 11.70 13.18 14.53 16.42 17.56 19.14 20.50 22.35 22.65 24.42 25.75 26.97 28.94 30.41 30.56 30.52 30.42 30.41 30.18 29.61 27.85 26.29 25.07 23.23 22.85 21.01 19.64 18.45 17.63 17.02 15.72 14.63 13.65 12.73 12.05 11.12 10.13
32.30 32.06 31.55 31.51 31.44 31.26 31.11 30.87 30.82 30.68 30.73 30.59 30.42 30.45 30.41 30.18 30.11 30.05 30.04 29.39 28.57 27.08 25.56 23.57 21.62 20.67 20.00 20.03 19.77 19.33 19.32 19.02 17.82 17.11 16.62 15.19 13.70 12.25 10.75  9.16  8.24  7.00  5.44
traj-175:
11.96 12.35 14.07 15.55 17.48 18.29 19.86 21.74 23.26 24.80 26.51 28.11 29.43 30.20 30.29 30.39 30.27 30.14 30.28 30.19 28.46 26.64 25.32 23.45 21.87 20.81 19.40 17.51 16.85 15.06 13.96 12.80 10.88  9.98  8.42  6.89  4.91  3.12  2.43
18.36 18.42 17.93 17.83 17.95 18.09 18.67 19.19 19.62 20.03 20.00 20.09 20.56 21.95 23.12 24.18 26.09 26.48 28.43 29.33 30.02 30.12 30.30 30.57 30.82 30.77 30.85 30.91 30.92 30.95 30.95 30.87 30.95 30.86 30.98 31.19 31.30 31.32 31.57
traj-176:
 3.09  3.58  5.48  7.14  8.44 10.18 11.29 12.62 14.07 15.81 16.95 18.37 18.70 20.49 22.42 23.82 25.18 26.30 26.31 26.60 28.57 28.74 30.73 31.65 31.28 31.06 30.83 30.44 30.16 30.10 28.41 26.52 24.62 23.60 21.98 20.75 19.14 18.05
31.34 31.13 30.61 30.45 30.55 30.61 30.58 30.73 30.76 30.74 30.69 30.91 30.88 31.02 31.16 31.42 31.49 31.55 31.56 31.52 31.37 31.33 31.16 29.61 27.67 25.96 25.05 23.32 21.43 20.75 20.12 19.54 19.25 18.96 17.88 17.09 15.95 15.33
traj-177:
16.85 18.35 19.11 20.49 21.10 22.36 23.68 25.29 26.59 27.90 29.56 30.56 30.55 30.58 30.42 30.44 29.63 29.02 27.13 25.82 24.75 22.82 21.15 19.32 17.72 16.58 14.69 12.89 11.16  9.67  8.03  6.65  4.94  4.64
14.46 15.77 16.39 17.56 18.12 18.88 19.13 19.48 19.62 19.96 20.71 22.29 24.25 25.47 27.15 28.18 30.00 30.44 30.88 30.88 30.48 30.66 30.92 30.88 30.57 30.39 30.60 30.72 31.05 31.36 31.72 31.94 32.40 32.46
traj-178:
 4.68  5.49  7.15  8.79  9.76 11.31 13.27 15.22 16.80 18.25 19.94 21.05 22.95 24.16 25.96 27.77 29.41 30.13 30.45 31.00 30.84 30.89 30.17 29.61 28.07 26.82 25.38 23.69 22.01 20.16 18.29 16.57 15.77 14.23 13.39 11.62  9.89  8.14
32.09 31.76 31.91 31.33 30.93 30.71 30.55 30.40 30.43 30.50 30.52 30.61 30.96 30.76 30.40 30.50 30.10 28.61 27.27 25.36 24.37 23.27 21.51 20.53 20.04 19.52 19.14 18.85 18.56 18.19 17.94 17.57 17.41 17.04 17.10 16.90 16.72 16.53
traj-179:
20.39 21.89 23.30 24.86 26.61 27.88 29.61 30.32 30.63 30.64 30.64 30.73 30.59 29.52 28.79 26.96 24.96 23.80 22.84 21.54 19.71 18.15 16.76 15.11 13.15 12.43 10.48  8.68  6.98  5.22  4.82
16.89 18.00 18.79 19.30 19.85 19.99 20.75 21.94 23.87 24.18 25.95 27.63 29.20 30.00 30.27 30.28 30.32 30.29 30.27 30.23 30.47 30.56 30.71 30.80 30.92 30.96 31.20 31.36 31.60 31.93 31.96
traj-180:
 4.18  5.38  6.68  7.58  8.74  9.89 11.71 12.46 14.35 15.72 16.29 18.27 19.36 19.90 21.34 23.05 23.94 25.49 27.21 28.93 29.83 31.05 30.87 30.48 30.23 30.13 30.16 30.12 29.72 28.26 27.11 26.30 25.02 23.55 23.08 21.84 21.26 19.60 18.34 17.48 16.50 14.79 13.53 13.00 11.40 10.04  8.82
32.68 32.29 31.91 31.62 31.33 31.36 31.27 31.24 30.63 30.88 30.79 30.85 30.98 31.00 30.59 30.36 30.38 30.41 30.34 30.35 30.25 28.68 28.12 26.56 25.44 24.32 22.49 21.34 20.72 19.99 19.73 19.57 19.17 18.46 18.20 16.70 14.88 13.94 12.73 12.28 11.67 11.03 10.30 10.06  9.29  9.27  9.58
traj-181:
10.83 12.70 14.64 15.89 17.71 18.86 20.02 21.13 22.45 23.47 24.15 25.80 27.57 29.31 30.06 30.56 30.75 30.93 30.68 30.39 29.65 28.46 26.53 25.61 23.78 21.96 21.10 19.37 17.98 16.59 15.23 13.67 13.27 11.47 10.85  9.22  7.66  5.83  4.28
17.37 17.40 17.63 17.72 17.94 18.19 18.38 18.56 18.69 18.95 19.16 19.54 19.91 19.73 21.21 22.63 24.33 25.91 27.87 29.18 30.21 31.33 31.35 31.29 31.14 31.12 31.27 31.12 30.95 30.95 30.81 30.96 31.20 31.62 31.52 31.32 31.87 32.28 32.62
traj-182:
 3.76  5.50  6.75  7.93  9.72 10.46 12.40 14.39 15.37 16.99 18.72 19.95 21.70 22.81 24.77 25.62 27.08 28.71 29.68 31.23 31.06 30.94 30.81 30.68 30.33 30.18 29.60 28.43 27.15 25.38 23.89 22.10 20.66 19.03 18.75 18.13 17.15 16.53 15.71 13.87 13.10 11.71
30.25 30.37 30.61 30.79 31.29 31.47 31.53 31.50 31.53 31.52 31.39 31.33 31.13 31.18 31.06 31.00 30.86 30.85 30.80 29.75 27.92 26.70 24.73 23.58 22.15 21.44 20.36 20.04 19.72 19.58 19.23 18.79 17.69 16.60 15.67 13.86 12.29 11.35 10.49  9.85  9.45  8.75
traj-183:
 9.34 10.65 11.72 13.57 15.18 16.83 17.79 18.96 20.78 22.25 24.24 26.03 27.82 29.36 30.28 30.52 30.87 30.96 30.72 30.73 30.71 29.18 27.55 26.16 25.27 23.63 21.95 20.91 19.04 18.41 16.94 15.19 13.41 12.49 10.60  9.39  8.48  6.69  5.62  4.73
16.89 17.03 17.15 17.26 17.80 18.38 18.73 19.20 20.01 19.94 19.83 19.00 19.14 20.17 21.89 23.00 24.49 25.66 27.40 28.56 30.05 31.19 31.06 31.02 30.94 30.74 30.79 31.10 31.57 31.41 30.99 30.39 30.41 30.39 30.40 30.36 30.45 31.04 31.72 32.44
traj-184:
 2.13  3.80  5.34  6.57  7.81  9.74 11.41 12.39 13.45 14.21 16.21 17.47 19.42 19.72 21.67 22.07 24.03 25.55 27.07 28.78 30.29 30.33 30.27 30.36 30.36 30.16 29.32 27.85 26.92 25.01 23.50 22.59 21.07 20.75 19.72 18.02 16.71 16.43
31.85 31.73 31.49 31.55 31.55 31.67 31.47 31.39 31.19 31.26 31.24 31.35 31.33 31.28 31.24 31.14 31.08 31.03 31.05 31.08 30.08 28.30 26.66 25.10 23.13 22.05 20.49 19.59 19.15 19.12 18.76 18.49 17.87 17.50 16.07 15.07 13.94 13.70
traj-185:
13.20 13.29 14.31 14.80 16.15 17.22 19.10 20.52 22.36 22.75 24.60 26.27 27.60 28.45 29.91 30.12 30.35 30.69 30.53 30.85 30.79 29.60 28.21 26.69 25.14 23.68 21.76 20.86 19.27 17.62 15.78 14.06 12.56 12.36 10.55  8.67  7.01  5.52  4.79
13.02 13.49 15.20 15.86 16.66 17.16 17.56 17.92 18.24 18.20 18.62 19.08 19.44 19.58 20.65 20.93 22.63 24.49 25.67 27.64 29.13 30.14 30.82 31.45 31.08 30.75 30.75 30.69 30.65 30.56 30.33 30.33 30.36 30.81 31.39 31.95 32.15 32.23 32.17
traj-186:
 4.98  5.26  6.81  7.28  8.64 10.42 11.55 13.14 14.55 15.49 17.41 18.54 20.50 21.85 23.69 25.65 27.61 29.44 30.02 30.24 30.48 30.51 30.05 29.23 27.59 26.15 25.08 23.62 22.00 20.26 18.44 17.09 15.71 14.55
30.13 30.45 31.72 31.72 31.64 31.33 31.00 30.79 30.62 30.58 30.51 30.56 30.45 30.31 30.38 30.43 30.60 30.49 28.66 27.46 25.61 23.64 21.71 19.96 19.94 19.99 20.05 19.99 20.16 19.60 18.90 18.11 17.47 16.76
traj-187:
18.09 18.38 19.08 19.66 20.01 20.01 20.76 20.95 21.02 21.80 22.84 24.02 25.12 27.06 28.88 29.13 30.04 30.62 31.07 31.16 31.41 31.04 29.63 28.03 26.54 24.99 23.61 22.58 21.26 19.39 17.87 16.59 14.99 13.00 11.80 10.23  8.61  6.70  6.08  4.18  2.63
 6.89  7.43  9.01 10.29 12.24 12.54 14.17 15.31 15.63 17.41 18.95 19.64 19.82 20.20 20.35 20.35 22.01 23.33 24.60 26.26 27.06 28.93 30.11 30.87 30.88 30.90 30.96 30.99 30.91 30.70 30.61 30.49 30.50 30.72 30.72 30.83 30.85 31.10 31.09 31.44 31.77
traj-188:
 5.04  6.07  7.97  9.91 11.06 12.96 13.21 14.61 16.20 17.95 19.82 20.97 22.05 24.05 25.50 27.14 28.63 30.35 30.38 30.37 30.35 30.28 30.22 29.45 27.61 26.43 24.87 23.25 21.72 20.39 19.90 19.34 17.98 16.95
30.34 30.65 31.09 31.44 31.44 31.49 31.34 31.37 31.53 31.21 31.89 31.79 31.63 31.65 31.52 31.11 30.09 29.32 27.84 26.13 24.99 23.62 21.78 20.47 19.88 19.55 18.89 18.20 17.01 15.93 14.78 13.58 12.23 11.18
traj-189:
15.82 16.39 16.91 17.77 18.88 20.35 20.82 22.04 23.17 25.05 26.28 27.73 29.55 30.08 30.33 30.45 30.47 30.35 30.31 30.25 30.22 28.41 27.00 25.97 24.75 23.03 21.49 20.13 19.26 17.68 16.11 14.18 12.57 10.77  9.23  8.07  6.09  5.79  4.01  2.81
 8.35 10.04 11.81 13.60 14.96 16.08 16.66 17.87 18.67 19.02 19.32 19.28 19.52 20.24 22.13 23.90 25.09 26.43 27.39 29.28 29.58 30.19 30.27 30.36 30.46 30.42 30.31 30.29 30.27 30.19 30.12 30.25 30.31 30.47 30.80 30.85 30.61 30.61 30.48 30.35
traj-190:
 5.03  6.30  7.98  8.84 10.51 12.35 13.52 15.24 17.00 18.38 20.03 21.74 22.10 23.83 25.34 26.67 26.70 28.61 30.60 31.99 31.89 31.77 31.49 31.13 30.94 30.93 30.57 28.89 26.91 25.46 23.81 22.07 20.80 19.12 17.89 16.59 15.53 14.70 13.51 12.22 10.87  9.51  8.33  7.18
31.93 31.93 31.72 31.61 31.49 31.31 31.21 31.08 30.92 30.92 30.84 31.02 31.03 31.26 31.37 31.28 31.30 30.96 31.12 29.72 28.54 27.37 25.69 24.05 23.19 21.22 19.49 20.20 20.11 20.13 20.20 20.34 20.40 19.43 17.95 16.63 15.66 14.70 13.58 12.13 11.23 10.47  9.19  7.89
traj-191:
 6.96  8.35  9.89 11.26 12.83 13.19 15.01 15.93 17.59 18.01 19.52 20.51 22.05 22.75 23.93 24.96 26.74 28.57 28.67 30.23 30.68 30.96 30.99 31.51 31.44 31.60 31.85 30.78 29.18 27.37 25.98 24.62 22.70 20.80 19.49 18.04 16.64 15.80 14.32 12.53 10.97  9.24  7.74  5.77  4.51  3.29
11.04 11.74 12.40 13.01 13.67 13.84 14.62 15.11 15.88 16.06 16.69 17.15 17.84 18.28 18.62 18.98 19.69 19.92 19.93 20.63 22.08 24.05 24.51 26.33 26.62 28.57 30.39 31.99 31.87 31.82 31.84 31.78 31.58 31.35 31.30 31.30 31.14 31.07 31.33 31.41 31.47 31.31 31.35 31.61 31.80 31.98
traj-192:
 3.66  4.23  5.71  6.87  8.52  9.10 10.50 12.40 14.10 15.89 17.51 19.49 20.71 21.60 23.43 25.24 26.88 28.80 29.10 30.29 30.61 30.64 30.74 30.63 30.39 29.34 28.73 27.26 25.58 23.96 22.22 20.85 19.65 18.34 16.64 15.07 13.97 12.63 11.33 10.29  9.41  7.95  7.29
30.63 30.58 30.47 30.43 30.56 30.48 30.62 30.56 30.54 30.61 30.57 30.40 30.18 30.18 30.16 30.10 30.16 30.13 30.10 29.03 27.45 25.59 23.91 23.07 21.44 20.06 19.94 20.07 20.03 19.92 19.45 18.34 17.51 16.94 16.24 15.33 14.76 13.95 12.73 12.02 11.61 10.76 10.45
traj-193:
18.27 18.89 19.52 19.89 20.77 21.73 22.44 23.15 24.01 25.57 26.77 27.83 29.61 30.46 30.54 30.45 30.54 30.67 29.59 28.32 26.34 24.83 23.18 21.99 20.30 19.46 17.52 15.65 13.74 12.06 11.03  9.16  7.30  5.42  4.09  3.42
 8.61 10.42 12.01 12.59 14.27 15.53 17.19 18.29 19.11 19.79 19.90 20.08 20.49 21.92 23.56 25.14 27.02 29.01 30.36 30.54 30.59 30.61 30.64 30.70 30.82 30.85 30.87 30.77 30.85 30.97 30.94 30.83 30.85 30.62 30.79 30.89
traj-194:
 4.31  4.46  6.33  7.52  8.35 10.14 10.70 12.06 13.27 14.67 16.53 17.48 18.98 20.83 22.52 23.85 25.15 26.85 28.19 29.67 30.59 30.59 30.43 30.36 30.27 30.16 30.03 29.57 29.05 27.12 25.83 24.04 22.10 20.45
30.82 30.55 30.53 30.37 30.44 30.33 30.32 30.40 30.59 30.86 30.77 30.67 30.62 30.70 30.89 30.76 30.76 30.91 31.05 30.11 29.26 28.96 27.02 25.74 24.42 23.59 21.60 20.81 19.02 19.19 18.97 18.89 18.52 18.17
traj-195:
 9.88 11.31 12.14 12.96 13.61 14.77 15.45 16.62 17.92 19.24 19.96 21.75 22.85 23.36 25.05 26.88 27.74 28.76 30.56 31.03 30.79 30.61 30.48 30.27 30.18 29.07 28.30 27.93 26.11 24.57 22.77 22.47 20.62 18.83 18.02 16.25 14.52 13.54 11.66 11.03  9.06  7.45  6.89  5.38  3.44
 6.87  8.20  9.29 11.09 11.62 13.07 13.97 14.87 15.76 16.47 16.83 17.70 18.12 18.39 18.37 19.13 19.75 20.30 20.78 22.21 23.55 24.64 26.22 28.02 29.02 30.25 30.50 30.54 30.68 30.74 30.67 30.65 30.48 30.41 30.30 30.12 30.13 30.19 30.34 30.44 30.36 30.48 30.52 30.64 30.78
traj-196:
 4.37  5.30  7.00  8.47  9.58 11.25 13.13 14.57 16.42 18.28 20.19 21.55 23.49 24.77 25.66 27.20 29.07 30.18 30.16 30.09 30.11 30.08 30.06 30.05 29.42 28.32 26.96 25.83 24.75 22.98 22.72 20.87 20.18 19.29 18.12 17.04 16.12 14.55 13.05 12.58 11.11  9.67  9.08
30.62 30.69 30.86 30.94 31.00 30.91 30.93 31.01 31.20 31.65 31.88 31.86 32.09 31.61 31.17 30.52 30.19 29.01 28.44 26.66 26.07 24.36 22.61 21.53 19.83 19.47 19.46 19.23 19.12 18.68 18.54 18.00 17.79 16.28 15.35 14.56 13.82 13.12 11.95 11.53 10.45  9.08  8.50
traj-197:
10.43 10.74 11.42 12.13 12.65 13.50 15.05 16.20 17.31 18.84 19.82 20.31 22.02 21.89 23.51 24.40 26.04 27.17 28.90 29.42 30.33 30.44 30.38 30.35 30.37 30.36 30.43 28.69 27.37 25.69 23.91 22.07 21.13 19.81 17.99 16.21 15.03 13.78 11.81 10.00  8.92  7.22  6.24  4.34  3.34
 6.59  7.37  9.03 10.44 11.18 12.45 13.62 14.68 15.57 16.15 17.72 17.98 18.71 18.67 18.86 18.97 19.19 19.39 19.91 20.49 22.23 22.82 24.58 25.64 27.22 28.25 29.53 30.36 30.54 30.73 31.09 30.80 30.73 30.61 30.47 30.29 30.17 30.29 30.47 30.59 30.78 30.84 30.89 31.40 31.87
traj-198:
 3.84  4.43  6.36  8.11  9.43 10.36 10.96 12.94 14.44 14.89 16.56 18.11 19.94 21.39 23.29 25.17 26.99 28.22 30.01 30.24 30.53 30.70 30.82 30.73 30.58 28.69 27.72 25.96 24.45 23.11 21.69 19.71 17.85 16.74 15.33 14.37 13.56 13.23 12.71 12.63 12.43 12.22 11.68
31.17 31.38 31.27 31.72 31.57 31.50 31.43 31.22 30.89 30.84 30.83 30.86 30.93 31.04 30.95 31.04 30.29 30.10 29.32 27.92 26.12 25.08 23.40 21.93 20.59 20.17 19.70 19.65 19.74 19.74 19.66 19.58 18.97 18.13 16.83 15.93 15.19 13.28 11.38 10.17  8.53  7.64  6.14
traj-199:
17.38 17.67 18.30 18.65 19.33 20.08 21.11 22.24 23.63 25.00 26.13 27.70 29.51 30.22 30.37 30.37 30.61 30.67 30.85 30.42 28.81 27.86 26.26 24.28 22.57 20.72 18.95 17.24 15.67 13.71 12.15 10.18  9.88  8.16  7.12  6.07  4.79  3.08
 8.79  9.60 11.14 11.87 13.50 14.90 16.45 17.73 18.59 18.98 19.36 19.93 20.39 21.70 22.57 24.52 26.34 26.63 28.39 30.29 31.28 30.97 30.93 30.86 30.91 30.80 30.78 30.60 30.45 30.39 30.26 30.21 30.22 30.28 30.27 30.29 30.32 30.49
