traj-0:
34.03 32.88 31.85 30.02 28.54 27.64 26.39 24.69 22.91 21.63 21.55 21.03 20.97 20.70 20.42 20.34 19.95 19.61 18.70 17.23 16.52 14.57 12.98 11.09  9.30  8.17  6.68
17.23 17.37 17.38 17.08 17.04 17.05 17.17 17.34 17.54 16.58 16.34 14.65 14.07 12.12 10.30  9.90  8.00  7.23  5.84  5.19  5.13  5.00  4.98  5.15  5.33  5.64  6.65
traj-1:
36.48 35.42 34.36 32.53 31.59 30.18 29.24 27.53 26.59 25.43 23.67 23.10 21.72 20.94 19.20 18.72 17.26 16.70 14.92 13.64 11.88 10.01  8.18
16.53 16.77 17.23 17.65 17.88 17.93 17.92 17.93 17.94 17.94 17.95 17.93 18.93 20.19 19.73 19.59 19.05 18.92 19.12 19.11 19.31 19.68 20.36
traj-2:
38.72 37.41 35.46 34.03 32.38 30.98 29.93 28.80 27.62 26.53 24.55 23.15 21.62 21.71 21.73 21.62 21.53 21.40 21.32 21.54 23.15 24.61
16.51 16.65 16.80 16.90 17.26 17.59 17.82 17.91 17.91 17.93 17.93 17.91 18.94 20.41 21.29 22.98 24.71 26.70 28.41 29.15 30.15 30.14
traj-3:
38.94 37.17 35.53 34.95 33.03 31.84 30.37 29.20 27.40 26.21 24.50 22.74 21.38 21.13 20.43 20.29 20.28 20.31 20.06 19.69 19.47 18.13 16.38 14.71 13.95 12.51 11.06  9.58
16.62 16.92 17.34 17.49 17.85 17.90 17.93 17.93 17.95 17.97 17.93 17.94 16.94 16.13 14.55 13.77 11.79 10.52  8.87  7.25  6.41  5.68  4.89  4.95  4.79  4.60  4.69  4.76
traj-4:
35.76 34.18 32.39 30.65 30.06 28.34 26.87 25.39 23.92 22.51 21.32 20.46 19.31 18.07 17.85 15.89 14.69 13.14 11.94 10.22  9.33  8.20
16.42 17.31 17.38 17.54 17.66 17.90 17.89 17.88 17.88 17.87 19.16 20.39 20.32 19.05 18.85 18.59 18.84 19.14 19.30 19.77 20.74 21.73
traj-5:
37.18 36.88 36.12 34.59 33.53 32.28 30.45 28.64 27.49 25.59 24.21 22.31 21.62 20.57 20.12 20.22 20.46 20.29 20.04 19.65 19.31 19.22 17.77 16.81 15.22
16.25 16.30 16.57 16.51 16.57 16.45 16.32 16.15 16.10 16.39 16.72 17.09 17.51 19.03 20.64 22.55 24.53 25.59 26.85 28.62 30.44 30.72 31.74 32.18 32.77
traj-6:
34.29 33.37 32.23 30.96 29.62 27.81 26.17 25.30 25.00 23.16 22.74 21.05 20.70 20.14 19.80 19.30 19.70 19.67 19.70 18.88 17.73 15.93 15.05 13.20 11.81 11.07  9.26  9.09
16.30 16.31 16.36 16.41 16.42 16.58 16.75 16.83 16.80 17.02 17.08 16.53 14.71 12.94 11.94 10.91  9.17  7.58  6.53  5.32  5.12  5.07  5.03  5.00  4.70  4.57  4.21  4.16
traj-7:
36.89 35.18 34.05 32.60 31.46 29.50 28.30 27.40 25.91 24.43 22.97 21.39 20.70 18.72 18.02 16.09 14.26 12.34 11.20 10.52
17.85 17.79 17.79 17.81 17.87 17.93 17.96 17.96 17.94 17.93 17.94 18.75 19.26 19.14 19.05 18.97 18.70 18.96 20.02 20.76
traj-8:
38.23 37.94 36.39 34.98 33.19 31.56 29.82 28.37 27.55 25.75 25.28 24.38 22.90 21.43 20.98 20.45 20.39 20.56 20.54 20.24 19.45 19.12 18.45 17.97
16.25 16.31 17.31 17.34 17.41 17.74 17.82 17.80 17.84 17.90 17.88 17.90 17.96 18.96 20.30 21.74 22.27 24.01 24.83 26.77 27.54 28.86 30.53 32.44
traj-9:
37.21 36.09 34.51 33.64 32.44 31.33 29.56 29.26 27.52 26.63 24.82 23.05 21.23 20.64 20.26 20.14 19.97 19.59 19.23 18.03 16.95 15.09 13.15 11.45 10.61  9.51  8.82  7.87  5.92  5.38  5.36
16.64 16.61 16.69 16.75 16.84 16.87 16.91 16.89 16.74 16.63 16.71 16.57 16.08 14.18 12.92 11.45 10.01  8.27  6.53  5.17  5.16  5.09  5.48  5.82  5.96  6.57  7.37  8.05  7.91  8.30  8.60
traj-10:
38.31 36.61 34.67 32.92 31.73 30.03 28.28 26.50 25.38 23.38 21.53 21.31 19.56 18.58 17.43 16.29 14.33 12.73 11.71  9.72  8.07
17.76 17.77 17.89 17.93 17.90 17.90 17.88 17.86 17.87 17.85 17.90 18.11 18.49 18.33 18.56 18.63 18.95 18.98 18.99 19.05 18.28
traj-11:
37.92 36.33 34.41 32.85 31.47 29.92 29.20 27.59 25.75 24.64 23.13 22.62 21.30 20.94 20.70 20.49 19.45 19.21 19.14 19.05 18.92 18.82 18.69 18.75 19.04
16.57 16.60 16.57 16.53 16.64 16.41 16.40 16.56 16.53 16.38 17.27 17.55 18.90 20.52 22.32 24.09 25.77 25.95 26.79 28.36 30.06 31.50 32.74 34.24 35.27
traj-12:
34.10 32.11 31.22 29.44 27.95 26.75 24.96 23.47 21.73 21.28 21.02 20.81 20.50 20.26 19.81 19.22 18.32 17.34 15.73 14.39 12.72 12.14 10.40  9.86  8.41  7.00
17.10 17.20 17.20 17.23 17.25 17.27 17.33 17.27 17.00 15.69 14.06 12.75 10.79  9.53  8.25  6.61  5.27  5.10  5.10  5.16  5.24  5.27  5.37  5.29  4.96  4.72
traj-13:
35.09 33.60 31.63 30.15 28.66 26.93 25.34 23.43 23.13 21.58 20.91 19.60 17.84 17.15 15.43 13.68 11.96 10.84  9.61  8.46  6.72  5.36
18.00 17.95 17.94 17.94 17.93 17.93 17.95 17.99 17.99 18.93 18.02 18.18 18.25 18.40 18.67 19.27 19.90 20.57 21.19 21.75 22.45 22.81
traj-14:
37.42 36.03 34.63 33.01 31.33 30.44 28.73 26.94 25.25 23.49 21.81 21.70 21.19 20.82 20.22 19.68 19.41 19.35 19.13 19.06 18.42 17.94 17.31 16.32 15.78
16.90 17.13 17.43 17.60 17.87 17.90 17.93 17.93 17.89 17.84 18.75 19.57 21.19 22.19 23.55 24.95 25.09 26.14 27.91 28.50 30.24 32.07 33.56 35.25 35.40
traj-15:
38.04 37.43 36.03 34.10 33.17 31.32 29.54 28.64 26.87 25.44 23.59 23.00 21.59 21.34 20.97 20.51 20.28 19.95 19.58 19.37 18.42 16.65 14.97 13.86 12.98 11.07 10.48  9.52  8.69  7.59
17.42 17.45 17.57 17.48 16.80 16.95 17.08 17.16 17.30 17.35 17.60 17.60 16.80 15.33 13.43 11.74 10.66  9.29  7.85  6.64  5.56  5.19  5.01  5.26  5.47  5.88  5.95  6.46  7.34  8.63
traj-16:
35.51 33.86 31.96 29.98 28.48 27.35 25.88 24.42 22.49 20.92 20.06 18.14 17.49 15.72 15.27 13.36 12.27 11.41
17.21 17.37 17.58 17.86 17.88 17.89 17.91 17.94 17.99 18.76 19.38 18.93 18.46 18.47 18.52 18.56 19.28 20.72
traj-17:
34.22 32.91 31.65 29.73 27.87 25.96 24.63 22.92 21.73 20.83 19.14 19.15 19.22 19.28 19.32 19.51 19.58 19.93 20.12 20.33 20.17 20.66 20.90 22.55 23.72 24.59
16.68 16.41 16.48 16.61 16.65 16.81 16.81 16.97 17.00 17.02 17.99 19.52 21.04 23.02 24.82 26.79 27.33 28.86 30.61 31.81 33.16 35.07 35.60 36.37 36.54 36.74
traj-18:
34.11 32.44 30.50 29.40 27.53 26.67 25.21 23.72 23.13 21.76 20.25 20.24 20.30 20.25 20.30 20.32 20.21 19.90 19.58 19.18 17.26 16.22 14.56 13.39 11.45 11.15  9.47  7.82  6.61  5.20
17.21 17.57 17.83 17.81 17.87 17.87 17.88 17.89 17.87 18.59 19.85 18.25 16.26 14.31 12.60 11.42  9.96  8.61  7.17  5.51  5.15  5.15  5.33  5.55  5.77  5.82  6.74  7.86  7.22  6.17
traj-19:
36.38 34.66 32.94 31.82 30.34 29.77 28.30 26.53 25.95 24.17 23.29 21.86 21.39 20.35 19.32 18.69 16.95 16.20 14.40 13.07 11.96 10.82  9.05  8.87
17.90 17.91 17.94 17.95 17.93 17.89 17.91 17.94 17.96 17.93 17.89 18.70 20.34 21.46 20.08 19.61 19.24 19.16 18.76 18.46 18.31 18.38 19.30 20.62
traj-20:
37.52 36.36 34.44 33.25 31.93 29.96 28.78 27.11 26.07 24.26 22.43 21.77 21.57 21.73 21.66 21.64 21.42 21.32 21.05 20.93 19.64 18.53 16.90 15.75 13.85
16.83 16.78 16.69 16.58 16.42 16.20 16.39 17.14 17.00 17.14 17.76 18.36 19.63 21.03 22.70 24.68 26.13 26.70 28.56 29.42 30.92 30.82 30.65 30.62 30.73
traj-21:
35.11 33.44 31.52 30.93 29.16 27.17 26.34 24.65 22.88 21.26 21.12 21.22 21.36 21.46 21.42 20.58 19.54 18.47 16.76 15.07 13.43 12.25 11.37  9.46  8.16  6.55  5.67
17.26 17.35 17.21 17.09 16.23 16.16 16.28 16.14 16.01 15.19 13.37 12.21 10.44  9.25  7.47  5.74  5.60  5.38  5.09  5.06  5.26  5.39  5.50  5.56  5.74  5.90  5.95
traj-22:
34.27 33.68 32.03 30.59 29.71 27.87 26.29 25.46 24.15 22.51 21.15 19.71 18.01 17.00 15.43 13.61 11.67 10.50  8.75  7.38
16.03 16.11 16.18 16.18 16.32 16.40 16.60 16.69 16.74 17.03 17.29 17.80 18.30 18.29 18.40 18.47 18.70 19.99 20.89 21.63
traj-23:
35.99 35.70 33.82 32.50 30.61 29.44 27.67 26.49 25.32 23.93 22.46 22.28 20.89 20.76 20.82 20.86 20.94 20.98 21.03 20.31 19.21 18.21 16.71 16.10 14.81 13.94 12.52 11.07  9.99
16.93 16.91 17.17 17.33 17.87 17.83 17.88 17.89 17.91 17.95 17.95 18.19 19.36 20.99 22.64 23.84 25.80 27.02 28.17 29.91 31.07 31.42 32.16 32.81 33.98 34.51 35.18 35.91 36.32
traj-24:
35.55 35.01 33.30 31.83 30.13 28.46 26.70 25.00 23.25 21.85 20.97 20.87 20.61 20.37 20.21 20.16 19.90 19.58 19.40 18.37 16.54 15.75 13.79 13.55 11.64 10.79  9.26  8.11  6.71  5.94
17.75 17.79 17.88 17.90 17.92 17.95 17.92 17.92 17.93 18.98 18.00 16.14 14.51 13.19 11.43 11.14  9.39  7.71  6.85  5.40  5.06  5.09  5.12  5.15  5.65  5.92  6.77  7.90  9.01  9.32
traj-25:
35.51 34.12 32.13 30.44 29.58 27.72 26.50 25.15 24.07 22.45 21.04 20.01 18.99 17.14 16.37 14.76 13.00 11.27 10.82  9.09  7.65
16.34 16.49 16.53 16.52 16.43 16.42 16.39 16.32 16.33 16.28 17.23 18.87 19.79 19.14 18.81 19.14 19.78 20.67 21.07 21.19 21.11
traj-26:
34.78 33.54 32.34 30.48 28.67 27.05 25.08 23.16 22.86 21.75 21.27 21.02 20.29 20.53 20.56 20.55 20.42 19.38 18.69 17.71
16.68 16.40 16.60 16.73 16.83 16.84 17.16 17.44 17.47 18.88 20.45 22.26 24.00 25.65 27.21 29.13 30.94 32.35 33.05 34.38
traj-27:
34.07 32.41 30.94 29.60 27.66 25.87 24.97 23.20 22.01 21.74 21.27 21.07 21.08 21.09 21.02 20.77 20.51 20.16 19.68 17.92 16.60 14.67 13.03 12.20 10.76  9.24
17.79 17.73 17.78 17.83 17.85 17.86 17.87 17.91 17.92 16.75 16.17 14.27 12.58 11.98 10.25  8.86  7.42  6.30  5.32  5.17  5.15  5.06  5.10  5.13  5.18  5.22
traj-28:
34.46 32.68 31.33 30.13 28.36 27.50 26.03 24.06 22.91 21.64 21.48 20.53 19.75 19.16 18.21 16.44 16.14 14.43 12.80 10.85
16.23 16.32 16.44 16.52 17.22 17.37 17.63 17.97 17.97 19.47 20.61 22.14 20.35 19.55 18.59 18.67 18.69 18.89 19.00 19.13
traj-29:
34.95 34.01 32.41 30.68 29.31 27.33 25.91 24.72 22.96 21.32 21.09 20.61 20.37 20.16 20.10 20.24 20.37 20.46 20.43 19.80 19.04 17.74 16.10 14.68 13.46
16.06 16.50 17.08 17.56 17.81 17.90 17.96 17.94 17.88 18.97 19.69 21.28 22.56 23.57 25.30 26.34 28.09 28.49 30.38 31.51 32.22 32.12 33.13 34.16 34.54
traj-30:
36.52 36.24 34.50 32.74 30.81 29.08 28.52 27.08 25.34 23.56 22.21 20.80 21.02 20.98 21.01 21.05 21.03 20.67 20.63 19.64 18.00 16.26 14.28 12.30 12.00 10.11  8.60  7.69  6.43  6.04
17.20 17.08 17.15 17.40 17.58 17.71 17.81 17.91 17.95 17.97 17.97 18.46 16.50 14.55 13.70 12.51 10.75  8.95  7.65  5.92  5.08  4.99  4.90  5.10  5.15  5.52  5.69  5.52  4.58  4.30
traj-31:
38.47 36.57 34.87 33.10 32.50 31.05 30.18 28.99 27.23 26.06 24.35 22.91 21.65 21.52 20.14 19.57 19.33 18.11 16.45 15.02 13.20 12.15 10.37  8.46  6.95
17.19 17.71 17.92 17.89 17.89 17.91 17.90 17.90 17.90 17.86 17.79 17.96 19.28 21.26 22.66 20.82 20.33 19.06 19.08 19.06 19.31 19.76 20.56 20.40 20.11
traj-32:
37.76 36.34 34.97 33.19 31.66 31.13 29.17 27.97 26.47 25.57 23.84 22.34 20.71 20.60 20.15 20.02 19.19 19.08 19.10 19.13 19.15 18.63 18.33 17.62 16.14 14.66 13.10 11.63 10.01  9.83
16.16 16.25 16.33 16.49 16.48 16.52 16.70 16.71 16.73 16.74 16.80 16.77 17.57 18.23 19.86 20.32 22.11 23.86 25.59 27.58 28.18 30.08 30.54 30.69 31.66 32.42 33.29 34.12 35.07 35.92
traj-33:
38.56 38.01 36.19 34.22 33.01 31.86 29.93 28.14 26.88 25.99 24.18 23.31 22.09 20.86 20.67 20.34 19.91 19.63 19.32 19.00 17.37 15.99 14.16 12.24 10.77  9.42  7.65
16.98 17.09 16.71 16.60 16.65 16.70 16.74 16.66 16.72 16.63 16.44 16.33 16.08 14.51 13.02 11.79  9.95  9.02  7.18  5.94  5.53  5.32  5.09  4.76  4.61  4.39  4.07
traj-34:
36.76 36.47 34.52 33.18 32.46 32.16 30.27 29.31 27.73 26.97 25.97 24.23 22.74 21.18 19.58 17.65 16.00 14.90 13.07 11.55  9.95  8.82
16.52 16.57 17.02 17.27 17.43 17.47 17.75 17.83 17.85 17.86 17.86 17.87 17.93 17.67 18.30 18.39 18.59 18.52 18.65 18.76 19.51 20.02
traj-35:
36.74 35.44 33.73 31.98 30.77 29.45 27.67 25.89 24.10 23.20 21.43 20.48 20.38 20.67 20.11 20.21 20.22 20.48 20.80 21.04 22.02 23.21 23.78 24.69
16.93 16.83 16.80 16.75 16.82 16.92 17.02 17.14 17.20 17.24 17.54 19.05 21.04 22.91 24.71 26.33 27.26 28.61 30.52 31.30 32.55 33.81 34.49 35.56
traj-36:
36.74 36.45 34.59 33.37 31.87 30.26 29.10 28.03 26.52 25.11 23.47 21.61 21.28 21.19 21.19 21.08 20.42 19.90 19.23 18.21 17.10 15.99 14.83 13.69 11.83  9.99  9.70  7.93
16.32 16.40 16.60 16.55 16.61 16.71 16.79 16.83 16.79 16.81 16.72 16.61 15.67 13.97 13.10 11.67 10.17  8.34  6.74  5.24  5.07  5.09  5.08  5.09  5.10  5.33  5.40  5.17
traj-37:
34.95 33.31 31.59 29.90 27.90 26.45 25.85 24.39 22.77 21.61 20.50 20.07 18.83 17.56 15.70 13.78 11.92 10.17  9.92
17.32 17.70 17.88 17.93 17.93 17.93 17.94 17.97 17.96 19.46 20.95 19.41 18.47 18.63 18.74 19.13 19.42 18.90 18.73
traj-38:
37.98 36.85 35.22 33.30 31.33 29.89 28.16 26.21 25.91 24.16 23.30 21.63 20.99 20.64 20.68 20.76 20.71 20.97 21.32 21.63 22.74 23.95 25.07 26.57 28.13 29.43
17.05 17.29 17.58 17.67 17.80 17.88 17.86 17.83 17.85 17.86 17.88 17.83 19.51 21.29 21.78 23.58 24.26 25.69 27.25 29.19 30.01 30.85 31.61 32.75 33.89 34.82
traj-39:
35.74 34.32 33.07 32.31 30.72 28.96 27.49 25.65 24.46 22.98 21.37 21.12 21.02 20.69 20.24 19.99 19.69 18.78 17.24 15.63 14.72 13.26 12.02 10.29  8.46  6.84  5.88
16.96 16.78 16.73 16.78 16.64 16.73 16.93 17.04 16.97 16.87 15.72 14.09 12.97 11.28  9.52  8.57  7.30  5.60  5.15  4.93  4.84  4.97  4.79  4.79  4.82  5.45  5.95
traj-40:
37.44 36.57 34.94 33.68 32.66 31.29 30.89 29.57 27.99 26.06 24.51 23.02 21.19 20.27 18.96 17.15 15.71 14.45 13.26 11.53  9.97  8.21  7.29  5.84
17.37 17.47 17.63 17.72 17.73 17.77 17.79 17.84 17.93 17.92 17.92 17.96 17.90 17.97 18.28 18.52 18.74 18.93 19.14 19.67 20.33 21.03 21.35 21.95
traj-41:
39.08 37.09 36.16 34.22 32.66 30.80 29.93 28.23 27.06 25.33 23.54 22.68 21.42 20.94 21.19 21.32 21.37 21.38 21.51 22.92 24.23 25.05 26.71 28.24 29.22 30.88
17.68 17.76 17.77 17.84 17.85 17.84 17.84 17.85 17.87 17.92 17.92 17.92 19.21 21.12 23.08 24.83 26.77 27.74 29.38 30.23 30.23 30.24 30.22 30.37 30.47 30.58
traj-42:
37.04 35.18 33.24 31.82 30.23 28.44 27.24 25.80 24.01 22.24 20.36 20.40 20.20 20.05 19.71 19.54 18.14 17.04 15.18 14.18 12.60 10.87 10.23  8.34  6.86  6.00
16.47 16.67 16.84 16.87 17.12 17.01 16.95 16.87 16.82 16.34 15.86 14.32 12.36 10.50  8.75  7.02  5.62  5.34  5.20  5.00  4.60  4.84  5.08  5.56  5.97  6.23
traj-43:
35.08 33.96 32.28 31.38 29.65 28.25 26.28 24.50 22.73 21.09 20.91 19.19 17.38 15.43 14.27 12.83 11.32 10.26  8.69  6.88
17.69 17.78 17.86 17.88 17.94 17.94 17.91 17.92 17.89 18.85 19.09 19.45 19.14 19.04 19.01 18.97 18.91 18.83 18.75 18.19
traj-44:
39.12 38.25 36.30 35.40 34.02 32.90 31.44 29.68 28.80 27.33 25.63 24.14 22.71 21.54 20.45 19.58 20.11 19.89 19.82 19.66 19.47 19.22 18.12 17.07
17.40 17.55 17.84 17.85 17.83 17.82 17.83 17.83 17.85 17.89 17.89 17.84 17.82 17.82 19.41 21.00 22.85 24.57 25.91 27.76 29.21 30.61 31.73 32.43
traj-45:
38.52 37.08 35.93 34.84 33.56 32.17 30.51 29.62 27.66 26.77 25.03 23.11 21.40 21.09 20.75 20.43 19.93 19.38 19.10 19.30 18.51 16.63 16.04 14.61 12.65 10.94  9.47  8.13  7.54
17.23 17.44 17.56 17.63 17.73 17.84 17.89 17.91 17.95 17.92 17.75 17.51 16.92 16.97 15.10 13.69 11.89 10.06  8.46  6.66  5.15  5.07  5.12  5.23  5.53  5.72  5.94  5.63  5.55
traj-46:
35.83 34.19 33.03 31.61 30.89 28.91 27.04 25.37 24.80 23.11 22.82 21.22 19.76 18.29 16.53 14.59 13.33 12.46 10.62  9.91  8.53
16.78 16.87 16.72 16.60 16.58 16.50 16.82 17.01 17.17 17.63 17.68 18.75 19.76 19.27 19.07 19.05 19.34 19.53 20.04 20.10 20.27
traj-47:
37.83 36.67 34.73 32.98 31.61 29.87 28.70 27.21 25.76 24.58 22.84 21.54 21.43 21.18 21.12 20.93 20.85 20.81 20.82 20.74 20.60 21.60 22.66 23.34 24.91 26.52 27.76 28.90 30.20
17.40 17.55 17.73 17.81 17.85 17.90 17.93 17.97 17.99 18.00 17.96 18.71 19.57 21.16 21.85 23.69 25.15 25.94 27.32 29.20 30.29 31.09 32.23 33.06 33.56 34.06 34.55 34.99 35.44
traj-48:
34.71 33.97 32.98 31.25 29.31 27.52 26.03 25.43 23.64 22.03 21.23 21.05 20.99 20.70 20.15 19.81 19.30 18.66 17.45 16.36 14.67 13.25 11.81 10.97  9.24  8.02  6.76
16.02 16.19 16.42 16.79 17.18 17.17 17.15 17.15 17.16 16.41 15.15 13.85 12.15 10.28  8.75  7.93  6.56  5.79  4.94  4.97  4.98  5.05  4.97  4.85  4.58  4.48  4.42
traj-49:
38.65 36.72 35.64 33.92 33.02 31.53 30.10 29.50 28.03 26.85 25.37 23.62 22.77 20.98 19.37 18.77 16.92 15.41 13.62 11.88  9.98  9.38  7.99
17.32 17.69 17.78 17.85 17.88 17.92 17.94 17.95 17.96 17.96 17.98 17.98 17.97 18.83 19.51 19.48 18.99 19.12 19.28 20.25 20.60 20.86 21.19
traj-50:
36.62 35.84 34.12 33.54 31.60 29.85 28.38 27.49 25.63 24.56 23.42 21.88 21.56 21.24 21.16 21.18 20.62 20.72 20.66 20.32 19.73 19.13 17.33 15.90 14.72 13.42 11.75 11.16  9.37
17.09 17.28 17.67 17.71 17.89 17.88 17.91 17.89 17.89 17.88 17.92 18.86 19.97 21.37 22.23 23.96 25.35 27.29 28.15 29.83 31.20 31.62 32.27 33.12 34.19 35.46 36.47 36.54 36.73
traj-51:
37.37 36.12 34.39 33.19 31.24 29.88 28.40 27.25 25.54 23.79 22.89 21.73 21.00 21.03 21.13 20.90 20.71 20.62 20.26 19.86 19.68 19.40 17.77 16.09 14.41 12.42 10.80  9.06  8.20  7.25  6.49
16.42 16.51 16.71 17.01 17.43 17.72 17.82 17.81 17.93 17.98 17.99 18.62 18.89 18.30 16.31 14.38 12.81 11.62  9.97  8.58  7.18  5.87  5.11  5.32  5.47  5.58  5.74  5.95  6.20  7.79  8.72
traj-52:
36.50 35.93 34.20 33.26 31.50 29.77 28.01 26.29 24.50 22.73 20.94 20.06 18.24 16.73 15.12 13.16 12.58 10.95
17.02 16.96 16.93 16.93 17.24 17.48 17.72 17.97 17.97 17.98 17.92 18.17 18.42 18.65 18.72 18.94 19.01 20.02
traj-53:
36.91 35.22 33.45 32.61 30.62 29.23 27.50 26.31 25.12 23.93 23.04 21.44 21.37 21.15 21.05 21.07 21.10 21.13 20.55 19.32 17.79 16.24 14.60 12.81 11.96
17.49 17.59 17.67 17.69 17.72 17.75 17.85 17.87 17.88 17.91 17.88 18.90 19.50 21.22 22.65 24.24 25.54 27.09 28.93 30.18 30.68 30.93 31.15 30.84 30.71
traj-54:
33.79 33.50 31.72 30.43 28.83 27.01 25.87 24.29 23.03 21.52 21.37 21.30 20.73 20.71 20.43 19.96 18.99 17.38 15.97 15.13 13.40 11.67 10.61 10.01
16.75 16.67 16.40 16.14 16.27 16.39 16.30 16.17 16.14 15.05 13.61 13.02 11.34  9.89  8.89  7.54  5.84  5.12  5.03  5.01  5.21  5.40  4.93  4.03
traj-55:
37.94 36.20 34.46 32.74 31.29 29.50 27.54 26.95 25.03 23.44 21.84 21.59 19.84 18.11 16.28 14.47 12.50 11.93 10.32  9.37
16.63 16.52 16.42 16.37 16.29 16.45 16.61 16.67 16.83 17.32 17.89 18.06 18.77 18.54 19.05 18.55 18.24 18.13 19.08 19.75
traj-56:
35.80 35.30 33.54 32.06 31.19 30.00 28.58 27.10 26.21 24.75 23.25 21.61 20.72 20.19 20.01 19.70 19.47 19.45 19.20 18.26 16.87 15.75 14.80 13.62 12.38
16.25 16.42 17.11 17.11 17.05 17.03 17.13 17.07 17.10 17.16 17.20 18.34 19.50 21.25 23.20 25.11 26.49 27.43 29.22 30.06 31.48 32.64 33.82 35.13 36.36
traj-57:
36.50 35.65 33.67 31.90 29.91 28.78 27.39 25.62 24.14 23.26 21.55 21.24 20.22 19.49 19.12 19.17 19.33 20.12 19.84 19.17 18.19 16.70 15.86 14.51 13.05 11.90 10.74  9.49  9.31
17.41 17.69 17.93 17.95 17.95 17.95 17.95 17.88 17.88 17.84 16.99 16.90 15.67 14.74 13.11 11.64 10.53  8.83  7.82  6.27  5.23  5.16  5.19  5.16  5.28  5.56  5.83  7.39  7.63
traj-58:
39.07 37.10 35.84 34.21 32.91 31.15 29.63 27.79 26.89 25.13 23.94 22.49 20.73 19.09 18.11 16.26 14.37 12.53 11.48  9.98  9.57
16.22 16.48 16.67 16.86 16.78 16.88 17.00 16.70 16.65 16.47 16.54 16.73 17.55 18.32 18.70 19.15 19.06 19.27 19.16 18.58 18.50
traj-59:
35.85 35.56 33.93 32.76 30.91 29.76 28.12 27.30 25.61 23.85 22.96 21.89 21.85 21.80 21.74 21.71 21.56 21.43 21.68 22.56 24.37 24.94 25.13 26.24 28.11 29.67 31.24 32.70 33.28
16.33 16.33 17.07 16.88 17.01 17.03 17.08 17.28 17.69 17.83 17.96 19.40 20.23 21.41 23.41 24.35 26.34 28.09 29.98 30.99 30.76 30.56 30.34 30.31 30.22 31.05 32.02 32.92 33.37
traj-60:
34.83 34.04 32.73 31.30 29.56 27.57 25.82 25.24 23.53 22.67 21.25 21.04 20.68 20.64 20.47 20.13 19.97 19.77 18.56 17.28 15.53 13.67 13.08 11.35  9.66  9.14
16.86 17.22 17.76 17.84 17.86 17.88 17.92 17.92 17.87 17.87 16.91 16.05 14.40 13.05 11.57  9.62  8.20  6.89  5.43  5.14  5.03  5.33  5.42  5.69  6.00  6.30
traj-61:
39.06 37.09 36.49 34.72 34.42 32.50 31.38 29.65 27.94 26.79 24.82 23.09 22.79 21.50 20.88 19.68 18.64 17.34 15.51 14.07 13.48 11.73  9.96  8.65
16.98 17.17 17.23 17.36 17.39 17.71 17.82 17.97 17.99 17.96 17.97 17.94 17.96 19.42 21.05 21.41 19.79 18.97 19.23 19.38 19.43 20.39 20.86 19.76
traj-62:
37.16 36.27 34.30 32.33 30.85 30.25 28.50 27.62 26.18 24.72 23.24 21.60 21.56 21.25 20.85 20.74 20.54 20.63 20.65 19.69 18.95 17.70 17.04 16.24 14.49
17.66 17.72 17.82 17.89 17.92 17.92 17.95 17.96 17.97 17.97 18.00 18.94 19.53 20.92 22.60 24.10 25.88 26.54 28.50 29.55 30.19 31.17 31.71 33.47 33.84
traj-63:
35.09 34.23 32.84 31.11 29.33 27.54 26.34 24.55 22.72 21.14 20.95 20.51 20.44 20.12 19.79 19.41 18.81 17.18 15.34 14.68 12.92 11.33  9.93  8.42  6.45
17.39 17.37 17.37 16.83 16.71 16.73 16.73 16.69 16.44 15.56 13.71 11.88 11.59  9.92  8.19  7.02  5.99  5.21  5.07  5.02  5.00  4.86  4.68  4.52  4.41
traj-64:
34.96 33.94 32.36 31.34 29.85 28.49 27.20 26.00 24.68 23.78 21.96 20.11 18.39 16.85 15.89 14.08 13.19 11.51 10.17  8.36  6.56
16.78 16.84 16.85 16.85 16.80 16.81 16.75 16.72 16.72 16.88 17.01 17.52 18.13 18.47 18.61 18.97 19.01 19.71 20.19 20.23 20.52
traj-65:
34.83 33.35 32.22 30.26 29.37 27.88 26.71 24.94 23.47 21.96 21.84 21.40 20.98 20.61 19.77 19.96 19.73 19.45 18.57 17.01 15.88 14.62 13.13
17.32 17.42 17.54 17.92 17.92 17.92 17.84 17.93 17.99 18.94 19.52 21.42 23.28 24.26 25.87 27.59 29.30 29.41 30.99 31.86 32.50 33.27 34.18
traj-66:
34.91 33.74 31.77 30.39 29.02 27.26 25.82 24.96 23.24 21.47 21.35 20.73 20.57 20.40 20.00 19.84 19.54 19.16 18.43 17.59 15.70 14.00 13.71 12.00 10.82  9.93
16.86 17.07 17.38 17.60 17.81 17.96 17.95 17.94 17.85 17.60 17.33 15.49 13.75 11.90 10.20  9.15  8.06  6.75  5.52  5.23  5.13  5.46  5.53  5.68  5.80  5.89
traj-67:
37.39 36.69 35.12 33.50 32.90 30.99 29.84 28.65 26.92 26.62 24.84 23.04 21.82 21.40 20.29 18.95 17.78 16.12 14.41 13.14 11.40 10.83
16.74 16.72 16.67 16.68 16.71 17.04 17.20 17.32 17.51 17.53 17.59 17.89 18.70 19.13 20.29 19.67 19.13 19.12 18.89 18.60 18.38 18.27
traj-68:
36.97 36.38 34.41 33.56 32.12 30.39 28.91 27.44 25.67 23.89 23.32 21.74 21.14 19.81 19.40 19.29 19.48 19.74 20.04 21.10 22.93 23.90
17.19 17.31 17.59 17.68 17.78 17.85 17.84 17.84 17.86 17.97 17.98 18.86 20.20 21.59 21.88 23.82 25.66 27.37 29.15 30.11 30.84 32.15
traj-69:
34.82 33.33 31.56 30.00 28.87 27.40 26.21 24.51 23.17 21.49 21.02 20.95 20.50 20.45 20.11 19.81 19.45 18.68 17.18 15.27 13.86 12.49 11.36  9.70  8.42  7.04
16.57 17.04 16.93 16.93 16.95 16.95 16.95 16.63 16.56 16.40 15.50 13.57 11.85 11.55  9.87  8.21  6.49  5.36  5.07  5.12  5.24  5.38  5.51  6.40  7.86  9.24
traj-70:
34.08 32.59 30.88 29.57 28.08 26.41 25.11 23.36 21.87 20.60 18.83 16.97 15.25 14.67 12.77 11.69
17.17 16.88 16.95 16.94 16.93 16.89 16.87 17.06 17.47 17.81 18.37 18.81 19.26 19.34 19.87 21.52
traj-71:
38.39 36.44 34.71 34.11 32.38 31.25 29.30 28.58 27.18 26.01 24.30 22.93 21.41 21.27 21.18 20.97 20.79 20.56 20.52 20.05 19.03 17.77 16.79
17.31 17.69 17.90 17.89 17.86 17.90 17.93 17.92 17.90 17.88 17.94 17.97 18.84 20.60 22.02 23.95 24.78 26.12 28.08 29.79 31.41 30.76 30.24
traj-72:
34.04 32.67 31.25 29.73 28.73 27.23 25.80 24.90 23.43 21.75 20.37 20.07 20.00 19.94 19.84 19.77 19.71 19.51 19.47 18.47 17.22 15.59 13.90 13.04 11.58 10.17  9.92
17.72 17.72 17.81 17.86 17.89 17.95 17.95 17.94 17.90 17.88 16.96 15.53 14.39 13.23 11.38 10.22  9.32  7.55  7.25  5.53  5.01  5.15  5.33  5.45  5.69  5.93  6.09
traj-73:
36.55 35.47 33.54 32.18 31.24 29.25 28.41 26.71 25.24 24.09 22.60 20.77 19.15 17.60 15.86 14.10 12.55 11.39  9.42  8.12  6.41
17.38 17.48 17.70 17.76 17.80 17.86 17.83 17.77 17.81 17.86 17.93 17.64 18.33 18.58 18.76 18.95 19.15 19.18 19.02 18.88 18.65
traj-74:
38.78 37.41 35.72 33.84 32.49 30.84 29.41 27.63 25.90 24.22 22.73 21.53 21.21 20.72 20.17 20.11 19.84 20.03 20.40 20.52 20.75 21.47 22.51
16.27 16.33 16.39 17.03 17.40 17.81 17.90 17.93 17.95 17.90 17.96 19.33 20.42 22.10 23.50 24.74 26.58 28.03 29.89 31.82 33.05 34.40 36.00
traj-75:
38.90 37.03 35.52 34.04 32.23 31.50 29.63 27.85 25.88 24.71 23.24 21.49 20.79 20.79 20.97 21.06 21.23 21.35 21.09 20.53 18.95 18.69 16.76 15.60 14.73 13.01 12.12 10.20  8.42  6.94  6.46  5.08
16.69 16.17 16.37 16.49 17.15 17.34 17.87 17.95 17.94 17.94 17.84 17.69 16.33 15.73 14.04 12.24 11.36  9.62  8.46  6.58  5.59  5.44  5.21  5.26  5.34  5.45  5.55  5.98  6.58  5.67  5.30  4.17
traj-76:
33.92 32.81 30.93 29.59 28.91 28.04 26.75 25.65 24.05 22.17 20.55 19.15 19.00 17.71 16.93 14.95 13.43 12.18 10.23  8.81  8.08
16.40 16.37 16.37 16.51 16.54 16.75 16.96 16.91 16.82 17.02 17.39 17.50 19.28 19.21 19.15 18.96 18.85 18.72 18.41 18.35 18.20
traj-77:
38.79 38.49 36.76 34.84 33.68 31.69 30.04 28.54 27.19 25.32 23.45 22.03 20.43 19.71 19.84 20.18 20.69 20.82 20.41 19.98 18.99 18.04 16.29 15.11 13.16 11.62 10.75
16.13 16.19 16.35 16.47 16.48 16.65 16.74 16.64 16.81 16.65 16.64 17.44 18.51 20.11 20.98 22.86 24.43 26.07 27.98 29.60 31.09 31.29 31.40 31.24 31.13 31.02 30.94
traj-78:
38.39 37.41 35.61 34.45 33.56 31.79 31.19 29.39 28.50 27.18 25.86 24.05 22.37 20.71 20.70 20.72 20.43 20.25 20.02 19.72 19.36 17.71 16.90 15.62 13.66 11.97 10.70  9.05  7.47
16.26 16.41 17.07 17.19 17.20 17.13 17.11 17.09 17.04 16.96 16.65 16.56 16.46 15.50 15.20 13.39 11.49 10.68  9.20  7.50  6.06  4.96  4.95  4.83  4.75  4.89  4.89  4.66  4.24
traj-79:
36.16 34.76 33.88 32.15 31.01 29.90 28.82 27.11 25.34 24.16 22.96 22.10 21.90 20.73 19.37 17.82 17.13 15.31 14.03 13.24 11.68  9.85  8.03
17.36 17.61 17.77 17.81 17.81 17.82 17.84 17.95 17.96 17.95 17.95 17.94 17.37 17.17 17.46 18.04 18.21 18.51 18.82 19.05 19.49 19.46 19.47
traj-80:
35.07 34.78 33.13 31.34 30.16 29.18 27.30 25.71 24.24 23.40 21.76 20.87 20.83 20.78 20.74 20.78 21.05 21.37 21.53 22.69 24.63 26.12 26.62
17.56 17.57 16.89 16.85 16.77 16.69 16.74 16.82 16.80 16.81 17.53 19.12 21.05 22.23 23.66 25.65 27.33 28.71 29.29 30.00 30.47 30.99 31.16
traj-81:
34.38 33.30 31.94 30.01 28.62 27.44 25.68 23.95 22.77 21.53 20.68 20.86 21.12 21.42 21.46 21.28 21.27 21.23 20.90 20.10 18.40 16.60 15.75 14.31 12.34 10.38  8.85
17.18 17.40 17.64 17.82 17.85 17.87 17.96 17.98 17.99 18.72 17.54 15.68 14.03 12.33 10.61  9.44  8.26  6.48  5.04  5.12  5.03  4.95  4.91  4.90  4.89  4.62  4.36
traj-82:
38.08 37.34 35.73 35.11 33.94 32.81 31.35 29.48 27.89 26.03 25.26 23.36 21.81 20.91 20.64 19.45 18.50 16.60 15.13 13.20 11.48  9.85  9.39
16.43 16.37 16.25 16.25 16.18 16.18 16.19 16.36 16.46 16.55 16.63 16.77 16.99 18.25 19.07 20.06 19.35 19.07 19.08 19.10 19.63 20.02 20.04
traj-83:
33.73 32.26 31.70 30.04 28.13 26.46 25.60 23.84 23.29 21.63 21.36 20.26 19.15 19.49 19.87 20.26 20.86 20.96
17.97 17.90 17.89 17.88 17.92 17.88 17.88 17.81 17.94 18.88 19.39 21.01 22.51 24.27 25.85 27.55 29.32 29.60
traj-84:
34.97 33.63 31.79 31.49 29.83 28.08 26.59 24.81 23.87 22.36 21.16 21.02 20.55 20.02 19.77 19.26 18.41 16.83 15.38 14.01 12.86 11.98 10.28  8.66
17.04 16.44 16.42 16.43 17.09 17.06 17.06 17.06 16.36 16.39 15.38 13.84 12.05 10.14  8.71  6.92  5.31  5.21  5.30  5.39  5.47  5.51  5.80  6.54
traj-85:
36.25 35.32 33.55 32.08 30.17 28.68 27.78 25.85 23.89 22.24 20.78 19.94 18.49 16.52 14.75 13.11 12.06 11.00
17.13 16.54 16.46 16.59 16.71 16.70 16.71 16.72 16.83 16.96 17.12 17.38 18.16 18.42 18.36 18.32 18.20 18.14
traj-86:
35.37 34.28 32.38 31.79 30.07 28.62 26.62 24.85 23.09 21.83 21.82 21.75 21.75 21.74 21.68 21.48 21.15 20.84 19.50 18.56 16.97 15.84 13.89 12.36
16.38 17.19 17.51 17.58 17.76 17.77 17.84 17.94 17.88 18.56 20.27 21.42 23.17 24.85 25.44 27.21 28.88 29.97 31.14 31.06 30.99 31.01 31.01 30.90
traj-87:
36.03 35.47 33.52 32.09 30.91 29.43 28.02 26.24 25.05 23.89 22.73 20.80 20.89 20.85 20.75 20.62 20.41 19.98 19.42 18.25 16.41 15.02 13.61 12.80 10.86  9.01  7.20  6.91
17.39 17.40 17.68 17.84 17.91 17.90 17.89 17.85 17.85 17.84 17.88 17.57 15.64 14.46 12.78 11.08  9.34  8.29  6.51  5.41  5.13  5.13  5.12  5.12  5.08  5.65  6.36  6.44
traj-88:
34.87 33.71 32.82 30.84 29.15 27.99 26.26 24.76 22.83 21.42 20.14 18.48 17.40 15.60 14.33 13.12 11.33 10.17  8.54
17.79 17.95 17.94 17.80 16.85 16.90 17.01 17.03 17.10 17.16 17.15 18.05 18.57 18.70 18.70 19.32 19.66 20.60 21.57
traj-89:
37.42 35.67 34.85 33.36 31.41 29.95 28.24 26.75 24.80 23.91 22.74 21.82 21.42 21.09 20.75 20.43 20.18 20.47 19.93 19.46 18.05 16.72 14.98 13.52 12.15
17.79 17.87 17.88 17.89 17.83 17.88 17.87 17.92 17.95 17.93 17.93 19.66 21.06 22.46 23.99 25.55 27.50 28.22 29.97 30.20 31.27 30.88 30.80 30.88 30.87
traj-90:
36.15 34.67 33.57 31.95 30.53 28.77 27.62 26.13 25.24 24.08 22.90 21.72 21.47 21.38 21.32 21.29 21.26 21.22 21.11 20.72 19.95 18.96 17.53 16.69 15.15 13.44 11.51 10.15  8.75  7.42  6.69
16.89 17.19 17.35 17.76 17.85 17.91 17.92 17.93 17.93 17.89 17.90 18.56 16.75 15.45 14.03 13.16 11.17  9.97  8.21  7.14  5.34  4.80  4.91  4.96  4.98  5.09  5.19  5.43  5.90  6.37  6.50
traj-91:
33.96 32.64 31.22 29.32 27.90 26.20 25.32 23.88 21.99 21.96 20.19 19.04 17.49 15.62 14.18 13.17 11.77 11.52  9.89  8.49  6.50  6.02
17.07 17.06 16.99 16.92 17.05 17.60 17.77 17.90 17.71 17.11 16.41 17.94 18.43 19.13 19.47 19.67 20.66 20.82 21.67 21.74 21.91 21.95
traj-92:
34.26 33.41 31.51 29.79 28.03 26.25 24.31 23.31 21.92 21.84 21.79 21.70 21.59 21.56 21.46 21.42 20.65 19.72 17.81 15.92 14.94
17.33 17.53 17.93 17.94 17.92 17.89 17.88 17.90 18.70 20.66 21.78 23.47 24.92 25.50 26.94 28.40 29.66 30.99 30.57 30.21 30.13
traj-93:
35.43 34.56 32.94 31.82 29.93 28.82 27.03 25.12 23.36 22.47 21.25 20.50 20.05 19.67 19.52 19.33 19.32 18.63 17.19 15.57 15.00 13.44 11.71 10.52  8.83  8.53  6.70  5.33
16.97 16.91 16.81 16.74 16.59 16.53 16.52 16.38 16.32 16.23 15.22 13.53 11.73 10.29  9.78  8.31  6.47  5.51  4.90  4.92  4.91  5.00  5.14  5.30  5.42  5.47  6.08  6.64
traj-94:
35.34 33.73 31.83 30.66 29.05 27.98 27.04 25.19 23.48 22.47 21.30 20.31 19.12 17.36 16.20 14.24 12.60 11.66 10.77 10.47  9.01  7.32
16.54 16.64 16.74 16.81 16.82 16.86 17.10 16.83 17.28 17.75 19.01 20.05 19.59 18.96 18.28 18.22 18.48 18.59 20.02 21.31 22.46 22.81
traj-95:
35.84 34.35 32.57 30.89 29.73 27.97 26.18 24.34 22.84 21.78 20.99 20.93 20.74 20.66 20.93 20.94 21.01 21.13 21.43 22.12 22.47 23.05 24.59
17.94 17.94 17.92 17.92 17.91 17.95 17.95 17.95 18.00 18.65 19.90 21.23 23.00 24.66 25.91 27.39 27.97 29.88 30.80 32.60 33.46 35.09 36.24
traj-96:
38.69 37.54 36.07 34.11 32.26 30.61 28.78 27.42 25.46 23.56 22.08 20.99 20.84 20.56 20.32 19.84 19.40 18.66 17.13 16.03 14.09 12.38 10.48  9.47  9.30
17.26 17.22 17.14 17.01 17.12 17.06 16.72 16.67 16.47 16.44 16.22 14.92 13.28 11.66 10.26  8.40  6.97  5.49  5.01  5.04  5.09  5.16  5.47  6.81  7.93
traj-97:
38.16 36.34 36.04 34.09 32.52 31.09 30.19 28.41 26.62 25.23 23.75 22.24 21.74 20.01 18.82 17.34 16.08 15.08 13.47 11.92 11.44
17.14 16.94 16.90 16.78 16.94 17.10 17.14 17.12 17.13 17.12 17.08 17.60 17.59 18.07 18.43 18.93 18.97 18.79 19.37 20.57 20.92
traj-98:
38.33 36.93 35.63 33.89 32.63 31.53 30.10 28.63 26.87 25.42 23.96 22.49 20.80 20.30 20.07 19.39 19.61 19.63 19.62 19.69 19.60 18.90 18.26 17.51 16.54
16.79 17.19 17.65 17.82 17.87 17.92 17.93 17.93 17.95 17.95 17.93 17.95 18.62 19.95 20.88 22.42 24.40 25.84 27.20 28.39 29.28 30.51 31.46 32.56 33.96
traj-99:
37.80 36.97 35.83 34.57 33.66 32.55 30.61 30.31 28.55 27.35 26.51 24.79 23.30 21.73 20.89 21.04 20.93 20.56 20.48 20.41 19.89 19.55 18.42 16.55 14.61 13.17 11.75  9.92  8.51  7.59  5.71  5.37
17.12 17.27 17.53 17.72 17.74 17.80 17.90 17.91 17.95 17.96 17.97 17.96 17.99 18.99 18.11 16.75 14.76 13.06 11.11  9.33  7.64  7.02  5.39  4.93  5.01  5.02  5.07  5.27  6.61  7.75  8.01  7.83
traj-100:
34.50 33.39 31.54 29.83 28.68 26.92 25.18 23.46 21.85 21.53 20.94 19.50 18.42 16.46 15.47 13.81 12.69 11.17 10.27
16.80 17.22 17.68 17.97 17.89 17.83 17.79 17.74 18.70 19.47 21.10 19.95 18.44 18.69 18.88 18.69 18.51 19.13 20.66
traj-101:
37.52 36.10 34.70 32.77 32.18 30.41 29.55 28.22 27.64 26.00 24.01 22.54 21.52 21.83 21.83 21.74 21.66 21.52 21.32 21.37 21.94 22.91 23.76 24.73 26.39 27.74
16.14 16.23 16.43 16.49 16.53 16.64 16.65 17.06 17.23 17.78 17.85 17.95 19.25 20.00 21.75 22.89 23.74 25.16 27.11 28.00 29.87 30.83 31.57 32.36 33.24 33.35
traj-102:
35.76 34.89 33.18 31.50 29.72 28.01 26.93 25.47 23.69 22.79 21.20 20.93 20.44 19.75 19.54 20.18 20.40 19.90 19.11 19.03 17.22 15.25 13.40 11.45 10.65  9.12  8.62  7.85  6.68  5.94
17.98 17.94 17.92 17.94 17.86 17.93 17.96 17.96 17.95 17.94 16.86 15.87 14.32 12.48 11.21  9.67  9.21  7.59  6.02  5.73  5.14  4.88  4.59  4.21  4.09  5.01  5.28  5.82  6.50  6.97
traj-103:
35.12 33.65 31.71 30.57 28.59 27.21 25.50 24.91 23.13 21.70 21.09 19.97 19.69 17.73 15.81 13.86 12.54 10.79  9.72  8.44
17.39 17.60 17.73 17.85 17.86 17.82 17.84 17.86 17.91 18.67 20.32 18.66 18.77 19.13 19.18 19.28 19.86 20.68 20.47 19.42
traj-104:
37.48 36.33 35.47 33.84 32.40 30.70 29.51 28.04 26.08 24.31 23.72 22.03 21.41 20.75 20.63 20.55 20.37 20.27 20.01 19.63 19.25
17.85 17.87 17.87 17.85 17.84 17.88 17.92 17.87 17.89 17.88 17.90 17.53 18.22 19.99 21.02 22.02 24.00 25.13 26.89 28.57 30.17
traj-105:
36.73 35.87 34.23 33.05 31.65 30.16 28.44 26.49 25.00 23.26 22.36 22.00 21.96 21.41 20.81 20.78 20.96 21.07 20.28 19.42 19.03 17.25 15.67 13.68 13.12 11.48  9.88  8.42  6.49
18.00 17.99 17.98 17.96 17.94 17.90 17.86 17.89 17.98 17.98 17.96 17.09 16.79 15.31 13.72 13.37 11.40  9.94  8.18  6.45  5.74  5.08  5.04  4.98  4.95  4.82  4.99  5.63  5.43
traj-106:
34.27 32.57 30.79 29.93 28.45 27.02 25.05 23.87 22.97 21.69 21.51 21.14 20.91 19.83 19.14 18.34 16.52 14.54 14.17 12.38 11.36  9.64  9.04
17.66 17.88 17.86 17.84 17.78 17.88 17.92 17.92 17.88 19.30 20.17 21.52 22.38 21.78 19.95 19.07 19.13 19.01 19.02 19.05 19.09 19.18 19.23
traj-107:
36.29 35.22 33.33 32.26 30.29 29.33 28.23 26.26 24.55 22.78 21.74 21.22 21.09 21.05 20.99 20.87 20.77 20.56 21.54 22.91 23.88 25.06 27.04 28.81 30.43 32.36
17.04 17.07 17.06 17.06 16.97 17.05 17.50 17.67 17.82 17.89 19.23 20.95 22.64 24.00 24.85 26.32 26.90 28.37 29.35 30.10 30.12 30.12 30.29 30.25 30.14 30.19
traj-108:
36.03 34.31 33.52 32.11 31.51 29.86 29.48 28.32 26.58 25.12 23.35 23.05 21.10 20.34 20.03 20.39 20.44 20.21 20.05 19.80 19.57 18.05 16.26 14.83 13.43 12.03 10.45  8.46  8.10
16.68 17.27 17.49 17.75 17.80 17.86 17.86 17.86 17.92 17.90 17.89 17.87 17.55 15.98 14.50 12.59 11.77 10.12  8.91  8.15  6.72  5.54  5.35  5.50  5.57  5.71  5.53  5.47  5.14
traj-109:
39.19 37.67 35.97 34.24 32.52 31.62 30.16 29.57 27.88 25.89 24.79 22.81 21.26 19.58 19.03 17.21 16.71 14.76 13.77 12.35 10.58  9.80
16.67 17.02 17.34 17.68 17.82 17.83 17.87 17.88 17.91 17.95 17.95 17.92 18.73 19.60 19.46 18.81 18.82 19.18 19.47 19.87 20.58 20.62
traj-110:
37.54 36.95 35.93 34.46 32.60 30.64 29.31 28.18 26.46 24.76 22.97 21.65 21.70 21.75 21.79 21.80 21.80 21.70 21.70 22.23 23.09 24.07 25.18 26.27 26.75
16.17 16.29 16.44 17.13 17.56 17.79 17.75 17.79 17.86 17.92 17.98 19.38 20.85 22.05 23.24 24.98 25.28 26.99 28.95 30.12 31.16 32.57 34.05 35.40 35.99
traj-111:
34.94 33.31 32.12 30.40 29.01 27.90 26.15 25.29 23.45 21.51 21.45 21.17 20.99 20.85 20.79 20.70 20.43 20.02 19.33 18.40 17.37 15.40 13.71 11.71 10.12
17.90 17.94 17.92 17.87 17.88 17.88 17.79 17.77 17.82 17.67 17.37 15.64 14.69 12.77 11.91 10.77  9.58  8.01  6.40  5.23  5.03  5.29  5.62  5.61  5.93
traj-112:
36.09 34.41 32.48 31.04 30.00 28.16 26.98 25.24 23.45 21.97 21.76 21.15 19.97 19.14 18.47 16.89 15.24 14.03 12.49 10.95  9.76  8.49
17.11 17.32 17.83 17.94 17.96 17.97 17.94 17.91 17.94 18.71 19.19 21.07 22.28 20.48 19.80 18.68 18.82 18.90 18.96 19.56 19.99 20.34
traj-113:
36.28 34.30 32.56 30.83 28.84 27.71 25.75 24.04 22.86 21.90 21.61 21.36 21.01 20.94 20.91 21.08 21.78 21.54 19.79 18.95 17.26 17.05
17.50 17.77 17.74 17.76 17.74 17.74 17.74 17.85 17.99 19.70 20.82 21.94 23.41 25.13 26.94 28.55 30.39 32.34 32.75 32.80 33.87 34.23
traj-114:
34.03 33.96 32.27 31.69 29.74 29.44 27.48 26.68 25.26 24.08 22.79 21.40 20.35 20.28 20.13 20.05 19.70 19.41 18.54 17.19 15.47 13.53 11.53 10.08  8.44  7.70
16.28 16.58 17.49 17.46 17.42 17.45 17.59 17.68 17.84 17.87 17.86 16.89 15.39 13.44 11.74 10.86  8.95  7.24  5.72  5.10  5.09  5.01  4.99  5.00  4.39  4.08
traj-115:
36.81 35.96 34.61 32.65 30.91 29.13 27.41 25.91 24.78 23.60 22.32 21.13 20.26 19.16 17.30 15.93 13.97 13.37 11.58 11.10
17.23 17.35 17.52 17.85 17.93 17.96 17.96 17.96 17.98 17.99 18.00 18.77 19.74 19.61 19.04 18.99 18.86 18.91 19.10 19.45
traj-116:
36.24 35.13 33.18 31.45 30.32 28.61 27.29 25.53 24.55 23.48 21.95 21.15 20.69 20.51 20.09 19.93 19.77 19.47 19.25 19.10 18.83 18.68
17.47 17.57 17.76 17.84 17.85 17.88 17.90 17.88 17.88 17.92 18.90 20.44 22.14 22.72 24.44 25.99 27.15 28.85 29.95 30.91 32.78 34.13
traj-117:
35.67 34.04 32.59 30.65 28.89 27.70 26.22 24.45 23.14 22.17 21.74 20.95 20.87 20.81 20.83 20.81 20.48 20.37 19.78 18.77 16.93 15.07 13.65 11.77 10.09  8.36  8.07  6.23
17.43 17.82 17.89 17.93 17.92 17.92 17.91 17.86 17.84 17.83 18.25 17.07 15.22 13.49 12.63 10.67  8.94  8.46  6.87  5.36  5.14  5.11  5.08  5.19  5.40  5.85  5.93  6.53
traj-118:
37.73 36.63 35.06 33.95 32.20 31.43 29.63 28.42 26.74 25.27 23.81 21.91 21.45 20.46 18.73 17.47 15.81 13.93 12.12 10.13  8.53
17.07 16.94 16.84 16.82 16.94 16.97 17.19 17.54 17.91 17.86 17.84 17.68 18.41 20.06 19.48 19.17 19.13 19.08 19.78 19.94 19.79
traj-119:
38.57 38.27 36.32 35.20 33.48 32.61 31.16 30.04 28.41 27.13 25.98 24.22 22.87 21.68 21.34 20.95 20.74 20.43 20.10 19.89 19.56 19.98 21.90 23.56 25.35 26.44 28.26 30.09 32.00 33.42
17.39 17.41 17.81 17.79 17.87 17.83 17.86 17.87 17.90 17.88 17.90 17.93 17.99 19.58 20.69 22.64 23.42 25.16 26.34 28.10 29.85 31.44 31.84 31.11 30.43 30.35 30.40 30.46 30.65 30.77
traj-120:
39.03 37.44 35.97 35.39 33.58 32.42 30.44 28.49 27.00 25.23 24.04 22.56 20.81 20.80 20.56 20.42 20.43 20.20 19.85 19.15 18.25 17.76 15.89 14.84 13.14 11.97 10.22  9.37  8.32
16.75 16.92 16.87 16.86 16.81 16.84 17.08 17.13 17.26 17.39 17.49 17.63 16.90 14.92 13.52 11.56 11.26  9.52  8.20  6.52  5.37  5.24  4.93  5.14  5.43  5.61  5.89  6.80  8.44
traj-121:
33.64 32.08 30.37 28.71 28.21 26.50 25.67 24.18 22.99 21.78 21.60 21.31 21.06 19.81 18.44 17.27 15.35 14.44 12.56 11.36  9.61  8.23  6.60
16.10 17.04 17.26 17.55 17.62 17.78 17.87 17.90 17.88 19.22 20.37 21.51 22.35 21.05 19.59 19.13 18.87 18.86 19.04 19.15 19.39 19.11 18.50
traj-122:
38.58 38.11 36.43 34.98 33.25 31.50 30.61 29.14 27.34 25.58 24.14 22.57 21.61 21.01 21.06 21.15 20.95 20.64 20.47 20.05 19.63 19.23 18.29 17.32 15.71
17.00 16.96 16.91 16.77 16.99 17.11 17.08 17.04 17.07 16.98 16.72 16.89 17.25 19.09 19.58 21.57 22.75 24.09 25.98 27.61 28.51 29.51 30.63 31.38 32.49
traj-123:
39.07 37.67 36.11 35.53 33.82 32.36 30.92 29.21 27.72 26.28 25.12 23.93 22.15 20.32 20.24 20.25 20.38 20.25 20.19 20.10 19.62 19.24 18.82 17.17 15.49 14.14 12.79 11.38 10.01  8.60  8.22  7.81  8.58
17.61 17.70 17.79 17.78 17.83 17.86 17.95 17.96 17.98 17.97 17.95 17.96 17.98 18.62 17.31 15.54 13.59 12.12 10.15  9.27  7.73  6.31  5.52  4.93  4.88  4.89  4.86  5.09  5.33  5.77  6.32  8.10  8.94
traj-124:
38.49 38.19 36.24 34.80 33.05 32.75 31.03 29.56 28.40 26.93 25.46 23.68 23.08 21.64 21.53 21.25 19.44 17.69 16.79 15.37 13.94 12.77 11.09  9.12
17.51 17.56 17.77 17.81 17.89 17.89 17.87 17.88 17.88 17.89 17.92 17.89 17.87 17.88 17.61 17.49 17.23 18.00 18.06 19.10 18.95 18.88 18.92 18.88
traj-125:
36.05 34.40 33.25 31.42 29.53 28.14 26.72 25.08 24.51 22.63 22.30 21.30 20.97 20.56 20.43 20.59 20.69 20.90 20.98 22.24 23.56 25.06 25.72 26.88 28.49 29.97
16.83 16.71 16.50 16.53 16.66 16.71 16.63 16.90 17.00 17.26 17.77 19.24 20.41 22.03 23.09 24.63 26.25 28.24 29.20 30.33 30.80 31.92 32.51 33.80 34.79 36.09
traj-126:
38.31 37.60 36.28 34.57 32.66 31.00 29.27 28.48 26.49 25.30 24.12 22.93 21.42 20.96 20.57 20.46 20.44 20.45 19.88 19.51 18.40 18.17 16.46 14.69 13.56 12.41 10.73 10.14  8.37  7.52
16.15 16.32 17.00 17.41 17.71 17.85 17.89 17.91 17.92 17.95 17.99 17.98 17.68 15.97 14.34 12.64 11.75 10.34  8.45  7.09  5.67  5.49  4.83  4.91  4.96  5.02  5.33  5.41  5.71  5.95
traj-127:
37.64 36.14 34.34 33.48 31.87 30.71 28.72 26.76 24.81 23.16 22.26 20.93 19.71 17.83 16.21 14.59 13.10 11.68 11.01 10.25
16.45 17.10 17.46 17.58 17.74 17.83 17.85 17.85 17.83 17.88 17.93 18.27 18.31 18.51 18.61 18.75 18.97 19.68 20.63 21.63
traj-128:
39.17 37.78 36.06 34.66 32.90 31.02 29.84 28.17 26.37 24.63 23.47 21.97 21.60 20.96 20.34 20.09 19.76 20.04 20.43 20.51 19.05 17.32 15.62 14.23 13.02 12.89
17.93 17.94 17.94 17.94 17.91 17.93 17.95 17.95 17.96 17.96 17.97 18.72 19.84 21.73 23.15 23.86 25.78 26.28 28.08 29.66 30.67 31.32 32.22 32.89 33.60 35.04
traj-129:
36.94 36.67 34.71 33.81 32.63 31.45 29.66 27.89 25.98 24.11 22.31 21.52 21.06 21.08 21.27 21.27 21.34 21.39 20.49 19.34 17.78 16.39 14.46 13.08 11.95 10.00  8.49  7.96
17.08 17.20 17.04 16.98 16.93 16.96 17.00 17.01 16.83 16.63 16.30 15.57 14.17 13.08 11.09  9.38  7.40  5.90  4.63  4.68  4.93  5.00  5.06  5.29  5.45  5.71  4.99  4.40
traj-130:
35.56 34.96 33.51 32.09 30.35 29.16 27.97 26.22 24.47 22.72 21.04 20.81 19.57 18.14 16.29 14.54 12.75 11.19 10.59  8.61  7.46
17.77 17.79 17.85 17.90 17.94 17.95 17.97 17.93 17.99 18.00 18.93 19.12 19.17 18.51 19.05 19.09 19.20 19.28 19.34 19.44 19.43
traj-131:
36.94 36.05 34.32 33.52 31.74 29.99 28.82 27.94 26.51 25.07 23.11 21.55 20.89 20.58 20.60 20.68 20.79 20.91 21.72 22.48 23.84 25.38 27.27
17.69 17.71 17.79 17.82 17.83 17.91 17.86 17.83 17.91 17.97 17.69 18.65 20.34 21.61 23.54 25.24 26.67 27.99 29.79 30.20 30.68 31.17 31.68
traj-132:
36.08 34.11 33.67 32.29 31.55 29.72 28.14 27.31 25.56 24.97 23.26 22.42 21.01 20.99 20.94 20.86 20.83 20.27 19.98 19.28 18.15 17.07 15.09 13.41 11.64 10.13  8.83  6.91  6.21
16.50 16.33 16.24 16.55 16.61 16.73 16.69 16.64 16.81 16.94 16.99 17.06 15.72 13.72 12.33 10.92 10.32  8.41  7.58  6.02  5.14  4.96  4.97  5.06  5.13  5.38  5.41  4.91  4.25
traj-133:
35.04 34.74 32.76 31.58 30.69 29.50 27.77 26.11 25.19 23.44 21.55 20.78 19.43 18.72 17.37 15.50 14.28 12.48 11.49
17.55 17.59 17.78 17.80 17.84 17.81 17.81 17.85 17.85 17.87 17.72 17.94 18.04 18.30 18.69 18.82 18.54 18.62 18.80
traj-134:
37.66 36.29 35.14 33.68 31.73 30.47 28.67 27.21 26.04 24.08 22.08 21.07 20.88 20.88 20.75 20.74 20.65 20.61 20.46 20.22 20.14 19.96
17.70 17.79 17.85 17.87 17.91 17.92 17.91 17.90 17.91 17.96 17.98 18.96 20.63 22.27 23.92 24.60 26.20 27.81 28.52 30.48 31.58 33.57
traj-135:
36.14 34.44 33.61 31.86 31.00 29.22 27.76 26.87 25.17 23.51 21.93 21.88 21.20 21.01 20.38 20.38 21.30 20.95 20.29 19.45 19.07 17.21 15.22 14.14 12.65 10.90  9.40  8.68  7.26
17.62 17.68 17.75 17.82 17.84 17.96 17.92 17.89 17.80 17.71 17.60 17.00 16.34 15.82 14.43 13.35 11.75 10.04  8.22  6.42  5.60  5.09  5.11  5.11  5.19  5.29  5.87  6.19  6.79
traj-136:
38.76 37.53 35.84 34.15 32.96 31.95 30.60 28.85 27.17 25.42 23.65 21.97 20.18 18.51 17.39 16.48 15.33 13.74 12.18 10.46  9.43
17.18 17.08 16.85 16.68 16.70 16.76 16.82 16.88 16.94 17.01 17.06 17.58 18.47 18.47 18.63 18.70 18.70 19.21 19.70 20.16 20.48
traj-137:
36.74 35.06 33.31 31.69 30.12 29.12 27.21 25.29 24.86 23.08 22.79 21.09 21.33 20.57 20.38 20.54 20.84 21.13 21.96 22.17 22.51 23.29 24.35 25.26
16.50 16.73 16.74 16.88 17.02 17.09 17.42 17.73 17.82 17.96 17.99 18.90 20.51 22.29 23.65 25.55 27.32 29.26 30.96 31.36 33.11 34.37 35.75 36.40
traj-138:
38.15 37.97 36.84 35.14 33.40 32.25 30.28 28.48 27.31 25.57 23.83 22.11 21.65 21.60 21.38 20.69 20.23 20.15 19.99 19.95 19.51 19.25 18.20 16.62 14.91 14.33 12.61 11.43  9.61  9.36  7.53  5.74
16.44 16.68 17.51 17.73 17.80 17.88 17.93 17.96 17.93 17.95 17.98 17.98 17.05 16.76 16.20 14.41 12.80 11.71 10.02  9.72  8.05  6.61  5.15  5.13  5.09  5.08  5.26  5.34  5.86  6.02  6.78  6.94
traj-139:
36.31 34.91 33.36 31.81 30.51 29.02 27.03 25.07 23.64 21.94 20.77 19.44 17.80 16.43 14.49 12.73 11.73 10.64  9.25  7.49  6.42
16.65 16.73 16.78 16.80 16.94 16.97 16.97 16.97 16.97 17.30 17.60 17.93 18.29 18.63 18.60 19.33 20.34 21.44 21.93 22.47 22.78
traj-140:
36.99 35.54 33.75 32.05 31.45 30.03 28.55 26.82 25.33 23.96 22.79 21.21 21.25 21.23 21.33 21.44 21.58 21.55 21.61 21.64 21.61 21.18 20.34 19.66 18.24
18.00 17.94 17.94 17.94 17.94 17.96 17.93 17.88 17.90 17.93 17.99 18.86 20.32 20.90 22.68 23.56 25.04 26.78 27.95 29.16 31.08 32.11 33.64 34.22 34.67
traj-141:
36.83 35.76 33.92 33.04 31.38 30.38 28.93 27.43 26.25 24.47 22.98 22.08 21.22 20.90 20.62 20.28 20.04 19.69 18.53 18.33 16.48 15.06 13.47 11.65  9.87  9.45  8.77
17.03 16.74 16.81 16.85 16.92 16.91 16.90 16.89 16.87 16.76 16.67 16.61 15.23 13.78 12.05 10.18  8.28  6.56  5.17  4.94  4.90  5.03  4.98  4.87  5.52  7.47  8.45
traj-142:
38.58 36.64 34.94 33.39 31.93 30.14 28.35 26.56 24.78 23.28 21.57 19.74 18.12 16.16 14.94 13.62 12.37 11.73
16.44 16.59 16.82 16.98 17.19 17.23 17.26 17.18 17.22 17.21 17.43 18.13 18.70 19.01 18.85 18.96 19.48 20.65
traj-143:
35.83 34.48 32.61 32.07 30.34 30.04 28.32 26.95 25.18 24.29 22.53 21.48 20.91 20.73 20.10 20.17 20.27 20.33 20.07 19.94 18.36 16.49 14.60 12.88 11.43  9.98
16.87 17.30 17.67 17.81 17.87 17.88 17.94 17.96 17.95 17.97 17.98 19.44 21.35 21.91 23.77 24.81 26.76 27.87 29.50 30.06 30.91 30.88 30.96 31.54 32.20 32.81
traj-144:
34.88 34.59 32.87 31.15 30.01 29.12 27.64 26.26 25.39 23.66 22.79 21.45 20.95 20.72 20.55 20.27 20.11 20.06 19.56 18.62 16.75 15.86 14.42 13.53 11.55 10.70  9.02  8.28
17.45 17.46 17.71 17.90 17.89 17.91 17.88 17.90 17.88 17.85 17.82 16.84 15.80 14.01 12.59 10.66  9.15  8.59  6.89  5.46  5.17  5.25  5.40  5.49  5.52  5.44  6.47  7.77
traj-145:
36.72 35.09 33.35 31.58 30.09 28.40 26.61 25.12 24.52 22.98 21.88 20.35 18.96 17.29 16.25 14.63 12.87 11.41 10.18  8.84  6.98  5.41
16.11 17.18 16.97 16.82 16.85 16.68 16.57 16.47 16.49 16.38 16.37 17.44 18.06 18.44 18.51 18.57 18.37 18.50 18.71 18.73 18.87 18.68
traj-146:
35.38 34.27 32.55 31.48 29.81 28.00 26.40 25.86 24.12 23.23 21.61 21.26 21.23 21.08 20.85 20.32 20.58 20.69 21.01 21.55
16.82 16.63 16.25 16.41 17.00 16.93 17.55 17.76 17.83 17.86 18.71 20.59 20.89 22.81 24.38 25.45 26.64 27.80 29.70 31.55
traj-147:
39.19 37.25 36.38 34.44 33.27 31.54 30.08 28.62 28.03 26.06 24.59 22.82 21.21 20.86 20.56 20.34 19.96 19.81 19.32 19.06 18.19 16.37 14.64 13.00 11.90 10.34  9.57  8.16  7.17
16.85 17.30 17.52 17.76 17.80 17.89 17.90 17.88 17.89 17.91 17.93 17.94 16.90 15.21 13.82 12.21 10.54  9.24  8.06  6.84  5.26  5.22  5.18  5.17  5.19  5.24  5.55  6.18  6.53
traj-148:
35.36 33.51 31.68 29.68 27.77 26.12 24.37 22.95 22.76 20.96 19.49 17.91 15.97 14.86 13.68 12.82 11.65 11.21  9.52  7.74  7.49
16.60 16.58 16.67 16.75 17.12 17.33 17.70 17.98 18.21 18.93 19.06 18.92 19.13 18.90 18.93 19.45 20.49 20.90 21.82 21.67 21.50
traj-149:
34.51 33.77 32.54 31.28 29.61 28.18 27.29 25.87 24.74 22.99 21.79 21.79 21.71 21.69 21.75 21.75 21.77 21.83 21.93 23.53 25.12 26.57 27.52 28.40 29.68 30.27 31.76 32.66
16.52 16.67 16.94 17.32 17.75 17.82 17.81 17.86 17.89 17.84 19.35 20.16 21.61 22.19 23.61 24.20 25.90 27.36 29.11 30.15 31.29 32.33 33.10 33.81 34.88 35.20 36.15 36.24
traj-150:
36.23 35.55 34.43 33.34 31.52 29.62 27.90 26.14 24.65 23.21 22.61 21.13 20.59 20.00 19.95 19.66 19.53 19.53 19.50 19.25 18.03 16.22 14.57 12.67 11.59  9.64  7.92  7.11
16.04 16.76 17.07 17.40 17.89 17.97 17.92 17.88 17.87 17.80 17.77 16.82 16.00 14.71 13.98 12.35 11.14  9.34  7.83  6.16  4.99  4.96  4.87  4.78  4.63  4.39  5.23  6.35
traj-151:
36.62 35.46 33.69 31.84 30.47 28.60 26.81 25.07 23.71 21.81 20.22 18.52 17.98 16.15 14.79 13.62 11.89 10.77
17.26 17.48 16.88 16.96 17.03 16.99 16.99 16.76 17.09 17.54 18.03 18.54 18.68 19.13 19.30 19.47 19.71 19.82
traj-152:
33.63 32.00 30.64 29.48 27.89 26.57 24.77 24.22 22.70 21.15 21.09 20.70 20.54 20.55 20.72 20.17 20.01 19.52 19.16 18.65 18.87 19.18 19.22 17.89 17.67
17.06 17.02 16.95 16.64 16.24 16.45 17.20 17.40 17.92 18.77 19.07 20.99 21.57 23.31 24.34 26.06 26.59 28.17 29.94 31.53 32.79 34.76 35.05 36.27 36.48
traj-153:
35.11 33.43 31.51 30.00 29.20 27.47 25.58 24.21 22.26 21.10 20.70 20.27 19.93 19.50 19.34 18.25 17.95 16.45 14.98 13.27 11.31  9.41
17.66 16.88 16.98 17.09 17.10 17.12 16.93 16.52 16.11 15.07 13.30 11.35  9.54  7.73  7.08  5.83  5.84  4.74  4.97  5.26  5.62  5.76
traj-154:
37.60 36.86 35.26 34.04 33.25 31.43 29.72 28.01 26.28 24.36 23.16 21.81 20.36 19.36 17.74 15.81 15.23 13.37 12.57 11.87 10.08  8.60  7.01  6.23
16.18 16.31 16.67 17.01 17.24 17.72 17.84 17.92 17.91 17.94 17.97 18.77 19.97 19.63 18.98 19.17 19.19 19.58 19.75 20.25 20.84 20.15 19.59 19.31
traj-155:
34.45 33.33 32.13 30.36 28.40 28.02 26.79 24.97 24.25 22.55 21.63 20.47 20.15 19.16 19.13 19.21 19.31 19.29 18.64 17.87 17.26 15.70 14.04 12.16
16.88 16.75 16.57 16.61 16.65 16.68 16.69 16.66 16.61 17.38 18.50 20.07 20.57 21.99 22.87 24.83 26.54 28.30 30.17 31.41 32.24 32.85 33.41 33.67
traj-156:
35.73 35.44 33.67 33.16 31.24 29.35 27.61 26.50 25.17 23.94 22.76 21.18 21.03 21.15 21.20 21.24 21.06 20.57 19.43 19.17 17.44 16.13 15.31 13.48 11.59 10.61  9.22  8.60  6.66
17.06 16.95 17.09 17.14 17.28 17.77 17.76 17.83 17.84 17.86 17.83 16.86 15.10 13.37 12.22 11.34  9.57  7.64  6.13  5.99  5.17  5.01  4.96  4.97  5.21  5.68  6.97  8.03  8.50
traj-157:
37.29 36.45 34.47 33.16 31.99 30.02 28.04 27.79 26.02 24.27 23.39 21.57 19.68 17.83 16.08 14.49 13.81 11.95 10.68  9.42
17.50 17.66 17.78 17.77 17.78 17.72 17.73 17.76 17.85 17.76 17.79 17.57 17.97 18.40 18.55 18.64 18.67 18.56 18.44 18.39
traj-158:
34.96 33.53 32.41 30.46 28.75 26.99 25.59 24.10 23.24 21.79 21.47 21.18 20.80 20.02 19.42 19.48 19.60 19.38 18.29 17.12 15.39 14.34 12.62 11.47 10.20
17.54 17.64 17.72 17.78 17.90 17.87 17.91 17.86 17.81 18.72 20.35 21.16 22.27 23.78 25.05 26.91 28.38 29.20 30.40 30.56 31.39 31.93 31.98 31.70 31.40
traj-159:
33.70 32.07 30.14 28.55 27.07 25.84 24.46 22.59 21.34 21.27 21.17 20.69 20.57 20.23 19.71 18.47 16.48 15.74 14.45 13.59 11.98 10.23  9.38  7.77  6.19
17.48 16.62 16.66 16.61 16.51 16.50 16.28 16.02 15.28 13.82 12.37 10.58  9.97  8.07  6.72  5.17  5.06  4.94  4.96  5.31  5.28  5.83  6.26  6.88  7.83
traj-160:
34.29 33.34 31.83 30.08 29.49 27.71 25.81 23.97 23.58 21.82 20.91 19.22 18.11 16.17 15.09 13.75 12.92 11.56 10.77  9.23  7.64  6.81  5.85
16.79 16.89 16.88 16.84 16.77 16.63 16.60 16.63 16.68 17.38 18.17 19.10 18.48 18.38 19.16 19.55 19.79 20.53 20.96 20.59 19.50 18.98 18.41
traj-161:
35.86 34.12 32.63 30.91 29.45 27.69 26.23 24.47 22.48 21.09 20.83 20.45 20.05 19.59 19.57 19.67 19.70 19.55 18.97 18.37 17.13 16.06 14.76 13.99 12.20 10.61  8.96
17.71 17.89 17.86 17.84 17.83 17.82 17.81 17.88 17.87 18.71 19.83 20.92 22.27 23.80 25.62 27.11 27.69 29.44 31.15 32.84 33.38 33.87 34.42 34.74 35.43 36.36 36.93
traj-162:
36.67 35.21 33.29 32.04 30.68 29.38 27.49 25.49 24.03 22.57 21.23 20.87 20.33 20.45 20.90 21.18 21.20 21.10 20.06 19.19 18.32 16.58 15.71 14.29 12.56 10.99  9.04  7.26
17.69 17.70 17.78 17.90 17.83 17.85 17.87 17.90 17.92 17.84 16.89 16.44 14.77 14.12 12.68 10.70  9.26  8.68  7.26  6.30  5.49  5.17  5.16  5.09  5.03  4.78  4.40  4.09
traj-163:
36.90 35.77 33.93 32.50 31.61 29.67 28.58 27.16 25.43 23.94 22.75 21.36 20.79 18.91 17.24 15.46 13.59 12.19 10.47  9.52  8.06
17.04 17.03 17.21 17.42 17.52 17.63 17.80 17.86 17.91 17.95 17.99 18.71 20.00 19.84 19.14 18.94 18.56 18.62 19.33 19.47 19.65
traj-164:
37.65 35.80 34.25 32.95 31.01 29.29 28.11 26.63 24.96 23.81 22.63 21.18 20.98 20.99 20.91 20.77 21.00 21.06 21.42 21.66 22.01 22.20 22.77
16.64 16.90 17.27 17.49 17.88 17.90 17.93 17.94 17.94 17.93 17.95 18.89 20.70 22.23 23.77 24.80 26.34 28.32 30.28 31.21 32.59 33.37 35.19
traj-165:
36.05 34.89 33.39 32.59 30.87 28.94 28.08 26.65 25.17 23.41 21.76 21.52 20.52 20.46 20.40 20.47 20.48 20.54 20.24 19.77 19.11 17.30 15.55 13.57 11.97 10.34  8.72  7.01  6.42
17.35 17.16 17.17 17.36 17.59 17.87 17.86 17.90 17.92 17.86 18.97 19.84 18.28 16.54 14.56 12.57 12.01 10.36  8.98  7.08  5.76  4.98  4.98  4.90  4.65  4.87  5.12  5.32  5.42
traj-166:
33.84 33.64 31.72 30.73 29.59 28.60 27.29 25.57 24.70 23.27 21.48 21.30 20.53 18.77 17.47 15.63 13.81 12.52 10.86  9.33  7.56  7.01
16.33 16.55 16.81 16.93 16.96 17.26 17.69 17.96 17.90 17.82 17.53 18.35 19.79 19.24 18.95 19.11 18.76 18.49 18.75 19.05 18.66 18.48
traj-167:
36.08 34.49 32.57 31.10 30.51 28.57 27.71 25.77 24.18 22.99 21.39 21.31 20.76 20.41 20.06 19.65 19.56 19.55 19.78 20.70 21.64 23.24 25.04
17.86 17.90 17.90 17.88 17.86 17.93 17.93 17.95 17.94 17.95 18.92 19.21 21.10 22.41 23.48 25.38 25.97 27.53 28.36 29.91 30.46 31.37 31.98
traj-168:
33.91 33.05 31.68 30.22 29.05 27.90 26.51 25.33 24.18 22.70 21.15 21.05 20.95 21.00 20.84 20.48 20.28 19.93 19.48 18.68 16.90 16.05 14.14 13.10 11.63  9.80  8.41
17.62 17.76 17.85 17.94 17.92 17.90 17.86 17.85 17.88 17.85 16.91 16.63 14.75 13.03 11.67 10.09  9.23  7.80  6.60  5.11  5.05  5.05  5.07  5.32  5.52  5.95  7.20
traj-169:
35.25 34.12 32.48 30.95 29.26 28.28 27.15 25.66 24.76 22.79 21.33 19.85 18.11 16.79 15.76 14.18 12.21 11.23  9.66  7.98  6.33  5.55
16.00 16.26 16.33 16.43 16.75 16.98 17.20 17.29 17.33 17.50 18.47 19.49 19.14 19.23 18.76 18.83 19.06 19.69 20.56 21.43 22.32 22.73
traj-170:
34.64 33.45 31.75 30.27 29.38 27.94 26.20 25.03 23.29 22.99 21.64 21.02 21.02 20.95 20.88 20.83 20.89 20.59 20.05 20.83 22.29 23.42 25.21
17.70 17.78 17.91 17.89 17.86 17.88 17.85 17.89 17.90 17.90 19.25 21.06 21.65 23.06 24.87 26.65 26.94 28.81 30.10 31.70 32.18 32.02 31.74
traj-171:
36.05 35.46 33.76 32.11 30.96 29.21 27.49 25.71 24.82 23.62 21.83 21.50 20.99 20.33 19.61 19.48 19.26 19.20 19.19 19.01 17.69 16.07 14.35 12.92 11.21  9.79  8.24  6.84  6.13
17.26 17.34 17.58 17.76 17.76 17.76 17.90 17.92 17.93 17.93 17.92 17.01 15.78 14.37 12.54 10.93  9.69  7.87  7.13  5.27  5.03  4.98  4.87  5.15  5.39  5.60  5.91  5.72  4.98
traj-172:
37.19 35.45 34.01 32.18 30.36 28.65 26.89 26.59 24.88 23.15 21.98 21.73 19.88 19.58 17.80 16.69 15.29 13.82 11.98 11.54 10.46  8.61  7.19
16.71 16.49 16.56 16.67 17.37 17.79 17.95 17.90 17.96 17.94 17.93 18.08 17.79 17.82 18.40 18.56 18.83 18.95 19.73 20.14 21.11 21.18 20.97
traj-173:
35.40 34.82 32.86 31.34 29.36 27.42 25.44 25.16 23.46 22.70 21.62 21.20 21.08 19.92 19.06 19.15 19.31 19.78 20.02 21.56 23.36 25.07 25.37 27.23 29.10 31.01 32.87
17.23 17.15 16.97 16.78 16.79 16.63 16.60 16.68 17.11 17.48 18.95 20.87 21.41 22.93 23.69 24.53 26.16 28.07 29.25 30.46 30.74 30.95 30.90 30.66 30.88 31.08 31.07
traj-174:
38.90 37.19 35.82 34.71 33.12 32.20 31.02 29.16 27.68 26.78 25.60 23.69 22.45 21.45 21.18 21.34 21.36 21.38 21.39 21.22 20.62 19.38 17.41 15.90 14.06 12.26 10.61  8.91  7.04  6.74
16.75 16.64 16.65 16.61 16.63 16.64 16.70 16.97 17.12 17.09 17.06 16.98 16.34 15.18 13.43 11.71 11.41  9.68  7.90  6.16  5.23  5.04  4.92  4.86  4.78  4.72  4.61  4.51  4.49  4.46
traj-175:
37.24 35.30 33.46 32.35 30.56 29.48 28.15 26.52 25.04 23.09 22.23 20.97 19.12 18.18 16.37 15.54 13.63 12.84 11.24 10.12  8.41  7.66  6.25
16.33 16.34 16.30 16.44 16.71 16.90 17.09 17.42 17.65 17.91 17.85 19.01 19.50 19.26 19.05 18.98 19.20 19.13 20.22 20.54 21.28 21.61 22.34
traj-176:
33.67 33.48 33.25 31.61 30.78 29.65 27.90 26.16 25.04 23.56 22.37 20.92 20.61 20.47 20.24 20.02 20.10 19.98 19.72 19.28 17.67 17.13 15.29 14.18
16.29 16.51 16.57 17.30 17.58 17.79 17.85 17.91 17.93 17.87 17.83 18.93 20.75 21.51 23.35 25.31 27.29 28.89 29.74 31.11 31.74 32.03 32.10 32.27
traj-177:
34.63 33.51 31.77 30.67 28.73 28.43 26.70 24.91 23.77 22.17 20.91 21.18 20.86 20.85 20.86 20.85 20.65 20.46 18.63 17.21 16.44 14.99 14.42 12.44 11.07  9.90
17.38 17.67 17.90 17.86 17.88 17.88 17.88 17.88 17.83 17.92 18.27 16.32 14.38 12.38 11.80  9.82  8.32  6.56  5.76  5.08  5.14  5.23  5.31  5.57  5.68  6.44
traj-178:
33.79 32.62 31.55 29.93 28.01 26.06 24.69 23.26 21.56 21.49 21.04 20.09 19.55 19.22 17.41 15.98 15.39 13.43 12.95 11.31 10.30
16.78 16.85 16.90 16.91 17.08 17.50 17.71 17.90 18.94 19.53 21.41 22.39 20.80 19.67 19.04 18.96 18.97 19.00 19.22 20.27 21.34
traj-179:
36.72 35.26 33.51 31.74 30.92 29.00 28.19 26.45 25.57 24.09 23.21 21.87 21.83 21.70 21.66 21.59 21.68 21.78 23.35 25.18 25.77
16.37 16.63 17.18 17.43 17.52 17.69 17.82 17.89 17.91 17.91 17.90 18.66 20.63 22.37 24.33 25.79 27.45 29.21 30.11 30.53 30.59
traj-180:
33.76 32.39 30.70 29.25 28.37 27.20 25.46 24.00 22.82 20.91 20.94 20.92 20.82 20.71 20.53 20.44 19.64 18.64 16.95 15.82 14.16 12.44 10.47  9.12  8.27
17.52 17.66 17.84 17.90 17.90 17.88 17.82 17.80 17.79 17.58 16.17 14.49 12.72 11.90 10.18  9.02  7.29  5.61  5.29  5.18  5.15  5.02  4.93  5.16  5.31
traj-181:
35.67 35.07 33.64 32.44 30.66 28.98 27.22 25.76 23.98 23.68 21.93 20.03 18.86 16.87 15.29 13.53 11.56 10.23  8.78
17.94 17.95 17.97 17.93 17.91 17.91 17.86 17.86 17.86 17.87 17.74 17.73 18.79 18.79 18.99 19.02 19.26 20.03 20.75
traj-182:
36.56 35.27 34.29 32.70 30.93 29.45 28.25 26.75 25.28 23.48 21.68 21.00 20.28 19.88 19.87 19.84 20.10 20.23 20.57 20.92 21.28
16.16 16.38 16.59 17.05 17.11 17.11 17.12 17.14 17.20 17.18 17.16 18.43 19.02 20.58 21.62 22.99 24.47 25.34 27.17 28.93 30.62
traj-183:
34.78 34.49 32.57 31.18 29.45 27.69 25.93 24.46 23.00 22.15 20.74 20.61 20.79 20.78 20.57 20.26 19.69 19.41 18.34 17.43 16.08 14.13 12.99 11.58  9.58  8.09  7.79
17.08 17.11 17.64 17.78 17.87 17.91 17.89 17.87 17.84 17.84 17.72 15.76 13.90 12.64 11.51  9.60  7.70  6.56  5.13  5.09  5.11  5.05  4.99  4.91  4.87  6.03  6.05
traj-184:
37.05 35.39 33.67 32.23 31.06 29.30 27.32 25.52 23.80 23.21 21.59 21.20 20.88 19.47 18.16 17.26 16.12 14.62 12.98 11.36 10.51  9.08  7.27  6.21
17.51 17.79 17.82 17.87 17.87 17.87 17.88 17.91 17.94 17.96 18.97 20.38 22.05 20.98 19.59 19.20 19.23 19.19 19.17 19.22 19.20 19.15 18.96 18.87
traj-185:
34.07 32.21 30.42 29.45 27.80 26.84 24.88 24.29 22.85 21.68 21.29 21.10 20.76 20.67 20.45 20.30 19.64 19.56 18.51 17.45 17.23 16.28 15.83 14.42 13.88
16.86 16.77 16.70 16.67 16.64 16.74 16.80 16.83 16.85 18.29 20.25 21.41 23.23 25.01 26.96 27.78 29.45 29.74 31.26 32.62 32.89 34.27 34.87 36.17 36.38
traj-186:
34.14 33.27 31.84 30.55 29.09 27.31 26.41 24.91 23.15 22.34 21.15 21.04 20.92 20.71 20.07 19.56 19.45 18.46 17.31 15.45 13.49 12.03 10.34  9.18  8.85  7.29  5.35
16.44 16.58 16.76 17.04 17.08 17.12 17.14 17.16 17.10 16.80 15.29 13.83 12.17 10.86  9.22  7.57  7.29  5.64  5.19  5.11  5.25  5.41  5.69  7.13  8.20  9.23  9.45
traj-187:
35.65 34.61 33.08 32.13 30.70 29.66 28.81 27.67 25.95 24.23 23.63 21.89 21.73 20.57 19.41 18.01 16.66 15.99 14.28 13.69 12.22 10.73  9.97  8.44  6.55  5.14
16.16 16.32 16.59 16.79 16.90 17.01 17.22 17.44 17.78 17.89 17.88 17.73 17.16 16.44 17.94 18.76 18.83 18.93 19.09 19.11 19.28 20.47 21.20 22.34 22.70 22.87
traj-188:
33.63 31.78 30.82 29.05 27.39 25.94 24.56 22.66 21.59 21.81 21.85 21.65 21.55 21.38 21.37 21.71 21.91 23.51 25.17 26.78 27.27 28.75 30.54 31.69 32.40 33.77
16.34 16.47 16.66 16.96 17.34 17.52 17.65 17.94 19.18 21.16 21.76 23.74 24.58 26.34 27.49 29.23 29.78 30.61 31.56 32.27 32.45 32.85 33.52 34.24 34.74 35.66
traj-189:
35.27 34.25 33.46 31.76 31.02 29.30 27.82 26.39 24.68 23.42 21.87 21.82 21.76 21.77 21.75 21.60 21.44 21.32 20.93 18.99 17.84 16.76 14.92 14.32 12.72 11.55  9.96  8.17  6.66
16.50 16.66 16.80 17.05 17.20 17.09 17.06 17.14 17.18 17.13 16.52 16.10 14.45 13.28 11.51 10.04  8.57  7.10  5.39  5.13  5.02  4.99  5.09  5.14  5.28  5.51  6.46  7.00  7.99
traj-190:
38.16 36.74 34.95 33.81 32.02 30.24 28.76 27.06 25.88 25.00 23.27 21.73 21.57 20.26 19.04 17.13 16.38 14.93 13.20 11.96 10.09  8.54  7.23
17.79 17.86 17.93 17.95 17.94 17.85 17.79 17.83 17.84 17.87 17.94 18.73 19.30 20.79 19.52 18.95 18.94 18.92 18.92 18.88 18.71 18.66 18.66
traj-191:
38.80 37.08 35.50 33.63 32.09 30.59 29.61 27.75 26.21 24.28 22.31 20.34 19.14 19.08 19.09 19.15 19.23 19.69 20.17 20.27 20.99 22.13 23.47 24.64
16.23 16.20 16.27 16.26 16.35 16.48 16.52 16.51 16.57 16.62 16.64 16.48 17.90 19.00 20.64 21.63 23.08 24.84 26.60 27.07 28.57 30.17 31.01 31.66
traj-192:
33.77 33.25 31.53 29.76 28.07 26.38 25.78 24.33 23.46 21.70 20.99 20.84 20.45 20.38 20.14 19.72 19.48 18.53 18.31 16.90 15.05 13.62 11.76 11.19  9.43  7.75
17.55 17.65 17.84 17.90 17.89 17.86 17.86 17.86 17.79 17.62 15.91 15.15 13.35 11.71  9.85  8.09  7.23  5.57  5.36  5.10  5.14  5.16  5.15  5.31  6.25  7.23
traj-193:
36.59 34.97 33.81 32.39 30.50 28.68 26.92 25.08 23.34 21.49 19.72 17.80 16.03 15.12 13.31 11.70 10.40
17.51 17.84 17.85 17.88 17.66 16.99 16.94 16.87 16.90 17.54 17.97 18.17 18.52 18.66 19.13 19.23 20.51
traj-194:
38.36 37.71 36.12 34.48 33.11 32.28 30.81 30.23 28.47 27.31 25.84 25.24 23.24 21.68 21.29 21.23 21.27 20.76 20.30 20.57 21.65 22.97 24.60 26.09 27.42 28.90 30.24 30.99 32.41
16.69 16.84 17.31 17.65 17.72 17.83 17.94 17.89 17.81 17.88 17.93 17.96 17.95 18.89 20.29 21.38 23.23 25.09 26.94 28.85 29.93 31.03 32.19 31.88 31.55 32.59 33.51 33.93 34.80
traj-195:
39.02 38.42 37.96 36.61 35.33 34.57 32.62 31.49 30.35 29.19 28.32 26.86 25.07 24.84 23.01 22.71 20.97 21.08 21.08 21.05 20.92 20.63 20.47 19.76 19.39 17.70 16.46 14.66 12.84 11.45 10.00  8.34  7.17
16.30 16.38 16.48 16.73 17.16 17.41 17.78 17.81 17.86 17.87 17.91 17.92 17.95 17.93 17.77 17.75 17.61 15.74 13.86 12.11 10.36  9.22  8.36  6.79  5.98  5.21  5.01  4.97  4.96  5.11  5.18  5.12  4.02
traj-196:
38.61 37.51 35.85 35.28 33.58 31.75 31.58 30.28 29.57 27.86 26.66 25.00 24.40 22.64 21.45 20.61 19.07 18.03 16.97 15.41 14.29 12.36 11.77 11.26  9.61  8.24
17.05 17.24 17.39 17.48 17.67 17.81 17.85 17.87 17.89 17.90 17.93 17.90 17.88 17.86 17.86 17.81 18.24 18.51 18.70 19.13 19.44 19.86 19.84 20.16 20.46 20.79
traj-197:
38.14 36.47 35.33 33.60 32.12 30.36 28.64 26.88 26.28 24.54 23.94 22.35 21.42 21.53 21.35 21.45 21.58 21.52 21.31 21.44 21.38 21.89
17.49 17.70 17.77 17.87 17.88 17.90 17.92 17.85 17.84 17.91 17.93 18.00 19.72 21.11 22.22 23.99 25.69 27.14 28.80 30.67 32.64 34.20
traj-198:
34.20 33.90 32.02 30.32 28.62 27.47 26.58 25.18 23.25 21.72 21.04 19.85 19.76 19.82 20.02 20.13 20.20 20.19 20.04 19.69 19.35 18.05 16.40 15.00 13.30 11.88 10.15  9.11  8.82
17.11 17.16 17.64 17.74 17.85 17.86 17.80 17.75 17.73 18.78 20.39 19.09 17.20 16.62 15.08 13.64 11.67 11.11  9.39  7.71  6.34  5.13  4.99  5.14  5.39  5.59  5.86  6.90  8.14
traj-199:
35.82 34.12 32.43 30.65 28.94 27.47 25.98 25.40 23.66 23.07 21.40 21.24 20.95 19.55 19.15 17.67 15.97 14.30 12.69 10.93 10.27
17.35 17.78 17.93 17.95 17.96 17.96 17.96 17.96 17.96 17.97 18.85 19.95 21.92 20.55 20.10 18.85 18.37 18.70 19.04 19.26 19.03
traj-200:
35.38 34.20 33.33 31.45 29.65 28.32 26.88 24.98 23.48 21.56 20.80 20.52 20.26 20.30 20.21 20.26 20.56 20.60 21.10 21.39 21.53
17.42 17.53 17.63 17.82 17.82 17.87 17.93 17.95 17.98 17.73 19.13 19.61 21.51 23.35 24.99 26.33 28.23 29.01 30.90 32.60 33.43
traj-201:
34.76 33.58 31.78 30.09 28.97 27.55 25.60 24.19 23.29 21.78 21.30 20.36 20.34 20.84 20.94 20.91 20.81 20.49 20.28 20.01 18.20 17.19 15.38 13.40 12.81 10.83  9.42
16.60 16.83 17.06 17.29 17.44 17.60 17.82 17.94 17.98 18.83 20.71 19.16 17.22 15.40 13.48 11.72 10.24  8.52  6.57  6.04  5.21  5.18  5.03  5.03  5.03  5.13  4.31
traj-202:
35.81 34.39 33.52 31.61 29.61 27.74 25.78 25.00 23.30 22.16 21.30 21.14 20.94 19.81 19.37 19.00 17.10 16.80 16.63 15.97 14.05 12.86 11.70 10.24
17.12 16.84 16.68 16.82 16.89 16.64 16.75 16.74 16.98 17.77 19.42 21.13 22.56 21.06 19.68 18.89 18.41 18.42 18.67 19.09 19.23 19.39 19.53 19.29
traj-203:
38.26 36.95 35.16 33.49 31.52 29.86 29.32 27.35 25.61 25.04 23.59 21.93 21.61 21.21 21.18 20.98 20.84 20.49 19.65 19.45 19.60 20.26 22.01 23.61 24.13
16.70 17.11 17.36 17.67 17.87 17.89 17.91 17.90 17.86 17.87 17.83 18.75 19.86 21.72 22.02 23.76 24.23 26.12 27.34 28.96 29.61 31.10 31.50 32.67 33.53
traj-204:
34.09 32.66 31.01 30.10 28.22 27.64 26.29 24.58 23.45 22.10 20.27 20.01 19.88 20.21 20.12 20.05 19.98 19.80 19.42 19.24 17.33 15.71 14.01 12.58 11.14  9.41  8.04  6.94
17.08 16.81 16.53 16.49 16.30 16.31 17.23 17.66 17.82 17.99 17.84 17.02 15.50 14.49 12.72 11.27 10.09  8.39  6.47  5.62  5.09  4.97  5.02  5.04  5.03  5.14  5.45  7.09
traj-205:
36.47 35.08 33.26 31.97 30.32 28.53 26.74 25.46 24.64 23.18 21.75 20.11 19.41 17.75 16.78 15.25 14.00 12.16 11.96
17.14 17.10 16.83 16.92 16.85 16.77 16.78 16.87 16.79 17.06 17.08 17.56 17.72 18.20 18.27 18.25 18.20 18.12 18.12
traj-206:
36.67 35.32 33.54 32.16 30.45 29.85 28.06 26.87 25.14 23.66 22.78 21.43 21.03 20.94 20.94 20.91 20.60 20.41 20.20 18.42 17.25 15.32 13.50 11.55
17.71 17.87 17.88 17.90 17.94 17.95 17.98 17.98 17.92 17.96 17.98 19.38 21.07 22.82 23.82 25.18 26.42 28.32 29.28 30.07 30.19 30.42 30.42 30.59
traj-207:
34.77 32.86 32.17 30.26 28.67 26.82 25.11 23.65 22.19 20.84 20.43 20.45 20.12 19.98 19.90 19.72 19.33 18.08 17.41 15.89 13.94 12.55 11.05  9.41  8.75  7.32  6.74
16.23 16.35 16.65 16.88 16.97 16.62 16.51 16.19 16.12 14.79 13.55 12.02 11.06  9.31  8.87  7.23  6.57  5.03  5.03  5.07  5.20  5.34  5.61  5.63  5.62  5.65  5.62
traj-208:
38.29 37.11 35.40 33.43 31.45 30.05 28.86 26.87 25.42 24.01 22.04 20.43 18.53 17.94 16.23 14.47 12.84 11.81 10.81  9.26
17.95 17.94 17.94 18.00 17.99 17.99 17.97 17.92 17.95 17.97 18.00 18.87 19.03 19.12 18.99 18.85 19.56 20.77 21.87 21.65
traj-209:
36.75 35.36 34.53 33.14 31.70 29.92 28.81 27.09 25.27 23.51 21.96 21.76 21.67 21.66 21.60 21.56 21.53 21.47 21.41 22.95 24.26 25.79 27.46 28.36 29.22
17.32 17.56 17.66 17.82 17.98 17.94 17.93 17.91 17.87 17.85 18.70 19.79 20.91 22.27 23.98 25.70 26.88 27.77 29.27 30.10 30.65 31.82 32.72 33.25 33.73
traj-210:
37.64 35.89 34.73 32.85 31.03 29.27 27.64 25.79 24.33 22.86 21.57 20.52 21.00 21.08 21.03 20.71 20.42 19.72 18.10 16.97 15.78 14.65 12.91 11.19  9.89  8.48  6.75
16.10 16.20 16.25 16.53 16.71 17.09 17.48 17.83 17.89 17.93 16.97 15.57 13.65 11.92 11.02  9.45  8.00  6.22  5.09  4.99  4.91  4.84  5.02  5.13  5.44  5.65  5.28
traj-211:
38.10 37.32 37.17 35.59 33.99 32.73 31.31 29.86 28.06 26.26 24.57 23.16 21.54 20.69 19.46 18.26 16.67 14.98 13.38 11.58 10.49  9.97  8.10  7.55
16.23 16.28 16.54 16.61 16.49 16.45 16.28 16.32 16.69 17.17 17.58 17.97 18.98 20.61 20.53 19.39 18.41 18.23 18.24 18.37 19.14 19.34 19.21 18.63
traj-212:
35.22 34.06 32.61 31.21 29.83 28.10 26.34 24.57 23.18 21.70 21.14 20.99 20.74 20.72 20.37 20.13 20.03 19.75 18.06 16.78 14.83 12.92 12.05 10.87
17.08 17.00 17.29 17.52 17.73 17.98 17.96 17.86 17.85 17.71 19.53 20.22 21.97 23.84 25.59 27.41 29.31 30.26 30.41 30.41 30.53 30.27 30.25 30.15
traj-213:
36.15 35.88 35.73 33.80 32.55 30.77 30.17 28.27 27.97 26.17 24.98 23.80 22.90 21.19 21.09 20.74 20.37 20.20 19.82 19.54 19.06 18.13 17.86 16.11 14.15 12.16 10.21  8.45  7.43
16.54 16.42 16.68 16.52 16.63 16.65 16.67 16.88 16.88 16.91 16.92 17.00 17.02 16.27 15.19 13.51 11.57 10.52  8.81  7.90  6.40  5.53  5.42  5.01  5.16  5.37  5.58  6.40  6.93
traj-214:
36.41 34.51 32.64 30.98 30.02 28.38 27.43 25.63 24.02 22.25 21.80 20.62 19.29 17.77 15.96 14.82 13.39 11.74 11.35 10.30  9.12
16.65 16.63 16.67 16.78 16.68 16.66 16.62 16.22 16.29 16.57 17.54 19.15 19.41 19.15 19.28 18.83 18.77 18.63 19.28 20.48 21.10
traj-215:
36.94 35.80 33.88 32.42 30.43 29.55 28.36 26.88 26.31 24.65 22.92 21.42 20.07 19.53 19.92 20.19 20.20 20.20 20.21 20.05 18.68 17.29 15.83 13.86 13.42
17.33 17.48 17.72 17.81 17.85 17.88 17.98 17.88 17.85 17.80 17.72 18.69 19.99 21.77 22.55 23.90 24.64 25.95 27.41 28.78 30.14 30.81 31.36 31.59 31.79
traj-216:
38.27 37.67 35.84 34.48 32.60 31.46 29.68 27.79 27.14 25.32 23.52 22.03 20.41 20.40 20.42 20.38 20.29 20.20 19.89 19.59 18.47 17.02 15.91 14.05 12.63 10.96  9.94  8.59  6.83
16.58 16.58 16.46 16.26 16.22 16.25 16.47 16.62 17.01 17.22 17.30 17.44 16.71 15.25 13.65 12.12 10.49  9.00  8.22  6.81  5.60  5.06  5.12  5.09  5.12  5.57  6.10  7.35  6.82
traj-217:
35.00 33.23 31.33 30.25 28.91 27.47 25.81 24.72 23.84 22.17 21.27 19.39 17.77 16.41 14.66 13.44 11.47  9.49
16.56 16.67 17.09 17.11 17.28 17.44 17.64 17.79 17.96 16.94 17.22 17.73 18.38 18.59 18.71 18.77 18.73 18.78
traj-218:
33.97 32.34 30.58 29.27 27.66 25.93 24.25 22.62 21.76 21.71 21.76 21.81 21.65 21.80 21.83 21.87 23.32 24.89 26.37 28.17
16.32 16.29 16.23 16.27 16.24 17.05 17.51 17.90 18.69 20.66 21.22 22.99 24.68 26.45 27.84 29.26 30.11 30.12 30.16 30.24
traj-219:
38.88 38.00 36.64 35.17 33.54 31.64 30.96 29.36 28.71 27.19 26.01 24.54 22.78 21.62 20.96 20.86 20.76 20.61 20.39 20.08 19.64 19.32 18.25 16.83 15.94 14.15 12.44 11.55  9.96  9.89  9.75
16.97 17.06 17.23 17.47 17.76 17.79 17.82 17.87 17.89 17.90 17.92 17.96 18.00 18.59 16.74 15.64 13.86 12.78 11.44  9.67  8.20  6.55  5.14  4.91  4.99  5.39  5.55  5.69  6.77  7.52  8.96
traj-220:
35.00 33.86 32.43 31.02 29.59 28.40 26.61 24.85 23.66 22.47 21.21 20.15 19.66 18.44 16.80 16.27 14.64 13.41 11.56  9.98  9.22  8.62  7.10
17.61 17.65 17.73 17.79 17.89 17.92 17.95 17.96 17.97 17.99 19.42 21.09 21.13 19.55 19.18 19.04 18.65 18.70 18.65 19.31 20.08 21.08 22.00
traj-221:
35.36 34.37 32.71 32.13 30.20 28.46 27.86 26.16 24.96 23.20 21.57 21.31 21.32 21.26 21.02 20.82 20.50 20.14 18.42 17.22 15.50 13.68 12.01 11.36
16.23 16.36 17.05 17.20 17.67 17.95 17.94 17.87 17.96 17.80 18.70 20.28 21.56 23.04 24.45 25.69 27.44 29.13 30.03 30.50 31.16 32.00 32.76 33.14
traj-222:
33.74 32.33 30.55 30.27 28.30 26.83 25.63 23.84 22.46 21.12 21.08 20.73 20.50 20.18 19.75 19.23 18.51 16.62 14.79 14.49 12.51 11.12  9.84  8.66  7.94  7.24  6.15
17.16 16.96 16.68 16.60 16.71 16.89 16.93 16.83 16.73 15.52 15.22 13.26 12.13 10.65  8.80  6.88  5.48  4.88  4.64  4.60  4.40  4.41  4.53  5.72  6.39  7.15  8.18
traj-223:
37.95 36.17 35.18 33.78 32.39 31.53 29.58 28.40 26.41 24.66 22.91 21.62 20.99 20.16 18.61 17.77 16.00 14.43 13.17 12.06 10.52  9.39
16.71 17.08 17.39 17.78 17.86 17.89 17.98 17.97 17.95 17.95 17.93 19.41 20.74 20.30 19.37 18.82 18.84 18.84 18.98 18.98 19.15 19.50
traj-224:
39.16 37.60 36.01 34.11 32.31 31.05 29.07 28.77 26.99 25.82 24.55 22.77 21.16 19.52 19.44 19.19 19.25 19.26 19.35 19.56 19.85 20.08 20.15
16.61 16.80 17.08 17.59 17.66 17.70 17.74 17.77 17.84 17.85 17.88 17.91 17.90 19.01 19.72 21.26 23.07 24.01 25.85 26.58 28.55 30.18 31.53
traj-225:
36.42 36.12 34.19 32.45 32.15 30.37 29.19 27.47 26.62 24.94 23.19 21.67 20.84 20.88 20.86 20.50 20.00 19.61 19.27 18.19 16.61 15.56 14.49 13.32 12.43 10.96  9.88  8.61
17.59 17.61 17.82 17.95 17.96 17.92 17.90 17.85 17.84 17.86 17.82 17.67 16.09 14.17 12.72 10.82  9.27  7.93  6.79  5.33  5.08  5.06  5.17  5.25  5.40  5.63  5.94  6.44
traj-226:
34.69 32.71 31.56 29.76 28.51 26.88 25.51 23.82 22.94 21.61 20.64 19.44 18.13 16.41 14.91 13.29 11.87 10.22  9.03  7.43  7.13
16.63 16.55 16.51 16.36 16.33 16.36 16.45 16.69 16.83 17.62 19.01 19.93 18.63 18.67 18.88 18.78 18.71 19.83 21.26 22.10 22.07
traj-227:
36.11 34.38 32.73 31.58 30.43 29.28 28.18 26.47 25.62 23.84 22.98 21.57 21.43 21.20 20.67 20.23 19.67 19.32 19.02 17.82 16.61 15.32 14.53 13.32 12.32 11.67
17.33 17.39 17.55 17.67 17.83 17.82 17.78 17.80 17.83 17.88 17.96 18.71 20.47 22.43 24.02 25.67 27.29 28.70 29.68 30.16 31.01 32.42 33.28 34.41 35.28 35.84
traj-228:
39.03 37.24 35.36 34.49 32.56 30.66 29.83 28.12 26.44 24.65 22.90 21.56 20.91 21.02 21.06 20.99 20.65 20.25 19.75 18.31 17.42 15.78 14.95 13.09 11.44  9.79  8.31  8.06
16.56 16.62 16.59 17.18 17.47 17.82 17.87 17.92 17.93 17.98 17.96 16.99 15.39 13.66 12.49 11.06  9.09  7.99  6.92  5.53  5.14  5.09  5.05  4.96  5.25  5.77  6.64  6.81
traj-229:
35.79 34.76 33.07 31.37 29.62 27.94 26.46 25.30 24.43 22.98 21.47 20.93 19.74 18.34 17.12 16.08 14.94 12.99 11.94 10.21  9.14
16.63 17.11 17.57 17.84 17.89 17.87 17.93 17.88 17.88 17.99 18.93 20.27 20.45 19.37 18.86 18.99 18.98 19.28 20.32 20.87 21.18
traj-230:
34.46 32.62 31.03 29.59 28.72 27.54 25.56 24.76 23.31 21.89 21.66 21.07 20.88 20.54 20.74 21.07 21.08 20.87 21.16 21.89 21.08 20.00 18.39 17.69 15.95 14.56 12.93
16.97 17.46 17.81 17.88 17.90 17.88 17.89 17.90 17.84 18.61 19.11 20.72 21.24 23.16 24.45 26.13 26.57 28.46 29.18 30.95 32.10 33.50 34.39 34.72 35.47 36.08 36.68
traj-231:
34.41 34.11 32.33 30.73 30.26 28.33 26.35 25.16 23.67 22.48 21.19 21.09 20.93 20.82 20.43 20.23 19.80 18.62 18.41 16.56 15.19 13.48 12.09 10.72  9.63  8.26  6.59  6.17
16.94 16.91 16.77 16.62 16.60 16.57 16.79 16.74 16.68 16.62 15.22 14.06 12.41 10.96  9.58  7.87  6.92  5.64  5.42  4.77  4.88  4.98  4.89  4.81  4.93  5.02  4.52  4.56
traj-232:
34.41 32.76 31.22 29.97 28.01 27.16 25.99 24.23 22.46 21.87 20.42 19.28 18.11 16.42 15.45 13.81 11.94  9.98  8.01  6.99
17.19 17.35 17.50 17.58 17.84 17.85 17.90 17.92 17.88 17.88 17.82 18.01 18.18 18.40 18.56 19.17 18.91 19.07 19.04 18.92
traj-233:
35.47 35.16 34.02 32.83 31.26 29.63 27.92 26.18 24.71 23.03 21.82 21.71 21.70 21.61 21.58 21.18 20.15 19.59 19.09 17.41 15.54 13.59 12.50 10.69  9.02
16.20 16.58 16.86 16.88 17.08 17.41 17.68 17.73 17.78 17.84 18.46 20.41 21.00 22.68 24.13 26.04 27.39 29.31 30.10 30.47 30.54 30.79 31.51 32.03 32.37
traj-234:
37.21 36.63 35.03 33.88 32.79 31.08 29.31 27.61 26.15 25.01 23.24 21.58 20.53 20.54 20.57 20.62 20.74 20.36 20.32 19.71 18.73 17.94 16.65 14.76 13.36 11.65  9.94
16.53 16.50 16.43 16.34 16.29 16.70 17.51 17.83 17.85 17.87 17.85 18.85 17.38 16.03 14.40 12.67 10.83  9.35  8.79  7.08  5.66  5.29  5.19  5.17  5.07  4.98  4.93
traj-235:
38.69 37.27 35.36 33.83 32.02 30.27 30.03 28.31 26.55 24.76 23.29 21.64 21.23 20.46 19.47 18.27 16.51 15.48 13.76 12.53 11.68 10.50  8.90
16.20 16.19 16.29 16.36 16.71 17.48 17.65 17.91 17.93 17.94 17.84 18.90 20.24 21.19 20.05 19.38 19.03 19.02 19.01 19.64 20.41 20.88 19.98
traj-236:
38.77 37.37 36.47 34.62 34.16 32.39 31.43 29.48 28.39 26.72 25.86 24.13 22.94 21.87 21.82 21.71 21.67 21.58 21.46 21.38 21.47 21.70 23.02 24.83 26.58 28.55 30.31 30.79 32.57
16.66 16.99 17.26 17.87 17.92 17.95 17.95 17.98 17.94 17.94 17.95 17.94 17.94 19.03 20.45 21.83 22.66 24.09 26.06 27.51 28.40 29.48 30.17 30.25 30.48 30.62 30.82 30.87 31.55
traj-237:
33.96 33.18 31.47 29.60 27.89 27.00 25.21 23.74 22.86 21.59 21.36 20.92 19.99 19.81 19.75 19.89 20.28 20.54 20.68 20.29 20.12 19.74 19.56 18.17 16.63 15.49 13.78 11.86 11.02  9.20
16.31 16.48 17.07 17.23 17.71 17.83 17.95 17.95 17.94 19.22 20.06 21.43 20.53 19.71 18.54 16.63 15.00 13.09 11.33  9.44  8.71  7.11  6.55  5.12  5.09  5.08  5.05  4.95  4.92  4.76
traj-238:
33.93 32.26 30.33 29.14 27.42 26.52 25.03 23.24 22.35 21.00 20.81 19.18 17.68 16.89 15.32 13.72 12.21 11.26 11.17
17.36 17.28 17.16 17.22 17.38 17.42 17.50 17.62 17.70 18.90 19.14 19.10 19.05 19.04 19.06 19.08 19.88 21.35 21.64
traj-239:
38.86 38.09 36.54 34.64 32.86 31.97 30.79 29.31 28.11 27.21 26.02 24.23 22.67 21.60 21.00 20.91 20.93 20.94 20.90 20.74 20.70 20.71 20.60
16.61 16.77 17.00 17.06 17.13 17.12 17.15 17.24 17.29 17.32 17.38 17.48 17.74 17.96 19.12 20.94 22.92 24.30 25.08 27.05 28.86 29.76 31.74
traj-240:
38.22 36.54 35.23 33.87 32.46 30.99 29.58 27.58 26.13 25.24 23.33 21.96 21.76 21.39 20.38 20.24 20.22 20.21 19.88 19.64 18.52 16.71 15.58 14.27 13.38 11.69 11.10  9.51  8.57  7.22  6.24
17.81 17.86 17.91 17.96 17.96 17.93 17.86 17.91 17.95 17.96 17.70 17.51 16.64 15.08 13.60 11.64  9.82  8.87  6.98  6.50  5.38  5.01  5.00  5.01  5.00  5.11  5.13  6.01  6.76  7.86  8.79
traj-241:
36.28 34.75 33.26 32.96 31.07 29.58 28.50 26.57 24.63 23.00 21.08 20.37 19.02 17.15 16.86 14.91 13.44 11.73 10.26  8.74
16.26 16.36 16.40 16.44 16.57 16.65 16.72 16.84 16.50 16.64 16.71 17.06 17.89 18.56 18.64 19.03 19.44 19.69 19.54 19.37
traj-242:
34.51 32.71 32.12 30.64 28.89 27.40 25.62 25.02 23.56 22.69 21.51 21.23 21.03 21.00 20.93 20.88 20.80 21.24 22.10 23.87 25.40 26.91 28.34 29.21 30.58 32.42 33.79
17.90 17.93 17.94 17.98 17.98 17.96 17.96 17.96 17.98 17.98 19.40 20.21 21.80 23.44 24.57 26.53 27.68 29.45 30.17 30.15 30.15 30.16 30.15 30.16 30.17 30.22 30.26
traj-243:
35.97 35.67 33.70 31.86 30.27 28.27 27.67 26.26 24.51 23.04 21.56 21.26 20.92 20.91 20.70 20.30 19.92 19.44 18.04 16.96 15.87 14.76 12.83 11.38 10.26  8.75  7.61  6.46
17.38 17.39 17.63 17.78 17.91 17.95 17.93 17.93 17.87 17.85 17.65 16.27 14.80 13.04 11.16  9.86  8.23  6.53  5.12  4.95  5.06  5.08  5.41  5.67  5.87  7.18  8.62  9.48
traj-244:
38.65 37.38 37.21 36.00 34.34 32.42 31.06 29.50 28.05 27.16 25.74 23.76 22.72 21.31 19.60 19.02 17.36 15.59 14.46 13.02 11.70 10.70  9.39  7.57  6.47
16.03 16.30 16.55 16.61 16.72 16.76 16.83 17.06 17.15 17.26 17.44 17.65 17.79 18.53 18.96 19.08 19.40 19.63 19.64 19.88 20.79 21.56 20.90 20.19 19.11
traj-245:
37.91 35.98 34.26 33.42 31.79 30.97 29.66 28.94 26.97 25.20 24.10 22.75 21.45 21.22 21.01 20.25 20.01 19.39 19.36 19.51 19.32 18.86 18.67 18.69 19.01 17.69
16.93 17.22 17.38 17.45 17.64 17.76 17.92 17.94 17.91 17.86 17.84 17.97 19.44 20.79 22.25 23.88 24.06 25.11 26.20 27.64 29.45 31.25 32.01 33.84 35.60 36.73
traj-246:
39.09 37.12 35.71 34.27 32.74 32.02 30.29 28.32 26.41 25.41 23.76 21.82 21.66 21.51 21.05 20.84 20.78 20.66 20.28 19.91 19.57 18.61 17.17 15.53 14.95 13.20 12.91 11.02  9.72  8.60  6.88  6.05
17.88 17.84 17.85 17.84 17.85 17.87 17.89 17.89 17.85 17.85 17.82 17.62 17.30 16.50 14.99 13.01 12.41 10.96  9.66  8.10  6.83  5.78  5.15  5.16  5.15  5.28  5.36  5.89  6.70  7.83  8.66  8.48
traj-247:
37.55 35.76 33.82 32.95 31.09 29.65 28.70 26.86 26.46 24.77 22.98 21.17 19.95 19.15 17.50 15.69 15.33 13.57 12.75 11.42 10.96 10.16  8.50
16.44 16.35 16.41 16.40 16.35 16.53 16.61 16.75 16.78 16.81 16.69 16.81 17.21 17.53 18.22 18.45 18.50 19.34 19.48 20.81 21.89 22.06 22.32
traj-248:
36.92 35.60 34.66 32.81 31.17 29.20 27.41 25.97 24.50 23.02 21.19 20.67 20.16 19.68 19.63 19.63 19.48 19.58 19.54 20.23 21.73 23.17 24.20 25.20 26.61 28.40 29.88 31.59 32.95 33.80
16.61 16.69 16.83 17.14 17.46 17.78 17.83 17.89 17.95 17.97 17.70 19.49 20.95 22.83 24.06 24.85 26.47 27.89 28.85 30.10 31.00 31.81 32.02 32.09 32.59 33.14 33.44 33.85 34.31 34.49
traj-249:
38.63 36.71 35.67 33.76 32.46 32.32 30.61 29.72 28.26 26.86 25.97 24.25 22.37 20.52 19.67 19.30 19.17 19.25 20.09 20.37 19.96 18.47 18.05 16.29 14.37 12.44 11.82 10.02  9.04
16.51 16.77 16.92 17.47 17.74 17.73 17.87 17.94 17.92 17.90 17.88 17.86 17.58 17.46 15.81 14.47 12.54 10.62  8.91  8.43  6.54  5.62  5.47  5.24  5.07  5.13  5.14  5.56  6.57
traj-250:
35.34 34.74 32.96 30.99 29.48 28.47 26.94 24.95 23.23 22.93 21.39 20.89 19.16 18.61 17.68 16.07 14.34 13.45 11.72 10.09  8.33  6.91
17.78 17.77 17.72 17.81 17.84 17.79 17.75 17.68 17.87 17.90 16.92 16.66 17.33 18.11 18.35 18.59 19.17 19.44 19.87 20.37 21.01 21.42
traj-251:
33.89 32.25 30.52 28.53 27.04 25.32 24.15 22.73 21.71 21.52 20.87 20.58 20.35 20.22 20.24 19.49 19.02 18.43 18.51 18.57 17.25 16.71
17.05 17.52 17.82 17.88 17.93 17.85 17.85 17.82 19.37 19.93 21.82 23.65 24.63 26.62 27.41 29.01 30.54 32.38 34.21 35.02 36.28 36.51
traj-252:
36.76 35.58 34.43 32.70 31.53 29.81 28.72 27.05 25.35 23.41 21.68 20.94 20.92 21.01 20.89 20.58 20.34 20.05 19.49 18.76 17.01 16.43 14.57 13.77 11.82 10.06  8.16
17.95 17.90 17.83 17.87 17.73 17.75 17.76 17.78 17.81 17.76 16.93 15.52 14.45 13.14 11.74 10.07  9.01  7.94  6.88  5.61  5.08  5.10  5.09  5.09  5.27  5.46  5.62
traj-253:
38.04 36.90 35.44 34.01 32.69 30.78 29.36 27.60 25.64 23.96 23.20 21.48 21.19 20.11 19.59 19.12 18.36 16.83 15.26 13.32 12.26 10.96  9.85  8.49  7.04  6.18
17.84 17.86 17.92 17.93 17.92 17.94 17.92 17.88 17.86 17.94 17.99 18.87 20.84 22.24 20.54 19.72 18.94 18.96 19.12 19.35 20.00 21.05 21.68 22.50 22.75 22.78
traj-254:
38.59 36.64 35.53 33.84 32.16 31.30 29.54 28.08 26.38 24.70 22.98 21.95 21.83 21.68 21.47 21.48 21.41 21.37 21.51 22.68 23.65 25.09 26.91 28.53 30.19 30.95 32.40
17.05 17.22 17.31 17.51 17.72 17.83 17.90 17.96 17.98 17.95 17.98 18.49 19.94 21.35 23.09 24.55 26.25 27.69 29.55 30.21 30.35 30.50 30.76 31.03 31.26 31.33 31.42
traj-255:
38.47 38.17 36.39 35.06 33.96 32.93 30.97 29.04 27.25 26.95 25.16 23.40 21.73 21.38 20.95 20.83 20.64 20.45 19.99 19.88 18.94 18.44 16.90 15.21 13.53 12.43 10.92  9.69
16.06 16.06 16.15 16.22 16.30 16.32 16.64 16.81 16.76 16.77 16.78 16.56 16.14 15.57 14.16 13.00 11.14  9.71  7.98  6.81  5.60  5.40  5.06  4.99  4.98  4.69  4.67  4.05
traj-256:
36.75 35.77 34.74 33.71 32.62 31.23 29.50 28.31 27.12 25.15 23.46 22.86 21.27 19.94 18.22 17.77 15.88 14.02 12.28 10.50 10.24
16.14 16.33 16.41 17.17 17.45 17.81 17.91 17.93 17.95 17.98 17.99 17.99 18.85 19.64 18.63 18.73 19.15 19.43 19.59 19.46 19.31
traj-257:
36.31 34.54 32.83 31.05 29.36 27.69 25.92 24.73 23.91 22.39 21.18 20.76 20.54 20.39 20.16 19.66 19.54 19.41 19.36 19.29
17.89 17.95 17.92 17.92 17.90 17.96 17.91 17.96 17.94 16.89 18.44 19.86 21.62 22.83 24.35 25.82 26.50 28.33 29.81 31.80
traj-258:
34.45 33.86 32.40 31.54 30.08 28.29 26.87 25.88 24.39 22.55 21.82 21.07 20.76 20.36 19.96 19.56 19.23 18.05 16.24 15.56 13.98 13.26 11.59  9.75  9.04  7.33  6.34  5.03
17.94 17.92 17.89 17.85 16.79 16.72 16.66 16.59 16.46 16.26 15.83 14.26 12.64 11.24  9.39  8.38  6.78  5.55  4.95  4.98  5.07  5.09  5.16  5.70  5.96  6.51  6.91  7.24
traj-259:
33.72 33.42 31.69 29.69 27.94 26.14 24.47 23.45 22.30 20.51 19.04 17.21 15.61 14.22 13.55 12.52 11.55  9.68  7.85  7.15  5.58
17.29 17.29 17.07 17.08 17.04 17.03 16.55 16.39 16.25 16.53 17.51 18.14 18.28 18.63 18.75 18.99 19.28 19.86 20.42 20.55 20.96
traj-260:
34.92 33.26 32.13 30.16 28.69 27.52 26.34 24.35 22.53 20.93 19.85 19.42 19.41 19.37 19.60 19.67 19.88 20.32 20.52 21.66 22.69 24.28 25.27
17.85 17.82 17.86 17.87 17.86 17.90 17.88 17.87 17.70 18.36 19.04 19.94 21.11 22.07 23.69 25.57 27.33 28.80 30.36 30.91 31.42 32.25 32.74
traj-261:
38.37 36.62 34.89 34.33 32.83 31.13 30.83 28.88 27.38 26.83 25.18 23.87 22.80 21.45 19.65 19.85 20.24 20.63 20.54 20.27 19.90 19.47 19.33 18.27 17.27 15.59 14.03 12.86 11.99 10.31  9.44
16.28 17.01 16.96 16.85 16.89 16.75 16.75 16.59 16.41 16.32 16.20 16.28 17.05 17.93 18.00 16.64 14.90 13.28 11.87 10.49  9.37  7.50  6.62  5.07  5.08  5.09  5.14  5.10  5.05  5.05  5.18
traj-262:
39.03 38.43 37.03 35.23 33.40 32.22 30.49 28.77 26.81 26.11 24.33 23.74 21.95 20.28 19.46 18.34 17.30 16.33 14.53 12.78 10.89  9.89  8.87  7.17
17.70 17.71 17.75 17.81 17.88 17.93 17.95 17.93 17.91 17.89 17.89 17.92 17.65 17.36 17.76 18.23 18.51 18.69 19.23 19.51 19.77 19.77 19.67 19.44
traj-263:
38.15 36.21 35.06 33.50 32.82 30.90 29.72 27.93 27.33 25.62 23.84 23.54 21.81 20.40 20.10 19.47 19.35 19.20 19.12 19.08 19.13 19.94 21.44 23.01 23.72 25.33 26.06 27.81 28.11
16.42 16.63 16.74 16.99 17.15 17.22 17.14 17.10 17.07 17.31 17.48 17.50 18.37 19.74 19.72 21.19 21.82 23.71 25.34 26.76 27.81 29.57 30.56 30.77 30.75 30.92 30.96 31.16 31.15
traj-264:
35.58 34.59 33.23 31.99 30.06 28.86 27.43 25.43 24.02 22.27 21.68 21.59 20.93 19.90 19.87 19.83 19.85 19.43 19.27 17.74 16.95 15.09 14.21 12.28 10.55  9.41  7.97  6.21
16.05 16.21 17.03 17.43 17.78 17.77 17.82 17.86 17.85 17.78 17.81 17.22 15.49 14.02 12.09 10.65  9.01  7.32  5.80  5.08  4.97  5.04  5.07  5.21  5.36  5.51  5.76  5.85
traj-265:
34.79 32.81 31.42 29.68 28.55 27.13 25.67 24.19 23.31 21.76 21.20 20.53 19.72 18.54 16.64 14.87 13.08 11.59  9.97  8.19
17.54 17.42 17.53 17.71 17.77 17.87 17.91 17.89 17.89 18.79 20.42 22.09 20.93 19.48 19.16 18.50 18.29 18.46 19.04 19.24
traj-266:
33.66 32.22 31.62 29.67 28.48 27.08 26.21 24.49 23.34 21.85 21.85 21.75 21.74 21.78 21.82 21.84 21.82 22.47 24.33 26.01 27.14 28.92 30.57 31.85 33.03
17.99 17.94 17.97 17.89 17.90 17.88 17.85 17.88 17.81 18.74 19.04 20.86 22.55 24.26 25.14 26.89 28.33 30.13 30.51 31.12 31.68 32.41 33.20 33.80 34.37
traj-267:
34.64 32.98 31.13 30.12 28.67 27.76 26.42 24.56 22.68 21.27 21.12 20.91 20.42 20.23 19.63 18.70 16.94 15.54 13.70 12.82 11.10  9.95
16.60 16.71 16.61 16.58 16.43 16.53 17.00 16.62 16.35 15.39 13.43 11.48  9.57  8.81  7.17  5.43  5.04  5.05  5.08  5.06  5.04  5.02
traj-268:
38.86 37.80 35.81 35.39 33.65 31.71 30.62 28.94 27.03 25.33 24.25 22.55 20.86 20.14 18.32 16.33 15.44 13.83 12.71 11.55 11.08
16.61 16.67 16.70 16.70 16.79 16.94 17.03 17.52 17.69 17.72 17.84 17.96 18.76 19.18 19.26 19.31 19.28 19.20 19.55 20.77 21.75
traj-269:
38.21 37.92 36.13 34.26 33.09 31.35 30.23 29.37 27.64 26.76 24.99 23.22 21.68 21.40 20.70 20.27 20.02 19.82 20.07 20.37 20.63 20.66 20.78
16.62 16.67 17.12 17.22 17.21 17.50 17.67 17.87 17.86 17.90 17.89 17.85 18.73 19.87 21.73 22.88 24.69 25.73 26.90 28.36 29.94 31.44 32.09
traj-270:
36.13 35.00 33.84 32.05 30.70 29.38 28.19 26.41 25.52 24.11 23.26 21.58 21.06 21.34 20.99 20.72 20.28 19.81 19.61 18.89 17.37 16.24 14.52 12.63 10.87  9.44  8.85  7.18  5.34
17.60 17.80 17.91 17.95 17.94 17.94 17.93 17.93 17.91 17.65 17.47 16.70 15.14 13.41 12.00 10.86  9.31  7.61  6.45  5.10  4.97  4.97  5.10  5.22  5.33  5.46  5.45  5.48  5.20
traj-271:
34.14 32.68 31.01 29.31 27.36 27.06 25.33 23.87 22.77 21.67 20.99 19.86 19.41 17.47 16.21 14.36 12.72 11.71 10.65 10.28  8.33  6.56  5.35
16.44 17.05 17.33 17.61 17.76 17.79 17.81 17.89 18.00 19.19 19.99 19.33 18.93 18.76 18.66 19.25 19.75 20.61 19.08 19.08 19.12 18.94 18.77
traj-272:
35.27 33.56 31.60 29.63 28.50 26.78 25.33 23.92 22.98 21.76 21.66 21.27 20.69 20.60 19.82 19.92 19.84 19.86 20.93 22.56 23.13 24.39 25.77 26.47 27.50 28.83
17.15 17.53 17.92 17.96 17.97 18.00 17.95 17.97 17.99 19.26 19.85 21.54 23.41 23.69 25.37 25.65 27.61 28.24 29.61 30.24 30.73 32.01 33.31 33.89 34.86 35.99
traj-273:
35.54 34.60 33.05 32.18 30.46 29.07 27.41 26.00 24.32 22.83 21.96 21.79 21.55 21.05 20.79 20.89 20.89 20.77 20.58 20.15 19.94 18.61 17.25 15.36 14.03 12.37 10.73  9.65  8.92  8.46  8.00
16.51 16.64 16.70 16.85 16.91 17.01 17.30 17.55 17.92 17.97 17.88 17.01 16.82 15.50 13.64 12.81 11.11 10.26  8.92  7.01  6.52  5.11  4.92  4.90  4.99  4.84  4.62  5.13  6.66  7.75  8.67
traj-274:
37.16 36.71 34.94 33.97 32.48 31.66 30.32 28.84 26.92 25.44 24.25 23.23 21.89 21.10 19.74 18.03 16.16 14.69 12.76 11.12  9.37  7.41  6.17
16.22 16.33 17.08 16.96 16.77 16.73 16.75 16.79 17.00 17.13 17.16 17.25 17.47 17.56 17.76 18.49 19.05 19.27 19.68 19.91 19.66 19.51 19.31
traj-275:
35.15 33.46 31.74 30.61 28.63 28.04 26.05 24.28 22.50 21.22 21.03 20.91 20.69 20.37 20.21 20.11 19.61 17.77 16.19 14.57 13.12 11.46 10.93  9.02
17.30 17.63 17.84 17.80 17.68 17.66 17.74 17.91 17.91 18.66 20.57 21.10 23.07 24.80 26.74 27.98 29.72 30.16 30.50 30.66 30.46 30.27 30.23 30.13
traj-276:
35.94 35.10 33.69 32.50 30.65 30.06 28.27 27.26 25.49 23.52 22.62 21.47 20.81 20.83 20.63 20.32 20.01 19.61 19.28 18.14 16.23 14.53 12.57 10.64  9.06  8.84  8.37  8.12
16.98 17.20 17.09 16.91 16.94 16.92 16.99 16.93 17.18 17.10 17.13 16.89 15.19 14.90 12.97 11.52 10.13  8.18  6.54  5.13  5.11  5.09  5.25  5.59  6.60  7.27  8.87  9.05
traj-277:
37.63 35.80 33.96 33.67 31.76 31.47 29.74 28.03 26.93 24.99 23.03 21.24 19.56 18.05 17.55 15.73 14.02 12.08 11.78
16.30 16.45 17.08 17.01 17.29 17.35 17.59 17.90 17.90 17.93 17.95 17.88 18.77 19.07 18.89 19.10 18.99 19.14 19.08
traj-278:
34.31 33.29 31.40 30.80 29.14 28.08 26.11 25.51 23.74 22.05 21.88 21.64 21.40 21.01 20.70 20.23 19.61 19.05 18.54 16.94 15.93 13.99 12.31
16.57 16.66 16.67 16.67 16.66 16.74 16.93 16.97 17.02 17.97 18.22 19.94 21.64 23.37 25.31 26.91 28.31 29.69 30.37 31.10 31.29 31.77 31.68
traj-279:
38.97 37.39 35.66 33.73 31.76 30.33 28.85 27.42 26.84 24.85 23.10 21.57 21.12 21.06 20.82 20.92 20.58 20.26 20.01 19.56 18.71 16.99 15.29 13.49 12.62 11.20 10.44  9.02  8.52  6.67  5.98  5.25
16.91 17.18 17.51 17.58 17.76 17.92 17.91 17.91 17.93 17.97 17.93 18.87 17.04 15.67 13.88 12.46 11.09  9.70  8.56  6.92  5.41  5.05  5.16  5.13  5.17  5.32  5.69  6.62  7.60  8.11  7.42  6.70
traj-280:
37.84 36.82 34.89 33.18 31.65 31.07 29.11 27.44 25.65 23.66 22.77 21.25 20.97 19.27 18.51 16.71 14.97 14.09 12.99 11.33 10.82 10.35  8.78  6.95  6.70  5.41
16.06 16.27 16.42 16.70 16.90 17.03 17.40 17.83 17.89 17.97 17.99 18.83 18.91 19.03 18.74 18.58 19.18 19.33 19.51 20.54 20.81 21.19 21.91 21.20 21.03 19.76
traj-281:
34.87 34.12 32.63 30.68 29.85 28.08 26.34 25.45 23.70 22.80 21.47 21.32 21.12 20.98 20.49 20.42 19.13 19.03 18.28 17.80 17.34 17.16 16.67
17.26 17.17 17.18 17.57 17.72 17.86 17.85 17.84 17.88 17.86 19.34 21.29 22.87 24.42 26.10 26.39 27.47 28.36 30.02 30.95 32.41 33.00 34.62
traj-282:
35.27 34.20 32.43 31.25 29.52 28.35 26.63 25.00 23.88 22.45 22.24 20.36 20.22 20.18 20.08 20.07 20.07 20.09 19.82 18.59 16.99 16.40 14.68 14.10 12.35 10.59  9.95  8.50  7.40
17.66 17.90 17.79 17.74 17.62 17.80 17.82 17.82 17.85 17.94 18.15 17.86 16.12 15.28 13.82 11.94 10.20  9.06  7.31  5.87  4.93  5.00  5.16  5.30  5.35  5.42  5.52  6.05  6.49
traj-283:
36.88 35.24 34.38 32.64 31.49 30.34 28.90 28.12 26.41 24.97 23.05 21.50 20.39 18.83 18.44 16.66 16.36 14.65 13.06 11.59  9.85
16.91 17.20 17.35 17.62 17.82 17.85 17.84 17.85 17.85 17.86 17.91 18.86 19.91 19.87 19.41 18.80 18.83 19.14 19.31 19.31 18.85
traj-284:
34.73 33.53 32.52 30.84 29.51 28.16 26.23 24.86 22.98 22.49 21.54 21.35 21.20 21.15 20.98 20.83 20.71 21.17 22.56 23.36 24.77 25.99 27.82 29.18 30.31 32.08
16.95 16.87 16.95 16.82 16.64 16.75 16.65 16.80 17.18 17.48 19.13 20.85 22.71 23.30 25.21 26.67 28.40 29.42 30.25 30.26 30.23 30.25 30.29 31.09 31.64 32.24
traj-285:
35.23 33.32 31.42 30.30 29.21 27.47 25.77 24.90 23.43 21.74 20.99 21.08 21.09 20.82 20.61 20.65 20.25 20.22 19.81 18.90 17.99 16.11 15.32 13.34 12.55 10.65  9.28
17.36 17.58 17.64 17.73 17.79 17.79 17.89 17.92 17.98 18.95 18.05 16.15 14.70 12.78 11.20 10.45  8.85  7.08  6.51  5.37  5.15  4.93  4.91  4.86  4.72  4.79  5.01
traj-286:
35.06 34.24 32.25 30.83 29.35 27.63 25.87 24.09 23.50 21.71 20.57 19.06 17.15 15.66 13.79 12.90 11.80 10.78  9.18  8.13  6.72  5.41
17.63 17.67 17.88 17.90 17.93 17.98 17.98 17.97 17.96 17.93 18.23 18.31 18.53 18.75 19.05 19.16 19.35 19.46 19.86 20.08 20.30 20.51
traj-287:
37.31 35.41 33.42 31.44 29.87 28.67 27.76 26.22 24.58 22.95 21.63 21.46 21.11 20.74 20.54 20.37 19.78 19.57 20.30 21.24 21.89 20.28 19.43 17.98
16.06 16.12 16.24 16.39 16.44 16.42 16.63 16.78 16.99 17.30 18.61 18.95 20.89 22.50 23.28 25.17 27.06 27.95 29.59 31.01 32.33 33.39 33.54 34.52
traj-288:
34.55 33.66 32.00 30.95 29.19 28.43 26.64 25.44 24.02 22.25 21.01 20.78 20.45 20.05 19.84 19.58 19.10 18.26 17.53 15.66 13.95 12.54 10.95  9.23  7.78
17.81 17.81 16.87 16.87 16.85 16.74 16.42 16.34 16.36 16.14 15.20 14.26 12.84 11.25  9.98  8.50  6.76  5.19  5.16  5.07  5.07  5.18  5.62  5.48  4.93
traj-289:
39.06 38.14 36.33 34.37 32.82 31.23 29.59 27.92 25.98 24.70 22.93 21.47 20.49 19.52 17.88 15.95 14.26 13.39 11.53  9.95  8.18
16.70 16.77 16.50 16.36 16.28 16.27 16.23 16.32 16.55 16.38 16.60 17.64 18.92 19.87 19.13 18.99 19.36 19.54 19.97 21.01 21.73
traj-290:
37.53 36.04 34.21 32.55 30.57 28.79 27.34 26.30 25.03 23.86 22.98 21.78 21.78 21.76 21.74 21.75 21.68 21.49 21.43 22.12 23.12 24.67 26.08 27.59
16.04 16.30 17.03 17.64 17.86 17.90 17.92 17.93 17.93 17.89 17.87 19.35 20.20 22.20 23.05 24.76 26.45 28.16 28.45 30.18 30.52 30.86 31.42 31.83
traj-291:
36.46 35.21 33.31 32.05 30.15 28.51 27.02 25.83 23.86 21.94 20.95 20.68 20.52 20.44 20.42 20.04 19.68 19.33 18.31 17.57 15.63 13.94 12.24 11.64  9.87  9.58  7.61  6.35
16.68 16.61 16.57 16.62 17.04 16.99 16.88 16.82 16.64 16.48 15.72 14.40 13.53 12.35 11.02  9.35  7.69  6.64  5.30  5.19  5.05  5.14  5.30  5.39  5.65  5.71  5.69  5.29
traj-292:
37.66 36.29 34.52 33.92 31.98 30.59 28.85 27.45 25.69 23.71 21.94 20.25 18.64 17.30 15.32 13.49 11.66 10.35  9.32  8.54  7.33  5.67
17.58 17.86 17.90 17.87 17.82 17.80 17.83 17.83 17.82 17.88 17.64 17.55 18.32 18.74 19.00 18.80 18.86 19.72 20.36 20.79 21.61 22.01
traj-293:
36.67 35.19 34.08 32.36 31.09 29.75 28.59 27.71 26.23 24.74 22.98 21.79 21.61 21.02 20.44 20.31 20.12 20.61 21.74 22.30
17.88 17.89 17.90 17.94 17.93 17.91 17.93 17.93 17.96 17.97 17.99 19.39 19.90 21.73 23.55 24.71 26.26 28.18 29.53 30.16
traj-294:
38.05 36.43 35.23 34.16 32.57 30.82 30.23 28.57 27.17 26.35 24.36 23.19 21.70 21.50 20.51 20.60 20.67 20.35 20.12 20.00 19.64 19.43 18.04 16.09 14.65 13.11 11.93 10.30  8.44  7.42  6.41  5.51
16.10 16.28 16.50 17.12 17.29 17.38 17.44 17.58 17.75 17.74 17.80 17.84 18.76 18.98 17.53 16.23 14.69 12.89 11.14  9.45  7.56  6.70  5.47  5.06  4.88  4.72  4.67  4.60  4.87  5.03  5.56  5.97
traj-295:
36.49 35.20 33.54 31.77 29.82 29.29 27.53 25.73 24.28 23.59 21.67 19.92 18.85 17.90 16.49 14.79 14.50 12.81 11.21 10.80
16.30 16.47 16.72 16.95 16.93 16.91 16.79 16.72 16.86 16.94 17.39 17.77 18.12 18.31 18.66 19.03 19.11 19.76 20.73 21.67
traj-296:
34.14 32.56 31.49 29.86 28.46 27.01 25.25 24.05 23.16 21.58 21.50 21.20 20.85 20.94 20.94 20.83 20.83 20.85 20.81 20.45 19.07 17.73 15.87 14.99
16.29 17.00 17.46 17.80 17.86 17.92 17.97 18.00 18.00 18.85 19.40 21.03 22.69 24.50 25.64 26.60 27.78 29.22 30.40 32.16 32.61 32.46 32.37 32.33
traj-297:
38.49 37.02 36.23 34.51 33.05 32.32 30.32 28.79 27.74 26.32 25.30 23.87 22.31 21.23 20.85 20.47 20.34 19.89 19.58 19.22 19.24 18.19 16.73 15.29 13.58 11.79  9.81  9.03
16.30 16.18 16.16 16.12 16.21 16.28 16.38 16.46 16.52 16.71 16.91 17.24 17.23 16.48 15.54 14.08 13.53 11.66 10.46  9.13  7.18  5.86  5.81  5.82  5.72  5.68  5.93  6.37
traj-298:
37.40 35.99 34.84 33.06 31.29 29.82 28.92 27.43 26.54 25.06 24.16 22.96 21.40 20.89 18.98 17.07 15.69 13.84 13.68 11.94 10.37  8.86  7.82  6.58  5.51
16.98 17.03 17.11 17.22 17.26 17.20 17.21 17.15 17.10 17.14 17.17 17.20 17.55 17.65 18.04 18.29 18.51 19.11 19.15 19.86 19.83 19.90 19.88 19.87 19.76
traj-299:
34.43 32.98 31.96 30.62 29.66 28.06 26.36 25.78 23.89 23.33 21.58 20.91 20.36 19.92 19.63 19.76 20.16 20.41 21.26 22.08 23.28 23.79 25.04 26.40
16.26 16.33 16.35 16.47 16.57 16.84 17.22 17.35 17.85 17.99 18.90 20.46 21.53 22.47 24.27 25.66 27.05 27.59 29.13 30.15 31.65 32.31 33.34 34.66
