traj-0:
21.33 21.44 21.73 21.13 19.26 17.65 15.77 14.35 13.57 12.96
 0.64  0.92  2.76  4.15  3.94  3.82  3.86  4.88  6.09  7.36
traj-1:
22.30 22.11 22.06 21.94 21.78 21.74 21.75 21.73 21.66 21.30 20.64 20.38 20.27 20.26 20.22 20.02 18.83 17.07 15.63 14.46 12.96 11.19  9.73
 0.59  2.41  3.98  5.95  6.95  8.51 10.36 10.66 12.36 13.36 14.97 16.70 18.62 19.60 21.32 22.43 22.34 22.25 22.23 22.23 22.22 22.27 22.28
traj-2:
21.35 21.39 21.68 21.71 21.40 21.28 21.50 21.59 22.18 22.40 22.32 22.14 22.09 21.93 21.77 21.71 21.21 22.47 22.71 24.57 25.46 26.92 27.82 29.50 31.07 31.91 32.99 33.44 34.34
 1.32  2.13  3.97  4.91  6.80  8.77  8.94  9.90 11.38 13.09 13.99 15.36 16.13 17.90 19.70 20.48 22.37 23.90 24.07 24.07 24.06 24.04 24.08 23.94 23.04 21.61 20.00 18.99 17.50
traj-3:
20.81 20.91 19.25 18.38 16.94 15.59 14.30 12.70 10.96 10.70
 1.67  2.56  3.58  3.57  3.67  3.79  4.75  5.94  6.90  7.05
traj-4:
22.20 21.65 21.76 21.91 22.03 21.86 21.63 21.57 21.41 21.01 21.03 21.45 21.05 20.64 20.19 19.11 17.28 15.93 14.45 12.69 10.86  9.14  7.45  6.59
 1.66  3.42  4.84  5.85  6.98  8.84 10.46 10.92 12.86 14.80 15.33 17.14 18.76 20.30 21.32 22.36 22.42 22.38 22.34 22.16 22.20 22.45 22.80 22.91
traj-5:
21.56 21.75 21.96 22.08 22.11 22.10 22.06 22.01 21.92 22.00 22.10 22.12 22.31 22.20 22.03 21.46 21.05 20.70 22.04 23.77 25.76 27.52 29.00 30.70 31.38 32.24
 0.43  2.08  3.63  5.11  5.57  7.51  8.88  9.97 11.83 13.02 14.65 15.19 17.14 18.86 20.54 22.38 23.79 24.69 25.25 25.46 25.62 25.80 25.99 24.92 23.61 22.13
traj-6:
21.80 21.38 19.61 17.82 17.22 15.52 14.05 13.53 11.70 11.18
 1.13  2.40  3.05  3.12  3.17  3.44  4.49  4.79  4.01  3.71
traj-7:
22.62 22.30 21.61 21.88 22.00 22.14 21.99 22.18 22.20 22.08 22.03 22.07 22.15 21.70 21.16 20.51 18.75 17.30 15.55 14.96 13.19 11.78 10.37
 0.79  1.52  3.32  4.61  5.93  7.67  9.36 11.04 12.34 14.02 14.77 16.41 17.71 19.56 20.46 21.71 22.23 22.47 22.53 22.44 22.19 21.81 21.35
traj-8:
20.28 20.82 21.01 21.54 22.10 21.90 21.84 21.52 21.30 21.07 20.99 20.91 20.87 20.96 21.39 21.99 22.84 24.18 25.02 26.29 27.84 29.30 30.50 31.20 32.76 33.41 33.91 35.17 36.11
 1.78  3.10  3.69  4.97  6.20  7.82  8.83 10.79 12.14 13.81 15.49 16.82 17.97 18.91 20.66 22.15 23.54 24.98 24.84 24.73 24.65 24.01 23.56 23.18 24.11 25.10 26.07 27.49 28.75
traj-9:
20.23 21.19 20.93 19.42 18.02 16.29 14.80 14.24
 1.11  2.39  3.85  3.68  3.64  3.59  3.63  3.65
traj-10:
20.27 20.60 20.74 21.14 21.54 21.75 22.00 22.02 21.99 21.90 22.33 22.46 22.33 22.41 22.34 21.44 20.28 19.24 17.80 16.94 15.76 14.29 13.71 12.43 11.67 10.83  9.62  8.85
 1.03  2.47  3.13  4.65  6.39  7.21  9.17 10.51 12.18 14.12 15.48 16.04 17.95 19.03 20.48 21.98 22.06 22.15 22.17 22.20 22.26 22.25 22.22 21.37 20.17 19.35 18.13 17.58
traj-11:
21.26 21.52 21.70 22.07 22.15 22.24 22.17 22.09 21.98 21.90 21.94 22.14 22.23 22.30 22.22 22.51 23.69 25.43 26.43 27.50 29.24 30.76 31.92 32.75
 0.59  2.01  3.13  5.08  6.49  8.45 10.35 11.03 12.62 14.49 15.59 17.32 19.08 20.97 21.83 23.29 24.02 24.05 24.08 24.12 23.71 23.14 22.36 21.71
traj-12:
22.13 21.14 19.56 17.61 16.45 14.52 13.11 11.51 10.56  8.90  7.02  5.11
 1.42  2.74  3.78  3.60  3.65  3.82  4.21  4.71  4.92  4.78  5.13  5.43
traj-13:
22.08 22.11 21.92 21.95 21.86 21.92 21.98 21.97 22.04 22.02 21.72 21.56 21.55 21.32 20.47 18.58 17.41 15.68 13.94 12.50 11.32 10.16  8.36
 0.59  1.07  2.89  4.59  5.58  7.54  8.66 10.19 12.11 12.82 14.76 16.53 18.40 20.24 21.49 22.08 22.18 22.28 22.25 22.31 22.34 22.32 22.10
traj-14:
20.64 20.94 21.60 21.73 21.69 21.83 22.05 22.19 22.14 21.84 21.98 21.93 21.92 21.90 21.79 22.44 24.15 25.33 27.05 28.35 29.36 30.96 32.13 33.39 34.08 35.87 36.01
 1.83  2.71  4.56  6.42  7.26  8.50 10.41 12.24 13.97 15.31 17.05 18.11 19.28 20.66 21.40 23.00 24.01 24.14 24.37 24.31 24.38 25.42 25.91 26.56 26.91 27.64 27.90
traj-15:
20.19 21.44 21.67 20.19 18.73 16.96 15.78 14.68 13.34 12.37 11.03  9.35  8.73  7.26  6.32
 0.99  2.51  2.99  4.14  3.47  3.66  3.88  4.63  5.81  7.54  7.19  6.13  5.91  5.61  5.40
traj-16:
22.14 22.23 22.37 22.24 21.96 21.91 21.78 21.70 21.48 21.37 21.28 21.06 20.65 20.38 20.33 20.25 18.55 16.79 15.03 14.73 12.96 12.25 11.38 10.65
 1.62  2.97  4.14  5.86  7.78  8.23  9.86 11.31 12.49 14.13 15.50 17.15 19.07 19.74 20.03 21.75 22.34 22.18 22.14 22.15 22.10 21.69 20.41 19.54
traj-17:
22.44 22.13 21.77 21.47 21.58 22.02 22.03 22.00 22.01 21.90 21.67 21.21 21.51 22.06 22.24 22.38 23.40 23.97 25.73 27.46 27.76 29.51 30.97 31.94 31.68 31.74 31.76 32.01 33.10 34.68 35.22
 1.27  1.93  3.89  5.53  7.28  9.22 11.20 12.14 13.24 14.55 16.42 18.00 19.49 20.40 22.37 23.28 24.01 24.03 24.17 24.12 24.17 23.87 23.79 23.03 21.20 19.71 18.05 16.46 14.79 13.73 13.48
traj-18:
21.37 20.44 19.44 17.99 16.85 15.70 14.03 12.47 12.97
 0.91  2.63  3.22  3.45  3.62  3.81  4.73  5.81  7.57
traj-19:
21.58 21.80 21.97 22.13 22.16 22.02 22.13 22.20 22.12 22.03 22.01 21.98 21.94 21.85 21.66 21.21 19.62 19.05 17.60 16.18 14.42 13.82 12.07 11.47
 0.89  2.77  4.56  6.27  6.87  8.78  9.31 10.13 11.75 13.44 13.89 15.68 17.09 19.02 20.10 21.72 22.92 22.75 22.41 22.41 22.47 22.49 22.50 22.52
traj-20:
20.36 20.60 20.79 21.04 21.11 21.20 21.22 21.14 21.15 21.23 21.40 21.61 21.84 22.13 22.08 22.52 23.74 25.38 26.84 28.29 29.64 30.91 31.66 33.06 33.56 33.82 34.04
 0.72  1.89  3.64  5.12  5.88  7.71  9.45 11.34 12.64 14.58 16.47 17.91 18.59 20.46 22.46 24.36 25.12 25.22 25.28 25.29 25.80 25.10 24.53 23.57 22.43 20.59 19.09
traj-21:
22.56 21.35 20.46 18.70 16.93 14.96 13.90 12.92 11.18
 0.96  1.95  2.50  3.35  3.57  3.86  4.56  5.09  5.96
traj-22:
21.47 21.57 21.78 22.06 21.87 21.66 21.94 21.61 21.93 22.13 21.90 21.70 21.18 20.74 20.30 19.51 18.09 17.51 16.07 14.87 13.12 11.68  9.96  8.54  6.80  5.46
 1.61  2.50  4.01  5.78  7.46  9.23 10.67 12.28 13.09 14.41 16.29 17.39 19.11 20.44 21.47 22.20 22.43 22.36 22.28 22.23 22.27 22.37 22.44 22.46 22.60 22.91
traj-23:
20.92 21.15 21.37 21.53 21.68 21.96 21.94 21.87 21.57 21.48 21.74 21.69 21.39 20.75 20.83 21.89 23.85 24.73 26.13 26.72 28.41 28.68 30.58 32.11 33.42 34.05 34.55 34.67
 0.69  2.62  4.50  5.57  7.20  9.01 10.63 11.44 13.17 14.53 16.46 17.15 19.07 20.88 22.82 24.37 24.73 24.83 25.10 25.16 25.46 25.59 25.03 23.77 22.48 21.58 20.12 19.15
traj-24:
22.48 21.76 20.09 18.23 17.94 16.25 15.66 14.27 13.19 11.67 10.87  9.11
 1.14  1.60  2.56  3.26  3.31  3.68  3.79  5.18  6.84  7.51  7.65  8.14
traj-25:
20.68 20.94 21.22 21.46 21.50 21.56 21.77 21.89 21.88 22.30 22.07 21.90 21.64 21.19 21.16 20.90 19.71 17.72 17.13 15.39 13.62 12.74 11.30  9.49  7.90  6.54  4.83
 0.90  2.00  3.62  5.35  5.64  7.56  9.40 11.40 11.41 12.80 14.70 15.77 17.61 19.51 19.93 21.21 22.32 22.31 22.32 22.30 22.21 22.17 21.78 21.43 21.05 20.76 21.05
traj-26:
22.39 21.89 21.97 22.04 22.13 22.14 22.15 22.22 22.07 22.07 21.94 21.94 21.93 21.94 21.89 22.11 22.34 24.29 24.58 26.27 27.13 28.94 30.83 32.24 33.92
 1.71  3.44  4.89  6.78  8.45  8.96  9.26 11.20 13.06 13.94 15.76 17.44 18.59 20.49 21.88 23.13 24.95 25.26 25.19 24.99 25.00 25.07 24.66 24.53 24.26
traj-27:
21.67 20.66 19.11 18.52 17.04 15.29 14.11 12.33 11.48
 1.91  2.45  3.13  3.19  3.39  3.44  3.37  3.58  4.67
traj-28:
22.45 22.26 21.30 21.32 21.51 21.68 21.41 21.47 21.79 22.21 22.17 21.95 22.17 22.23 21.79 20.74 18.99 17.53 16.64 14.86 13.11 12.22
 1.24  1.48  3.09  4.83  6.38  7.76  9.48 11.28 12.09 13.98 14.84 16.29 17.91 19.67 21.31 22.19 22.44 22.49 22.46 22.36 22.43 22.46
traj-29:
20.79 20.90 21.31 21.70 21.94 21.93 22.07 22.17 21.52 21.32 21.53 21.97 22.31 22.34 22.32 22.33 22.55 24.28 25.99 27.98 29.79 31.18 32.82 33.83 34.82
 1.93  2.21  4.12  5.64  6.42  6.72  8.60 10.58 12.46 14.42 15.06 16.47 18.16 19.06 20.49 22.20 24.10 24.72 24.93 25.18 25.39 25.49 26.62 27.43 28.16
traj-30:
20.81 21.00 20.57 18.99 17.83 16.68 15.52 13.92 12.36 10.43  8.77
 1.79  2.57  4.06  3.72  3.77  3.81  3.84  4.58  5.51  5.38  5.36
traj-31:
22.69 22.01 22.00 21.79 21.84 21.93 22.03 22.02 22.02 22.11 22.11 22.17 22.30 22.40 22.47 21.32 19.69 19.10 17.55 15.84 14.03 12.25 11.55 11.57 11.64 11.97
 1.35  3.11  3.31  4.87  6.28  7.34  8.66 10.65 12.50 13.46 15.18 15.77 17.67 19.24 20.67 21.94 22.63 22.57 22.40 22.23 22.15 22.07 21.61 19.96 19.11 17.86
traj-32:
20.58 20.94 22.01 22.10 22.12 21.70 21.52 21.22 20.91 20.74 20.54 20.31 20.98 21.43 21.79 21.87 22.58 22.73 23.62 25.39 26.37 28.30 29.98 30.89 32.65 33.52 34.86 36.01 36.19
 0.77  1.25  2.85  3.73  5.64  7.47  8.81 10.52 12.28 13.83 14.87 15.84 17.51 19.02 20.78 22.32 23.85 24.14 24.14 24.16 24.57 24.86 25.23 25.61 25.85 26.24 26.57 27.95 29.43
traj-33:
20.52 20.65 19.76 17.92 16.76 15.87 14.80 14.15 13.51 12.14 11.67  9.85  8.85  7.28  6.27  5.17
 1.33  3.16  3.50  3.44  3.67  3.81  5.30  6.61  7.65  7.01  6.65  6.38  6.18  5.82  5.27  4.28
traj-34:
20.03 21.54 22.15 22.00 21.82 21.53 21.42 21.76 21.65 21.58 21.65 21.60 21.47 21.15 20.00 18.30 16.81 15.07 14.48 12.72
 1.50  2.71  4.57  5.90  7.42  8.91 10.05 11.75 12.86 14.62 15.39 17.23 18.35 20.08 21.68 22.50 22.54 22.65 22.68 22.90
traj-35:
22.45 22.35 21.98 22.03 22.09 21.99 22.02 22.18 22.14 22.16 22.29 22.16 22.15 22.13 22.17 22.21 22.71 23.38 25.18 26.04 28.01 29.76 31.16 31.38 30.79 30.50 30.51 30.35 30.02 29.24
 1.70  2.15  3.83  4.63  6.00  7.68  8.97 10.41 12.34 12.63 14.57 16.44 18.15 20.14 21.70 22.46 23.60 24.69 25.17 25.31 25.24 25.34 24.06 22.86 21.03 19.32 18.59 16.83 15.36 13.58
traj-36:
20.43 20.49 20.57 18.68 16.92 15.76 14.56 12.86 12.12
 1.80  2.31  4.23  3.68  3.63  3.78  4.43  4.81  4.85
traj-37:
21.29 21.42 21.48 21.73 21.89 21.99 22.11 22.12 22.16 22.19 21.73 21.23 20.91 20.67 21.47 20.30 18.69 18.10 16.64 15.45 13.71 12.82 11.64 10.16  8.73  7.02
 1.06  2.63  4.33  5.80  6.98  8.02  9.76 10.06 11.81 13.44 15.36 16.04 16.40 18.37 19.96 21.56 22.24 22.23 22.21 22.20 22.17 22.17 22.17 22.16 22.19 22.18
traj-38:
21.14 21.28 21.31 21.49 21.61 21.76 21.53 21.26 20.81 20.86 21.52 21.73 21.95 21.93 21.85 21.83 22.71 24.02 25.89 27.37 29.17 30.67 31.42 31.89 32.15 33.58
 1.29  3.13  4.60  6.01  7.44  8.38  9.93 10.91 12.84 13.76 15.56 16.96 18.23 19.23 20.91 21.65 23.33 24.05 24.02 24.19 23.37 22.41 21.29 19.42 17.44 16.12
traj-39:
21.37 20.32 19.84 18.67 17.49 16.60 14.69 13.34 12.03 11.68 12.27
 1.97  2.88  3.29  3.31  3.36  3.38  3.57  3.85  5.30  7.17  7.95
traj-40:
22.50 21.95 21.93 21.81 21.81 21.95 21.83 21.43 20.42 20.50 21.06 21.62 21.86 21.16 20.81 19.63 17.94 17.06 15.29 13.54 12.94 11.19  9.53
 1.44  2.96  3.87  5.25  7.21  8.51 10.23 12.18 13.78 15.66 16.63 17.83 18.58 20.31 21.06 22.19 22.43 22.46 22.49 22.48 22.51 22.29 22.08
traj-41:
20.64 21.14 21.44 21.65 21.88 21.96 22.10 22.12 22.16 21.94 21.70 21.74 21.72 21.63 21.34 21.01 21.40 22.07 21.98 23.85 25.63 27.48 28.84 30.37 31.76 33.27 34.60
 1.11  1.85  3.71  5.23  5.76  6.84  7.92  8.67 10.63 11.46 13.43 14.73 15.50 17.19 18.60 20.40 21.20 21.88 23.50 24.03 24.41 24.52 24.46 25.59 26.20 26.74 27.04
traj-42:
21.73 20.77 19.35 17.98 16.84 15.67 13.70 12.54 11.02  9.51  9.00  8.38  8.61
 0.88  2.50  3.87  3.59  3.40  3.26  3.32  3.52  4.41  5.26  7.02  7.92  8.11
traj-43:
22.60 22.25 22.21 22.08 21.99 21.67 22.21 22.20 22.15 22.11 22.11 22.03 21.44 20.73 20.20 18.36 17.78 16.30 15.41 13.66 11.75 11.37 10.17  8.35  6.85  5.60  4.70
 1.33  2.92  4.80  6.78  8.37 10.35 12.26 12.83 14.76 16.44 17.02 18.70 20.53 21.34 21.62 22.18 22.30 22.33 22.22 22.04 21.53 20.88 19.31 18.84 19.00 19.08 19.15
traj-44:
20.35 20.95 21.35 21.57 21.70 21.62 21.82 21.97 22.06 22.08 22.11 22.15 22.17 22.44 22.69 22.42 23.89 25.70 27.39 29.15 29.08 29.02 29.50 30.11 30.11 30.06 30.18 30.19 30.25
 1.80  3.59  4.24  5.91  7.81  8.90 10.71 12.18 13.49 15.31 17.30 18.56 20.04 21.20 22.36 24.07 24.06 24.11 24.28 24.24 22.30 22.01 21.66 20.35 18.60 17.87 16.04 14.06 12.28
traj-45:
20.12 20.09 18.50 17.62 16.15 15.86 14.35 13.67 12.11 10.72  9.49  7.87  6.34  4.66
 1.52  2.43  3.12  3.29  3.57  3.63  4.52  6.34  6.80  7.03  7.00  7.04  7.02  6.87
traj-46:
20.58 20.59 20.67 20.65 20.79 20.78 20.81 20.51 20.55 20.51 20.85 21.19 21.33 21.04 20.49 20.27 19.51 17.59 16.11 14.64 13.48 11.64 10.38  9.62  7.87  7.28  5.32
 1.60  2.40  4.21  5.16  7.05  9.05  9.43 11.32 11.84 13.50 15.43 16.21 18.07 18.74 20.34 22.29 22.54 22.30 22.22 22.17 22.12 21.58 21.39 21.37 22.04 21.93 21.90
traj-47:
22.41 22.46 22.44 22.25 22.18 22.10 22.05 22.00 22.15 22.22 22.32 22.12 21.89 21.84 21.58 21.45 22.76 24.22 25.99 27.70 29.45 30.32 31.58 32.18 32.99 33.38 34.32 35.48
 1.25  3.24  4.70  6.40  7.73  9.69 11.62 11.91 13.88 14.75 16.20 17.63 19.48 19.78 21.62 22.51 24.01 24.20 24.44 24.65 24.77 24.77 23.51 22.81 21.77 20.55 18.91 17.28
traj-48:
20.26 21.02 19.53 17.61 15.85 14.96 13.12 12.28 10.52 10.33  8.64
 1.66  2.39  3.62  3.50  3.62  3.69  4.31  4.64  4.14  4.07  3.43
traj-49:
20.24 20.93 22.01 22.11 22.06 22.02 22.04 22.02 21.97 21.83 21.87 21.96 22.22 22.19 22.16 21.15 20.87 19.07 17.31 15.87 14.41 13.24 12.72 11.10 10.40  8.62  6.87  5.18  4.31
 0.77  2.65  4.17  6.09  7.18  8.20  9.25 11.05 13.03 13.92 15.08 16.21 17.79 19.68 19.98 21.49 21.61 22.42 22.35 22.17 22.20 22.11 21.81 21.06 20.37 19.62 18.94 18.40 18.07
traj-50:
21.69 21.68 21.81 21.89 22.00 22.09 22.09 22.10 22.05 22.05 22.23 22.46 22.53 22.42 22.23 22.20 22.77 23.66 25.43 26.39 28.26 28.84 30.29 31.68 32.17
 0.94  2.94  4.50  5.63  6.94  8.55  9.44 11.35 12.24 14.08 15.21 16.97 18.13 20.07 21.21 22.55 24.19 24.24 24.30 24.30 24.18 24.09 23.75 25.08 25.77
traj-51:
21.49 21.01 20.25 18.78 17.33 15.88 14.56 13.19 11.80 10.32  8.99
 0.57  2.48  3.49  3.72  3.77  3.92  4.64  5.72  6.66  6.96  7.28
traj-52:
20.28 20.76 21.00 21.66 21.77 21.45 21.10 20.90 21.28 21.71 21.98 22.33 22.11 21.86 20.51 20.21 18.31 17.49 15.76 14.91 13.72 12.16 11.92 12.33
 1.55  3.47  4.25  6.14  7.97  9.77 11.08 12.25 13.27 14.77 15.62 16.98 18.74 20.45 21.79 21.80 22.09 22.10 22.18 22.19 22.18 21.17 19.25 17.32
traj-53:
22.07 22.11 22.15 22.26 22.13 22.09 22.16 22.13 22.18 22.18 22.22 22.25 21.96 21.89 21.49 21.25 20.80 21.69 23.59 24.18 25.88 27.76 29.50 30.04 32.00 32.24 32.74 33.10
 0.95  2.68  3.77  4.65  6.34  7.97  8.81 10.15 11.64 13.63 15.08 15.97 17.68 18.16 19.88 20.77 22.37 23.54 24.07 24.18 24.47 24.97 25.51 25.72 25.56 27.49 29.20 30.34
traj-54:
20.51 21.75 21.16 19.26 17.89 16.73 15.88 14.73 14.59 13.86 13.78
 1.10  2.62  4.25  3.95  3.71  3.72  3.71  4.42  4.68  6.44  7.61
traj-55:
20.95 21.38 21.63 21.88 21.06 20.62 20.80 21.36 21.52 21.79 22.04 22.18 22.11 21.81 20.44 18.54 17.12 16.53 15.11 14.24 12.79 11.07  9.62  8.20
 1.46  2.25  4.23  5.45  6.72  8.44  9.66 11.27 12.87 14.62 15.72 17.67 19.65 20.87 22.21 22.69 22.75 22.68 22.55 22.51 22.45 22.38 22.28 22.51
traj-56:
21.64 21.80 21.85 21.90 22.07 22.31 22.32 22.10 22.05 21.92 22.09 22.09 22.11 22.18 22.18 22.29 23.95 25.10 27.05 28.21 30.04 30.50 31.82 32.38 33.30 33.74 34.46 35.96
 1.15  2.94  4.91  5.53  7.30  8.66 10.41 12.14 12.73 14.58 15.96 17.15 18.64 20.53 21.95 23.23 24.14 24.35 24.77 25.04 24.80 24.59 23.18 21.89 20.37 19.54 17.72 16.42
traj-57:
20.64 21.24 21.22 19.42 17.46 15.74 14.63 13.87 12.63
 0.46  2.27  3.09  3.93  3.61  3.63  4.38  4.82  6.23
traj-58:
20.70 21.58 21.58 21.73 21.74 21.59 21.27 21.17 20.83 20.56 20.79 21.51 22.13 22.16 21.96 20.28 19.12 17.41 15.67 14.51 12.75 11.40 10.24  9.39  8.25
 1.96  2.88  4.82  5.85  7.23  8.69 10.64 12.12 13.71 15.39 15.87 17.55 19.01 20.46 21.72 22.22 22.58 22.53 22.49 22.38 22.22 20.89 19.26 19.01 18.67
traj-59:
20.62 20.91 21.19 21.64 21.97 22.11 21.68 21.40 20.74 21.38 21.95 21.55 21.26 21.80 22.04 21.76 22.21 23.57 24.94 26.91 28.65 28.93 30.65 32.00 33.72 35.24
 0.75  2.17  3.38  5.21  6.63  8.59 10.22 11.87 13.70 14.94 15.75 17.55 19.12 20.08 21.03 23.01 23.41 24.12 24.36 24.62 25.19 25.31 26.00 25.44 24.88 25.15
traj-60:
20.25 20.16 20.16 18.39 16.65 15.20 13.35
 1.35  2.55  3.91  3.75  3.77  3.80  4.53
traj-61:
20.58 20.58 20.75 20.86 20.93 20.92 20.95 21.14 21.27 21.33 20.88 20.62 20.52 20.20 20.13 18.27 16.65 15.92 14.18 13.29 12.15 11.05  9.12  8.67  8.34  7.80
 1.99  3.80  5.43  7.36  9.21  9.73 11.72 13.26 15.00 15.84 17.54 18.80 19.74 21.34 21.91 22.60 22.50 22.46 22.39 22.36 22.34 22.34 21.89 20.48 19.45 17.75
traj-62:
20.01 20.57 21.20 21.44 21.64 21.65 21.62 21.47 20.79 20.80 20.65 20.64 20.61 20.50 20.76 21.15 23.04 24.75 26.23 27.69 29.04 29.57 30.83 31.47 32.20 32.88 33.29 33.85 33.65 33.95
 1.49  2.82  4.59  6.06  8.05  8.45 10.36 12.27 14.13 15.89 16.97 18.23 19.33 20.80 21.75 23.36 24.02 24.16 24.31 24.49 23.86 22.79 21.63 20.80 19.27 17.52 16.22 14.38 13.68 11.78
traj-63:
20.36 21.01 20.75 20.02 18.17 16.72 15.08 13.70 11.82 11.55
 0.73  1.58  3.41  3.44  3.63  3.74  3.87  4.27  3.83  3.69
traj-64:
22.30 22.08 21.95 21.98 21.98 21.98 21.86 22.03 21.82 21.67 21.35 21.18 21.12 21.14 21.72 21.46 21.11 19.83 18.10 16.93 15.19 13.73 11.95 10.23  9.93
 1.54  2.05  3.95  4.74  6.31  7.55  8.52 10.17 12.03 12.87 14.79 15.28 17.26 17.94 19.30 20.30 22.07 22.28 22.45 22.46 22.38 22.23 22.11 21.84 21.78
traj-65:
20.39 20.51 20.91 21.29 21.27 21.60 21.95 22.11 21.51 21.02 20.24 20.53 20.93 21.45 21.44 21.20 21.07 22.67 23.84 25.55 27.27 29.22 30.35 31.28 31.59 31.48 31.41
 1.09  1.77  3.60  5.40  5.88  7.51  9.04 10.78 12.48 14.26 15.73 16.36 17.93 19.36 21.17 22.93 24.13 25.32 25.48 25.59 25.72 25.56 24.53 23.08 22.04 20.29 18.73
traj-66:
20.12 20.02 19.65 18.16 17.87 16.13 15.83 14.83 13.57 13.11
 1.63  2.76  3.08  3.68  3.72  3.89  3.91  4.46  5.45  5.68
traj-67:
20.47 21.24 21.97 22.01 21.98 21.97 21.83 21.95 22.07 22.06 22.04 22.03 22.13 21.79 21.79 20.32 18.39 17.22 16.07 14.31 12.56 11.03  9.56
 1.34  2.33  3.65  5.32  6.10  7.94  9.72 10.87 12.79 13.09 14.96 15.79 17.49 19.33 21.10 22.39 22.39 22.46 22.37 22.30 22.11 21.43 20.50
traj-68:
20.20 20.63 21.22 21.95 22.04 22.02 22.00 21.95 21.94 22.03 21.94 21.73 20.89 21.09 21.96 22.17 23.80 25.57 26.73 28.18 29.29 29.91 31.11
 1.92  3.12  4.62  6.14  7.53  9.11 10.78 12.64 13.24 15.18 16.28 18.18 19.44 21.30 22.85 23.06 24.06 24.06 24.09 24.16 24.92 25.40 26.54
traj-69:
21.45 20.10 19.89 19.15 17.71 15.97 14.63 13.43 12.98 11.07
 1.03  1.60  3.29  3.43  3.67  3.80  5.19  6.42  6.61  6.47
traj-70:
20.39 21.29 22.02 21.94 21.62 21.61 21.31 21.45 21.74 21.87 21.85 21.87 22.01 21.27 20.13 18.30 16.54 14.82 13.06 11.38 10.80  9.02  7.32  5.67  4.86
 0.58  2.29  3.93  5.62  7.25  8.43 10.11 11.43 13.31 15.18 16.48 17.92 19.53 21.27 22.28 22.29 22.24 22.16 22.06 21.36 20.99 20.27 19.54 19.55 19.69
traj-71:
22.03 21.83 21.01 21.15 21.05 20.65 20.53 21.03 21.47 22.21 22.28 22.07 20.84 20.27 20.18 20.52 21.01 21.65 22.40 23.70 24.59 26.46 28.04 29.08 29.79 30.01
 0.50  0.89  2.68  3.38  5.02  5.78  7.52  8.98  9.66 11.32 13.06 15.01 16.29 16.74 17.42 19.20 20.25 21.62 23.29 24.01 24.05 24.59 25.01 26.72 28.41 28.92
traj-72:
20.73 21.36 21.45 20.03 19.49 17.67 16.25 15.66 14.43 13.76 13.21 11.71  9.82  8.05
 0.94  2.60  2.86  4.06  3.94  3.60  3.80  3.91  4.60  5.73  6.59  7.90  7.76  7.66
traj-73:
21.62 21.71 21.86 21.93 22.03 21.88 21.88 21.81 21.81 21.81 21.84 21.82 21.71 21.52 21.30 20.94 19.48 18.90 17.45 15.96 14.48 12.61 12.36 12.50
 0.45  1.01  2.56  3.40  4.58  6.33  8.05  9.22 10.56 12.22 14.09 14.59 16.50 18.39 19.57 21.15 22.51 22.49 22.39 22.26 22.20 22.13 21.97 20.73
traj-74:
20.96 21.09 21.45 21.52 21.86 21.76 21.66 21.54 21.51 21.54 22.08 21.06 20.12 21.05 21.67 22.31 23.73 24.52 26.28 27.47 29.38 30.11 31.93 33.42 34.90 35.72
 1.63  2.52  4.02  5.28  7.03  7.93  9.87 11.58 13.11 14.73 16.43 18.03 19.39 21.07 22.05 23.02 24.03 24.03 24.17 24.25 24.24 25.39 26.01 26.31 26.72 27.44
traj-75:
20.65 21.04 19.35 17.90 16.14 15.25 14.02 13.60
 0.85  2.44  3.44  3.46  3.54  3.66  4.34  4.76
traj-76:
20.95 21.08 21.22 21.47 21.57 21.69 21.77 21.74 21.92 21.99 22.04 21.97 21.21 21.11 20.62 20.11 18.34 16.59 14.85 13.26 12.96 11.23  9.89  8.01  7.31
 1.62  2.64  4.37  6.11  7.98  9.86 10.73 12.63 14.52 15.03 16.67 18.09 19.82 20.06 21.69 22.10 22.91 22.72 22.51 22.22 22.15 21.48 20.51 19.87 19.41
traj-77:
21.77 21.87 21.86 21.90 21.88 21.52 21.39 21.53 21.23 21.16 21.54 21.69 21.68 21.81 22.02 22.09 22.10 23.65 25.55 26.99 28.74 30.31 31.27 32.38 32.85 33.56 34.67 34.93 35.87
 0.51  1.61  3.10  3.89  5.86  7.03  8.45 10.28 11.79 13.68 14.60 16.49 18.38 19.42 21.06 22.94 23.24 24.15 24.58 24.95 24.71 23.72 23.11 21.74 20.85 18.99 17.34 16.95 15.27
traj-78:
22.34 21.23 20.55 19.15 17.69 15.91 14.51 13.38 12.24 10.83  9.13  7.23  5.56
 1.91  2.38  2.82  3.47  3.54  3.63  4.60  6.10  7.35  7.66  8.10  8.17  8.14
traj-79:
21.13 20.99 21.05 21.10 21.14 20.97 20.90 20.75 20.81 20.90 20.95 21.01 21.15 20.02 19.82 18.48 18.04 16.86 15.38 13.93 12.38 12.58
 1.26  2.26  4.10  5.24  6.92  8.81 10.09 12.02 13.18 14.61 15.96 17.81 19.37 20.91 22.17 22.77 22.71 22.75 22.67 22.50 21.35 21.12
traj-80:
20.31 20.54 21.73 21.87 22.02 22.00 21.95 21.82 21.67 21.56 21.29 21.27 21.20 21.28 21.58 22.07 22.19 23.44 25.28 26.16 27.91 29.65 31.37 32.40 33.39 34.29 35.08 35.65
 1.42  3.20  4.72  4.99  6.81  8.75  9.23 11.11 11.79 13.16 14.77 16.70 18.09 19.71 21.08 22.33 24.18 24.65 25.21 25.39 25.61 25.72 25.10 24.87 24.63 23.54 21.77 20.57
traj-81:
21.63 20.33 18.56 16.80 15.47 14.42 13.54 12.23 11.58 10.02  8.54  6.97  5.51  4.03
 1.18  2.53  3.35  3.53  3.86  5.18  6.29  7.74  7.94  6.98  6.19  5.52  4.61  3.71
traj-82:
20.20 20.87 21.66 21.86 21.95 21.86 21.64 21.34 21.33 20.91 21.07 21.07 21.32 21.89 22.00 21.47 21.06 20.46 18.72 17.54 15.76 14.57 13.12 12.69 11.80 10.63 10.04  8.80
 1.35  2.91  4.19  4.84  5.27  7.15  7.65  9.56 11.26 13.12 14.81 16.49 17.25 18.93 20.03 21.84 22.21 22.23 22.27 22.12 22.07 22.11 22.22 21.99 21.00 19.62 19.09 18.12
traj-83:
22.15 21.96 22.69 22.55 22.41 22.28 22.23 22.11 22.09 22.08 22.03 21.98 21.94 22.03 22.15 22.46 22.97 24.52 26.39 26.97 28.66 29.23 30.94 29.89 30.01 30.28 30.49 30.64 30.97 31.04
 0.75  1.83  3.46  5.14  6.76  8.60  9.65 11.54 12.79 14.49 15.58 16.76 18.59 20.54 21.58 23.31 23.63 24.59 25.00 25.14 25.54 25.70 24.85 23.16 22.02 20.05 18.20 17.07 15.57 14.16
traj-84:
21.95 22.07 20.65 20.07 18.63 17.18 15.41 14.22 12.89 11.89
 1.54  2.10  3.22  3.37  3.56  3.61  3.63  3.62  3.64  4.65
traj-85:
22.29 20.99 20.95 21.24 21.62 21.49 21.35 21.22 21.44 21.73 21.74 21.01 20.90 21.29 21.15 20.27 18.42 16.43 15.53 14.37 12.61 10.93 10.06  8.25
 1.56  2.63  4.60  5.88  7.36  8.31  9.57 10.54 12.32 13.72 15.68 17.34 19.24 20.06 21.99 22.14 22.32 22.23 22.18 22.11 22.06 21.56 21.32 20.71
traj-86:
22.09 21.46 21.55 21.67 21.75 21.76 21.99 22.30 22.24 22.10 22.10 22.13 22.29 22.36 22.73 23.54 25.47 26.35 27.52 29.30 30.88 31.83 32.45 32.73 32.70 32.63 32.37 32.29 33.22 33.66
 1.41  3.28  4.50  6.27  7.83  9.10 10.66 12.56 13.73 15.72 17.54 18.99 20.63 21.49 23.37 24.20 24.30 24.38 24.42 24.10 23.54 23.12 21.46 20.56 18.71 17.46 15.97 15.11 13.75 12.67
traj-87:
20.98 20.75 20.36 18.46 16.98 15.25 13.53 11.86 10.06  8.50  6.64  5.75
 1.70  1.89  2.76  3.35  3.42  3.53  4.12  4.56  4.85  5.27  5.82  5.94
traj-88:
21.67 21.65 21.73 21.74 21.75 21.77 21.74 21.91 21.76 21.42 21.37 21.13 20.61 20.22 20.12 18.23 16.48 14.71 12.97 11.85 10.51  8.51  7.96
 1.56  2.95  4.83  6.53  7.82  8.89 10.38 11.53 13.09 14.51 16.27 18.18 20.06 21.00 22.01 22.36 22.28 22.19 22.06 21.76 21.92 21.92 21.80
traj-89:
20.97 21.24 21.95 21.99 22.27 22.10 21.96 21.49 21.10 21.07 20.55 20.84 20.71 20.65 20.86 21.95 22.69 24.25 25.71 27.18 28.50 29.98 31.01 32.04
 0.65  1.45  3.29  3.59  5.50  7.42  7.69  9.43 11.32 13.18 14.93 16.80 18.66 20.10 22.04 23.42 24.34 25.08 25.18 25.35 25.99 27.19 28.27 29.45
traj-90:
22.66 22.76 22.74 21.80 20.89 19.69 17.87 16.98 15.26 14.96 13.56 12.72 11.38  9.98  8.35  6.50  5.64
 1.95  3.64  5.05  6.48  4.73  3.98  3.68  3.77  3.80  3.85  5.24  5.91  7.25  7.66  8.16  8.72  8.97
traj-91:
22.10 21.81 21.74 22.15 22.09 21.66 21.32 21.12 20.76 20.51 21.07 21.39 21.29 21.38 21.25 21.25 19.77 18.66 17.79 16.04 14.29 12.56
 0.51  2.02  3.64  5.57  6.71  8.56  9.69 10.92 12.06 13.69 14.90 15.88 17.84 19.03 20.98 21.28 22.44 22.73 22.81 22.68 22.60 22.46
traj-92:
20.01 20.28 20.71 21.28 21.54 21.54 21.34 21.17 20.92 20.85 20.83 21.41 21.76 21.93 22.08 21.68 22.99 23.39 24.74 26.65 28.59 29.48 31.10 31.63 33.10 33.54 33.83 34.39 35.14 35.56 36.39 36.53
 0.48  1.66  3.18  4.89  6.84  8.45  9.70 11.15 11.88 13.52 15.42 16.04 17.91 19.51 20.50 22.32 23.75 24.10 24.25 24.51 24.78 24.88 23.86 23.45 22.44 20.68 19.50 17.87 16.41 15.44 13.84 13.57
traj-93:
21.68 21.55 20.01 19.14 17.43 16.53 15.08 14.49 13.25 12.28 11.05
 1.15  2.24  3.47  3.68  3.87  3.88  3.84  3.85  4.21  4.01  4.01
traj-94:
22.01 21.89 21.81 21.85 21.92 21.87 21.89 21.92 22.15 22.19 22.06 21.68 21.40 20.95 20.53 20.30 18.53 17.35 15.88 15.01 13.83 12.70 12.13 11.37 11.18
 0.48  2.07  3.87  5.32  6.83  7.81  9.56 10.87 12.18 13.64 14.69 16.38 17.46 19.06 20.76 21.31 22.16 22.11 22.07 22.05 22.01 21.41 20.14 18.55 18.08
traj-95:
21.56 21.82 22.02 22.10 22.10 22.05 21.89 21.86 21.79 21.82 21.89 21.98 22.15 21.97 21.94 22.88 23.58 25.03 26.16 27.90 29.57 30.88 32.33 32.87
 1.48  2.33  4.14  5.18  6.34  7.91  9.46 11.40 13.11 14.86 16.51 17.64 18.75 20.38 21.16 22.41 24.23 24.49 24.67 24.92 24.17 23.18 21.90 21.36
traj-96:
20.27 20.18 19.36 17.65 15.90 14.94 14.29 13.07 12.41 11.10  9.57  9.07
 1.20  2.82  3.49  3.67  3.67  4.33  5.31  6.54  6.87  7.73  7.42  7.30
traj-97:
21.88 22.12 22.13 22.16 22.17 22.26 22.16 22.09 22.23 22.03 21.66 21.27 21.83 21.99 21.69 19.80 18.43 16.95 15.24 14.39 13.80 12.59 11.95 10.73  9.22
 1.13  2.57  3.47  5.25  6.14  7.78  9.22 11.10 12.73 14.49 16.26 17.96 19.81 20.06 22.03 22.41 22.51 22.51 22.46 22.29 22.18 21.34 20.51 19.20 19.22
traj-98:
21.19 21.30 21.49 21.64 21.78 21.96 21.91 21.61 21.57 21.32 20.92 20.73 20.63 20.47 21.18 22.18 23.77 25.53 26.72 27.87 29.65 30.40 32.00 33.69 35.35 36.22 36.26
 1.20  2.25  4.13  5.12  6.46  7.87  9.86 11.77 12.12 14.00 15.90 17.38 18.71 20.46 22.16 23.01 24.04 24.07 24.08 24.10 23.72 23.44 22.91 23.53 24.59 25.87 26.77
traj-99:
22.39 22.02 20.55 19.41 18.23 16.74 15.58 14.54 12.66 12.31 11.45 10.06  8.84  7.32  6.48  5.27  4.26
 1.95  2.29  3.34  3.45  3.55  3.68  3.79  3.93  4.51  4.99  6.25  7.11  6.77  6.27  5.98  5.63  5.16
traj-100:
20.65 20.72 20.87 20.91 20.98 20.96 20.97 21.06 20.79 20.68 20.54 20.48 20.47 20.46 20.18 20.15 18.35 17.75 15.97 14.20 13.31 12.33 12.31 12.14 12.67
 1.60  2.08  4.06  4.89  6.19  7.30  8.20  9.81 10.97 12.21 13.75 15.50 17.34 18.75 20.61 21.21 22.04 22.07 22.12 22.08 22.06 21.42 20.50 18.97 17.39
traj-101:
20.38 20.60 21.46 21.60 21.55 21.47 21.35 21.15 20.93 20.95 21.30 21.45 21.22 21.43 21.70 21.96 22.02 22.75 23.00 24.15 25.92 27.39 29.16 30.76 31.80 31.85 32.11 32.34 32.49 32.68
 1.15  1.68  2.97  4.61  6.42  7.50  8.57 10.32 11.40 13.40 14.21 16.11 17.17 18.80 19.95 21.90 22.19 23.85 24.13 24.12 24.09 24.06 23.34 22.91 21.55 19.56 17.73 15.93 15.09 13.39
traj-102:
22.22 20.68 19.61 17.65 17.36 15.62 14.86 13.86 12.02
 1.75  2.90  3.90  3.71  3.75  3.92  4.34  4.96  5.72
traj-103:
22.39 22.39 21.94 21.92 21.92 21.90 21.92 21.85 21.83 21.77 21.67 21.65 21.60 21.48 21.33 21.27 20.92 19.18 17.41 16.21 14.31 12.69 12.39 10.80  9.50
 0.66  0.96  2.72  3.85  5.61  6.82  8.73 10.54 11.78 12.91 14.21 15.52 16.46 17.65 19.46 19.76 21.51 22.36 22.32 22.29 22.24 22.20 22.21 21.91 21.62
traj-104:
22.06 21.80 21.94 21.96 22.07 22.08 22.15 22.14 21.67 21.27 21.76 21.75 21.52 21.52 21.43 21.74 22.50 23.34 24.22 25.93 27.74 29.36 30.88
 1.48  3.35  4.99  5.70  7.64  8.81 10.39 11.25 12.66 13.62 15.42 16.14 17.85 18.45 19.90 21.70 23.44 24.00 24.04 24.07 24.73 25.73 26.76
traj-105:
21.69 21.82 22.25 21.53 19.78 18.99 17.28 15.52 14.90 14.03 13.87 11.95 10.24  8.42  6.93  5.30
 1.11  1.69  3.10  4.75  3.95  3.66  3.41  3.66  4.35  5.84  6.09  5.64  5.41  4.99  4.50  3.65
traj-106:
20.67 20.59 20.88 21.20 21.56 21.94 22.10 22.11 22.21 22.51 22.41 22.36 22.18 22.16 21.29 20.74 19.27 17.62 16.74 15.04 13.57 11.77 10.14  9.27  7.90  6.88
 1.07  2.33  3.31  4.52  5.89  7.84  9.55  9.96 10.53 12.50 14.49 15.09 16.68 18.43 20.21 21.15 22.35 22.33 22.32 22.33 22.24 21.37 21.24 21.36 21.59 21.77
traj-107:
20.14 20.64 20.95 21.17 21.39 21.48 21.52 21.47 21.50 21.60 21.90 22.15 22.20 22.19 22.19 22.26 22.26 22.19 23.72 25.47 27.20 28.97 30.81 31.81
 0.58  2.28  3.28  4.29  5.41  6.50  8.35  9.80 11.00 12.08 13.70 15.48 15.66 17.11 18.24 19.96 21.94 23.29 24.08 24.30 24.49 24.63 24.67 24.77
traj-108:
22.54 21.26 19.98 18.09 16.93 15.28 14.78 13.10 12.47
 1.25  2.42  3.65  3.19  3.35  3.63  3.64  4.36  3.53
traj-109:
20.32 20.91 21.56 21.67 21.55 21.45 21.29 21.20 21.02 21.16 21.33 21.51 21.22 21.22 20.55 20.02 19.92 17.93 16.48 15.32 13.55 12.66 11.24 10.48 10.19 10.04  9.98
 0.87  1.71  3.28  4.14  5.77  7.61  8.94  9.95 11.80 13.45 15.24 16.84 18.62 19.68 21.09 21.32 22.58 22.47 22.40 22.37 22.32 22.31 21.94 20.71 20.22 18.47 18.18
traj-110:
22.24 21.90 21.66 21.90 21.91 21.91 22.04 21.88 21.78 21.68 21.84 22.00 22.12 22.20 22.29 22.46 22.53 23.60 25.07 26.68 28.26 29.10 30.20 30.68 30.90 31.40 31.56 32.20 32.73 33.33
 1.55  2.45  3.70  5.26  6.31  7.38  8.94 10.81 11.63 13.33 15.15 16.63 18.32 19.20 20.66 22.13 23.01 24.04 24.30 24.28 24.44 23.65 22.66 21.56 20.12 18.43 17.34 15.73 14.20 12.66
traj-111:
22.77 22.50 21.66 20.97 19.32 18.57 16.85 15.69 14.29 12.99 11.12
 0.46  1.73  3.47  4.15  3.91  3.85  3.93  3.95  4.67  5.36  5.90
traj-112:
22.04 22.03 22.18 21.99 22.40 22.31 22.28 22.18 22.10 21.83 21.56 21.35 21.10 20.93 20.74 20.65 20.31 20.02 19.42 17.43 15.98 14.50 13.34 12.47 11.52  9.58
 0.55  2.15  3.58  5.38  6.84  8.15  8.96 10.56 11.52 13.46 15.21 16.14 17.68 19.33 19.96 20.31 21.23 22.91 22.87 22.74 22.61 22.42 22.23 22.11 21.83 21.79
traj-113:
20.27 20.40 20.65 21.01 21.26 21.33 21.36 21.59 21.78 22.15 22.18 22.09 22.00 22.13 22.36 22.66 22.81 24.55 26.37 28.27 29.97 30.71 31.42 32.05 32.63 33.03 33.87 34.02 34.63 35.27
 1.54  2.52  4.24  5.96  6.89  7.99  8.55 10.16 11.16 13.05 14.82 16.00 17.82 19.67 21.29 23.21 23.92 24.85 24.63 24.56 24.32 22.79 21.96 20.10 18.20 17.58 15.98 15.11 13.96 12.73
traj-114:
22.59 22.27 21.22 19.81 18.63 16.90 15.33 13.46
 0.84  1.12  2.68  3.91  3.82  3.70  3.32  3.27
traj-115:
21.12 21.21 21.49 21.53 21.66 21.82 21.94 22.06 22.00 22.12 22.21 22.25 22.20 21.53 21.21 20.58 18.80 18.22 16.25 14.52 12.76 12.50 10.90 10.11  8.11  7.08  5.45
 1.02  1.58  3.46  4.18  5.83  7.34  7.94  9.46 11.42 13.31 15.01 16.49 17.65 19.16 20.19 21.83 22.12 22.10 22.10 22.03 22.09 21.93 20.91 20.84 20.78 20.73 20.79
traj-116:
21.92 21.88 21.86 21.83 21.73 21.67 21.64 21.60 21.61 21.58 21.70 21.77 21.77 21.62 21.73 21.79 21.86 23.28 24.88 26.30 27.29 29.12 30.76 32.28 33.81
 1.60  2.28  3.94  5.23  7.14  8.62 10.53 10.92 12.87 14.49 15.98 17.44 18.05 20.03 21.94 23.37 24.94 25.42 25.60 25.60 25.58 24.79 24.05 23.47 22.84
traj-117:
21.95 20.91 19.17 18.27 16.52 15.92 14.31 13.94 12.58
 0.91  2.39  3.28  3.30  3.38  3.45  3.78  4.28  5.54
traj-118:
22.79 22.37 22.22 22.08 21.97 21.85 21.89 22.11 21.89 21.62 21.36 21.02 20.74 20.30 20.08 18.53 17.05 16.45 14.70 13.52 12.05 11.28 11.59 12.08
 0.89  2.71  4.35  5.78  7.73  9.58 11.56 13.29 14.70 15.82 17.39 18.78 20.48 21.39 21.59 22.36 22.24 22.20 22.11 22.13 22.16 21.92 20.46 19.05
traj-119:
21.48 21.35 21.63 21.67 21.70 21.87 21.54 21.17 20.71 20.98 21.27 22.00 21.64 21.21 20.84 21.37 22.97 24.76 25.93 27.67 29.09 29.59 30.69 31.35 32.12 32.05 31.78
 1.80  2.90  4.69  5.22  6.74  8.08  9.90 11.21 12.81 14.29 15.26 16.59 18.30 20.16 21.92 23.18 24.01 24.04 24.05 24.05 23.54 23.16 21.68 19.79 18.22 16.78 15.28
traj-120:
22.52 20.97 20.13 18.47 16.99 15.61 14.60 13.88 12.70 11.18  9.28  8.43  7.05  5.47  4.72
 0.70  1.81  2.63  3.37  3.50  3.79  5.35  6.96  7.85  7.71  7.49  7.30  7.00  6.04  5.61
traj-121:
21.02 21.00 21.10 21.29 21.65 21.75 21.81 22.00 22.21 22.39 21.65 21.08 20.53 20.63 20.38 20.14 20.01 18.19 17.89 16.16 14.42 13.54 11.98 11.55  9.76  8.70
 1.04  2.60  4.00  5.98  7.44  8.52  9.97 11.82 12.94 13.78 15.50 16.48 17.32 19.05 20.99 21.16 21.59 22.40 22.36 22.22 22.07 22.03 21.41 21.04 20.23 20.50
traj-122:
21.67 22.12 22.31 22.16 22.14 21.72 21.05 21.04 21.28 21.49 21.81 21.18 21.19 21.67 22.36 22.49 22.52 22.72 22.77 24.33 24.92 26.37 27.81 29.46 30.13
 0.40  1.96  3.65  5.57  6.04  7.95  9.76 11.65 13.22 13.77 15.46 16.56 18.52 18.88 20.60 20.87 21.17 22.94 23.23 24.07 24.06 24.02 24.03 25.02 25.53
traj-123:
20.87 20.46 19.96 18.11 16.38 15.78 14.12 13.17 11.81 10.25
 1.51  2.90  3.21  3.90  3.90  3.99  4.85  6.44  7.16  8.00
traj-124:
20.24 20.25 20.22 20.36 20.36 20.45 20.51 20.49 20.51 20.42 20.56 20.77 21.07 21.02 19.94 18.30 17.70 15.97 14.26 13.37 11.59 10.11  8.46  7.05  6.23  4.38  4.62  5.94  7.13
 1.35  2.62  3.76  5.38  6.52  8.34  9.62 11.60 12.39 14.29 16.21 17.80 19.71 21.55 22.32 22.62 22.61 22.53 22.35 22.31 22.24 22.41 22.57 22.73 22.82 22.69 22.51 21.29 19.88
traj-125:
21.14 21.53 21.91 22.10 22.06 21.88 21.79 21.83 21.87 21.99 22.06 22.10 22.15 22.22 22.30 22.36 22.12 22.33 23.30 24.97 25.56 27.29 27.59 29.37 29.67 31.22 32.56 33.86 34.82
 1.47  2.96  4.56  5.43  7.16  8.51 10.14 10.73 11.03 12.75 13.62 14.78 16.28 17.75 19.65 20.77 22.71 23.27 24.48 24.66 24.76 25.01 25.05 25.02 25.03 24.07 23.17 21.97 20.94
traj-126:
20.89 20.30 18.83 17.40 16.81 15.67 14.56 12.92 11.10
 1.45  2.70  3.40  3.32  3.33  3.61  4.18  4.89  5.62
traj-127:
21.11 21.28 21.44 21.69 21.73 21.76 21.74 21.75 21.81 21.76 22.14 22.13 22.07 21.77 21.48 20.33 18.56 16.77 15.00 13.23 12.93 11.81 11.51  9.66  7.76  6.00
 1.33  1.90  3.46  5.19  6.73  7.44  9.42  9.66 11.57 12.16 14.10 15.56 16.99 18.77 20.06 21.68 22.34 22.30 22.22 22.21 22.20 21.91 21.88 21.56 21.70 22.03
traj-128:
21.15 21.35 21.65 21.72 21.62 21.69 21.71 21.73 22.20 22.23 22.32 22.25 22.24 22.20 22.15 22.33 23.75 25.47 26.34 27.52 29.26 30.52 31.26 31.42 31.65 32.18 32.52 33.20 33.67 34.40 34.71
 1.07  2.72  4.44  6.42  7.29  9.00  9.05 10.89 11.65 13.61 15.07 16.36 17.84 19.60 21.35 23.31 24.09 24.27 24.35 24.47 24.52 23.24 21.77 20.47 18.91 17.01 16.49 14.91 14.04 12.26 11.50
traj-129:
21.14 20.06 19.08 17.34 16.74 15.11 14.68 13.34 13.05 11.25  9.60  7.92  6.04  4.88  4.03
 1.29  2.90  3.67  3.94  3.95  3.98  4.21  4.97  5.04  5.89  6.66  7.27  7.58  7.38  7.24
traj-130:
20.63 20.98 21.34 21.63 22.07 22.14 21.67 20.42 20.22 20.50 20.61 20.73 20.57 19.21 18.33 16.85 15.13 13.94 12.18 11.58
 1.34  3.09  5.04  6.93  8.76  9.87 11.77 12.95 14.26 15.89 17.75 19.17 21.02 22.28 22.37 22.49 22.61 22.65 22.77 22.82
traj-131:
21.57 21.81 21.76 21.83 21.86 21.89 21.93 22.07 22.20 22.13 21.98 22.02 22.18 22.38 22.80 24.64 26.33 27.76 29.13 29.21 29.59 29.67 29.94 30.28
 1.86  3.70  5.69  7.60  8.80 10.51 11.99 13.80 15.33 17.22 18.71 20.63 21.48 22.63 24.06 24.55 24.73 24.98 23.54 23.37 21.59 21.18 19.54 17.85
traj-132:
21.88 21.63 20.72 18.78 17.33 16.16 14.51 12.75 11.58 10.58
 0.90  1.79  2.74  3.17  3.37  3.54  3.79  4.34  4.60  4.92
traj-133:
20.79 21.17 21.73 22.18 21.94 21.82 21.56 21.40 21.20 20.95 21.24 21.86 21.51 21.00 20.52 19.09 17.65 17.06 15.28 13.52 12.66 10.92  9.95  8.25  6.85  6.00
 1.80  2.77  4.23  6.14  7.78  9.41 10.89 12.23 12.75 14.62 15.08 16.70 17.47 18.83 20.73 22.08 22.13 22.11 22.20 22.20 22.17 21.86 22.08 22.45 22.63 22.77
traj-134:
21.94 21.89 21.84 21.85 21.97 22.02 22.06 22.13 21.62 21.10 20.35 21.18 21.34 21.65 22.00 22.13 22.48 24.03 24.88 26.75 27.93 29.63 30.04
 1.00  1.97  3.77  5.50  7.43  9.16 10.31 12.19 13.49 14.57 15.90 17.26 17.74 18.20 20.10 21.49 23.03 24.03 24.07 24.69 25.03 25.64 25.78
traj-135:
21.62 21.05 20.32 19.41 18.01 16.84 15.68 14.17 13.94 12.62 11.05  9.43  7.81  6.68
 0.96  1.50  2.73  3.64  3.85  3.93  3.97  4.88  5.07  6.51  7.40  7.47  7.32  7.06
traj-136:
20.26 20.34 20.74 21.10 21.25 21.38 21.50 21.58 21.62 21.74 22.01 21.93 21.39 21.06 20.69 20.55 20.34 19.71 17.98 16.23 15.64 13.93 12.27 10.69  9.39  8.04  7.42
 1.27  1.82  3.76  5.26  7.09  8.39  8.76  9.92 11.31 12.93 14.72 15.92 17.67 19.53 21.08 22.19 22.24 22.48 22.65 22.43 22.44 22.31 21.33 20.51 20.85 21.20 21.40
traj-137:
21.34 21.19 21.16 21.37 21.67 21.75 22.00 22.02 21.99 21.81 21.56 21.33 21.69 22.16 22.29 22.05 21.41 22.35 23.83 25.41 27.39 28.55 30.02 31.31 32.42 33.84 34.76 35.49 35.77
 1.20  2.82  3.38  5.35  7.22  7.36  9.31  9.65 10.19 11.78 13.23 15.16 16.42 18.20 19.95 21.34 22.87 23.74 24.53 25.05 24.90 24.86 24.07 23.43 23.27 22.94 21.34 19.60 18.54
traj-138:
21.14 20.63 19.64 17.70 16.84 15.38 14.05 13.13 12.21 10.78  9.37  7.68  7.22  5.61
 1.73  3.10  3.69  3.64  3.62  3.58  5.02  6.09  7.08  8.16  8.00  7.89  7.86  7.74
traj-139:
22.13 21.95 21.78 21.79 21.82 21.87 21.72 21.70 21.67 21.55 21.34 21.07 21.14 21.32 20.75 19.34 17.55 16.09 14.61 12.84 11.57 11.49 11.37
 0.93  1.89  3.83  4.60  6.23  7.64  9.20 10.89 12.52 13.87 15.36 17.25 18.39 19.27 20.89 22.03 22.21 22.19 22.17 22.13 21.00 20.46 18.84
traj-140:
21.57 22.08 22.13 22.10 22.09 21.92 21.79 22.10 21.98 21.76 21.80 21.77 21.87 21.94 22.10 22.17 23.87 24.76 26.67 28.43 30.19 31.56 32.98 32.83 32.94
 0.61  2.38  3.98  5.96  7.04  8.33 10.11 12.05 13.74 15.34 15.82 17.42 18.10 19.53 21.50 23.14 24.00 24.04 24.12 24.15 24.00 22.67 21.65 20.07 18.59
traj-141:
22.16 22.17 20.73 18.99 18.11 16.93 15.35 14.94 14.36
 1.12  2.15  3.50  3.59  3.63  3.71  3.96  4.37  5.83
traj-142:
21.15 21.13 21.10 21.08 21.12 21.62 21.60 21.68 21.69 21.44 21.23 21.25 21.01 21.47 21.14 20.07 18.55 17.07 15.11 13.95 13.09 11.89 11.43  9.76  7.86
 1.55  2.90  4.20  5.01  6.37  8.20  9.97 11.77 12.64 14.38 16.12 16.98 18.93 20.80 21.53 22.50 22.63 22.69 22.38 22.19 22.06 21.72 21.71 21.86 22.09
traj-143:
20.30 20.77 21.25 21.42 21.54 21.81 22.06 21.99 22.01 22.06 22.12 22.16 22.19 22.22 21.57 21.41 22.56 24.29 25.68 27.39 29.15 29.79 31.16 32.76 33.70 34.00 34.37 34.61 34.97 35.36
 1.77  2.69  4.61  5.36  6.86  8.50  9.95 11.23 12.98 13.87 15.36 16.94 18.39 19.24 21.08 23.06 24.59 24.79 25.00 25.23 25.33 24.99 24.69 23.57 21.92 20.58 18.88 17.16 15.48 13.63
traj-144:
21.84 21.43 20.41 19.22 17.29 15.83 14.83 14.43 13.07 11.41 10.52  9.09  7.90
 0.57  1.39  2.50  3.64  3.47  3.52  4.26  4.70  6.16  5.34  4.90  4.31  3.53
traj-145:
21.97 21.97 21.89 21.83 21.57 21.44 21.69 22.08 22.05 21.89 21.84 21.96 21.71 21.59 21.66 21.60 21.20 19.62 18.16 17.27 16.10 14.35 12.58 10.78  9.34  8.87  7.12  6.50  5.01
 0.85  1.77  3.65  5.18  7.14  8.94 10.33 12.06 12.88 14.61 15.67 16.73 18.53 19.64 19.86 20.48 22.36 22.73 22.66 22.58 22.45 22.41 22.31 21.89 20.80 20.56 19.94 19.40 18.34
traj-146:
20.50 21.05 21.32 21.43 21.48 21.48 21.77 21.98 22.07 22.24 22.23 21.58 20.80 21.29 21.68 22.09 22.32 23.44 24.56 26.04 27.74 29.45 30.37 30.85 31.03 30.79 30.36 30.05 29.80 29.64
 0.94  2.79  4.53  5.97  6.96  8.43  9.76 11.13 11.72 13.16 15.05 16.80 18.63 19.71 21.42 22.91 24.83 25.04 25.26 25.50 25.70 25.76 24.05 22.11 20.46 19.27 17.54 15.75 14.33 13.46
traj-147:
21.91 20.34 18.91 17.14 15.39 14.81 14.76 14.17
 1.72  2.62  3.04  3.19  3.34  3.38  3.68  5.33
traj-148:
20.47 20.69 20.89 21.08 21.23 21.26 21.44 21.42 21.31 21.21 21.56 21.32 21.17 21.06 20.20 18.71 16.97 15.23 13.84 12.67 12.14 10.79 10.03
 1.14  2.99  4.89  6.22  7.94  8.52 10.20 12.15 14.00 15.75 17.66 18.94 20.14 21.24 22.67 22.56 22.42 22.27 22.18 22.12 21.85 21.29 21.05
traj-149:
20.18 20.34 20.64 21.21 21.18 20.87 21.33 21.98 21.96 21.71 22.03 21.82 21.92 21.84 22.06 22.18 22.60 23.38 24.96 26.65 28.10 29.50 31.14 31.83 33.07 33.78 34.60 35.30 35.47
 0.90  2.26  3.64  5.54  7.36  8.12  9.99 11.81 11.97 13.00 14.82 16.65 18.11 20.03 21.73 22.85 24.78 25.04 24.47 24.87 25.21 24.34 23.43 22.36 20.84 19.27 17.62 15.86 15.61
traj-150:
20.76 20.66 19.14 18.26 17.09 15.74 14.16 12.77 11.29  9.58  8.54
 1.87  2.15  3.07  3.15  3.24  3.42  3.80  4.40  4.79  3.88  3.08
traj-151:
20.15 20.25 20.40 20.59 20.65 20.75 20.88 20.80 20.85 20.85 20.83 20.66 20.73 20.58 20.55 20.55 19.06 17.71 16.52 14.80 13.04 12.45 10.65  9.34  8.68
 0.48  1.35  3.21  5.07  5.75  7.32  8.96 10.22 11.90 13.21 14.02 15.84 17.37 18.97 20.68 22.09 22.65 22.59 22.43 22.35 22.47 22.52 21.99 20.53 19.66
traj-152:
22.40 22.16 21.94 21.81 21.93 21.90 21.82 21.77 21.73 21.78 21.85 22.16 22.29 22.33 22.18 22.36 22.79 24.38 25.56 27.52 29.15 30.80 32.37 33.22 33.87 34.73
 1.57  3.34  4.85  5.62  7.40  7.70  9.54 10.82 12.00 13.45 14.87 16.83 18.28 20.03 21.97 23.05 23.29 24.10 24.30 24.45 24.43 23.86 23.01 21.50 20.48 19.50
traj-153:
21.70 22.24 22.29 20.98 19.22 17.85 16.98 15.23 14.49
 1.22  2.68  3.26  4.51  3.84  3.77  3.73  3.74  4.13
traj-154:
22.56 21.87 21.73 22.18 22.22 22.24 22.24 22.19 22.13 22.08 21.98 21.95 22.04 21.40 21.14 20.34 18.66 17.49 16.34 14.61 12.84 11.19  9.58  8.00  6.70
 1.44  2.92  3.28  4.99  5.58  7.32  9.10 10.83 12.62 13.87 15.42 17.35 19.02 20.85 21.00 22.32 22.60 22.63 22.64 22.54 22.26 21.57 20.93 20.82 20.40
traj-155:
22.29 22.39 21.95 22.15 22.30 22.13 21.89 21.78 21.81 21.89 21.87 21.70 21.27 20.86 20.81 21.74 22.44 23.78 25.44 27.26 28.43 29.78 31.23 31.88 33.20 33.28
 1.29  1.86  3.65  4.85  6.70  7.76  9.74 11.24 12.50 14.36 15.77 17.23 19.08 19.43 21.32 21.92 23.32 24.01 24.03 24.15 24.08 24.49 25.65 26.30 27.57 27.86
traj-156:
21.20 19.73 18.05 16.86 15.42 13.92 12.75 11.91 10.11  8.36  7.03  5.09  4.80
 1.80  3.07  3.61  3.69  3.80  5.05  5.78  6.48  7.33  8.11  8.41  8.79  8.87
traj-157:
21.59 21.33 21.17 21.02 20.92 21.04 20.98 20.98 20.37 20.66 21.37 22.16 22.18 22.15 21.12 19.63 19.03 17.55 15.77 14.89 13.14 12.88 11.22  9.49
 0.94  2.84  4.37  6.32  7.62  9.37 10.72 12.59 13.12 14.89 16.53 18.31 19.67 20.55 22.03 22.06 22.07 22.14 22.10 22.13 22.00 21.86 21.31 21.37
traj-158:
21.77 21.32 21.18 21.02 20.93 20.91 20.59 20.56 20.55 20.98 21.18 21.40 21.69 21.78 21.94 22.48 24.19 25.51 27.20 29.03 30.30 30.93
 1.21  3.06  3.83  5.56  6.70  8.05  9.99 11.92 13.70 15.37 16.48 18.41 19.96 21.17 22.58 23.31 24.24 24.71 24.94 25.49 26.46 26.95
traj-159:
21.04 20.75 19.29 17.30 15.32 13.48 12.13 11.36  9.42  8.47  6.81  5.12  4.33
 1.70  1.77  3.02  3.12  3.32  3.55  3.69  3.77  4.23  4.53  4.83  5.65  5.81
traj-160:
21.45 22.07 22.10 22.01 21.92 21.46 21.11 21.21 21.35 21.19 20.51 20.88 21.12 21.32 20.92 19.60 17.61 15.82 15.22 13.47 13.17 11.52 11.61  9.82  9.53  7.89  6.80  6.05
 1.53  2.52  4.46  6.07  8.05  9.82 10.81 12.48 13.32 15.29 17.09 19.01 19.79 21.25 22.33 22.79 22.64 22.45 22.41 22.14 22.09 21.32 21.10 20.22 19.40 18.71 18.10 17.81
traj-161:
20.76 20.96 21.33 21.49 21.63 21.71 22.03 22.19 21.27 20.55 20.23 20.02 20.55 20.38 21.19 21.51 22.54 23.67 25.43 26.61 28.59 29.90 31.21 31.98 32.62 33.74 35.01
 0.70  1.57  3.17  4.68  6.54  8.44 10.23 11.69 13.29 14.01 15.87 16.76 18.58 20.48 21.91 22.40 23.94 24.99 25.36 25.48 25.36 24.51 23.64 22.01 20.63 19.25 18.76
traj-162:
22.14 21.63 20.47 18.64 17.15 15.99 15.10 13.74 12.47 11.21  9.88  9.36  7.88  6.58  5.06
 1.49  3.25  4.39  3.72  3.74  3.80  3.83  4.22  5.30  6.20  7.22  7.13  6.08  5.20  4.03
traj-163:
20.79 21.29 21.75 22.40 22.35 22.36 22.11 22.03 22.08 22.16 22.14 22.08 21.99 22.01 21.97 21.17 20.32 19.17 17.70 16.27 15.68 13.92 12.74 11.28  9.33
 0.56  1.59  2.74  4.34  5.78  6.79  8.65 10.04 11.24 12.96 13.56 15.20 16.94 18.69 19.29 20.58 21.34 22.49 22.55 22.31 22.22 22.24 22.23 22.35 22.66
traj-164:
21.12 21.47 22.07 21.65 21.56 21.88 21.86 22.18 22.30 22.43 22.68 22.58 22.33 22.28 22.15 22.11 22.04 22.68 23.97 24.79 26.57 27.59 28.89 29.47 30.20 30.31 30.05 29.87 29.62
 1.06  2.09  3.77  5.69  6.99  8.25  9.92 11.52 12.11 12.39 14.12 15.54 17.48 17.77 19.73 20.61 22.23 23.58 24.27 24.47 24.72 24.85 24.38 23.52 22.10 21.01 19.22 17.66 16.16
traj-165:
21.02 20.55 19.16 17.42 16.84 15.53 14.64 13.65 12.95 11.43 10.42  9.02  7.82
 1.20  3.14  3.33  3.55  3.67  3.99  4.63  5.54  5.86  6.31  5.05  4.06  3.38
traj-166:
22.07 22.22 22.26 22.05 21.76 21.87 22.08 22.06 22.11 22.19 22.13 22.13 21.77 21.79 21.23 19.76 18.28 17.70 15.93 14.18 12.44 10.76  9.37
 0.88  2.72  3.29  5.20  6.26  8.12 10.10 10.40 12.19 13.37 15.31 17.25 19.14 19.74 21.63 22.45 22.52 22.62 22.64 22.60 22.64 22.65 22.85
traj-167:
22.22 21.78 21.74 21.66 21.69 21.71 21.64 21.50 21.24 21.27 21.54 21.74 22.06 22.25 22.12 22.01 23.66 25.43 27.18 27.76 29.17 30.61 32.51 32.73 34.59 34.87
 1.42  3.29  4.17  6.00  7.99  8.42  9.68 11.38 12.83 14.54 15.99 17.41 18.65 19.51 21.40 23.08 24.04 24.00 24.00 24.00 23.67 23.49 22.94 22.73 22.02 21.92
traj-168:
20.79 21.41 19.86 18.24 17.68 15.94 14.21 12.67 11.15  9.31  8.81
 1.72  2.53  3.76  3.63  3.56  3.41  4.41  4.91  4.63  4.34  4.27
traj-169:
22.69 21.93 21.98 22.07 22.00 21.94 22.00 22.00 22.27 22.08 21.99 22.02 21.58 21.61 21.70 20.90 19.25 18.12 17.23 15.48 13.73 12.56
 1.35  2.70  4.66  5.22  6.87  7.79  9.50  9.80 11.70 12.69 14.07 15.13 16.91 17.76 19.55 21.35 22.19 22.25 22.32 22.40 22.49 22.40
traj-170:
20.64 21.02 21.42 21.71 21.89 22.20 22.19 22.26 22.28 22.30 22.29 22.08 21.94 21.93 21.96 22.19 22.55 23.74 25.00 25.88 27.32 29.17 30.20 31.36 31.74 31.94 31.34 30.87
 1.89  3.28  4.64  5.94  6.69  8.04 10.03 11.99 13.45 14.61 15.99 17.70 18.56 20.51 21.10 22.81 24.07 24.05 24.08 24.11 24.20 23.56 22.47 21.20 20.35 18.60 17.12 16.20
traj-171:
22.71 21.91 20.17 18.77 17.29 15.83 14.29 14.00 12.59 11.71 10.45  9.46
 1.34  2.73  3.38  3.86  3.85  3.81  4.66  4.74  5.17  5.43  6.06  6.73
traj-172:
22.44 21.58 21.71 21.81 21.86 21.52 21.18 21.55 21.97 21.41 21.60 21.75 21.70 21.72 19.90 18.58 16.83 15.34 13.57 11.78 10.60  8.85  7.35
 1.58  3.18  4.98  5.83  7.08  8.85 10.73 12.12 13.90 15.57 17.55 19.09 20.92 21.51 22.21 22.46 22.67 22.66 22.64 22.63 22.61 22.76 22.82
traj-173:
21.51 21.61 21.67 21.94 21.86 21.83 21.74 21.71 21.66 21.43 21.00 20.54 20.26 20.45 20.72 20.39 20.19 20.90 22.06 23.73 25.37 26.29 28.02 29.16 29.12 29.06
 0.91  1.33  2.97  3.98  5.53  7.15  8.45 10.10 11.84 12.81 13.46 14.13 15.89 16.48 18.03 19.49 20.47 21.81 23.13 24.02 24.78 24.92 25.63 27.08 27.94 29.61
traj-174:
22.55 21.87 20.65 18.83 17.38 16.22 15.35 14.02 13.48 11.75 11.04  9.61  7.77  6.77
 1.11  1.54  2.20  3.00  3.25  3.42  3.58  3.84  3.92  4.62  5.09  5.41  6.05  5.71
traj-175:
21.25 21.16 21.22 21.36 21.54 21.68 21.42 21.17 20.98 20.90 20.73 20.71 20.48 20.17 20.82 19.44 17.73 15.75 14.29 13.99 13.42 11.89 10.65  9.83  8.58  6.80  5.97
 1.78  2.44  4.31  6.28  7.13  8.96 10.78 11.85 13.29 14.63 16.00 17.19 18.28 19.81 21.57 22.83 22.85 22.60 22.34 22.29 22.11 22.04 21.43 21.44 21.82 22.21 22.56
traj-176:
20.98 21.13 21.29 21.44 21.59 21.73 21.90 22.23 21.93 21.68 21.52 21.30 21.10 21.30 22.24 22.46 23.34 24.89 26.05 27.77 29.23 31.02 32.34 33.29 34.34 34.60
 1.60  3.45  5.04  6.53  7.61  8.80  9.59 11.30 13.20 14.71 16.62 17.86 19.58 20.05 21.67 23.37 24.07 24.43 24.69 25.12 25.40 24.61 23.60 21.86 20.20 19.81
traj-177:
21.72 21.42 20.33 19.39 18.32 16.57 15.69 14.56 14.12 13.98 13.49
 1.22  1.60  2.95  3.84  3.84  3.82  3.79  5.30  7.17  7.98  8.31
traj-178:
21.46 21.53 21.33 21.77 21.95 22.00 21.97 21.92 21.90 21.93 21.99 21.93 22.05 21.74 21.62 21.25 20.47 19.81 17.86 16.42 15.83 14.40 12.93 11.73
 1.19  2.05  3.98  5.35  5.90  7.76  8.46  9.81 11.57 12.11 13.79 15.60 16.17 18.00 18.91 20.44 22.08 22.41 22.71 22.68 22.69 22.73 22.72 22.67
traj-179:
20.44 20.55 20.83 21.16 21.21 21.50 21.68 21.82 21.91 22.08 22.04 21.87 21.82 22.21 22.25 22.43 22.50 22.63 23.13 24.47 26.19 26.99 28.61 30.06 31.67 31.95 32.41 32.86 33.22 33.71 34.14 34.51
 1.30  1.58  3.36  5.32  5.51  7.17  8.41  9.60 10.42 11.88 12.67 14.66 15.78 17.71 18.01 19.99 21.45 23.16 24.06 24.56 24.92 24.97 25.14 25.13 24.37 23.14 21.49 19.62 18.18 16.26 14.70 13.40
traj-180:
21.12 21.68 22.03 22.00 20.41 18.64 16.86 15.43 14.63 14.24 13.22 12.31
 0.53  1.55  3.48  3.78  4.16  3.37  3.51  3.66  4.24  4.69  5.76  6.73
traj-181:
22.03 21.55 21.48 21.23 21.41 21.04 20.88 20.46 20.52 20.56 20.74 20.97 21.14 21.33 21.24 21.35 20.26 18.65 17.18 15.41 13.65 13.05 11.49  9.60  9.30  8.14
 0.55  2.43  2.63  4.40  5.52  7.26  8.01  9.78 10.99 11.98 13.46 15.11 16.11 17.86 18.40 20.33 21.60 22.32 22.25 22.17 22.10 22.05 21.64 21.56 21.53 20.15
traj-182:
22.74 22.50 22.36 22.32 22.28 22.10 22.11 22.07 22.13 22.13 22.29 22.50 22.35 22.05 21.88 23.29 24.44 25.57 26.47 28.20 29.56 30.41 31.98 32.91 32.83 32.66 32.79 33.39
 1.09  2.90  4.78  6.49  8.26 10.25 11.71 13.53 15.34 16.78 18.43 19.86 20.72 22.33 22.99 24.14 24.13 24.08 24.06 24.02 22.99 22.32 21.23 20.16 18.27 16.52 14.81 13.74
traj-183:
20.11 20.10 20.18 18.62 16.91 15.45 13.68 12.45 11.34 10.75
 1.90  2.35  3.92  3.49  3.44  3.50  3.70  4.60  6.20  7.26
traj-184:
21.70 21.38 22.19 22.25 22.17 22.15 22.04 21.94 21.90 21.68 21.48 21.01 20.55 21.10 20.31 20.07 19.85 19.25 17.49 15.84 14.97 13.21 12.96 11.61  9.95  8.74
 1.02  1.67  3.38  3.63  5.59  6.47  8.15  9.43 11.18 13.05 14.34 16.23 17.84 19.58 20.71 20.79 22.26 22.24 22.16 22.15 22.19 22.13 21.98 20.75 20.04 20.02
traj-185:
20.49 20.74 21.04 21.22 21.44 21.62 21.98 21.88 21.95 22.02 22.02 21.99 22.01 21.90 22.22 22.83 23.14 24.28 26.02 27.85 29.07 30.40 30.97 31.60 32.10 33.16 34.26 34.94 35.80
 0.49  1.58  3.07  4.59  5.55  7.29  9.07 11.03 12.44 14.12 15.29 17.14 18.83 20.53 22.38 23.98 24.24 24.40 24.41 24.66 23.32 22.00 21.87 20.17 19.32 17.70 16.28 15.35 14.17
traj-186:
20.18 20.10 18.13 16.42 15.24 13.28 11.48  9.65
 1.84  3.58  3.53  3.59  3.62  3.83  4.15  4.01
traj-187:
20.45 20.80 20.99 21.44 21.35 21.20 21.17 20.93 21.16 21.26 21.27 21.26 21.29 20.21 19.04 17.26 16.06 14.87 13.24 11.75 11.47
 1.44  2.80  3.76  4.91  6.76  7.99  9.88 11.53 13.44 15.24 16.75 17.61 19.49 21.15 22.07 22.06 22.05 22.05 22.01 21.58 21.70
traj-188:
21.09 21.42 21.54 22.09 22.21 22.05 21.96 21.79 21.80 21.79 21.83 22.20 22.22 22.28 22.03 22.25 23.97 24.57 26.32 27.76 28.33 29.76 30.57 32.14 32.42 32.74 32.77 32.77
 1.26  2.84  3.41  5.13  6.26  8.24  9.65 11.48 13.44 15.43 16.57 17.84 19.31 21.04 22.43 24.19 24.35 24.40 24.47 24.52 24.38 24.23 24.14 23.79 22.61 20.80 19.34 17.45
traj-189:
22.70 22.31 21.40 19.78 17.82 16.67 15.81 14.95 14.59 14.45
 1.61  2.06  3.02  3.96  3.70  3.78  3.74  5.07  6.97  7.48
traj-190:
22.32 22.32 22.27 22.26 22.15 22.10 21.84 21.58 21.12 20.82 20.71 20.76 20.42 20.08 18.38 16.91 15.75 14.30 13.72 12.63 12.44 11.71 10.12  8.50
 0.94  2.34  3.57  5.29  6.98  8.67 10.61 11.93 13.78 15.46 16.32 18.01 19.73 21.44 22.12 22.13 22.12 22.10 22.13 21.33 20.16 18.58 18.93 19.25
traj-191:
22.16 22.11 21.99 21.87 21.89 21.84 21.88 21.97 21.90 21.95 22.05 22.06 22.12 22.14 22.10 22.09 22.24 22.56 22.80 24.37 26.09 27.78 28.23 29.79 30.09 30.57 31.23 31.51 31.92
 1.30  2.74  4.00  5.28  6.30  8.01  8.51 10.40 12.06 13.38 14.38 14.83 16.71 18.00 19.73 20.15 21.69 23.58 23.77 24.59 24.69 24.36 24.18 23.02 22.18 20.51 18.79 17.88 16.12
traj-192:
20.29 20.10 19.95 18.07 17.77 16.05 15.75 14.45 14.25 13.32 11.42 10.61  9.38
 1.33  1.79  3.76  3.30  3.34  3.58  3.60  4.54  5.33  6.93  7.08  6.68  6.12
traj-193:
21.81 21.86 21.90 21.94 22.05 22.09 22.03 21.95 21.95 21.85 21.65 21.55 21.19 21.02 20.68 20.49 19.02 17.26 16.66 14.92 13.48 12.88 10.97  9.18  7.58  6.44  5.11
 0.70  1.81  3.62  4.25  5.66  6.42  7.75  9.73 10.04 11.95 13.79 15.25 16.94 18.55 20.39 20.77 22.07 22.07 22.09 22.19 22.14 22.15 21.70 21.91 21.85 21.84 21.85
traj-194:
21.94 21.93 21.87 21.74 21.55 21.10 21.41 22.06 22.23 22.21 22.05 21.94 21.82 21.83 21.95 22.93 23.78 25.26 26.74 27.60 29.39 30.48 31.95 33.53 34.79
 1.20  2.48  4.36  6.19  7.06  8.71  9.84 11.61 13.01 14.77 16.73 18.32 19.94 21.02 21.96 23.62 24.06 24.08 24.16 24.19 23.50 22.83 22.85 22.90 23.22
traj-195:
22.71 22.50 22.41 22.27 21.97 20.58 19.33 18.75 17.30 15.56 14.26 14.18 12.88 11.54 10.03
 0.97  2.90  3.71  5.12  6.16  5.08  3.60  3.53  3.58  3.71  4.44  4.92  5.76  5.23  4.52
traj-196:
21.65 21.88 22.20 22.20 22.46 22.12 21.91 21.79 21.78 21.75 21.48 20.95 20.90 20.56 19.55 17.78 15.99 14.24 13.66 11.94 11.12 10.22  8.71  7.47  5.85
 1.90  3.15  4.86  5.16  7.08  9.05 10.92 12.75 14.52 15.85 17.70 19.40 19.61 21.38 22.30 22.44 22.49 22.32 22.26 21.53 20.88 19.31 19.35 18.94 18.43
traj-197:
21.97 21.73 21.65 21.47 21.48 22.12 22.25 22.19 22.14 22.07 21.99 22.06 21.67 21.13 20.63 20.75 21.89 22.96 24.70 25.32 27.32 29.00 30.25 30.48
 0.72  2.22  3.23  4.71  6.36  7.33  9.28 10.66 12.61 12.90 14.78 15.89 17.26 18.28 19.02 20.95 22.35 24.02 24.13 24.17 24.16 23.54 22.20 21.08
traj-198:
22.04 21.59 21.04 19.39 17.50 16.63 15.47 13.93 12.27
 0.73  2.64  2.86  3.43  3.68  3.81  3.92  4.41  4.91
traj-199:
22.44 22.17 21.98 22.07 22.14 22.05 22.17 22.18 22.10 22.05 22.03 22.12 22.27 22.32 22.34 22.20 21.47 20.86 20.20 18.33 17.73 16.00 14.53 12.77 11.00 10.28  8.32  6.78  5.51
 0.56  1.83  3.61  4.82  6.07  6.19  7.78  8.68 10.37 10.87 12.62 13.15 14.87 16.06 17.24 18.99 20.72 21.74 22.18 22.20 22.16 22.12 22.07 22.05 21.24 20.75 20.44 20.00 19.80
traj-200:
21.31 21.51 22.16 22.16 22.15 22.09 22.04 21.94 21.84 21.89 21.99 21.98 21.70 21.53 21.35 21.04 21.30 21.80 22.06 23.56 24.96 26.31 27.34 28.80 29.61 29.84 29.99 30.04 29.94
 1.10  1.33  3.15  4.23  5.64  6.74  7.82  9.71 11.49 12.47 13.49 15.49 17.11 17.85 19.36 20.88 22.72 23.05 23.20 24.17 24.33 24.49 24.46 24.09 23.82 21.99 20.44 19.18 17.90
traj-201:
20.98 20.82 19.23 17.51 16.92 15.44 13.54 12.22 11.01 10.47  9.38  8.39  6.59
 1.72  2.13  3.21  3.35  3.39  3.50  4.08  4.51  4.89  5.52  6.32  7.09  7.72
traj-202:
21.49 21.98 22.12 22.04 21.85 21.84 21.77 21.68 21.43 21.40 21.43 21.32 21.19 20.55 19.26 17.49 16.30 14.55 13.12 11.41 10.08  8.47  7.03  5.29  4.99
 1.68  3.54  5.51  7.07  8.98  9.10 10.29 12.01 13.92 15.91 17.45 19.09 20.64 21.87 22.90 22.65 22.58 22.48 22.42 21.80 21.12 20.82 20.51 20.23 20.19
traj-203:
22.71 22.41 21.84 21.89 21.96 22.03 22.04 21.95 21.86 21.98 22.07 22.06 22.10 22.09 22.10 22.16 22.22 22.33 23.69 25.32 27.22 29.06 30.14 30.86 31.87 32.63 33.45 34.45 35.24 36.12
 0.92  1.80  3.59  4.11  5.72  7.14  8.37 10.15 11.30 12.39 13.77 15.73 17.29 18.50 20.42 20.97 22.87 24.85 25.21 25.25 25.29 25.00 23.35 22.18 20.49 18.92 17.44 15.85 14.70 13.44
traj-204:
20.35 20.19 19.18 17.41 15.97 14.55 13.73 12.97 11.06  9.38  7.69
 1.85  2.36  3.34  3.43  3.54  4.47  5.99  7.81  8.31  8.41  8.48
traj-205:
22.30 22.60 22.51 22.35 22.16 22.13 22.08 22.10 22.19 22.24 21.45 21.32 21.08 21.17 21.28 20.96 19.61 17.91 16.17 14.71 14.16 12.38 10.62
 0.62  0.93  2.61  4.35  5.68  7.46  9.12 10.29 12.16 13.05 14.74 15.05 16.88 18.21 19.62 20.98 22.22 22.40 22.59 22.66 22.68 22.73 22.78
traj-206:
20.44 20.76 21.35 21.68 22.09 21.94 21.89 21.86 22.08 22.13 22.10 21.99 21.93 22.04 23.58 25.35 26.22 28.20 29.62 31.20 32.21 32.09 32.02 31.95 31.82 31.76 31.66
 0.92  2.82  4.56  6.10  7.41  9.34 11.32 13.26 15.22 16.87 18.64 19.88 21.84 23.23 24.12 24.36 24.50 24.30 23.90 22.77 21.52 19.69 18.78 16.91 15.43 14.27 13.10
traj-207:
22.74 22.25 20.84 20.09 18.48 17.59 15.85 14.77 14.20 13.56 12.21 10.23  9.08  7.25  6.06  5.30
 1.30  1.51  2.18  2.60  3.24  3.25  3.33  4.13  5.40  7.08  8.04  8.25  8.28  7.88  6.41  5.39
traj-208:
21.00 20.87 20.74 20.89 21.23 21.43 21.75 21.74 21.98 21.36 21.31 21.67 21.87 22.08 21.38 19.78 18.33 16.58 15.68 13.93 12.60 10.87  9.92
 0.50  1.60  2.65  3.75  5.56  7.22  8.97  9.46 11.28 13.13 15.10 16.60 18.07 19.43 21.18 22.07 22.12 22.15 22.14 22.16 21.44 20.50 20.25
traj-209:
21.35 21.45 21.46 21.42 21.32 21.21 21.09 21.14 21.69 21.82 22.14 22.08 21.97 22.34 22.31 22.33 22.64 23.93 25.39 25.99 27.74 28.63 30.41 32.28 33.36
 0.74  1.27  3.15  4.14  5.60  7.11  8.54  9.77 11.66 12.24 14.05 15.68 17.26 19.19 20.60 21.78 23.42 24.10 24.19 24.15 24.07 24.02 23.82 23.75 23.18
traj-210:
21.57 21.02 20.58 19.61 18.59 16.85 15.40 13.98 13.51
 0.45  1.38  3.15  3.91  3.64  3.77  3.95  4.51  5.12
traj-211:
22.55 22.00 21.05 21.37 21.33 21.48 21.67 21.84 21.79 21.63 21.91 21.65 21.08 20.76 20.54 20.42 20.26 18.66 16.93 15.44 14.88 13.14 11.22 11.11 10.85 10.59
 0.54  1.16  2.70  4.62  5.65  6.52  7.81  9.54 11.05 12.88 13.61 15.48 17.23 19.20 20.31 21.37 23.11 22.81 22.53 22.43 22.38 22.30 21.76 21.25 19.72 18.46
traj-212:
21.11 21.33 21.59 21.82 22.05 22.09 22.08 22.14 21.83 21.71 21.22 21.46 21.93 21.95 21.89 21.97 22.16 23.91 25.89 27.04 28.51 29.98 31.20 31.68 32.90 34.27
 0.61  1.97  3.54  5.14  7.04  8.44  9.89 10.47 12.33 12.78 14.71 15.25 17.11 19.07 20.69 21.79 23.30 24.20 24.31 24.48 24.65 25.32 26.90 27.25 28.26 29.69
traj-213:
22.69 21.66 20.34 18.93 17.16 16.29 15.71 13.99 12.38 10.64  9.54  7.73  6.17
 1.50  2.44  2.87  3.09  3.39  3.60  3.71  3.87  4.11  4.53  4.78  4.14  3.05
traj-214:
20.98 21.44 21.61 21.85 21.98 22.12 21.82 21.67 21.73 22.17 22.09 21.85 21.58 21.38 20.77 19.76 18.05 16.27 15.41 13.94 13.07 11.51 10.84  9.43  8.48
 1.01  2.75  4.39  5.73  7.06  8.40 10.04 11.32 12.07 13.65 15.34 17.19 18.85 20.16 21.41 22.23 22.31 22.22 22.22 22.10 22.04 21.38 21.38 20.97 20.70
traj-215:
22.23 22.23 22.13 22.13 22.16 22.07 22.00 21.91 21.67 21.42 21.08 20.95 21.19 21.32 21.40 21.70 22.26 21.83 23.31 25.00 26.49 28.25 30.00 31.42 33.12 34.49 35.35 35.93
 0.48  1.68  3.48  4.35  6.07  7.43  9.27 10.32 11.59 12.90 14.11 15.30 16.69 17.33 18.92 20.49 22.24 23.50 24.08 24.09 24.13 24.00 23.55 23.14 22.61 21.62 20.22 19.36
traj-216:
20.00 20.46 19.51 18.14 16.97 15.24 14.94 13.78 12.30 10.74  9.44  7.89  6.73  6.23
 1.43  2.70  3.44  3.69  3.66  3.56  3.89  5.43  6.59  7.66  7.63  7.45  6.14  5.47
traj-217:
20.06 20.94 21.29 21.30 21.41 21.29 20.88 20.55 20.52 20.69 20.90 21.18 21.47 21.53 21.15 19.79 18.07 16.31 15.16 13.40 12.24 10.52  9.39  8.54
 1.45  2.96  4.77  5.07  6.93  7.89  9.30 10.94 12.00 13.01 14.46 16.19 17.75 19.58 20.83 22.16 22.23 22.49 22.68 22.66 22.41 22.43 22.73 22.93
traj-218:
20.19 20.82 21.00 22.04 22.25 21.87 21.75 21.67 21.67 22.02 22.18 22.19 22.12 22.06 22.20 22.45 24.18 25.66 27.39 28.15 29.78 30.86 30.85 31.07 31.19 31.34 31.24
 0.91  2.71  2.96  4.58  6.49  7.95  9.95 11.63 12.55 14.03 14.89 16.82 18.46 20.21 21.62 23.10 24.02 24.13 24.25 24.24 24.16 22.78 21.31 20.47 18.83 17.37 15.59
traj-219:
20.22 20.80 19.71 17.82 16.34 14.70 13.23 12.35 10.38  9.01  8.24
 1.35  2.67  3.74  3.49  3.66  3.88  3.99  4.13  4.33  4.08  3.79
traj-220:
22.42 21.13 20.77 20.66 20.66 20.83 21.04 21.22 21.29 21.11 20.95 20.91 21.01 21.06 20.52 20.49 20.17 19.08 17.29 15.55 14.96 13.43 12.01
 1.56  2.44  4.33  4.40  5.13  6.88  8.51 10.41 11.39 12.68 13.40 13.51 15.31 16.09 17.84 19.79 21.15 22.12 22.11 22.22 22.33 22.12 21.11
traj-221:
21.23 21.63 21.85 21.73 21.68 21.44 21.31 20.79 21.45 22.27 22.21 22.08 22.12 22.13 21.77 21.79 23.39 24.26 25.44 26.63 28.37 28.96 30.69 31.39
 1.38  2.83  3.44  5.28  6.29  7.82  8.93 10.33 11.68 13.42 14.28 16.16 17.63 19.57 21.51 23.38 24.08 24.09 24.11 24.12 24.12 24.15 24.38 24.52
traj-222:
21.27 20.25 20.02 18.80 17.37 15.60 13.85 12.54 11.86 10.16
 0.75  2.24  3.72  3.66  3.57  3.63  4.25  4.33  4.54  4.56
traj-223:
20.93 21.04 21.10 21.29 21.31 21.35 21.35 21.36 21.29 21.26 21.25 21.24 20.51 20.44 19.15 17.40 15.62 14.15 12.70 10.96  9.13  7.40  6.88  5.30
 1.66  3.48  5.10  7.01  8.19  9.19 11.10 12.52 14.08 15.80 16.82 18.16 19.96 21.36 22.26 22.10 22.09 22.17 22.20 21.56 20.93 20.50 20.30 19.92
traj-224:
22.69 21.81 21.49 21.46 21.32 21.29 21.29 21.22 21.31 21.07 21.42 21.32 21.40 21.74 21.91 21.99 22.10 22.48 23.37 25.13 25.43 27.18 28.66 30.44 30.97
 1.61  2.76  4.43  4.84  6.57  7.64  8.95 10.36 12.12 12.60 14.39 15.32 16.90 18.41 19.28 21.05 21.64 23.28 24.11 24.07 24.06 24.04 24.02 24.31 24.57
traj-225:
21.19 20.17 20.05 18.32 16.90 15.19 14.02 13.87 13.58 12.14 11.07
 0.66  2.31  4.21  3.63  3.56  3.47  4.75  5.01  6.84  8.19  8.26
traj-226:
22.25 22.21 21.99 22.00 21.85 21.69 21.71 21.70 21.76 21.94 22.13 22.11 21.28 21.28 20.13 18.51 17.62 15.87 15.27 13.78 12.61 10.71  9.51  8.02  6.36  5.92
 1.41  2.31  4.27  6.10  7.65  9.07 10.20 12.20 12.54 14.23 16.11 17.56 19.18 20.27 21.44 22.25 22.29 22.24 22.22 22.12 22.02 21.43 20.90 20.09 19.13 19.04
traj-227:
20.67 20.94 21.11 21.43 21.76 22.00 21.74 21.53 20.93 20.59 20.48 20.79 21.22 21.72 21.95 22.15 22.72 24.41 25.53 27.26 27.85 29.17 30.06 30.77 32.55 34.24 35.01
 2.00  3.88  4.67  5.91  7.04  8.55 10.29 10.81 12.31 13.91 14.76 16.54 18.11 19.57 21.41 22.23 24.08 24.46 24.50 24.62 24.56 23.18 21.64 19.99 19.53 20.45 20.82
traj-228:
21.66 20.63 20.42 18.70 16.95 15.47 13.85 12.66 12.14
 0.75  2.15  2.37  3.19  3.36  3.45  4.07  5.17  5.69
traj-229:
21.30 21.36 21.58 21.67 21.61 21.56 21.66 21.86 21.94 21.97 22.10 22.11 21.20 20.38 20.71 19.74 17.87 16.70 15.25 13.26 12.38 11.27  9.59  7.77  6.04
 0.85  2.17  4.12  6.07  7.70  9.18 11.10 12.96 14.64 15.42 17.15 17.45 19.05 20.17 21.77 22.51 22.26 22.28 22.30 22.22 22.12 21.68 21.31 20.96 21.00
traj-230:
20.50 20.91 21.04 21.55 21.75 21.90 21.90 21.91 21.88 21.70 21.71 21.83 21.90 21.83 22.34 22.54 22.64 23.78 25.53 27.25 27.55 29.31 30.03 31.60 32.46 33.38
 1.38  2.95  3.38  5.04  7.03  7.51  8.90  9.86 11.86 13.40 15.29 16.39 17.94 18.91 20.58 22.56 23.15 24.46 24.49 24.62 24.63 24.72 24.68 25.70 26.67 27.65
traj-231:
21.10 20.35 20.13 19.60 17.66 15.93 14.87 14.71 13.85 12.48 11.15  9.62  7.93  6.78  5.84  4.66
 1.68  2.03  3.25  3.31  3.56  3.63  5.30  5.55  7.06  7.04  7.10  6.96  6.14  5.56  4.98  4.16
traj-232:
21.75 21.98 22.13 21.96 21.88 21.81 21.80 21.61 21.57 22.18 22.22 22.10 21.99 21.94 21.31 20.26 18.56 17.69 15.75 14.28 13.11 12.84 11.15  9.52  8.85  7.55  6.64
 1.44  3.29  4.33  6.31  7.07  8.87  9.40 11.32 11.98 13.53 15.53 16.86 18.25 19.54 21.41 21.88 22.36 22.32 22.15 22.10 22.01 21.87 21.20 20.26 20.52 21.07 21.42
traj-233:
21.98 22.15 22.34 22.49 22.48 22.43 22.50 22.60 22.45 22.42 22.34 22.27 22.27 22.27 22.31 22.82 23.10 25.07 26.84 28.44 29.95
 1.94  3.57  5.01  6.16  7.05  8.43  9.54 11.45 13.13 15.09 16.30 17.85 19.60 21.58 22.18 23.93 24.13 24.48 24.47 25.07 25.30
traj-234:
21.02 20.37 18.52 17.64 16.18 15.32 14.03 12.57 12.13 11.70 13.15 13.82
 1.39  2.55  3.27  3.39  3.48  3.62  3.80  4.37  4.63  6.22  7.16  7.68
traj-235:
22.16 21.78 21.04 20.88 21.06 21.24 21.31 21.53 21.75 21.83 22.18 22.31 22.27 22.40 21.62 20.31 18.38 17.21 15.48 13.74 12.23 11.97 11.03 11.04
 0.84  1.51  2.59  4.35  6.05  7.53  8.63 10.46 12.16 12.74 14.59 16.37 17.51 19.35 21.17 22.27 22.78 22.71 22.43 22.18 21.20 20.79 19.20 18.90
traj-236:
20.28 21.00 21.63 21.68 21.82 21.93 21.99 22.14 21.81 21.56 21.54 21.40 21.24 21.08 21.45 21.92 22.60 23.88 24.60 26.28 27.74 28.32 30.07 31.34 31.48 32.01 32.65 32.88 33.12
 1.61  2.48  3.69  4.52  6.26  8.07  9.71 11.64 13.04 14.33 15.42 16.80 17.55 19.23 20.17 21.50 23.36 24.05 24.36 24.40 24.41 24.29 24.04 22.88 22.03 20.50 18.87 17.25 16.44
traj-237:
21.83 22.04 22.02 20.40 18.55 17.09 15.92 14.57 13.56 12.69 11.28  9.38  7.98
 0.48  2.44  3.04  3.99  3.67  3.76  3.91  4.71  6.33  7.44  8.08  7.69  7.45
traj-238:
21.91 21.95 21.92 21.66 21.34 21.50 21.61 21.68 21.90 21.87 21.58 21.40 21.57 21.79 20.05 19.17 17.73 16.58 14.85 13.69 12.11 11.00  9.55  8.43
 1.86  3.78  4.62  6.18  7.71  9.57 10.46 11.37 12.76 14.76 16.59 18.52 20.36 22.08 22.25 22.31 22.27 22.24 22.25 22.24 21.15 19.81 19.65 19.40
traj-239:
20.18 20.33 20.57 20.63 20.83 21.03 21.15 21.20 21.27 21.28 21.33 21.27 21.28 21.42 21.62 22.04 22.09 22.20 22.77 23.64 25.55 26.38 27.82 29.07 29.42 30.35 30.98 31.65 32.56 32.82 33.90 34.61 35.63
 1.35  2.10  3.62  4.63  6.30  7.86  8.86  9.94 11.42 13.27 14.14 16.07 16.88 18.84 19.56 21.00 21.81 22.39 24.01 24.09 24.30 24.42 24.69 23.38 21.99 20.62 19.60 18.37 16.69 16.20 14.52 13.46 12.05
traj-240:
22.37 22.21 20.44 18.85 18.25 16.55 14.61 13.86 12.98 11.71 10.50  8.93
 0.66  1.86  2.67  3.36  3.38  3.42  3.69  4.11  4.69  5.91  7.13  6.55
traj-241:
20.12 20.60 21.37 21.60 21.80 21.93 22.00 21.93 22.15 21.56 21.57 21.92 22.10 21.19 20.70 19.30 18.13 16.41 16.11 14.34 13.17 11.73 10.64
 1.57  2.62  4.00  5.71  7.63  8.73 10.14 11.86 13.56 15.26 16.61 17.83 18.90 20.56 20.90 22.21 22.26 22.36 22.36 22.29 22.14 21.58 21.62
traj-242:
22.38 22.14 22.01 21.96 21.97 21.84 21.80 21.91 21.96 21.99 22.01 22.00 21.90 22.00 22.07 22.44 22.74 22.99 24.48 25.60 27.50 28.29 29.77 30.63 31.20 31.98 32.11 33.42 33.71 34.47 35.26 36.02
 0.78  1.85  2.89  4.00  5.81  7.37  9.00 10.29 12.04 13.36 14.45 16.44 18.12 19.85 21.25 23.02 23.55 23.72 24.92 24.84 24.83 24.84 24.21 23.18 21.92 20.28 19.89 18.43 17.97 16.66 15.27 13.95
traj-243:
22.04 20.96 19.86 18.25 17.66 16.22 14.53 12.75 11.57  9.61  8.92  7.10  6.23
 1.64  2.52  3.02  3.67  3.71  3.85  4.00  4.37  5.00  5.11  5.03  5.14  4.66
traj-244:
20.26 20.48 20.72 21.03 21.38 21.69 22.01 22.11 22.10 21.78 21.25 21.08 20.39 20.14 20.12 19.13 17.66 16.63 14.74 13.58 12.71 10.91 10.55
 0.87  2.02  3.10  4.67  6.49  8.29  9.95 11.40 13.17 14.40 16.02 16.46 18.26 20.12 21.21 22.04 22.07 22.08 22.13 22.11 22.09 21.46 20.94
traj-245:
20.35 20.44 21.12 21.53 22.15 22.24 21.86 21.57 21.92 21.88 21.58 21.41 21.79 21.99 22.05 22.44 23.61 25.08 26.71 28.70 29.92 31.35 32.31 32.84 33.18 33.75 34.09 33.90
 1.46  1.75  3.44  4.52  6.08  7.95  9.62 11.02 12.94 14.20 15.33 16.86 18.68 20.37 22.29 24.04 24.17 24.17 24.11 24.00 23.40 22.87 21.24 19.85 18.86 16.97 15.02 13.89
traj-246:
20.88 20.94 19.55 17.61 16.74 15.29 13.75 12.21 10.78  9.18  7.36  6.10  4.60  4.07
 0.89  2.72  3.14  3.57  3.54  3.57  4.24  4.91  5.59  6.09  6.63  5.89  5.21  4.97
traj-247:
20.55 20.66 21.12 21.39 21.83 21.75 21.33 21.70 22.15 21.94 22.01 22.02 21.94 21.91 21.84 20.26 18.39 16.91 15.45 14.55 12.83 11.98 11.69  9.98  8.03  6.41  5.55
 1.60  2.04  3.89  4.82  6.26  7.91  9.35 10.85 12.66 14.31 16.28 16.58 18.45 20.02 20.88 21.80 22.26 22.25 22.21 22.19 22.11 22.05 21.97 21.86 22.21 22.55 22.75
traj-248:
22.79 22.56 22.10 21.51 21.38 20.53 20.39 20.35 21.05 21.50 22.22 22.21 22.29 22.38 22.33 22.42 22.62 22.61 24.06 24.74 26.60 28.45 28.67 30.33 31.79 33.43 34.66
 1.72  2.08  3.76  5.23  6.74  8.52  9.84 10.57 12.00 13.01 14.21 15.88 17.78 18.37 20.08 21.22 22.96 23.26 24.08 24.24 24.33 24.72 24.92 26.02 27.24 28.31 28.92
traj-249:
20.25 20.08 18.37 17.51 15.79 14.19 12.69 11.31  9.46  8.15  7.48  5.89  5.09
 1.32  3.07  3.64  3.64  3.66  4.69  5.53  5.76  5.41  5.03  4.77  3.88  3.49
traj-250:
21.93 22.64 22.61 22.60 22.56 22.26 22.05 21.99 21.72 21.79 21.72 21.44 21.18 20.32 20.11 19.06 17.27 15.50 13.72 12.33 11.48 11.18
 1.20  2.51  4.19  5.93  6.77  8.48 10.38 10.97 12.87 14.76 16.39 18.01 18.37 19.84 21.31 22.28 22.23 22.07 22.07 22.07 21.85 21.84
traj-251:
20.73 21.39 21.70 21.75 21.86 21.99 22.25 22.06 21.82 22.02 21.74 21.57 21.46 21.33 21.37 21.84 22.05 22.88 23.26 24.43 26.18 27.63 29.03 30.50 32.19 33.18 34.90 35.46 36.24 36.42 36.59
 1.43  2.96  3.73  5.65  6.43  8.13  9.50 11.48 12.34 14.19 16.13 17.16 19.09 19.47 19.82 21.33 22.15 23.82 24.11 24.11 24.06 24.01 23.39 22.59 21.58 21.18 21.44 21.62 22.70 24.17 25.35
traj-252:
22.11 22.15 21.11 19.55 17.61 16.74 14.98 13.91 12.35 11.81 10.34  9.49  8.79
 0.75  2.12  3.70  3.88  3.79  3.75  3.83  4.46  5.26  5.45  5.18  4.38  3.61
traj-253:
22.64 21.93 21.99 22.15 22.08 21.97 21.92 22.08 22.17 21.96 21.74 21.61 21.18 20.96 19.22 17.47 15.71 13.93 12.27 11.99 10.29  8.97  7.22  5.50
 1.91  3.74  5.17  7.01  7.53  9.14 10.17 11.87 13.60 15.31 17.07 18.97 20.91 21.10 22.05 22.09 22.13 22.10 21.13 21.03 21.25 21.52 21.62 21.85
traj-254:
21.21 21.84 21.96 22.02 21.24 21.06 20.81 21.03 21.47 22.10 22.26 21.31 20.22 20.35 20.60 20.85 21.62 23.31 24.06 25.79 27.19 28.16 30.06 30.90
 1.62  3.45  5.28  6.45  8.28  8.78  9.24 11.16 11.56 13.32 15.07 16.72 17.59 19.48 20.31 22.23 23.09 24.04 24.29 24.74 25.03 24.84 24.53 24.21
traj-255:
20.02 21.06 20.23 18.57 17.68 15.91 14.34 13.50 13.23 11.42  9.61  9.32  8.22  6.88
 0.84  2.31  3.91  3.32  3.42  3.71  4.87  6.48  7.41  7.44  7.30  7.20  5.79  4.46
traj-256:
21.08 21.35 21.88 21.90 22.00 21.95 21.74 21.67 21.72 22.16 21.14 20.63 20.46 20.75 21.27 19.72 18.28 17.40 15.67 13.92 13.63 11.90 10.78  8.91  7.63
 1.38  2.58  4.25  4.55  6.49  7.96  9.56 11.17 12.49 14.38 15.83 16.53 18.34 19.45 21.21 22.12 22.37 22.53 22.47 22.26 22.24 21.45 21.14 20.56 20.32
traj-257:
22.75 22.47 21.40 20.44 20.52 20.88 21.39 21.92 22.09 22.04 21.97 21.99 22.24 21.94 21.99 22.20 22.75 23.88 25.60 27.05 27.90 29.38 30.15 30.77 31.26 31.53 31.51 31.41 31.51
 0.89  1.19  2.46  3.35  5.12  6.91  8.67 10.56 12.32 14.01 15.44 17.19 18.34 20.06 21.82 22.33 24.05 24.35 24.85 25.12 25.12 24.12 22.72 21.43 20.33 18.64 18.04 16.13 14.14
traj-258:
21.77 20.12 18.27 16.80 15.31 15.16 13.93 12.97 11.51  9.65  7.74
 1.98  2.63  3.23  3.41  3.70  3.97  5.42  7.04  8.35  8.52  8.60
traj-259:
20.74 20.97 21.24 21.41 21.61 21.90 21.50 21.29 21.42 21.45 21.45 21.58 21.10 20.25 20.05 19.11 18.51 16.74 15.01 13.50 11.63 10.59  9.38  7.53  5.99
 0.43  1.93  3.48  4.81  6.70  8.46 10.12 11.63 13.46 14.06 16.03 17.42 19.06 20.71 21.26 22.13 22.14 22.21 22.28 22.17 21.49 20.90 19.86 20.02 20.29
traj-260:
22.11 22.06 22.06 22.07 21.55 22.08 21.69 21.23 21.42 21.35 21.43 21.75 21.93 21.96 22.38 23.30 24.48 26.21 27.98 29.60 31.47 32.59 33.33 34.61
 1.45  3.29  4.09  5.44  7.37  9.07 10.96 12.84 13.89 14.99 16.63 18.18 19.81 21.27 23.17 24.02 24.00 24.01 24.02 23.83 23.71 24.85 25.59 26.93
traj-261:
21.30 20.12 20.00 18.10 16.62 15.73 13.82 12.38 11.85 11.64
 1.27  2.84  3.46  3.37  3.57  3.69  4.26  5.62  7.01  7.54
traj-262:
21.28 21.39 21.57 21.51 21.54 21.75 21.84 21.73 21.79 21.77 21.63 21.70 21.68 21.68 20.96 19.47 17.70 15.95 14.20 12.70 11.60  9.88  7.92  6.45
 0.44  2.20  3.94  5.59  6.46  8.32  9.87 11.56 13.25 15.18 17.13 18.86 19.64 20.17 21.88 22.55 22.45 22.34 22.20 22.13 21.80 22.35 22.14 22.36
traj-263:
21.28 21.69 22.03 22.05 22.16 22.16 22.12 22.15 22.16 22.09 22.06 21.65 21.16 20.98 20.70 21.08 22.77 23.36 24.82 26.72 27.61 28.77 30.54 31.70 33.53 34.29
 1.94  3.89  5.78  7.27  9.00  9.89 11.28 12.64 14.11 15.55 16.40 17.77 19.51 20.35 22.00 23.75 24.22 24.24 24.22 24.24 24.29 24.25 24.15 24.02 23.67 22.79
traj-264:
20.63 21.04 20.39 20.03 18.38 17.50 15.74 14.47 13.18 11.27 10.01  8.48  7.15  5.97  5.06
 1.08  2.14  3.74  4.07  3.38  3.45  3.60  5.01  6.49  6.91  7.91  6.70  6.23  4.82  3.66
traj-265:
21.72 21.89 22.01 21.85 21.70 21.69 21.69 21.56 21.42 21.27 21.13 21.00 20.96 20.89 20.90 20.54 19.19 17.26 16.39 14.66 12.91 12.01 10.83  9.70  8.84  7.66  6.11  6.26  6.47  6.78
 0.79  2.09  3.84  5.55  6.48  8.36  9.75 11.44 13.02 14.41 16.29 17.71 18.03 19.32 20.03 21.76 22.93 22.73 22.68 22.53 22.43 22.45 22.49 22.65 22.74 22.89 21.80 20.67 19.08 17.31
traj-266:
20.27 20.49 20.89 21.45 21.87 21.56 21.25 20.82 20.98 21.03 21.37 21.26 20.64 20.46 20.18 20.45 20.88 22.33 23.81 25.68 27.02 28.80 30.35 31.51 32.12 33.63 34.65 35.48
 1.36  2.35  3.65  5.33  6.78  8.47  9.85 11.66 13.60 14.50 14.72 16.52 18.22 19.31 21.12 22.19 23.53 24.02 24.06 24.08 24.53 25.03 26.13 26.97 27.28 28.26 29.35 30.23
traj-267:
22.68 22.34 21.29 19.71 17.82 16.95 15.50 14.60 13.41 12.02
 1.23  2.79  4.24  3.90  3.60  3.59  3.55  3.53  3.54  3.88
traj-268:
22.44 22.21 22.05 21.93 21.89 21.66 21.48 21.40 21.27 21.22 21.14 21.02 21.00 20.91 20.75 20.53 20.36 18.88 17.11 16.51 14.77 13.87 12.24 12.04
 0.56  1.65  3.44  4.52  4.89  6.87  8.74  9.51 10.77 12.36 13.50 14.86 16.80 17.94 18.89 20.42 21.56 22.28 22.19 22.14 22.08 22.06 21.07 20.32
traj-269:
22.46 22.24 22.00 22.09 22.43 22.52 22.51 22.50 22.48 22.56 22.60 22.51 22.48 22.40 22.40 22.55 22.94 24.43 26.13 27.13 29.09 29.53 29.63 29.65 29.54 29.39 29.28
 1.09  3.03  3.21  5.06  6.48  7.43  8.74  9.94 11.08 12.25 13.97 15.15 16.86 18.79 20.48 21.95 23.68 24.55 24.67 24.72 24.41 23.67 22.19 20.21 18.99 17.38 16.40
traj-270:
20.97 21.45 22.01 21.58 19.78 18.73 17.59 15.84 14.38 13.61 12.52 10.58 10.16  8.19  6.99
 0.70  1.19  3.03  4.12  3.63  3.67  3.75  3.86  4.61  5.38  6.86  6.61  6.75  6.86  6.43
traj-271:
22.64 22.38 22.09 21.82 21.59 21.50 21.36 21.18 21.14 20.98 20.89 20.85 20.68 20.47 20.24 19.96 18.79 17.34 15.86 14.69 13.80 12.01 12.21 12.10 11.96
 0.66  1.76  3.52  5.36  7.02  8.05  9.76 11.75 12.02 13.85 15.52 16.86 17.98 19.37 20.72 22.53 22.34 22.17 22.08 22.05 22.02 22.01 21.97 20.62 19.04
traj-272:
21.24 21.18 21.16 21.13 21.17 21.19 21.26 20.88 20.79 21.04 21.45 21.48 21.54 21.66 21.63 22.04 22.20 22.72 24.71 26.31 27.45 29.30 29.85 30.14
 1.22  2.55  3.32  5.22  6.44  8.03  9.41 10.96 12.11 13.93 15.89 17.20 17.87 19.67 21.49 23.31 24.93 25.21 25.28 25.16 25.01 25.62 27.05 28.83
traj-273:
21.71 20.39 20.07 18.59 18.01 16.46 14.68 13.46 11.80  9.90  8.70  7.76
 1.46  2.56  2.77  3.47  3.62  3.88  3.86  3.99  4.45  4.89  5.33  6.31
traj-274:
21.34 21.46 21.60 21.76 21.98 21.87 21.77 21.77 21.85 21.87 22.11 22.06 20.95 20.31 19.54 17.62 16.74 15.57 14.00 12.45 12.18 10.72 10.07  8.26  6.76
 0.53  1.55  3.48  5.41  6.87  8.50 10.33 12.25 13.89 15.37 17.31 18.76 20.41 21.73 22.42 22.66 22.53 22.41 22.40 21.32 21.18 19.87 19.91 20.10 20.29
traj-275:
20.42 20.61 21.03 21.35 21.61 22.15 22.08 22.10 21.47 21.55 21.71 21.81 21.93 21.90 21.84 21.41 22.03 23.01 24.69 25.27 26.69 27.55 29.48 29.78
 1.44  1.98  3.91  5.01  6.01  7.88  8.68 10.45 12.29 13.12 14.81 16.48 17.60 19.01 19.94 21.86 23.48 24.04 24.08 24.09 24.12 24.39 24.69 24.73
traj-276:
22.72 22.45 20.98 20.42 18.49 17.04 15.87 14.24 14.07 13.06
 1.34  2.71  3.96  3.88  3.99  3.88  3.81  4.94  5.19  6.85
traj-277:
20.09 20.35 20.78 20.85 20.89 20.83 20.68 20.66 20.69 20.84 21.13 21.22 21.64 21.19 21.03 20.24 18.45 18.15 16.40 14.63 12.89 12.09 10.50  9.08  7.93  5.99  5.42
 1.03  2.17  4.02  5.26  6.55  7.76  9.62  9.91 11.91 12.79 14.52 16.36 17.39 18.84 20.16 21.44 22.25 22.25 22.20 22.25 22.15 22.03 22.02 22.21 22.21 22.65 22.75
traj-278:
20.29 20.66 21.39 21.61 21.90 22.15 22.28 22.23 22.19 22.23 22.17 21.79 22.14 21.44 20.90 22.27 22.52 24.20 25.79 27.17 29.01 30.18 31.84
 1.53  2.33  4.10  6.07  7.60  9.44 11.19 12.34 13.19 14.86 15.92 17.87 19.20 20.90 22.53 23.92 24.09 24.34 24.57 24.79 25.18 25.55 25.68
traj-279:
21.02 20.95 19.68 18.03 16.88 15.14 13.75 12.13 11.54
 1.14  2.69  3.95  3.80  3.65  3.81  4.33  4.97  5.06
traj-280:
20.53 20.67 20.86 21.14 21.52 21.51 21.47 21.62 21.65 21.97 21.94 21.94 21.96 21.97 22.06 22.01 20.81 19.08 17.34 16.75 14.98 13.23 11.26 10.17  9.06  8.61  7.96
 0.45  1.01  2.95  4.78  6.44  7.65  9.52 10.26 12.11 13.64 14.88 15.87 17.43 17.89 19.61 21.29 22.86 22.80 22.76 22.71 22.58 22.44 22.27 22.28 21.97 20.45 18.67
traj-281:
20.99 20.98 20.97 21.06 21.10 21.44 21.56 21.65 21.94 21.85 21.82 21.82 21.85 21.95 21.42 20.73 21.77 22.71 23.56 25.30 26.38 27.82 29.58 30.99 31.85 32.24 32.48 32.76
 0.66  2.51  4.16  5.67  6.16  8.08  8.98 10.34 12.30 14.28 14.55 16.49 18.25 18.79 20.67 22.08 23.75 24.04 24.19 24.55 24.87 25.22 25.16 24.34 22.99 21.45 20.39 18.99
traj-282:
21.03 20.90 20.67 19.37 17.63 16.46 15.30 15.15 13.42 13.23 11.86 11.03  9.15  7.33  5.80
 0.40  1.57  2.61  3.19  3.21  3.26  3.46  3.72  4.41  6.22  7.52  7.71  7.96  7.88  7.79
traj-283:
22.63 22.47 22.30 22.08 21.98 21.77 21.74 21.73 21.84 21.90 22.03 21.63 21.21 20.40 19.52 18.37 17.22 16.03 14.27 13.11 12.86 12.53 12.14 11.16  9.36  8.12
 1.71  3.05  4.64  6.49  8.39 10.21 11.16 12.99 14.23 15.94 17.45 18.94 20.68 21.43 22.28 22.47 22.35 22.23 22.12 22.02 21.86 21.55 20.71 19.26 19.10 19.53
traj-284:
20.28 20.70 20.97 20.83 20.91 20.84 21.01 20.88 20.95 21.34 21.67 22.07 22.08 22.09 22.05 22.02 22.24 23.65 25.29 26.71 28.29 28.83 30.79 32.14 32.73 32.99 33.83
 1.11  2.39  4.34  5.61  7.08  8.16  9.44 10.84 12.25 13.53 15.44 16.73 18.51 20.34 21.20 22.98 23.49 24.34 24.54 24.78 25.12 25.14 25.07 23.76 21.96 21.15 20.03
traj-285:
21.96 21.11 20.03 18.43 16.96 15.20 14.05 12.64 11.68 10.91  9.48  8.99  7.16  6.06
 0.42  1.13  2.67  3.24  3.34  3.45  3.70  4.29  4.91  5.34  6.12  6.45  7.09  7.28
traj-286:
22.03 21.92 21.82 21.66 21.62 21.44 21.32 21.02 21.13 21.23 21.50 21.81 21.73 21.44 20.10 18.38 16.63 15.45 13.69 11.78 10.17  8.62  7.70  5.86  4.51
 1.09  2.06  3.81  5.24  6.97  8.79 10.58 12.54 14.45 14.96 16.91 18.58 20.50 22.33 22.75 22.37 22.21 22.15 22.08 21.58 20.97 19.98 19.62 19.03 18.21
traj-287:
21.06 21.29 21.45 22.33 22.41 22.37 22.31 22.19 22.03 21.33 21.80 22.13 21.10 21.09 20.46 20.26 21.01 21.65 22.61 24.17 25.65 26.82 28.80 29.10 30.77 32.40 33.71
 0.67  0.86  1.11  2.55  4.02  5.48  7.15  8.46  9.76 11.53 12.84 14.24 15.76 16.06 17.72 19.33 20.81 21.74 23.27 24.08 24.10 24.18 24.34 24.37 25.22 26.32 27.29
traj-288:
20.05 20.26 18.46 17.02 15.83 14.58 13.93 11.97 10.39  9.73
 1.99  2.53  3.38  3.39  3.37  4.17  5.10  4.90  4.32  4.09
traj-289:
20.87 21.14 21.75 22.45 22.56 22.52 22.49 22.30 22.21 22.16 22.10 21.88 21.67 21.50 21.91 21.65 20.29 18.89 17.44 15.95 14.79 13.62 11.75 10.22  8.56  6.94  5.31
 0.95  1.58  2.89  4.65  6.62  8.57  8.87 10.59 11.40 13.38 14.19 15.59 17.42 18.26 19.52 21.48 22.56 22.42 22.29 22.16 22.09 22.03 21.55 20.35 19.32 18.45 17.64
traj-290:
20.20 20.32 20.41 20.56 20.81 20.89 21.02 21.36 21.59 21.65 21.86 21.96 22.10 22.15 22.09 21.98 22.17 22.30 22.91 24.05 25.15 26.89 27.19 29.11 30.87 31.63 31.68 31.74 31.96 32.13 32.40 32.40 32.32 32.39 32.24
 0.45  1.71  2.50  4.17  5.40  6.51  7.50  9.12 10.55 12.09 12.71 14.30 16.27 17.41 19.17 20.27 22.07 22.34 24.22 24.56 24.94 25.62 25.68 26.21 26.75 25.77 24.05 23.60 21.81 20.06 18.27 17.35 16.25 15.02 14.14
traj-291:
22.79 21.59 20.11 18.36 16.60 15.25 14.67 13.82 12.29 11.84
 1.55  2.20  3.03  3.47  3.68  3.79  4.44  5.28  4.28  3.87
traj-292:
21.14 21.32 21.49 21.82 21.76 21.71 21.74 21.75 21.87 22.06 22.11 22.10 22.17 21.93 21.04 19.18 17.19 15.43 14.56 13.41 12.25
 1.91  2.15  4.06  5.52  7.45  9.26  9.96 11.64 13.24 15.22 16.25 17.69 19.17 21.02 21.78 22.43 22.31 22.18 22.17 22.13 22.12
traj-293:
21.48 21.37 21.24 21.20 21.07 21.04 21.19 21.70 22.26 22.13 21.99 21.86 21.63 21.80 21.88 22.16 22.30 23.98 25.69 27.11 28.26 29.07 30.08 30.27 30.41 31.41 31.59 31.54 31.57 31.44 31.38
 1.92  2.74  4.49  5.09  7.07  7.36  8.26  9.96 11.82 12.94 14.14 15.89 17.61 18.38 20.23 22.05 23.20 24.14 24.18 24.28 24.43 23.47 22.49 20.52 20.20 18.51 17.07 15.34 13.68 11.97 11.39
traj-294:
21.49 20.27 18.51 17.92 16.16 14.39 12.60 11.53 10.52  8.92  7.70
 1.41  2.48  3.24  3.28  3.38  3.34  3.46  3.69  4.22  5.05  4.02
traj-295:
20.89 21.20 21.26 21.42 21.80 21.98 22.26 22.39 22.23 22.00 20.83 20.31 20.15 20.32 20.36 20.47 20.24 20.18 18.59 17.72 15.96 14.26 13.66 11.68 10.81  9.42
 0.74  2.45  3.48  4.52  6.43  8.22  9.35 10.22 11.88 13.23 14.65 14.90 16.19 18.12 18.72 20.54 21.71 22.00 22.79 22.69 22.58 22.52 22.50 22.63 22.68 22.78
traj-296:
22.62 21.64 20.58 20.52 20.36 20.77 21.55 22.26 22.18 21.92 21.80 22.12 22.19 22.25 22.24 22.31 23.54 24.37 25.58 27.26 28.72 29.82 31.28 30.80 31.11 31.55 31.87 32.64 33.21 34.13
 0.47  2.04  3.51  5.15  6.26  8.07  9.51 11.07 12.80 13.89 15.20 17.10 18.76 20.43 21.53 23.27 24.08 24.40 24.87 25.11 25.11 25.16 23.89 22.09 21.17 19.63 18.55 17.32 16.51 14.91
traj-297:
21.57 20.26 19.17 17.71 15.96 14.87 14.81 14.36
 1.66  2.78  3.60  3.74  3.86  5.17  5.70  7.33
traj-298:
21.51 21.38 21.40 21.31 21.30 21.10 21.12 21.21 21.25 21.05 20.85 20.81 20.78 20.37 19.73 18.03 16.27 15.20 13.63 12.45 11.23 10.53  9.53  7.86
 1.85  3.70  5.02  6.68  8.58  9.91 11.76 13.36 14.31 16.25 18.03 19.64 19.94 21.68 22.04 22.24 22.19 22.14 22.14 22.15 21.00 20.54 19.93 18.93
traj-299:
20.13 20.52 20.97 21.29 21.59 21.55 21.73 21.76 22.13 22.28 21.91 21.51 21.08 21.16 21.25 21.66 22.00 22.69 24.03 25.49 27.21 27.80 29.27 30.12 30.73 31.81 32.11 33.08 33.73 34.50
 0.97  2.05  3.19  4.08  5.75  7.58  9.12  9.67 11.60 13.34 15.11 16.06 17.93 19.10 19.75 21.26 22.04 23.55 24.27 24.60 24.89 25.01 24.24 23.36 22.58 21.27 20.83 19.10 17.96 16.55
