traj-0:
22.43 22.62 22.78 21.18 19.41 18.53 16.78 15.05 13.27 12.12 11.72 10.52
 1.39  2.41  3.59  4.10  4.28  4.29  4.50  4.66  4.85  5.47  5.91  7.21
traj-1:
22.74 22.67 22.68 22.74 22.70 22.70 22.67 22.74 22.71 22.60 22.52 22.52 22.47 22.47 22.37 22.28 22.25 20.30 19.11 17.92 16.63 15.18 13.92 13.24 11.75 10.21  8.50  7.39  5.61
 1.53  3.32  3.92  5.81  6.33  8.12  9.07 10.45 11.31 12.44 13.82 15.59 16.55 18.38 20.25 21.81 23.69 24.03 24.07 24.10 24.03 23.17 22.53 22.16 21.37 20.58 19.68 19.12 18.35
traj-2:
24.14 24.20 24.09 23.85 23.71 23.88 24.08 24.20 24.41 25.23 27.08 29.04 30.08 31.25 31.61 32.31 32.55
 1.46  3.31  5.30  7.20  8.54 10.39 11.67 12.41 14.39 14.74 14.63 14.48 14.36 13.17 12.35 10.90 10.70
traj-3:
24.27 23.97 23.24 22.41 20.66 19.21 17.46 15.68 14.25 12.52 10.84  9.73  8.21  6.46  5.09
 1.28  2.09  3.61  4.81  4.83  4.77  4.71  4.55  4.71  4.88  5.50  5.90  6.29  6.63  6.85
traj-4:
22.01 22.37 22.67 22.86 23.02 23.17 23.52 23.68 24.05 23.98 23.87 23.88 23.74 23.66 23.56 23.53 23.56 23.29 22.25 20.53 18.76 17.86 16.40 15.50 13.74 13.53 11.80  9.90  8.11  6.24  5.71
 0.58  1.65  3.30  4.57  5.50  6.32  7.54  9.16 10.62 11.76 13.16 13.88 15.50 17.21 19.17 19.93 21.74 23.47 24.03 24.20 24.15 24.12 24.06 24.02 23.61 23.64 23.03 23.03 22.81 22.63 22.39
traj-5:
22.82 23.21 23.59 23.62 23.63 23.44 23.67 24.15 24.72 26.46 28.08 29.80 31.67 33.44 33.07 32.40
 1.67  3.05  4.05  6.03  6.74  8.65 10.51 12.38 13.96 14.84 14.71 14.74 14.71 15.26 16.74 18.34
traj-6:
24.52 24.18 22.88 22.03 20.35 18.61 16.83 15.44 14.58 12.93 11.96 10.70  9.43
 1.83  2.12  3.16  3.76  4.22  4.45  4.60  4.68  4.68  4.94  5.99  7.50  8.78
traj-7:
22.42 23.57 24.14 23.91 23.76 23.57 23.49 23.40 23.31 23.49 23.34 23.57 23.60 23.52 23.06 22.19 20.49 18.76 17.27 16.07 14.23 12.64 11.73  9.89  8.81  7.39
 1.34  2.91  4.21  6.10  7.38  9.20 10.72 12.51 14.02 14.93 16.84 18.72 19.94 21.60 22.87 23.46 24.00 24.03 24.02 24.03 23.55 22.73 23.16 23.04 23.18 23.14
traj-8:
22.61 22.96 23.06 23.39 23.53 23.59 23.47 23.26 23.50 23.96 24.71 26.19 27.62 29.54 30.99 32.20 32.63 32.95
 1.62  3.19  3.76  5.71  6.63  8.15  9.17 10.53 11.66 13.39 14.20 14.53 14.24 14.23 14.19 15.47 17.05 18.08
traj-9:
23.56 23.46 22.51 22.16 22.01 20.23 19.93 18.18 17.59 15.73 14.27 12.55 10.69  9.24
 0.93  1.21  2.49  2.82  4.46  4.65  4.68  4.82  4.89  4.86  4.88  4.90  5.54  6.14
traj-10:
22.98 22.90 22.82 22.88 22.89 22.84 22.84 22.54 22.67 22.59 22.59 22.63 22.62 22.39 22.45 22.17 21.93 20.26 19.36 17.56 16.37 14.85 13.83 12.03
 0.70  1.51  2.78  4.72  6.38  7.56  9.22 10.92 12.90 14.69 16.15 17.59 19.50 21.43 21.93 22.04 23.26 24.00 24.01 24.02 24.02 23.62 23.40 23.89
traj-11:
24.37 23.65 23.24 23.27 23.97 24.19 24.11 24.02 24.22 24.34 25.88 27.60 29.31 31.20 32.88
 0.60  1.85  3.45  4.49  6.04  7.97  9.29 11.23 13.17 14.71 15.86 15.79 15.76 16.21 17.24
traj-12:
22.73 22.67 22.52 21.31 19.74 19.14 17.71 15.91 14.45 13.56 11.96 10.24
 1.24  2.00  3.72  4.89  4.95  4.94  4.96  4.96  4.92  4.94  4.94  4.78
traj-13:
24.54 24.29 23.96 23.88 23.87 23.78 23.69 23.60 23.58 23.56 23.49 23.50 23.44 23.31 22.99 22.99 22.76 21.23 19.48 18.02 16.25 14.51 13.14 12.26 10.35  9.54  7.65  7.35  8.72
 0.59  1.56  3.22  4.78  6.60  7.07  8.86 10.52 10.88 12.81 14.79 16.35 16.87 18.70 20.65 22.60 23.65 24.50 24.77 24.67 24.56 24.49 24.43 24.37 24.56 24.71 24.64 24.65 23.55
traj-14:
22.56 22.83 23.24 23.42 23.96 24.09 24.19 24.23 24.27 24.25 25.42 27.18 29.03 30.58 31.10 31.10 31.10 31.14 31.14 31.16 31.23 31.18 31.91 32.52
 0.51  1.77  3.54  4.10  5.97  7.05  9.04 10.56 12.12 13.38 14.42 14.78 15.09 15.70 16.50 18.34 19.43 21.42 21.72 23.44 25.16 26.32 27.73 29.49
traj-15:
22.90 22.81 22.42 22.32 20.68 20.11 18.13 16.40 14.69 13.83 12.31 10.83 10.02  8.36  6.69  5.71  4.36
 1.19  2.04  3.14  4.25  4.62  4.60  4.58  4.57  4.66  4.79  5.64  5.92  5.90  5.39  5.21  4.75  4.21
traj-16:
24.45 24.00 23.81 23.82 23.72 23.70 23.62 23.41 23.43 23.44 23.42 23.36 23.28 23.22 23.19 23.07 21.78 20.02 18.24 17.09 15.62 14.50 12.74 10.83  9.26  7.88
 1.41  2.88  4.48  6.37  8.31  9.20 10.96 12.43 13.62 15.44 17.33 18.59 20.38 21.96 22.57 23.97 24.66 24.54 24.38 24.32 24.25 24.19 23.73 23.35 22.78 22.35
traj-17:
24.28 23.88 23.71 23.83 23.83 23.86 23.93 24.08 24.35 26.07 27.20 28.54 30.23 31.03 31.08 31.12 31.32 31.51 31.62 32.15 32.46
 1.47  3.27  4.86  6.86  8.71  9.01 10.99 12.19 13.17 14.15 14.28 14.43 14.75 16.57 17.72 18.59 20.54 22.06 22.58 24.27 26.22
traj-18:
22.17 22.86 21.26 19.65 18.20 17.91 16.74 15.27 14.40 12.91 12.09
 1.78  3.36  4.29  4.18  4.51  4.57  4.75  4.88  4.87  4.82  5.36
traj-19:
24.08 24.06 24.03 24.02 24.00 23.87 23.76 24.00 23.87 23.35 23.04 23.03 23.01 23.08 23.52 23.02 21.58 20.14 18.66 16.93 15.39 15.00 14.37 13.88 12.28 11.35  9.57  8.28  6.55
 0.87  2.51  4.37  5.91  6.89  8.18  9.21 11.10 12.74 13.89 14.89 16.81 18.23 20.20 21.95 23.21 24.13 24.25 24.25 24.31 23.52 22.62 21.31 20.50 19.38 19.21 19.02 19.06 18.96
traj-20:
24.57 23.92 23.58 23.33 23.19 23.27 23.97 24.55 25.71 27.47 28.77 30.49 31.67 31.84 32.06 32.22
 1.81  3.64  5.59  7.29  8.80 10.72 12.43 14.22 14.28 14.18 14.04 14.09 15.58 16.50 18.48 19.60
traj-21:
23.63 23.30 23.06 21.37 19.62 18.19 16.44 15.57 13.81 12.47 11.41 11.01  9.22  7.65  5.74
 0.58  1.85  3.62  4.69  4.36  4.34  4.49  4.51  4.65  6.11  7.30  7.13  7.27  7.50  7.55
traj-22:
23.78 23.77 23.72 23.69 23.48 23.40 23.29 23.15 23.17 23.10 23.15 23.49 23.25 22.82 22.64 22.47 22.24 21.01 20.41 18.65 17.49 16.33 15.20 14.93 13.71 13.27 13.18
 1.72  2.74  4.10  5.45  7.33  8.30  9.34 10.95 12.20 13.46 14.21 16.18 18.00 19.94 20.72 21.77 22.98 24.16 24.15 24.16 24.15 24.11 24.12 24.00 22.53 20.62 18.91
traj-23:
24.31 24.08 24.00 23.88 23.77 23.52 23.55 23.82 24.30 25.82 26.58 28.40 30.35 31.05 31.42
 1.23  2.18  3.75  5.10  6.71  7.99  9.84 11.52 13.31 14.53 14.97 15.58 15.69 16.89 18.09
traj-24:
23.96 23.29 22.28 21.07 19.36 17.63 15.88 15.58 13.66 12.94 12.15 11.51 10.60
 1.20  1.96  3.41  4.03  4.20  4.41  4.54  4.56  4.85  5.32  6.44  7.35  8.47
traj-25:
23.02 22.94 22.82 22.80 22.75 22.80 22.83 22.88 22.84 22.93 23.03 23.08 23.13 22.16 22.13 21.03 19.49 18.11 16.55 14.80 13.00 12.25
 1.97  3.06  4.95  6.64  8.63 10.20 11.52 13.39 15.24 16.72 18.60 19.61 21.34 23.09 23.22 24.25 24.29 24.27 24.12 23.53 22.87 22.40
traj-26:
23.53 22.97 22.83 23.04 23.34 23.15 23.09 23.68 24.68 25.04 26.55 26.85 28.53 30.14 31.68 32.69
 1.53  3.36  5.16  7.14  8.67 10.51 10.99 12.85 14.17 14.93 15.92 15.88 15.59 15.21 14.12 12.79
traj-27:
23.09 22.70 22.64 21.06 20.47 18.70 17.54 15.79 13.87 13.45 12.24 11.77 10.91  9.06  7.27
 1.59  3.49  4.00  4.97  4.95  4.88  4.85  4.75  4.86  5.00  5.65  5.97  6.21  6.43  6.27
traj-28:
22.37 22.22 22.45 22.69 22.98 22.78 22.71 23.02 23.21 23.50 23.73 23.96 24.10 24.17 23.07 21.34 20.74 19.00 18.70 16.96 15.33 14.54 12.96 11.41 10.65
 1.85  3.22  5.12  6.54  8.11  9.45 11.02 12.92 14.17 16.12 17.34 19.18 21.04 22.22 23.80 24.12 24.15 24.24 24.25 24.33 23.40 22.75 21.79 20.57 20.14
traj-29:
24.24 24.34 24.42 24.33 24.05 23.75 23.57 23.35 24.39 24.46 24.75 26.39 27.20 28.80 30.01 31.19 32.15
 0.61  1.45  3.22  4.10  5.78  7.65  8.66 10.39 11.90 12.19 13.30 14.22 14.22 14.43 14.47 13.31 11.61
traj-30:
23.34 22.91 22.12 20.45 19.57 18.09 16.34 15.50 13.74 12.58 11.84 10.22  8.49  8.01
 1.59  2.24  4.00  4.43  4.50  4.65  4.82  4.86  4.91  6.10  6.73  5.97  5.06  4.91
traj-31:
23.45 23.57 23.85 23.86 23.93 24.02 23.94 24.04 23.97 24.30 24.57 24.19 23.95 23.68 23.41 21.72 20.01 19.14 17.67 16.80 15.79 14.99 14.00 13.90 13.83
 1.13  2.34  4.18  5.71  7.42  8.57 10.44 11.03 12.94 14.62 16.57 18.40 20.35 22.31 23.99 24.48 24.51 24.41 24.21 24.11 23.39 22.71 21.31 19.64 18.40
traj-32:
24.68 24.23 23.51 23.25 23.06 23.05 22.64 22.55 22.39 23.11 23.65 24.73 25.66 26.77 28.77 30.23 31.99 33.03 34.06 34.20 34.32 34.54 34.63
 1.27  1.66  3.39  4.57  6.36  7.53  8.56  9.02 10.09 11.35 11.89 13.56 14.07 14.07 14.06 14.06 14.63 15.16 16.63 17.50 18.69 20.45 21.34
traj-33:
22.84 22.80 22.14 20.29 18.55 17.11 15.37 13.42 12.93 11.81 11.61 11.89
 1.75  2.01  3.85  4.45  4.63  4.77  4.79  4.85  5.71  7.26  9.14  9.67
traj-34:
24.54 24.30 24.12 23.87 23.84 23.56 23.43 23.21 23.16 23.13 23.09 23.08 22.87 22.78 22.59 22.39 22.13 22.03 20.37 18.89 17.13 15.96 14.19 12.79 11.53  9.93  8.51  6.99  6.36  4.86
 0.48  1.68  2.90  4.87  5.30  6.72  8.28 10.24 11.36 13.18 15.17 15.44 17.18 18.16 19.83 21.16 22.67 23.26 24.08 24.13 24.15 24.20 23.56 22.74 22.02 21.23 20.53 19.88 19.57 18.98
traj-35:
22.75 22.83 23.24 23.70 23.99 24.22 24.38 24.28 23.89 23.78 24.57 26.35 26.99 28.34 30.26 31.08 31.21 32.35 32.53
 1.79  2.08  3.87  5.75  7.29  8.13  9.87 10.66 12.53 14.37 14.58 14.43 14.57 14.85 15.19 16.73 17.00 18.28 18.52
traj-36:
23.94 23.86 23.20 22.60 20.95 19.11 18.51 16.73 15.28 13.53 12.72 12.73
 1.14  1.44  3.10  4.17  4.74  4.81  4.84  4.90  4.84  4.89  5.32  7.03
traj-37:
24.67 23.92 23.80 23.92 23.40 23.23 23.25 23.30 23.26 23.42 23.27 23.42 23.44 23.46 23.09 21.73 19.97 18.19 17.04 16.18 14.79 13.65 12.08 11.44  9.80  8.51  7.70
 1.22  2.70  4.50  6.11  7.92  8.43  9.57 11.48 13.35 15.22 16.55 18.49 19.40 21.18 23.10 24.29 24.21 24.14 24.10 24.07 23.44 22.83 22.09 21.56 20.80 19.69 18.82
traj-38:
23.42 23.39 23.45 23.61 23.87 24.08 23.85 23.82 24.45 25.50 27.38 28.50 30.18 31.15 31.16 31.16 31.18 31.13 31.12 31.14 31.35 32.06 32.73 33.16
 1.80  3.41  4.50  6.48  7.48  8.61 10.38 12.05 13.92 14.65 14.85 15.08 15.42 16.91 17.21 19.09 20.46 21.60 23.07 24.82 26.45 28.29 29.51 30.30
traj-39:
23.52 23.00 22.65 20.73 19.29 18.42 16.70 15.84 14.05 13.75 12.93 12.96 12.58 11.37 10.31  9.16
 1.15  2.61  4.53  4.33  4.40  4.42  4.40  4.35  4.44  4.46  5.90  6.20  7.91  9.21  9.34  9.54
traj-40:
22.45 22.52 22.99 23.36 23.57 23.76 23.80 23.91 24.06 24.38 24.65 24.43 24.33 24.09 23.05 22.73 22.76 21.87 20.19 18.72 17.57 15.83 14.66 13.94 12.54
 1.92  2.21  4.03  5.46  6.68  7.72  9.28 10.89 12.69 14.01 15.97 17.74 18.31 19.75 21.26 21.73 23.65 24.16 24.51 24.45 24.32 24.13 23.68 23.36 22.76
traj-41:
23.57 23.23 22.98 22.90 23.70 24.26 24.46 24.55 24.68 26.42 28.34 30.30 31.88 33.38 34.18 34.24 34.57 34.85
 1.46  3.33  4.41  6.24  8.05  9.70 11.67 13.44 14.16 14.88 14.99 15.09 16.26 15.96 14.35 13.75 12.00 10.55
traj-42:
24.01 23.30 22.05 22.03 21.75 20.03 19.46 17.71 16.55 14.80 13.92 12.19 11.69 10.14  8.89  7.08  5.72  4.46
 1.10  1.59  2.80  3.33  4.46  4.52  4.48  4.53  4.61  4.74  4.92  5.81  6.41  6.91  7.14  6.64  5.60  4.51
traj-43:
23.35 23.38 23.60 23.80 23.90 23.63 23.36 23.25 23.82 24.15 23.72 23.49 23.07 23.08 22.78 22.20 22.05 20.34 18.90 17.13 16.54 14.91 13.37 11.54  9.78
 0.82  1.85  2.92  4.59  6.55  8.43 10.21 11.00 12.60 14.44 16.06 17.36 19.21 20.14 21.97 22.47 23.31 24.16 24.07 24.09 24.08 23.44 22.86 22.20 22.27
traj-44:
24.02 23.44 22.70 22.65 23.05 23.35 23.53 24.11 24.28 25.05 25.90 25.47 26.92 28.37 30.13 31.44 31.93 32.68 32.77
 1.59  2.43  3.77  5.10  6.59  7.81  8.64 10.37 12.35 14.09 14.57 15.88 15.94 15.98 15.99 14.72 13.60 11.83 11.54
traj-45:
24.79 24.25 22.80 22.07 20.45 19.85 18.09 16.61 15.19 13.73 12.60 11.74 11.12  9.69  8.47  6.71  6.24  4.56
 1.11  2.06  3.42  3.81  4.55  4.55  4.66  4.61  4.62  4.57  5.39  6.68  7.66  8.94  9.39  8.58  8.62  7.90
traj-46:
22.97 23.10 23.43 23.48 23.33 23.15 22.92 22.85 22.64 23.07 23.13 23.06 22.76 22.69 22.65 22.39 22.81 22.78 21.29 19.84 19.26 17.52 16.03 15.76 14.53 14.01 15.04 15.29
 1.94  2.49  4.37  6.36  7.09  8.39  9.86 10.15 10.65 12.56 12.95 14.88 16.78 17.65 18.88 19.96 21.67 23.19 24.06 24.19 24.19 24.14 24.10 23.96 22.74 21.73 20.18 19.16
traj-47:
23.63 23.56 23.50 23.49 24.02 23.81 23.14 22.17 22.85 23.58 24.42 26.09 28.07 29.78 31.41 32.18
 1.86  3.28  4.72  6.52  8.16  9.56 11.24 12.17 13.96 15.54 15.60 15.46 15.38 15.32 15.88 16.16
traj-48:
22.15 22.32 22.81 21.56 20.98 19.27 17.54 16.37 15.50 14.05 12.86 11.40  9.55  7.71  7.14  5.83
 0.94  1.79  3.59  4.76  4.72  4.69  4.69  4.69  4.70  4.74  4.79  5.76  6.04  5.70  5.54  4.81
traj-49:
23.93 23.80 23.71 23.55 23.43 23.35 23.22 23.13 23.06 22.93 22.74 22.65 22.53 22.38 22.31 22.12 22.09 20.47 18.98 17.78 16.01 15.42 14.74 13.28 12.05 10.39  8.83
 0.74  2.72  3.94  5.50  6.97  7.81  9.65 11.51 12.73 13.67 15.45 16.65 18.40 20.28 21.02 22.99 23.25 24.06 24.04 24.02 24.07 24.07 23.83 22.85 22.26 21.40 20.28
traj-50:
24.27 23.43 23.09 23.33 23.67 23.95 23.90 23.88 23.79 24.10 24.49 25.97 26.27 28.13 28.43 30.20 31.10
 0.88  1.74  2.87  4.69  6.40  8.21  8.91 10.60 11.37 13.10 13.99 15.23 15.19 14.73 14.72 14.52 13.47
traj-51:
23.49 23.20 22.24 22.34 20.68 19.52 18.66 16.94 16.06 14.60 13.14 11.61 10.24
 1.88  1.96  3.45  5.15  4.42  4.47  4.47  4.59  4.58  4.57  4.56  5.05  4.74
traj-52:
23.41 23.51 23.66 23.61 23.69 23.78 23.80 23.91 23.96 24.04 24.28 24.02 23.89 23.68 23.54 23.17 23.01 22.07 21.24 19.42 17.71 15.92 14.41 13.07 11.50 10.59  8.69  7.54
 0.69  1.64  3.34  5.26  6.22  7.46  8.00  9.85 10.72 11.85 13.70 15.56 16.13 17.97 19.60 21.07 21.81 23.39 24.09 24.15 24.17 24.12 23.20 22.37 21.51 21.21 20.58 20.26
traj-53:
22.82 23.06 23.10 23.20 23.10 23.04 22.99 22.88 23.05 23.02 23.86 25.79 27.19 28.01 29.42 31.17 31.54 32.41
 1.95  2.60  4.00  4.96  6.77  8.10  8.89 10.63 12.17 13.88 15.67 15.82 15.82 15.70 15.60 16.28 16.71 17.90
traj-54:
23.84 23.04 22.22 20.45 18.69 17.23 16.37 14.61 13.48 12.30 10.89  9.02  7.71  6.78  5.37
 1.42  2.51  3.80  4.22  4.50  4.69  4.77  4.72  4.49  5.78  6.71  7.05  7.37  7.51  7.78
traj-55:
23.96 23.85 23.74 23.55 23.35 23.25 23.09 23.03 22.94 22.80 22.80 22.79 23.10 23.34 23.49 23.50 22.08 20.34 18.61 16.73 15.24 14.06 12.70 11.56
 1.83  3.73  4.43  6.31  7.21  8.95 10.92 11.62 13.56 15.17 16.75 17.17 18.87 20.59 21.51 23.46 23.90 24.04 24.04 24.13 23.21 22.27 22.17 22.03
traj-56:
23.36 23.11 23.34 23.68 23.76 23.85 23.97 24.04 24.29 25.06 26.67 28.63 29.77 31.10 33.05 34.19
 2.00  3.67  4.67  5.74  7.13  8.39 10.25 11.91 13.36 14.81 15.84 15.56 15.39 15.15 14.79 13.47
traj-57:
23.61 23.00 22.37 21.77 20.31 18.84 17.68 15.95 14.48 12.73 11.08  9.25  7.93
 1.55  2.62  4.37  4.41  4.46  4.49  4.51  4.57  4.67  4.86  4.75  4.98  4.06
traj-58:
23.13 23.34 23.41 23.44 23.49 23.30 23.30 23.27 23.19 23.10 23.09 23.42 23.11 22.80 22.94 23.84 23.31 22.25 22.01 20.31 19.72 17.98 16.51 15.03 14.75 13.39 11.73 10.91  9.81  9.65
 1.49  2.97  4.97  5.72  7.54  8.67  9.99 11.66 12.47 13.97 15.75 16.24 16.78 18.67 19.36 20.86 21.73 23.40 23.58 24.02 24.04 24.08 24.13 24.04 23.95 23.77 23.40 22.49 21.16 19.57
traj-59:
23.55 24.04 24.15 24.03 23.88 23.82 23.37 22.21 23.12 23.23 24.80 26.52 28.23 29.90 31.80
 0.89  2.26  4.03  5.99  7.35  9.22 11.08 12.65 14.25 14.53 15.68 15.73 15.79 15.63 15.57
traj-60:
23.47 23.55 23.58 22.11 20.50 18.81 17.65 16.51 15.64 13.90 12.40 11.94 10.26  9.17  7.87  6.67  5.70
 0.99  2.56  4.26  5.20  4.65  4.69  4.75  4.81  4.81  4.94  5.91  6.90  7.43  7.88  7.80  7.81  7.85
traj-61:
24.03 24.03 24.04 24.07 23.91 23.94 23.86 23.65 23.70 23.60 23.40 23.15 23.13 23.01 22.81 22.77 22.32 22.04 20.41 19.22 17.43 16.12 15.86 15.03 14.70 14.39 12.86
 1.02  1.32  3.17  4.67  6.65  7.58  9.38 10.74 11.88 13.55 15.29 17.09 17.73 19.40 21.19 21.78 22.19 23.37 24.14 24.05 24.04 24.00 23.87 22.13 21.61 19.91 19.10
traj-62:
22.11 22.34 22.74 22.89 23.06 23.27 23.16 23.06 23.08 23.05 22.64 24.56 26.03 27.44 28.02 29.70 30.69 31.04 31.13 31.68 32.09 32.68 33.32 33.91 34.46 34.72 34.89
 0.76  0.95  2.72  3.62  5.24  7.00  7.76  9.00 10.50 12.49 14.09 14.65 14.67 15.56 15.47 15.34 15.82 16.44 17.49 18.74 20.15 21.98 23.44 24.77 26.46 28.22 29.39
traj-63:
23.25 22.39 21.17 20.35 18.87 18.30 16.54 15.07 13.91 12.49 12.27 11.19 10.57  8.66  7.96  6.52  5.38  4.07
 1.74  3.34  4.29  4.40  4.58  4.63  4.75  4.86  4.95  5.83  6.38  7.97  8.42  8.66  8.59  8.58  8.57  8.64
traj-64:
22.16 22.11 22.20 22.30 22.38 22.44 22.63 22.91 23.06 23.23 23.42 22.83 22.65 22.53 22.29 22.14 20.60 19.73 17.94 16.47 15.31 13.60 12.11 11.16 10.11
 1.82  3.60  5.34  6.41  8.36 10.12 11.26 12.82 13.84 15.35 16.85 18.54 19.38 20.53 21.81 23.24 24.01 24.02 24.06 24.16 24.18 23.62 22.36 21.64 20.65
traj-65:
22.52 22.61 22.83 23.21 23.61 23.64 23.58 23.34 23.43 23.71 23.92 25.72 26.29 28.25 29.05 30.23 31.08 31.13 31.13 31.19 31.13 31.08 31.15 31.15 31.26
 0.95  1.90  3.48  5.42  7.34  8.99  9.51 11.42 11.93 13.49 15.17 14.91 14.83 14.96 15.07 15.53 17.19 18.98 19.57 21.44 23.30 24.19 25.96 27.72 28.59
traj-66:
24.10 23.86 22.49 21.69 21.12 19.39 18.50 17.32 16.45 14.96 13.15 12.41 10.82  9.05  7.97  6.23  5.93
 1.71  3.04  4.28  4.57  4.74  4.92  4.92  4.91  4.94  4.97  4.94  5.44  6.40  5.80  5.62  5.56  5.52
traj-67:
23.30 23.24 23.20 23.14 23.12 23.16 23.06 23.07 23.13 23.14 23.18 23.23 23.13 23.14 23.40 22.77 21.21 19.72 19.13 17.63 16.45 15.61 13.85 12.21 11.49  9.88
 1.29  2.91  4.43  5.50  6.90  8.73 10.40 10.99 12.97 14.23 16.01 17.05 18.48 19.98 21.91 23.46 24.09 24.06 24.04 24.04 24.06 23.53 23.22 22.82 22.65 22.30
traj-68:
23.12 23.55 23.99 23.83 23.40 22.91 23.53 24.15 24.44 24.57 26.46 27.04 28.95 29.22 30.85 31.25 31.95 32.15 32.90
 1.18  2.25  3.65  5.55  7.46  9.11 10.83 12.67 14.15 14.97 15.52 15.60 15.53 15.40 14.31 13.65 12.23 11.75 10.03
traj-69:
24.01 23.23 22.20 20.57 19.70 18.81 17.39 15.65 13.90 12.19 11.40 10.28
 0.74  2.24  3.34  4.15  4.33  4.48  4.72  4.87  4.91  5.89  6.93  8.46
traj-70:
23.43 23.57 23.86 23.91 23.86 23.69 23.73 23.67 23.95 23.77 23.77 23.62 23.31 23.23 22.99 22.98 23.18 23.03 21.61 20.17 18.42 16.67 16.37 14.79 13.78 12.19 10.70  9.30  7.61  6.65  5.17
 0.53  1.08  2.48  4.07  4.60  6.31  7.73  9.72 11.11 12.61 13.23 15.18 17.03 17.62 19.47 21.19 22.05 23.96 24.30 24.27 24.24 24.22 24.22 23.78 22.56 21.89 21.34 20.68 19.93 19.57 18.83
traj-71:
24.08 23.61 23.29 23.33 23.54 23.22 23.05 22.90 23.34 24.35 25.25 26.83 28.62 30.26 31.15 31.15 31.11 31.17 31.17 31.15 31.12 32.31 32.89 33.59
 0.82  2.09  3.95  5.52  7.06  8.95 10.74 11.11 11.51 13.15 14.51 14.90 15.47 15.43 16.99 18.97 20.08 22.02 22.32 24.07 25.53 27.13 28.76 29.49
traj-72:
22.05 22.34 23.04 21.27 19.63 17.93 16.16 15.57 13.83 12.93 12.59 11.84 11.08  9.15  7.31  5.56  5.06
 1.20  2.03  3.91  4.62  4.42  4.40  4.62  4.70  4.88  6.62  7.44  9.02  9.66 10.11  9.41  8.90  8.57
traj-73:
22.95 23.08 23.29 23.36 23.42 23.43 23.42 23.21 23.13 23.04 22.87 22.72 23.10 22.61 22.41 22.12 21.07 19.31 17.54 16.21 14.86 14.32 12.63 10.76  9.49
 1.48  2.35  3.65  4.93  6.15  7.24  8.76 10.64 11.99 13.91 15.89 17.67 19.61 20.56 22.31 23.14 24.01 24.07 24.09 24.08 23.64 23.79 23.81 23.75 23.74
traj-74:
23.72 23.40 22.67 22.49 22.68 23.70 23.47 23.26 23.61 24.13 25.70 25.98 27.39 28.99 29.73
 1.43  1.93  3.65  5.53  5.76  7.46  9.21 10.92 11.98 13.41 14.58 14.48 14.29 14.66 14.79
traj-75:
24.72 24.41 22.95 21.59 19.68 18.21 17.34 16.17 15.27 13.54 12.41 12.20 11.80 10.55  9.12  7.17  6.88  5.13
 1.89  2.67  3.67  4.43  4.67  4.77  4.79  4.82  4.83  4.90  6.36  7.78  8.62  9.27  9.60  9.86  9.94 10.19
traj-76:
22.42 22.55 22.39 22.25 22.24 22.31 22.43 22.44 22.42 22.35 22.30 22.35 22.28 22.24 22.17 22.24 22.17 22.21 20.67 20.12 18.37 16.59 15.13 14.49 13.01 12.17 11.10 10.10  9.24
 1.90  2.54  4.25  5.84  6.74  7.73  9.14 10.67 11.42 13.03 13.72 15.38 17.10 18.05 19.75 20.44 21.56 23.53 24.13 24.15 24.10 24.15 24.18 24.16 23.16 22.45 21.20 20.07 19.32
traj-77:
23.54 23.84 24.00 24.00 23.69 22.49 22.36 22.91 22.64 22.44 23.38 25.13 26.75 27.05 28.74 29.04 30.93
 1.09  2.89  4.27  5.44  7.02  8.15  9.45 10.87 12.71 13.63 14.99 15.64 15.11 15.06 14.56 14.52 14.00
traj-78:
24.67 23.75 22.22 20.42 18.93 17.17 16.31 14.59 13.25 11.66 10.54 10.13  9.44  7.97
 1.90  2.63  3.92  4.69  4.78  4.87  4.88  4.68  4.53  4.36  5.86  6.85  8.70 10.01
traj-79:
22.04 22.24 22.65 22.81 22.92 22.94 22.89 23.00 23.11 23.34 23.19 23.16 22.96 22.76 22.40 21.20 19.47 18.02 16.83 15.10 14.81 14.47 14.74 14.76 14.95
 1.64  3.50  5.43  7.33  9.04 10.27 10.77 12.00 13.73 15.11 16.87 18.56 20.12 21.83 23.28 24.24 24.43 24.41 24.39 24.03 23.94 22.77 21.19 20.24 18.94
traj-80:
24.13 24.16 24.06 23.82 23.84 23.93 23.79 23.91 24.00 24.46 24.66 26.52 27.62 28.78 29.87 31.80 33.75
 0.83  2.22  4.21  5.04  6.63  8.33 10.01 11.76 12.79 14.49 15.94 15.43 15.02 14.37 14.46 14.61 14.49
traj-81:
23.87 23.73 22.85 21.74 20.82 19.40 18.80 17.07 16.23 15.07 13.92 12.60 11.76 11.22 10.04  8.22
 1.88  2.40  4.17  4.23  4.34  4.49  4.56  4.60  4.63  4.70  4.74  5.64  7.04  8.07  9.38 10.07
traj-82:
22.88 23.13 23.25 23.49 23.61 23.69 24.09 24.19 24.16 23.84 23.61 23.45 23.22 23.06 22.20 22.03 20.22 18.46 16.69 14.99 14.03 12.46 10.74  9.49
 1.73  3.29  3.97  5.32  5.89  7.89  9.67 11.41 12.58 14.28 15.78 17.29 18.40 20.25 22.06 23.54 24.13 24.07 24.04 23.45 22.85 22.19 21.33 21.24
traj-83:
23.04 22.94 22.95 23.09 23.16 23.22 23.33 23.60 24.08 24.30 24.57 26.36 26.95 28.38 30.09 31.11 31.65 32.31 33.27 33.59 33.86
 0.77  2.71  3.00  4.82  6.00  7.77  9.39 10.62 12.43 13.57 14.92 15.78 15.77 15.82 15.82 17.31 18.39 20.20 21.46 22.01 22.13
traj-84:
24.66 23.44 23.28 22.23 20.35 19.16 17.98 16.03 14.88 12.95 11.89 11.30
 1.61  2.92  3.17  4.14  4.74  4.75  4.75  4.74  4.62  4.80  6.23  7.60
traj-85:
22.23 22.35 22.43 22.49 22.58 22.66 22.85 22.96 23.15 23.38 23.50 23.67 23.97 24.22 24.10 23.51 23.18 22.15 21.59 19.88 18.41 17.54 16.07 15.11 13.42 12.17
 1.42  2.13  3.75  4.61  5.79  7.72  9.14 10.06 11.93 13.43 14.95 15.91 17.54 19.08 20.39 21.58 22.22 23.89 24.00 24.19 24.14 24.11 24.03 23.40 22.37 21.50
traj-86:
23.03 22.63 22.84 23.06 23.15 22.43 22.29 22.49 22.87 23.20 25.08 25.54 27.39 28.37 29.81 31.04 31.21
 0.74  2.63  4.48  5.87  7.69  9.51 11.41 11.96 13.38 14.51 14.42 14.56 14.77 14.82 14.92 13.41 12.76
traj-87:
22.38 22.79 21.27 19.29 17.54 16.37 15.19 13.49 12.88 11.98 10.46  8.72  8.24
 1.78  3.47  4.33  4.24  4.42  4.50  4.53  4.80  5.49  6.21  7.04  8.01  8.31
traj-88:
24.18 24.33 24.22 23.97 23.83 23.63 23.56 23.42 23.26 23.63 23.60 23.47 23.52 23.27 23.20 22.94 22.64 22.10 20.21 19.92 18.15 16.59 14.81 13.48
 1.22  2.09  4.08  5.89  7.15  9.06  9.92 11.47 12.64 14.44 16.12 16.92 17.52 19.47 19.83 21.66 23.16 23.37 24.02 24.05 24.14 24.01 23.39 23.28
traj-89:
23.16 23.37 23.72 24.13 24.14 24.17 24.15 23.95 23.86 24.00 25.28 25.81 27.52 28.95 30.89 31.76 33.71 34.35 34.45 34.54 34.69 34.75
 0.91  1.76  3.18  4.99  6.40  8.24  8.54 10.52 12.34 13.17 14.08 14.11 14.19 14.30 14.27 14.09 13.95 15.44 16.62 17.50 19.26 20.15
traj-90:
24.75 23.52 22.87 21.47 19.68 17.95 16.22 14.47 13.00 12.12
 1.71  2.85  3.44  4.59  4.35  4.50  4.62  4.52  4.38  5.04
traj-91:
22.47 23.40 24.37 24.35 24.24 24.13 23.91 23.66 23.53 23.59 23.52 23.51 23.63 23.45 22.77 22.12 20.36 19.76 18.00 16.21 15.01 14.20 12.30 10.48
 0.57  2.07  3.68  5.44  6.84  8.35 10.15 12.09 13.27 14.85 15.89 17.74 19.06 21.02 22.71 23.35 24.11 24.13 24.08 24.11 24.15 23.93 23.43 23.07
traj-92:
22.24 22.38 22.64 22.74 23.12 23.18 23.49 23.50 23.57 23.97 25.42 26.84 28.42 30.38 31.54 32.40
 1.35  1.92  3.44  4.00  5.95  6.74  8.68  9.18 11.16 12.80 14.02 14.20 14.50 14.72 14.97 15.16
traj-93:
23.89 23.04 22.78 22.68 21.13 19.38 17.63 17.06 15.32 13.79 12.07 10.51  9.11  7.47
 0.65  1.40  2.78  4.04  4.92  4.86  4.84  4.83  4.85  4.68  5.68  6.68  7.74  7.81
traj-94:
23.53 23.54 23.49 23.49 23.46 23.35 23.35 23.38 23.33 23.25 23.25 23.09 22.95 22.96 22.96 22.66 20.96 19.50 17.76 17.16 15.47 15.23 15.41
 0.77  2.23  3.84  5.29  6.45  8.26  9.68 10.96 12.50 14.36 15.42 17.18 19.02 20.71 21.78 23.21 24.04 24.05 24.04 24.04 24.16 23.99 22.98
traj-95:
23.91 24.01 24.05 23.89 23.58 23.54 23.59 23.60 23.70 23.67 23.43 23.88 25.27 26.68 28.67 30.35 31.22 31.21 31.44 31.85 32.14 33.37 34.00
 1.57  2.15  3.62  5.04  6.91  7.07  9.02 10.31 11.09 12.74 12.92 14.74 14.95 15.50 15.42 15.47 17.13 17.95 19.61 21.28 21.80 23.34 24.29
traj-96:
24.02 23.81 23.66 23.44 21.83 20.29 19.83 18.08 16.34 14.85 13.97 12.40 10.74  9.83  8.74  6.94  6.64
 1.12  1.96  3.11  4.78  4.71  4.27  4.23  4.24  4.48  4.69  4.82  5.80  6.70  6.91  7.37  7.85  7.90
traj-97:
22.39 22.44 22.77 23.12 23.03 23.07 22.38 22.49 22.92 22.84 22.62 22.55 22.62 22.78 22.77 22.63 21.29 19.60 18.70 16.97 15.77 14.99 14.27 12.38 11.75  9.90  8.13
 0.99  1.71  3.63  5.60  6.90  8.49 10.36 10.86 12.80 13.83 15.16 17.15 18.94 20.85 22.24 23.00 24.06 24.25 24.20 24.10 23.37 21.91 21.83 21.48 21.42 21.38 21.30
traj-98:
22.16 23.34 23.70 24.05 23.81 23.59 23.50 23.66 23.45 24.41 26.38 28.17 29.60 31.42 32.16
 0.68  2.26  3.39  5.34  7.04  7.56  9.45 11.22 12.44 14.08 14.36 14.22 14.23 13.85 12.83
traj-99:
23.57 22.88 21.41 20.82 19.05 18.76 17.00 15.52 13.67 12.80 10.94
 1.83  3.14  4.35  4.42  4.72  4.76  4.93  4.80  4.90  4.91  4.87
traj-100:
24.59 24.41 24.29 24.10 23.93 23.71 23.52 23.38 23.32 23.20 23.05 22.89 23.22 22.73 22.46 22.11 21.48 19.59 18.10 16.37 15.77 14.35 13.10 11.89 10.88  9.42  7.99  6.64  5.74  4.78
 0.71  2.41  3.82  5.70  7.04  8.90 10.61 12.30 14.07 15.62 17.10 18.54 20.47 21.44 22.70 23.69 24.25 24.52 24.44 24.32 24.30 23.43 22.52 21.21 20.17 20.12 20.66 21.76 22.57 23.37
traj-101:
24.45 23.94 23.36 23.46 23.55 23.52 23.41 23.36 23.72 24.56 25.41 26.91 28.65 30.22 31.20 31.63 32.76
 0.72  1.88  3.64  5.54  7.34  8.78 10.74 12.32 13.12 14.42 14.61 14.52 14.77 14.93 16.41 17.31 18.57
traj-102:
24.23 23.48 22.57 20.91 19.19 17.46 15.73 14.59 13.22 12.35 11.81 11.58 11.34
 1.47  2.56  3.98  4.59  4.68  4.72  4.58  4.49  4.79  5.78  6.96  8.76  9.46
traj-103:
23.36 23.41 23.28 22.97 22.89 22.76 22.70 22.54 22.53 22.63 22.52 22.50 22.51 22.51 22.45 22.37 22.20 22.28 21.61 19.86 19.30 17.52 16.93 15.46 14.27 12.42 11.01  9.08  7.12  5.40  5.94  7.61  9.36 11.01 11.89 13.42 14.82
 0.56  1.01  2.79  4.43  5.90  7.31  8.77 10.62 12.27 13.38 15.10 16.41 17.43 17.97 19.23 20.09 21.88 23.64 24.11 24.15 24.14 24.10 24.09 24.16 24.26 24.49 24.60 24.71 24.79 24.82 24.31 23.57 22.65 21.65 21.05 20.14 19.15
traj-104:
24.10 24.16 24.04 23.90 23.63 23.40 23.22 23.17 22.58 22.56 23.03 24.79 26.25 27.41 29.09 30.65 31.70 32.23 33.09 33.47
 1.25  2.21  4.16  5.82  7.32  8.80 10.03 11.33 12.96 13.57 14.58 15.52 15.60 15.67 15.48 15.09 14.07 13.20 11.51 10.71
traj-105:
22.02 22.59 22.23 20.64 19.47 18.31 16.58 14.84 13.67 11.90 10.54  8.77  8.17  7.11  6.58
 0.58  1.97  3.84  4.45  4.48  4.54  4.57  4.58  4.61  4.75  5.56  6.26  7.00  8.52  9.14
traj-106:
23.97 23.91 23.90 23.82 23.92 23.85 23.81 23.75 23.71 23.54 23.44 23.58 23.51 23.31 23.15 23.09 22.99 22.07 20.28 18.54 17.06 15.87 14.97 14.42 12.96 11.26 10.27  8.84  6.88  5.25
 1.48  2.88  4.31  5.91  6.49  8.45  9.14 10.78 11.14 13.04 13.52 14.22 15.94 17.49 19.43 21.24 22.42 23.32 24.02 24.04 24.03 24.04 24.04 23.88 23.93 23.40 23.13 23.06 22.82 22.70
traj-107:
22.38 22.79 23.11 23.30 23.47 23.42 23.53 23.53 23.59 24.02 24.29 25.09 26.59 28.25 30.23 31.17 31.08 31.04 31.09 31.17 31.13 31.09 31.11 31.10
 1.10  2.53  3.63  4.77  5.01  6.39  7.19  8.68 10.57 12.20 13.60 15.00 15.67 15.45 15.56 17.07 18.01 19.34 21.23 22.96 24.49 26.30 28.27 28.57
traj-108:
22.58 23.18 22.16 20.29 18.56 17.08 15.64 13.90 12.57 11.24 10.98
 1.61  2.43  3.94  4.27  4.40  4.48  4.60  4.73  5.44  5.95  6.10
traj-109:
22.14 22.62 22.93 23.29 23.30 23.41 23.34 23.24 23.13 23.17 23.27 23.20 23.34 22.65 22.42 21.08 19.32 18.14 16.38 15.22 14.64 12.80 10.84
 1.57  3.49  4.80  6.39  7.95  9.62 10.52 12.52 14.42 15.83 17.39 18.57 20.18 21.66 22.93 24.24 24.28 24.19 24.12 24.05 23.89 23.68 23.93
traj-110:
24.34 24.06 23.91 23.82 23.69 23.50 23.40 23.24 22.97 23.58 24.75 26.47 27.66 29.62 30.47 31.03 31.21 32.01
 1.08  2.14  3.87  5.00  6.35  8.10  9.30 10.08 11.45 13.06 14.59 15.13 15.06 14.70 14.29 12.48 11.72  9.99
traj-111:
23.19 23.06 22.24 21.12 19.68 17.92 16.47 15.32 14.15 13.25 12.07 10.79  9.19  7.21  5.73  4.68
 1.79  2.25  3.57  4.34  4.43  4.52  4.63  4.68  4.75  4.80  4.97  6.42  7.10  7.17  8.15  9.11
traj-112:
23.71 23.68 23.67 23.59 23.48 23.39 23.38 23.33 23.32 23.19 22.87 22.92 22.92 23.03 22.98 22.77 21.39 19.93 18.15 17.56 16.09 14.33 12.97 11.27  9.63  7.89  6.04  4.15
 1.71  2.00  3.72  5.24  6.92  8.29 10.07 11.28 12.61 14.55 16.41 16.70 18.04 19.94 21.86 23.72 24.75 24.74 24.74 24.70 24.46 24.20 23.98 23.29 22.97 22.34 22.18 21.67
traj-113:
24.24 23.36 23.03 23.24 23.58 23.94 23.79 23.71 23.21 22.46 22.37 22.88 24.75 26.37 27.10 28.48 30.47 31.31 32.41 32.96 33.83
 0.48  1.73  3.69  4.56  6.29  7.86  8.96  9.87 10.91 11.37 12.84 14.17 14.20 14.26 14.19 14.22 14.33 14.02 12.63 11.46  9.87
traj-114:
22.13 22.08 21.16 19.38 17.62 16.76 15.61 13.68 13.49 12.15 11.86 11.11
 1.85  3.38  4.27  4.22  4.23  4.24  4.28  4.53  4.85  5.85  5.94  6.40
traj-115:
24.20 24.07 23.98 23.91 23.80 23.60 23.65 23.64 23.47 23.35 23.02 23.06 23.01 22.55 22.35 22.24 22.20 20.33 18.53 17.94 16.47 15.61 14.29 13.20 12.47 11.08  9.47
 1.30  2.45  3.90  4.61  6.16  8.10  9.87 10.87 12.13 13.72 15.31 16.65 17.37 19.09 20.73 21.62 23.54 24.04 24.04 24.04 24.09 23.64 22.32 21.63 21.22 20.49 19.62
traj-116:
22.47 22.35 22.34 22.61 23.13 23.50 23.93 23.93 23.97 23.93 25.40 26.82 28.30 30.15 31.81
 0.62  0.89  2.72  4.55  6.47  7.72  9.27 10.06 11.74 13.11 14.08 14.31 14.62 14.91 15.17
traj-117:
22.35 22.74 21.09 19.16 17.42 15.67 13.77 12.15 10.99  9.33  7.97  6.99  5.21
 1.87  3.77  4.67  4.57  4.53  4.60  4.80  5.75  6.47  7.42  7.30  7.24  6.95
traj-118:
22.56 22.65 22.83 22.86 23.04 23.02 23.03 23.39 23.68 23.89 23.49 23.11 22.71 22.54 22.29 22.17 22.82 21.09 19.13 17.37 16.20 15.94 14.07 13.03
 1.13  2.22  3.25  4.45  6.34  8.19  9.29 11.11 12.39 14.00 14.87 16.32 17.89 18.60 20.51 21.64 23.45 24.10 24.45 24.31 24.13 23.99 23.45 23.80
traj-119:
22.31 22.46 22.66 22.89 23.05 23.10 23.37 23.58 24.14 24.27 24.90 25.62 27.41 28.49 30.01 31.15 31.16 31.17 31.11 31.15 31.47 31.63 31.88 32.66
 0.60  1.73  3.16  4.71  5.99  7.17  9.01 10.50 12.24 12.51 14.16 14.49 14.97 14.87 15.77 17.20 18.36 19.21 20.97 22.69 24.56 25.73 27.66 28.77
traj-120:
22.27 22.60 22.69 21.56 19.88 19.02 17.29 15.82 14.41 13.25 11.49 10.15  8.94  7.08  5.37  4.44
 1.12  2.56  4.16  4.81  4.71  4.74  4.84  4.87  4.81  4.80  5.63  7.10  8.27  8.73  8.54  8.30
traj-121:
24.56 23.97 23.97 23.89 23.77 23.85 23.91 23.81 23.65 23.61 23.61 23.46 23.44 23.30 23.17 23.04 23.01 22.65 22.04 20.26 19.48 17.92 16.23 14.95 13.38 12.09 11.48 10.28  8.75  8.30
 1.23  2.66  3.16  5.15  5.68  7.37  9.20 10.51 12.44 13.52 13.55 15.19 15.84 17.31 18.48 19.47 20.93 22.02 23.33 24.12 24.11 24.13 24.15 23.52 22.35 21.41 20.98 20.12 19.02 18.67
traj-122:
23.53 23.93 24.18 24.19 23.52 23.16 22.48 22.77 23.50 24.12 24.75 24.82 26.37 28.09 29.21 31.03 31.42 33.19 33.49 34.21
 1.30  3.21  4.93  5.53  7.17  7.95  9.53 10.36 11.83 13.09 14.92 15.67 15.85 15.83 15.77 16.22 16.62 17.37 17.38 18.53
traj-123:
22.73 23.01 22.15 20.41 18.94 17.75 16.00 14.82 13.81 12.29 11.05
 1.93  2.47  4.25  4.51  4.66  4.76  4.81  4.88  4.95  5.89  6.98
traj-124:
23.35 23.34 23.57 23.75 23.77 23.76 23.78 24.06 24.18 24.39 24.04 23.99 23.99 24.07 23.46 23.22 21.65 19.90 18.14 16.37 14.93 14.19
 1.84  2.14  3.88  5.45  6.71  7.75  9.57 11.27 13.21 15.15 17.08 17.38 19.25 20.66 22.55 23.40 24.57 24.58 24.56 24.36 23.98 23.88
traj-125:
24.67 24.50 24.07 23.88 23.96 24.15 24.11 24.08 24.07 24.19 25.80 26.94 28.64 30.35 31.22 32.32 32.89
 1.53  2.57  4.51  5.55  7.18  9.02 10.42 12.18 13.24 14.96 15.93 15.85 15.68 15.59 17.18 18.61 18.63
traj-126:
24.41 22.99 22.17 20.35 20.07 19.77 18.90 17.14 15.66 13.87 12.61 12.13 11.98 10.25  9.71
 1.88  3.16  3.57  4.22  4.33  4.39  4.54  4.67  4.84  4.78  5.59  7.08  8.45  9.40  9.51
traj-127:
23.99 24.35 24.38 24.62 24.48 24.19 24.13 23.98 23.95 24.11 23.88 23.82 23.71 23.51 23.18 22.51 22.50 22.03 20.30 18.81 17.06 15.58 13.74 12.06 10.44  9.93  8.45  7.54  6.25  4.72
 0.87  2.77  3.07  4.81  5.94  7.72  8.23  9.82 10.67 12.61 14.56 16.27 17.17 18.46 20.30 21.93 22.41 23.47 24.03 24.06 24.14 24.08 23.67 22.75 22.11 21.86 20.52 20.29 19.87 19.50
traj-128:
23.83 24.11 24.23 24.04 23.96 23.92 23.69 23.51 23.20 22.29 22.23 22.42 24.38 26.38 26.97 28.82 29.98 31.69 32.43 33.80 33.85
 0.40  2.09  3.83  4.38  6.22  6.77  8.59  9.44 10.59 11.89 12.54 14.30 14.47 14.48 14.46 14.22 14.37 15.08 15.61 16.84 17.14
traj-129:
24.02 23.13 22.21 20.37 19.37 18.34 17.46 15.53 13.74 12.17 11.84 11.62 11.99
 1.10  2.26  3.46  4.21  4.42  4.40  4.45  4.66  4.94  5.83  6.31  8.08  9.31
traj-130:
24.30 24.11 23.99 23.93 23.82 23.70 23.50 23.36 23.11 22.83 22.66 22.59 22.46 22.36 22.17 22.00 20.17 19.87 18.12 16.36 15.77 13.93 12.58 10.85  9.27  8.06
 0.81  2.79  4.08  4.73  6.68  8.04  9.73 10.86 12.37 14.02 15.72 16.51 18.33 20.18 21.82 23.43 24.22 24.21 24.13 24.03 24.03 23.58 23.57 23.48 23.57 23.50
traj-131:
23.27 23.09 22.88 23.17 23.59 23.86 23.80 23.81 24.07 24.26 24.58 26.36 26.95 28.74 30.11 31.07 31.12 31.17 31.17 31.15 31.29 31.44
 0.68  0.93  2.82  4.12  5.96  7.69  8.12  9.90 11.62 12.76 14.59 15.33 15.26 15.52 15.33 17.01 18.90 20.27 20.92 22.63 24.56 26.44
traj-132:
23.18 22.80 22.62 21.24 19.63 18.21 17.35 16.20 15.33 13.87 12.41 11.10 10.04  8.69  7.06  6.11
 1.49  3.05  3.60  4.68  4.48  4.26  4.30  4.36  4.43  4.55  5.57  6.97  7.43  7.71  7.66  7.75
traj-133:
24.03 23.97 23.90 23.76 23.67 23.51 23.35 23.22 22.98 22.80 22.83 22.93 22.99 23.08 22.90 22.73 22.00 21.48 20.05 18.32 16.56 15.43 14.26 12.55 10.82  9.22  7.84  6.38  5.25  4.50
 1.54  2.69  4.30  5.64  6.69  7.94  9.32 10.41 12.35 14.11 14.58 16.27 17.60 19.44 20.24 22.19 23.66 24.10 24.11 24.10 24.08 23.42 22.43 23.09 22.12 21.41 21.02 20.31 19.84 19.53
traj-134:
24.60 24.07 23.52 23.37 23.37 23.10 22.48 22.47 22.56 22.47 23.83 25.41 27.25 28.52 29.74 30.85 31.37 31.33 31.46 31.82 31.92
 0.86  2.27  3.68  4.23  5.96  6.48  7.84  9.42 11.14 12.05 13.02 14.16 14.60 14.84 14.85 15.61 16.63 17.23 19.17 20.50 21.72
traj-135:
24.55 23.34 22.47 21.07 19.31 18.16 17.02 15.05 14.47 12.74 12.45 10.69 10.15  8.48
 0.59  1.72  3.30  4.55  4.68  4.74  4.76  4.75  4.74  4.93  5.00  4.83  4.78  4.31
traj-136:
24.15 23.79 23.42 23.44 23.41 23.30 23.40 22.99 22.78 22.75 22.52 22.40 22.55 22.47 22.47 23.15 21.95 20.23 18.33 16.58 15.43 14.28 13.39 12.68
 1.79  2.62  4.52  5.97  7.15  8.87 10.80 12.71 13.73 14.03 15.84 17.77 19.36 21.21 21.81 23.48 24.22 24.22 24.23 24.27 24.23 23.90 22.46 20.86
traj-137:
24.46 23.87 23.18 23.70 24.14 24.20 24.47 24.45 24.43 24.52 24.60 24.69 26.11 27.28 28.69 30.36 31.03 31.03 31.07 31.05 31.12 31.27 31.80 32.55
 1.02  1.84  3.55  4.85  6.79  7.08  8.50 10.20 11.92 13.25 14.94 15.67 15.82 15.86 15.85 15.88 16.90 18.55 20.46 21.35 22.58 24.33 25.13 26.16
traj-138:
24.40 23.89 23.30 22.89 22.82 22.06 20.27 18.53 17.69 16.53 14.80 13.91 12.58 12.12 12.08 12.03
 0.56  1.66  3.13  4.04  4.53  5.29  4.62  4.81  4.78  4.78  4.67  4.61  5.60  6.44  8.24  9.57
traj-139:
23.55 23.48 23.48 23.49 23.49 23.69 23.70 23.78 23.83 24.33 24.49 24.70 24.53 23.94 23.59 23.44 23.15 22.04 20.58 19.12 18.22 16.74 15.89 14.93 14.14 13.43 13.09 11.75 10.90
 0.63  2.34  3.94  5.35  6.49  8.29  9.89 11.18 11.97 13.70 13.90 15.48 16.02 17.57 18.98 20.75 22.42 23.93 24.06 24.05 24.06 24.06 23.56 22.30 21.51 19.87 19.54 18.35 18.07
traj-140:
24.44 24.31 24.32 24.18 23.66 23.39 23.47 23.62 23.85 23.95 24.50 26.15 27.28 29.01 30.13 31.18 31.13 31.11 31.15 31.12 31.15 31.19 31.20
 1.19  2.95  3.25  5.16  6.58  7.05  8.97 10.65 12.41 13.32 15.20 14.99 14.91 14.94 15.20 16.73 18.53 19.68 21.43 22.85 24.60 26.07 27.48
traj-141:
23.19 22.31 22.25 21.06 20.47 18.68 16.92 16.32 14.83 13.12 11.38 10.36  9.28  7.49
 1.67  2.49  4.17  4.87  4.91  4.87  4.88  4.87  4.84  4.81  5.44  5.68  5.95  5.50
traj-142:
23.30 23.09 22.47 22.58 22.81 23.33 23.57 23.84 23.93 24.13 24.38 24.52 24.76 24.75 24.55 24.16 23.86 22.32 20.85 19.70 18.83 17.38 15.62 14.23 13.03 12.33 11.00  9.80
 1.11  1.93  3.65  4.49  6.40  8.26  9.08 10.90 11.66 13.34 15.08 15.66 17.62 18.71 20.67 22.05 23.06 24.20 24.17 24.18 24.21 24.19 24.18 23.39 21.93 20.37 19.26 18.36
traj-143:
22.75 23.07 23.37 23.78 23.99 24.03 24.21 24.39 24.45 24.67 25.98 27.88 29.03 30.62 31.92
 0.96  2.42  3.51  5.14  6.95  8.03  9.94 11.38 11.96 13.49 14.20 14.16 14.19 14.26 14.44
traj-144:
24.09 23.80 22.75 21.25 20.14 18.44 18.08 16.14 15.43 13.99 12.45 12.35 10.92  9.40  8.26  7.40
 1.39  1.82  3.41  4.41  4.75  4.96  4.98  4.95  4.91  4.96  5.84  6.12  7.33  8.26  8.91  9.41
traj-145:
23.12 23.27 23.31 23.33 23.44 23.48 23.54 23.54 23.65 23.53 23.54 23.51 23.32 23.29 23.14 22.95 21.41 19.94 18.18 16.70 15.36 13.65 11.88 11.11  9.84  8.27  6.48
 0.71  2.42  4.17  5.43  7.12  8.31  9.86 10.99 12.53 14.42 16.33 17.55 18.79 20.71 22.48 23.28 24.55 24.33 24.27 24.15 23.44 23.06 22.36 22.03 21.57 20.88 20.27
traj-146:
23.96 23.71 23.21 23.19 22.77 22.57 22.28 22.61 22.84 23.40 23.62 25.28 26.41 27.58 28.98 30.55 32.33 33.43 34.22 34.23 34.28 34.36 34.37
 1.14  1.85  3.67  5.20  7.13  7.71  9.54 11.02 11.96 13.63 14.48 15.23 14.99 15.76 15.74 15.88 16.47 16.70 18.43 19.02 20.78 22.55 23.71
traj-147:
24.59 24.03 22.59 21.24 19.55 18.95 17.21 15.44 13.99 12.92 12.49 11.28  9.56  8.03  6.31  6.06
 1.33  1.84  3.18  4.05  4.26  4.29  4.25  4.28  4.32  5.06  5.80  7.34  7.95  9.09  9.99  9.82
traj-148:
22.34 22.25 22.45 22.65 22.88 23.08 23.27 23.50 23.79 24.17 24.45 23.73 23.19 22.25 22.20 22.20 22.16 20.37 18.65 18.05 16.14 14.62 13.62 11.79 10.74  9.53
 0.65  2.02  3.71  5.55  6.93  8.17  9.62 11.47 13.00 13.97 15.90 17.28 18.22 19.71 20.68 21.71 23.54 24.18 24.24 24.20 24.11 23.70 23.56 23.33 23.22 23.08
traj-149:
24.37 24.08 23.86 23.85 23.62 23.80 23.77 23.55 23.30 23.15 22.54 22.59 22.76 24.14 25.20 25.48 27.40 27.98 29.95 30.25 31.09 31.16 31.19 31.23 31.32 31.29 31.40 31.36 32.14 33.11
 0.85  1.83  2.86  4.76  6.71  7.27  8.90 10.32 11.84 12.74 14.61 16.61 16.86 16.45 15.89 15.80 15.50 15.57 15.80 15.83 17.48 19.23 21.17 22.45 23.90 25.60 27.03 27.99 29.65 30.09
traj-150:
22.54 22.63 22.56 21.26 19.58 19.28 17.55 16.39 15.51 13.71 12.86 11.82 10.27  8.60  7.25  5.65
 0.52  2.37  4.13  4.18  4.60  4.60  4.56  4.49  4.46  4.53  5.54  5.95  6.50  6.96  7.48  7.17
traj-151:
24.35 24.24 24.12 24.01 23.95 23.85 23.86 23.64 23.55 23.37 23.23 22.74 22.69 22.40 22.32 22.15 22.01 20.24 19.65 18.18 16.19 14.85 14.62 12.72 11.89 10.09  8.51  7.74  6.00
 1.02  1.53  3.45  5.43  7.04  8.53  9.64 11.54 12.69 13.97 15.71 17.44 19.23 20.80 21.56 23.10 23.57 24.18 24.15 24.08 24.07 24.17 23.99 23.40 23.36 22.85 22.55 22.44 22.24
traj-152:
24.18 24.13 23.86 23.58 23.28 23.01 22.87 23.22 23.49 24.96 26.93 28.72 30.39 31.19 31.68 32.43
 1.26  3.20  4.50  6.29  8.15  9.97 10.75 12.70 13.52 14.26 14.43 14.44 14.08 13.26 12.08 11.50
traj-153:
22.28 22.53 22.06 20.19 19.60 18.15 17.29 15.56 13.68 13.39 12.88 11.38 10.80
 0.48  2.09  3.90  4.43  4.55  4.77  4.76  4.72  4.88  4.97  5.25  5.67  5.82
traj-154:
22.80 22.84 22.84 22.92 23.05 23.15 23.28 23.34 23.28 23.16 23.06 22.95 22.74 22.52 22.46 22.30 22.49 22.48 20.75 19.86 18.07 16.30 14.73 13.34 11.58 10.15  9.08  8.06  6.41  5.52  4.08
 1.45  3.35  5.15  6.59  7.85  9.66 11.46 12.70 14.65 15.72 17.38 17.85 19.13 20.47 21.01 21.64 23.59 23.89 24.11 24.16 24.18 24.17 23.65 23.21 22.84 22.43 22.36 22.27 22.14 22.13 22.04
traj-155:
23.67 23.59 23.63 23.67 23.61 23.62 23.82 24.04 23.97 23.88 24.04 25.76 27.14 28.80 30.36 31.16 31.17 31.21 31.16 31.16 31.24 31.31 31.30 31.47
 1.79  3.67  5.16  5.96  7.43  8.17  9.80 11.74 13.26 14.81 15.36 15.55 15.24 15.23 15.62 17.16 18.33 19.48 20.81 22.75 24.12 25.88 27.15 28.83
traj-156:
22.75 22.78 21.38 19.65 18.53 17.05 15.30 13.53 12.12 11.53 11.31 10.85
 1.70  3.32  4.51  4.78  4.84  4.87  4.85  4.80  5.54  7.32  8.04  9.72
traj-157:
24.60 24.48 24.21 24.06 23.98 23.76 23.68 23.69 24.03 24.35 24.57 24.77 24.65 24.56 24.37 23.97 22.15 21.86 20.15 18.38 17.51 16.07 14.40 13.80 12.01 11.20  9.55  7.85
 1.62  2.44  4.07  4.87  6.77  8.54 10.40 12.00 13.10 14.19 15.74 17.21 18.65 19.49 21.47 23.42 24.03 24.11 24.31 24.18 24.12 24.12 23.54 23.46 23.23 23.01 22.74 23.30
traj-158:
24.80 24.16 24.22 24.11 23.82 23.85 24.00 23.44 23.21 22.57 23.60 23.74 24.07 25.92 26.46 28.15 29.59 30.17 31.11 31.14 31.10 31.17 31.35 31.91 32.35 33.25
 1.20  2.77  3.64  5.55  7.44  8.32  9.67 11.56 11.76 13.26 14.76 15.12 15.62 15.86 15.91 15.69 15.58 15.60 16.90 18.64 20.49 22.34 24.14 25.14 26.07 27.78
traj-159:
22.67 22.82 21.42 19.98 18.56 16.81 15.65 13.69 12.94 12.19 10.79 10.30  8.39  7.01
 1.76  2.90  4.15  4.23  4.31  4.46  4.48  4.78  5.23  6.03  7.42  7.36  7.21  7.67
traj-160:
23.92 23.82 23.70 23.82 23.98 24.04 24.07 23.95 23.92 23.97 23.86 23.83 23.68 23.45 23.17 23.19 23.07 23.04 23.14 21.65 19.97 18.18 16.40 15.11 15.29 14.23 13.94
 0.45  2.18  3.48  4.60  5.63  6.04  7.16  8.24  9.50 10.82 12.73 13.41 15.13 16.57 17.96 19.56 20.97 21.63 23.41 24.05 24.25 24.16 24.01 23.26 21.54 20.11 20.03
traj-161:
24.10 24.06 24.04 23.58 23.43 23.43 23.97 24.35 24.87 26.34 27.18 28.62 30.33 31.41 32.74 33.63 34.39
 1.90  3.42  5.14  7.01  7.27  9.19 10.95 12.67 14.29 14.07 14.02 14.09 14.63 14.85 16.16 17.63 19.28
traj-162:
24.61 24.04 22.76 22.21 20.32 19.75 18.29 16.83 15.07 13.60 11.86 10.34  8.60  7.20  5.78
 0.82  1.69  3.06  3.53  4.14  4.22  4.47  4.48  4.52  4.68  4.40  4.30  5.15  6.36  7.20
traj-163:
22.44 22.57 22.64 22.75 22.94 23.14 23.51 23.85 24.13 24.15 24.12 24.07 23.66 23.10 22.73 21.22 19.46 17.98 16.82 15.07 13.95 12.32 10.46  9.52  7.88  6.88  4.96
 1.91  3.73  5.58  6.32  8.10  9.31 10.99 12.66 14.63 15.58 17.48 18.65 20.58 22.13 22.92 24.20 24.13 24.10 24.09 24.10 23.83 23.71 23.51 23.36 23.69 23.71 24.00
traj-164:
22.46 22.53 22.61 22.70 22.70 22.39 22.39 23.00 23.33 24.41 25.82 27.62 29.57 30.77 31.78 32.52 32.99 34.25 34.56 34.82
 1.33  2.88  4.48  5.69  7.09  7.79  9.51 11.27 12.30 13.47 14.65 14.92 15.21 15.76 17.43 18.65 19.24 17.95 16.22 14.48
traj-165:
24.37 23.57 23.02 22.11 21.36 19.65 19.06 17.32 15.57 14.40 13.36 12.47 11.63 10.62  8.73
 0.82  2.06  2.73  3.84  4.32  4.62  4.61  4.64  4.64  4.69  4.92  6.50  7.86  9.02  8.52
traj-166:
22.71 22.61 22.45 22.35 22.36 22.39 22.42 22.51 22.78 22.88 22.85 22.89 22.84 22.80 22.60 21.24 20.06 18.31 16.53 14.79 13.62 11.87 10.18  8.21  7.04  7.90  9.40 10.63 11.67
 1.02  1.64  3.52  4.26  6.14  7.96  9.64 11.33 13.06 14.29 15.92 17.46 19.23 20.83 22.68 24.01 24.11 24.09 24.27 24.42 24.53 24.66 24.68 24.61 24.48 23.71 22.83 22.14 21.59
traj-167:
23.00 23.08 23.48 23.48 23.48 23.39 23.30 23.29 23.23 23.17 23.19 24.92 26.92 28.36 29.19 31.01 31.13 31.34 31.76 32.43 33.43 34.39 34.57 34.65
 1.88  2.64  4.38  5.70  6.73  8.53  9.82 11.18 12.43 13.79 15.47 15.88 15.85 15.91 15.93 16.54 18.12 19.44 21.17 21.82 22.45 24.00 25.78 26.66
traj-168:
23.69 22.49 21.08 19.33 17.62 16.73 14.97 13.80 12.48 11.54 10.18  8.54  6.74  5.14
 1.93  2.83  4.09  4.29  4.50  4.58  4.73  4.83  5.81  6.78  8.10  9.18  9.24  9.23
traj-169:
23.55 23.45 23.36 23.25 23.22 23.03 23.03 23.02 22.88 22.81 22.78 22.53 22.52 22.52 22.41 22.35 22.34 22.31 22.06 20.64 19.76 18.58 16.86 15.73 14.46 13.58 12.38 11.74
 1.07  2.42  4.01  5.85  6.55  8.04  8.78  9.13 10.90 12.79 12.93 14.89 16.78 17.58 19.47 20.31 20.97 22.57 23.60 24.09 24.08 24.11 24.07 23.49 22.13 21.78 21.31 20.93
traj-170:
22.74 22.77 23.08 23.23 23.63 24.09 24.15 23.46 23.12 23.78 24.46 24.73 24.81 26.80 28.78 30.43 31.61 32.71 32.67 32.00
 1.86  2.76  4.67  5.30  6.77  8.17 10.11 11.35 11.84 13.67 15.20 15.33 15.62 15.58 15.67 15.77 17.32 18.52 20.20 21.52
traj-171:
23.24 22.76 22.50 22.21 20.69 19.82 17.85 16.42 14.68 12.92 11.53 10.68 10.49 10.41  9.60
 0.59  2.08  3.29  4.88  4.78  4.74  4.75  4.71  4.69  4.87  6.28  7.42  8.68  9.54 10.15
traj-172:
22.24 22.34 22.37 22.64 22.84 22.99 23.08 23.00 23.02 23.21 23.31 23.26 23.26 23.02 23.00 23.18 22.98 22.70 21.00 19.81 18.33 16.84 16.11 14.63 12.78 12.15
 1.95  3.64  4.22  5.97  7.18  8.16  9.88 11.64 12.15 13.76 15.47 16.49 17.51 19.15 20.11 21.66 23.09 23.64 24.21 24.18 24.10 24.12 24.11 24.10 23.94 23.77
traj-173:
23.25 24.24 24.22 24.22 24.02 23.89 23.84 23.90 23.95 23.99 24.43 24.61 26.17 26.74 28.70 30.09 31.48 32.91
 1.48  2.85  3.15  4.91  6.36  8.31  9.94 11.54 12.41 13.66 15.05 15.62 15.86 15.83 15.80 15.68 15.64 15.57
traj-174:
24.79 24.20 23.57 21.69 20.23 18.50 17.34 15.60 14.72 13.40 12.84 12.44 11.95 10.50  9.27  7.97  6.41
 2.00  2.98  4.05  4.10  4.14  4.15  4.11  4.12  4.12  4.38  5.07  6.44  7.50  7.45  7.37  6.66  5.60
traj-175:
24.17 24.10 24.10 23.98 24.22 24.03 23.92 23.73 23.58 23.40 23.04 22.35 22.56 22.61 22.46 22.79 21.49 20.31 18.59 17.71 15.95 15.69 13.79 12.18 10.82  8.83  8.00  6.29
 0.98  1.79  3.38  5.29  6.86  8.08  9.51 11.12 12.67 13.63 14.67 16.23 17.92 19.34 21.06 22.74 24.03 24.20 24.20 24.16 24.05 23.91 23.30 22.68 22.75 22.78 22.97 22.60
traj-176:
24.58 23.99 23.65 23.41 23.47 23.42 23.38 24.13 24.08 24.04 24.46 24.88 24.83 26.35 28.33 30.08 31.09 31.09 31.10 31.09 31.09 31.16 31.22 31.38 31.35 31.51 32.07 32.73
 1.49  2.73  3.36  5.09  6.18  7.95  8.44 10.21 11.35 11.50 13.25 13.67 15.45 15.49 15.49 15.51 17.17 17.77 19.32 20.19 21.34 23.11 23.66 25.32 26.87 28.02 29.89 31.31
traj-177:
24.65 24.14 24.03 22.86 21.63 20.25 18.47 17.89 16.14 14.72 12.91 11.06  9.58
 1.30  3.20  3.48  4.94  4.90  4.84  4.91  4.91  4.79  4.63  4.87  4.94  5.09
traj-178:
24.63 24.22 24.12 24.00 23.96 23.96 23.91 24.52 24.28 24.16 24.10 24.03 23.99 23.75 23.32 22.17 21.21 19.46 17.72 16.24 15.63 14.81 14.06 12.72 11.27
 0.43  1.91  2.43  4.21  5.63  7.08  8.14 10.05 11.72 13.15 14.33 16.18 18.17 20.09 22.01 23.38 24.23 24.23 24.14 24.05 23.74 22.44 21.37 20.00 19.41
traj-179:
22.27 22.73 23.15 23.66 23.90 23.91 23.52 22.94 23.09 24.65 26.45 28.04 28.90 30.41 31.61 33.55
 1.48  3.16  5.10  6.56  8.39  8.88 10.69 12.31 14.07 15.01 14.32 14.30 14.41 14.55 14.66 14.94
traj-180:
23.56 23.24 22.80 21.37 19.92 18.45 17.60 16.41 14.68 12.96 12.06
 1.39  2.00  3.31  4.46  4.50  4.52  4.54  4.55  4.54  4.71  5.30
traj-181:
22.47 22.65 22.86 23.05 23.16 23.40 23.58 23.84 23.91 24.21 24.37 24.65 24.26 24.06 23.35 23.12 22.85 22.27 20.57 19.40 18.54 16.77 15.02 13.96 13.37 12.90 12.12
 0.97  2.20  3.82  4.94  5.83  7.78  9.29 10.94 11.76 13.32 14.15 15.95 17.68 18.24 19.86 20.53 22.49 23.85 24.12 24.24 24.19 24.03 24.00 23.51 22.53 21.63 20.37
traj-182:
23.10 23.17 23.29 23.51 23.41 22.81 22.75 23.48 24.24 24.31 24.51 24.88 26.05 27.50 28.91 30.07 31.03 31.16 31.73
 0.83  1.80  3.24  4.42  6.03  7.64  9.09 10.19 11.60 12.48 14.38 15.86 15.90 15.90 15.82 15.78 17.40 18.85 20.27
traj-183:
24.19 23.81 23.00 22.26 20.42 18.97 17.49 15.73 14.26 13.40 12.15 10.99  9.90  8.35  6.70  6.17
 1.90  3.44  5.12  5.44  4.66  4.71  4.72  4.73  4.85  4.91  6.32  7.39  7.70  7.72  7.70  7.78
traj-184:
22.27 22.39 22.62 22.65 22.69 22.88 23.11 23.21 23.13 23.13 23.10 23.25 23.02 22.74 22.69 21.28 19.29 18.41 17.21 15.74 15.40 13.85 12.41 11.00  9.59  8.67
 1.87  3.28  5.21  5.80  7.15  8.45  9.95 11.64 13.20 15.11 16.15 18.11 19.80 21.17 22.68 24.03 24.11 24.09 24.10 24.18 23.91 22.72 21.47 20.47 19.36 18.84
traj-185:
23.94 22.53 22.26 22.76 22.89 23.18 22.42 22.24 22.60 23.23 23.88 24.87 26.58 27.99 29.41 31.07 31.87
 0.40  1.61  3.43  5.08  6.93  8.35 10.17 11.49 12.51 13.95 14.40 15.73 15.81 15.93 15.99 16.09 16.10
traj-186:
24.42 24.34 22.78 22.08 20.14 18.37 16.61 14.86 13.69 11.94 11.52  9.87
 1.79  2.68  3.91  4.30  4.78  4.91  4.89  4.90  4.88  5.33  5.52  5.42
traj-187:
24.64 24.14 24.04 23.86 24.03 23.87 23.91 23.95 23.85 23.74 23.61 23.57 23.42 23.42 23.45 23.53 23.62 22.30 20.35 18.89 17.43 16.56 15.09 13.26 13.31
 1.16  2.85  3.26  5.21  7.08  9.01 10.38 12.35 14.10 15.55 17.48 19.10 20.33 20.33 21.77 23.69 23.81 24.40 24.63 24.46 24.30 24.19 24.08 23.49 22.45
traj-188:
22.57 22.80 23.07 23.32 23.47 23.63 23.95 24.05 23.73 23.47 23.17 23.04 23.93 25.75 27.15 29.15 30.01 31.97 32.24 33.11 33.96 34.16
 0.56  1.72  3.56  5.18  6.53  7.30  9.12 10.14 11.73 12.43 14.12 15.94 16.71 15.97 15.92 15.91 15.92 15.59 15.46 13.94 12.30 11.77
traj-189:
22.18 22.16 21.15 19.98 18.51 17.91 16.13 14.95 13.28 12.71 11.33 10.29  8.64  7.16
 1.81  3.39  4.26  4.47  4.49  4.51  4.51  4.52  4.56  4.64  5.35  5.97  6.63  5.77
traj-190:
24.79 24.48 24.67 24.37 24.22 24.20 23.97 23.78 23.59 23.30 23.02 22.86 22.73 22.61 22.36 22.10 20.24 19.64 18.21 16.74 15.10 13.80 12.75 11.41
 0.85  2.76  4.22  5.76  7.63  9.01 10.67 11.65 12.40 13.84 15.39 17.11 18.93 20.16 21.92 23.65 24.32 24.28 24.16 24.14 23.13 22.12 21.27 20.08
traj-191:
22.69 22.43 22.27 22.72 22.83 23.32 23.71 23.67 23.60 24.09 26.02 27.00 28.86 30.03 31.01 31.18 31.21 31.36
 1.95  2.11  3.43  5.34  5.62  7.34  9.20 10.81 12.57 14.21 14.29 14.33 14.30 14.29 13.12 12.41 11.10 10.34
traj-192:
24.63 24.42 23.75 22.06 21.36 19.58 18.40 17.22 15.47 13.72 12.92 12.48
 0.77  2.41  4.24  4.71  4.97  4.91  4.90  4.89  4.94  4.96  5.92  6.68
traj-193:
22.11 22.26 22.52 22.59 23.18 23.19 23.05 23.27 23.35 23.77 24.13 24.30 24.24 23.75 23.14 22.71 22.48 20.71 19.54 18.33 16.58 15.60 14.23 13.26 12.29 11.07  9.76
 0.53  1.38  3.21  3.61  5.20  6.88  8.68  9.67 11.01 12.78 14.60 15.97 17.40 19.32 20.81 21.91 23.67 24.33 24.21 24.17 24.15 23.58 22.41 21.61 20.80 19.59 18.30
traj-194:
23.60 23.53 23.02 23.08 23.15 23.35 23.47 23.66 24.03 24.10 24.63 26.61 28.38 28.96 30.40
 1.42  1.95  3.34  4.57  6.38  7.77  8.57  9.93 11.28 12.34 14.04 14.10 14.09 14.10 14.08
traj-195:
23.53 23.02 22.43 21.07 19.58 18.11 16.37 15.50 13.55 12.64 12.58 11.50 10.58
 0.98  1.76  2.92  4.18  4.26  4.35  4.55  4.57  4.67  6.36  6.66  8.07  9.08
traj-196:
22.37 23.65 24.34 24.48 24.60 23.91 24.18 24.02 23.60 23.16 23.03 23.54 23.77 24.48 24.26 23.66 23.81 23.69 22.43 20.45 19.85 18.10 16.62 15.11 14.24 12.60 10.91  9.94  8.84  6.87  6.22  4.60
 1.29  2.50  3.54  4.70  5.81  7.57  8.26  9.95 11.18 12.38 14.26 15.77 15.86 17.60 18.43 19.72 21.58 23.08 24.15 24.12 24.11 24.08 24.08 23.22 22.43 21.42 20.43 19.86 19.76 20.09 20.23 20.28
traj-197:
23.63 23.33 22.72 22.56 22.36 22.48 22.56 22.85 23.34 23.74 24.27 24.34 25.25 25.81 27.36 28.82 29.85 31.13 31.43
 0.76  0.76  2.03  3.39  4.50  6.37  7.46  8.72  9.86 11.18 12.95 13.24 14.60 14.91 15.05 15.03 14.70 13.17 12.04
traj-198:
24.01 23.22 22.68 22.68 20.82 19.39 18.53 17.38 15.94 14.21 13.87 12.01 11.71 10.57  9.83  8.39  6.71  4.97
 0.49  1.58  3.29  3.96  4.44  4.47  4.52  4.57  4.64  4.66  4.70  4.97  4.96  6.26  7.09  8.31  8.89  8.00
traj-199:
22.41 23.42 23.96 24.06 24.19 24.07 23.94 23.84 23.85 24.55 24.69 24.80 24.61 23.96 23.18 22.50 21.31 19.60 19.30 17.52 16.06 14.29 13.46
 0.53  1.85  3.52  4.69  6.67  8.10  9.27 10.83 12.08 13.79 15.38 16.87 18.79 20.34 22.16 23.04 24.21 24.40 24.39 24.33 24.09 23.34 23.01
traj-200:
24.69 23.99 23.96 23.83 23.28 23.08 23.28 23.93 24.43 24.58 25.96 26.26 28.14 29.98 31.48 33.34 33.88
 1.60  3.36  3.95  5.69  7.47  7.99  9.79 11.00 12.57 13.15 14.31 14.30 14.43 14.62 14.87 14.90 14.86
traj-201:
24.23 23.68 22.71 22.47 20.85 19.67 18.50 17.04 15.32 13.88 12.10 11.89
 0.84  2.34  3.93  4.11  4.84  4.88  4.86  4.82  4.70  4.65  4.44  4.22
traj-202:
24.33 24.34 24.36 24.42 24.18 23.96 24.07 23.93 23.84 23.61 23.47 23.39 23.23 23.26 23.12 22.84 22.65 22.10 20.16 19.29 17.52 16.36 15.02 14.42
 0.62  2.55  2.94  4.70  6.06  7.70  9.50 11.43 12.86 14.77 16.57 17.22 18.36 19.61 20.63 22.24 23.94 24.09 24.50 24.40 24.20 24.09 23.36 22.60
traj-203:
23.96 23.55 22.74 23.17 23.73 24.17 24.25 24.43 24.23 24.52 25.52 26.71 28.70 30.12 31.12 31.24 31.50 31.74
 1.58  2.47  4.11  5.63  7.49  9.18  9.76 11.23 12.61 14.32 14.87 15.71 15.73 15.61 17.07 18.10 19.39 20.41
traj-204:
24.00 23.01 22.32 21.22 20.50 18.77 17.05 15.34 14.16 12.99 11.76 10.62
 0.43  1.67  3.20  4.27  4.48  4.61  4.78  4.72  4.72  4.71  5.06  5.35
traj-205:
22.70 22.82 23.45 24.59 24.51 24.26 24.04 24.00 24.00 24.02 24.05 24.00 23.96 23.93 23.87 23.67 23.13 22.86 21.39 20.19 18.40 16.65 15.50 14.20 15.01 14.24
 1.31  1.59  3.16  4.80  5.70  6.94  7.96  9.92 11.91 12.21 14.18 15.86 17.24 18.04 19.33 21.25 22.56 23.13 24.42 24.38 24.32 24.22 24.10 23.26 21.58 19.85
traj-206:
24.27 24.08 23.72 23.21 23.52 23.70 23.88 24.45 25.48 26.52 27.54 29.42 30.02 31.26 32.09 31.99
 0.85  2.76  4.71  6.27  7.93  9.78 11.46 13.35 14.09 14.38 14.69 14.64 14.66 13.34 11.57 10.99
traj-207:
22.50 22.71 22.87 21.32 20.50 19.34 17.58 16.12 15.23 13.50 12.51 10.80 10.44  8.93  7.26  6.08
 0.90  1.69  3.40  4.22  4.55  4.74  4.90  4.81  4.83  4.77  5.91  6.93  6.69  5.86  5.05  4.49
traj-208:
24.55 24.37 23.85 23.78 23.62 23.62 23.32 23.33 23.14 23.13 23.20 23.19 23.26 22.82 22.81 22.52 21.25 20.37 19.21 17.45 16.28 15.39 13.81 12.16 10.47  8.99  8.33
 1.07  2.10  3.99  4.93  6.79  8.62 10.56 12.45 14.16 14.93 16.89 17.84 19.75 21.48 21.73 23.62 24.72 24.62 24.51 24.34 24.19 24.06 23.40 22.76 21.90 21.09 20.81
traj-209:
23.86 23.72 23.59 23.56 23.38 23.18 22.91 22.86 23.72 24.80 25.03 26.47 27.05 28.49 29.36 31.04 31.24 33.02 33.69 34.14 34.28
 0.86  2.74  4.73  5.02  6.89  8.66 10.18 12.02 13.25 14.49 14.87 15.65 15.62 15.67 15.63 16.28 16.51 16.98 15.63 13.88 12.39
traj-210:
22.43 22.63 22.89 21.60 20.56 18.85 17.38 15.64 14.46 12.71 10.78 10.20
 0.57  1.65  3.28  4.18  4.25  4.29  4.54  4.77  4.80  4.81  4.74  4.73
traj-211:
24.01 24.13 24.39 24.42 24.30 24.19 24.16 24.08 24.22 24.57 24.62 24.27 23.66 23.15 22.71 22.04 20.27 19.07 17.91 16.15 15.59 13.76 11.86  9.90  8.80  7.08  5.85  5.00
 0.47  1.34  3.20  4.91  6.33  7.92  9.19 10.38 12.25 14.15 15.49 17.24 19.13 20.54 22.22 23.66 24.07 24.07 24.14 24.02 24.03 23.68 23.77 23.48 23.39 23.39 23.27 23.14
traj-212:
24.60 24.41 23.98 23.77 23.81 23.84 23.71 23.66 23.65 23.58 24.28 25.72 26.53 28.33 30.32 32.07 33.71 34.10 34.22 34.38 34.59 34.85
 0.90  1.43  3.00  3.63  4.23  6.15  7.94  9.58 11.57 12.75 14.22 14.17 14.20 14.24 14.34 14.59 14.95 16.77 17.66 18.85 20.32 22.10
traj-213:
23.86 23.70 23.33 21.83 20.04 18.27 17.67 15.95 15.07 13.91 12.18 11.98 10.39  8.96  8.84  7.46  6.95
 1.78  2.03  3.86  4.95  4.94  4.90  4.88  4.84  4.87  4.86  5.82  6.04  6.91  8.22  8.50  9.64  9.81
traj-214:
23.75 23.37 23.22 22.94 22.88 22.86 22.74 22.72 22.74 22.84 22.75 22.54 22.48 22.46 22.52 22.48 22.37 22.13 20.27 18.47 17.01 15.50 13.61 12.10 10.74  9.89
 0.40  2.17  2.87  4.50  6.04  6.83  8.74 10.54 12.10 13.32 14.85 16.41 17.61 19.35 20.71 21.01 22.81 23.60 24.00 24.04 24.06 24.08 24.02 23.97 24.00 23.78
traj-215:
22.86 23.21 23.82 24.28 24.34 24.21 23.89 23.31 23.16 23.88 24.52 24.71 26.41 28.12 29.26 31.04 31.17 31.51
 0.79  2.50  4.22  5.90  7.08  8.49  9.61 11.13 11.48 13.21 15.03 15.60 15.77 15.80 15.74 16.42 17.30 19.22
traj-216:
24.30 23.39 22.24 20.42 18.73 17.56 16.69 14.95 13.77 12.45 12.30
 0.60  2.08  3.58  4.39  4.50  4.58  4.51  4.40  4.53  5.52  5.78
traj-217:
24.58 24.26 23.94 23.64 23.52 23.36 23.32 23.09 22.95 22.74 22.64 22.56 22.39 22.42 22.52 22.39 22.21 22.16 20.53 19.37 17.91 16.44 15.32 14.95 14.37
 1.08  2.86  3.82  5.24  6.32  7.84  8.14  9.97 11.55 13.25 15.06 16.50 17.98 18.78 20.04 21.27 22.59 23.50 24.28 24.21 24.14 24.06 23.25 22.05 20.42
traj-218:
23.92 24.30 24.30 24.09 23.92 23.54 23.81 24.03 24.13 24.28 24.47 26.34 27.88 29.81 30.10 31.10 31.11 31.13 31.14 31.70
 0.65  2.32  2.62  4.34  5.16  6.70  8.52 10.23 11.08 12.72 14.40 14.12 14.64 15.14 15.23 16.78 17.08 18.86 20.03 21.83
traj-219:
24.18 22.68 22.38 20.65 19.19 18.32 16.83 15.68 13.92 12.80 11.92 11.26  9.62  7.80
 1.87  3.05  3.33  4.13  4.17  4.24  4.29  4.33  4.57  5.22  6.37  6.90  7.10  7.14
traj-220:
23.28 23.59 23.74 24.08 24.31 24.41 24.24 24.10 24.02 24.13 24.41 24.69 24.20 24.14 23.91 23.66 23.43 23.29 22.13 20.14 18.95 17.24 16.11 14.57 12.76 12.05 10.70  9.85  7.93  5.94  4.73
 1.06  2.22  3.35  5.27  6.25  7.40  9.09 10.93 12.85 14.17 15.87 17.53 19.10 19.49 20.64 21.79 22.87 23.92 24.72 24.66 24.51 24.27 24.03 23.63 23.50 23.44 23.32 23.36 23.52 23.46 23.50
traj-221:
23.74 23.52 23.47 23.71 24.24 23.94 23.77 24.08 24.74 24.98 25.09 25.93 27.10 28.83 29.40 31.13 31.16 31.22 31.41 31.65 32.82
 1.61  3.52  5.49  6.70  8.51 10.18 11.21 12.74 14.12 15.26 15.53 15.92 15.94 15.96 15.95 16.76 18.40 20.01 21.74 23.25 24.24
traj-222:
22.58 22.78 23.19 22.00 21.02 19.04 18.75 17.02 16.17 14.45 13.28 12.40 10.71  9.57  7.84
 0.59  1.75  3.53  4.67  4.42  4.54  4.60  4.73  4.76  4.82  4.81  4.84  5.19  5.01  4.66
traj-223:
24.75 24.55 24.05 23.98 23.95 23.99 24.03 24.05 24.02 24.05 24.21 24.26 24.23 23.96 23.75 23.32 22.17 20.26 18.81 16.99 15.26 13.59 12.28 10.50  9.77  8.25
 1.13  1.67  3.01  4.54  5.93  7.79  9.35 11.08 12.41 13.87 15.78 17.33 17.91 19.34 20.78 22.25 23.54 24.07 24.05 24.15 23.23 22.30 21.65 21.40 21.27 21.02
traj-224:
24.25 23.18 22.99 23.05 23.11 23.02 22.77 22.52 22.66 22.72 23.71 24.98 26.60 27.48 28.73 30.46 31.79 31.94
 1.29  2.54  4.42  5.74  7.26  8.85  9.02 10.82 12.34 13.42 14.92 15.00 14.27 14.31 14.35 14.35 13.24 12.11
traj-225:
23.72 23.80 24.31 24.57 24.66 23.34 22.40 21.54 19.64 18.47 17.31 15.56 14.67 12.94 11.09 10.20  8.33
 1.07  1.36  3.06  4.20  5.07  6.44  5.28  4.48  4.25  4.36  4.46  4.62  4.67  4.87  5.37  5.37  5.31
traj-226:
23.48 23.72 24.07 24.27 24.07 23.98 23.92 23.52 23.27 22.89 22.60 22.47 22.63 22.76 23.48 23.53 23.56 21.78 20.07 18.59 17.72 16.56 15.69 14.34 13.14 11.65
 0.69  2.35  4.29  6.05  7.78  9.19 10.67 12.22 13.11 14.29 16.07 16.86 18.16 18.96 20.66 22.54 23.51 24.16 24.21 24.29 24.36 24.24 24.10 22.82 22.19 21.45
traj-227:
22.72 22.44 22.35 22.59 22.90 23.17 23.69 23.44 23.12 22.98 23.91 25.78 26.34 28.04 29.43 31.26 32.13
 0.88  2.73  3.29  5.05  6.63  7.93  9.75 11.52 12.38 14.30 15.33 15.34 15.12 14.45 14.35 14.14 14.05
traj-228:
23.02 23.11 22.04 21.98 20.41 18.65 17.46 15.69 14.53 13.60 13.47 11.95 10.66  9.50
 0.77  1.28  2.85  4.40  4.86  4.93  4.97  4.95  4.96  4.98  5.19  6.38  7.71  9.17
traj-229:
23.43 23.29 23.20 23.06 22.98 22.81 22.67 22.70 22.70 22.57 22.40 22.21 22.19 22.13 22.11 22.22 22.08 22.06 21.21 20.34 18.61 16.85 15.26 13.74 12.09 10.47  9.08  7.38
 0.76  2.05  3.07  4.44  5.35  7.07  8.80  9.50  9.80 11.60 13.42 15.24 16.91 18.08 19.38 20.79 22.65 23.42 24.26 24.37 24.25 24.02 23.13 22.20 21.22 20.34 19.56 18.55
traj-230:
23.81 23.51 23.59 23.73 24.00 24.17 23.83 23.33 22.36 22.27 23.74 24.56 26.13 27.86 29.62 31.59 32.69 33.62
 1.71  2.90  4.81  6.36  8.09  9.40 11.33 12.18 13.88 14.57 15.56 15.67 15.83 15.83 15.65 15.43 15.14 13.93
traj-231:
24.13 22.71 22.30 21.06 19.28 17.54 15.76 14.61 13.72 12.07 11.98 11.77 11.77 10.18  9.11  7.99  6.58  5.44  4.56
 0.46  1.79  3.44  4.38  4.48  4.49  4.54  4.56  4.54  5.62  6.42  8.10  9.36 10.34 10.49 10.62 10.73 10.87 10.90
traj-232:
23.06 23.38 23.56 23.89 24.26 24.33 24.22 24.27 24.35 24.55 24.61 24.65 24.35 24.01 23.97 23.94 22.79 21.20 19.21 18.33 16.56 14.79 13.31 11.93 10.97 10.30  9.41
 1.56  2.76  3.63  5.46  7.16  9.07 10.41 11.93 13.44 14.22 15.51 16.28 18.21 19.72 20.59 21.96 23.50 24.06 24.02 24.03 24.13 23.48 22.19 20.89 19.95 19.12 18.10
traj-233:
24.12 23.97 23.81 23.65 23.45 23.45 22.93 23.39 24.48 25.41 27.14 29.07 30.49 31.08 31.07 32.35 33.17
 1.96  3.23  4.60  5.97  7.72  9.57 11.50 12.13 13.51 14.29 14.57 14.90 15.67 16.72 18.09 19.53 20.14
traj-234:
23.61 23.33 22.54 22.29 21.06 20.76 18.99 17.51 15.76 15.21 13.61 11.76 10.95
 0.43  1.04  2.59  3.12  4.35  4.37  4.52  4.63  4.71  4.72  4.81  5.48  5.63
traj-235:
24.63 24.16 24.03 24.14 23.82 23.65 23.73 23.65 23.70 23.50 23.58 23.43 23.38 23.34 23.22 23.26 23.00 22.05 20.25 18.48 16.71 15.54 13.94 13.09 12.46 10.87 10.01  8.24  7.03  5.63  4.04
 1.50  2.56  4.40  5.21  7.03  8.59  9.43 10.90 12.41 13.90 15.46 17.28 17.68 19.11 20.24 21.19 22.92 23.47 24.03 24.08 24.13 24.16 23.84 22.93 22.28 21.53 20.86 20.28 19.94 19.34 18.60
traj-236:
23.54 23.66 24.13 24.03 23.96 23.82 23.73 23.71 23.68 23.79 23.90 23.94 25.75 27.46 27.76 29.50 31.31 32.99
 1.65  1.92  3.58  5.23  6.00  7.86  9.74 11.71 12.70 14.25 14.79 16.44 15.85 15.91 15.92 15.98 16.39 16.91
traj-237:
24.58 23.76 22.78 21.47 19.83 18.69 16.94 15.46 13.74 12.40 10.57  9.80  8.03  7.37
 1.16  2.12  3.35  4.48  4.18  4.26  4.35  4.45  4.56  4.88  5.54  6.50  7.25  7.68
traj-238:
23.30 23.32 23.28 23.41 23.27 23.32 23.27 23.20 23.14 23.07 23.06 23.04 23.14 23.21 23.30 23.39 22.75 21.52 19.56 18.11 17.52 15.79 14.04 12.62 10.81  9.61  8.28  7.28  6.16  4.57
 1.28  2.59  4.05  6.03  7.31  8.75  9.82 11.51 12.81 14.16 15.43 16.72 18.41 19.96 21.10 22.43 23.66 24.21 24.36 24.18 24.20 24.22 24.21 24.17 24.09 23.40 22.87 22.83 22.94 23.78
traj-239:
23.77 23.69 23.36 23.23 23.04 23.38 23.89 23.68 23.53 24.08 25.78 26.33 28.09 29.34 31.19
 1.54  2.69  3.99  5.31  6.93  8.89 10.69 12.49 13.80 14.69 14.36 14.36 14.44 14.45 14.52
traj-240:
23.88 23.54 23.07 22.21 21.22 19.76 18.57 17.11 15.33 15.03 13.16 12.27 10.46  9.11  8.31
 0.81  1.58  2.22  3.90  4.80  4.93  4.92  4.94  4.84  4.86  4.87  4.87  4.94  4.68  4.57
traj-241:
23.26 23.08 23.13 23.04 23.04 23.04 23.06 23.03 22.86 22.73 22.58 22.46 22.48 22.32 22.34 22.25 20.50 19.00 17.81 16.07 15.81 15.15 14.90 14.73
 1.45  2.53  4.43  5.49  6.93  8.87 10.34 11.36 13.27 14.73 16.53 17.77 18.94 20.57 21.36 23.24 24.07 24.05 24.04 24.03 23.88 22.30 20.39 19.23
traj-242:
24.65 23.90 23.93 23.94 23.90 23.40 22.90 22.65 23.79 25.66 26.68 28.25 30.01 31.45 32.81 33.00 33.08
 1.56  3.04  4.43  6.42  8.06  9.25 10.27 12.16 13.53 14.04 14.27 14.93 15.13 16.14 17.28 18.82 19.36
traj-243:
23.55 22.55 21.50 19.57 17.83 16.13 14.95 13.48 12.63 11.96
 1.59  3.11  4.09  4.23  4.39  4.46  4.52  4.60  5.82  7.35
traj-244:
23.84 23.79 23.64 23.60 23.53 23.35 23.25 23.03 22.98 22.74 22.61 22.52 22.49 22.45 22.14 20.32 20.17 18.69 17.12 15.17 13.44 11.77 10.05  9.18  7.70  7.91  9.30 10.56 11.62
 0.88  2.46  4.22  5.09  6.95  8.78 10.47 12.35 12.92 14.68 16.58 18.44 20.38 21.43 23.28 24.08 24.06 24.09 24.23 24.38 24.49 24.64 24.55 24.46 24.27 24.06 22.75 21.43 20.44
traj-245:
23.07 23.47 23.65 23.68 23.69 23.76 23.63 23.95 24.27 24.92 24.31 26.23 27.93 29.33 30.66 31.48
 1.54  3.15  3.94  5.80  6.85  8.70  9.45 11.28 12.08 13.95 15.67 15.84 15.81 15.77 14.99 13.35
traj-246:
22.30 22.19 22.04 21.42 19.95 18.51 17.63 15.86 14.11 13.03 12.83 11.32  9.60  7.80
 1.31  2.33  4.12  4.56  4.30  4.32  4.32  4.46  4.62  4.77  4.99  5.73  6.59  7.39
traj-247:
23.14 23.38 23.56 23.63 23.64 23.79 23.91 23.92 24.05 23.90 23.68 23.72 23.70 23.00 22.39 22.36 22.19 21.25 19.27 18.10 16.60 15.31 14.49 13.01 12.56 11.20 10.28
 1.17  2.97  4.97  6.90  7.05  9.00 10.17 12.14 12.99 14.65 16.53 18.52 18.74 20.32 22.13 22.66 23.23 24.03 24.19 24.11 24.01 23.10 22.43 21.22 20.82 20.09 19.61
traj-248:
24.43 24.52 24.59 24.69 24.74 24.69 24.62 24.49 24.14 23.73 23.99 24.24 24.34 25.59 27.28 29.21 30.84 31.14 31.15 31.17 31.81 32.21 33.12 33.37 34.11
 0.55  0.84  1.13  1.41  3.15  4.04  5.49  7.47  9.23 11.01 12.79 14.05 15.46 15.76 15.21 15.01 15.73 16.20 18.16 19.02 20.65 21.96 23.72 24.20 25.87
traj-249:
24.63 24.42 24.39 23.50 22.23 21.62 19.77 18.32 17.45 15.70 14.83 13.37 12.15 11.99 11.91 10.58  9.70  8.52  7.60  5.94  5.11
 0.54  2.50  4.21  5.75  5.02  4.71  4.44  4.50  4.51  4.51  4.46  4.66  5.99  7.98  8.84 10.12 10.10 10.03  9.98  9.76  9.66
traj-250:
24.75 24.47 24.40 24.11 24.08 24.00 23.97 24.07 24.29 24.65 24.16 23.54 23.07 22.78 22.63 22.23 20.40 18.60 16.81 15.71 14.85 14.23
 0.97  2.46  3.04  4.97  5.52  7.32  8.65 10.10 12.01 13.63 15.33 17.18 18.65 20.59 21.37 23.22 24.01 24.03 24.05 23.42 21.89 20.77
traj-251:
24.28 24.19 24.14 24.06 24.03 23.87 23.41 24.06 24.18 24.79 25.06 26.87 28.46 30.38 31.29 32.25 32.32 32.03 31.62 31.50 31.68 31.74 32.42 33.40 33.84
 1.52  2.91  4.50  6.13  7.22  8.53 10.46 12.09 12.37 14.22 14.34 14.97 15.50 15.86 16.81 17.71 19.59 20.44 21.86 23.76 24.42 26.20 26.97 28.57 29.30
traj-252:
23.93 23.84 23.40 21.68 21.40 19.44 17.70 15.96 14.50 13.85 12.31 12.07
 1.12  1.41  3.09  4.02  4.12  4.49  4.67  4.73  4.74  4.84  5.63  5.81
traj-253:
23.32 23.30 23.27 23.28 23.16 22.88 22.85 22.93 22.78 22.66 22.67 22.67 22.66 22.59 22.60 22.38 22.08 20.28 19.09 18.03 16.61 15.08 14.82 14.20 13.99
 1.40  2.83  4.44  6.29  7.77  9.60 10.28 11.72 13.36 15.02 15.31 17.17 18.24 20.22 21.67 23.48 23.79 24.36 24.25 24.17 24.12 23.09 22.42 20.57 20.25
traj-254:
23.08 23.29 23.76 23.98 23.91 23.37 22.73 22.60 23.23 23.81 25.51 27.23 29.20 29.48 30.84 31.39 32.34 33.08
 0.66  2.58  4.23  5.63  7.14  8.92 10.74 12.49 14.37 14.83 14.60 14.60 14.39 14.50 15.70 16.51 18.18 18.59
traj-255:
22.39 22.91 22.36 22.06 20.17 18.71 16.97 15.61 14.16 13.57 11.99 11.41
 0.46  2.10  3.60  3.66  4.18  4.26  4.38  4.50  4.64  4.73  5.41  5.73
traj-256:
24.08 23.90 23.61 23.31 23.18 23.09 22.90 22.93 22.83 22.51 22.52 22.50 22.40 22.21 22.36 22.36 21.03 19.57 17.80 16.63 14.83 13.13
 1.74  3.06  4.90  6.58  8.05  8.99 10.45 12.20 13.48 14.95 16.37 18.02 18.99 20.92 21.64 23.05 24.16 24.12 24.07 24.14 23.31 22.79
traj-257:
23.23 23.17 22.61 22.53 22.60 22.65 22.77 23.21 23.72 24.06 24.35 25.68 25.96 26.26 27.82 28.98 30.12 31.02 31.11 31.23 31.38 31.70 32.53
 1.22  1.70  3.33  4.05  5.40  7.34  7.93  9.66 11.45 12.52 13.95 15.19 15.29 15.35 15.74 15.67 15.60 17.38 19.10 20.85 21.30 22.90 24.68
traj-258:
24.73 24.20 22.84 22.10 20.22 18.45 17.87 16.15 15.85 14.14 13.55 13.37 12.15 11.91 11.01  9.55
 1.57  2.36  3.69  3.88  4.52  4.54  4.44  4.35  4.39  4.60  4.67  4.91  6.44  6.99  7.34  6.72
traj-259:
24.77 24.10 23.94 23.71 23.45 22.95 22.90 22.75 22.66 22.51 22.46 22.59 22.36 22.36 22.38 22.09 20.56 19.97 18.20 16.70 15.22 14.15 13.28 11.84 10.13  8.18  6.21  7.57  9.09
 1.92  3.36  4.19  6.10  7.05  8.78 10.34 12.05 14.01 15.96 17.21 18.93 20.48 21.35 21.86 23.78 24.37 24.37 24.45 24.39 24.52 24.73 24.86 24.82 24.77 24.78 24.87 23.53 22.90
traj-260:
22.07 22.80 23.25 22.95 22.74 22.50 22.36 23.24 23.57 25.14 26.62 28.31 29.19 31.00 32.38 33.63 34.02
 1.37  2.94  4.64  6.47  7.42  8.85 10.63 12.34 13.11 14.08 14.03 14.06 14.09 13.70 13.36 13.26 12.77
traj-261:
23.21 22.71 22.48 21.27 19.51 18.06 16.60 15.13 14.34 12.59 10.87 10.58
 1.84  3.13  3.99  4.86  4.86  4.87  4.89  4.85  4.85  4.81  5.33  5.41
traj-262:
23.11 23.06 23.18 23.25 23.23 23.28 23.30 23.29 23.44 23.45 23.48 23.41 23.35 23.32 23.25 23.16 22.88 22.53 22.23 20.36 19.20 17.47 15.70 13.98 12.87 11.97 10.37  9.92
 1.44  2.61  3.95  5.19  5.23  6.26  7.75  9.02 10.64 11.82 12.18 14.04 15.55 16.62 17.59 19.54 21.52 23.20 23.64 24.19 24.24 24.26 24.15 23.78 23.11 22.55 21.58 21.29
traj-263:
22.51 22.81 23.34 23.55 23.51 23.73 24.05 24.09 24.04 24.79 25.12 25.97 27.14 28.58 29.74 31.16 32.59 33.31 33.91
 1.46  2.10  3.77  5.15  6.54  8.52 10.19 11.30 12.63 14.22 15.98 15.93 15.92 15.85 15.70 15.24 14.53 12.93 11.38
traj-264:
22.78 22.63 22.42 22.21 20.45 19.58 18.13 17.54 15.79 13.99 13.42 11.62  9.74  8.17  6.51  6.21
 1.66  2.58  4.04  4.24  4.88  4.90  4.87  4.82  4.82  4.76  4.74  5.27  5.06  4.70  4.27  4.23
traj-265:
23.24 23.35 23.36 23.23 23.31 23.32 23.44 23.43 23.73 23.79 23.80 23.24 23.08 22.58 22.43 22.15 21.16 20.00 19.11 17.33 15.87 14.15 12.45 11.60  9.94  8.57  7.76
 1.12  3.08  4.94  6.66  8.40  9.89 11.71 12.11 13.94 15.67 16.80 18.63 19.19 20.95 22.42 23.26 24.02 24.02 24.04 24.14 24.20 23.48 22.64 21.63 21.30 21.24 21.23
traj-266:
24.39 24.10 23.71 23.50 22.61 22.37 22.24 22.45 23.37 24.01 25.65 27.45 29.42 30.54 31.56 32.83 33.95 34.13
 1.06  2.82  4.53  6.23  7.71  8.90 10.23 11.24 12.89 13.84 14.99 15.70 15.67 15.65 16.05 16.68 16.69 15.81
traj-267:
22.07 22.68 23.07 21.94 20.15 18.97 18.11 16.36 14.88 13.40 12.05 11.75 11.32 10.97
 1.85  3.04  3.82  4.67  4.24  4.33  4.37  4.41  4.45  4.57  5.44  6.47  7.89  9.48
traj-268:
23.58 23.58 23.41 23.34 23.53 23.53 23.50 23.83 24.04 24.09 24.17 24.11 24.08 23.45 23.07 22.05 20.33 19.14 17.42 15.97 15.70 15.08 14.94 13.96 13.36
 1.67  3.29  4.51  5.52  7.25  9.05 10.69 12.37 14.13 15.83 17.29 19.27 19.83 21.55 23.04 23.64 24.48 24.38 24.29 24.10 23.96 22.32 22.05 20.61 19.61
traj-269:
22.90 23.15 23.29 23.43 23.20 22.88 22.63 22.60 22.56 22.83 24.05 24.57 24.51 26.18 27.92 29.66 31.07 31.14 31.17 31.51 31.68 33.00 34.17
 1.19  2.05  3.70  4.91  6.54  8.19  8.85  9.38 10.08 11.99 13.09 14.13 16.00 15.98 15.87 15.80 16.37 18.07 19.52 20.55 22.20 23.68 25.15
traj-270:
22.68 22.66 22.43 21.11 19.36 18.20 16.74 15.02 13.57 12.41 11.08  9.21  7.49  5.71
 0.53  1.96  3.91  4.19  4.35  4.45  4.61  4.76  4.88  6.18  7.63  7.21  6.77  6.35
traj-271:
24.21 24.13 23.99 23.96 23.72 23.56 23.44 23.29 23.19 23.16 22.95 22.75 22.64 22.54 22.34 21.90 21.14 19.39 17.93 16.46 15.57 14.49 13.38 12.46 11.50
 0.57  1.21  3.15  4.29  6.17  7.91  9.12 10.89 12.10 14.03 15.90 17.84 18.54 20.53 22.15 23.42 24.15 24.17 24.19 24.18 24.19 23.89 22.31 21.21 20.23
traj-272:
23.00 22.94 22.87 23.05 23.21 23.30 23.92 24.13 24.46 24.52 24.90 25.07 26.46 27.03 28.75 30.18 31.05 31.16 31.23 31.38 31.61 31.72
 1.26  2.52  4.16  5.00  6.49  7.94  9.50 10.04 11.52 12.06 13.87 14.82 15.61 15.65 15.68 15.30 16.93 18.49 19.50 21.41 22.92 23.69
traj-273:
23.83 23.89 23.73 22.46 21.28 19.33 17.63 16.16 14.44 12.96 12.11 10.34  8.70  7.27  5.39  4.72
 1.43  2.02  4.00  5.07  4.86  4.68  4.61  4.55  4.55  4.74  4.84  5.20  5.15  5.17  4.59  4.08
traj-274:
23.11 23.15 23.19 23.21 23.12 23.14 23.16 23.18 23.12 23.11 23.29 23.12 22.66 22.38 22.05 20.47 18.70 17.55 15.76 15.17 14.95 14.71 13.82 13.62
 1.28  2.79  4.16  6.15  7.66  9.38 10.99 12.22 13.46 14.95 16.86 18.84 20.11 22.02 23.52 24.27 24.14 24.10 24.13 23.68 22.20 21.30 19.71 19.35
traj-275:
22.58 22.95 23.23 23.50 23.94 23.97 24.11 24.11 24.13 24.30 24.55 26.22 27.95 29.40 31.08 31.56 32.97 33.97
 1.30  3.11  4.67  6.47  8.36  8.84 10.46 11.32 12.84 14.52 15.68 15.82 15.88 15.93 16.69 17.71 18.81 19.10
traj-276:
23.74 23.42 22.03 20.57 19.10 17.67 16.50 15.05 13.13 12.27 11.70  9.92  8.09  6.36  4.49
 1.94  3.24  4.61  4.47  4.33  4.44  4.47  4.51  4.74  5.20  5.46  5.09  4.86  4.71  4.51
traj-277:
22.43 22.44 22.61 22.82 23.04 23.39 23.66 23.93 24.30 24.41 24.96 24.90 24.93 24.58 24.19 23.56 23.00 22.78 21.16 19.70 18.21 16.44 14.72 14.30 15.41
 1.16  1.72  3.50  5.13  6.79  8.31 10.00 11.22 12.81 13.09 13.77 15.77 16.03 17.82 19.23 21.12 22.79 23.90 24.45 24.42 24.40 24.24 23.68 22.61 21.06
traj-278:
24.75 24.52 24.30 24.18 24.09 24.12 23.97 23.94 24.21 24.94 26.01 27.87 29.23 30.06 31.14 31.17 31.17 31.19 31.62 32.01 32.23 32.57 33.24 33.96
 1.54  2.97  4.88  5.68  7.32  8.17 10.07 11.89 12.43 13.96 14.57 14.50 14.80 15.01 16.59 17.13 18.61 19.16 20.99 22.03 23.92 25.55 27.29 28.46
traj-279:
23.93 23.79 23.01 22.19 20.33 19.16 17.39 15.63 13.78 12.17 10.72  9.94
 0.96  1.22  2.36  3.73  4.42  4.53  4.69  4.85  4.91  5.97  6.87  7.29
traj-280:
24.15 24.12 23.95 23.88 23.86 23.83 24.14 24.19 24.14 24.31 24.02 23.82 23.64 23.42 23.07 22.33 20.35 18.58 16.80 15.94 15.70 14.06 13.28 11.56 10.16  8.64  7.65
 1.45  2.89  4.66  6.35  7.83  8.92 10.76 11.67 13.63 15.40 17.34 19.06 20.51 22.48 23.90 24.39 24.63 24.37 24.24 24.15 23.98 23.39 23.34 23.24 23.23 23.29 23.32
traj-281:
23.11 22.92 22.94 23.15 23.38 23.90 23.33 23.61 23.77 24.43 25.93 27.08 28.77 29.06 30.88 31.14 31.15 32.71
 1.52  3.28  3.98  5.93  6.92  8.61  9.84 11.61 13.10 14.94 15.95 15.86 15.61 15.55 15.96 16.11 16.95 18.11
traj-282:
24.19 23.01 22.28 20.35 20.05 18.30 17.15 15.99 14.29 13.69 12.16 12.02 10.70  9.11  7.80  7.17
 1.63  3.09  3.91  4.29  4.34  4.59  4.65  4.61  4.76  4.84  5.67  5.93  7.12  7.79  8.11  8.84
traj-283:
24.31 24.12 23.84 23.82 23.76 23.70 23.66 23.57 23.60 23.58 23.67 23.64 23.70 23.66 23.65 23.57 23.60 22.35 21.80 20.16 19.19 17.45 16.28 14.67 14.45 14.31 14.63 15.04 15.34
 1.14  2.43  3.47  4.63  6.47  7.49  9.33 10.39 11.78 13.32 15.21 15.50 17.47 19.21 20.02 21.85 23.16 24.35 24.53 24.59 24.44 24.28 24.22 24.19 24.00 22.11 21.02 19.63 18.53
traj-284:
22.36 22.68 22.76 23.37 23.87 23.98 23.94 24.06 23.81 25.27 26.61 28.51 29.36 31.09 32.22 32.78 33.04
 1.52  3.20  4.22  6.05  7.85  9.24 11.08 11.66 13.43 14.04 14.24 14.41 14.51 13.68 12.34 11.04 10.35
traj-285:
22.76 22.95 23.37 23.84 22.26 21.01 20.14 18.70 17.85 16.12 14.37 13.49 11.69  9.86  9.09  7.41  5.93
 1.18  2.05  3.58  4.59  5.74  4.39  4.42  4.44  4.46  4.39  4.50  4.68  5.16  5.66  6.52  7.55  7.24
traj-286:
23.71 23.70 23.69 23.72 23.85 23.78 23.81 23.81 24.06 24.25 24.28 24.08 24.15 24.25 23.99 23.83 21.91 20.00 19.44 17.71 16.24 14.46 13.10 11.46 10.96  9.09  7.51  6.69  5.56
 1.46  2.86  4.63  6.46  8.36  9.95 10.92 11.61 13.43 15.39 16.32 18.11 19.76 21.25 22.96 23.55 24.09 24.36 24.30 24.31 24.25 23.51 22.61 21.51 21.06 20.39 19.69 19.34 18.64
traj-287:
23.39 23.00 22.83 22.93 23.21 23.43 23.54 23.20 22.52 23.03 23.11 24.42 25.29 26.95 28.70 30.12 31.10 31.06 31.04 31.04 31.07 31.08 31.12 31.12 31.18
 1.62  2.57  4.49  6.22  7.66  8.91  9.98 11.59 13.27 13.97 14.39 14.96 15.00 15.93 15.87 15.87 17.16 18.84 19.97 21.12 22.94 24.09 25.53 26.68 27.86
traj-288:
24.69 24.54 24.34 24.21 24.17 22.83 21.07 19.94 18.48 16.70 14.71 12.87 11.49 10.19  8.47  7.43  6.34
 0.69  2.04  3.93  5.02  6.52  5.06  4.53  4.68  4.89  4.75  4.58  4.80  5.59  5.62  5.33  5.11  4.81
traj-289:
22.37 22.42 22.74 22.91 23.12 23.13 23.38 23.54 23.77 24.19 24.40 24.36 24.27 24.05 23.51 23.34 22.68 22.80 21.22 19.76 18.02 16.53 14.92 14.79 12.84 11.05 10.07  8.25  6.71  5.16
 1.16  1.46  3.20  5.08  6.49  7.50  9.03 10.08 11.85 13.60 15.28 17.16 17.56 18.39 19.81 20.43 22.31 23.11 24.15 24.13 24.10 24.02 23.24 23.13 23.28 23.21 23.24 23.09 23.12 23.25
traj-290:
23.08 23.27 23.37 23.47 23.77 23.99 24.12 24.14 23.83 23.97 25.85 27.82 28.99 30.24 31.03 31.05 31.07 31.09 31.08 31.10 31.28 31.35 31.64 31.69 31.85
 1.43  3.34  4.20  5.83  7.59  8.72 10.33 12.24 13.69 15.09 15.24 15.16 15.33 15.64 16.86 18.26 20.15 21.60 22.98 24.07 25.69 26.93 28.72 29.41 30.93
traj-291:
23.29 22.19 21.97 20.39 18.68 17.82 16.39 14.65 13.78 12.75 12.04 11.61 11.14  9.45  7.69  5.72
 1.20  2.24  4.09  4.63  4.63  4.67  4.70  4.71  4.73  6.19  7.72  8.20  8.56  8.68  8.99  9.25
traj-292:
24.37 24.29 24.28 24.36 24.35 24.26 24.11 23.87 23.60 23.39 23.05 22.88 22.94 23.16 23.05 22.61 22.51 21.15 19.95 18.79 17.32 15.88 14.91 13.00 12.61 11.11 10.04  8.19  6.60  5.49
 1.04  1.57  3.51  4.68  6.67  7.98  9.58 11.06 12.91 13.95 15.57 16.62 17.77 19.29 20.84 22.68 23.11 24.08 24.04 24.04 24.04 24.06 23.79 23.76 23.50 22.96 22.79 22.86 22.82 22.90
traj-293:
23.28 23.89 24.10 24.26 24.21 23.69 23.45 22.80 22.50 22.33 23.61 25.52 27.44 29.28 30.52 32.10
 0.71  2.50  3.05  4.76  5.88  7.56  8.69 10.44 11.76 12.97 14.45 14.22 14.21 14.26 14.27 14.33
traj-294:
22.58 22.24 22.13 21.13 19.65 18.77 17.04 15.29 13.84 12.65 11.96 10.50  9.96
 1.39  2.84  3.12  4.08  4.24  4.29  4.43  4.53  4.66  5.46  6.37  5.23  4.98
traj-295:
24.78 24.68 24.33 24.10 24.00 23.79 23.73 23.67 23.32 23.31 23.23 23.12 22.89 22.50 22.56 22.44 22.17 20.51 19.62 18.46 17.02 15.59 13.67 12.04 10.32  8.63  7.24  6.58
 0.56  1.82  3.65  5.62  6.43  8.12  8.97 10.69 12.59 13.09 14.64 15.97 17.13 18.91 20.32 21.83 23.63 24.11 24.24 24.38 24.25 24.12 23.65 23.23 22.55 22.04 21.61 21.40
traj-296:
23.74 23.16 22.92 22.92 23.45 23.71 23.38 23.22 23.59 23.68 23.79 23.92 24.03 25.23 26.93 28.38 29.24 30.38 31.99 32.82 34.11 34.27
 0.71  1.95  2.34  4.13  5.48  7.41  8.86  9.40 11.29 12.17 13.48 14.59 15.51 15.61 15.64 15.74 15.76 15.85 15.86 15.88 14.59 14.34
traj-297:
24.38 23.98 23.78 22.54 21.17 19.84 18.07 16.33 14.57 13.86 12.24 10.96 10.69 10.90
 1.18  2.95  4.40  5.32  4.52  4.33  4.39  4.53  4.68  4.76  5.63  6.46  8.39  8.60
traj-298:
23.21 23.30 23.40 23.42 23.53 23.42 23.43 23.02 22.92 23.23 23.32 23.21 22.94 22.70 22.32 21.28 20.12 18.94 17.48 16.00 14.27 12.35 10.41
 0.67  1.97  3.62  4.94  6.75  8.74 10.61 12.42 13.86 15.82 17.46 18.61 19.85 21.62 23.48 24.12 24.21 24.27 24.20 24.07 24.14 23.76 23.72
traj-299:
24.41 23.60 23.23 23.27 23.29 23.28 23.27 23.21 23.29 23.52 23.79 24.41 25.97 27.41 29.05 30.20 32.10 32.67
 0.75  1.66  3.49  4.61  6.41  7.39  8.50 10.03 11.08 12.87 13.40 14.90 15.93 15.77 15.45 15.14 14.52 14.35
