traj-0:
22.57 22.47 21.68 19.77 17.84 17.25 15.48 13.77 12.28 11.74 10.08
 1.99  3.58  4.97  5.47  5.93  5.92  5.87  6.53  6.12  5.97  5.49
traj-1:
22.92 22.78 22.93 23.40 23.63 23.72 23.68 23.70 23.75 23.94 24.00 23.99 24.00 24.11 23.41 21.52 19.62 19.04 17.56 16.67 14.77 13.23 11.87  9.91  8.37  6.80  5.73
 1.17  2.48  4.22  6.15  7.94  8.93 10.32 11.99 12.69 14.63 15.45 17.26 17.56 19.28 21.03 20.93 20.58 20.64 20.76 20.83 20.66 20.81 20.75 20.87 20.58 21.29 21.73
traj-2:
24.70 24.19 24.13 24.03 23.92 23.90 23.87 23.91 24.06 24.11 24.16 24.22 24.17 24.19 24.14 24.02 23.90 23.59 23.69 24.10 24.45 25.30 27.19 28.67 29.26 30.90 31.67 32.51 32.58 33.16 33.37 33.61
 1.93  3.51  5.18  7.12  8.94 10.77 11.66 13.52 15.39 16.56 18.35 20.25 20.68 21.58 23.28 24.14 25.79 27.51 27.93 29.49 30.41 31.01 31.25 31.31 31.32 30.41 29.19 27.56 26.89 25.09 23.44 21.49
traj-3:
22.19 22.72 22.87 21.44 20.97 19.12 17.68 15.74 14.13 13.50 12.68 11.07 10.67
 0.92  2.29  4.05  5.12  5.10  5.01  5.24  5.59  6.44  6.98  8.00  8.98  9.13
traj-4:
22.09 22.90 23.16 23.87 24.29 24.33 24.48 23.53 23.16 22.01 22.10 22.39 22.37 22.24 20.55 20.25 18.52 16.76 15.12 13.24 11.33  9.58
 0.97  2.72  4.45  6.31  8.18  9.06 10.52 12.03 12.79 13.90 15.72 17.20 19.15 19.73 20.46 20.46 20.46 20.44 20.40 20.49 20.71 21.11
traj-5:
23.39 23.66 23.90 23.98 24.23 24.21 24.05 23.53 23.26 23.46 23.69 24.01 24.22 24.19 24.17 24.14 24.09 24.06 24.08 24.17 25.69 26.87 28.62 29.79 31.13 30.98 30.75 30.63 30.46
 1.35  3.25  4.99  5.98  7.86  9.27 10.76 12.58 14.51 16.21 17.42 19.06 20.49 21.62 22.67 23.88 24.69 26.48 28.38 30.29 31.06 31.21 31.48 31.52 30.51 28.77 26.83 25.34 23.38
traj-6:
24.29 23.74 23.16 21.30 19.76 18.89 17.18 15.33 13.65 12.24 10.34  8.87  8.18  6.95
 1.29  2.45  3.62  4.25  5.09  5.24  5.51  5.98  6.50  7.50  7.53  6.33  5.76  4.62
traj-7:
24.03 23.52 22.89 22.59 22.62 23.06 23.52 24.05 23.87 23.78 23.44 23.36 22.73 22.58 22.80 22.57 20.85 20.55 18.81 17.34 16.48 14.54 13.03 12.49 10.58  9.12  7.33  5.57  5.04
 0.40  1.47  2.94  3.63  5.54  6.84  8.13  9.48 11.40 11.84 13.51 13.80 15.69 17.46 18.06 19.89 20.46 20.48 20.54 20.59 20.65 20.80 19.51 19.27 18.93 19.13 19.23 19.71 19.95
traj-8:
23.74 24.51 24.75 24.67 24.73 24.73 24.61 24.45 24.33 24.19 24.36 24.20 24.14 24.13 24.13 24.02 24.01 24.02 24.02 23.93 24.14 24.59 25.47 26.33 27.78 29.56 29.86 30.04 30.32 30.63 31.10 31.00 30.77 30.78 30.74 30.58 30.47 30.37 30.37 30.40
 0.45  2.11  3.90  5.34  6.44  8.23  9.80 11.14 12.95 14.79 16.53 18.39 19.44 20.86 21.45 23.40 23.78 25.43 26.01 27.92 28.65 30.49 31.01 31.09 31.26 31.39 31.39 29.48 28.34 28.02 26.48 25.69 23.72 22.89 21.32 19.40 17.79 16.09 15.35 13.55
traj-9:
22.59 23.22 22.07 20.54 19.40 18.01 16.63 15.81 14.73 13.51 12.60 11.15 10.16  9.29  8.58  7.06  6.76
 1.12  2.74  4.33  5.17  5.11  5.39  5.69  5.82  6.53  7.61  8.30  8.77  7.81  6.49  5.59  4.61  4.65
traj-10:
22.85 23.07 23.15 23.06 23.69 24.14 24.31 24.40 24.37 24.37 24.37 24.26 24.24 23.23 21.51 20.03 19.15 17.36 16.49 14.72 14.17 12.60 10.68 10.16  8.43  7.44  5.76
 1.84  3.83  5.32  5.99  7.83  9.15 11.09 13.00 14.46 16.23 16.53 18.27 18.57 20.03 20.86 20.75 20.67 20.64 20.85 21.53 21.68 20.82 20.51 20.06 20.64 21.03 21.82
traj-11:
24.76 24.70 24.51 24.51 24.41 24.40 24.38 23.76 23.59 23.91 24.06 24.18 24.29 24.27 24.27 24.12 24.15 24.05 24.12 24.41 25.40 26.55 27.74 28.91 30.69 30.93 31.12 30.99
 1.44  2.58  4.42  5.50  7.42  9.23  9.97 11.62 12.92 14.76 15.77 17.31 18.48 19.64 21.36 23.26 25.00 26.98 28.80 30.58 31.12 31.13 31.16 31.20 30.53 30.07 28.46 27.17
traj-12:
24.53 23.59 22.93 21.41 21.12 19.22 18.27 17.15 15.43 14.31 13.23 12.94 11.20 10.75 10.25
 0.64  2.08  3.18  4.26  4.31  4.44  5.00  5.24  5.47  6.10  7.50  8.02  8.61  6.80  4.90
traj-13:
23.41 23.48 23.52 23.81 24.12 24.15 24.14 24.14 24.17 24.22 24.25 24.17 24.13 24.08 23.04 22.03 20.08 18.60 17.16 15.98 14.81 13.23 11.39  9.66  8.74  7.46  6.75  6.13
 1.87  3.30  4.07  5.65  7.30  9.20  9.50 11.49 12.09 13.73 14.61 16.36 17.19 18.38 19.86 20.48 20.83 20.81 20.77 20.81 20.76 19.78 19.62 19.81 19.82 20.47 21.78 22.09
traj-14:
24.25 24.11 24.09 24.04 24.06 24.08 23.97 24.10 24.09 23.70 23.72 23.45 23.80 24.06 24.04 24.02 24.00 24.01 24.17 24.27 24.41 25.68 27.18 28.64 30.39 32.10 34.03
 0.84  2.69  4.40  6.38  7.27  9.20 10.15 12.14 13.49 14.94 16.48 17.51 19.34 20.80 21.38 23.07 24.22 25.87 27.47 28.65 30.11 31.03 31.07 31.08 31.60 32.02 32.12
traj-15:
22.79 22.53 22.31 22.16 21.17 19.57 18.15 16.69 15.52 13.92 12.81 11.17 10.22  8.36  6.51
 1.47  2.95  3.15  3.55  4.89  5.52  5.77  5.87  5.96  6.39  6.46  6.51  6.60  7.22  7.79
traj-16:
23.94 23.92 23.76 23.74 23.70 23.56 23.64 23.69 23.03 22.30 22.82 23.32 23.09 22.04 20.44 18.66 16.90 15.46 14.56 13.10 11.46  9.74  8.63
 1.10  1.95  3.67  5.59  7.04  9.03 10.81 11.95 13.53 14.67 16.31 18.02 18.52 19.60 20.38 20.26 20.39 20.56 19.03 17.85 17.58 17.35 17.18
traj-17:
23.50 23.78 24.19 24.35 24.56 24.47 24.15 24.03 23.92 24.06 24.18 24.20 24.26 24.28 24.23 24.15 24.08 24.06 24.00 23.99 24.03 24.03 25.45 26.63 28.39 30.07 30.69 31.26 31.43 31.84 31.99 32.06 31.87 31.90 31.95 31.99 32.05 32.46 32.67
 1.16  2.48  4.22  5.05  6.20  7.85  9.75 11.74 12.58 13.72 14.89 16.71 18.48 19.92 21.07 22.75 24.23 24.83 26.67 28.03 29.40 30.23 31.05 31.04 31.06 30.86 30.21 28.85 28.30 26.91 25.61 24.03 22.36 20.67 19.12 17.19 16.90 14.99 14.12
traj-18:
23.47 22.73 22.41 21.32 19.66 18.32 17.27 15.49 14.02 12.52 11.55  9.88  8.26  7.23  5.43
 1.77  3.36  4.34  5.43  5.16  5.41  5.37  5.71  6.85  7.69  8.58  9.21  8.73  8.46  7.62
traj-19:
24.19 23.55 22.60 22.47 22.53 22.88 22.98 23.11 22.77 23.12 23.27 23.60 23.21 22.63 22.36 20.51 18.52 17.64 16.51 15.01 14.36
 1.47  2.39  3.56  4.79  6.23  7.88  9.33 10.14 11.99 13.16 14.83 16.57 17.57 18.88 19.88 20.56 20.40 20.30 20.19 19.13 17.44
traj-20:
23.71 23.85 23.93 24.03 24.08 24.10 24.17 24.18 24.04 24.04 24.00 23.95 23.74 23.69 23.73 23.86 23.98 23.96 23.96 23.98 25.59 27.06 28.83 30.37 30.50 31.18 31.60 31.94
 0.69  2.52  4.34  5.84  6.43  8.16  9.34 11.24 13.20 13.50 15.45 17.18 19.12 21.04 22.76 23.81 25.76 27.73 29.62 30.64 31.27 31.48 31.57 30.81 30.01 28.26 26.80 25.54
traj-21:
23.19 23.55 23.98 24.32 23.93 22.02 20.12 19.92 18.05 17.75 15.93 15.07 13.38 11.65 10.45  9.26  9.30  9.33  9.37  9.10
 0.46  1.24  2.30  4.24  5.45  4.92  4.88  4.91  4.80  4.78  4.75  4.72  4.91  5.25  5.52  6.43  7.99  9.70 10.00 10.12
traj-22:
24.51 24.17 24.00 23.69 23.93 24.11 24.25 24.14 24.28 24.31 24.30 24.23 24.22 23.38 22.43 21.27 19.53 18.09 17.51 15.74 15.00 13.21 11.78 10.42  9.36  7.84  6.74  4.99  4.70
 0.73  2.08  2.84  4.30  5.73  6.57  8.34  9.78 11.74 12.63 14.58 15.47 17.24 18.87 19.70 20.63 20.48 20.33 20.31 20.07 19.58 20.03 20.43 20.87 21.14 21.55 21.86 22.61 22.70
traj-23:
24.75 24.57 24.26 23.97 24.21 24.41 24.46 24.23 23.61 23.01 23.17 23.59 24.11 24.23 24.19 23.99 23.99 23.95 23.53 23.09 23.87 25.44 26.90 28.33 29.51 31.19 32.32 32.94 33.20 33.78 34.19 34.52 34.90
 1.17  2.44  4.34  6.26  7.62  8.48 10.42 11.54 13.29 14.73 16.54 17.61 18.81 19.94 21.08 22.26 24.11 25.42 27.27 28.62 30.30 31.01 31.08 31.14 31.22 30.57 30.08 28.41 26.81 25.40 24.16 22.59 20.66
traj-24:
24.14 23.39 22.43 21.69 20.80 19.95 18.49 17.90 16.15 14.85 13.92 12.26 11.47
 1.64  3.09  4.61  5.06  5.95  5.94  5.88  5.89  5.73  6.43  7.16  6.56  4.91
traj-25:
22.17 22.00 21.63 22.08 22.30 22.41 22.58 22.67 22.44 22.32 22.34 22.42 22.44 22.14 21.01 20.12 18.66 17.47 15.86 14.16 12.37 11.75  9.98  8.63
 1.39  3.27  4.64  6.23  7.32  8.37  9.58 10.46 12.41 13.65 15.40 16.54 18.49 19.32 20.26 20.32 20.43 20.53 20.67 20.73 20.76 20.53 19.78 18.84
traj-26:
23.85 23.98 24.14 24.23 24.17 24.01 23.92 24.01 23.73 23.54 23.42 23.32 23.26 23.56 23.55 23.69 23.89 23.99 24.03 25.55 27.28 28.76 29.32 30.99 30.98 31.08 31.17 31.14 31.21 31.28 31.27 31.27 31.24 31.12
 1.57  2.73  4.47  5.88  7.62  9.36 11.16 12.73 14.70 16.54 17.78 19.57 21.02 22.35 24.15 25.79 27.63 29.42 30.15 31.20 31.21 31.30 31.38 30.30 28.74 27.96 26.06 24.73 24.05 22.08 20.36 18.87 17.16 15.50
traj-27:
22.27 22.43 20.87 19.24 17.34 16.75 15.05 13.56 12.82 11.98 11.44 11.52 11.24
 1.96  3.94  4.65  4.95  5.36  5.49  5.79  6.34  6.97  7.87  9.61  9.90 10.02
traj-28:
24.16 23.81 23.77 24.12 24.31 24.31 24.26 24.29 24.32 24.47 24.62 24.65 24.65 24.10 23.86 22.29 21.84 19.90 18.13 16.35 15.61 13.70 12.89 11.55 10.01  8.65
 1.67  3.29  3.84  5.55  7.32  9.04  9.93 11.36 12.96 14.27 16.01 16.87 18.11 20.02 20.56 20.30 20.30 20.30 20.26 20.20 20.03 20.17 20.43 20.81 20.78 20.81
traj-29:
22.62 22.99 23.17 23.33 23.61 24.05 24.10 24.12 24.11 24.10 24.09 24.11 24.12 24.11 24.09 24.07 24.05 24.07 23.94 23.98 23.93 24.41 25.88 27.79 28.75 30.22 31.40
 1.36  3.30  4.35  5.23  6.67  8.21  9.51 11.23 12.10 13.49 14.24 15.50 16.90 18.06 20.03 21.60 23.25 24.41 26.24 28.19 28.53 30.42 31.26 31.42 31.43 30.78 30.34
traj-30:
22.46 22.55 22.62 21.28 19.81 17.85 16.70 15.54 13.80 12.97 11.96 10.86  9.43  8.85  7.19  5.95
 1.14  2.93  4.04  5.31  5.52  5.72  5.84  5.89  6.78  7.92  8.25  8.43  8.29  8.24  8.20  8.25
traj-31:
24.45 24.07 23.99 23.98 24.05 24.04 23.82 23.73 23.35 22.96 23.39 23.72 23.98 23.43 21.49 19.76 18.31 17.18 16.02 14.90 13.08 12.05 10.55 10.02  8.38  7.42  5.75
 1.89  3.78  5.33  6.38  8.10  8.39 10.12 10.58 12.12 13.86 15.77 17.29 18.42 20.04 20.29 20.27 20.16 20.11 20.06 19.74 20.41 20.84 21.45 21.61 22.37 22.63 23.35
traj-32:
23.92 24.29 24.30 24.17 24.12 24.22 24.30 24.42 24.52 24.60 24.68 24.66 24.56 24.46 24.35 24.20 24.17 24.04 23.91 23.81 23.95 25.52 26.39 28.13 29.88 30.79 30.84 31.10 31.29 31.61 31.77 31.57 31.80 31.94 32.12 32.32
 1.31  3.02  4.48  6.45  7.22  8.10  9.22 10.95 12.88 14.42 15.12 17.08 18.86 20.61 22.33 24.26 24.85 26.59 27.46 28.96 30.51 31.07 31.12 31.36 31.19 31.39 29.45 27.59 27.05 25.59 23.77 21.84 20.23 19.29 18.06 16.26
traj-33:
23.97 23.21 22.14 20.56 19.45 18.28 17.40 15.48 14.15 12.79 11.86 11.17  9.99  9.74
 1.06  1.77  3.32  4.11  4.17  4.22  4.23  4.46  4.62  5.26  6.33  7.10  8.61  9.06
traj-34:
23.72 23.62 23.79 24.03 24.09 23.73 23.56 23.12 22.66 22.26 22.59 23.00 23.09 21.53 19.82 17.83 16.68 15.84 14.57
 1.35  2.05  3.80  5.69  7.03  8.91 10.20 11.96 13.06 14.79 16.57 17.70 19.64 20.15 20.34 20.55 20.65 20.85 22.23
traj-35:
22.22 22.73 23.02 23.34 23.43 23.56 23.64 23.73 23.88 24.14 24.17 24.19 24.23 24.13 23.95 23.82 23.52 22.74 22.89 23.85 24.10 25.60 26.79 27.65 29.13 31.00 31.49
 1.99  3.59  4.94  6.40  8.05  9.55 11.52 13.49 14.05 16.00 17.19 18.35 19.51 21.21 22.69 23.59 25.53 27.36 29.25 30.24 30.40 31.22 31.15 31.14 31.06 31.76 32.11
traj-36:
23.78 24.08 23.38 22.58 21.01 20.41 18.50 17.06 15.92 14.21 13.30 12.23
 1.53  3.49  4.41  6.06  5.00  5.06  5.25  5.39  5.49  5.92  6.47  6.92
traj-37:
23.22 23.20 23.08 23.37 23.63 23.73 23.86 23.67 23.48 23.51 23.78 23.48 23.10 22.22 20.29 19.12 17.38 15.49 13.82 12.38 11.35  9.87  9.19
 1.23  1.71  3.26  4.70  6.33  7.50  8.83 10.68 11.17 12.98 14.35 16.30 18.10 19.89 20.41 20.30 20.28 20.27 19.97 19.79 19.69 19.59 19.53
traj-38:
22.72 23.14 23.35 23.66 23.87 24.37 24.27 24.18 24.21 24.32 24.38 24.18 24.14 24.02 23.63 23.04 22.94 22.86 23.22 23.23 25.12 26.57 28.03 29.82 31.37 32.12 32.45 33.11 33.80
 1.84  3.39  4.38  6.18  6.93  8.80 10.20 11.90 12.78 14.54 16.30 18.28 19.74 20.92 22.11 23.89 25.28 27.05 28.95 30.64 31.22 31.35 31.32 31.34 30.61 29.25 28.31 26.61 24.92
traj-39:
24.06 23.54 23.61 23.47 22.27 20.42 18.50 16.51 14.66 12.85 11.64
 0.64  2.43  3.78  5.56  5.78  5.08  5.11  5.21  5.51  5.53  4.57
traj-40:
23.81 23.89 23.71 23.66 23.81 23.83 23.86 23.84 23.88 23.87 23.25 22.58 22.12 21.15 19.41 17.64 15.87 14.96 14.46 13.31
 1.95  2.52  4.46  6.11  7.87  9.81 10.98 12.35 14.35 14.65 16.27 18.14 19.44 20.41 20.30 20.25 20.37 20.56 21.00 21.98
traj-41:
22.96 22.94 23.02 23.10 23.31 23.50 23.71 23.82 24.14 24.40 24.55 24.48 24.15 23.99 23.97 23.95 23.92 23.95 23.67 25.47 26.65 27.80 29.00 30.44 30.64 30.61 30.65 30.72 30.76 30.94 31.22 31.40 31.60 31.70 31.85
 1.99  3.58  4.76  6.00  7.85  9.47 11.26 11.78 13.53 15.20 16.33 18.32 20.02 21.99 23.95 25.12 26.96 28.76 30.48 31.22 31.10 31.08 31.07 29.88 29.25 27.73 26.59 24.90 23.70 22.39 20.86 19.55 17.58 16.42 15.23
traj-42:
22.32 22.29 22.06 21.19 19.39 17.70 16.05 14.49 13.63 12.36 10.47  8.71  8.39
 1.80  2.57  4.28  4.76  4.94  5.08  5.27  5.64  5.91  6.29  6.08  5.23  5.15
traj-43:
22.62 23.28 23.50 23.55 23.48 23.37 22.97 23.37 23.52 24.04 24.14 23.98 23.84 23.10 22.19 20.86 18.87 17.17 16.88 15.83 14.14 12.38 11.57  9.87  8.14  6.29  5.99
 1.80  2.79  4.76  5.80  7.71  9.00 10.15 11.38 12.94 14.57 16.30 17.46 18.35 19.99 20.15 20.29 20.35 20.54 20.60 19.83 19.28 18.92 18.76 18.53 18.22 18.81 18.79
traj-44:
23.23 23.49 23.64 23.68 23.82 24.05 24.15 24.11 24.11 24.19 24.25 24.27 24.26 24.25 24.18 24.11 24.05 23.99 23.95 23.85 25.67 27.12 28.84 30.06 30.90 32.27 32.75 33.09 32.93 32.84 32.67 32.73 32.72
 1.47  3.28  5.12  5.54  7.35  8.61 10.56 11.93 13.39 15.31 17.08 18.53 19.97 21.42 22.59 24.51 25.69 27.26 28.63 30.30 31.09 31.31 31.63 31.43 31.20 30.50 29.39 27.53 26.15 25.12 23.26 22.27 20.87
traj-45:
22.05 22.38 23.18 23.40 23.59 21.88 20.04 18.91 16.98 16.69 14.90 13.43 12.25
 1.00  1.29  2.88  4.04  4.85  5.73  5.15  5.08  5.03  5.13  5.76  6.16  6.22
traj-46:
22.80 23.05 23.33 23.58 23.68 23.89 23.96 24.15 24.24 24.28 24.27 24.14 24.14 24.14 23.82 22.44 21.33 19.62 18.48 16.74 15.48 14.26
 0.79  2.21  4.05  5.64  6.21  8.16  9.05 10.64 12.53 13.70 15.37 17.08 17.68 19.47 21.30 20.69 20.43 20.27 20.17 20.28 19.39 18.08
traj-47:
22.10 22.73 22.86 22.84 23.09 23.11 23.02 23.50 23.50 23.68 24.00 24.27 24.33 24.33 24.25 24.20 24.14 24.12 24.01 24.03 24.14 25.83 27.62 28.51 30.21 30.49 31.21 31.56 32.44 32.79 33.34
 0.81  2.49  4.24  4.70  6.67  7.47  8.79 10.60 11.54 12.88 13.90 15.60 17.34 19.11 20.30 21.97 23.15 24.64 26.62 28.59 30.19 31.05 31.09 31.11 30.82 29.04 27.31 26.77 25.25 24.68 23.42
traj-48:
22.25 22.85 22.38 20.62 18.66 17.83 15.84 14.13 12.38 11.09  9.42  8.30  7.09  5.61  4.87
 1.69  2.64  4.44  4.68  4.81  4.88  4.97  4.99  5.21  5.56  5.90  6.15  6.46  6.66  6.78
traj-49:
23.90 23.69 23.75 23.93 24.08 24.15 24.07 23.97 24.07 24.28 24.20 24.18 23.88 22.97 21.37 20.49 18.75 18.16 16.69 16.11 15.85 13.93 12.43
 1.16  2.88  4.80  6.43  7.82  8.68 10.27 11.33 12.92 14.89 16.67 16.97 18.77 19.84 20.52 20.43 20.31 20.26 20.17 20.09 19.94 19.44 18.68
traj-50:
24.33 23.47 23.66 23.80 23.63 23.69 23.98 23.85 23.88 23.92 23.82 24.06 24.08 24.08 24.08 24.10 24.09 24.03 23.98 24.12 25.57 26.57 28.02 29.79 31.49 32.44 33.72
 0.61  2.38  4.30  6.19  8.04  9.47 11.41 13.37 14.32 16.27 17.29 19.02 20.78 22.71 24.39 25.28 26.44 28.17 29.05 30.31 31.14 31.12 31.11 31.29 30.44 29.96 29.30
traj-51:
23.70 23.52 23.21 22.35 20.46 18.57 17.31 15.58 14.23 12.43 11.40  9.92  8.00  6.35
 1.27  3.06  4.63  5.43  5.03  5.11  5.15  5.36  5.39  6.06  6.50  6.91  6.95  6.93
traj-52:
22.37 22.63 23.27 23.55 23.77 23.96 24.08 24.34 24.54 24.75 24.68 24.29 23.82 22.71 20.93 20.35 18.36 16.62 14.71 12.88 11.78  9.93  7.97  6.24
 1.68  2.51  4.05  5.53  7.16  9.04 10.09 11.99 12.85 13.72 15.45 16.86 18.58 19.94 20.22 20.38 20.50 20.50 20.47 20.62 20.62 20.81 21.14 21.51
traj-53:
23.32 23.33 23.36 23.50 23.60 23.67 23.78 23.73 23.66 23.80 23.82 23.99 24.13 24.11 24.05 24.05 24.14 24.18 24.19 24.20 24.23 25.83 26.42 28.18 28.74 30.20 31.04 31.41 31.85 32.49 32.68 33.26 33.42
 1.36  3.28  5.23  6.44  8.06  9.89 11.61 13.22 14.33 16.08 16.73 18.58 20.52 21.12 22.88 23.78 24.91 26.64 27.52 28.66 30.33 31.16 31.17 31.31 31.29 31.29 29.61 28.21 26.33 24.49 23.97 22.60 22.04
traj-54:
24.67 24.61 24.65 24.16 23.23 21.74 20.79 18.83 17.50 16.34 14.51
 1.11  2.84  3.42  5.24  6.63  5.68  4.93  4.88  4.93  4.93  4.36
traj-55:
22.52 22.73 23.05 23.35 23.54 23.71 23.96 23.88 23.81 23.72 23.70 23.66 22.70 22.39 20.69 20.10 18.37 17.80 16.05 14.58 13.03 11.50  9.58  7.69  6.22  4.34
 0.74  1.58  3.30  4.97  6.39  7.96  9.70 11.64 13.32 14.28 15.81 16.35 17.95 19.54 20.36 20.42 20.53 20.60 20.73 20.54 20.35 20.27 20.78 21.08 21.13 21.31
traj-56:
24.80 24.46 23.83 23.57 23.53 23.51 23.85 23.97 23.96 23.99 23.94 24.01 24.03 24.05 24.04 24.03 23.91 23.90 23.97 23.91 24.26 25.54 27.03 28.23 29.99 31.49 32.32 32.62 32.19 32.32 32.36 32.54 32.69 32.82 33.49
 0.53  1.12  2.63  4.45  6.23  7.83  9.76 10.71 12.24 13.42 14.78 16.50 17.83 19.32 21.06 22.54 24.48 24.96 26.81 28.49 30.38 31.07 31.10 31.13 31.21 30.05 28.91 27.16 25.45 24.22 23.24 22.04 20.81 19.91 18.13
traj-57:
24.55 24.40 24.22 22.99 21.45 20.30 18.57 16.87 15.78 14.39 13.85 12.05 10.80  9.99  8.05
 1.71  3.28  5.09  6.64  5.59  5.15  5.10  5.65  5.99  6.82  7.51  8.11  8.32  8.54  8.57
traj-58:
24.19 23.97 23.91 23.82 23.80 23.85 23.83 23.83 23.82 23.85 24.04 24.14 24.19 23.23 22.44 20.59 19.44 18.56 17.39 16.54 15.79 13.86 12.70 12.03 10.31 10.12  8.70  7.31  5.65  4.28
 0.88  2.79  3.78  5.48  6.38  8.31  8.61 10.49 11.68 13.23 15.12 16.89 17.78 19.39 20.14 20.82 20.84 20.91 20.89 20.91 21.36 21.71 20.99 20.46 19.68 19.44 18.42 18.06 17.72 17.39
traj-59:
22.11 22.50 22.78 23.14 23.54 23.64 23.90 24.00 24.03 23.95 24.20 24.17 24.14 24.07 24.04 24.01 23.99 23.93 23.88 23.90 23.95 23.91 25.58 27.32 29.08 30.51 31.68 32.46 33.27 33.96 34.73 35.24 35.43
 1.08  2.68  3.69  5.59  7.46  9.13 10.83 11.18 13.15 15.10 15.85 16.24 17.40 19.09 19.99 21.46 22.34 24.33 26.27 28.20 30.18 30.70 31.15 31.27 31.46 31.43 30.28 28.67 27.03 25.25 23.52 22.18 21.64
traj-60:
22.90 23.10 22.92 21.34 20.74 19.01 17.31 15.85 14.12 13.84 11.96 10.09  9.11
 1.77  2.81  4.64  5.67  5.66  5.58  5.84  5.94  6.87  6.97  7.26  7.64  7.79
traj-61:
24.65 23.63 22.72 22.99 22.90 23.09 23.34 23.63 23.72 23.95 24.22 24.21 23.87 22.90 22.61 21.86 19.95 18.22 16.77 15.44 14.25 13.93 12.06 10.41  9.96
 1.41  1.80  3.12  3.80  4.43  6.22  7.78  9.69 10.38 12.31 14.28 16.06 17.92 19.49 19.94 20.54 20.72 20.70 20.53 20.27 19.51 18.98 18.93 19.95 20.39
traj-62:
22.84 23.11 23.26 23.26 23.16 23.08 23.03 22.84 22.72 23.34 24.14 24.11 24.11 24.09 24.10 24.09 24.05 24.33 24.34 24.41 24.44 25.71 27.44 28.63 30.44
 1.09  2.68  4.27  5.09  6.80  8.07  9.33 10.24 11.64 13.50 15.12 16.90 17.79 18.98 20.44 22.14 23.03 24.88 26.35 28.13 30.13 31.05 31.07 31.07 31.42
traj-63:
23.84 23.05 22.04 21.16 19.86 18.73 16.86 15.48 13.58 12.82 11.35 10.11  8.71  6.77  6.48
 0.61  2.24  3.48  4.64  4.85  4.90  5.02  5.07  5.48  5.65  6.07  6.33  6.84  7.10  7.18
traj-64:
23.24 23.02 22.52 22.34 22.21 22.60 23.27 23.76 23.62 23.54 23.21 23.57 23.93 22.63 21.28 19.51 18.06 17.47 15.95 15.47 13.75 11.87 10.32
 1.72  2.66  4.09  4.61  6.54  8.50  9.92 11.49 13.45 15.01 16.17 18.06 19.35 20.40 20.27 20.22 20.16 20.12 20.04 19.68 19.38 18.89 18.67
traj-65:
23.49 23.53 23.62 23.74 23.80 23.85 23.99 23.98 24.12 24.12 24.07 24.06 24.02 23.95 24.00 23.99 23.85 23.70 23.64 23.64 23.39 24.78 26.53 27.96 29.32 30.33 30.55 31.05 31.48 31.93 32.18 32.54 33.11 33.47
 0.74  1.74  3.71  5.59  7.59  8.16  9.80 11.19 13.11 13.48 15.44 16.69 18.21 20.16 21.71 22.31 24.28 25.69 26.48 28.18 30.00 31.17 31.14 31.14 31.05 30.48 29.04 27.45 26.15 24.62 23.91 22.66 20.81 19.73
traj-66:
24.74 23.91 22.76 21.19 19.70 18.29 16.32 14.54 14.06 13.88 13.83 13.02
 1.50  2.81  4.08  5.32  5.19  5.18  5.17  5.45  7.28  8.64  9.64 10.34
traj-67:
24.20 23.59 23.33 23.38 23.41 23.48 23.57 24.16 24.14 24.12 23.39 23.13 22.43 22.84 21.72 19.75 18.85 16.88 15.07 14.81 12.96 12.15 10.37  9.95  8.30  6.69  6.10  4.33
 1.17  2.18  3.92  5.68  6.48  8.44  9.63 11.41 13.10 13.69 15.31 15.75 17.46 19.32 20.43 20.38 20.41 20.57 20.95 21.09 21.08 20.99 20.81 20.81 21.10 21.56 21.75 22.12
traj-68:
22.79 23.08 23.57 24.01 24.15 24.05 24.04 24.00 24.03 24.00 23.95 24.02 24.13 24.21 24.12 24.06 24.06 24.02 23.98 24.01 24.05 24.38 25.68 27.12 28.89 29.78 31.63 32.07 31.93 31.87 31.80 31.54 31.42 31.61 31.77 32.31 32.52 32.71 32.95
 0.83  1.66  2.82  3.61  5.29  7.26  7.86  9.60 11.49 12.86 14.43 15.22 17.18 18.50 20.16 21.64 22.79 24.69 26.29 27.67 29.06 30.51 31.21 31.40 31.60 31.65 31.42 29.52 27.76 25.88 25.00 23.60 21.85 20.03 19.33 17.45 16.10 15.24 13.77
traj-69:
23.73 23.12 22.63 22.11 20.20 18.85 16.92 15.36 13.68 11.86 10.20  9.42
 0.95  2.47  3.65  4.85  4.99  5.12  5.28  5.41  5.68  5.84  6.17  6.36
traj-70:
23.36 23.29 23.46 23.54 23.60 23.45 23.73 23.78 23.91 23.95 24.01 24.13 23.53 22.98 21.13 20.58 19.13 17.68 16.23 15.66 14.57 13.29 11.43 10.95  9.25  8.37  6.43  4.48
 0.42  2.36  3.97  4.60  6.33  8.29  9.62 10.67 12.36 12.96 14.82 16.54 18.35 19.77 20.43 20.44 20.45 20.46 20.12 20.03 19.73 19.82 20.00 20.26 21.12 21.42 21.75 22.02
traj-71:
23.63 23.72 23.79 23.71 23.64 23.63 23.95 23.96 23.95 23.98 24.03 24.09 24.11 24.11 24.09 24.15 24.24 24.19 24.50 24.92 25.49 26.65 28.40 29.29 30.63 31.01 31.40 31.42 31.78 31.83 32.28 32.63 32.92 33.42
 1.23  3.01  4.79  6.58  8.13  9.56 11.41 12.90 14.43 16.38 18.23 19.35 21.15 23.11 24.27 25.30 27.06 28.81 30.36 30.77 31.17 31.43 31.63 31.75 30.49 28.93 27.15 26.89 25.02 24.72 22.93 21.49 19.89 18.48
traj-72:
22.53 22.57 23.22 23.45 23.49 22.40 20.80 19.57 18.16 16.42 14.88 14.47
 0.70  1.00  2.61  3.71  4.65  5.61  5.12  5.20  5.32  5.34  6.53  7.28
traj-73:
22.03 22.72 23.86 24.52 24.74 24.88 24.87 24.80 24.78 24.71 24.56 24.41 24.34 24.23 23.21 22.02 20.39 19.79 18.03 17.73 16.00 15.26 14.73
 0.57  0.87  1.43  3.13  4.58  6.43  6.97  8.67 10.08 12.07 13.44 14.86 15.66 17.04 18.52 19.60 20.22 20.26 20.26 20.27 20.01 19.61 19.35
traj-74:
23.86 23.86 24.01 23.84 23.99 24.08 24.03 23.98 23.92 24.06 24.04 24.05 24.06 24.08 24.08 24.07 24.05 24.09 24.03 24.01 23.95 23.85 23.86 25.71 27.17 28.36 30.21 31.05 32.76 32.84 32.48 32.21 32.13 32.18 32.05 32.21 32.08 32.19 32.24 32.33
 0.43  0.73  2.68  3.65  4.99  5.87  7.35  9.17 10.28 11.99 12.59 14.04 15.80 17.43 18.90 19.49 20.99 21.83 23.75 25.15 26.55 28.47 30.32 31.04 31.12 31.09 30.53 28.85 28.01 27.38 25.95 24.34 22.86 22.13 20.53 18.74 17.85 16.57 14.71 14.44
traj-75:
24.79 24.42 22.88 21.49 20.04 18.42 17.30 15.39 15.10 13.38 12.53 10.90  9.58  8.04  6.81  5.59
 1.74  2.01  3.17  4.13  4.30  5.02  5.22  5.69  5.77  6.26  6.54  7.34  7.64  7.03  6.58  5.90
traj-76:
24.29 23.45 22.27 22.92 23.60 24.04 24.33 24.34 24.33 24.23 24.12 23.92 23.94 23.91 22.63 21.19 19.43 17.69 15.93 14.28 12.40 11.34  9.42  7.75
 0.57  1.96  3.55  4.94  6.26  8.15  9.88 10.18 11.94 13.89 15.38 17.25 17.54 19.46 20.33 20.49 20.50 20.56 20.61 20.65 20.66 20.55 20.36 20.24
traj-77:
23.83 23.80 24.01 23.99 24.08 24.06 24.17 24.16 24.21 24.02 23.95 23.88 24.06 24.08 24.07 23.65 23.40 23.18 22.44 22.39 22.93 23.37 24.96 26.75 28.52 30.33 30.17
 0.72  2.23  3.44  5.40  7.15  8.32 10.03 11.80 13.27 15.22 16.32 17.66 19.37 19.76 20.53 22.48 23.20 24.45 26.23 27.23 28.68 30.38 31.15 31.10 31.02 30.30 28.55
traj-78:
24.33 23.69 22.79 21.52 21.26 19.65 19.36 17.64 16.83 15.46 14.39 12.98 11.39  9.92  9.17  7.41  5.81
 0.76  1.64  3.07  4.34  4.47  5.16  5.24  5.37  5.48  5.84  6.47  7.34  7.09  6.42  6.09  5.45  4.84
traj-79:
22.28 22.66 22.45 22.33 22.91 23.40 23.45 23.92 23.94 23.93 23.81 23.48 23.24 23.01 21.74 20.05 18.30 16.56 14.92 13.48 12.91 11.27  9.63
 0.79  1.83  3.60  4.91  6.63  8.03  8.93 10.75 11.58 13.04 14.43 15.80 17.66 19.07 20.31 20.66 20.81 20.90 21.55 20.73 20.56 20.37 19.92
traj-80:
22.11 22.24 22.77 23.32 23.63 23.82 24.12 24.20 24.05 24.22 24.31 24.24 23.81 23.36 22.81 23.46 23.68 23.86 23.97 24.65 25.63 26.79 28.53 30.26 31.35 31.89 32.11 32.28 32.28 32.27 32.24 32.10
 1.33  1.60  3.43  5.12  6.23  7.51  9.04 10.20 12.19 14.06 15.83 17.53 19.39 21.32 22.98 24.53 26.37 27.83 29.22 30.53 31.02 31.05 31.17 30.70 30.28 28.53 27.30 25.48 23.62 21.86 20.20 18.45
traj-81:
23.71 23.40 23.31 21.78 19.91 18.31 16.35 15.79 14.22 14.00 12.46 11.06  9.22  7.92  6.20
 0.95  2.73  4.35  5.42  4.90  5.45  5.76  5.72  6.96  7.15  8.21  8.74  8.70  8.36  8.01
traj-82:
24.02 24.07 24.01 23.94 23.86 23.72 23.78 23.58 23.31 22.94 22.85 22.60 22.31 22.07 21.87 20.07 18.59 16.82 16.53 15.55 14.84 13.08 11.26 10.45
 1.78  2.08  4.04  5.10  6.64  8.62 10.13 11.38 12.85 14.63 15.19 17.17 18.84 19.47 19.69 20.51 20.69 20.92 20.95 21.51 20.35 19.70 19.07 18.75
traj-83:
22.77 22.66 22.73 22.84 22.83 22.88 22.99 23.10 23.15 23.28 23.49 23.66 23.68 23.85 24.04 24.10 24.16 24.20 24.16 24.10 24.17 24.21 25.21 26.35 28.08 29.54 31.52 32.80 34.07
 1.91  2.88  4.05  5.31  7.18  7.78  9.66 11.35 12.62 14.01 15.21 15.99 17.83 19.01 20.07 21.84 23.34 25.22 26.06 27.30 29.15 30.56 31.18 31.43 31.66 31.84 31.66 31.67 32.16
traj-84:
23.95 24.05 24.21 24.23 24.27 24.18 23.27 22.66 22.07 21.31 20.60 19.01 17.89 16.17 14.21 12.56 11.24  9.62
 1.25  2.11  3.43  4.15  5.43  7.34  9.05  7.75  6.41  5.21  5.12  5.08  5.05  5.00  5.18  5.38  5.48  5.58
traj-85:
22.76 22.82 23.08 23.13 23.40 23.40 23.51 23.61 23.75 23.82 23.87 24.00 24.07 24.07 22.86 22.33 21.26 20.39 18.93 17.32 16.85 15.89 14.79 13.84 12.48 10.82
 1.89  2.59  4.40  5.20  7.14  8.90 10.56 12.14 13.98 15.28 16.55 18.50 20.13 21.00 22.35 21.91 20.99 20.97 20.94 20.89 20.89 21.55 22.42 22.50 22.62 22.84
traj-86:
24.79 24.54 24.20 23.61 23.58 23.45 23.97 24.05 24.12 24.20 24.07 24.10 24.12 24.14 24.15 24.13 23.99 23.98 24.01 23.70 25.52 27.28 29.25 30.26 31.34 32.19 32.88 32.98 33.57 34.39 34.83 35.48 35.90
 1.02  2.11  3.69  5.59  6.87  8.32  9.98 11.16 12.89 14.77 16.48 18.02 19.52 21.32 22.90 24.20 25.96 27.86 29.23 30.27 31.06 31.10 31.02 30.43 29.58 28.35 26.69 26.15 24.57 22.98 21.93 20.20 19.09
traj-87:
22.79 22.60 22.25 21.07 19.21 17.52 15.56 13.94 12.36 11.19 10.00  8.30  7.68
 0.44  2.19  3.92  5.02  5.13  5.17  5.29  5.95  7.13  7.47  7.79  6.97  6.07
traj-88:
22.04 23.23 23.38 23.47 23.47 23.42 23.27 23.03 23.04 23.09 23.10 23.35 23.68 23.96 23.89 23.08 22.51 21.61 20.13 18.40 16.65 15.35 15.04 13.65 12.24 10.56  8.87  7.74  6.11  4.58
 1.55  2.96  3.22  5.03  5.46  7.04  8.72 10.57 10.97 12.64 13.28 14.19 15.23 17.01 19.00 20.16 20.45 20.46 20.46 20.48 20.47 20.68 20.99 19.58 18.57 18.54 18.65 18.86 19.13 19.26
traj-89:
23.85 24.35 24.46 24.50 24.38 24.20 23.46 23.20 22.62 22.79 22.84 23.22 23.46 23.65 24.04 23.91 23.47 23.03 22.23 22.19 22.63 23.47 25.12 26.82 27.69 28.97 30.34 31.99 33.97
 1.53  3.26  4.14  6.06  7.67  8.82 10.66 11.16 12.31 14.26 14.70 16.22 17.27 18.30 20.21 21.92 23.58 24.63 25.97 27.68 28.90 30.69 31.16 31.40 31.49 31.64 31.78 31.88 31.88
traj-90:
23.75 22.82 22.25 21.89 20.16 19.62 18.48 17.02 16.47 14.96 13.52 11.99 10.91  9.64  8.88
 1.50  2.76  3.32  3.80  4.65  4.77  4.82  5.09  5.31  6.09  6.86  8.01  8.92  9.09  9.06
traj-91:
22.01 23.11 23.40 23.66 23.89 24.05 24.16 24.12 24.07 23.13 22.36 23.43 24.03 23.98 22.14 20.27 18.50 17.64 15.89 14.50 13.87 12.38 10.63 10.32
 1.54  2.78  4.50  5.81  7.16  9.01 10.67 12.13 13.86 15.07 16.91 18.48 20.18 20.48 20.92 20.57 20.55 20.55 20.45 19.57 19.20 18.09 17.26 17.13
traj-92:
23.26 23.41 23.55 23.64 23.79 23.91 24.09 24.13 24.16 24.21 24.23 24.08 24.21 24.22 24.14 24.05 23.97 23.96 23.96 24.04 24.10 24.33 25.77 27.49 28.67 30.36 30.54 30.78 30.71
 0.86  2.27  3.37  5.33  7.07  8.55 10.12 11.30 12.48 14.21 14.81 16.64 18.11 19.86 21.06 23.02 24.20 25.85 26.33 28.26 28.92 30.36 31.34 31.50 31.64 31.93 30.37 28.49 27.07
traj-93:
23.62 24.23 24.24 23.25 21.60 19.75 17.80 16.52 15.23 13.77 13.33 13.02 12.90
 1.97  3.37  5.01  6.66  5.58  4.89  4.99  4.92  5.09  6.08  7.35  8.49  9.63
traj-94:
22.55 23.60 24.26 24.43 24.61 24.70 24.55 24.27 23.84 23.98 24.06 23.70 23.00 22.64 21.51 20.39 18.65 17.77 16.47 14.87 13.16 12.60 10.73  9.97  8.37  6.55  5.85
 0.81  1.86  3.52  4.96  6.42  8.39  9.79 11.14 12.78 14.13 16.10 16.72 18.48 19.59 20.47 20.54 20.56 20.57 20.63 21.35 21.22 21.20 21.25 21.47 22.01 22.46 22.68
traj-95:
22.75 22.95 23.06 23.50 23.72 24.05 24.21 24.17 24.13 24.06 24.05 23.93 23.94 23.71 23.88 24.10 24.10 24.10 23.97 23.68 23.52 23.37 23.05 24.70 26.28 28.18 29.05 30.25 30.25 30.23 30.37 30.53 31.00 31.17
 1.80  3.24  4.49  6.43  6.67  8.33 10.29 11.11 12.96 14.53 15.39 16.89 18.73 19.54 20.11 21.79 22.39 24.07 25.84 27.34 27.88 28.67 30.52 31.07 31.09 31.06 31.02 29.87 27.97 26.79 25.54 23.97 22.15 20.21
traj-96:
22.58 22.85 22.36 20.84 20.28 18.57 17.98 16.34 14.61 13.51 12.46 11.40  9.60  8.32  6.66  5.98  4.66
 1.80  2.64  4.52  4.91  4.97  5.29  5.37  5.57  6.51  7.67  7.90  9.24  9.62  9.88  9.32  9.05  8.43
traj-97:
22.69 22.48 22.17 22.19 22.58 22.70 22.90 23.27 23.27 23.28 23.30 23.21 22.72 22.55 22.07 20.34 19.45 18.28 17.41 15.55 15.25 14.72 13.02 12.44 10.87
 0.46  1.82  3.74  5.69  7.07  7.65  9.41 10.83 12.17 13.07 14.99 16.08 17.84 18.60 19.62 20.39 20.48 20.57 20.67 20.90 20.92 21.07 21.31 21.39 21.68
traj-98:
22.35 22.61 22.80 23.04 23.23 23.57 23.77 23.75 23.83 24.13 24.15 24.10 24.13 24.09 23.71 23.47 23.18 22.90 22.74 22.12 22.08 23.63 25.08 26.81 27.71 28.90 30.62 31.24 31.88 32.51 32.99 33.79 34.42
 1.59  3.26  4.13  6.00  7.86  9.63 11.57 12.72 13.77 15.43 17.13 19.07 20.88 21.78 23.48 24.73 26.52 28.37 29.33 29.77 30.37 31.25 31.44 31.62 31.69 31.78 31.22 30.21 28.42 26.73 25.82 24.45 23.54
traj-99:
22.56 22.75 22.77 21.43 20.25 18.57 17.13 16.29 14.36 13.32
 0.91  2.46  4.42  5.45  5.15  5.20  4.99  4.81  5.22  6.05
traj-100:
22.91 22.81 22.42 22.53 23.10 23.55 23.93 23.93 23.87 24.08 24.16 23.99 23.75 22.30 21.01 19.24 17.50 16.47 16.05 14.33 12.42 11.57  9.86  8.35
 1.47  2.20  3.24  4.62  6.19  7.74  9.14 11.12 12.35 14.31 15.50 17.21 18.43 19.48 20.45 20.37 20.40 20.64 21.07 21.74 21.99 22.03 22.20 22.47
traj-101:
23.07 23.30 23.32 23.38 23.38 23.54 23.53 23.62 23.73 23.81 23.98 24.00 24.13 24.16 24.09 24.04 24.03 24.04 24.03 23.98 23.94 24.51 24.70 24.84 26.59 27.18 28.91 29.21 30.21 30.64 30.73 31.13 31.38 31.80 32.03 32.24 32.74 33.13 33.76 34.29 34.69
 1.59  3.30  4.14  5.99  6.82  8.30  8.65 10.54 12.33 12.96 14.71 16.40 18.15 19.05 20.82 22.70 23.09 24.26 25.41 27.09 28.92 30.40 30.92 31.04 31.09 31.13 31.08 31.06 30.28 28.44 27.87 26.42 25.36 23.65 22.76 21.24 19.42 17.64 15.85 14.44 13.47
traj-102:
24.57 24.29 24.18 23.08 21.30 19.38 17.38 15.91 15.15 14.95 12.99
 1.88  3.35  3.86  5.42  5.51  5.76  5.85  5.96  5.98  6.20  5.99
traj-103:
22.00 22.31 22.65 22.90 23.17 23.37 23.53 23.80 23.91 23.91 23.73 23.63 23.65 24.05 23.13 22.44 20.98 20.09 18.91 17.12 16.83 14.96 13.35 11.90  9.96  8.68  9.84 10.13 11.88 12.17
 1.05  1.92  3.05  5.01  6.88  8.16  9.08 10.59 12.50 12.80 14.62 15.75 17.34 18.47 20.18 20.46 20.92 20.90 20.83 20.91 20.96 21.53 21.65 21.73 22.09 22.61 23.31 23.38 23.70 23.76
traj-104:
22.47 22.91 23.11 23.30 23.32 23.17 23.17 23.74 23.91 23.67 23.51 23.92 24.02 24.05 24.02 23.92 23.67 23.50 23.27 23.55 23.96 24.78 25.03 26.76 27.06 28.21 30.20 31.71 32.18 33.84
 1.07  2.66  3.63  5.33  6.99  8.81  9.61 11.49 11.74 13.66 15.05 16.86 18.58 20.31 21.72 22.61 23.86 25.31 26.95 28.87 29.59 30.99 31.15 31.29 31.33 31.57 31.43 31.42 31.06 30.10
traj-105:
23.67 23.28 22.76 21.65 20.91 19.06 17.39 15.81 14.60 13.96 12.63 11.36 10.32  8.55  7.77  6.36
 0.62  2.22  3.41  4.37  4.66  5.16  5.54  5.93  7.17  8.79  8.74  8.40  8.05  7.50  7.45  7.09
traj-106:
24.13 23.66 22.68 22.88 22.97 23.13 23.32 23.89 23.91 23.59 22.87 22.85 23.20 24.00 24.14 23.19 21.44 20.89 19.16 17.42 16.83 15.48 13.85 12.96 11.54
 0.48  1.03  2.77  4.02  5.44  7.07  9.05 10.77 12.75 13.40 14.92 16.79 17.27 18.49 19.04 20.68 20.69 20.46 20.46 20.39 20.39 19.66 18.62 18.17 17.42
traj-107:
24.10 24.17 24.36 24.34 24.14 23.99 23.96 24.04 24.15 24.25 24.12 24.05 23.88 23.79 23.77 23.95 24.12 24.29 24.31 24.29 24.29 24.24 24.59 25.22 26.11 27.27 29.05 30.07 30.25 30.47 30.76
 1.73  2.03  3.78  4.07  5.78  7.55  7.95  9.61 11.38 12.57 14.55 15.40 16.78 17.87 18.95 19.98 21.74 23.51 24.23 25.53 27.13 28.85 30.77 31.12 31.10 31.19 31.31 30.41 29.53 27.73 27.01
traj-108:
24.53 23.76 22.93 22.98 21.43 19.68 17.95 16.81 15.42 14.15 13.02 11.85 11.16
 0.54  2.19  3.85  4.44  5.45  5.31  5.45  5.56  5.91  6.56  7.58  8.98  9.77
traj-109:
24.28 24.04 23.90 23.82 23.66 23.41 23.88 24.22 23.55 23.25 23.52 23.77 24.13 23.17 21.34 19.59 18.74 16.83 15.45 13.72 12.04 11.18
 0.53  2.31  3.64  5.25  6.83  8.58 10.36 11.99 13.87 15.11 16.59 17.67 19.35 20.94 20.32 20.28 20.25 20.56 20.86 21.60 22.30 22.30
traj-110:
24.65 24.47 24.10 23.76 23.71 23.83 23.67 23.69 23.85 23.76 23.67 23.56 23.65 23.62 23.65 23.82 23.89 23.93 23.95 24.03 24.07 24.03 25.55 27.27 29.10 30.53 31.54 32.02 32.53 33.12 33.91 34.50 35.41 35.44
 0.68  1.21  2.79  4.41  5.77  7.65  9.55 10.36 12.18 13.67 14.64 15.58 17.45 18.99 19.80 21.70 22.58 24.06 26.05 28.03 28.62 30.21 31.15 31.43 31.62 31.36 31.07 29.96 28.84 27.08 25.28 23.80 22.17 21.87
traj-111:
23.23 22.44 22.14 20.33 18.39 17.09 15.39 14.65 13.42 12.36
 1.39  3.00  3.65  4.25  4.37  4.49  5.12  5.38  6.57  7.05
traj-112:
24.28 24.20 24.09 24.15 24.23 24.22 24.11 23.81 23.77 23.82 24.03 24.04 23.97 23.52 21.66 19.67 18.52 17.36 16.18 14.53 13.74 12.33 10.91  9.20  7.52  5.77  4.69
 0.97  2.62  3.39  5.31  7.08  8.61 10.48 12.40 12.70 14.53 16.44 17.02 18.88 20.19 20.53 20.58 20.60 20.57 20.44 19.96 19.58 19.39 19.29 19.15 19.31 19.48 19.62
traj-113:
24.14 24.32 24.24 24.16 24.06 23.93 23.90 24.06 23.86 23.92 23.87 23.99 24.02 24.11 24.14 24.09 24.12 24.08 24.13 24.13 24.06 25.74 26.91 28.66 29.23 30.47 30.55 30.56 30.79 31.04 31.39 31.49 31.82 32.17 32.41
 0.63  2.57  4.35  4.88  6.40  8.00  9.05 11.00 12.84 13.67 15.62 17.16 17.94 19.85 21.05 23.04 24.45 25.34 27.07 28.14 30.13 31.12 31.26 31.43 31.55 30.55 29.44 27.77 26.51 25.16 23.26 22.39 20.76 19.20 17.60
traj-114:
22.12 22.55 23.18 22.22 22.13 20.37 19.78 18.05 16.31 14.74 14.26 13.45 11.64 10.15  9.41  8.55
 0.73  1.00  2.84  4.36  5.67  5.29  5.34  5.41  5.48  6.47  7.15  8.21  8.67  9.03  8.37  7.55
traj-115:
22.01 22.92 23.59 23.71 23.62 23.57 23.43 23.02 22.28 22.68 23.41 23.13 22.53 21.17 19.98 18.51 16.57 15.23 14.10 12.42
 0.63  2.15  3.95  4.23  5.98  7.75  9.73 11.15 12.51 14.24 15.51 17.42 18.95 20.29 20.23 20.39 20.65 21.39 21.72 22.05
traj-116:
24.59 24.13 24.05 24.29 24.42 24.22 24.14 24.28 24.38 24.40 24.33 24.31 24.30 24.25 24.19 24.10 24.02 23.84 23.68 23.54 24.97 26.74 27.90 29.66 30.56 31.42 31.63 31.84 31.88 31.96 32.74 32.99 33.50 33.53 33.81 34.09 34.59 34.93 35.17
 1.24  3.14  5.07  6.80  8.24 10.16 11.79 12.92 14.09 16.06 17.75 18.65 20.26 21.34 22.81 24.25 25.68 27.65 29.17 29.78 31.15 31.19 31.23 31.23 31.18 29.45 28.63 27.49 26.43 24.70 23.25 22.45 20.68 19.72 18.12 16.21 14.43 13.06 11.92
traj-117:
24.06 23.76 23.63 22.32 21.18 19.68 17.78 16.38 14.87 14.48 13.48 12.60 10.87  9.70  7.81  5.92  4.58
 1.45  3.29  4.19  5.28  5.51  4.95  5.23  5.52  6.32  7.34  8.90  9.64  9.21  8.77  9.23  9.65  9.87
traj-118:
22.71 22.74 22.65 22.60 22.56 22.52 22.44 22.22 22.41 22.53 22.51 22.64 22.34 21.06 19.60 18.44 16.68 15.39 14.00 12.29 11.03  9.56
 1.02  2.67  4.07  5.74  7.70  8.99 10.61 12.58 14.37 15.94 17.28 18.34 19.50 20.59 20.60 20.60 20.75 20.91 20.71 20.07 19.50 18.89
traj-119:
24.20 24.19 24.13 24.12 24.20 24.20 24.22 24.20 24.15 24.13 24.06 23.26 23.63 23.91 24.02 24.11 24.02 23.94 23.84 23.65 23.37 23.98 25.75 27.23 28.39 30.23 31.12 32.11 33.55 34.00
 1.28  2.35  4.21  5.59  7.29  7.89  9.36 10.43 12.09 12.99 14.65 16.33 17.60 18.71 20.62 22.09 23.46 24.81 25.63 27.36 29.12 30.29 31.06 31.03 31.04 30.33 29.44 28.49 27.17 26.43
traj-120:
23.36 23.24 22.89 21.38 19.66 19.07 17.34 15.56 14.04 12.36 11.88
 1.17  1.67  3.22  4.50  4.54  4.61  4.56  4.75  4.66  5.49  6.18
traj-121:
24.57 24.11 24.13 24.17 24.13 24.10 24.07 24.15 24.19 24.26 24.33 23.66 23.38 22.54 20.89 19.41 17.79 16.51 14.87 13.10 11.99
 1.48  2.98  4.63  6.62  8.58  9.42 10.62 12.32 13.47 14.81 15.68 17.48 17.87 19.68 20.41 20.36 20.26 20.16 19.57 18.75 18.39
traj-122:
22.41 22.58 22.68 22.89 23.11 23.48 23.79 24.06 24.08 23.93 23.81 23.73 23.62 23.64 23.83 24.03 24.06 24.14 24.24 24.33 24.77 25.72 27.50 27.80 29.58 30.46 31.03 31.20 31.47 31.81 32.20 32.39 32.72 32.84
 1.15  2.60  4.53  6.15  7.59  8.77  9.74 11.61 12.66 14.33 16.02 17.66 19.07 20.99 22.12 23.84 24.78 25.93 27.32 28.79 30.61 31.08 31.05 31.04 31.05 30.25 28.55 26.84 25.46 23.63 22.08 20.18 18.32 17.64
traj-123:
22.73 23.22 23.36 22.01 21.49 19.71 19.12 17.39 15.94 14.69 13.39 11.51  9.86  8.98  7.37
 1.89  3.58  4.15  5.29  5.34  5.55  5.61  5.79  5.90  6.69  7.71  7.89  7.22  6.94  6.57
traj-124:
23.25 23.16 23.04 23.04 22.94 23.25 23.56 23.85 23.91 24.06 24.04 23.97 24.08 24.01 24.03 23.13 22.54 21.08 19.61 17.85 15.90 14.61 13.48 12.10 10.79
 1.57  2.38  3.76  4.99  6.90  8.16  8.84 10.33 11.93 12.77 14.15 15.73 17.38 17.86 18.15 19.82 20.13 20.63 20.76 20.87 20.90 20.93 21.01 21.03 21.16
traj-125:
22.99 23.25 23.44 23.66 23.78 23.59 24.04 23.82 24.24 24.45 24.23 24.09 23.91 23.75 23.47 23.43 23.67 23.77 23.99 24.47 25.71 27.50 29.26 30.61 30.73 31.60 32.00 32.77 33.34 34.17
 1.52  2.45  3.83  5.43  7.38  8.78 10.52 12.39 14.32 15.34 17.11 17.90 19.63 21.28 22.17 24.02 25.71 27.33 29.19 30.34 31.07 31.06 31.10 29.85 28.55 27.21 26.35 24.54 23.58 21.83
traj-126:
23.97 23.59 23.53 21.97 20.26 18.86 16.97 15.57 13.96 12.19 10.68  9.15  7.30  5.51  4.47
 1.77  3.72  4.52  5.74  5.00  5.09  5.12  5.44  6.51  6.88  6.71  6.59  6.17  5.79  5.00
traj-127:
24.60 24.23 23.07 23.54 23.95 24.08 24.04 24.08 24.06 24.05 24.05 24.05 24.05 23.71 23.48 22.22 20.52 18.77 17.64 16.76 14.99 14.26 12.51 11.50 10.50  8.98  7.21  5.59  4.51
 0.95  1.86  3.45  4.49  5.82  7.23  8.60 10.27 12.26 14.17 14.47 16.26 16.56 18.40 19.20 20.39 20.26 20.16 20.21 20.21 19.49 18.53 18.11 18.64 19.13 20.09 20.74 21.23 21.48
traj-128:
23.95 23.85 23.85 23.85 23.76 23.81 23.90 23.83 23.84 23.83 23.73 23.56 23.53 23.42 23.18 23.37 23.27 23.36 23.55 23.61 23.64 24.54 25.11 26.57 27.70 29.17 30.23 30.85 30.91 31.17 31.46 31.90 32.09 32.56 32.62
 1.46  2.43  3.85  4.69  6.18  8.03  9.54 11.22 12.86 14.38 15.58 17.36 18.02 19.37 21.30 22.81 24.35 25.17 27.16 28.76 30.56 31.22 31.34 31.40 31.47 31.58 30.53 29.28 28.69 26.74 25.63 23.72 22.97 21.30 21.00
traj-129:
24.80 24.19 23.03 21.15 19.44 18.28 17.13 16.26 14.67 14.33 13.98
 1.84  2.68  4.20  4.65  5.11  5.23  5.49  5.66  6.67  7.73  9.03
traj-130:
23.70 23.62 23.54 23.48 23.74 23.59 23.54 23.51 23.31 23.70 23.91 23.39 23.14 22.38 22.21 21.15 20.56 18.79 17.31 15.82 14.35 13.03 11.41  9.65  7.81  6.44  5.58
 0.45  2.43  3.92  5.07  6.75  8.05  9.71 10.88 11.74 13.07 13.58 15.25 15.56 17.27 19.09 20.07 20.19 20.44 20.40 20.39 19.96 19.51 19.20 18.60 18.12 17.73 17.51
traj-131:
23.02 23.03 23.07 23.12 23.06 23.11 23.11 23.29 23.42 23.59 23.66 23.76 23.86 23.99 24.01 24.04 23.96 24.12 24.14 23.95 23.68 24.84 26.57 28.04 29.82 30.12 30.54 31.14 31.73 32.37 32.99 33.37 34.15 34.84 35.39
 1.22  1.52  3.42  4.26  5.49  6.41  8.37 10.32 12.23 14.12 15.25 16.76 18.37 20.15 21.51 22.83 23.86 25.77 27.61 29.46 30.65 31.35 31.52 31.65 31.78 30.55 29.45 28.10 26.44 25.12 23.31 22.37 20.77 19.11 17.78
traj-132:
22.96 22.51 21.37 20.42 18.54 16.57 15.78 14.43 13.90 12.56 11.28  9.59  7.64  7.37  5.69  4.74
 1.69  3.57  4.61  5.06  5.06  5.24  5.43  6.32  6.59  7.51  8.31  8.70  8.40  8.27  7.58  7.19
traj-133:
23.60 23.70 24.05 24.23 24.31 24.37 24.42 24.35 24.37 23.98 23.73 23.07 22.46 21.04 19.57 18.11 16.63 15.76 13.97 12.30 10.84  9.04  7.08  5.23  4.65
 1.85  2.43  3.97  5.72  7.50  8.99 10.71 12.47 13.66 15.39 16.46 18.13 19.56 20.64 20.51 20.65 20.73 20.82 21.41 21.10 20.55 20.46 20.25 20.11 19.99
traj-134:
22.02 22.38 22.58 22.89 23.01 23.10 23.33 23.42 23.64 23.73 24.06 24.27 24.30 24.30 24.21 24.13 24.00 23.97 23.94 24.14 24.97 25.36 26.23 27.97 29.15 30.50 30.39 30.47 30.48 30.55 30.59 30.50 30.60 30.51 30.57 30.60 30.64 30.70
 1.44  3.18  5.08  6.86  8.69  8.97 10.72 11.55 13.45 14.65 16.37 18.28 19.54 20.43 22.21 23.40 24.87 26.68 27.85 29.04 30.79 31.06 31.15 31.39 31.49 30.60 29.38 27.58 26.55 25.49 23.69 22.13 20.35 18.36 16.74 15.45 14.73 13.32
traj-135:
24.19 23.69 22.81 22.01 20.52 19.17 17.43 15.48 14.09 13.33 12.74 10.82  9.61  8.55  6.74  4.83
 1.29  1.86  3.13  3.77  5.09  5.16  5.31  5.55  6.96  8.10  9.15  8.64  7.61  6.75  6.14  5.63
traj-136:
24.40 23.65 23.34 23.15 23.15 22.96 22.82 22.62 22.99 23.14 22.87 22.88 23.12 23.93 24.06 22.95 21.18 20.03 18.25 16.49 15.90 14.75 14.14 14.88
 0.58  2.34  3.39  5.00  6.28  7.44  9.23 11.04 12.52 13.73 15.53 17.51 18.03 19.75 20.02 21.15 20.59 20.49 20.43 20.38 20.39 21.58 22.70 23.26
traj-137:
24.37 24.07 23.95 23.97 23.95 23.92 23.87 23.84 23.79 23.97 24.12 23.91 24.01 23.98 23.94 24.12 24.16 24.17 24.07 23.96 24.09 24.38 25.47 27.24 29.00 30.95 31.85 32.48 33.29 33.59
 0.64  2.25  3.70  4.54  4.84  6.73  8.14  9.93 11.01 12.68 14.64 16.37 17.69 19.08 20.27 21.90 23.36 24.78 26.26 27.86 28.74 30.67 31.31 31.29 31.35 30.90 29.18 27.78 26.17 24.56
traj-138:
24.21 24.13 23.70 21.74 19.96 18.17 17.87 15.90 14.31 13.98 12.77 11.09  9.30  7.48  6.30
 1.96  3.59  5.30  5.56  5.54  5.45  5.43  5.41  6.50  6.96  8.42  8.20  7.47  6.68  5.76
traj-139:
22.01 22.71 22.92 23.07 22.99 23.53 23.80 23.96 24.13 24.16 24.00 24.00 23.98 23.97 24.02 22.77 22.48 20.72 19.23 17.44 15.57 14.19 13.50 11.63 10.31  9.14  7.66
 1.14  2.51  4.26  4.52  4.81  6.56  8.29  8.62  9.44 11.10 12.77 13.97 15.76 16.61 18.41 19.89 19.96 20.22 20.29 20.37 20.40 20.73 21.01 21.64 22.10 22.54 23.10
traj-140:
22.22 22.73 23.08 23.56 23.66 24.05 24.12 24.05 24.12 24.17 24.09 24.14 24.16 24.15 24.13 24.09 24.00 23.93 23.91 23.91 24.20 24.49 25.00 26.44 27.88 28.76 30.21 31.71 33.47 33.93
 1.50  2.28  4.19  6.11  7.07  8.60  9.17  9.96 11.87 13.83 15.28 16.74 18.57 19.98 21.46 22.24 23.61 24.81 26.57 27.67 29.57 30.74 31.06 31.23 31.42 31.53 31.75 31.96 32.25 32.24
traj-141:
24.65 24.30 23.42 23.45 23.93 21.99 20.31 19.23 17.64 16.76 15.02 14.15 12.37 10.48  8.68
 0.41  1.21  2.93  3.49  5.41  5.71  5.20  5.07  5.16  5.33  5.51  5.67  5.77  6.35  6.67
traj-142:
23.85 24.15 23.90 23.44 23.51 23.69 23.77 24.01 24.11 24.25 24.34 24.34 24.24 24.11 24.06 22.74 22.28 20.53 18.77 17.33 16.45 14.73 14.39 12.88 12.06
 1.09  2.86  4.83  6.51  7.45  8.75  9.84 11.34 12.81 14.65 15.41 17.13 18.02 19.51 20.11 21.49 21.37 20.61 20.53 20.50 20.46 20.54 20.18 21.48 21.91
traj-143:
22.67 22.93 23.12 23.38 23.42 23.63 23.81 23.96 23.99 24.04 23.86 23.97 23.76 23.76 23.89 23.98 24.02 24.01 23.99 23.64 23.78 23.92 24.08 24.42 25.07 26.82 28.59 29.77 31.16 30.88 31.11 31.35 31.63 31.87 31.91 31.86 31.84 31.91 32.00 32.04
 1.24  2.91  4.47  6.35  6.80  8.06  9.54 10.26 12.24 13.14 14.61 16.11 18.05 18.35 18.92 20.35 20.65 22.48 23.01 24.78 26.56 27.97 29.13 30.80 31.14 31.14 31.13 31.15 29.96 27.99 26.58 25.78 24.55 22.90 21.34 19.42 18.03 17.35 15.85 15.30
traj-144:
23.06 23.16 23.52 23.92 22.48 21.39 19.64 19.00 17.36 15.65 14.21 12.22 10.50  9.64
 1.82  2.10  3.81  5.28  6.56  5.49  4.93  4.97  5.05  5.08  5.11  5.07  5.10  5.14
traj-145:
24.55 24.30 23.01 23.15 22.88 22.84 23.48 24.14 23.90 23.60 23.26 23.08 22.75 22.19 20.31 18.57 18.02 16.08 14.21 12.99 12.04 10.66  8.74  6.99
 1.57  1.72  3.23  4.93  6.58  8.39 10.06 11.79 12.90 13.98 14.93 16.79 18.30 19.75 20.32 20.40 20.37 20.53 20.83 21.09 21.27 21.56 21.81 21.85
traj-146:
23.80 23.88 23.99 24.12 24.14 24.38 24.31 24.16 24.09 23.98 23.89 23.97 24.04 24.19 24.29 24.29 24.24 24.20 24.17 24.73 25.40 26.83 28.29 29.95 30.16 31.40 32.79 34.26 34.56
 1.81  2.92  4.25  5.71  7.05  9.02 10.33 12.27 13.36 14.75 16.57 18.17 19.44 21.33 23.11 24.58 25.73 27.37 29.04 30.92 31.28 31.41 31.57 30.84 30.62 29.76 28.70 27.50 27.21
traj-147:
22.05 22.57 22.88 21.73 20.25 19.00 17.00 15.65 13.88
 0.91  2.28  3.11  4.59  4.98  4.92  4.87  4.89  4.27
traj-148:
23.81 23.59 23.54 23.34 23.49 23.55 23.63 23.71 24.00 23.89 23.90 23.94 23.93 22.58 21.14 19.98 18.22 16.49 14.83 13.14 12.85 10.95 10.66  8.67  7.69
 0.86  1.35  3.16  5.08  6.86  8.46 10.09 10.38 12.30 14.23 15.23 16.99 18.08 19.48 20.52 20.52 20.33 20.10 19.63 20.04 20.11 20.40 20.30 20.31 21.01
traj-149:
23.75 23.85 24.00 24.01 24.02 23.98 23.93 23.87 23.77 23.74 23.76 24.02 24.12 24.16 24.11 24.10 24.11 24.12 24.10 24.16 24.11 24.14 24.62 26.10 27.42 29.09 30.51 30.51 31.15 31.14 31.37 31.39 31.53 31.68 31.93 31.98 32.02 31.95 31.91
 1.55  3.08  4.74  6.07  6.86  8.36  9.54 11.32 12.16 13.49 14.27 16.09 17.20 18.66 20.15 21.93 23.67 24.85 25.71 27.57 29.08 30.88 31.31 31.19 31.13 31.23 29.95 28.95 27.25 26.68 25.09 24.37 22.80 22.26 20.75 19.64 17.85 15.88 14.51
traj-150:
23.90 23.92 24.11 23.62 21.86 21.19 19.24 17.35 16.19 14.56 13.43
 1.60  2.14  3.79  5.53  5.57  5.11  5.03  5.38  5.56  6.69  7.58
traj-151:
24.32 24.20 24.25 24.28 24.28 24.26 24.18 24.04 24.25 23.63 23.24 22.86 23.02 23.16 22.34 21.00 19.23 17.49 16.00 15.75 14.72 13.34 12.74 11.12  9.23  8.64
 1.08  2.54  3.43  4.62  5.45  6.84  8.25 10.08 11.97 13.82 14.53 15.35 16.85 18.17 19.66 20.24 20.33 20.23 20.04 19.86 18.60 17.45 17.42 17.33 17.33 17.30
traj-152:
24.42 24.17 23.91 23.84 23.82 23.64 23.66 23.73 23.98 24.11 24.13 24.40 24.46 24.56 24.61 24.54 24.38 24.22 24.00 23.57 23.46 23.28 22.64 22.94 24.07 25.81 27.53 28.97 30.45 31.88 32.53 33.60 34.30
 1.50  2.32  3.87  4.47  6.02  7.85  8.42  9.96 11.68 13.67 13.86 15.70 16.29 17.72 19.19 19.78 21.52 22.70 24.15 26.06 26.61 27.49 29.38 30.89 31.20 31.38 31.65 31.79 31.76 30.73 30.18 29.61 29.17
traj-153:
24.15 23.99 23.74 22.00 20.57 19.15 17.38 15.64 14.34 13.15 11.97 10.23  9.63  7.95  7.47  5.95  5.09
 1.49  2.73  4.37  5.34  5.65  5.90  5.93  5.89  6.74  7.99  9.36  9.13  9.05  8.45  8.33  8.07  8.01
traj-154:
23.13 23.16 23.10 23.17 23.16 23.22 23.07 22.75 22.75 22.77 22.86 22.92 22.87 21.32 19.54 18.37 17.50 16.31 14.60 13.33 11.59 10.97  9.23  7.58  6.28
 1.35  2.92  4.05  5.82  7.78  8.32 10.04 10.97 12.90 14.52 16.36 18.20 19.79 20.91 20.91 20.90 20.87 20.92 21.50 21.82 21.78 21.74 21.61 21.77 22.00
traj-155:
24.57 24.21 23.90 23.71 23.66 23.51 23.06 22.69 22.66 22.87 22.96 23.03 23.20 23.56 23.54 23.70 23.89 23.79 23.91 23.95 24.04 24.12 25.53 27.26 28.44 30.21 31.77 32.37 32.36 33.14 33.66 34.14 34.64 35.18
 0.94  2.30  3.90  5.46  6.62  8.20 10.11 11.88 12.24 13.88 14.98 15.74 17.13 19.05 20.67 21.25 23.14 24.77 26.62 27.21 28.98 30.69 31.42 31.50 31.55 30.84 29.72 28.30 27.67 25.88 24.05 22.74 21.33 19.78
traj-156:
24.76 23.90 22.68 21.46 20.36 19.50 17.54 15.82 14.22 13.34 11.90 11.04 10.04
 1.56  2.78  4.20  5.11  5.30  5.50  5.87  6.00  6.91  7.90  7.37  6.43  5.95
traj-157:
24.24 24.26 24.06 24.14 24.28 24.37 24.54 24.66 24.59 24.33 24.20 24.17 24.03 23.28 21.90 20.07 18.59 17.43 16.26 14.68 13.24 11.86 10.21  8.40  7.86  6.12  4.62
 0.52  1.62  3.46  4.87  6.04  7.78  9.52 11.50 12.99 14.96 16.07 17.49 18.60 19.60 20.62 20.64 20.63 20.60 20.62 20.00 19.62 19.12 19.13 19.48 19.74 19.37 18.79
traj-158:
22.05 22.28 22.45 22.51 22.71 22.82 22.82 22.97 23.17 23.37 23.49 23.70 24.01 24.04 24.06 24.07 24.05 24.07 24.04 24.12 24.21 25.60 26.76 28.23 28.82 30.36 30.55 30.66 30.95 31.21 31.26 31.30 31.12 31.06 31.13 31.16
 1.11  3.03  3.40  4.00  5.92  6.81  8.58  9.84 11.38 12.79 13.85 15.57 17.51 18.60 20.40 22.15 23.04 24.80 26.27 28.21 30.04 31.05 31.03 31.03 31.04 30.62 28.73 27.88 26.17 24.84 23.40 21.98 20.21 18.61 16.74 15.85
traj-159:
23.94 22.47 22.18 21.58 20.32 19.14 17.42 15.68 14.89 13.30 13.08 11.63 10.01  9.56
 0.48  1.83  3.16  4.16  4.68  4.75  4.85  5.26  5.46  6.45  6.66  7.57  6.42  6.10
traj-160:
23.36 23.40 23.66 23.79 24.06 23.87 23.26 23.38 23.38 23.99 24.16 24.17 23.73 22.63 20.83 19.95 18.19 16.72 14.99 13.90 12.02 10.75  8.85
 1.71  3.49  5.44  6.71  8.44 10.33 11.37 13.27 14.08 15.93 17.91 18.81 20.70 20.83 20.99 20.88 20.87 20.95 21.53 21.93 22.44 22.68 23.01
traj-161:
22.96 23.05 23.60 24.04 24.11 24.24 24.30 24.36 24.39 24.29 24.16 23.75 23.39 23.97 24.20 24.31 24.24 24.19 24.15 24.04 23.92 24.03 24.24 25.53 26.70 28.46 29.93 30.66 32.11
 0.75  1.03  2.75  4.11  5.29  7.23  8.00  9.88 10.78 12.27 12.83 14.62 16.49 18.21 19.03 20.80 21.70 23.63 24.68 26.41 27.62 29.04 30.63 31.48 31.48 31.44 31.46 31.12 29.95
traj-162:
22.66 22.37 22.22 21.04 19.48 18.68 17.22 16.33 14.63 13.20 11.38 10.27  8.51  8.06  6.21
 1.86  3.06  3.32  4.74  5.30  5.61  5.84  5.79  6.68  7.83  8.01  7.99  7.81  7.72  7.52
traj-163:
22.62 23.53 23.61 23.73 23.79 23.78 23.82 23.91 23.96 24.10 24.20 23.69 22.13 21.25 19.28 17.54 15.79 14.27
 1.42  2.67  4.46  5.81  7.69  9.44 11.10 12.95 14.18 15.62 17.37 19.29 20.38 20.42 20.35 20.37 20.43 20.53
traj-164:
23.10 23.37 23.94 23.97 23.76 23.61 23.54 23.66 24.08 24.26 24.21 24.21 24.22 24.27 24.25 24.21 24.22 24.10 23.98 24.01 23.84 25.39 27.13 29.12 30.95 31.22
 1.56  2.41  4.07  6.05  7.32  8.31 10.10 11.37 13.22 14.39 16.15 16.75 18.20 19.67 21.45 22.33 23.52 25.23 26.94 28.58 30.27 31.02 31.02 31.09 30.97 30.84
traj-165:
24.49 24.48 24.48 24.21 24.00 22.07 20.32 19.23 17.65 15.74 14.95 13.21
 1.12  1.42  3.38  5.04  5.88  5.87  5.16  5.05  4.93  5.08  5.28  5.34
traj-166:
22.66 22.68 22.90 23.06 23.10 23.34 23.66 24.18 24.19 24.20 23.64 23.27 23.38 23.48 23.08 21.59 20.12 19.24 17.77 15.85 14.02 12.48 10.71  8.81  7.93  6.30  4.68
 1.37  1.67  3.40  4.37  5.13  7.03  8.47 10.06 10.35 12.28 13.53 15.48 16.03 17.88 19.83 20.96 20.80 20.76 20.70 20.83 20.85 20.15 20.40 20.64 20.63 20.48 20.50
traj-167:
23.50 23.08 22.91 22.77 22.53 22.53 22.70 22.64 23.32 24.02 24.02 24.07 23.87 23.55 23.20 23.40 22.87 22.69 22.67 23.61 24.38 24.80 25.73 26.61 28.37 29.55 30.95 30.87 30.78 30.73 30.82 30.67 30.59 30.55 30.34 30.37 30.31
 1.95  3.89  4.60  5.95  7.63  8.21  9.63 10.55 12.41 14.07 14.37 16.33 18.07 19.01 20.87 21.47 23.35 24.74 25.69 27.29 29.09 30.39 31.05 31.17 31.34 31.46 30.32 29.02 27.64 25.68 23.76 22.59 21.59 19.71 17.92 16.63 14.88
traj-168:
23.70 23.93 23.98 23.42 22.29 21.27 20.43 18.47 16.53 15.66 14.18 12.81 12.07
 1.46  3.43  4.02  5.89  6.69  5.32  5.15  5.08  5.53  5.74  6.86  8.17  9.03
traj-169:
22.42 23.45 23.57 23.60 23.72 23.73 23.78 23.87 23.96 24.16 24.26 24.19 24.19 23.12 22.81 21.00 20.12 18.65 16.90 15.53 15.44 15.26 13.56 11.66
 0.95  2.56  3.68  5.40  6.85  8.38  9.11 10.90 12.64 14.33 15.51 17.47 18.91 20.58 21.21 20.62 20.66 20.71 20.74 20.52 20.34 19.46 19.08 18.65
traj-170:
24.50 24.21 23.98 23.99 23.97 24.11 24.18 24.24 24.19 24.27 24.11 23.93 23.84 23.84 24.04 23.99 23.96 24.01 24.15 24.33 24.56 24.80 26.27 27.42 29.18 30.63 31.08 31.35 31.55 31.76 32.02 32.25 32.54 32.64
 1.54  3.48  4.55  6.44  7.30  8.99 10.79 12.38 13.46 15.40 17.30 18.96 20.63 21.84 23.43 25.15 25.72 26.31 27.74 29.23 30.86 31.05 31.19 31.26 31.30 29.94 28.12 26.19 24.68 23.26 21.83 20.57 19.28 18.30
traj-171:
23.71 23.00 22.71 22.28 21.61 20.44 18.73 17.03 15.65 13.80 13.47 12.48 10.75  9.52  7.82  6.12
 1.17  2.85  3.07  3.73  4.30  4.84  5.39  5.70  5.94  6.42  6.80  8.13  9.13  9.79 10.05  9.89
traj-172:
22.89 23.10 23.13 23.25 23.15 23.58 23.91 23.98 24.01 24.08 24.13 24.14 24.09 23.21 21.22 20.35 18.57 16.64 15.30 13.80 12.36 10.82  9.28
 1.78  3.41  4.25  5.44  7.43  9.01  9.65 11.30 12.32 13.93 15.91 16.80 18.69 20.49 20.40 20.43 20.49 20.59 20.87 21.22 21.37 21.91 22.94
traj-173:
24.02 23.93 23.75 23.69 23.66 23.65 24.21 24.15 24.13 24.14 24.13 24.19 24.23 24.08 24.08 23.83 23.70 23.59 23.35 23.30 22.91 23.90 25.63 27.35 28.55 29.73 30.93 32.69 33.64
 0.81  1.51  3.00  4.16  5.38  7.34  9.01 10.98 12.41 14.30 15.80 17.53 18.94 20.69 21.28 23.13 24.61 25.34 26.94 28.84 30.56 31.24 31.43 31.65 31.75 31.81 31.41 30.83 30.56
traj-174:
24.42 24.26 22.96 21.28 19.41 18.65 17.25 15.85 14.43 13.88 13.73 12.09 11.54  9.90  8.91  6.99  5.30
 1.96  2.49  3.70  4.34  4.80  5.05  5.42  5.84  6.82  8.45  9.03  9.87  9.94  9.96 10.01 10.09 10.23
traj-175:
24.40 23.73 23.08 22.57 22.33 22.65 23.45 23.66 23.70 24.00 24.16 24.15 23.32 22.84 20.99 20.39 18.92 17.47 16.88 15.30 13.41 12.52 10.81  9.43  8.10
 1.07  2.23  3.22  4.05  5.96  6.45  8.23 10.18 11.95 13.51 15.23 17.12 18.68 19.69 20.43 20.45 20.51 20.62 20.68 20.39 20.29 20.23 20.30 20.41 21.72
traj-176:
24.55 24.24 23.74 23.98 24.22 24.32 24.27 24.08 24.07 24.01 24.04 24.08 24.01 24.04 24.09 24.08 24.09 24.03 24.03 24.64 25.14 26.58 28.35 30.05 31.19 32.03 32.60 32.87 33.14 33.47 33.95 34.02 34.43
 1.86  2.91  4.75  6.13  7.28  9.01 10.65 12.63 13.46 14.68 16.44 18.38 20.29 21.18 22.91 23.61 25.56 27.16 29.10 30.71 31.05 31.14 31.25 30.78 30.08 28.65 26.98 25.92 24.60 23.46 21.63 21.40 19.59
traj-177:
23.63 22.58 22.12 20.96 20.37 18.77 17.86 15.91 15.61 14.39 12.58 11.31
 1.76  3.22  3.57  4.86  4.93  5.16  5.32  5.36  5.40  6.10  6.55  6.40
traj-178:
22.89 23.88 23.90 23.90 23.96 23.96 23.99 24.12 23.84 23.83 23.94 24.01 23.42 22.78 20.91 19.16 17.19 16.41 15.39 13.77 12.18
 1.43  3.12  4.53  6.34  7.40  8.85 10.48 12.11 13.13 14.94 16.41 17.29 19.14 19.78 20.12 20.16 20.32 20.44 21.78 22.59 22.39
traj-179:
24.66 24.46 23.88 23.08 22.82 22.86 22.88 23.10 23.76 24.00 24.05 24.06 24.13 24.21 24.16 24.13 24.13 24.10 23.18 23.69 24.19 24.91 25.95 26.24 28.00 29.19 30.99 31.56 31.81 32.20 32.89 33.65 34.14 34.57
 1.42  1.80  3.27  4.99  5.65  7.05  8.77  9.62 11.44 13.30 15.06 16.20 17.36 19.09 20.78 22.24 23.71 25.17 26.41 27.47 29.13 30.64 31.19 31.25 31.53 31.59 30.96 29.31 28.44 26.79 24.96 23.29 22.29 20.45
traj-180:
22.61 23.01 23.16 21.96 20.47 18.50 17.63 15.74 14.06 12.75 11.84
 1.91  3.54  4.11  5.30  5.34  5.55  5.55  5.86  6.93  7.96  8.43
traj-181:
24.41 24.18 24.05 23.89 23.85 23.82 23.85 23.93 23.84 23.61 23.61 23.84 23.81 23.59 23.26 21.39 19.62 18.72 16.97 15.51 14.76 14.02
 0.86  1.60  3.06  4.24  5.46  6.79  8.54 10.25 11.03 12.83 14.58 16.04 17.09 19.02 20.86 20.74 20.62 20.56 20.45 19.65 19.19 18.84
traj-182:
22.77 23.58 23.80 23.98 24.03 24.09 24.22 24.23 24.26 24.27 24.22 24.18 24.07 24.08 24.10 24.09 24.06 24.05 24.04 23.94 23.68 25.25 26.99 27.29 29.04 30.23 31.12 32.48 32.60 32.60 32.54 32.60 32.67 32.68
 1.70  3.27  5.17  6.79  7.72  9.09 10.82 12.72 13.01 14.98 16.42 18.17 20.12 20.71 22.19 23.67 25.37 26.56 27.99 29.40 30.51 31.25 31.43 31.50 31.65 31.34 30.89 30.38 28.77 26.80 25.42 23.67 22.31 21.42
traj-183:
22.97 22.92 22.94 23.01 22.25 21.47 19.68 17.72 16.28 14.62 13.98 12.80 12.34
 0.55  1.03  2.69  3.70  4.81  5.54  5.16  5.44  5.65  6.60  7.53  9.02  9.69
traj-184:
24.34 23.89 23.32 23.49 23.82 24.16 23.75 23.14 22.96 23.19 23.60 24.16 24.19 24.16 23.35 22.81 20.97 20.09 18.32 17.15 15.67 14.41 12.60 11.99 10.43  9.49
 0.70  2.37  3.83  4.91  6.48  8.20  9.46 10.86 12.73 13.97 14.99 16.85 18.59 19.19 20.93 21.03 20.62 20.54 20.48 20.34 20.15 20.04 20.71 21.19 22.17 22.83
traj-185:
22.27 23.01 23.68 24.20 24.19 24.26 24.13 23.69 24.04 24.12 24.21 24.30 24.41 24.33 24.32 24.17 24.03 23.93 23.99 24.07 24.38 25.75 26.04 27.18 28.34 29.79 31.35
 1.95  2.57  3.47  5.15  6.60  8.55 10.40 12.32 14.26 14.76 15.41 17.12 18.87 20.60 20.90 22.89 24.03 25.91 27.37 28.68 30.20 31.11 31.16 31.42 31.66 31.94 31.29
traj-186:
22.84 22.95 22.75 21.69 20.14 18.97 17.27 16.67 14.79 13.22 12.41 10.77  9.52  8.50  7.44  7.27
 1.09  1.37  3.25  4.46  5.51  5.69  5.89  5.89  5.90  6.87  7.09  7.31  7.40  6.95  5.53  5.28
traj-187:
22.33 22.53 22.73 22.95 23.03 23.16 23.34 23.30 23.21 23.11 23.22 23.01 23.50 23.89 23.38 22.70 21.47 19.79 18.00 16.69 14.96 14.66 12.80 10.98
 0.52  1.83  2.94  4.40  5.46  6.93  8.50  9.11 10.11 11.28 12.68 13.39 15.01 16.81 17.94 19.35 20.51 20.61 20.85 20.96 21.50 21.53 21.98 22.52
traj-188:
24.73 24.11 23.98 23.80 23.88 23.92 23.97 24.01 24.03 23.87 23.94 23.99 23.67 23.83 23.99 24.09 24.07 24.03 24.03 24.02 23.96 23.85 23.82 23.72 23.92 24.12 24.88 26.66 28.41 30.23 30.31 30.37 30.56 30.89 30.94 31.25 31.46 31.79 32.01 32.16 32.30 32.46 32.31
 0.96  2.34  3.11  4.35  5.57  6.67  7.94  8.97 10.12 11.65 12.48 13.86 15.33 16.42 18.19 18.79 19.59 20.99 21.04 21.62 23.40 24.14 25.96 27.58 28.66 30.62 31.10 31.08 31.11 30.77 29.04 28.78 28.14 27.81 27.50 25.59 24.29 22.40 21.15 20.42 18.97 17.00 16.03
traj-189:
23.23 23.64 24.05 23.66 22.09 20.40 19.04 17.32 16.73 14.84 12.94
 0.59  2.17  3.22  4.99  6.00  5.15  5.18  5.24  5.24  5.77  5.75
traj-190:
24.51 23.74 23.55 23.62 24.06 23.98 23.92 24.04 23.78 23.78 23.11 22.45 23.04 23.36 22.05 20.13 18.68 16.71 15.74 14.74 12.98 11.48 10.37  8.92
 1.46  2.76  4.75  5.57  7.49  9.12 10.62 11.63 13.45 13.75 15.52 16.61 18.27 19.08 20.17 20.50 20.50 20.78 21.42 21.92 21.81 22.02 22.33 22.76
traj-191:
22.09 22.48 22.90 23.18 23.62 24.05 23.98 24.20 24.15 24.30 24.20 24.22 24.16 24.14 24.12 24.02 23.98 23.70 23.72 23.57 23.66 23.70 25.26 26.70 27.28 29.05 29.65 31.15 32.61 32.94 33.46 33.87 34.20 34.31
 0.48  2.05  3.57  4.42  5.62  7.45  8.24 10.14 11.07 12.92 14.89 15.61 17.58 19.54 20.14 21.92 23.02 24.77 26.67 27.08 29.05 30.62 31.34 31.65 31.73 31.81 31.77 31.10 29.89 27.93 26.02 24.39 22.44 21.64
traj-192:
24.67 23.40 22.53 20.98 20.10 18.50 17.74 16.48 15.39 13.53
 1.47  2.95  4.12  4.33  4.46  4.45  4.62  4.77  4.93  4.21
traj-193:
23.30 23.97 23.97 23.97 23.95 23.91 23.80 23.78 23.79 23.69 23.51 22.49 22.54 22.59 23.06 22.30 21.25 19.51 18.08 17.20 15.27 14.97 13.53 11.86 10.01  8.53  6.72
 0.74  2.21  3.07  4.97  5.77  7.37  9.23 10.95 11.55 13.45 14.27 15.94 16.23 18.07 18.98 20.73 20.59 20.37 20.21 20.29 20.39 20.42 20.75 20.92 21.47 22.17 23.01
traj-194:
22.65 23.00 23.33 23.55 23.74 23.80 23.85 23.88 23.98 24.02 24.07 24.08 24.10 24.05 24.08 24.11 24.04 23.91 23.94 23.88 25.62 27.12 27.99 29.18 30.25 31.33 31.59 31.94 33.07 33.17 33.09 33.25 33.72 34.36 34.59 34.96 35.44 35.75
 1.59  3.42  5.18  5.91  7.79  8.54 10.01 11.92 13.65 14.70 16.41 17.60 18.63 20.57 22.35 24.33 25.49 27.42 29.24 30.21 31.07 31.04 31.04 31.01 30.19 29.11 27.73 26.67 25.35 24.58 22.72 22.31 20.37 18.49 17.12 15.66 13.95 12.80
traj-195:
24.47 24.35 23.52 21.87 21.12 19.41 19.12 17.21 15.55 13.85 12.36 10.75  9.50  7.85  6.08  5.79
 1.11  1.97  3.58  4.70  5.26  5.04  5.11  4.99  4.79  5.60  6.21  7.31  7.19  6.42  6.03  6.12
traj-196:
23.68 23.67 23.94 23.99 24.05 23.65 23.11 22.90 22.93 23.16 23.75 24.22 24.01 23.90 22.83 21.08 20.52 18.77 17.33 15.60 13.66 12.11 10.56
 1.15  2.13  3.99  5.35  7.05  8.93 10.77 11.29 13.08 13.61 15.40 17.31 18.77 19.59 20.41 20.32 20.28 20.21 20.10 20.00 20.10 20.19 20.29
traj-197:
22.93 22.94 23.10 23.20 23.38 23.45 23.58 23.66 23.81 23.97 24.18 24.40 24.41 24.53 24.45 24.36 24.28 24.17 24.08 24.01 23.95 24.63 24.73 25.82 27.61 29.07 30.09 30.13 30.18 30.27 30.35 30.40
 1.99  2.41  4.06  5.54  7.41  7.93  9.53 10.36 12.09 13.75 15.13 16.65 16.88 18.05 20.05 21.23 22.68 24.46 26.22 27.61 28.55 30.15 30.43 31.12 31.08 31.08 30.08 28.93 28.02 26.60 25.32 24.23
traj-198:
22.39 22.92 23.02 21.75 21.17 19.76 18.14 16.97 15.50 14.21 12.59 11.60  9.92  9.15  8.30
 1.21  2.97  3.26  4.79  4.93  5.22  5.66  5.86  5.90  6.55  7.39  7.07  6.10  5.20  4.28
traj-199:
22.23 22.55 22.88 23.02 23.09 23.17 23.36 23.46 23.61 23.69 23.87 24.01 23.98 24.16 24.19 23.23 22.32 20.63 19.43 17.65 16.47 14.78 13.27 11.81 10.17  8.87  7.52
 1.41  2.22  3.67  5.37  6.30  7.39  9.09 10.96 12.40 13.49 15.03 16.76 17.06 18.85 19.72 21.39 21.12 20.60 20.53 20.68 20.79 20.95 21.04 21.15 21.49 21.69 22.04
traj-200:
22.39 22.55 22.89 22.99 23.35 23.64 24.06 24.22 24.23 24.25 24.21 24.22 24.28 24.32 24.39 24.29 24.09 23.65 23.38 22.93 23.82 24.31 25.73 26.93 28.67 30.08
 0.99  1.55  3.25  4.22  6.18  7.83  9.64 11.39 12.29 13.90 15.83 16.14 17.87 18.74 19.90 21.65 23.09 24.97 25.81 27.74 29.14 30.17 31.12 31.07 31.10 31.35
traj-201:
24.50 23.52 22.76 21.79 20.29 18.51 16.65 15.05 14.50 12.94 12.17 11.16 10.37 10.23
 1.38  2.41  3.12  4.24  4.67  4.72  5.04  5.16  5.37  5.89  6.22  7.83  9.29  9.69
traj-202:
23.33 23.57 23.71 23.81 23.54 23.98 24.05 24.05 24.13 24.07 24.08 24.19 24.12 23.07 22.77 21.05 20.75 18.99 18.09 16.32 15.14 13.32 12.30 11.13 10.86
 0.50  1.67  3.53  4.97  6.28  8.07 10.03 11.13 13.00 14.76 15.36 17.34 18.83 20.24 20.29 20.52 20.54 20.64 20.71 20.85 20.96 20.68 19.37 17.76 17.63
traj-203:
24.38 24.32 24.19 24.12 23.96 23.85 23.84 23.92 23.68 23.71 23.81 23.81 23.91 23.97 24.05 24.13 24.15 24.09 24.12 24.15 24.18 24.49 25.76 26.65 27.82 29.01 30.33 30.53 31.79 31.90 32.04 32.13 32.06 32.10 32.13 32.07 32.11 32.21
 0.96  1.78  3.57  4.07  6.02  7.93  8.91 10.64 12.58 13.15 15.04 15.34 17.08 18.52 19.67 21.35 22.23 23.91 25.71 26.57 28.52 30.30 31.09 31.07 31.12 31.17 30.08 29.39 28.23 26.26 24.88 23.20 22.75 21.01 19.19 17.31 16.53 14.80
traj-204:
23.33 23.24 23.10 23.12 22.14 20.23 19.08 17.65 16.48 15.60 13.94 12.28 11.37  9.87  8.22  7.14
 0.41  2.13  3.40  5.20  5.91  5.44  5.47  5.45  5.49  5.57  6.49  7.46  8.01  9.31 10.29 10.78
traj-205:
22.05 22.75 23.04 23.14 23.14 23.44 23.45 22.79 22.63 22.92 23.58 23.93 24.01 23.37 21.73 19.90 19.06 17.87 16.41 15.51 14.40 12.77 11.19 10.17  8.61  7.30  6.00
 1.22  3.10  3.90  5.64  6.58  8.31 10.02 11.80 13.70 14.89 16.69 18.43 19.87 21.38 20.76 20.50 20.40 20.30 20.20 20.10 20.21 20.23 20.15 20.22 20.36 20.16 19.63
traj-206:
24.32 23.97 23.95 23.94 23.92 23.98 24.00 24.16 24.24 24.29 24.15 24.04 23.41 23.04 22.79 23.36 23.71 23.80 23.97 24.68 25.96 26.55 28.01 29.78 30.43 31.22 32.09 32.13
 1.77  3.38  5.14  7.06  8.94 10.10 11.94 13.37 15.14 16.02 17.74 19.21 20.97 22.38 23.62 25.42 27.27 28.00 29.29 30.38 31.02 31.08 31.15 31.04 30.71 28.98 27.48 26.68
traj-207:
23.46 22.46 21.14 20.07 18.25 16.53 15.39 14.06 13.94 12.08 10.65 10.08  8.87
 1.23  2.85  4.09  4.50  5.13  5.52  5.75  7.21  7.48  7.59  6.47  5.86  4.65
traj-208:
22.98 22.43 22.26 22.31 22.77 23.10 23.42 23.49 23.70 23.67 23.45 23.17 22.97 23.59 23.21 21.29 20.17 18.43 16.67 15.95 14.34 12.59 10.77  9.66  7.78  5.86  4.45
 1.24  1.74  2.84  3.91  5.70  7.09  8.85 10.10 11.20 12.98 14.16 15.17 17.00 18.49 20.41 20.72 20.63 20.42 20.34 20.36 21.00 21.01 21.31 21.55 21.93 22.42 22.48
traj-209:
23.35 22.91 23.26 23.67 23.61 23.83 23.98 24.20 24.23 24.20 24.12 24.09 24.05 24.07 24.09 24.05 23.81 23.42 22.62 22.50 23.77 25.60 27.39 28.58 30.15
 1.64  3.54  5.07  6.98  8.34  9.67 10.84 12.23 13.94 14.54 16.37 17.24 18.73 19.49 21.25 21.55 23.42 25.33 27.00 28.80 30.29 31.07 31.07 31.07 31.66
traj-210:
24.15 22.76 22.14 21.03 19.44 18.61 16.96 16.11 14.64 12.89 12.12 10.46  8.73  7.16  5.55  4.04
 1.58  2.95  3.50  4.54  4.93  5.05  5.39  5.63  6.39  7.36  7.69  6.85  6.13  5.19  4.87  4.45
traj-211:
22.15 22.49 22.55 22.67 23.16 23.93 23.71 23.70 23.60 23.23 23.10 23.29 23.99 23.92 22.29 21.14 19.97 18.22 16.77 14.99 13.97 12.10 10.43  9.33  7.66  5.90
 1.96  3.35  4.29  5.63  7.53  9.36 11.34 11.95 12.43 14.17 15.89 17.07 18.72 20.42 20.68 20.79 20.66 20.45 20.26 20.55 20.69 21.13 21.22 21.29 21.46 22.11
traj-212:
24.56 24.28 24.03 24.13 24.27 24.12 23.92 24.01 24.01 24.03 24.10 24.13 24.11 23.82 24.11 24.12 23.65 23.05 23.01 23.90 25.54 26.43 28.15 30.08 31.15 32.64 34.02 34.48 35.28
 1.30  2.29  3.55  4.41  6.17  7.67  9.56 11.28 12.93 14.40 16.17 17.44 19.20 20.54 21.64 23.63 25.45 27.24 29.09 30.49 31.25 31.27 31.32 30.87 30.49 29.62 28.30 27.90 27.06
traj-213:
24.04 22.76 22.72 22.80 21.32 19.47 17.76 16.61 15.74 14.27 13.38
 1.38  1.94  3.77  4.36  5.50  5.11  5.31  5.62  5.86  6.86  7.67
traj-214:
23.29 23.05 23.16 23.15 23.10 23.21 23.10 23.22 23.24 23.08 23.16 22.81 22.52 21.35 19.56 18.68 16.74 15.07 13.98 12.77
 0.81  2.41  3.72  5.72  7.57  8.93 10.82 12.22 13.69 15.23 16.52 17.81 19.15 20.29 20.73 20.66 20.56 20.74 20.84 21.25
traj-215:
22.21 23.55 24.30 24.42 24.17 24.07 23.98 23.71 23.74 23.59 23.47 23.62 23.61 24.12 24.15 23.70 23.44 23.22 23.79 23.96 24.13 25.71 27.16 28.88 30.78 31.27
 1.96  2.91  3.99  5.43  7.39  8.20 10.07 11.71 13.54 15.39 16.20 18.16 18.46 20.28 21.47 23.32 23.71 24.29 26.19 28.13 30.08 31.03 31.18 31.42 30.85 30.75
traj-216:
23.30 23.33 23.26 22.41 20.62 20.09 18.57 17.14 15.18 14.36 14.27
 1.89  3.01  4.22  5.81  5.05  5.12  5.25  5.53  5.88  5.82  5.53
traj-217:
22.78 22.63 22.86 22.98 22.86 22.72 23.09 23.47 24.08 23.91 23.68 23.61 23.52 22.61 22.41 20.62 18.84 17.95 16.02 15.15 13.55 14.93
 1.60  3.56  5.47  7.05  7.60  8.20 10.03 11.61 13.43 14.25 16.04 16.73 18.33 19.08 19.40 20.20 20.25 20.28 20.67 21.16 22.34 23.35
traj-218:
23.08 23.10 23.14 23.17 23.24 23.39 23.39 23.36 23.32 23.43 23.70 23.96 24.00 24.15 24.14 24.07 24.02 23.99 24.00 23.95 24.17 24.54 25.04 26.82 28.59 30.22 30.85 30.80 30.89 31.11 31.20 31.18 30.81 30.90 30.77
 0.46  2.08  2.91  4.11  5.82  6.92  8.00  9.26 10.55 12.54 14.34 16.30 17.42 19.40 21.40 23.16 24.87 26.32 26.91 28.37 29.65 30.84 31.17 31.09 31.09 30.54 29.24 27.96 26.32 24.38 22.55 21.64 20.08 18.33 16.63
traj-219:
23.57 24.15 24.17 22.74 20.98 19.92 18.31 17.72 16.30 14.73 13.96 12.49 10.84  9.84  8.09  6.91
 1.30  2.70  3.43  4.64  5.08  5.06  5.45  5.57  5.83  6.96  8.67  9.44  9.65  9.77 10.05 10.20
traj-220:
24.20 24.25 24.29 24.33 24.34 23.98 23.75 23.66 24.09 24.16 24.13 24.17 24.10 24.14 23.99 22.86 21.72 20.62 18.88 17.44 16.57 14.79
 1.34  2.75  3.63  5.62  5.92  7.88  9.26 11.23 12.93 14.10 15.90 17.28 19.02 19.92 21.71 21.08 20.79 20.47 20.44 20.66 20.82 21.68
traj-221:
23.93 23.30 22.92 23.16 23.51 23.69 24.02 24.08 24.04 23.68 23.50 22.93 23.09 23.36 23.74 22.28 22.24 22.26 22.30 23.19 24.14 25.16 26.91 28.36 30.08 30.45 30.62 30.77 30.78 31.10 31.34 31.73 31.99 32.30 32.61 32.82
 1.71  3.04  4.64  5.45  6.93  7.77  9.73 10.85 12.63 14.10 15.96 17.72 18.26 19.77 21.60 22.88 24.83 26.42 27.78 29.19 30.62 31.17 31.10 31.01 30.47 28.84 27.88 26.08 25.74 23.89 22.16 20.26 19.14 17.55 15.69 14.62
traj-222:
22.35 22.24 22.45 22.97 21.90 19.94 18.87 17.04 16.47 14.76 14.32 12.47 11.10
 0.53  2.27  2.83  4.49  5.45  5.19  5.12  5.10  5.07  5.02  5.00  5.47  6.55
traj-223:
23.62 23.55 23.23 22.98 22.70 22.80 23.19 23.62 24.19 24.16 24.15 24.12 24.07 22.98 21.66 20.55 19.14 18.02 16.24 14.33 12.78 12.06 10.31  8.63  7.37  6.64
 1.08  2.20  3.95  5.23  6.75  8.72 10.53 11.98 13.85 15.56 16.46 18.17 18.89 20.41 20.40 20.36 20.37 20.33 20.17 19.65 19.96 20.11 20.41 20.91 21.17 21.68
traj-224:
24.55 24.61 24.13 23.65 23.61 23.61 23.71 23.81 23.89 23.86 23.86 23.99 24.02 23.96 24.00 23.95 23.62 23.73 24.06 23.97 23.92 24.26 25.56 27.33 28.23 30.00 30.46 31.24 31.42 31.73 31.72 32.13 32.33 32.30
 0.53  1.04  2.92  4.65  5.55  6.81  7.89  8.82 10.61 12.02 13.08 15.07 15.94 17.72 19.62 21.62 22.77 24.53 26.39 27.84 28.99 30.22 31.18 31.07 31.00 30.35 28.49 26.88 25.14 23.19 21.43 19.91 18.18 17.88
traj-225:
22.68 22.76 22.70 21.29 19.75 18.04 17.75 16.02 14.54 13.33 12.00 10.33  8.47  7.23  6.29  5.31
 0.69  2.47  4.07  5.35  5.20  5.48  5.55  5.72  6.76  8.16  9.25  9.65 10.25  9.58  8.95  8.22
traj-226:
22.69 23.32 24.00 23.97 23.92 23.70 23.39 23.91 23.98 23.91 23.95 23.86 22.67 20.81 20.51 18.77 17.59 16.43 15.35 13.62 12.03
 1.53  2.67  4.51  5.32  6.90  8.87 10.06 11.58 13.48 15.44 17.08 18.82 19.92 20.25 20.26 20.37 20.45 20.46 19.81 19.10 18.23
traj-227:
23.04 23.53 23.78 24.20 24.23 24.27 24.23 23.63 23.09 22.29 22.80 23.27 23.35 23.54 23.86 23.88 24.01 24.13 24.52 25.52 26.98 28.41 30.20 30.50 31.04 31.36 31.85 31.74 31.41 31.28 30.91 30.79 30.61 30.34 30.15
 1.71  3.59  4.99  6.68  8.43 10.43 12.42 14.18 15.84 17.66 19.29 21.00 22.36 24.21 26.09 26.71 28.60 29.42 30.50 31.10 31.11 31.15 30.91 29.80 28.00 27.29 26.10 24.15 22.37 21.16 19.26 18.35 17.16 15.40 14.22
traj-228:
23.00 23.02 22.80 22.57 21.30 20.43 18.73 16.97 15.45 14.58 12.65 11.08  9.16
 1.54  2.11  3.55  5.08  5.40  5.57  5.79  5.94  5.83  5.81  5.70  5.52  5.23
traj-229:
24.64 24.18 23.63 23.40 23.62 23.73 23.67 23.70 23.46 24.02 24.34 24.34 24.23 24.12 22.80 21.22 19.74 17.99 16.54 15.22 13.57 13.27 11.33  9.60  7.74  5.92  4.89
 1.73  2.08  3.78  4.25  5.86  6.44  7.98  9.88 11.72 13.18 15.15 16.04 17.48 19.24 20.65 20.37 20.28 20.15 20.12 19.45 18.53 18.52 18.46 18.40 18.51 18.76 19.05
traj-230:
22.69 22.85 23.11 23.34 23.60 23.72 23.78 23.99 24.23 24.27 24.24 24.12 24.03 23.92 23.94 23.98 24.03 24.10 24.12 24.18 24.23 24.29 25.32 27.06 28.54 29.13 30.69 30.83 30.88 31.16 31.28 31.43 31.91 31.73 31.74 32.18 32.68 33.56 34.58
 0.46  1.46  2.78  4.47  6.39  8.28  9.75 11.51 13.43 15.00 15.60 17.05 18.42 20.13 21.27 22.80 23.92 25.58 27.11 28.27 29.45 30.49 31.02 31.08 31.07 31.01 30.04 28.61 27.09 25.44 23.71 23.45 21.77 20.31 19.61 17.84 16.03 14.83 13.56
traj-231:
22.95 22.62 22.50 21.06 19.33 18.75 17.04 15.13 14.63 13.18 11.73  9.95
 1.69  3.14  4.32  5.28  5.25  5.29  5.44  5.84  6.17  6.93  7.81  7.36
traj-232:
22.44 22.48 22.59 22.61 22.86 22.58 23.05 23.60 23.36 23.18 23.21 22.61 22.10 20.48 19.90 18.16 16.99 15.43 14.22 13.33 11.38 10.88  9.31
 1.27  2.39  4.38  5.14  6.97  8.76 10.31 12.04 13.68 14.48 16.45 18.26 19.56 20.32 20.45 20.63 20.70 20.80 20.84 20.82 20.80 20.83 20.66
traj-233:
22.66 22.87 22.98 23.16 23.59 23.97 24.24 24.19 24.17 24.16 24.05 23.72 23.56 23.57 23.40 23.41 23.49 23.64 23.68 23.98 24.08 24.17 25.08 26.25 28.00 29.18 30.38 31.27 31.08
 1.18  2.91  3.82  5.53  7.39  8.34 10.05 11.20 12.26 13.40 15.35 17.17 18.89 19.89 21.46 22.13 23.81 24.81 26.29 27.61 28.42 30.40 31.05 31.18 31.37 31.47 30.41 28.64 27.38
traj-234:
24.32 23.70 23.21 23.02 21.23 19.40 17.46 16.05 14.21 13.38
 0.62  2.14  3.83  4.77  5.30  5.09  4.98  4.91  4.50  4.26
traj-235:
23.28 23.48 23.22 22.99 22.70 22.75 23.04 23.47 23.89 24.02 24.01 22.68 21.09 19.92 18.45 16.70 14.95 13.83
 1.71  3.31  4.66  5.94  7.80  9.47 11.33 13.18 15.13 16.29 18.05 19.48 20.36 20.46 20.58 20.59 20.49 20.50
traj-236:
22.71 22.82 22.85 22.95 23.15 23.27 23.32 23.60 23.63 23.81 23.84 23.83 23.91 24.08 24.15 24.01 24.00 24.03 24.02 23.99 24.23 24.44 24.19 25.92 27.70 28.59 30.23 30.19 30.44 31.24 31.73 32.71 32.98
 1.87  3.27  4.57  6.10  7.70  9.60 10.68 12.36 13.81 15.16 16.43 18.14 18.74 19.79 21.43 23.41 24.96 26.80 27.40 28.96 30.54 31.00 31.02 31.14 31.09 31.06 30.39 29.76 28.19 27.12 26.33 24.94 24.51
traj-237:
22.57 22.70 22.77 22.90 21.46 19.70 18.52 17.06 15.57 14.73 13.84 12.79 12.22 11.94 10.14  8.89  7.03  5.44
 0.91  2.35  3.21  4.76  5.92  5.88  5.89  5.90  5.98  6.47  7.45  8.93  9.89 10.00  9.68  9.62  9.23  9.00
traj-238:
23.00 23.10 23.06 23.36 23.78 24.05 24.25 24.06 24.02 23.50 23.24 22.15 22.26 21.22 20.66 18.90 17.74 16.57 14.89 13.50 11.66 10.68  9.13  7.18  5.76
 1.42  2.01  3.55  4.66  6.36  8.32 10.08 12.02 12.49 14.43 16.12 17.76 19.34 20.26 20.25 20.26 20.29 20.39 19.90 19.81 19.96 20.21 20.56 20.90 21.09
traj-239:
23.95 23.89 23.95 24.00 24.05 24.06 23.45 23.61 23.86 24.00 23.93 23.88 23.86 23.67 23.70 23.76 23.85 24.01 24.15 24.17 24.89 25.15 26.62 28.38 30.14 32.01 33.19 34.95
 1.46  3.01  4.66  6.52  8.10  8.77 10.60 12.23 13.87 14.85 16.53 17.12 18.96 19.82 21.43 22.44 24.26 26.18 28.11 29.43 30.92 31.08 31.15 31.19 31.47 31.83 31.98 32.08
traj-240:
24.26 23.22 22.28 20.54 19.78 18.76 17.97 16.40 15.01 13.88 12.95 11.33 11.04
 0.97  2.47  3.57  4.27  4.42  4.62  4.76  5.18  5.86  7.43  9.09 10.18 10.08
traj-241:
24.11 24.11 23.97 23.72 23.55 23.01 23.33 24.11 23.22 22.67 22.60 22.13 21.76 19.94 18.18 17.58 15.85 13.91 12.41 10.80  9.54  8.30
 1.84  2.14  4.05  5.91  7.00  8.79 10.58 12.36 14.15 15.17 17.11 19.01 20.64 20.47 20.31 20.26 20.06 19.61 19.54 19.68 19.73 19.90
traj-242:
23.01 23.18 23.23 23.70 23.95 24.05 23.93 23.84 23.92 24.07 23.70 23.79 23.98 23.99 23.95 23.92 23.71 23.52 23.49 23.70 23.77 24.04 24.28 26.03 27.79 29.55 30.65 31.63 32.82 33.11 33.50 33.52 33.53 33.53 33.56 33.53
 1.53  3.39  4.91  6.80  8.71  9.59 11.01 12.07 14.04 15.10 16.15 17.56 19.39 20.29 21.69 23.11 24.00 25.54 26.95 28.43 29.23 30.93 31.10 31.09 31.14 31.07 30.61 30.10 28.53 26.66 24.99 24.09 22.83 21.76 19.92 19.13
traj-243:
23.97 23.75 23.09 22.16 21.28 19.36 18.48 16.58 14.74 12.90 11.96 10.21  9.23  8.07  6.32  5.34  4.61
 0.55  1.13  2.65  3.64  4.60  4.90  5.07  5.31  5.90  6.54  6.80  7.65  7.85  8.03  8.03  7.48  6.89
traj-244:
22.83 23.14 23.35 23.43 23.69 24.01 24.16 24.20 24.20 24.19 24.35 24.23 24.15 23.28 21.44 19.71 18.29 16.63 15.33 13.79 12.05 10.86  8.93  7.08  5.46
 1.83  3.24  5.02  6.01  7.36  9.26 10.32 12.09 14.07 15.69 17.42 18.60 19.49 21.25 20.74 20.57 20.64 20.84 21.76 22.60 22.62 22.56 22.73 22.74 22.92
traj-245:
23.60 24.06 23.95 23.95 23.95 23.90 23.86 23.84 23.94 24.08 24.15 24.15 24.14 24.07 24.02 23.95 23.94 23.40 22.35 22.64 23.94 25.55 27.29 28.77 29.64 31.49
 1.17  3.10  4.66  6.56  7.86  9.85 10.56 12.30 14.14 15.38 16.84 18.04 19.17 20.96 22.61 24.06 24.87 26.62 27.58 29.43 30.40 31.06 31.08 31.09 31.08 31.18
traj-246:
22.79 23.31 23.59 23.37 21.54 19.63 19.04 17.31 16.45 14.70 12.88 11.07  9.50  8.95
 0.72  1.86  3.30  4.79  5.01  4.84  4.95  5.14  5.30  5.58  5.76  5.40  4.84  4.67
traj-247:
24.11 24.25 24.29 24.27 24.14 24.06 23.47 23.24 22.63 22.65 22.66 22.80 23.11 22.58 21.16 20.32 19.16 17.72 15.82 14.09 13.16
 0.80  1.94  3.73  4.33  6.06  6.34  8.24  8.96 10.68 12.41 13.76 15.55 17.13 18.87 20.24 20.28 20.26 20.30 20.60 20.95 21.31
traj-248:
22.49 22.86 22.89 23.16 23.26 23.47 23.57 23.60 23.70 23.65 23.78 24.01 23.97 24.07 24.20 24.21 24.27 24.26 24.05 24.01 24.09 24.29 24.46 25.00 25.27 26.11 27.54 28.71 30.41 32.30 32.90 34.17 34.71 34.90
 1.10  2.81  3.62  5.45  6.06  7.46  9.45  9.72 11.52 11.82 12.39 14.28 14.58 16.41 17.88 18.47 20.19 21.66 23.13 24.65 25.80 27.69 29.16 30.96 31.10 31.25 31.45 31.62 31.51 31.33 30.37 28.86 27.27 26.58
traj-249:
24.50 23.99 23.04 22.58 20.70 19.69 17.96 17.09 15.77 14.71 13.85 12.02 10.77  9.91  9.51
 1.37  3.00  4.27  4.53  4.87  4.98  5.16  5.26  5.85  6.57  8.04  8.14  7.60  5.98  4.97
traj-250:
23.60 23.05 22.91 23.81 24.21 24.23 24.24 24.01 23.89 23.88 23.53 23.54 23.97 23.71 22.11 20.70 18.94 17.76 16.33 14.98 13.41 12.54 10.56  8.78  7.80  5.91  5.37
 1.48  2.42  3.82  5.59  7.32  8.19  9.38 11.36 13.26 13.56 15.46 17.46 18.08 19.76 20.73 20.68 20.54 20.34 20.11 19.68 19.54 19.51 19.55 19.49 19.31 18.69 18.45
traj-251:
23.33 23.51 23.69 23.74 23.84 23.93 24.01 24.00 24.03 24.05 24.13 24.19 24.20 24.22 24.16 24.12 24.07 24.02 23.93 23.88 24.03 24.19 25.76 27.51 28.38 29.86 30.21 31.03 31.80 32.53 33.19 33.74 34.23 34.61 35.03 35.60
 1.13  2.98  4.67  5.70  7.25  8.40 10.29 11.59 13.28 14.04 14.65 15.41 17.17 17.77 19.53 20.37 22.31 23.64 25.32 27.03 28.64 30.37 31.39 31.68 31.85 31.93 30.14 28.65 27.08 25.45 23.68 22.26 20.57 19.39 18.37 16.73
traj-252:
24.62 24.14 23.51 23.01 21.43 19.57 18.19 17.38 15.96 14.81 12.89 12.29
 1.67  2.63  3.71  4.38  5.31  4.94  4.95  4.94  4.88  4.82  4.65  4.59
traj-253:
23.64 23.61 23.53 23.47 23.29 23.30 23.32 23.09 22.62 22.47 22.20 22.00 21.94 20.16 18.38 16.60 15.71 13.90 12.93 11.25  9.87
 1.62  2.23  3.67  5.21  6.56  7.69  9.49 11.30 13.18 14.56 16.50 18.43 20.16 20.31 20.47 20.45 20.41 21.25 22.39 23.39 23.75
traj-254:
23.63 23.49 23.21 23.13 23.32 23.52 23.53 23.57 23.56 23.80 23.78 23.79 24.09 24.09 24.00 23.97 23.95 24.04 24.18 24.33 24.85 26.04 27.52 29.00 30.38 30.94 31.59 31.75 31.56 31.50 31.50 31.49 31.38 31.24 31.16 31.19 31.15
 1.80  3.20  4.93  5.98  7.91  8.84 10.45 12.35 14.32 15.76 17.47 18.21 19.91 21.38 23.14 24.60 26.26 28.23 29.64 30.75 31.06 31.09 31.09 31.06 29.88 29.33 27.71 27.24 25.66 24.06 23.00 21.74 20.09 18.31 16.78 15.02 13.85
traj-255:
22.25 22.22 22.34 21.71 20.48 19.01 17.01 15.87 14.30 12.87 11.63 10.05  8.15  6.77  6.12
 1.41  1.71  3.43  4.89  5.00  4.99  4.96  5.05  5.89  6.68  7.29  8.02  7.89  6.80  6.08
traj-256:
24.65 24.28 24.10 24.14 23.84 23.46 23.73 23.91 24.15 24.19 24.18 24.23 24.12 24.09 24.10 22.93 21.34 19.57 17.81 16.05 14.42 13.67 12.24
 0.46  1.17  3.11  3.23  5.11  7.05  7.65  8.92 10.86 11.46 13.24 14.43 15.95 17.27 19.05 20.42 20.99 20.94 20.89 20.93 21.74 22.34 23.10
traj-257:
23.24 23.40 23.75 24.01 23.94 23.90 23.78 23.88 24.00 24.15 24.24 24.29 24.26 24.28 24.28 24.32 24.30 24.34 24.31 24.15 24.03 24.12 24.40 25.14 26.60 28.06 30.03 31.34 31.94 32.04 32.30 32.33 32.52
 1.03  1.58  2.98  3.95  5.61  7.20  8.92  9.79 11.72 13.41 14.58 16.34 16.93 18.69 18.99 20.88 21.48 23.23 24.37 26.22 27.78 29.01 30.52 31.02 31.05 31.08 30.76 30.18 28.36 27.86 25.95 24.35 23.10
traj-258:
23.17 22.87 22.52 21.92 21.24 19.89 18.07 16.23 14.49 13.48 11.80 10.47  9.64  8.50  7.43  6.20
 0.61  1.96  3.80  4.91  5.43  5.14  5.16  5.15  5.78  6.28  7.12  7.80  8.33  8.92  9.40  9.97
traj-259:
24.11 23.45 23.60 23.70 23.70 23.68 23.71 23.61 23.30 23.24 23.53 23.92 24.13 23.78 23.26 21.74 20.63 19.75 18.63 17.15 15.28
 1.09  1.95  3.82  5.67  5.97  7.91  8.21 10.07 11.40 13.19 14.79 16.75 18.49 19.48 20.58 20.67 20.50 20.35 20.25 20.11 20.00
traj-260:
22.61 23.03 23.35 23.60 23.69 23.68 23.73 24.10 24.18 24.11 24.07 23.95 23.92 23.92 24.00 24.05 23.99 24.03 24.05 24.06 24.08 24.16 25.74 27.21 28.95 30.12 30.45 31.03 30.91 31.07 31.14 31.46 31.60 31.62
 1.18  2.58  4.36  6.11  7.86  9.64 10.30 12.11 13.46 15.18 15.76 17.23 19.17 19.27 20.70 22.13 23.52 25.41 26.42 28.38 29.30 30.28 31.30 31.47 31.63 31.75 30.15 29.26 27.56 25.75 24.50 22.80 21.10 20.29
traj-261:
22.02 22.56 22.60 21.28 20.33 18.42 17.84 15.89 15.30 13.82 12.69 11.60 10.07
 0.76  2.64  4.31  4.90  5.04  5.35  5.50  5.89  5.89  6.61  7.76  9.03 10.28
traj-262:
24.67 24.09 23.45 23.60 23.63 23.21 23.06 22.96 22.98 23.02 23.03 23.52 23.14 22.45 21.08 19.31 17.57 15.62 13.97 12.65 13.01 14.43
 0.42  1.53  2.88  4.74  6.71  8.24 10.01 11.59 12.62 13.18 15.07 16.29 18.14 19.52 20.55 20.52 20.41 20.58 20.59 20.02 18.31 17.63
traj-263:
23.78 23.76 23.84 24.04 24.06 24.15 24.22 23.98 24.02 24.13 24.19 24.28 24.25 24.10 24.01 24.02 24.14 23.73 23.63 23.54 23.91 25.52 26.40 27.59 28.47 30.24 31.12 32.82 34.51 35.38
 0.53  2.06  3.13  4.97  6.86  8.85 10.75 12.41 14.33 15.69 16.58 17.74 19.52 21.30 22.77 23.84 25.74 27.68 27.96 29.92 30.62 31.13 31.10 31.07 31.03 30.92 30.89 30.64 30.19 29.04
traj-264:
22.31 22.79 23.04 23.36 23.08 21.65 20.27 19.23 17.60 16.05 14.45
 0.65  2.37  3.22  4.32  6.27  5.53  5.12  5.07  4.89  4.61  4.43
traj-265:
24.74 24.34 23.94 23.72 23.40 23.04 23.05 23.41 23.33 22.98 22.74 22.86 22.91 21.24 20.09 18.93 17.17 15.69 15.11 13.19 12.18
 0.96  2.45  4.34  6.06  7.87  9.14 11.03 12.75 13.04 14.84 16.65 17.28 19.24 20.26 20.24 20.23 20.23 20.28 20.29 20.51 21.09
traj-266:
22.78 23.18 23.58 23.97 24.01 24.11 24.02 23.88 23.98 24.04 24.05 24.10 24.12 24.00 24.01 24.02 24.13 24.15 23.97 23.81 24.13 25.80 27.56 29.04 30.41 31.88 33.35 34.56 34.86
 0.49  1.73  2.85  4.53  6.12  8.07  9.75 11.49 13.43 14.33 16.05 17.50 18.39 20.20 21.33 22.92 24.79 25.94 27.70 28.56 30.10 31.06 31.14 31.29 30.16 28.92 28.13 26.56 26.60
traj-267:
23.07 23.10 23.18 23.36 23.38 21.39 19.56 17.90 16.01 14.22 12.96 11.47  9.96  8.42  7.94  6.64
 0.88  1.64  3.18  4.89  5.19  5.30  4.96  5.18  5.35  6.25  6.84  7.57  8.33  8.25  7.75  6.86
traj-268:
22.32 23.48 23.60 23.75 23.88 23.78 23.63 23.65 23.77 23.84 23.92 24.06 23.12 22.74 21.65 20.23 18.46 17.56 15.93 14.67 13.55
 1.91  2.97  4.37  6.02  7.07  8.92 10.39 11.32 13.21 14.74 15.57 17.38 18.66 19.07 20.05 20.28 20.32 20.26 20.34 20.26 20.21
traj-269:
23.64 23.81 24.07 24.02 24.04 24.07 24.17 24.25 24.31 24.32 24.34 24.34 24.22 24.17 24.15 24.21 24.24 24.33 24.10 23.76 24.41 24.67 26.44 27.90 29.07 30.25 30.39 30.03 30.22 30.55 30.62 30.78 30.56 30.89 31.34 31.78
 1.78  2.56  4.26  5.70  7.31  9.03  9.61 11.57 12.64 13.71 15.17 16.93 18.62 20.31 22.26 23.66 25.32 26.50 28.47 29.93 30.91 31.06 31.27 31.28 31.28 31.34 29.56 27.67 26.85 25.26 24.28 22.49 20.61 19.05 17.48 15.87
traj-270:
22.86 22.81 22.92 22.78 21.57 20.39 19.48 18.12 17.31 15.53 14.81 13.25
 1.41  2.61  3.55  4.40  5.57  5.09  5.02  5.00  5.03  4.95  4.94  4.74
traj-271:
24.44 24.18 23.29 23.82 23.81 23.85 24.13 23.96 23.97 24.08 24.05 24.04 24.02 22.89 21.19 19.74 17.96 16.43 15.48 14.37 12.48 11.65  9.84  8.73  7.85
 0.98  2.20  3.99  4.83  6.55  8.19  9.61 11.57 13.49 15.16 16.80 18.29 19.77 21.18 20.81 20.85 20.81 20.60 20.58 20.49 20.12 19.88 19.24 19.68 20.07
traj-272:
23.02 23.09 23.27 23.53 23.82 23.90 24.10 24.17 24.09 24.09 24.12 24.11 24.14 24.10 24.00 23.95 23.72 23.54 23.59 23.79 23.93 24.01 25.58 27.36 28.23 30.02 31.08 32.04 32.61 32.56
 0.67  1.78  3.34  5.04  6.09  8.03  9.78 11.22 13.17 13.47 15.39 15.98 17.75 18.35 20.21 21.38 23.23 25.03 26.08 27.74 29.02 30.15 31.10 31.12 31.18 30.47 30.33 28.58 26.74 24.89
traj-273:
23.18 22.97 22.81 21.96 20.84 18.95 17.34 16.17 14.33 12.77 11.54  9.67  9.38  7.59  6.29
 0.45  2.07  3.35  4.11  5.04  4.97  4.81  4.84  4.65  4.60  4.52  4.56  4.63  5.08  5.39
traj-274:
22.48 22.63 22.72 22.95 23.07 23.41 23.62 23.84 24.19 24.23 24.26 24.26 24.20 24.19 22.85 22.55 20.82 19.93 18.18 17.58 15.89 14.13 12.59 11.55  9.89  9.68  7.83  6.99
 1.73  3.34  4.01  5.54  7.09  8.81 10.12 11.96 13.85 15.34 16.23 17.97 19.76 20.06 21.42 21.42 20.97 20.91 20.81 20.79 20.78 19.90 19.40 18.90 18.17 18.07 17.70 17.59
traj-275:
22.37 22.55 22.83 23.13 23.17 23.34 23.38 23.50 23.65 23.78 23.78 24.06 24.07 24.16 24.08 24.00 23.93 23.85 23.68 23.71 23.43 23.32 24.75 25.41 27.16 28.05 30.03 31.74 31.96 32.18 32.51 32.87 33.40 33.53 34.10 34.56 35.40
 0.53  1.09  2.83  4.41  5.01  6.64  7.53  9.48 10.97 11.75 13.26 15.24 16.43 18.17 19.89 21.37 22.64 24.48 26.47 26.77 28.57 29.47 30.66 31.01 31.07 31.02 30.82 29.99 28.49 26.76 25.46 23.53 21.77 20.07 18.25 17.26 15.64
traj-276:
23.32 22.61 22.17 20.83 20.19 18.49 16.72 15.11 13.75 12.62 11.12 10.65
 1.48  2.53  3.76  4.28  4.56  4.62  4.89  5.48  6.16  6.69  6.14  5.42
traj-277:
22.38 22.80 23.11 23.59 23.63 23.22 22.72 22.56 22.47 22.57 22.60 22.56 22.68 23.36 22.04 20.21 18.43 16.46 15.39 14.56 13.52 12.92 11.88 10.47  9.74
 1.47  3.27  4.40  5.91  7.71  8.97 10.73 11.55 13.32 14.20 14.70 16.64 18.22 19.69 20.42 20.84 20.90 20.93 21.53 22.16 20.69 19.93 19.47 18.59 18.16
traj-278:
24.37 24.01 23.97 24.03 24.07 24.05 24.01 24.03 24.11 24.11 24.07 24.14 24.22 24.15 24.12 24.07 24.05 23.99 23.96 24.54 25.97 27.44 29.21 30.58 32.00 33.93
 1.94  2.78  4.54  5.87  7.23  9.05 10.71 11.78 13.76 15.47 16.83 18.55 20.13 21.53 22.17 23.61 25.60 26.76 28.67 30.33 31.17 31.23 31.18 30.83 30.45 29.97
traj-279:
24.11 24.08 23.55 22.76 22.54 20.69 20.22 18.36 16.47 14.55 14.09
 0.70  2.63  4.08  5.89  5.83  5.07  5.03  4.96  4.66  4.43  4.19
traj-280:
22.29 22.86 23.42 23.95 24.07 24.01 23.72 23.15 22.81 22.73 22.96 23.26 23.62 22.04 21.30 19.58 18.68 16.71 15.06 14.17 13.33 11.50  9.63  7.88  6.69
 1.78  2.56  4.39  6.08  7.15  8.99 10.74 12.61 13.99 15.93 17.18 18.57 19.99 20.82 20.66 20.45 20.50 20.69 21.55 21.91 22.05 22.39 22.49 22.46 22.51
traj-281:
22.32 22.65 22.81 22.90 23.11 23.07 23.03 22.71 22.89 22.91 22.89 23.10 23.38 23.98 24.05 24.07 24.15 23.98 23.67 23.62 23.81 23.98 24.09 24.22 25.41 27.13 28.31 30.04 30.90 31.10 31.35 31.52 31.47 31.63 31.74 31.42 31.37 30.81 30.39 30.08
 0.58  2.27  3.19  4.67  6.66  8.06  8.90 10.36 12.13 12.43 14.40 15.45 16.22 17.50 18.66 19.55 21.01 21.88 23.42 24.84 26.55 27.87 28.99 30.39 31.23 31.19 31.09 30.98 30.06 28.89 27.44 26.35 24.74 22.74 21.86 19.92 18.25 16.76 15.27 14.13
traj-282:
22.29 22.92 22.96 21.77 21.48 19.79 17.91 16.46 14.72 13.67 12.14 10.70  9.66
 1.17  2.63  3.18  4.68  4.75  5.10  5.32  5.69  6.58  8.02  7.07  6.11  5.33
traj-283:
24.73 24.05 24.04 23.90 24.12 24.29 24.26 24.08 23.95 24.19 24.29 24.14 23.95 22.90 21.15 20.58 18.85 17.13 15.43 14.39 12.90 11.80 10.53  8.61  7.35  6.40  4.56
 0.54  2.01  2.84  4.59  6.05  6.93  8.65 10.05 11.79 13.55 15.52 16.83 18.28 19.84 20.25 20.39 20.48 20.43 20.55 20.65 20.76 20.75 21.06 21.55 22.07 22.48 23.02
traj-284:
23.83 24.61 24.56 24.36 24.26 24.22 24.01 23.98 24.28 24.18 24.13 24.13 24.20 24.24 24.25 24.21 23.65 23.36 22.32 22.38 22.98 23.78 25.65 26.81 27.71 28.88 30.06 31.42 32.23 33.11 33.67
 1.50  3.20  4.29  5.92  7.76  9.76 11.56 13.12 14.21 15.64 16.24 18.23 18.77 20.59 22.37 23.26 25.06 25.52 26.43 27.94 29.35 30.47 31.13 31.10 31.08 31.06 30.70 29.40 28.56 27.68 27.14
traj-285:
22.62 22.82 23.24 23.75 21.92 20.30 18.54 17.72 15.80 14.36 14.17
 0.53  1.30  2.99  4.65  5.41  5.21  5.17  5.12  5.52  6.47  6.70
traj-286:
23.45 23.52 23.59 23.78 23.84 23.93 24.02 24.03 24.06 24.07 24.02 23.98 23.12 22.42 21.19 19.43 18.54 16.59 14.84 13.58
 1.55  2.62  4.14  5.95  6.70  8.51 10.26 12.22 13.38 14.23 16.16 17.49 18.78 19.29 20.20 20.53 20.59 20.62 20.81 19.86
traj-287:
22.22 22.50 22.72 23.20 23.07 23.13 23.22 23.32 23.31 23.42 23.68 23.70 23.96 24.10 24.09 24.07 24.05 23.96 23.98 23.95 24.04 25.73 26.03 27.81 28.40 30.29 31.88 32.53 34.23 35.40
 0.94  2.10  2.98  4.60  6.39  6.91  8.09  9.55 11.24 13.16 14.87 15.38 17.34 19.33 20.40 22.01 23.73 25.52 27.04 28.50 30.08 31.09 31.06 31.13 31.18 30.61 30.30 30.15 29.46 28.20
traj-288:
22.74 22.49 21.42 19.76 18.62 17.07 15.63 14.23 13.12 11.87  9.97  8.35  7.20  6.24
 1.56  3.28  4.33  5.16  5.27  5.55  5.94  6.84  8.21  7.87  7.29  6.79  5.87  5.12
traj-289:
22.97 22.81 22.92 23.13 23.11 23.50 23.74 23.94 23.86 23.84 23.82 23.75 23.69 23.68 23.41 21.74 21.05 19.33 17.88 16.42 15.83 14.33 13.66 12.22 11.88
 0.70  0.95  2.79  3.74  5.58  7.11  8.54  9.79 10.90 12.75 13.47 14.85 16.45 17.87 19.54 20.59 20.72 20.78 20.73 20.68 20.61 19.56 18.84 17.58 17.29
traj-290:
22.93 22.96 23.11 23.39 23.70 24.10 23.86 23.90 23.94 23.93 23.91 23.98 23.99 24.00 24.05 24.04 24.03 24.09 23.98 24.08 25.60 26.19 27.90 28.50 30.29 31.27 32.01 32.06 32.07 31.95 32.39 32.77 32.86 33.22 33.39 34.45 34.66
 1.35  2.64  3.97  5.89  7.85  9.77 11.69 13.66 14.55 15.71 16.75 18.75 20.43 21.22 23.06 23.66 25.38 26.69 28.46 30.29 31.06 31.04 31.15 31.17 30.64 29.54 28.15 26.40 24.65 22.78 20.88 18.98 17.92 16.45 15.96 14.38 14.16
traj-291:
24.22 23.02 22.69 22.82 21.34 19.76 18.83 17.67 16.81 15.06 13.39 12.78 12.26 11.02  9.21
 0.50  1.35  2.64  4.40  5.65  4.95  5.05  5.13  5.23  5.75  6.40  7.40  8.74  9.65  9.70
traj-292:
23.77 24.17 24.24 24.10 23.95 23.86 23.68 23.57 24.12 24.16 24.24 23.99 23.60 23.02 21.21 19.48 17.73 16.32 14.55 12.90 11.37  9.71  7.90  6.13  5.38
 1.28  2.37  4.37  6.07  7.35  8.24  9.66 10.72 12.64 14.09 16.05 17.19 19.08 19.96 20.69 20.45 20.57 20.67 20.53 20.71 20.93 21.21 21.72 22.29 22.72
traj-293:
24.44 24.17 23.91 23.85 23.84 23.85 23.88 23.88 23.93 23.97 24.04 24.16 24.18 24.26 24.11 23.86 23.82 23.79 23.82 24.66 25.80 27.55 29.05 30.47 30.70
 1.88  3.73  5.42  6.96  8.21  9.72 11.05 11.73 13.62 15.01 16.69 18.68 19.28 21.26 22.99 24.87 26.49 27.33 28.62 30.38 31.08 31.14 31.15 30.16 28.52
traj-294:
23.53 23.20 22.39 21.81 20.02 18.33 16.89 15.23 14.58 13.17 11.49 10.31  9.45  7.74  6.32  5.78
 1.45  1.95  3.58  4.27  4.86  4.91  5.02  5.26  5.24  5.33  5.51  5.74  5.94  6.14  6.76  6.99
traj-295:
24.15 23.90 23.47 23.53 23.85 23.91 23.98 23.98 24.06 24.04 24.18 24.21 24.06 23.50 21.51 20.95 19.21 17.46 16.45 15.07 13.66 11.91 10.54
 2.00  3.91  5.72  6.19  8.14  8.71 10.19 11.25 13.02 14.83 16.60 17.49 19.16 20.43 20.28 20.30 20.37 20.43 20.52 20.70 20.83 21.24 21.95
traj-296:
24.42 24.18 24.04 24.17 24.22 24.15 24.12 24.12 24.11 24.01 23.90 23.63 23.24 23.37 23.61 23.89 24.05 23.96 23.31 22.47 23.27 24.00 25.42 26.28 27.47 28.94 30.40 30.81
 1.30  2.30  4.12  5.29  7.23  9.18 10.55 12.44 13.29 14.71 16.13 17.27 18.73 19.67 21.07 22.48 24.31 24.79 26.17 27.63 29.18 30.17 31.07 31.09 31.13 31.17 30.83 29.12
traj-297:
23.34 22.99 22.09 20.75 19.02 17.14 15.45 13.88 13.02 12.83 12.66
 1.82  2.41  3.18  4.61  4.56  4.77  5.10  6.25  6.77  8.64  9.72
traj-298:
24.16 23.90 23.63 23.41 23.00 22.91 22.83 22.69 22.48 22.30 22.28 22.20 22.06 21.76 20.00 18.25 16.48 15.74 14.08 12.95 11.17 10.74
 1.37  2.79  4.49  5.90  7.83  9.63 10.58 12.26 13.70 14.69 16.37 17.05 18.04 20.01 20.12 20.22 20.12 20.13 21.01 21.40 21.97 22.11
traj-299:
23.80 23.76 23.62 23.64 23.66 23.69 23.75 23.79 23.90 23.96 23.97 24.07 23.99 24.10 24.10 24.15 24.16 24.04 23.97 23.94 24.61 24.78 24.97 26.16 27.89 29.05 30.41 31.34 32.09 32.81 33.28
 1.12  2.40  3.88  5.27  6.25  8.23 10.20 11.39 12.98 14.62 15.61 16.68 18.42 20.41 20.71 22.48 24.47 26.41 27.55 28.66 30.42 30.86 31.02 31.06 31.20 31.30 30.24 28.57 27.27 25.72 24.79
