traj-0:
34.23 33.95 32.44 31.48 29.97 28.56 28.32 27.94 27.54 27.28 27.36 26.77 26.62 26.31 26.36 26.42 26.39 25.39 23.63 21.85 20.08 19.21 18.92 16.97 15.77 14.03
25.65 25.75 24.64 24.03 23.09 22.04 20.89 19.20 17.31 15.35 15.11 13.28 11.77 10.76  8.97  7.08  6.20  4.54  4.41  4.47  4.53  4.72  4.77  5.21  5.41  5.67
traj-1:
36.85 35.32 34.12 32.58 30.67 29.21 27.64 27.19 25.33 23.36 21.59 21.29 19.52 17.74 16.85 15.10 13.84 12.31 10.56  8.87  8.57
23.63 23.57 23.49 24.25 24.75 24.08 24.78 24.90 25.15 24.98 24.98 24.99 25.01 25.10 25.03 24.91 24.76 24.54 24.15 23.86 23.85
traj-2:
37.07 36.77 34.97 34.10 32.75 31.24 29.83 27.86 26.18 26.17 26.13 26.01 25.14 24.08 22.68 20.82 19.67 18.93 18.67 17.58
24.07 24.14 24.55 24.69 24.94 25.16 25.37 25.51 26.05 27.46 29.33 30.22 31.22 31.33 31.55 32.23 32.81 34.60 35.19 36.16
traj-3:
36.17 35.87 33.90 33.36 31.64 29.96 29.09 28.65 27.93 27.01 26.86 26.79 26.22 26.28 26.32 26.34 26.36 26.32 26.40 26.49 27.11 27.67 27.18 25.53 23.72 22.86 21.39 19.65 18.77 17.31
25.22 25.24 25.54 25.60 25.83 25.88 25.94 24.19 22.73 21.27 20.89 20.16 18.86 17.31 16.47 14.71 13.85 11.86  9.97  9.68  7.99  6.70  4.88  4.24  4.36  4.50  4.63  4.65  4.68  4.76
traj-4:
37.53 35.84 34.09 32.94 31.50 30.32 28.57 28.45 28.15 27.98 27.61 25.77 24.15 22.75 21.30 19.35 19.05 17.26 15.47 13.56 11.76 10.42  9.12  7.28  5.97
25.47 25.76 25.87 25.90 25.89 25.88 25.76 25.49 25.45 25.20 25.10 24.46 24.56 24.59 24.91 24.90 24.93 24.98 25.03 24.53 24.11 23.60 23.03 23.64 23.32
traj-5:
36.31 34.59 33.77 32.59 31.12 29.41 28.84 27.84 27.56 27.42 27.04 25.30 24.25 23.17 21.22 20.94 19.16 18.00 16.16 14.82 13.01 11.60 10.57  9.32  8.05
25.73 25.90 25.93 25.90 25.87 25.93 26.24 27.84 28.81 30.68 31.78 32.54 32.55 31.92 31.91 32.01 32.49 32.36 32.11 32.09 32.11 32.17 32.37 32.66 32.90
traj-6:
38.19 36.54 34.61 33.45 31.57 30.85 29.69 28.57 27.11 26.58 26.60 26.68 26.47 27.29 27.40 27.43 27.41 27.30 27.14 27.00 26.95 26.88 26.78 26.48 26.42 24.62 24.34 22.59 21.84 19.95 18.15 17.20
24.89 25.29 25.68 25.74 25.78 25.80 25.82 26.48 26.91 25.54 24.24 23.32 21.69 19.88 18.53 17.65 16.35 14.92 13.06 11.32  9.33  7.85  6.97  5.24  4.94  4.20  4.28  4.51  4.47  4.66  4.59  4.64
traj-7:
38.63 37.48 36.05 34.38 32.79 30.86 28.89 27.31 25.34 24.74 22.75 21.56 19.83 19.23 17.58 16.11 14.15 12.52 10.84  9.16  7.50  5.66  4.77
25.67 25.71 25.79 25.77 25.84 25.75 25.67 25.35 25.14 25.12 25.05 25.09 25.12 25.14 25.12 25.10 24.98 24.68 24.23 24.09 23.92 23.68 23.55
traj-8:
37.07 35.08 33.15 32.28 31.44 30.13 29.08 27.75 26.62 26.63 26.74 26.40 26.31 25.46 23.83 23.46 21.68 20.07 18.29 17.18
23.77 23.82 23.56 23.73 23.93 24.50 24.97 25.63 26.62 27.21 28.85 30.41 32.38 32.79 33.79 34.24 34.80 35.47 36.30 36.74
traj-9:
35.60 34.55 32.96 31.30 29.68 27.92 27.93 27.82 27.54 27.44 26.95 26.74 26.73 26.81 26.83 26.83 26.86 26.73 26.26 26.12 24.28 22.79 21.32 19.53 18.16 17.89 16.39 15.53 14.01 13.35
24.93 24.73 24.33 23.77 23.39 22.81 21.21 20.29 18.75 18.03 16.41 16.10 14.33 13.30 11.56  9.75  9.30  7.32  5.87  5.61  4.94  4.93  4.93  4.87  5.62  5.75  6.64  7.11  7.69  8.05
traj-10:
35.68 34.09 32.90 31.20 29.52 28.70 28.44 26.49 26.29 24.78 23.09 21.48 19.51 18.93 18.88 17.57 15.81 14.67 13.21 11.69 11.77
24.59 24.76 24.86 25.25 25.58 25.85 26.00 25.71 25.49 24.35 24.31 24.32 24.59 24.63 24.89 24.99 25.08 25.13 25.18 23.94 22.13
traj-11:
34.46 32.95 32.16 30.93 29.48 28.17 27.57 27.04 26.68 26.93 27.43 28.72 29.95 31.59
24.79 24.68 24.51 23.79 23.20 24.17 25.17 26.10 28.01 29.37 30.30 31.79 32.47 33.53
traj-12:
38.14 36.16 34.59 32.78 31.64 30.29 29.45 28.12 27.31 27.07 26.84 26.56 26.50 26.49 26.55 26.79 26.76 26.56 26.19 25.39 23.63 23.06 21.60 19.86 18.81 18.40 17.15 16.57 15.00 13.46
23.47 23.40 23.37 23.51 23.58 23.46 23.11 22.03 20.23 18.69 16.86 15.62 14.90 13.18 11.33  9.65  8.92  7.32  5.85  4.74  4.33  4.43  4.63  4.81  5.56  6.35  7.85  7.74  7.36  6.84
traj-13:
36.07 35.23 33.91 33.25 31.36 29.92 28.78 27.40 25.94 24.25 22.35 21.28 19.50 17.53 17.13 15.14 13.43 11.69 10.42  9.31  7.42  6.44
23.22 23.23 23.39 23.59 23.85 23.86 23.77 24.14 24.36 24.62 24.59 24.57 24.80 24.84 24.97 24.92 24.91 24.26 23.10 22.19 22.20 22.24
traj-14:
37.51 35.75 34.63 33.16 31.42 30.02 28.76 28.27 27.22 27.12 25.81 24.57 24.18 23.74 22.35 21.50 20.39
25.16 25.31 25.40 25.49 25.71 25.91 26.56 26.89 28.22 29.85 31.27 32.54 33.77 35.11 36.29 36.49 36.82
traj-15:
38.56 36.71 36.01 34.92 32.94 31.08 29.39 28.49 26.77 26.65 26.61 26.56 26.41 26.24 26.27 26.41 26.37 26.45 27.06 26.07 25.14 24.54 23.07 22.17 20.38 18.92 17.17 16.08 15.88 14.51 14.28
24.08 24.11 24.05 23.99 23.99 24.17 23.78 23.49 23.03 21.73 20.19 19.03 17.45 16.03 14.28 12.36 11.38  9.61  7.93  6.45  4.87  4.87  4.90  4.92  4.97  4.97  5.47  6.43  6.66  7.95  8.14
traj-16:
36.34 34.65 32.90 31.17 30.03 28.42 27.89 26.09 25.18 23.72 22.01 20.10 18.15 17.27 16.13 15.02 13.76 12.71 11.11 10.97 10.61
25.46 25.72 25.86 25.94 25.96 26.78 27.44 26.81 25.57 25.28 24.90 25.16 25.23 25.16 24.97 24.84 24.51 24.28 23.28 22.00 20.26
traj-17:
38.89 37.09 35.25 34.95 33.18 32.64 30.83 29.35 28.83 28.83 28.87 28.79 28.22 26.40 25.52 24.03 22.90 21.04 19.42 18.04 16.20 14.59 13.09 11.36  9.74  8.85
24.87 25.06 24.74 24.70 24.66 24.66 24.86 25.85 26.74 28.52 29.39 31.15 32.40 32.99 32.88 32.24 31.96 32.23 32.32 32.63 33.25 34.05 34.63 35.28 36.09 36.24
traj-18:
35.62 35.05 33.41 32.52 31.06 29.09 28.79 28.74 28.52 28.28 28.25 28.12 27.84 27.38 26.67 26.24 26.24 26.30 26.42 26.42 26.44 25.50 23.74 21.99 20.28 19.99 18.53 17.56 16.31 14.36 13.31 12.32 11.23  9.37  7.74  7.16
25.32 25.45 25.93 25.88 25.87 25.63 25.59 25.00 23.34 22.31 21.33 19.44 17.58 16.49 14.79 13.27 12.10 10.32  8.88  6.98  6.19  4.67  4.30  4.32  4.40  4.47  5.37  6.75  6.96  7.33  7.45  7.65  7.60  7.48  7.40  7.41
traj-19:
34.77 33.14 31.32 29.58 28.28 26.74 24.93 23.15 21.40 19.71 18.83 17.01 15.25 13.81 12.32 10.50  9.35  7.49  6.53
24.98 24.92 25.05 25.26 25.19 25.03 24.97 25.02 25.13 25.20 25.12 25.01 24.94 25.10 25.04 24.84 24.78 24.59 24.05
traj-20:
36.54 34.73 34.45 32.71 31.06 29.14 28.18 27.03 26.19 26.12 26.11 26.72 27.87 29.06 29.89 31.02
23.97 24.37 24.48 24.71 24.36 24.86 25.44 26.22 26.83 28.06 29.23 31.04 31.65 33.04 33.93 35.20
traj-21:
37.54 35.67 34.12 32.66 31.46 29.73 29.21 28.07 27.84 27.19 27.01 26.41 26.59 26.72 26.88 26.96 27.21 26.96 26.49 25.25 23.83 22.95 21.76 20.62 19.17 18.58 17.24 15.47 14.96 13.50 11.52
24.90 24.50 24.21 24.01 23.82 23.49 23.44 22.24 21.70 19.88 19.34 17.48 15.50 13.80 11.93 11.18  9.34  7.61  6.03  4.71  4.69  4.70  4.71  4.74  4.80  4.83  5.20  4.77  4.61  4.34  4.19
traj-22:
38.71 37.52 36.06 35.46 33.76 32.30 30.61 29.44 27.68 26.63 24.68 23.30 21.35 19.88 18.15 16.46 14.73 12.97 11.41 11.28  9.98  9.34  8.24  6.82  5.67
25.38 25.31 25.22 25.19 25.08 25.26 25.48 25.63 25.37 25.17 25.16 25.15 25.22 25.38 25.28 25.09 24.88 24.21 23.19 22.92 21.49 20.71 19.55 19.19 18.89
traj-23:
39.01 37.40 36.49 36.12 34.40 33.16 31.41 30.72 29.29 28.13 26.84 26.54 26.77 26.54 26.48 24.95 23.12 22.83 20.89 20.42 19.58 19.47 19.17 19.09 20.10
25.03 24.42 24.01 23.75 23.52 23.52 23.36 23.18 23.19 24.36 25.72 27.62 28.62 30.57 31.46 32.54 31.76 31.68 31.48 31.69 33.31 33.59 35.40 35.69 36.15
traj-24:
34.89 32.94 31.55 29.59 28.35 27.32 26.45 26.40 26.49 26.46 26.40 26.51 26.77 26.94 26.52 26.30 26.18 25.15 23.67 21.92 21.36 19.58 18.98 17.63 16.43 15.22 13.77 12.18 10.41  9.69  8.29  7.07
24.05 23.83 23.62 23.24 22.33 21.19 20.16 18.55 17.63 15.71 14.12 13.53 11.61  9.83  8.23  7.48  6.25  4.81  4.88  4.87  4.91  4.93  4.94  5.94  6.33  6.82  7.22  7.34  7.36  7.28  6.09  5.54
traj-25:
36.96 35.31 33.67 31.70 30.34 28.44 27.17 25.29 24.28 22.37 20.79 19.35 17.88 15.90 14.13 12.29 11.20 10.87 10.03  9.38  8.91
25.29 24.58 24.61 24.77 24.74 24.84 25.09 25.08 25.10 24.98 24.99 24.84 25.01 24.97 24.91 24.63 23.27 22.45 21.05 19.47 18.58
traj-26:
35.40 34.16 32.67 31.15 29.98 28.37 27.17 26.61 26.51 27.39 28.10 29.22 29.67 27.95 26.84 24.94 23.52 22.95 21.17 19.28
23.35 23.24 23.24 23.28 23.42 23.69 25.24 26.53 28.13 29.17 30.95 32.14 33.98 34.12 34.14 33.65 33.22 33.03 32.49 32.41
traj-27:
35.83 35.55 33.87 32.08 30.59 28.86 27.43 27.32 27.13 27.30 27.11 26.71 26.56 26.60 26.43 26.35 26.43 26.43 26.35 25.57 23.75 22.01 20.85 19.67 18.63 17.56 16.22 14.61 13.14 12.01 10.77  8.84  8.12  6.33
25.38 25.51 25.97 25.89 25.83 25.65 24.62 23.37 21.61 19.64 17.75 15.82 14.22 12.84 11.25 10.18  9.22  7.64  5.64  4.71  4.42  4.50  4.66  4.82  6.28  7.82  7.99  7.97  8.01  7.95  7.68  7.39  7.27  6.85
traj-28:
37.04 36.51 34.92 33.06 31.08 30.78 29.36 28.59 26.91 25.17 24.02 23.16 21.40 19.43 19.13 17.14 16.25 15.14 13.71 11.83 10.26  8.76  7.71  6.26  5.40
23.70 23.62 23.34 23.22 23.16 23.11 24.07 24.86 25.03 25.22 25.27 25.20 25.24 25.16 25.15 25.11 25.02 24.94 24.86 24.33 23.55 22.79 22.34 21.86 21.62
traj-29:
35.85 35.68 33.72 32.59 30.99 29.10 27.92 27.42 26.82 26.84 26.86 27.00 25.55 24.96 23.27 21.35 19.46 18.72 17.32 16.33 15.28 13.94 13.13
23.02 23.26 23.38 23.22 23.10 23.51 25.06 26.05 27.87 28.45 30.24 30.98 32.02 31.94 31.68 31.58 31.35 31.35 31.69 31.90 32.08 32.33 32.47
traj-30:
36.65 35.76 34.06 32.34 30.88 29.15 28.85 27.91 27.42 26.74 26.46 26.22 26.07 26.19 26.22 26.14 26.13 26.12 26.12 26.07 26.04 26.22 24.76 23.58 21.82 20.95 19.78 18.96 18.47 17.41 16.46 14.59 13.17 11.28 10.78 10.10
25.53 25.59 25.83 25.78 25.79 25.87 25.86 24.42 23.11 21.41 19.73 18.78 17.33 16.75 14.82 13.70 12.57 11.37  9.91  8.01  6.25  4.53  4.22  4.32  4.46  4.55  4.57  5.45  5.78  7.10  7.55  8.04  8.19  7.72  5.93  4.17
traj-31:
38.27 36.93 36.23 34.84 33.45 31.74 30.01 28.01 27.71 26.88 25.04 24.44 22.65 20.93 19.19 17.43 16.17 14.41 13.22 11.32 10.23  8.64  7.64  5.72  5.42
24.11 24.51 24.72 25.15 25.52 25.65 25.70 25.72 25.70 25.51 25.16 25.14 25.21 25.31 25.11 25.01 25.03 25.03 25.00 24.66 24.43 24.12 24.09 24.05 24.04
traj-32:
38.96 38.08 36.24 34.48 32.60 31.52 30.44 29.87 29.01 28.11 27.60 27.09 26.24 24.57 24.28 22.56 20.92 19.03 17.87 16.18 15.10 13.57 12.51 10.69
23.33 23.35 23.44 23.48 23.45 23.43 24.06 24.67 25.81 27.59 28.84 30.48 31.45 32.45 32.47 31.99 31.67 31.52 32.06 32.90 33.21 33.78 33.91 34.41
traj-33:
37.34 36.50 35.05 34.49 33.04 31.35 29.88 28.23 27.50 27.42 26.83 26.25 26.23 26.26 26.29 26.28 26.24 26.33 26.55 26.84 26.85 26.96 25.27 24.39 22.61 21.44 19.98 18.62 18.10 16.94 15.13 14.85 13.06 12.49 10.95  9.61
24.93 25.04 25.24 25.33 25.47 25.57 25.53 24.71 22.87 22.58 20.77 18.93 18.46 16.85 15.24 14.14 12.35 10.89  8.96  7.23  6.93  5.01  4.27  4.25  4.24  4.32  4.47  5.38  6.03  6.94  7.08  7.15  7.45  7.47  7.42  6.71
traj-34:
35.15 34.85 33.05 32.26 31.21 29.22 28.71 27.13 25.65 23.86 22.48 21.73 20.04 19.22 17.76 17.17 15.40 13.72 12.51 11.55 10.88 10.22 10.44
23.81 24.46 24.51 24.37 23.93 23.73 23.69 24.32 25.47 24.80 24.92 24.95 25.05 25.09 25.14 25.16 25.15 24.75 24.56 24.05 22.38 20.61 20.40
traj-35:
36.29 35.22 33.78 32.45 30.62 28.89 28.72 28.18 28.21 27.45 25.72 24.64 23.03 21.39 20.02 18.63 17.06 15.88
24.84 24.77 24.65 24.46 24.89 25.77 26.52 28.33 30.11 31.79 32.10 31.97 31.73 32.47 33.26 34.33 35.29 36.04
traj-36:
36.27 35.39 33.63 32.54 31.39 29.94 28.49 26.72 26.15 26.06 26.04 26.05 26.08 26.08 26.08 26.10 26.23 26.27 26.42 26.07 24.38 22.64 21.50 19.74 17.95 16.96 15.69 13.84 12.94 12.10
25.24 25.20 25.47 25.65 25.74 25.84 24.78 23.98 22.15 20.23 19.04 17.68 15.94 14.77 12.84 11.82 10.38  8.66  6.74  5.00  4.36  4.49  4.63  4.90  5.40  6.47  7.77  7.20  6.00  4.64
traj-37:
38.35 37.19 36.06 34.30 33.43 31.70 30.27 28.79 28.61 27.62 26.86 25.87 24.23 22.54 21.35 19.40 17.42 16.22 14.49 13.59 12.22 12.00 11.87
25.59 25.82 25.85 25.89 25.88 25.94 25.99 26.90 27.22 28.62 26.91 25.48 25.13 25.19 25.15 25.14 25.26 25.27 25.28 25.30 24.51 22.90 21.49
traj-38:
36.29 34.67 34.03 32.25 31.68 30.22 29.43 28.09 26.80 26.14 26.38 26.73 26.95 26.80 27.15 28.58
23.63 23.57 23.61 23.23 23.30 23.56 23.76 24.20 25.15 25.69 27.62 29.31 31.13 31.85 33.79 34.97
traj-39:
38.88 38.31 36.57 35.71 34.09 33.65 32.75 31.01 29.83 28.48 28.51 27.27 27.10 27.07 27.08 26.97 26.95 26.90 26.91 26.92 26.64 26.26 25.03 24.16 22.69 20.91 19.29 18.46 17.03 15.47 14.17 12.83
25.51 25.57 25.72 25.84 25.91 25.94 25.95 25.90 25.85 24.94 23.76 22.37 20.64 18.95 17.55 15.64 13.99 12.51 10.81  9.38  7.43  5.68  4.19  4.25  4.29  4.44  4.85  5.83  6.94  7.33  7.79  7.95
traj-40:
38.70 36.97 35.39 34.32 33.24 31.31 30.04 29.18 27.28 26.01 24.10 22.15 20.61 18.64 17.11 15.37 13.48 11.83 11.24  9.90  9.34
23.88 24.41 24.89 24.67 24.55 24.76 24.67 24.67 24.73 24.44 24.23 24.27 24.32 24.50 24.49 25.20 24.76 23.82 23.16 21.83 21.22
traj-41:
35.11 34.56 32.66 30.92 28.93 27.48 26.63 26.56 26.18 25.16 24.06 22.24 20.87 19.77 18.72
25.31 25.41 25.77 25.75 25.84 26.27 26.60 28.50 30.37 31.25 32.29 32.71 32.63 32.54 32.60
traj-42:
36.49 34.94 33.31 31.66 31.03 29.06 28.90 28.07 27.42 26.99 26.31 26.61 26.78 26.89 26.94 27.03 27.01 27.08 26.46 26.13 25.02 23.83 21.87 20.12 19.53 18.18 17.74 16.15 14.81 13.22 12.03 10.64  9.98
24.95 24.42 24.00 23.45 23.30 23.07 23.05 22.24 21.08 20.26 18.96 17.02 15.37 14.26 12.28 10.35  9.41  7.87  6.83  6.11  4.63  4.72  4.88  4.76  4.81  6.17  7.25  7.34  7.51  7.27  7.16  6.65  6.29
traj-43:
35.26 34.04 32.57 31.19 29.52 28.36 26.85 25.02 23.46 22.04 20.87 19.42 17.66 16.51 14.74 12.99 11.87 10.52
24.05 24.27 24.57 24.90 25.06 25.24 25.42 25.62 25.68 25.59 25.57 25.54 25.25 24.99 24.68 24.40 24.06 23.65
traj-44:
34.49 33.78 31.96 30.44 29.41 28.19 27.49 27.20 26.24 25.25 23.98 22.72 21.86
24.46 24.30 23.89 23.42 24.51 25.84 27.50 28.35 30.07 31.25 32.72 33.17 33.19
traj-45:
37.30 35.45 34.12 32.83 30.97 30.38 28.78 28.68 27.82 27.75 27.70 27.47 27.50 27.35 27.23 27.10 26.98 26.83 26.74 25.47 23.52 22.92 21.17 19.71 17.87 15.95 14.52 12.98
23.64 23.26 23.15 23.04 23.05 23.03 22.20 20.85 19.09 17.23 15.85 13.94 12.77 11.49 10.24  9.35  8.17  6.69  5.51  4.48  4.21  4.28  4.54  4.56  4.77  5.17  6.17  5.43
traj-46:
34.14 35.55 33.79 32.32 30.59 29.90 28.55 26.72 25.35 23.88 22.08 21.78 20.05 18.08 16.98 15.00 13.38 11.60  9.79  7.93  6.29  5.29  4.19
25.36 25.04 24.24 24.10 23.86 23.75 23.62 24.02 24.27 24.57 25.07 25.06 24.92 24.92 24.64 24.54 24.39 24.14 23.59 22.91 22.28 21.86 21.43
traj-47:
37.04 35.17 33.88 32.53 30.67 30.07 28.31 27.35 26.83 26.90 26.30 26.17 26.06 24.83 23.06 22.11 20.36 18.90 17.17 15.33 13.65 11.86
24.29 24.24 24.32 24.34 23.87 23.83 23.71 24.83 26.61 26.90 27.35 29.28 30.47 31.74 31.82 31.81 31.83 31.99 32.48 33.01 33.44 33.87
traj-48:
38.51 37.79 36.24 35.17 33.30 31.96 30.08 28.52 27.85 26.44 26.57 26.45 26.31 26.41 26.45 26.47 26.48 26.57 26.58 27.21 27.33 27.21 27.00 25.55 24.53 23.06 22.17 20.72 19.29 18.34 16.77 14.82 14.43 12.64 10.68  9.52  7.75  6.91
23.45 23.59 24.13 24.43 24.94 25.27 25.83 25.87 25.17 24.46 22.89 21.68 20.76 18.99 17.54 16.35 14.38 12.56 10.85  9.07  8.80  6.81  6.09  4.79  4.76  4.80  4.82  4.88  4.93  5.53  5.87  6.02  5.98  6.52  6.62  6.71  6.87  6.89
traj-49:
35.72 35.42 33.62 32.50 31.51 29.62 28.13 26.33 24.98 24.26 22.52 20.62 19.42 17.71 15.95 14.78 13.30 12.18 10.97 10.18  9.27
24.30 24.25 23.85 23.74 23.42 23.23 23.26 23.49 24.15 24.39 25.11 25.25 25.35 25.38 25.25 25.20 25.14 25.15 24.61 23.57 22.48
traj-50:
34.35 33.19 31.23 30.06 28.37 28.16 27.30 26.45 26.15
25.49 25.59 25.81 25.91 26.95 28.35 29.79 31.59 32.06
traj-51:
36.21 37.43 35.97 34.29 32.57 30.83 29.99 28.42 27.49 27.50 27.55 27.52 27.49 27.45 27.44 27.01 26.92 26.78 26.45 26.17 24.43 22.68 20.93 19.17 18.29 16.57 15.20 13.86 11.88 10.74  8.94  7.76
25.80 24.97 24.29 24.21 24.10 23.86 23.74 22.74 21.11 20.86 19.00 17.11 16.28 14.39 13.19 11.28 10.66  8.79  6.93  5.49  4.72  4.63  4.57  4.76  4.78  5.45  5.81  6.21  6.07  5.46  4.83  4.20
traj-52:
36.13 35.03 33.64 31.66 30.53 28.91 28.66 26.94 25.83 24.25 22.51 21.66 19.91 17.92 16.02 14.04 12.10 11.58 10.16  8.72  7.52  6.16  5.99
25.11 25.29 25.53 25.76 25.84 25.99 26.15 26.85 25.33 25.02 25.12 25.13 24.98 24.94 24.87 24.97 24.87 24.67 24.09 23.34 22.61 21.31 21.06
traj-53:
35.08 33.32 31.88 30.08 28.58 27.66 27.71 27.40 26.76 25.77 24.71 23.12 21.62 20.21 20.01 19.94
23.77 24.01 24.49 24.96 25.21 26.97 27.46 28.98 30.27 31.11 31.21 31.39 32.08 32.87 34.50 35.03
traj-54:
36.44 35.69 34.39 32.53 30.61 29.39 28.68 27.92 27.90 27.64 27.55 27.51 27.49 27.48 27.28 27.25 27.18 27.19 27.16 25.79 24.61 22.66 21.23 20.94 19.65 18.91 17.16 15.96 14.37 12.86 11.85
23.67 23.60 23.51 23.38 23.12 23.02 22.64 20.93 19.15 18.23 16.39 14.43 13.01 12.09 10.58  8.74  7.21  5.66  5.17  4.07  4.12  4.23  4.49  4.55  4.85  5.33  4.90  4.89  4.89  4.54  4.31
traj-55:
36.15 34.46 32.77 31.89 30.45 28.69 26.79 25.23 23.86 22.81 21.10 19.40 19.10 18.68 18.38 16.67 15.39 13.45 12.73 11.28 11.16 10.65  9.90  8.97
25.52 25.68 25.91 25.91 25.84 25.75 25.67 25.20 24.72 24.38 24.37 24.44 24.47 24.92 24.92 24.76 24.80 24.84 24.77 23.92 22.09 20.80 19.38 19.11
traj-56:
34.05 32.57 31.81 30.09 29.16 27.67 27.81 27.77 27.70 27.06 26.85 26.48 25.42 23.93
23.36 23.39 23.42 23.68 24.28 24.87 26.80 27.97 29.27 31.06 32.05 33.26 34.19 35.47
traj-57:
37.78 36.33 35.25 33.51 32.63 30.90 30.11 28.78 28.16 27.19 27.13 26.79 26.76 26.77 26.91 27.17 27.23 27.31 27.10 27.09 26.97 26.59 25.52 24.19 23.60 21.88 20.73 19.10 17.77 17.18 15.93 14.17
25.37 25.60 25.76 25.86 25.85 25.84 25.89 26.66 27.53 26.18 25.60 23.67 22.31 20.69 18.86 17.22 15.31 13.57 11.82 10.07  8.13  6.57  4.92  4.27  4.32  4.47  4.54  4.76  5.23  5.74  6.64  7.25
traj-58:
33.98 32.27 30.78 28.99 28.12 27.16 26.16 24.85 22.91 22.33 20.88 19.84 18.34 16.71 15.26 13.58 12.03 10.19  9.74  8.14
25.71 25.91 25.84 25.61 25.00 24.45 23.92 24.09 24.17 24.21 24.45 24.56 24.89 25.07 25.10 24.61 24.41 24.14 24.12 23.95
traj-59:
35.64 34.07 32.55 31.34 29.74 28.08 27.34 27.18 27.03 26.85 27.44 29.07 30.47 31.78 33.62
24.10 24.50 24.32 24.12 24.89 25.75 27.50 28.07 30.03 31.65 32.83 33.00 33.25 33.44 33.54
traj-60:
36.38 35.79 34.55 33.05 31.73 31.17 29.87 28.27 28.11 27.52 27.44 26.93 26.80 26.26 26.19 26.12 26.11 26.06 26.01 26.00 26.12 26.08 24.31 23.42 21.99 20.83 19.07 17.79 16.02 14.85 13.47 12.28
25.64 25.59 24.68 23.87 23.32 23.28 23.01 22.16 21.28 19.43 18.89 17.40 16.90 15.46 15.29 13.82 12.68 10.94  9.95  7.96  6.18  5.29  4.63  4.67  4.66  4.59  4.47  4.33  4.35  4.34  4.32  4.31
traj-61:
36.12 34.37 32.80 31.31 30.47 29.30 27.55 27.03 25.09 23.11 21.50 20.45 18.79 17.39 16.51 14.56 13.67 11.99 10.79  8.93  8.02  6.38  5.00  4.05
24.61 24.24 23.99 23.64 23.52 23.44 24.16 24.62 25.01 24.79 24.75 24.85 25.06 25.25 25.18 24.95 24.89 24.32 23.61 23.00 22.52 22.35 22.05 22.13
traj-62:
36.00 34.05 32.12 30.65 29.23 28.26 28.53 28.67 29.22 29.74 30.70
25.19 25.41 25.87 25.92 25.94 27.52 28.68 29.57 31.45 32.49 33.82
traj-63:
35.77 34.58 32.83 30.87 29.70 27.94 27.20 26.66 26.52 26.47 26.51 26.54 26.58 26.69 27.31 27.18 26.65 26.42 25.42 24.22 22.45 21.71 20.42 19.53 17.82 16.38 15.31
23.12 23.05 23.04 23.07 23.09 22.25 20.42 19.07 17.26 15.71 14.04 12.90 11.91 11.32  9.69  8.94  7.33  6.15  4.86  4.32  4.51  4.56  4.67  4.76  4.96  5.36  6.00
traj-64:
36.54 36.05 34.46 33.30 31.57 30.38 28.46 27.61 25.91 24.00 22.26 21.43 19.76 18.13 17.29 15.53 14.09 13.51 12.04 11.17  9.39  8.54  7.13  6.66  5.18  4.06
24.50 24.41 24.24 24.02 24.20 24.26 24.11 24.35 24.90 25.10 25.19 25.25 25.38 25.46 25.58 25.66 25.59 25.50 25.35 25.28 24.46 23.98 22.74 22.37 21.28 20.48
traj-65:
38.98 37.20 35.26 33.79 33.27 31.65 30.83 29.10 28.80 28.16 27.03 26.61 26.22 24.95 23.16 22.40 20.66 20.38 18.41 16.87 15.13 13.41 12.13 10.24  9.25  7.89
24.16 24.19 24.48 25.03 25.21 25.70 25.73 25.87 25.85 26.31 27.84 29.12 30.19 31.60 31.97 32.46 33.25 33.36 33.44 32.79 31.97 31.41 31.67 31.91 32.17 32.57
traj-66:
38.23 37.62 36.40 34.46 33.59 31.65 30.50 29.39 29.00 28.82 27.86 27.64 27.40 27.37 27.26 27.04 27.37 27.68 27.72 27.63 27.54 27.14 26.93 25.21 23.73 23.16 21.40 19.94 19.06 17.88 17.60
23.61 24.26 25.03 25.42 25.54 25.77 25.81 25.85 24.11 23.75 22.34 21.30 19.61 19.29 17.30 15.36 14.05 12.10 10.88  8.99  7.83  6.09  4.39  4.08  4.21  4.28  4.44  4.68  4.83  4.91  4.48
traj-67:
37.93 36.28 35.83 33.95 32.32 30.52 29.27 28.50 28.20 27.44 26.37 26.19 25.09 23.69 21.75 20.48 18.66 17.05 15.49 14.08 12.75 11.12  9.93  8.28  6.48  5.71
24.55 24.32 24.26 23.87 23.15 24.01 25.24 25.96 27.18 28.66 27.12 26.88 25.21 25.09 24.72 24.19 25.01 24.94 24.94 24.64 24.13 23.08 22.37 22.24 21.67 21.33
traj-68:
35.96 34.69 33.15 31.24 30.54 29.41 28.85 28.86 28.90 28.92 28.29 27.55 27.33 25.81 25.59
23.41 23.30 23.30 23.27 23.28 24.65 25.76 27.53 29.32 29.92 31.50 33.09 33.29 34.37 34.58
traj-69:
36.41 34.54 33.36 32.17 31.00 29.25 27.87 27.77 27.73 27.45 27.32 27.31 27.49 27.52 27.64 27.56 27.49 26.73 26.17 25.12 24.52 22.75 22.16 20.41 19.82 18.85 17.86 16.27 14.48 12.52 11.07  9.65  7.92
25.41 24.70 24.71 24.71 24.73 24.50 23.60 22.43 20.76 19.45 17.63 16.30 14.34 12.88 11.13  9.35  8.75  6.90  5.79  4.40  4.47  4.67  4.73  4.79  4.84  5.41  7.12  7.22  7.26  7.51  7.61  7.78  7.90
traj-70:
36.10 34.71 32.97 32.38 30.62 29.19 28.95 27.25 26.06 24.42 22.87 21.12 20.33 18.50 17.06 15.87 14.14 13.07 11.48 11.05 10.18
25.43 25.74 25.90 25.88 25.85 25.84 26.01 26.49 26.10 25.54 24.99 24.95 24.94 25.00 25.02 25.07 25.01 24.84 23.85 23.14 21.82
traj-71:
36.93 35.76 34.37 33.51 31.78 29.78 28.34 26.85 26.52 26.07 25.68 24.10 23.41 21.64 20.01 18.95 17.30
25.52 25.64 25.76 25.82 25.91 25.93 26.92 28.24 28.33 30.25 31.00 32.03 31.97 31.98 32.41 32.78 33.27
traj-72:
36.66 35.27 33.68 32.90 30.95 30.11 29.67 27.91 27.50 27.25 27.06 26.69 26.47 26.59 26.68 26.83 26.59 26.47 26.72 26.84 26.09 25.20 23.43 21.65 20.18 19.29 18.12 17.81 15.84 14.86 13.59 11.91 10.85
24.36 24.14 24.00 23.92 23.59 23.28 23.00 22.48 20.83 19.63 17.74 16.36 15.06 14.25 12.29 10.42  8.50  8.07  7.91  6.97  5.72  4.84  4.87  4.88  4.81  4.74  5.36  5.74  5.83  5.66  5.41  5.28  5.21
traj-73:
36.26 34.28 32.51 31.69 29.85 29.03 28.77 27.06 26.53 24.92 24.20 22.82 21.64 19.99 18.00 17.70 15.71 14.10 13.16 11.90 11.29 10.07
23.14 23.20 23.15 23.13 23.06 23.01 22.87 22.39 24.09 25.00 25.04 25.09 25.14 25.18 25.11 25.14 25.09 24.65 24.57 24.28 23.82 22.88
traj-74:
34.60 33.79 32.06 31.76 30.03 29.01 27.44 27.15 26.42 26.34 26.83
24.41 24.42 24.57 24.53 24.48 24.94 25.94 26.03 27.14 28.71 30.05
traj-75:
33.97 33.39 34.77 33.21 32.41 30.67 30.07 28.33 27.38 27.24 27.12 27.12 27.21 27.26 27.28 27.34 27.28 27.02 26.99 26.79 25.42 23.80 22.63 20.90 19.88 18.55 17.43 15.61 14.01 12.40 11.15  9.49  8.06
25.73 25.57 24.21 24.27 24.25 24.28 24.33 24.39 22.68 20.97 19.00 17.88 16.12 14.26 12.97 11.04  9.60  8.17  6.41  5.86  4.44  4.58  4.69  4.72  4.65  4.84  6.24  6.73  7.03  7.56  7.98  8.54  8.93
traj-76:
38.72 36.90 36.09 34.46 33.55 31.66 29.81 27.88 25.93 24.14 22.32 20.69 18.98 18.23 16.59 15.48 13.99 12.25 11.09 10.17  9.39  8.12  7.27  6.16  4.73  4.40
24.50 24.40 24.43 24.35 24.42 24.66 24.66 24.65 24.78 24.93 24.93 24.97 25.07 25.08 25.39 25.60 25.74 25.56 25.35 24.99 23.56 22.61 21.87 20.93 19.69 19.39
traj-77:
35.92 34.24 33.14 31.86 30.12 29.22 28.29 28.35 27.92 27.30 27.34 27.45 26.42 25.01
23.23 23.28 23.28 23.25 23.35 23.42 24.96 25.25 27.04 28.51 29.72 31.40 32.99 33.36
traj-78:
35.82 34.68 33.58 32.44 31.57 29.82 28.59 26.82 26.38 26.46 26.48 26.62 26.35 26.30 26.32 26.38 26.41 26.48 26.51 26.46 27.02 27.21 27.29 26.32 25.12 23.94 22.17 20.39 18.63 16.76
25.54 25.75 25.86 25.88 25.91 25.91 26.53 26.97 25.93 24.81 22.84 21.13 19.82 18.44 16.52 15.23 14.50 12.89 11.78 10.52  8.78  7.11  6.03  4.35  4.35  4.36  4.58  4.71  4.81  4.76
traj-79:
38.60 37.57 35.65 34.50 33.34 31.85 30.37 29.14 27.17 26.36 24.76 23.40 21.51 20.19 18.24 16.54 14.60 13.13 11.30  9.52  7.97  6.71  5.18
24.60 24.95 25.33 25.57 25.77 25.86 25.95 25.96 25.67 25.51 25.14 24.80 24.68 24.69 24.59 24.82 25.04 25.18 24.73 24.14 23.57 22.88 21.90
traj-80:
35.48 34.36 33.11 31.63 31.04 29.28 28.41 27.68 26.86 27.00 26.44 26.10 25.21 24.71 23.16 22.55 20.90 19.64
24.77 24.39 24.04 23.96 23.94 23.87 23.91 25.72 27.48 28.04 29.66 30.41 31.18 31.73 32.72 32.92 33.49 34.10
traj-81:
34.63 33.07 31.26 30.19 30.13 28.68 28.46 28.28 28.06 27.70 27.28 27.08 27.11 26.93 26.60 26.56 26.28 26.03 25.20 23.74 21.97 20.77 18.95 18.37 16.54
23.86 23.48 23.33 23.24 23.22 22.28 20.89 19.72 18.25 16.73 15.00 13.70 12.58 11.55  9.97  9.47  7.60  6.21  4.68  4.71  4.73  4.73  4.53  4.51  4.51
traj-82:
38.56 36.64 36.16 34.57 33.69 32.40 30.80 29.14 28.41 26.92 25.51 24.19 22.46 20.79 18.92 17.13 16.28 14.53 13.44 11.88 11.45 10.39 10.20  8.90  8.22
24.31 23.88 23.84 23.70 23.49 23.54 23.50 23.50 23.53 24.18 24.94 24.84 24.71 24.52 24.46 25.05 25.23 25.12 24.76 24.15 23.88 22.45 22.23 20.92 20.39
traj-83:
38.14 37.28 35.86 34.39 32.63 31.74 30.33 28.61 28.14 28.14 27.60 26.42 25.17 23.30 22.35 20.71
25.35 25.46 25.63 25.80 25.92 25.90 25.84 26.74 28.58 30.07 31.95 31.69 31.70 31.63 31.77 31.48
traj-84:
38.58 38.30 36.58 35.73 34.01 32.85 31.41 30.55 29.13 28.29 27.16 27.04 26.20 26.24 26.22 26.12 26.12 26.15 26.17 26.20 26.18 26.15 26.22 26.16 24.42 23.29 22.13 20.39 18.76 16.89 15.03 13.45 11.56
25.10 25.19 25.37 25.41 25.59 25.69 25.84 25.80 25.00 23.57 22.03 21.64 20.03 19.69 18.33 16.71 14.96 13.56 11.57 10.12  9.07  7.78  5.87  4.98  4.33  4.50  4.64  4.75  4.87  5.54  6.11  6.64  7.05
traj-85:
34.45 34.19 32.40 31.27 29.74 28.11 26.44 24.75 24.18 22.29 20.71 19.76 17.85 16.38 14.74 13.37 11.38  9.79  8.80  6.87
23.92 24.07 23.81 23.74 23.22 24.21 24.65 24.98 25.07 24.84 24.44 24.36 24.61 24.71 24.79 24.87 24.88 24.72 24.45 23.99
traj-86:
38.19 37.09 35.33 34.48 32.77 31.01 30.71 28.96 27.31 26.07 26.17 26.26 27.37 28.91 30.56 31.33
25.60 25.65 25.77 25.78 25.90 25.88 25.86 25.73 26.27 26.70 28.44 29.83 31.22 32.01 32.66 33.01
traj-87:
33.93 32.44 31.69 29.98 28.62 27.71 27.20 26.26 26.35 26.28 26.21 26.18 26.33 26.29 27.13 27.49 27.16 26.91 25.10 23.63 21.67 19.91 19.21 17.93 17.65 16.26 15.93
24.30 23.50 23.26 23.04 22.05 21.10 20.03 18.70 16.99 15.64 14.02 13.43 11.86 10.36  8.55  7.51  5.61  5.44  4.73  4.61  4.71  4.79  4.79  6.12  6.22  7.39  7.78
traj-88:
36.54 34.68 32.82 31.16 29.85 28.40 27.06 26.09 24.40 23.51 21.55 20.72 19.06 17.33 15.57 14.14 12.59 11.50 10.76 10.06
24.35 23.96 23.44 23.28 23.15 24.14 24.86 25.25 25.30 25.20 25.06 25.10 25.20 25.41 25.27 25.25 24.53 24.11 23.11 22.07
traj-89:
34.76 33.43 31.67 30.61 28.69 27.80 26.53 26.33 26.81 26.96 27.10 26.23 25.96 24.12 22.23 21.66 20.09 19.49 17.79 15.86 14.61 13.22 12.76
23.55 23.53 23.47 23.36 23.21 23.34 23.84 25.57 27.29 28.74 29.92 31.43 31.57 31.77 32.02 31.99 32.09 32.07 32.04 32.53 32.84 33.85 34.09
traj-90:
36.41 35.26 33.49 31.57 29.70 28.37 28.18 27.75 27.46 26.96 26.73 26.82 26.86 26.85 26.96 27.03 27.11 26.89 25.93 24.19 22.75 21.27 19.40 17.87 17.61
23.93 23.79 23.46 23.19 23.06 22.18 20.54 19.39 17.44 15.69 14.65 13.10 12.29 11.04  9.15  8.20  7.10  6.34  4.80  4.37  4.56  4.75  4.98  6.18  7.31
traj-91:
36.72 34.98 33.22 31.22 30.05 28.07 26.07 24.39 22.94 21.50 19.78 18.16 16.59 15.19 13.42 12.03 10.30  8.91  7.72  6.62
25.51 25.55 25.68 25.70 25.74 25.82 25.76 25.11 25.00 24.92 24.78 24.79 25.05 25.39 25.34 25.27 25.05 24.57 23.32 22.41
traj-92:
35.81 34.42 32.98 31.27 29.59 28.44 28.51 28.75
25.63 25.79 25.83 25.84 25.92 27.55 28.14 29.91
traj-93:
37.92 37.32 35.46 34.71 33.03 32.16 30.19 28.48 28.20 27.73 27.62 26.98 26.68 26.42 26.31 26.35 26.25 26.30 26.34 26.35 26.29 26.29 26.43 24.93 24.07 22.64 21.75 20.30 18.81 17.08 15.80 13.95 12.48 10.93  9.73  7.97  6.47
23.77 23.74 24.19 24.67 25.26 25.44 25.73 25.73 23.89 22.40 21.28 19.41 17.58 16.21 15.16 13.43 13.21 12.24 10.76  9.83  8.60  7.28  5.43  4.89  4.90  4.88  4.91  4.92  4.94  5.67  6.01  6.56  7.09  7.33  7.03  6.71  5.47
traj-94:
35.94 34.26 33.11 31.55 29.56 28.84 27.14 26.05 25.18 23.70 22.06 21.31 20.01 18.97 17.02 16.46 14.60 12.97 12.58 10.93  9.40  7.90  6.88
23.55 23.48 23.42 23.35 23.45 23.55 24.25 24.79 24.77 24.75 24.69 24.70 24.89 24.88 24.91 25.06 24.72 24.14 24.02 23.04 22.10 20.86 20.17
traj-95:
37.03 35.44 33.88 32.24 30.28 29.73 28.78 27.77 27.48 26.81 26.04 25.47 25.40 23.85 22.33 20.42 19.42 17.83
24.74 24.35 23.95 23.42 23.28 23.89 24.96 26.43 27.28 29.11 30.79 31.45 31.42 32.20 33.13 32.96 32.92 32.83
traj-96:
38.13 36.65 34.96 33.24 32.75 30.94 29.19 28.28 26.54 26.80 26.38 26.30 26.24 26.29 26.28 26.12 26.17 26.18 26.33 26.34 27.01 26.34 25.77 24.01 23.11 21.34 19.76 18.55 17.30 15.67 15.27 14.06 12.98
25.51 25.60 25.64 25.72 25.75 25.84 24.96 24.82 24.26 22.45 20.63 19.19 18.54 17.22 15.23 13.78 12.11 10.12  8.24  7.94  6.11  4.40  4.22  4.10  4.18  4.25  4.37  5.13  5.79  6.63  6.94  7.81  8.74
traj-97:
34.84 33.16 31.26 30.07 29.02 27.49 25.83 25.16 23.77 22.11 20.40 19.51 17.83 16.06 14.54 12.58 11.24 10.01  8.82  7.89  7.10
24.09 23.51 23.61 24.10 24.53 24.74 24.99 25.04 24.65 24.27 25.04 25.10 25.18 25.04 24.71 24.32 23.28 22.08 20.87 19.90 19.08
traj-98:
34.00 32.27 31.70 30.04 28.94 28.68 28.84 28.81 28.78 28.67 28.83
25.22 25.45 25.52 25.71 25.82 27.74 29.52 31.26 31.56 33.41 35.23
traj-99:
37.50 36.08 34.77 33.26 32.64 30.87 29.64 27.95 27.52 26.66 26.42 26.21 26.20 26.16 26.19 26.15 26.22 26.28 26.32 26.22 26.00 25.05 23.30 22.41 21.23 19.69 18.47 16.98 16.48 14.97 13.32 12.53 10.98  9.93  8.01  6.58  5.75  4.14
23.33 23.35 23.39 23.32 23.27 23.16 23.09 22.49 21.87 20.58 19.45 18.45 17.02 15.79 14.70 13.12 11.63 10.07  8.63  7.80  6.51  4.89  4.79  4.74  4.63  4.81  6.31  7.56  7.59  7.72  7.85  7.87  7.91  7.93  7.99  7.65  7.44  7.04
traj-100:
35.27 33.81 32.09 30.37 28.88 27.72 26.75 25.27 24.12 22.48 21.20 19.43 19.13 17.39 15.93 14.20 13.34 12.11 11.27 10.11  8.98  8.46
25.38 25.52 25.75 25.87 25.63 24.98 24.73 24.40 24.67 24.94 24.97 24.86 24.89 24.87 25.00 24.88 24.69 24.32 24.04 23.12 21.51 20.76
traj-101:
39.02 37.50 36.02 34.44 33.65 31.73 29.78 27.99 27.28 27.42 27.43 27.34 27.05 26.79 25.30 23.72 22.75 21.48
24.32 24.24 24.11 23.76 23.59 23.20 23.39 23.49 25.34 26.23 27.81 29.15 31.08 32.21 33.55 34.73 35.01 35.64
traj-102:
35.48 33.76 32.51 30.81 29.37 27.79 26.72 26.35 26.20 26.15 26.10 26.09 26.10 26.14 26.19 26.21 26.11 26.11 25.21 24.92 23.19 22.02 20.84 19.96 18.50 16.62 15.04 14.27 13.21 11.58 10.19  8.76  7.40  5.91
24.86 24.47 24.08 23.52 23.17 22.28 21.78 20.08 19.19 18.35 16.51 14.67 13.48 11.67 10.50  9.67  7.92  6.08  4.51  4.46  4.24  4.42  4.59  4.69  5.44  5.87  5.76  6.42  7.26  7.58  7.49  6.85  5.41  4.11
traj-103:
34.58 33.18 31.26 30.96 29.14 27.39 26.12 24.46 23.89 22.06 20.10 19.03 17.24 15.48 13.78 12.16 11.87 10.21  8.41  7.69  5.96
24.81 23.89 23.45 23.49 23.89 24.66 24.98 25.30 25.44 24.98 25.15 25.12 25.07 24.97 24.94 24.37 24.31 23.62 22.94 22.64 21.89
traj-104:
37.33 36.52 34.66 33.57 32.49 31.61 29.89 28.71 28.61 28.36 27.28 26.19 25.16 23.21 21.42 20.73 19.63 18.70
24.23 24.43 25.10 25.35 25.64 25.75 25.92 27.38 29.32 30.05 31.56 31.56 31.59 31.64 32.10 32.55 33.33 33.86
traj-105:
36.03 35.73 34.00 32.57 31.27 30.00 28.56 27.78 27.62 27.44 27.44 27.39 27.42 27.42 27.34 27.29 27.12 26.90 26.57 26.44 26.11 24.26 22.49 21.03 19.70 17.98 16.47
25.50 25.51 25.55 25.71 25.89 25.81 25.68 24.59 23.04 21.88 20.68 18.97 17.57 15.72 14.79 12.82 11.54 10.12  8.32  7.26  5.49  4.82  4.77  4.68  4.62  5.30  5.79
traj-106:
36.27 34.77 32.92 31.20 29.53 27.94 26.81 25.13 23.14 21.94 20.07 18.33 16.52 15.11 13.37 12.40 11.24  9.69  8.12  7.15
23.98 24.32 24.82 25.12 25.35 24.95 24.48 24.14 24.13 24.19 24.39 24.41 25.05 25.17 25.04 24.74 23.78 22.85 21.92 21.33
traj-107:
38.12 37.68 36.05 35.77 33.86 33.32 31.50 30.30 28.63 27.90 27.22 26.61 26.52 26.23 25.17 24.51 23.23 22.93 21.03 19.57 17.67 15.93
23.31 23.39 24.35 24.45 24.08 23.93 23.56 23.35 23.42 24.46 26.28 27.81 28.51 30.38 31.13 31.81 32.72 32.73 33.08 33.41 33.92 34.20
traj-108:
35.69 35.11 33.39 32.22 30.47 28.68 28.40 28.20 28.08 27.43 26.61 26.25 26.22 26.24 26.28 26.37 26.60 26.73 26.74 26.33 25.21 23.31 21.58 19.81 19.08 17.25 15.57 14.79 13.16 12.61
25.48 25.59 25.89 25.86 25.83 25.75 24.32 22.63 21.46 19.69 18.30 16.33 14.58 14.01 12.42 10.51 10.32  9.24  7.97  6.09  4.75  4.73  4.73  4.75  4.76  5.44  5.74  5.81  5.16  4.58
traj-109:
36.83 34.90 34.60 32.87 31.98 30.72 28.95 28.35 26.91 26.34 25.10 23.16 22.26 20.26 18.52 17.62 15.65 14.21 12.75 10.93  9.59  8.94  8.62
23.31 23.54 23.58 23.58 23.50 23.57 23.52 23.52 23.69 24.05 24.90 25.08 25.13 25.09 24.97 24.95 25.13 25.19 25.23 24.58 23.61 22.07 21.39
traj-110:
36.34 35.46 34.33 33.45 32.04 31.45 29.73 28.90 28.34 27.17 26.31 25.30 23.33 22.29 21.09 19.36 18.69 16.88 15.69 13.82 12.02 10.37  9.38
25.44 25.53 25.71 25.76 25.90 25.92 25.96 26.41 27.33 28.81 30.18 31.28 31.47 31.53 31.68 31.93 32.27 32.91 32.77 32.76 32.76 32.82 32.77
traj-111:
34.03 32.62 31.52 29.56 29.26 29.08 28.81 28.45 27.81 27.77 27.99 27.26 27.03 26.83 26.71 26.74 26.69 26.70 26.45 26.13 26.00 25.31 23.59 22.73 21.00 20.70 18.75 16.98 15.87 14.33 12.37 11.51  9.51  8.75
25.26 25.46 25.67 25.83 25.81 26.05 24.21 23.28 21.42 19.55 18.56 16.90 16.23 15.04 13.50 11.87 10.20  9.77  8.17  6.42  6.13  4.79  4.74  4.78  4.68  4.68  4.58  5.19  5.25  5.32  5.38  5.40  5.42  5.49
traj-112:
39.15 37.67 36.22 34.25 33.08 31.61 30.74 29.32 27.55 26.77 24.88 23.73 22.26 21.06 19.16 18.28 16.44 16.14 14.42 13.00 11.44 10.93 10.21
25.75 25.75 25.79 25.87 25.85 25.86 25.82 25.81 25.52 25.48 25.35 25.27 25.19 25.18 25.07 25.01 24.99 25.03 24.74 24.46 23.36 23.05 22.89
traj-113:
39.17 38.06 37.05 35.48 33.75 32.58 31.75 30.29 28.55 28.31 27.65 26.82 25.01 24.43 22.82 21.15 20.37 18.45 17.88 16.10 14.13
25.34 25.56 25.69 25.72 25.84 25.82 25.82 25.86 26.73 27.28 28.70 30.27 31.10 31.20 31.31 32.08 32.29 32.12 32.14 32.01 31.93
traj-114:
37.94 36.45 35.88 34.17 33.35 31.87 30.74 29.87 28.36 27.55 26.84 27.00 27.06 27.10 27.21 27.37 27.32 27.21 27.29 27.20 26.49 26.06 24.25 22.51 21.64 20.48 19.08 17.95 16.75 15.90 14.37 12.42 11.37  9.39  8.85
24.83 25.22 25.39 25.67 25.83 25.92 25.98 26.00 24.90 23.25 21.39 19.68 18.27 17.20 15.55 13.89 12.99 11.07  9.60  7.80  5.99  4.99  4.22  4.36  4.50  4.71  4.97  5.29  5.71  5.85  6.28  6.62  6.86  6.66  6.69
traj-115:
38.61 36.81 34.90 34.23 32.26 30.44 29.12 27.29 26.63 24.82 23.40 21.44 20.08 18.25 17.38 15.67 14.87 13.03 11.09 10.50  8.85  7.56
25.10 24.90 24.85 24.84 24.71 25.00 25.47 25.37 24.80 24.42 24.20 24.35 24.58 25.26 25.20 24.99 24.95 24.58 24.19 24.10 23.70 23.22
traj-116:
38.26 36.84 35.10 34.80 33.05 31.88 30.70 29.82 28.78 28.27 27.23 26.44 24.76 22.86 22.01 20.61 19.72 18.05 17.19 15.93 14.43 12.82
25.35 25.55 25.74 25.73 25.87 25.91 25.89 25.90 27.26 28.53 30.13 31.47 32.12 32.61 32.52 32.75 32.71 32.45 32.31 32.32 32.43 32.45
traj-117:
38.12 37.04 35.55 33.88 31.92 30.73 29.93 28.08 26.30 26.57 26.83 26.68 26.86 27.09 26.96 26.76 26.88 27.05 27.02 26.87 26.59 25.76 23.89 22.16 21.57 19.85 18.78 17.56 16.86 15.31 14.16 13.12 12.15
25.06 24.98 24.85 24.67 24.69 24.58 24.48 24.69 24.36 23.28 21.31 19.42 17.91 15.98 14.56 12.58 11.70 10.53  9.36  7.88  6.14  4.53  4.43  4.43  4.48  4.56  5.29  6.71  6.99  7.38  7.64  6.02  4.90
traj-118:
37.00 36.66 34.91 34.35 32.91 31.20 29.80 28.02 27.02 25.57 23.96 22.54 20.92 19.28 17.52 15.64 14.24 12.51 10.61  9.49  8.45  8.31  7.34
23.99 24.45 25.06 25.13 25.44 25.63 25.73 25.52 25.40 25.27 25.05 25.16 25.19 25.23 25.17 25.07 24.96 24.90 24.31 22.99 21.45 21.18 19.75
traj-119:
33.73 32.86 30.90 30.02 28.38 26.82 26.77 26.94 26.56 26.35 25.25 24.72 23.00 21.19 19.85
25.55 25.62 25.89 25.99 26.88 27.81 29.45 30.60 32.45 32.67 34.03 34.69 35.23 35.97 36.55
traj-120:
37.27 37.55 37.35 35.78 34.55 33.64 31.67 29.76 28.83 27.81 27.84 27.73 27.66 27.44 27.26 27.09 26.93 26.86 26.69 26.52 26.31 25.92 24.05 22.29 21.42 19.93 18.82 17.68 16.15
25.36 25.25 25.16 23.95 23.99 24.08 24.24 24.19 22.51 20.84 19.46 18.20 17.31 16.11 14.34 13.20 11.50 10.61  8.96  7.02  5.56  4.93  4.32  4.28  4.24  4.24  5.01  5.60  6.27
traj-121:
33.96 32.05 30.94 29.23 28.61 27.77 26.45 24.80 22.84 21.07 19.14 18.54 16.55 15.37 14.29 12.35 11.21  9.52  8.36  6.43  5.04
23.07 23.21 23.37 23.21 23.15 23.20 24.26 25.08 25.08 25.09 25.09 25.12 25.18 25.14 25.11 25.10 25.14 24.77 24.58 24.13 23.88
traj-122:
35.02 34.55 32.83 31.99 30.20 28.82 27.84 27.97 28.39 27.81 26.53 25.54
24.84 24.72 24.48 24.72 25.44 25.93 27.60 28.60 30.26 32.06 32.67 34.15
traj-123:
37.33 35.54 34.14 32.66 31.83 30.00 28.37 28.25 27.94 27.71 27.56 27.52 27.40 27.01 26.85 26.79 26.42 26.04 25.13 23.96 22.23 21.04 19.29 17.80 16.44 14.93 13.08 11.80  9.98  8.90  7.20  6.09
23.83 23.85 23.84 23.73 23.62 23.02 22.10 21.23 19.51 17.84 16.83 15.00 13.45 11.90 10.02  9.04  7.24  6.44  4.77  4.70  4.63  4.57  4.54  4.50  5.07  5.51  6.24  6.66  7.30  7.70  8.36  8.65
traj-124:
36.32 34.91 33.18 31.44 30.26 28.69 27.19 25.32 23.50 21.57 20.27 19.31 17.80 16.95 15.25 14.20 12.71 11.32 10.64
25.63 25.76 25.88 25.87 25.86 25.64 24.65 24.46 24.57 24.39 24.48 24.56 24.77 24.82 24.92 24.74 24.45 23.18 21.89
traj-125:
35.75 35.19 33.74 32.87 31.12 29.65 27.98 27.17 26.52 26.35 25.95 25.83 24.60 22.94 21.31 19.91 18.77
25.36 25.47 25.67 25.77 25.88 25.99 26.73 28.46 29.76 30.64 32.03 32.61 33.92 34.48 34.83 35.14 35.43
traj-126:
38.61 37.31 35.33 35.03 33.46 31.73 30.14 28.71 28.14 27.60 27.52 27.46 27.36 27.24 27.03 26.81 26.63 26.48 26.38 26.06 25.04 24.74 22.97 21.83 20.07 19.77 17.87 16.91 15.28 13.53 12.48 10.63
24.63 24.43 24.27 24.22 24.09 24.01 23.58 23.08 21.23 19.47 17.71 16.57 14.64 13.81 12.17 10.96  9.47  8.35  7.29  6.39  4.86  4.84  4.73  4.56  4.60  4.61  5.14  5.61  6.38  7.29  7.77  8.33
traj-127:
35.12 33.73 32.58 30.87 29.71 28.97 27.11 26.93 26.11 25.97 24.09 22.55 20.60 19.06 17.93 16.79 15.35 13.90 12.48 11.14 10.01  9.50  8.22
25.41 25.50 25.71 25.87 25.92 26.31 26.96 26.40 24.74 24.47 24.73 24.83 24.83 24.88 24.91 24.97 24.99 24.88 24.59 23.25 21.72 21.15 19.80
traj-128:
35.15 34.85 32.95 31.43 30.50 29.37 28.50 27.29 26.49 27.14 27.77 27.99 28.14 26.83 25.44 24.44 22.57 21.62 20.64 18.91 17.76 16.61 15.42
23.46 23.48 23.52 23.52 24.05 24.68 25.18 25.92 27.69 29.36 31.01 31.21 33.00 33.44 33.21 33.08 33.01 33.49 34.12 34.68 34.90 35.06 35.11
traj-129:
38.67 37.65 36.02 34.82 33.88 32.02 30.43 28.47 27.34 27.09 27.03 27.02 26.86 26.82 26.66 26.79 26.86 27.17 27.41 27.98 27.48 26.85 25.48 23.69 22.51 20.99 19.10 18.94 17.41 15.72 14.04 12.10 10.12  9.37  7.79
25.09 24.98 24.86 24.92 24.91 25.03 24.98 24.80 23.36 21.72 20.78 18.79 17.59 15.70 14.62 13.03 11.09  9.65  8.85  7.04  5.30  4.53  4.12  4.09  4.17  4.27  4.73  4.98  6.25  5.71  5.20  5.13  5.15  5.34  5.71
traj-130:
34.35 32.95 31.79 30.65 28.91 27.46 25.76 23.83 22.35 20.79 20.24 18.54 17.58 15.88 14.75 12.86 11.68 10.11  8.62  7.31  6.09  4.99
25.20 25.53 25.56 25.54 25.42 24.77 24.59 24.70 24.81 24.98 25.11 25.15 25.14 25.14 25.12 24.72 23.98 23.16 22.40 21.13 20.21 19.34
traj-131:
36.64 35.82 34.07 32.42 31.34 29.45 27.66 26.82 26.75 26.63 26.39 25.63 23.94 22.64 20.77 18.90 18.04 16.30 14.55 12.79 11.24
23.97 23.87 23.67 23.53 23.47 23.17 23.12 24.91 26.72 28.24 29.41 31.08 32.02 32.36 32.90 33.25 33.00 33.20 33.93 34.52 35.56
traj-132:
36.69 35.52 33.70 32.68 30.81 28.97 27.85 27.72 27.41 27.43 27.41 27.32 27.29 27.15 27.11 26.98 26.80 26.58 25.50 23.74 22.58 21.14 19.98 18.83 17.98 16.76 15.98 14.62
23.77 23.86 24.08 24.07 24.05 23.48 22.08 20.85 19.12 18.30 16.40 14.59 13.74 11.80 11.21  9.75  7.99  6.52  4.90  4.52  4.52  4.59  4.63  5.22  5.75  6.60  7.15  8.49
traj-133:
38.29 36.92 35.00 33.57 31.87 30.25 28.56 26.93 25.03 23.12 21.64 20.49 18.95 17.46 16.11 14.69 13.27 12.43 10.95  9.87  9.75  9.66  9.46
23.99 23.78 23.56 23.36 23.56 24.61 24.34 24.34 24.15 24.14 24.14 24.36 24.56 24.71 24.85 24.99 24.66 24.40 23.69 22.08 21.32 19.66 18.65
traj-134:
34.71 33.58 31.77 30.08 28.27 27.41 27.03 26.06 26.12 26.25 26.60 27.04 27.41 29.30 30.39
24.45 24.30 23.97 23.66 23.44 24.55 25.24 26.19 27.06 28.39 29.30 31.03 31.49 32.03 32.35
traj-135:
33.83 32.96 31.84 30.96 29.77 28.28 28.03 26.71 26.88 26.95 26.56 26.12 26.17 26.22 26.30 26.36 26.40 26.54 26.66 26.82 26.77 26.13 24.39 22.45 20.84 19.35 18.54 17.13 15.59 14.21 13.48
25.55 25.70 25.89 25.95 25.92 26.98 27.49 26.07 24.09 22.89 21.81 19.86 18.47 17.28 16.13 15.18 13.40 11.77  9.96  7.99  6.71  4.83  4.68  4.76  4.84  4.90  4.89  5.34  6.42  7.36  7.84
traj-136:
37.90 37.60 35.90 35.60 33.88 32.16 30.90 29.07 27.52 25.70 23.72 23.42 21.51 19.72 18.55 17.08 16.21 14.38 12.55 11.55 10.78
25.45 25.46 25.71 25.75 25.87 25.81 25.83 25.85 25.84 25.56 25.23 25.24 25.30 25.32 25.24 25.12 25.08 24.69 24.25 23.09 21.80
traj-137:
39.09 38.50 37.08 35.92 35.05 33.27 32.68 31.23 29.83 29.09 28.24 28.45 28.56 29.26 30.61 31.46
25.69 25.72 25.80 25.89 25.90 25.91 25.93 25.93 25.93 26.00 26.69 28.47 29.34 31.16 31.45 31.61
traj-138:
37.74 36.27 34.50 33.87 32.48 30.52 28.76 28.29 27.82 27.33 26.62 26.67 26.43 26.27 26.40 26.24 26.41 26.62 26.66 27.19 27.32 27.49 26.72 24.85 23.07 22.17 20.41 18.96 18.39 17.65 16.74 15.03
24.81 24.79 24.80 24.89 25.13 25.44 24.77 23.70 22.29 21.04 19.52 18.85 17.51 16.85 15.16 13.69 12.08 10.13  9.83  8.16  7.47  7.22  5.53  4.85  4.88  4.91  4.90  4.94  4.92  6.68  7.27  8.22
traj-139:
35.22 34.37 32.66 31.51 29.80 28.84 27.07 26.04 24.61 23.24 21.77 20.59 18.85 17.45 15.90 14.03 12.53 11.06  9.83  8.74  7.01  5.33
25.06 25.24 25.48 25.54 25.76 26.31 26.98 26.30 25.59 25.77 25.88 25.74 25.63 25.78 25.59 25.00 24.41 23.09 21.78 20.82 19.86 19.30
traj-140:
37.24 36.11 34.29 32.55 30.96 29.04 27.27 27.37 28.32 28.38 28.96 30.29 31.05 32.89 33.48
23.36 23.41 23.68 23.80 24.23 24.70 25.63 27.10 28.76 29.06 30.41 31.38 31.79 32.52 33.47
traj-141:
37.78 35.90 35.29 33.70 31.77 30.40 29.25 28.64 28.05 27.55 27.08 26.95 26.84 26.68 27.12 27.07 26.97 26.45 26.25 26.12 24.36 23.46 21.67 20.20 19.02 17.57 17.00 15.06 14.20 12.60 11.55 10.09  9.12  7.77
23.34 23.23 23.17 23.21 23.21 23.22 23.06 22.70 21.09 19.19 17.56 17.12 15.22 13.56 11.89 10.22  9.03  7.23  5.79  5.38  4.59  4.54  4.61  4.66  4.78  4.99  5.11  5.54  5.86  6.25  6.25  6.49  6.53  6.66
traj-142:
38.82 37.83 36.14 35.84 33.85 32.39 30.75 28.97 27.36 25.76 23.80 22.18 20.63 18.65 16.92 16.32 14.59 13.41 11.51 10.27  9.06
24.48 24.06 23.48 23.49 23.35 23.29 23.22 23.43 24.05 24.53 24.48 24.29 24.23 24.46 25.09 25.11 25.04 24.56 24.06 23.45 23.01
traj-143:
35.20 34.39 32.45 32.00 30.07 28.62 27.76 27.35 26.93 25.13 23.26 21.89 20.06 19.16
24.60 24.64 24.68 24.72 25.19 25.92 27.47 29.33 30.96 31.81 32.31 32.69 33.23 33.46
traj-144:
37.74 36.03 34.42 32.66 31.00 29.39 27.84 27.12 27.04 26.89 26.69 26.68 26.79 26.48 26.55 26.77 27.19 27.14 25.34 23.57 22.99 21.53 20.06 18.71 16.82 14.93 13.54 12.32 10.83  9.54  7.68  5.82
24.90 24.49 24.09 23.68 23.36 23.13 21.87 20.48 18.51 16.79 14.93 13.06 11.67 10.80  9.09  7.61  6.55  4.78  4.22  4.39  4.52  4.68  4.77  4.89  5.28  5.60  6.02  6.62  6.45  5.98  5.39  5.13
traj-145:
37.70 37.12 35.34 33.77 32.30 30.83 29.12 27.80 26.55 25.31 23.59 22.18 20.22 19.09 17.33 15.84 14.94 12.95 11.39 10.47  9.85  8.11  6.65  4.87
24.11 24.19 24.33 24.66 24.74 24.44 24.44 24.72 25.15 25.35 25.29 25.28 25.00 25.11 25.16 25.17 25.21 25.23 24.18 22.61 22.29 21.62 21.21 21.24
traj-146:
36.62 35.56 33.93 32.28 30.39 29.41 27.98 26.42 26.73 26.90 27.21 27.31 27.87
24.94 24.89 24.26 23.13 23.22 23.33 23.43 23.89 25.78 27.48 29.15 29.73 31.23
traj-147:
38.54 37.09 35.15 34.56 33.12 31.38 29.80 28.51 27.69 27.58 27.31 27.26 27.42 27.18 27.18 27.17 27.16 27.04 26.99 26.61 26.56 25.58 23.80 22.06 21.08 19.44 17.72 15.82 14.17 12.46 11.12  9.83  8.37  7.32  5.58  5.28
25.52 25.71 25.88 25.87 25.86 25.81 25.81 25.84 24.36 23.40 21.66 20.99 19.05 17.41 15.59 15.29 13.31 12.10 10.10  8.29  6.61  4.89  4.75  4.70  4.74  4.61  5.09  5.63  6.08  6.56  6.91  7.22  7.61  7.90  8.26  8.25
traj-148:
35.94 34.90 33.32 31.67 30.22 28.65 27.85 26.01 24.73 22.82 20.96 19.84 18.69 17.53 15.53 14.08 12.25 11.16 10.89  9.98  9.21  8.66
23.03 23.24 23.31 24.12 24.40 25.21 25.65 25.67 24.74 24.67 25.18 25.41 25.47 25.39 25.35 25.10 24.55 23.27 22.29 20.68 19.34 19.17
traj-149:
37.03 35.86 34.06 32.96 31.27 30.70 28.80 28.01 27.35 27.36 27.39 28.12 29.02 29.18
24.48 24.47 24.94 25.36 25.69 25.73 26.00 26.56 27.64 29.12 30.57 32.36 34.07 35.44
traj-150:
37.25 36.03 34.55 33.08 31.20 29.81 28.12 27.93 27.64 27.54 27.38 26.92 26.70 26.62 26.49 26.74 26.92 26.84 26.74 26.49 25.10 23.64 23.04 21.59 20.45 19.28 17.66 16.74 15.28 14.64 13.19 11.78
23.56 23.48 23.50 24.08 24.62 24.84 23.89 23.63 22.44 21.60 20.19 18.41 16.82 14.84 13.52 11.95 10.05  8.23  7.28  5.82  4.47  4.54  4.57  4.64  4.70  4.85  5.45  5.84  6.88  7.61  8.72  8.79
traj-151:
36.98 35.95 34.30 32.48 30.96 29.36 27.69 26.90 25.64 23.71 22.28 20.45 18.48 18.18 16.47 15.16 13.59 12.40 11.50  9.82  9.02  7.45  5.86  4.87
24.14 24.03 23.94 24.25 25.08 25.74 25.54 25.19 24.60 24.34 24.68 24.81 25.14 25.14 25.08 25.05 25.00 25.02 25.03 23.98 23.42 22.21 21.23 20.92
traj-152:
38.87 38.31 36.70 34.87 33.20 31.65 30.40 28.54 28.36 27.40 26.44 26.38 26.17 25.72 25.20
24.24 24.07 23.61 23.64 23.56 23.39 23.39 23.59 23.84 25.34 26.82 27.70 29.26 31.18 32.33
traj-153:
36.12 37.40 35.83 34.05 32.59 30.69 29.09 28.03 27.32 27.08 27.15 27.21 27.19 27.16 27.10 26.94 26.80 26.63 26.22 24.54 23.94 22.22 21.31 19.59 18.25 17.39 16.25 14.72
25.60 24.40 24.22 23.95 24.02 23.96 23.80 22.81 21.52 19.64 17.77 16.58 14.85 13.07 11.19  9.71  8.36  6.59  5.22  4.43  4.39  4.40  4.56  4.64  5.36  5.77  6.19  6.82
traj-154:
36.70 35.08 33.13 31.26 30.14 28.75 26.81 26.10 24.23 22.90 21.02 20.50 18.76 17.29 15.65 15.05 13.06 12.76 11.01 10.15  8.40  7.45  7.13  6.56  5.88
23.48 24.05 24.45 25.04 25.36 25.15 24.91 24.79 24.67 24.51 24.88 24.99 24.97 25.16 25.32 25.36 25.47 25.49 25.56 25.53 24.71 23.34 21.55 19.89 18.02
traj-155:
37.40 36.46 34.61 33.80 32.42 30.48 29.89 28.33 27.23 26.12 26.12 26.10 26.94 27.08
23.82 24.03 24.65 25.01 25.26 25.59 25.65 25.48 25.32 26.92 27.81 29.24 30.86 31.54
traj-156:
35.61 34.02 32.32 31.35 30.02 28.68 28.58 28.41 28.29 27.91 27.65 27.28 26.80 26.52 26.50 27.36 26.16 25.19 24.01 22.62 21.21 19.55 18.60 16.94 16.03 14.32 13.35 12.16 10.59  8.96  8.25
25.03 24.19 23.59 23.30 23.02 22.25 21.66 20.19 18.46 16.78 15.68 14.01 12.15 10.28  9.30  7.57  5.98  4.35  4.41  4.49  4.56  4.82  4.99  4.90  4.88  4.98  5.06  5.19  5.28  5.42  5.46
traj-157:
38.72 38.42 36.47 34.78 33.36 31.49 30.04 28.06 27.86 27.17 25.36 24.95 23.01 21.40 19.61 17.84 15.93 14.42 13.24 11.35  9.84  8.47  6.93  6.00
23.89 23.91 23.69 23.79 23.76 23.93 23.96 23.73 23.95 24.53 25.22 25.29 24.91 24.88 24.98 25.02 25.02 25.06 25.07 24.50 24.04 23.23 22.19 21.29
traj-158:
37.10 36.24 34.46 33.90 32.18 31.02 29.70 28.61 28.69 28.82 28.85 28.88 27.29 26.33 24.95 24.58 23.07 22.78
25.76 25.75 25.74 25.80 25.86 25.94 25.98 27.36 27.95 29.50 30.62 31.84 33.04 33.93 35.34 35.61 36.67 36.76
traj-159:
37.34 35.47 34.89 33.45 31.46 30.86 29.32 28.61 27.61 27.32 27.11 26.84 26.48 26.24 26.25 26.23 26.12 26.07 26.09 26.07 26.08 26.16 24.31 22.83 21.08 19.32 17.36 15.39 13.88 12.68 11.18  9.77  8.51  6.78
25.37 25.78 25.82 25.78 25.71 25.61 24.50 23.94 22.87 21.51 20.38 18.76 17.64 15.69 15.54 14.26 12.82 10.96  9.76  7.88  7.28  5.60  4.93  4.93  4.95  4.89  4.76  4.76  5.49  6.87  8.17  8.04  7.62  7.25
traj-160:
33.63 31.92 31.04 29.44 28.66 27.42 26.62 25.46 24.21 23.26 21.80 19.89 18.49 17.33 16.21 14.25 13.98 12.37 11.10 10.86 10.62  9.79
23.47 24.04 24.34 25.40 25.59 25.43 25.16 24.98 24.76 24.81 24.78 24.79 24.94 25.03 25.10 24.99 24.86 24.09 23.12 21.79 20.86 19.49
traj-161:
38.00 36.87 35.15 33.38 32.35 30.63 29.21 28.12 27.98 27.90 27.75 27.66 27.95
23.90 24.20 23.92 23.65 23.62 24.02 24.59 26.02 28.01 28.59 30.04 31.22 32.54
traj-162:
33.73 32.08 30.38 28.77 28.36 26.86 26.66 26.69 26.77 26.83 26.91 26.74 26.87 27.04 27.20 27.23 27.19 26.95 26.81 26.21 25.02 23.55 21.80 21.22 19.48 18.61 16.88 15.92
25.16 25.26 25.54 26.52 26.95 27.85 26.02 24.14 22.27 21.18 19.32 17.74 16.14 14.73 13.55 11.83 10.34  8.62  7.74  6.29  4.77  4.79  4.75  4.74  4.92  4.99  5.33  5.46
traj-163:
34.35 33.80 31.97 30.26 28.63 27.12 25.40 23.43 21.76 19.76 17.96 16.49 14.51 12.56 11.10 10.00  8.71  7.04  6.11  5.17
24.97 24.97 24.94 25.06 24.63 24.19 25.10 24.87 24.60 24.55 25.18 25.06 24.91 25.07 25.10 24.66 24.16 23.53 22.93 22.30
traj-164:
35.72 34.71 32.95 31.78 29.84 29.38 28.51 28.08 27.87 27.15 26.08 24.55 22.88 21.01 19.36 17.51 15.74 14.45 12.79
23.35 24.54 25.25 25.31 25.74 25.88 27.02 28.13 28.86 30.70 31.92 31.92 31.65 32.03 32.32 32.64 33.49 34.00 34.63
traj-165:
37.24 36.08 34.32 33.73 32.26 30.53 29.87 28.73 27.00 26.26 26.16 26.35 27.02 27.14 27.21 27.34 27.36 27.35 27.53 27.66 27.62 27.62 26.98 25.82 24.08 22.62 20.85 18.88 16.93 15.63 14.46 13.24 12.27
25.66 25.70 25.77 25.81 25.88 25.91 25.93 26.59 26.91 25.24 23.56 22.45 20.77 18.84 17.55 15.93 14.59 12.62 10.88  9.70  7.97  7.39  5.95  4.98  4.78  4.77  4.80  4.89  4.99  5.21  5.07  4.80  4.43
traj-166:
35.52 33.85 32.53 30.59 29.37 28.12 27.27 25.73 24.28 22.52 21.16 19.41 18.81 17.04 15.34 14.82 13.02 11.44 10.95  9.10
23.03 23.04 23.08 23.25 23.34 24.64 25.46 25.73 25.11 25.17 25.26 25.31 25.31 25.19 25.02 24.99 24.56 23.46 23.11 22.53
traj-167:
39.03 37.85 36.73 35.40 34.44 32.48 30.63 29.98 28.56 26.87 27.62 28.02 28.00 28.10 28.45 29.78 30.67 32.04
24.47 24.38 24.33 24.13 23.99 23.71 23.63 23.60 23.56 24.27 25.82 27.50 27.80 29.54 30.34 31.08 31.16 31.30
traj-168:
36.15 34.76 33.33 32.17 30.41 29.81 28.57 28.03 27.73 27.39 27.07 26.81 26.54 26.19 26.13 26.32 26.19 26.43 26.25 26.24 26.08 25.62 24.18 22.43 21.55 19.83 18.37 16.75 14.88 13.44 12.01 10.56  9.53  7.94  7.68
25.04 25.51 25.80 25.87 25.81 25.75 24.98 23.79 23.01 21.26 19.46 17.79 16.34 14.69 14.00 12.02 10.50  9.11  7.81  7.27  5.80  4.91  4.33  4.55  4.65  4.90  5.68  6.53  7.22  7.30  6.99  6.53  6.43  5.73  5.58
traj-169:
36.24 34.89 33.19 31.86 30.13 28.51 26.58 24.81 23.01 21.24 19.37 18.47 16.77 14.82 14.52 12.62 12.17 10.92  9.85  8.27
24.07 24.48 24.65 24.32 24.05 23.59 23.90 24.60 25.24 25.22 25.25 25.20 25.03 25.02 25.03 24.49 24.11 23.15 22.17 21.32
traj-170:
33.62 31.65 29.90 28.52 26.87 26.89 27.06 26.61 26.20 24.69 23.74 22.15 20.74 18.95 17.19 15.47 15.18 13.27 11.56  9.93  9.48
25.62 25.80 25.91 25.96 26.83 28.71 29.51 31.05 31.80 32.52 32.66 32.22 31.83 32.00 32.60 33.51 33.56 34.09 34.22 34.88 35.22
traj-171:
37.20 36.24 34.41 32.51 30.95 29.82 28.55 28.34 28.24 28.20 27.70 27.18 26.96 26.25 26.34 26.37 26.58 26.77 27.09 27.08 25.40 25.12 23.39 21.63 20.51 19.02 17.26 16.18 14.74 13.36 11.66 10.10  8.91  6.95  5.22
23.49 23.46 23.39 23.24 23.20 23.10 22.32 21.80 20.34 19.74 17.92 16.16 15.61 14.09 12.16 10.71  9.02  8.15  6.71  5.58  4.79  4.70  4.51  4.73  4.84  4.98  5.73  6.31  6.77  5.84  5.84  5.78  5.80  5.66  5.25
traj-172:
36.76 34.82 33.65 31.90 31.31 29.58 28.78 26.84 25.22 24.97 23.14 21.25 19.87 18.24 16.30 15.12 13.14 11.70 10.29  8.96  7.24
25.40 25.22 25.33 25.52 25.61 25.87 25.99 25.78 24.90 24.74 24.59 24.52 24.41 24.61 25.06 25.36 25.37 25.15 23.96 23.16 23.29
traj-173:
39.05 37.42 35.83 34.17 32.95 32.12 30.41 29.11 28.28 28.44 28.54 28.90 30.34
24.46 24.44 24.37 24.23 24.08 23.96 24.15 24.90 26.12 27.90 28.79 30.49 31.30
traj-174:
36.20 34.65 34.04 33.16 31.16 30.04 28.78 27.93 27.72 27.23 26.98 27.62 27.43 27.06 27.06 26.71 27.09 27.82 27.91 27.21 26.37 24.64 23.75 22.59 20.85 20.25 18.49 16.69 14.71 12.86 11.44
23.69 23.42 23.29 23.24 23.20 23.11 23.17 22.18 21.27 19.50 18.33 16.50 15.49 13.60 11.99 10.36  9.53  8.28  6.37  4.63  4.40  4.17  4.18  4.25  4.26  4.29  4.50  5.04  5.19  5.21  5.60
traj-175:
33.77 32.33 30.90 29.47 28.23 27.29 26.37 25.33 24.24 22.45 21.04 20.19 18.31 17.23 15.52 13.98 12.79 11.76 10.40
25.09 25.39 25.69 25.76 24.99 23.72 23.31 24.31 24.68 24.91 24.90 24.77 24.76 25.03 25.15 24.69 24.31 23.78 23.20
traj-176:
34.06 32.11 30.69 29.23 27.95 27.26 26.43 26.67 26.94 26.50 26.10 24.67 24.15
25.59 25.80 25.86 25.99 27.47 28.70 30.01 31.44 33.08 35.03 35.70 36.51 36.80
traj-177:
37.13 35.45 33.99 32.29 30.82 29.21 28.53 27.76 27.17 26.67 26.44 26.25 26.11 26.33 26.41 26.37 27.01 27.42 27.64 26.62 26.34 24.47 23.58 22.10 20.32 18.43 17.25 16.01 14.39 12.69 11.84 10.73  9.39
24.97 25.31 25.62 25.89 25.88 24.82 24.93 23.14 21.92 20.66 18.81 17.37 15.59 13.65 13.03 11.54  9.68  8.06  7.23  5.66  5.56  4.89  4.82  4.68  4.61  4.73  5.12  5.53  6.34  7.33  7.62  8.00  8.48
traj-178:
37.15 36.58 34.83 33.05 32.75 30.97 29.81 28.14 27.84 26.21 24.64 23.29 21.84 20.45 18.97 17.72 15.98 14.04 12.09 10.41  9.74  8.04  6.43
25.72 25.77 25.89 25.91 25.90 25.91 25.83 24.85 24.83 24.23 24.11 24.27 24.47 24.70 24.81 25.14 25.07 24.97 24.58 23.71 23.17 22.24 21.99
traj-179:
38.89 38.34 36.92 35.23 34.94 32.99 31.81 30.09 28.95 27.58 26.03 26.54 27.06 27.53 27.88 28.45 29.07
24.66 24.83 25.13 25.47 25.55 25.78 25.77 25.77 25.81 25.88 26.28 28.21 29.46 30.75 31.82 33.31 34.59
traj-180:
37.34 37.06 36.48 36.21 34.47 32.86 31.57 29.76 27.95 27.22 26.17 26.36 26.41 26.40 26.43 26.42 26.40 26.44 26.16 26.16 26.11 26.10 26.12 24.35 22.56 21.08 19.62 18.21 16.75 14.77 13.90 12.07 11.67 10.01  8.07  6.47  5.96
23.30 23.40 24.06 24.19 24.15 23.94 23.79 23.38 22.68 22.18 20.77 18.79 17.25 17.23 15.88 13.90 12.89 11.52  9.86  8.85  8.44  6.97  5.64  4.85  4.80  4.79  4.80  4.83  4.76  4.68  6.08  5.60  5.39  5.10  5.23  6.00  6.28
traj-181:
37.87 36.17 34.19 32.48 30.81 29.05 28.93 28.23 26.75 25.03 23.07 21.07 19.33 18.16 16.41 15.82 13.84 12.95 11.76 10.40  9.43
25.29 25.57 25.80 25.87 25.90 25.74 25.47 25.28 25.28 25.36 25.43 25.43 25.39 25.33 25.24 25.21 25.08 25.02 24.13 22.90 22.27
traj-182:
38.48 37.89 36.10 34.41 32.68 31.28 29.48 28.72 27.01 26.42 26.99 27.41 27.90 27.87 27.86
23.10 23.12 23.14 23.27 23.52 23.71 24.10 24.05 24.28 26.10 28.02 28.76 30.43 31.03 32.99
traj-183:
37.22 36.23 34.99 33.27 31.77 31.01 30.05 28.58 28.29 28.00 27.76 27.67 27.44 27.31 27.08 27.11 27.15 27.20 27.15 26.08 25.50 23.77 22.04 20.58 18.65 17.91 17.65 16.49 15.98
24.69 24.45 24.13 23.76 23.48 23.22 23.03 22.20 20.31 18.61 17.05 16.50 14.63 13.56 11.86 10.01  8.07  6.19  5.78  4.81  4.69  4.51  4.48  4.52  4.82  6.46  7.33  8.32  8.60
traj-184:
35.80 34.12 32.37 30.45 29.53 28.41 26.77 25.66 23.67 22.49 20.76 18.98 17.53 15.77 13.90 12.45 10.51  9.53  7.99  6.65  5.82  4.55
23.15 23.52 24.02 24.14 24.37 24.48 25.10 25.38 25.28 25.19 24.98 24.99 25.05 25.07 24.98 24.97 24.81 24.66 24.33 23.93 23.64 23.01
traj-185:
37.48 35.63 34.65 32.89 32.65 30.84 29.78 29.50 29.36 28.52 27.81 27.79 27.55 27.38 26.14 25.22 23.48 21.61 21.05
24.59 24.26 24.12 23.88 23.71 23.23 23.45 23.57 23.84 25.37 26.81 28.30 30.19 31.67 32.98 33.05 33.00 33.18 33.40
traj-186:
33.71 33.18 31.62 29.79 28.06 27.99 27.50 27.12 26.47 26.20 26.36 26.39 26.55 26.59 26.68 26.39 26.22 26.13 25.27 23.49 21.54 19.79 18.16 17.00 15.94 14.77 13.01 11.20  9.34  8.78  6.85  5.35  4.77
25.32 25.48 25.79 25.93 24.95 23.61 22.12 21.18 19.54 17.56 15.67 13.79 11.88 11.68  9.82  8.11  7.02  5.92  4.35  4.46  4.64  4.87  5.75  6.90  7.28  7.16  7.16  6.83  6.50  6.45  6.20  6.14  6.10
traj-187:
38.88 37.22 36.23 34.37 33.20 32.17 31.24 29.60 28.17 26.54 25.01 23.04 21.06 19.22 18.92 17.27 15.37 14.27 12.39 11.75 10.87 10.38  9.37  7.90  6.98  5.72
23.85 23.72 23.57 23.50 23.53 23.55 23.57 24.10 24.37 24.56 24.29 24.18 24.16 24.38 24.40 25.02 25.08 25.04 24.41 23.80 22.76 22.23 20.75 19.77 19.15 18.27
traj-188:
34.14 32.72 31.29 30.42 29.04 27.60 26.20 26.24 27.34 28.37
25.24 25.51 25.71 25.76 25.79 25.88 26.27 28.16 29.66 30.81
traj-189:
39.09 37.30 36.04 34.78 33.64 31.96 30.14 29.29 27.91 27.47 26.46 26.16 26.19 26.21 26.10 26.12 26.08 26.10 26.13 26.15 26.25 25.12 23.33 22.15 21.27 20.09 18.16 16.85 16.39
23.11 23.35 23.40 23.59 24.11 24.85 24.90 24.76 23.34 21.70 20.98 19.02 18.13 16.93 14.97 13.79 11.90 11.00  9.81  8.17  6.42  4.87  4.94  4.86  4.80  4.74  4.85  6.27  6.96
traj-190:
38.41 37.85 36.29 34.55 32.94 32.00 30.16 28.47 26.81 26.01 24.56 22.61 22.31 20.48 19.30 17.37 16.19 14.44 12.74 11.19 10.93  9.18  8.04  7.10
23.12 23.14 23.16 23.21 23.38 23.69 23.77 24.24 24.66 24.83 25.04 24.98 24.99 24.96 25.06 25.32 25.26 25.06 24.71 24.19 22.61 21.75 21.13 20.50
traj-191:
37.80 35.94 35.34 33.40 32.55 30.97 29.69 28.87 28.49 27.70 27.12 26.26 25.99 24.39 23.03 22.15 20.57 19.72 18.37 16.66 15.06 14.02 12.36 10.39  8.93  7.59
23.09 23.09 23.07 23.17 23.21 23.43 24.25 25.89 26.79 28.54 29.08 30.63 31.83 31.69 31.60 31.54 32.27 32.85 33.97 34.48 34.82 34.98 35.28 35.44 36.15 36.67
traj-192:
37.34 36.16 34.74 33.02 31.44 30.71 28.76 27.89 27.40 27.32 26.77 26.76 26.95 26.98 26.76 26.75 26.74 26.69 26.58 26.06 25.20 23.41 21.66 20.77 19.10 17.59 16.18 15.09 13.60 12.07 10.77  9.68
25.52 25.60 25.73 25.84 25.80 25.76 25.63 24.17 22.23 20.27 18.37 17.72 16.69 15.08 13.36 11.94 10.23  9.64  7.82  6.24  4.98  4.91  4.85  4.80  4.83  5.33  5.78  6.18  6.86  7.52  8.08  8.58
traj-193:
34.09 33.23 31.62 30.00 28.66 27.19 25.26 23.39 21.69 20.52 19.23 17.87 16.88 16.09 14.70 12.91 11.31 10.59  9.45  8.45  7.89
24.42 24.64 24.71 24.86 25.00 24.96 25.05 24.69 24.43 24.39 24.37 24.36 24.60 24.87 24.97 25.05 23.96 23.21 22.05 21.11 20.52
traj-194:
34.41 32.75 30.80 29.63 28.20 27.17 27.11 26.84 25.59 24.02 22.21 21.61 19.82 19.55 17.86 16.91
25.05 25.22 25.55 25.71 25.89 27.52 28.50 29.97 31.21 31.73 31.98 31.93 32.21 32.33 33.16 33.60
traj-195:
37.17 35.40 34.05 32.48 31.43 29.97 28.44 28.42 28.37 28.15 27.55 26.96 27.02 27.07 27.15 27.36 27.58 27.58 27.38 25.50 23.70 22.82 21.34 20.49 19.32 17.78 17.39 15.42 14.45 12.59 10.79  9.85  8.63  7.36  5.91  5.13
23.06 23.10 23.16 23.21 23.20 23.12 22.20 21.31 19.34 18.17 16.82 15.40 14.09 12.56 10.78  8.99  7.08  6.48  5.02  4.91  4.56  4.70  4.86  4.86  4.91  5.38  5.29  5.32  5.50  6.13  6.48  6.44  6.25  5.98  5.52  5.10
traj-196:
37.67 36.86 35.59 34.23 32.40 30.77 29.11 27.18 25.40 23.49 21.71 20.82 19.06 17.91 16.86 14.93 14.14 12.25 11.30 10.73  9.49  8.14
24.22 24.35 24.48 24.79 25.18 25.44 25.82 25.64 25.13 25.11 25.10 25.14 25.14 25.00 24.96 25.05 25.17 24.54 23.61 22.97 21.64 20.25
traj-197:
36.28 35.68 33.77 32.08 30.62 28.92 28.08 27.77 27.38 26.70 26.53 24.68 23.61 22.10 20.73 19.45 17.56 15.70 15.41 13.55 12.96 11.05
24.67 24.61 24.63 24.87 25.03 25.24 26.88 27.86 28.76 30.33 30.90 31.50 31.34 31.47 31.69 31.86 31.71 31.61 31.58 31.53 31.42 31.87
traj-198:
35.15 34.86 33.08 31.42 30.06 28.75 28.25 27.97 26.95 26.64 26.72 26.85 26.64 26.60 26.55 26.49 26.72 26.69 26.69 26.71 26.68 26.72 26.32 25.19 23.28 21.81 20.06 19.47 18.28 17.69 17.44 15.75 15.18 13.76 12.11 10.12  8.30
24.41 24.51 25.19 25.61 25.95 26.72 27.96 28.76 27.55 25.59 24.67 22.92 21.09 20.28 18.87 17.06 15.30 13.58 11.86 10.10  8.61  6.86  5.85  4.44  4.33  4.39  4.49  4.57  6.10  6.58  6.42  7.07  7.25  7.73  7.70  7.90  7.99
traj-199:
38.57 37.26 35.95 34.11 32.44 30.95 29.00 28.54 27.07 25.85 23.90 23.12 21.35 20.17 18.33 16.62 15.04 13.62 11.91 10.67  9.29
25.06 24.44 23.87 24.01 23.96 23.68 23.95 24.07 24.98 24.86 25.02 25.04 25.09 25.04 25.02 25.01 25.05 25.00 25.04 24.22 23.24
traj-200:
35.86 35.05 33.17 32.41 30.93 30.05 28.69 28.03 27.51 27.28 27.42 27.75 27.01 25.59 25.11
25.50 25.73 25.86 25.82 25.83 25.88 26.66 27.64 29.57 31.27 32.15 33.86 35.50 36.64 37.00
traj-201:
34.49 32.99 31.31 29.66 28.79 27.26 26.86 26.53 26.18 26.17 26.15 26.11 26.09 26.11 26.09 26.10 26.25 26.12 25.21 24.05 22.55 21.38 19.72 19.51 18.15 16.88 16.20
23.88 23.80 23.98 23.76 23.84 22.64 20.73 19.41 18.11 17.25 15.77 14.43 12.98 11.49 10.21  8.90  7.06  5.93  4.49  4.47  4.47  4.46  4.62  4.83  6.20  7.67  8.22
traj-202:
38.39 37.54 35.60 35.03 33.31 31.36 29.90 28.50 26.92 26.04 25.34 24.14 22.25 20.72 19.54 17.83 16.72 15.41 14.35 12.81 11.13  9.71  8.70  7.72  6.19  5.71  4.30
25.47 25.53 25.65 25.68 25.85 25.88 25.87 26.69 27.61 26.46 25.39 24.73 24.88 25.03 24.95 24.96 24.97 24.95 24.87 24.40 23.52 22.72 22.08 21.54 20.76 20.48 19.67
traj-203:
36.72 35.03 33.89 33.03 31.59 29.89 28.53 28.17 27.52 27.06 26.29 26.08 24.59 22.79 22.23 20.31 19.00 17.85 16.46 15.64 13.68 11.88 11.26
24.94 25.24 25.41 25.53 25.73 26.00 26.77 27.50 28.71 29.46 30.89 31.39 32.34 32.43 32.50 33.00 33.26 33.44 33.74 33.91 33.82 33.61 32.70
traj-204:
37.83 36.20 34.57 33.23 31.52 29.53 28.59 28.67 27.43 27.01 26.60 26.41 26.39 26.24 26.37 26.60 26.83 26.82 26.60 26.53 26.47 27.02 26.97 26.23 25.08 24.78 23.06 21.29 20.72 18.96 17.04 15.97 14.17 12.70 11.46 10.43
25.30 25.68 25.75 25.76 25.74 25.83 25.71 25.42 24.54 23.34 22.26 21.02 19.32 17.90 16.12 15.92 15.20 13.48 11.99 11.41 10.02  8.39  7.63  6.08  4.86  4.85  4.81  4.79  4.81  4.82  5.38  5.77  6.39  6.93  7.39  7.74
traj-205:
34.39 33.28 31.88 29.99 28.65 27.56 27.01 26.07 24.11 23.22 21.72 20.01 19.11 17.38 15.69 14.41 12.61 11.15  9.45  7.46  6.35  5.12
24.73 25.04 25.34 25.84 26.60 28.06 26.60 25.31 25.26 25.31 25.39 25.49 25.53 25.31 25.14 24.66 24.37 23.56 23.07 23.26 23.54 23.79
traj-206:
36.93 36.01 35.03 33.44 31.50 29.59 28.25 27.23 27.28 27.29 27.10 26.46 25.91 24.48 23.07 21.46
23.10 23.55 24.09 25.09 25.52 25.75 25.92 27.38 28.28 29.43 30.78 32.60 33.21 34.24 34.32 34.38
traj-207:
37.66 37.36 35.66 34.77 33.33 32.19 30.73 29.55 28.66 28.56 28.52 28.40 28.31 28.30 28.29 28.19 27.75 27.34 26.87 26.45 26.59 27.22 26.71 24.95 24.66 22.86 21.71 20.28 19.70 18.93 17.42
25.75 25.77 25.87 25.87 25.90 25.88 25.91 25.91 25.91 24.61 22.63 20.90 19.16 18.58 17.16 15.41 13.85 12.30 10.88  9.42  7.81  5.98  4.89  4.35  4.27  4.38  4.45  4.62  4.76  4.93  5.48
traj-208:
33.66 31.70 29.88 29.09 27.37 25.67 24.24 23.22 21.29 20.25 18.28 16.34 14.61 13.17 11.58 11.08 11.10  9.90  8.40
23.23 23.47 23.37 23.26 23.38 24.02 24.15 24.28 24.13 24.11 24.17 24.09 24.10 24.17 23.36 22.02 21.72 20.37 19.77
traj-209:
35.14 34.84 32.86 31.35 30.06 28.61 28.39 28.36 28.38 28.57 30.12 31.42 32.26
23.13 23.15 23.27 24.22 24.59 25.21 26.98 28.46 29.02 30.75 31.92 33.28 34.35
traj-210:
39.10 37.28 36.46 35.06 33.21 31.71 29.93 28.30 27.79 27.68 27.36 27.03 27.05 27.11 26.85 26.77 26.30 26.05 25.17 24.87 23.11 22.23 20.47 18.71 17.16 15.99 14.69 13.60 12.40 11.52  9.65  8.16  6.76  6.19  4.80
24.16 23.79 23.70 23.53 23.42 23.27 23.07 22.21 20.35 18.76 17.02 15.07 13.73 12.46 10.94  9.42  7.74  5.81  4.07  4.13  4.38  4.51  4.71  4.83  4.83  5.07  5.66  6.05  6.54  6.92  7.49  7.96  8.38  8.57  8.97
traj-211:
34.35 35.43 33.66 31.70 30.51 29.02 27.27 25.58 24.04 22.05 20.79 19.22 17.55 15.93 14.67 13.21 11.74 11.34 10.16
25.77 25.30 24.46 24.14 23.96 23.73 23.66 24.37 24.57 24.70 24.82 24.98 25.07 25.04 24.98 24.90 23.90 23.47 22.00
traj-212:
34.42 33.30 32.11 30.34 30.04 28.09 27.11 25.71 25.18 25.80 26.15 26.93 27.40 28.25 29.23 30.51 31.51 32.99
23.11 23.08 23.09 23.19 23.18 23.18 23.30 24.03 24.30 25.70 26.33 27.92 28.82 30.24 31.91 33.05 33.87 35.08
traj-213:
36.49 35.39 33.76 32.04 30.61 29.17 28.91 28.30 27.98 27.73 27.45 27.30 27.01 26.80 26.55 26.65 26.78 26.67 26.91 26.99 26.78 25.64 23.65 22.78 20.79 19.03 18.13 16.38 15.32 13.84 12.13 10.44
25.21 25.41 25.72 25.89 25.86 25.76 24.13 22.97 22.08 20.96 19.31 18.43 16.70 15.46 14.19 13.01 11.03  9.09  8.90  7.78  6.00  4.40  4.59  4.77  4.74  4.71  5.24  5.97  6.73  6.94  6.88  6.73
traj-214:
34.09 33.92 32.61 30.90 29.32 28.04 26.15 24.42 22.45 21.17 19.70 17.96 17.66 15.95 14.17 12.45 10.85  9.79  8.74  7.91  6.63  4.83
23.42 23.66 24.17 24.95 25.27 25.55 25.92 25.58 25.44 25.36 25.16 25.05 25.02 24.82 24.61 24.21 23.53 23.05 22.59 21.90 20.95 20.43
traj-215:
34.71 33.74 32.48 30.71 28.93 27.48 26.94 27.49 28.33 28.68 29.98 31.08 32.44 32.69
23.73 23.67 23.81 23.82 23.98 25.02 25.98 27.74 29.48 30.23 31.39 32.25 33.42 33.58
traj-216:
34.67 33.82 32.16 30.83 30.00 28.41 27.70 27.05 26.39 26.08 26.20 26.30 26.38 26.40 26.65 26.37 26.16 24.58 22.81 21.07 20.77 19.04 17.67 16.51 14.55 13.39 11.63 10.01  8.10
25.00 24.51 23.64 23.28 23.10 22.15 21.04 19.23 18.02 16.05 14.25 12.36 10.42  9.91  8.04  6.32  5.44  4.70  4.76  4.78  4.77  4.91  5.35  5.36  5.61  5.75  5.79  5.81  5.76
traj-217:
34.62 33.16 31.34 30.53 28.61 28.03 26.08 24.21 23.91 22.05 20.41 19.81 17.86 16.15 15.85 14.09 12.88 11.25  9.94  9.17  7.71  7.27
24.67 23.94 24.27 24.47 24.35 24.21 23.99 24.62 24.64 25.12 25.09 25.12 25.21 25.17 25.18 25.02 24.60 23.52 22.83 22.43 21.79 21.46
traj-218:
35.90 33.97 32.25 30.84 30.24 28.41 27.69 28.07 28.20 28.16 27.64 27.24
23.68 23.49 23.45 23.44 23.41 23.35 24.69 26.55 27.99 29.98 31.41 32.45
traj-219:
35.15 34.58 33.01 31.28 29.81 28.42 28.11 27.68 27.58 27.58 27.19 26.70 26.78 26.62 26.66 26.56 26.45 26.24 26.32 26.20 25.27 23.48 22.30 20.81 19.06 19.01 17.02 16.52 14.62
25.12 25.27 25.72 25.98 25.90 24.90 24.22 22.54 22.26 21.78 20.21 18.42 16.88 15.70 14.98 13.19 11.94 10.29  8.40  6.53  4.79  4.73  4.79  4.85  4.94  5.02  4.92  4.81  4.37
traj-220:
37.07 36.24 34.34 32.46 30.74 29.31 28.14 26.56 25.56 23.62 22.23 20.93 19.83 17.96 16.15 15.25 13.38 12.53 11.43  9.74  8.98  7.75
24.91 24.89 25.07 25.30 25.59 25.76 25.61 24.99 24.16 24.40 24.71 25.02 24.96 24.88 25.03 25.12 24.69 24.48 23.81 22.85 22.42 21.81
traj-221:
36.75 35.86 34.04 32.94 31.33 30.32 28.79 28.49 28.19 28.20 28.98 29.86 29.98
24.18 23.55 23.97 24.03 24.92 25.52 26.73 28.58 30.16 32.10 33.41 34.92 35.20
traj-222:
33.99 32.25 30.40 29.55 28.18 27.77 27.35 26.67 26.62 26.43 26.60 26.63 27.05 26.55 26.07 26.27 25.90 24.16 22.43 21.84 20.43 19.83 18.59 17.52 16.09 14.44 13.87
23.54 23.45 23.17 23.06 22.19 20.47 18.64 17.05 15.12 14.13 13.23 11.57  9.95  8.15  6.66  5.13  4.91  4.44  4.57  4.60  4.64  4.69  5.62  6.95  8.25  8.76  8.94
traj-223:
35.55 34.13 32.96 31.53 30.94 29.09 27.10 25.74 24.93 23.46 22.03 20.18 18.67 17.41 15.80 14.62 12.90 11.51  9.74  9.44  7.82  6.91  5.95
23.28 23.14 23.25 23.57 23.59 23.71 23.60 24.00 24.22 24.43 24.32 24.56 24.70 25.00 25.06 25.02 25.03 25.00 24.99 24.96 24.34 23.87 22.90
traj-224:
34.02 32.44 30.72 29.10 28.58 27.94 27.64 27.16 25.90 24.22 22.59 21.03
24.86 24.87 25.01 25.61 25.82 27.70 29.27 30.98 32.38 33.24 33.21 33.39
traj-225:
38.14 36.44 34.47 33.58 31.86 30.12 28.96 28.66 28.57 28.49 28.48 28.46 28.46 27.84 27.59 27.28 27.03 26.61 26.47 26.31 26.05 24.12 23.54 21.81 21.52 19.76 18.00 17.09 15.14 14.55
25.41 25.56 25.84 25.88 25.90 25.86 25.84 24.29 23.12 21.41 20.54 18.77 17.89 16.18 14.53 13.11 11.21  9.27  7.85  6.68  4.91  4.40  4.49  4.72  4.76  4.85  5.43  5.57  5.64  5.64
traj-226:
38.16 37.00 35.58 35.00 33.27 32.10 30.92 29.74 28.88 27.58 26.32 25.61 24.09 23.79 22.01 20.16 19.44 17.59 15.94 14.17 12.60 10.87 10.41  9.14  8.08  6.51
25.66 25.77 25.86 25.84 25.84 25.86 25.89 25.89 25.91 26.33 26.08 25.57 25.05 25.05 24.95 24.63 24.59 24.88 25.07 24.64 24.29 23.32 23.02 22.09 21.60 20.97
traj-227:
37.72 36.59 34.89 33.44 31.74 29.75 28.31 27.75 27.31 26.05 25.14 24.11 22.23 21.23 19.59 18.15 16.55 15.21 14.32 12.83 12.38
25.67 25.72 25.89 25.91 25.91 25.92 26.68 28.26 29.89 30.90 31.48 31.95 32.46 32.08 31.36 31.09 31.30 32.75 34.40 35.37 35.67
traj-228:
35.29 33.32 31.66 30.17 28.63 28.33 26.80 26.77 26.82 26.97 26.99 27.00 27.02 26.92 26.74 26.67 26.72 26.35 25.63 24.16 22.42 20.97 19.77 18.85 17.96 16.22 14.34
25.67 25.79 24.98 24.66 23.58 23.52 22.54 21.25 19.64 17.79 17.03 15.69 14.52 13.50 11.65  9.70  7.70  6.25  4.97  4.39  4.35  4.27  4.23  5.58  7.32  7.36  7.55
traj-229:
36.87 35.15 34.56 33.11 31.74 30.26 29.11 27.73 26.10 25.30 23.41 23.11 21.36 19.52 18.77 16.79 15.13 13.98 12.82 11.34 11.15 10.83  9.48  8.43  7.00  5.77
25.05 25.32 25.40 25.65 25.88 25.81 25.73 25.67 25.51 25.41 25.02 25.03 25.05 25.14 25.15 25.16 25.26 25.39 25.38 24.42 22.72 21.67 20.28 18.78 18.41 18.05
traj-230:
35.53 33.62 32.15 30.91 29.04 27.24 26.21 26.23 26.31 26.50 26.61 26.64 27.25 27.49
23.28 23.42 23.44 23.37 23.55 24.19 25.01 26.12 27.79 29.12 30.97 31.77 33.37 33.91
traj-231:
35.84 34.73 32.94 31.49 29.74 29.06 28.09 27.49 27.28 27.12 26.96 26.62 26.73 26.71 26.75 26.73 26.73 26.26 26.13 24.41 23.24 22.37 20.52 19.17 18.52 17.70 15.88 15.10 13.59 11.79  9.98  8.45  7.27
25.79 25.91 25.90 25.75 24.96 24.31 23.20 21.91 20.42 18.50 17.47 16.10 14.31 12.34 11.45 10.11  8.72  6.94  5.31  4.46  4.52  4.55  4.51  4.82  5.19  5.66  6.44  6.32  6.92  7.25  7.42  7.56  7.77
traj-232:
34.43 33.58 31.87 30.73 29.25 27.94 26.03 24.72 23.92 21.99 21.30 19.98 18.47 16.51 15.63 14.29 12.56 11.19  9.28
24.60 24.43 24.26 24.15 24.49 24.93 24.93 24.63 24.39 24.71 24.95 25.43 25.31 25.24 25.13 25.00 24.82 24.54 23.97
traj-233:
38.16 37.14 35.48 33.55 31.75 30.31 29.59 29.38 27.95 27.58 27.19 26.24 26.18 25.50 25.37 24.66 24.11 22.44 21.33 20.45 18.64 16.90 16.60
24.78 24.47 23.81 23.50 24.01 24.03 24.03 24.24 25.25 27.09 28.22 29.95 30.24 31.91 32.19 34.01 34.17 34.84 34.93 35.04 35.62 36.45 36.41
traj-234:
34.05 33.70 32.18 31.80 30.25 28.58 28.43 28.35 28.24 28.09 27.97 28.15 28.51 27.66 27.11 27.21 27.02 26.83 25.52 24.10 23.81 23.23 21.78 20.30 19.13 17.52 16.87 14.93 13.19 12.67
24.87 24.88 24.08 23.79 23.10 22.13 20.95 19.53 17.74 16.00 14.39 13.04 12.57 10.85  9.72  7.97  6.31  5.58  4.09  4.39  4.45  4.62  4.77  4.75  4.76  4.93  5.05  5.02  5.01  5.02
traj-235:
35.78 34.69 33.22 31.28 29.63 29.38 28.77 26.80 26.50 24.61 22.65 20.78 20.48 18.57 17.68 15.71 13.75 12.56 10.98 10.59 10.15  8.85  7.83
23.20 23.12 23.17 23.28 24.03 24.18 24.82 24.91 24.89 24.40 24.68 24.72 24.72 25.00 25.04 25.14 25.23 25.25 24.60 23.04 21.71 20.46 19.65
traj-236:
36.29 34.59 32.96 31.18 29.72 28.97 28.28 28.49 28.67 28.56 28.14
23.98 23.81 23.63 23.46 23.22 24.15 26.01 27.65 29.38 30.80 32.69
traj-237:
38.34 36.49 35.12 33.46 33.16 31.39 29.44 28.26 27.08 26.07 26.08 26.09 26.12 26.22 26.18 26.14 26.30 26.41 26.48 26.43 25.24 23.63 22.46 20.75 18.91 17.00 16.75 14.89
23.28 23.56 23.67 24.10 24.15 24.15 23.90 23.46 22.63 21.12 19.33 18.51 16.56 14.79 13.93 12.51 10.83  9.89  7.96  6.11  4.66  4.61  4.66  4.70  4.84  5.41  5.24  5.25
traj-238:
36.16 34.30 32.69 31.03 29.94 28.99 28.35 26.99 26.67 25.58 23.96 22.59 20.70 19.99 18.11 16.76 15.43 14.08 12.22 11.37 10.85 10.84 10.81
23.48 24.02 24.48 24.94 25.24 26.03 26.65 27.71 26.75 25.62 24.77 24.36 24.41 24.54 24.89 24.94 24.98 24.73 24.12 23.36 22.06 20.11 18.79
traj-239:
38.69 37.60 36.17 34.74 32.90 30.96 30.51 29.27 28.51 28.01 27.83 26.97 25.89 24.90 23.17 21.48 19.64 17.87 16.19 15.93
23.87 23.63 23.46 23.28 23.19 23.40 23.98 25.54 26.00 27.89 28.73 30.29 31.19 31.63 32.49 32.67 33.04 33.52 34.51 35.29
traj-240:
37.24 36.18 34.66 33.90 32.62 31.30 29.42 28.46 28.06 27.82 27.59 27.20 27.02 26.59 26.32 26.18 26.12 26.03 26.07 25.15 23.96 22.17 21.28 19.80 19.21 17.62 16.36 14.89 13.47 11.93 10.28  8.89  7.82  6.52
24.37 24.18 23.87 23.73 23.40 23.14 23.01 22.42 20.61 19.04 18.05 16.29 15.74 14.34 12.54 10.91  9.92  8.14  6.42  4.92  4.93  4.94  4.97  4.99  4.99  5.48  6.20  7.00  7.20  7.31  7.56  7.71  7.71  7.70
traj-241:
39.04 37.33 35.61 33.84 32.94 31.27 29.84 28.38 26.69 25.18 23.24 22.34 20.90 19.01 18.71 16.93 14.99 13.14 11.42  9.98  9.59  9.90
25.50 25.66 25.85 25.88 25.87 25.86 25.87 25.95 26.58 25.28 25.24 25.21 25.15 25.17 25.18 25.29 25.34 25.46 25.28 24.90 23.79 21.83
traj-242:
35.51 33.58 32.38 31.25 29.83 28.10 27.30 26.52 26.80 26.99 26.68 24.80 24.36 22.60 20.84 19.74 18.18
24.33 23.91 23.66 23.40 23.34 24.01 25.10 26.58 28.28 29.57 31.20 31.28 31.32 32.04 32.05 32.20 33.33
traj-243:
38.81 38.28 36.69 35.31 33.88 32.21 30.55 29.23 28.00 27.05 26.41 26.48 26.15 26.15 26.17 26.43 26.56 26.86 27.12 27.39 27.56 26.77 25.37 24.08 22.92 21.17 19.72 18.38 17.78 16.15 14.62 12.92 11.64
24.17 24.09 23.71 23.48 23.21 23.21 23.21 23.15 22.09 21.29 19.42 18.55 17.30 15.56 14.15 13.04 11.68 10.32  8.72  7.11  6.44  4.82  4.37  4.29  4.44  4.75  4.88  6.24  6.80  6.39  7.26  7.35  7.42
traj-244:
36.97 36.02 34.89 33.47 32.29 30.56 29.80 28.29 26.33 25.24 23.40 21.62 19.89 18.84 17.20 15.70 15.58 13.69 12.57 10.83  9.90  8.97  7.16  5.42
24.72 24.54 24.40 24.04 23.81 24.19 24.66 25.33 25.53 24.81 24.08 24.15 24.20 24.25 24.35 24.60 24.81 24.85 24.40 24.08 23.65 23.24 22.84 22.52
traj-245:
36.78 35.10 33.20 32.90 31.12 29.31 28.06 26.76 26.57 26.59 26.47 25.54 24.26 22.32 20.50 19.65 17.72 15.88 14.15 12.68 10.83 10.25
23.48 23.13 23.24 23.24 23.49 23.76 24.54 25.36 26.73 28.71 30.07 31.56 32.03 31.68 31.89 32.04 31.57 31.82 32.12 32.53 32.92 33.03
traj-246:
36.80 34.88 33.02 31.71 30.55 29.05 28.71 28.10 27.98 27.74 27.45 27.24 27.14 26.96 26.84 26.79 26.98 27.25 27.20 26.05 24.10 23.22 21.79 20.33 18.90 16.96 15.69 14.56 13.65 11.75 10.33  8.90
25.55 25.82 25.85 25.86 25.85 25.72 24.08 22.49 21.20 19.42 17.75 15.93 15.02 13.64 12.37 11.54  9.75  7.77  6.17  5.01  4.59  4.65  4.77  4.86  4.97  5.39  5.58  5.73  5.81  5.94  6.02  6.15
traj-247:
34.01 32.67 31.55 29.80 28.29 28.08 26.78 25.47 23.67 21.80 20.10 18.38 16.43 14.72 12.73 10.94  9.02  8.37
24.00 23.80 23.58 23.08 24.13 24.34 25.40 25.19 24.98 25.13 25.16 25.10 25.04 25.09 25.06 24.48 23.97 23.71
traj-248:
35.40 33.68 31.75 30.02 29.73 28.06 27.79 27.46 27.20 26.04 25.01 23.04 22.10 20.80 18.84 17.10 15.23 14.23 12.77 11.13  9.46  7.88
24.62 25.30 25.75 25.91 25.94 26.91 27.96 29.28 31.14 32.10 32.60 32.33 32.10 32.18 32.25 32.34 32.44 32.81 32.92 33.11 33.60 34.32
traj-249:
35.62 34.78 33.11 32.52 31.10 29.33 28.05 28.00 27.70 26.83 26.42 26.15 26.18 26.16 26.14 26.15 26.20 26.31 26.52 26.57 26.81 26.74 27.22 25.56 24.96 23.19 22.89 21.13 19.76 18.80 17.96 16.11 15.51 14.00 12.41 10.52  8.81  8.52
25.33 25.53 25.51 25.55 25.50 24.83 23.55 23.61 23.23 21.96 20.20 19.27 17.72 16.12 14.46 12.71 11.83  9.90  7.91  7.04  6.85  6.62  4.71  4.03  4.06  4.15  4.16  4.22  4.27  5.37  6.86  6.98  7.02  6.60  6.25  5.77  5.37  5.33
traj-250:
36.10 34.36 32.61 31.45 30.35 29.19 27.82 27.05 25.42 23.54 22.18 20.77 20.17 18.42 16.75 15.29 14.39 12.67 11.47  9.56  8.16  6.66  4.93
25.76 25.84 25.90 25.85 25.85 25.87 26.29 26.12 25.21 25.01 24.98 25.02 25.03 25.05 25.04 25.03 25.05 25.03 24.98 24.81 24.47 24.29 23.71
traj-251:
37.24 35.68 33.73 32.86 31.01 30.18 28.78 28.58 28.70 28.68 28.69 28.69 28.70 28.48 28.31 27.01 26.06
24.09 23.52 23.66 23.79 23.44 23.30 24.72 25.15 26.94 28.64 29.23 31.01 32.67 34.39 34.96 36.17 36.89
traj-252:
38.99 37.84 36.10 34.23 33.95 31.95 30.75 29.17 28.24 26.57 26.35 26.33 26.45 26.42 26.48 26.49 26.50 27.02 27.37 27.57 27.46 27.03 26.47 26.34 25.41 24.12 22.35 20.58 19.40 18.26 17.98 16.22 15.42
24.67 24.67 24.71 24.63 24.60 24.49 24.46 23.96 23.73 23.06 21.69 20.71 20.03 19.14 17.84 16.67 15.33 13.46 11.70 11.15  9.56  8.05  6.26  5.69  4.44  4.37  4.34  4.50  4.63  5.25  5.36  6.08  6.41
traj-253:
36.56 34.74 33.63 31.68 31.18 29.70 28.53 27.46 26.33 24.63 23.25 22.16 20.36 18.63 16.68 14.69 13.20 11.97 11.15  9.70  9.04  8.18  7.64  7.05
25.13 24.62 24.48 24.10 24.02 23.66 23.57 25.09 24.75 24.83 24.89 24.99 25.08 25.30 25.44 25.54 25.50 25.51 25.48 25.31 24.73 23.08 21.25 19.54
traj-254:
38.15 36.70 35.83 34.67 32.91 31.75 30.00 28.17 26.74 26.57 26.26 25.57 23.66 22.08 20.36 19.23 18.36 17.14 15.73 15.42 13.90 12.46 11.00
25.26 25.48 25.60 25.76 25.89 25.91 25.95 26.00 27.05 28.27 30.20 32.02 31.85 31.56 32.17 32.78 33.12 33.42 34.63 35.05 36.11 36.43 36.73
traj-255:
37.54 36.54 34.91 33.09 31.31 29.33 29.10 27.70 27.45 27.09 27.05 26.79 26.76 26.49 26.35 26.14 26.58 27.08 27.15 26.92 26.13 24.39 22.63 21.15 19.36 17.60 15.68 13.88 12.60 10.67  9.28
23.98 23.89 23.51 23.55 23.38 23.30 23.11 21.84 21.39 19.43 19.30 17.33 17.03 15.20 13.78 11.97 10.12  8.95  7.51  6.08  5.54  4.77  4.70  4.71  4.73  4.86  4.92  5.00  4.92  4.86  4.68
traj-256:
37.93 36.27 34.31 32.97 31.24 29.34 28.27 26.33 24.49 22.58 20.74 19.46 18.67 17.42 15.47 15.17 13.51 11.84 10.88  9.14  7.79  7.40
24.90 24.70 24.46 24.36 24.25 24.32 25.16 25.09 25.13 24.87 24.73 24.84 24.92 25.05 25.17 25.18 24.75 24.23 23.83 22.85 22.10 21.69
traj-257:
35.80 34.09 32.95 31.77 30.04 28.35 28.12 27.56 27.23 26.64
25.39 25.70 25.90 25.93 25.97 26.93 28.33 29.94 31.45 33.30
traj-258:
36.30 34.36 32.63 30.91 29.18 28.99 28.90 28.65 28.25 27.30 27.23 27.26 27.18 27.23 27.19 27.00 26.79 26.75 26.52 25.13 23.41 21.67 19.92 18.62 17.53 16.60 15.16 13.47 12.64 11.81
25.33 25.76 25.80 25.82 25.84 24.92 24.83 23.51 21.75 20.07 18.14 16.24 14.51 13.37 11.45  9.63  7.93  7.63  5.86  4.47  4.62  4.85  4.83  5.75  6.72  7.33  6.79  5.80  5.01  4.33
traj-259:
34.24 32.44 31.56 29.68 29.09 27.62 26.34 24.57 24.27 22.56 20.86 18.91 17.55 15.88 14.64 13.75 12.57 10.89  9.20  8.43  6.92  5.80
23.42 23.48 23.62 23.61 23.77 23.74 24.41 25.03 25.04 25.20 25.00 24.81 24.94 24.73 24.53 24.39 24.20 23.61 23.30 22.75 21.94 21.51
traj-260:
37.06 36.23 34.54 32.55 31.42 30.24 29.37 28.16 27.59 27.94 27.92 27.90 28.01 28.61 29.07 30.44 31.32
25.27 25.48 25.83 25.87 25.89 25.92 25.99 27.43 28.42 29.77 30.61 32.07 32.94 34.68 34.99 36.25 36.40
traj-261:
38.05 36.88 35.04 33.41 31.95 30.39 28.80 27.83 27.34 26.94 26.82 26.91 27.32 27.31 27.47 27.64 27.36 27.23 27.05 27.00 26.79 26.57 26.42 25.83 24.33 23.15 21.44 19.73 18.27 16.72 14.95 13.18 11.49 10.09  8.54  6.99  5.60  4.01
25.79 25.78 25.83 25.86 25.86 25.80 26.88 28.07 26.24 24.36 23.29 21.54 19.64 17.83 16.74 15.01 13.56 12.28 10.56 10.26  8.51  6.77  5.88  4.74  4.47  4.59  4.68  4.77  5.54  6.41  6.71  7.06  7.29  7.40  7.57  7.56  7.52  7.56
traj-262:
35.96 34.63 33.47 31.70 30.29 29.69 28.44 26.92 25.99 24.61 24.31 22.62 20.71 20.42 18.65 16.73 15.57 14.22 12.40 10.96  9.85
25.40 25.78 25.88 25.91 25.84 25.81 26.44 26.74 25.32 24.21 24.21 24.36 24.62 24.69 25.26 25.27 25.19 25.09 24.31 23.28 22.33
traj-263:
38.49 37.19 36.16 34.23 33.94 32.58 31.12 29.42 28.58 28.63 28.58 28.13 27.94 27.60 27.63 28.84 30.51
23.31 23.18 23.29 23.24 23.21 24.17 24.99 25.96 26.56 28.01 29.71 31.62 32.19 33.96 34.56 35.70 36.23
traj-264:
38.13 37.06 35.53 33.88 32.80 31.00 30.14 28.57 28.18 27.88 27.49 27.28 26.96 26.51 26.42 26.37 26.40 26.34 26.34 26.35 26.30 24.62 23.15 21.69 19.95 18.81 18.11 16.65 15.03 13.92 12.46 11.47  9.84  9.15  7.22  6.85
24.09 24.08 24.02 23.94 23.74 23.58 23.58 22.40 20.71 19.39 17.89 17.00 15.56 14.01 12.66 11.87 10.58  9.92  8.13  7.10  5.54  4.74  4.76  4.78  4.87  4.75  5.21  5.92  6.91  7.17  7.57  7.61  7.70  7.75  7.47  7.43
traj-265:
38.66 37.51 36.15 34.73 33.67 32.13 30.26 28.73 26.81 26.13 25.40 23.49 22.98 21.22 19.76 17.79 16.73 14.80 13.45 12.62 11.48 10.52  9.01  7.34  6.32  4.68
23.78 23.74 23.71 23.77 23.69 24.30 23.80 23.05 22.69 23.26 24.13 24.58 24.70 24.90 25.09 25.07 25.09 24.71 24.35 24.16 23.05 22.10 20.99 20.17 19.53 18.57
traj-266:
35.44 34.67 33.04 31.44 29.89 28.26 26.62 26.06 25.90 25.54 26.44 26.41 26.97 27.33 28.15 29.01 29.25 29.50
24.38 24.14 23.61 23.17 23.32 23.39 23.53 24.35 25.09 25.29 26.89 27.79 29.48 30.13 31.72 33.37 34.51 35.82
traj-267:
34.59 34.29 32.57 31.41 29.67 28.78 27.95 26.61 26.52 26.49 26.39 26.56 26.58 26.50 26.54 26.53 26.48 26.57 26.60 26.84 25.59 24.13 22.66 21.24 20.66 18.84 17.65
25.54 25.60 25.84 25.84 25.66 25.59 24.25 23.17 21.75 20.44 19.20 17.41 15.53 14.23 12.43 10.72  9.74  7.74  6.79  5.55  4.08  4.16  4.21  4.28  4.27  4.26  4.34
traj-268:
38.64 38.36 36.64 35.10 33.84 31.92 30.62 28.81 27.11 25.61 25.09 23.29 21.61 20.77 18.87 17.71 16.53 14.64 13.26 12.66 10.74  9.50  8.78
24.98 24.86 24.07 23.47 23.32 23.64 23.69 23.92 24.27 25.17 24.95 24.99 25.19 24.98 25.10 25.15 25.05 24.82 24.73 24.33 23.79 22.82 21.29
traj-269:
36.88 36.31 34.88 33.17 32.32 30.85 29.40 27.74 27.24 27.04 27.20 27.20 26.18 24.99 23.26 22.39 20.87 18.98 17.08
25.30 25.43 25.77 25.83 25.84 25.83 25.84 26.88 27.19 29.12 29.99 31.78 33.10 34.36 34.67 34.81 35.17 35.76 36.19
traj-270:
33.60 32.07 30.10 29.21 28.72 28.13 27.73 27.47 27.19 26.88 26.90 26.87 26.57 26.83 27.10 27.00 27.04 26.76 25.06 23.88 22.12 20.69 18.91 18.14 16.24 14.47 13.33 12.38 10.95 10.12
23.34 23.33 23.08 23.05 22.69 21.01 19.13 18.00 16.30 14.36 12.81 12.27 10.84  9.52  8.84  7.19  6.84  5.04  4.66  4.72  4.76  4.77  4.76  4.75  5.08  5.42  5.63  5.81  6.01  6.11
traj-271:
35.59 34.71 32.96 31.21 29.45 27.77 26.20 24.60 22.84 21.27 19.30 19.00 17.10 16.51 15.08 13.62 11.89 10.11  8.95  7.59  5.88
25.66 25.76 25.91 25.91 25.85 25.87 24.71 24.94 24.95 24.98 25.07 25.09 25.27 25.27 25.22 25.18 24.60 23.98 23.48 22.99 22.63
traj-272:
34.73 33.04 31.34 29.62 28.66 27.48 27.41 27.21 25.53 24.42 22.57 21.18 20.74
24.26 24.35 24.95 25.46 26.40 27.64 29.08 30.84 31.79 31.88 32.03 33.36 34.08
traj-273:
38.21 37.63 36.21 35.33 33.34 32.21 31.32 29.84 28.31 27.99 27.49 26.81 26.37 26.13 26.16 26.17 26.19 26.15 26.25 26.40 26.64 26.74 25.31 23.68 22.81 21.07 19.31 18.13 16.72 15.49 13.61 12.12 11.07  9.23  7.53
25.43 25.51 25.60 25.67 25.76 25.84 25.85 25.84 24.86 23.97 22.73 20.94 19.13 18.52 16.78 15.04 13.44 12.22 10.26  8.65  7.18  5.63  4.45  4.30  4.27  4.52  4.74  4.89  5.34  5.67  6.32  6.85  7.03  7.31  7.59
traj-274:
35.79 34.48 33.33 31.44 30.59 29.12 28.85 28.62 26.81 25.27 23.56 21.81 20.93 19.12 17.64 15.91 14.05 12.88 11.42 10.49  8.91
24.93 25.22 25.43 25.82 25.95 24.97 25.10 24.91 24.06 24.27 24.59 25.22 25.12 25.02 24.99 24.92 24.56 24.44 23.41 22.68 21.66
traj-275:
37.39 35.52 33.76 32.94 31.20 30.11 28.75 27.97 27.77 26.03 25.38 25.03 23.22 22.60 20.88 19.00 18.24 16.67 14.78 14.19
24.52 24.14 23.80 23.56 24.36 25.28 26.35 27.83 28.50 29.47 31.20 31.48 31.60 31.61 31.52 31.52 31.68 32.02 32.41 32.46
traj-276:
36.88 35.62 33.76 32.86 31.40 29.95 28.60 28.74 28.00 27.83 27.67 27.55 27.26 27.14 26.98 26.78 26.38 26.20 26.09 26.12 25.05 23.88 22.42 20.64 19.17 17.42 15.50 13.95 13.04 11.21
25.71 25.87 25.91 25.90 25.87 25.79 24.92 24.07 22.69 20.85 18.97 17.30 15.36 13.89 12.07 10.97  9.15  7.61  6.64  6.47  4.95  4.90  4.87  4.88  4.84  4.59  4.69  4.87  4.88  5.00
traj-277:
34.09 32.12 30.40 29.97 28.48 26.69 26.02 24.50 22.53 20.56 19.71 17.97 17.21 15.58 13.75 12.16 10.95  9.30  8.63  6.80
23.41 23.25 23.38 23.41 24.21 24.69 25.05 25.49 25.16 24.99 24.95 24.92 24.98 25.01 24.71 24.37 24.02 23.83 23.67 23.59
traj-278:
38.05 36.31 34.38 33.26 31.50 30.05 28.52 28.07 27.39 26.80 27.04 27.49
25.19 25.42 25.72 25.85 25.95 25.95 26.84 27.52 28.53 30.28 31.04 32.94
traj-279:
36.22 34.55 32.90 31.30 30.78 29.23 27.82 27.50 27.39 27.05 26.69 26.52 26.46 26.41 26.45 26.58 26.45 26.20 25.12 23.65 22.47 21.32 19.50 18.13 17.06 15.59 13.69 12.15 10.53
24.20 24.06 23.88 23.90 23.91 23.57 22.57 21.53 20.71 18.97 17.87 15.99 14.68 12.81 10.97  9.53  7.60  5.98  4.51  4.47  4.48  4.53  4.61  4.82  5.37  5.47  5.80  6.08  6.22
traj-280:
38.60 38.01 36.06 34.61 32.83 31.99 30.25 28.78 27.91 26.06 25.45 23.69 23.40 21.67 19.90 19.30 17.60 17.00 15.57 13.63 11.69  9.95  8.29  7.02  5.41  5.14
25.46 25.56 25.75 25.90 25.91 25.89 25.87 25.82 25.88 26.07 25.43 25.02 25.05 25.15 25.28 25.27 25.30 25.29 25.25 25.16 24.98 24.31 23.40 22.69 21.90 21.77
traj-281:
34.49 33.24 32.49 31.15 29.81 28.05 27.33 27.28 27.36 27.45 27.95 28.52
23.39 24.28 24.37 24.43 24.92 25.77 27.03 28.79 30.25 31.86 33.21 34.94
traj-282:
37.52 36.09 34.89 32.96 30.97 29.70 28.23 27.91 27.03 27.64 27.60 27.41 27.28 27.14 26.99 26.99 26.94 26.83 26.47 26.39 25.21 23.58 22.43 20.96 19.82 18.67 17.66 16.28 14.64
23.69 24.63 25.35 25.86 25.83 25.52 24.58 24.08 22.36 20.55 18.62 17.00 16.24 14.61 12.89 11.19  9.78  8.00  6.26  5.97  4.44  4.32  4.47  4.63  4.74  4.93  5.27  5.90  6.14
traj-283:
36.58 34.74 33.45 32.03 30.41 29.84 28.08 27.25 25.40 23.63 22.18 20.48 19.37 18.48 16.71 15.52 13.84 12.66 11.10 10.92  9.89  9.75
23.37 23.13 24.01 24.64 25.20 25.37 25.14 24.84 24.55 25.15 25.11 25.06 25.12 25.17 25.20 25.23 24.88 24.38 23.19 22.39 20.69 20.43
traj-284:
36.10 34.53 32.91 30.98 30.93 29.17 27.44 26.05 26.24 26.23 26.29 26.84 27.45 27.55
23.22 23.25 23.14 23.42 23.72 24.51 24.90 25.32 27.30 29.13 30.63 32.18 34.02 34.30
traj-285:
35.43 33.96 32.10 30.38 30.08 28.34 28.30 27.84 27.29 26.54 26.33 26.16 26.14 26.11 26.04 26.02 26.05 25.55 23.98 22.53 21.64 20.18 19.59 18.31 17.06 15.77 13.81 12.01 10.26
23.46 23.45 23.22 23.01 23.00 22.07 21.77 20.07 18.29 16.45 14.82 13.76 12.58 10.83  8.90  7.06  5.07  4.60  4.44  4.41  4.47  4.63  4.69  5.33  5.79  6.22  6.01  5.90  5.44
traj-286:
36.18 35.92 34.11 33.25 31.58 30.43 29.25 28.50 27.26 25.84 24.06 22.11 21.51 19.63 17.85 16.84 15.47 14.40 13.27 11.79 11.43 11.42 11.38
23.63 23.47 23.31 23.25 23.20 23.12 23.12 23.96 24.85 25.68 25.02 25.12 25.15 25.08 25.08 25.09 25.08 24.97 24.85 23.81 23.18 21.22 20.64
traj-287:
35.81 34.53 32.69 31.34 29.96 28.38 26.82 26.14 26.48 27.15 28.15 29.68 30.35
23.76 24.51 25.24 25.58 25.89 26.71 27.86 28.19 29.83 30.71 31.22 31.97 32.27
traj-288:
34.49 32.77 31.58 30.26 28.70 27.05 27.08 26.99 26.69 26.65 26.51 26.41 26.33 26.61 26.26 26.46 24.61 23.12 21.93 21.05 19.29 18.69 16.88 15.09 14.51
24.91 24.48 23.95 23.77 23.14 22.15 20.51 18.58 16.61 15.32 13.35 11.53 10.73  9.17  7.38  5.47  4.94  4.91  4.90  4.87  4.89  4.87  5.30  5.65  5.80
traj-289:
37.91 36.07 34.85 33.14 31.55 30.75 30.17 29.16 28.15 26.82 25.36 24.22 22.42 20.95 19.23 17.27 15.30 13.90 13.00 11.42 11.18
23.94 24.00 23.94 23.81 23.52 23.57 24.21 24.57 25.53 26.68 25.60 25.11 25.07 25.18 25.12 25.02 24.95 24.96 24.99 24.00 23.81
traj-290:
37.31 35.61 34.42 32.70 31.52 29.77 28.16 26.84 27.17 27.31 26.47 25.79 24.29 23.03 21.27 19.66 17.80 16.92 15.58 13.75 11.87 10.15  9.07
25.59 25.90 25.92 25.94 25.93 25.95 26.86 27.66 29.27 30.36 32.11 32.72 33.57 33.16 32.76 33.23 33.66 33.84 34.25 34.30 34.78 35.04 35.03
traj-291:
35.11 35.66 34.45 32.71 31.59 30.12 28.53 27.46 27.38 27.11 27.00 27.06 27.18 27.15 27.10 27.21 27.20 27.09 26.91 26.49 26.34 25.30 23.39 23.10 21.38 19.91 18.77 18.53 17.51 17.25
25.72 25.69 24.92 25.00 25.04 25.08 25.04 24.55 22.62 20.88 19.77 17.86 16.81 15.16 14.67 12.93 11.48  9.88  9.29  7.37  6.46  4.95  4.56  4.46  4.45  4.63  6.17  6.54  7.93  8.07
traj-292:
34.07 33.77 31.95 30.41 29.07 28.10 27.27 25.67 24.09 22.55 21.24 19.36 19.07 17.30 16.70 14.78 12.82 11.50 10.20  8.84  7.13
24.90 24.87 24.47 24.08 23.70 24.37 25.27 25.86 25.09 24.47 24.71 25.13 25.16 25.08 25.08 24.93 24.85 23.69 22.49 21.15 21.46
traj-293:
34.58 32.69 30.85 29.05 28.11 27.75 27.36 26.69 27.13 27.05 25.66 23.75 22.39 21.51 19.72 19.42 17.70 15.83
24.55 24.11 23.56 23.24 24.68 25.46 26.56 28.42 29.51 31.43 32.42 32.38 32.27 32.24 32.21 32.18 32.25 32.19
traj-294:
37.52 37.05 35.08 34.78 32.84 31.20 29.81 28.13 27.41 26.70 26.55 26.58 26.46 26.46 26.18 26.43 26.59 27.11 27.56 27.73 26.64 24.73 22.97 21.52 20.34 19.19 17.58 16.32
23.15 23.35 23.67 23.66 23.50 23.19 23.12 22.22 20.37 18.63 17.23 16.19 14.32 12.82 11.67 10.45  9.38  8.35  7.31  6.26  4.90  4.65  4.43  4.49  4.54  4.62  5.18  6.66
traj-295:
37.35 36.20 34.22 32.55 30.82 29.13 28.00 26.36 25.65 24.13 23.83 22.10 20.35 19.87 18.12 16.35 14.38 13.04 11.35 10.22  8.51  6.73
25.52 25.67 25.83 25.83 25.87 25.97 26.55 25.99 25.64 25.10 25.10 25.25 25.10 25.09 24.95 24.96 24.97 24.93 23.90 22.58 21.97 21.21
traj-296:
35.11 33.66 32.80 31.32 30.14 28.44 28.63 28.72 28.02 27.21 26.94 25.19 24.55 23.04 21.86 20.20 19.19 18.14 16.22 14.57 12.95 11.41 10.68
25.79 25.85 25.86 25.89 25.91 26.82 28.21 28.92 30.78 32.34 32.47 32.92 32.89 33.18 33.35 33.54 33.56 33.78 34.04 34.44 35.01 35.54 35.88
traj-297:
34.35 32.66 30.70 29.36 28.64 27.84 27.09 27.39 27.45 26.97 26.86 26.71 26.73 26.71 26.85 26.99 27.08 27.12 26.53 25.10 23.32 21.85 20.09 18.63 16.93 15.85 14.25 12.33 11.44
25.43 25.74 25.82 24.91 23.98 22.20 20.92 19.45 18.66 17.96 16.24 15.35 13.65 12.44 10.52  8.74  6.91  5.78  4.25  4.18  4.33  4.39  4.54  4.66  5.04  5.23  5.58  6.11  6.31
traj-298:
37.89 37.59 35.85 34.73 32.73 31.31 29.86 28.27 26.61 24.82 24.37 22.55 20.56 18.61 17.13 16.24 14.36 13.78 11.91 10.42  8.68
25.71 25.75 25.87 25.93 25.93 25.91 25.91 25.93 25.80 24.99 24.68 24.25 24.41 24.62 24.77 24.87 24.92 25.04 24.62 24.54 23.80
traj-299:
34.99 33.61 32.36 30.61 29.44 28.12 27.62 27.39 26.68 26.05 25.59
25.22 25.33 25.30 25.40 25.55 26.21 27.95 28.59 29.89 31.39 32.60
