traj-0:
24.80 24.40 23.25 22.01 20.55 19.37 17.61 15.83 15.05 14.27 12.58 11.24 10.19  9.56  8.00
 0.71  1.43  2.96  4.12  4.09  4.06  4.10  4.13  4.43  4.57  5.05  6.52  7.38  8.11  7.97
traj-1:
24.94 24.93 24.86 24.93 24.81 24.76 24.61 24.59 24.76 24.16 24.03 23.27 23.68 24.26 24.84 23.09 22.58 21.08 19.41 17.54 16.54 14.78 13.47 12.50 10.92  9.81  8.19  6.80  5.06
 1.29  1.59  3.44  5.15  6.79  8.41 10.22 11.45 13.29 15.10 15.59 17.41 18.57 19.51 21.25 22.20 21.99 21.60 21.21 21.06 20.55 20.22 19.79 19.22 18.65 18.50 18.07 17.71 17.34
traj-2:
25.57 25.30 25.00 24.85 24.83 24.45 24.63 24.90 24.68 24.35 24.41 24.35 24.42 24.49 24.56 24.74 24.65 24.60 25.51 26.65 28.40 30.17 32.13 33.02 34.22 34.31
 1.47  3.45  5.33  6.56  8.35  9.42 10.41 12.08 13.54 14.85 16.74 17.50 19.31 21.30 22.50 24.38 26.22 27.11 28.42 29.09 29.06 29.05 28.82 28.36 26.98 26.41
traj-3:
24.34 23.59 22.38 20.63 18.85 18.01 16.25 15.95 15.52 13.75 12.69 11.99 10.15  9.55
 1.83  3.40  4.50  4.57  4.64  4.67  4.70  4.73  4.94  5.67  6.56  6.96  7.26  7.22
traj-4:
23.22 23.61 24.03 24.16 24.21 24.01 23.87 23.71 23.57 23.78 24.11 23.98 24.22 24.39 23.10 21.20 19.64 18.86 16.90 16.61 14.65 12.93 11.13  9.37
 1.62  2.75  4.40  5.11  7.04  7.97  9.52 10.32 11.99 13.91 15.75 17.28 19.24 20.25 21.47 21.82 21.60 21.54 21.31 21.25 21.02 20.74 20.55 21.44
traj-5:
23.46 23.60 23.75 23.99 24.11 24.31 24.39 24.57 24.40 24.42 24.45 24.31 24.06 24.43 24.47 24.65 24.73 24.81 24.62 24.60 26.35 27.49 29.23 30.70 32.38 33.02 34.15 34.40 34.92
 0.53  1.90  3.32  4.44  6.25  8.02  9.48 11.22 12.95 13.62 15.15 16.82 18.43 19.70 20.85 22.44 24.03 25.69 26.87 28.20 29.07 29.07 29.08 29.07 28.34 28.08 26.73 25.92 24.26
traj-6:
25.13 24.11 23.13 21.35 19.88 19.00 17.81 16.37 15.31 13.65
 1.26  2.14  3.64  4.46  4.56  4.63  4.67  4.76  4.91  4.72
traj-7:
24.05 24.02 24.10 24.12 24.50 24.56 24.73 25.03 25.10 24.71 24.33 24.09 24.55 24.88 23.71 21.87 20.99 19.38 18.48 17.04 15.60 14.12 12.38 11.87 10.37  9.04  8.16  6.43  4.99
 0.60  2.48  4.27  4.57  6.43  8.38  8.94 10.46 12.16 13.41 15.36 16.47 18.09 19.92 21.32 21.89 21.89 21.96 22.02 22.12 22.14 22.17 22.04 22.20 22.63 23.17 23.24 23.36 23.62
traj-8:
24.59 23.84 24.04 24.28 24.40 24.29 24.21 24.31 24.37 24.62 24.71 24.83 24.79 24.92 24.99 25.21 25.31 25.65 26.81 28.55 30.33 32.19 32.33
 0.76  2.58  3.73  5.62  7.23  8.87 10.70 12.59 14.48 16.19 17.85 19.75 21.56 23.29 23.88 25.83 26.42 28.37 29.04 29.05 29.18 28.56 27.99
traj-9:
25.20 24.47 23.14 21.39 19.63 18.74 16.95 15.22 14.39 12.77 12.15 10.32  8.87  7.06  5.98
 1.87  2.56  3.70  4.52  4.47  4.51  4.54  4.63  4.66  4.74  4.80  4.89  4.91  5.68  5.98
traj-10:
24.22 24.34 24.37 24.38 24.33 23.88 23.75 24.09 24.50 24.46 24.21 24.06 24.02 23.44 23.35 22.01 21.01 20.71 18.87 18.09 16.47 14.60 13.02 11.14 10.85  9.11  7.21  6.91
 0.83  2.50  3.08  4.63  6.57  8.47  9.25 10.60 12.08 13.95 15.26 17.21 17.80 19.67 19.95 21.07 21.39 21.44 22.02 21.80 21.25 20.78 20.77 21.44 21.36 21.47 21.87 21.92
traj-11:
23.81 24.19 24.53 24.18 23.66 23.44 23.86 23.84 23.95 23.63 23.40 23.86 24.14 24.09 23.75 23.91 24.27 24.89 25.05 25.50 26.75 27.32 28.18 29.34 31.08 32.55 33.35
 1.10  2.99  4.62  6.21  7.26  8.43  9.81 11.57 12.67 13.95 15.76 17.49 19.36 19.66 21.61 22.75 24.03 25.43 27.32 28.23 29.13 29.21 29.40 29.61 29.82 29.72 29.72
traj-12:
25.02 24.24 23.46 22.37 21.09 19.34 17.34 16.76 15.31 13.55 11.59  9.95  8.62
 0.46  1.72  3.31  4.04  4.28  4.43  4.46  4.49  4.61  4.79  4.98  5.23  5.39
traj-13:
25.64 25.61 25.53 25.39 25.33 25.20 25.08 24.70 24.57 24.42 23.91 24.17 23.67 23.44 23.01 21.06 20.38 18.42 17.11 15.31 15.03
 0.58  2.51  3.71  5.19  5.78  7.18  8.88 10.55 12.43 14.35 15.48 16.96 18.50 19.60 20.97 21.16 21.96 21.83 21.69 22.08 22.19
traj-14:
23.27 23.35 23.51 23.56 23.85 24.00 24.19 24.27 24.44 24.76 25.01 25.06 25.16 25.21 25.19 25.07 25.06 25.03 25.06 25.03 24.97 26.72 28.46 30.21 31.10 32.16 33.96 34.35
 0.62  1.25  2.88  3.42  5.11  6.11  8.03  8.58 10.02 11.98 13.92 14.81 16.53 18.18 19.03 20.77 21.55 23.54 25.01 26.95 28.67 29.30 29.18 29.15 29.20 28.22 27.99 29.33
traj-15:
23.13 23.43 24.44 24.84 25.01 24.10 22.60 21.22 20.63 19.46 18.28 17.40 15.93 14.18 13.63 11.88 10.76  9.30
 0.41  0.66  2.12  3.21  4.62  6.08  4.80  4.22  4.32  4.55  4.71  4.77  4.82  4.86  4.76  5.26  4.97  4.08
traj-16:
23.91 23.80 23.64 23.98 24.13 24.22 24.26 24.33 24.65 24.88 24.96 24.72 24.28 23.66 23.20 22.69 20.84 18.85 17.70 16.14 15.29 13.63 12.62 10.70  9.42  7.81
 0.51  0.98  2.90  4.71  5.76  7.34  7.93  9.76 11.71 13.31 15.02 16.80 17.76 19.49 20.47 21.02 21.20 21.17 21.12 21.03 21.04 20.78 20.66 20.61 20.66 20.62
traj-17:
25.69 25.31 24.99 24.43 24.03 23.91 23.86 23.83 23.78 24.04 24.20 24.45 24.63 24.66 24.85 24.92 25.16 25.20 25.07 25.30 26.88 28.08 29.83 30.41 32.14 32.39 32.53 32.74 32.77 32.79 32.77 32.65 32.40 32.26
 0.74  1.64  2.93  4.84  6.50  7.81  8.54  9.86 11.63 13.10 14.55 16.26 17.82 19.55 21.48 22.64 24.10 25.54 26.36 28.25 29.07 29.04 29.24 29.31 28.98 27.44 26.82 25.95 24.21 23.94 22.14 20.67 18.90 17.43
traj-18:
24.27 23.52 23.26 22.90 21.40 20.21 18.47 17.58 16.11 15.52 14.24 13.30 11.70 10.20  9.51  8.95
 1.66  2.72  2.88  3.65  4.27  4.27  4.52  4.64  4.86  4.95  6.39  7.36  8.31  7.02  5.98  5.32
traj-19:
24.55 24.04 24.06 24.33 24.31 24.30 24.66 25.14 24.98 24.86 24.25 23.42 23.13 22.43 21.10 20.05 18.88 17.36 16.50 16.23 14.48 12.65 10.83  9.11  7.29  5.73  4.13
 1.98  3.69  4.25  5.96  7.29  9.26 10.67 12.19 13.36 14.32 16.13 17.78 19.69 21.25 21.86 21.70 21.63 21.27 21.06 20.91 20.54 20.53 20.39 19.95 19.88 19.96 20.03
traj-20:
24.36 24.28 24.15 23.95 23.88 23.85 23.77 23.73 23.74 23.62 23.53 23.39 23.33 23.73 23.91 24.08 23.29 23.07 23.69 24.17 24.67 25.18 26.54 27.71 28.56 29.72 31.18 32.47
 0.57  2.20  3.77  5.72  7.60  8.13  9.99 11.72 12.02 13.73 14.85 16.15 16.85 18.46 20.04 21.52 23.15 23.66 25.39 26.31 27.31 28.18 29.12 29.13 29.11 29.09 29.04 30.43
traj-21:
25.11 24.71 23.70 22.23 21.64 19.88 18.99 17.24 15.79 13.94 12.67 11.01 10.61
 1.84  3.12  4.50  4.31  4.36  4.49  4.54  4.73  4.92  5.49  5.63  6.28  6.44
traj-22:
25.67 24.88 24.45 23.90 23.64 23.76 23.98 24.33 24.90 25.29 25.15 24.96 24.86 24.72 23.73 23.13 21.14 20.58 18.82 16.85 14.99 14.17 12.58 10.79  9.49  8.16  7.42
 1.73  3.42  4.61  6.19  7.44  9.38 10.98 11.75 13.43 15.10 16.79 17.66 19.42 21.17 22.68 22.72 22.79 22.77 22.73 22.61 22.56 22.53 22.17 21.84 20.92 19.71 18.67
traj-23:
25.46 25.04 24.94 24.91 24.83 24.87 24.74 24.81 24.81 24.90 24.84 24.82 24.62 24.48 24.64 24.85 24.93 25.02 25.07 25.17 26.89 28.64 29.51 30.09 32.06 32.21 32.64 32.87 33.15 33.30 33.61 33.92 34.11 34.27
 0.42  2.21  3.68  4.85  6.71  8.58  9.35 10.52 12.40 13.93 14.53 16.12 17.97 19.58 20.54 22.42 23.62 25.51 26.68 28.27 29.18 29.32 29.52 29.66 29.44 28.09 26.30 25.26 23.93 22.07 20.22 18.28 16.42 14.80
traj-24:
23.27 23.44 23.20 22.41 20.68 20.09 18.34 16.59 14.80 14.27 12.66 11.55  9.85  9.56
 1.52  2.51  3.74  4.38  4.59  4.62  4.54  4.49  4.76  5.16  6.18  7.14  7.67  7.76
traj-25:
25.68 25.40 25.07 24.82 24.41 24.07 24.23 24.55 24.73 24.93 25.16 25.13 24.61 23.58 22.40 20.67 19.08 18.06 16.38 15.87 13.94 12.22 10.75  9.07  7.57  5.81  4.29
 0.67  2.51  3.77  5.39  7.32  9.08 10.73 12.41 14.28 14.83 16.54 17.70 19.54 20.53 21.55 21.49 21.45 21.33 20.40 20.10 19.87 19.99 19.79 20.35 20.69 21.22 21.67
traj-26:
23.14 23.41 23.91 24.13 24.39 24.79 25.27 25.52 25.58 25.79 25.78 25.72 25.77 25.77 25.75 25.73 25.72 25.71 25.65 25.63 25.78 26.81 27.68 29.12 29.71 31.69 32.63
 1.78  2.92  4.57  5.40  6.91  8.33 10.23 10.78 11.07 11.63 13.44 14.92 16.63 18.36 19.79 20.88 22.85 23.15 24.86 26.31 28.30 29.01 29.01 29.06 29.08 29.34 30.54
traj-27:
24.68 24.43 23.42 23.11 22.11 20.63 18.88 17.71 16.20 15.04 13.86 13.06 11.38
 0.91  1.30  2.72  3.40  4.28  4.45  4.63  4.74  4.89  4.93  4.98  5.18  4.58
traj-28:
25.24 25.13 24.38 24.40 24.15 24.00 23.85 23.66 23.77 23.75 23.85 24.10 23.47 23.17 21.96 20.48 18.82 18.00 16.77 15.29 14.43
 0.72  2.08  3.91  5.23  5.90  7.66  9.34 10.61 12.45 14.18 15.90 17.03 18.82 20.09 21.67 21.75 21.92 21.97 20.82 19.48 18.72
traj-29:
23.03 23.52 23.91 24.08 24.21 24.47 24.53 24.47 24.61 24.66 24.31 24.70 25.00 25.17 25.06 24.98 24.96 24.98 25.00 26.29 27.46 28.34 29.50 31.26 32.56 33.11 33.59 33.87 33.89 33.77 33.80 33.56 33.33
 1.35  2.75  3.96  4.99  6.96  8.12 10.10 11.08 12.41 14.11 15.87 17.69 19.37 21.14 22.79 24.78 25.86 27.57 28.42 29.10 29.21 29.27 29.32 29.41 28.14 26.32 24.65 22.96 21.19 19.26 17.97 16.74 15.25
traj-30:
25.02 24.70 23.70 21.84 20.65 19.79 18.01 17.43 16.85 15.98 14.65 14.11 13.67 11.76 10.16  8.34  8.05
 0.93  2.51  3.95  4.48  4.42  4.42  4.58  4.69  4.82  4.98  5.87  7.70  8.99  9.00  8.96  8.88  8.97
traj-31:
23.16 23.64 23.79 23.81 23.51 23.38 23.32 23.55 23.56 23.87 24.34 24.18 23.97 23.48 22.16 20.22 18.83 17.25 16.22
 0.74  2.39  3.94  5.74  7.58  8.62 10.56 12.26 13.46 14.89 16.61 18.33 19.07 20.81 22.09 21.79 21.92 22.21 22.44
traj-32:
25.09 25.04 24.83 24.84 24.85 24.84 24.84 24.82 24.85 24.85 24.82 24.84 24.79 24.80 24.78 24.76 24.80 24.79 24.94 25.05 25.66 25.90 27.37 28.53 30.26 31.99 32.28 32.61 33.04 33.45 33.81 34.21 34.37 34.80 34.97
 0.97  1.84  3.59  4.37  5.44  6.70  7.58  9.34 10.54 12.11 14.01 14.82 16.57 17.39 18.86 20.24 22.11 23.58 25.49 27.44 28.89 29.06 29.22 29.31 29.50 28.84 27.00 25.13 23.30 21.41 19.73 17.82 17.06 15.57 14.99
traj-33:
24.35 24.14 23.05 21.17 20.88 19.15 17.68 15.78 14.93 14.07 13.60 12.20 10.22  8.78  7.39
 1.68  1.90  3.42  4.05  4.10  4.25  4.41  4.63  5.22  7.00  8.05  9.20  9.35  9.48  9.64
traj-34:
24.90 25.07 25.14 25.14 25.12 25.08 25.06 24.98 24.84 24.60 24.31 24.55 25.00 24.65 24.31 23.95 22.08 20.90 18.93 17.26 16.05 14.74 12.93 12.24 11.10 10.51
 1.47  2.84  4.58  6.36  7.81  8.70 10.10 11.76 12.59 14.17 15.80 16.78 17.92 19.26 20.64 21.69 22.06 21.99 21.98 21.51 21.37 21.09 20.69 21.05 22.03 22.43
traj-35:
23.97 24.08 24.12 24.21 24.29 24.52 24.56 24.66 24.75 24.82 24.49 24.69 24.84 25.11 25.23 25.06 24.61 24.31 25.33 26.57 27.45 28.92 29.79 31.55 33.08
 1.84  2.11  3.95  5.28  6.86  8.81 10.56 12.55 14.24 15.02 16.91 17.91 19.26 20.35 22.11 22.98 24.86 26.66 28.18 29.04 29.08 29.10 29.06 29.05 28.17
traj-36:
23.01 24.43 25.06 25.24 25.38 24.05 23.48 22.49 20.77 19.63 18.75 17.32 15.59 14.69 12.97 11.79 10.55  9.39  8.26  7.26  6.68
 1.37  2.03  3.27  4.72  6.43  7.79  5.90  4.20  4.34  4.40  4.48  4.66  4.58  5.09  5.72  6.38  6.32  6.25  6.06  5.16  4.61
traj-37:
25.41 25.33 25.08 25.12 25.12 25.27 25.31 24.74 24.53 24.50 24.56 24.47 24.65 24.13 23.16 21.91 20.08 18.99 17.46 16.41 14.77 13.80 12.21 10.78  9.09  7.54  5.68
 1.96  3.36  5.06  6.80  7.32  8.19  9.36 10.86 12.80 13.52 15.26 17.11 18.76 19.88 20.74 21.20 21.40 21.56 21.53 21.19 20.28 20.12 19.62 18.81 18.42 18.00 17.53
traj-38:
23.35 23.43 23.41 23.44 23.51 23.63 23.74 23.77 23.82 23.85 23.98 24.12 24.35 24.43 24.60 24.87 24.88 24.99 25.00 25.98 26.23 26.52 28.29 30.05 31.14 32.18 32.35 32.45 32.39 32.33 32.17 32.03 32.13 32.14 32.09 32.15
 0.67  2.46  4.30  4.98  6.37  7.80  9.40 10.68 12.43 13.29 14.63 16.47 18.33 20.27 21.53 23.19 23.83 25.45 27.28 28.89 29.05 29.14 29.23 29.16 29.12 28.13 27.02 25.65 23.70 23.14 21.33 19.38 17.98 16.45 14.54 12.59
traj-39:
24.78 24.22 24.01 23.00 22.02 20.86 19.41 17.66 16.49 15.64 14.57 13.98 12.20 10.63  9.06  7.55  7.03
 0.93  1.73  1.94  3.30  4.17  4.28  4.42  4.57  4.76  4.78  5.58  6.53  5.86  6.22  6.04  5.51  5.59
traj-40:
24.83 24.68 24.47 24.35 23.94 24.26 24.38 24.36 24.18 24.63 24.91 24.96 24.92 24.66 23.53 21.93 21.04 19.55 17.79 16.39 14.71 13.85 12.47 11.05  9.92
 0.74  2.25  3.40  4.39  6.10  7.83  9.74 10.04 11.97 13.49 15.43 17.38 19.09 20.24 21.64 21.92 21.85 21.75 21.68 22.56 23.05 23.14 23.26 23.40 23.52
traj-41:
25.01 24.49 24.27 24.14 24.13 24.07 24.04 24.25 24.32 24.25 24.27 24.32 24.29 24.32 24.29 24.24 24.83 24.75 25.00 24.95 24.75 25.21 25.53 26.01 27.74 29.49 30.37 32.20 33.18 33.10 33.05 33.20 33.05 33.08 33.09 33.18 33.34 33.40 33.72
 0.86  2.10  3.70  4.70  4.97  6.73  7.21  8.79 10.03 11.93 12.93 14.52 15.45 16.86 17.74 19.16 20.77 22.60 24.49 26.43 26.58 28.38 28.69 29.05 29.07 29.11 29.08 28.56 26.83 25.05 23.19 22.64 21.02 19.27 17.84 16.18 14.72 13.69 11.76
traj-42:
25.58 24.81 24.10 22.47 20.83 19.06 17.34 15.88 14.36 13.10 11.53
 1.14  2.21  3.31  4.04  4.05  4.15  4.35  4.51  5.30  6.68  7.92
traj-43:
25.36 24.68 24.46 24.26 23.96 24.38 24.76 24.87 24.98 24.95 24.93 24.98 25.10 25.09 24.04 22.60 20.85 19.38 17.40 16.05 14.12 12.19 11.89  9.92  8.01
 1.20  2.50  4.28  5.36  7.06  8.73  9.99 11.97 13.71 14.97 16.91 17.73 19.70 21.14 22.65 22.75 22.79 22.57 22.59 22.73 22.60 22.35 22.35 22.42 22.76
traj-44:
23.08 23.51 23.52 23.41 23.46 23.44 23.59 23.62 23.84 23.95 24.65 24.87 25.07 24.23 23.32 23.08 23.51 23.98 24.78 24.90 25.74 25.99 26.86 28.58 28.88 30.63 32.39 33.02 33.85 34.63
 1.64  3.13  4.37  6.08  7.99  8.50 10.14 10.52 12.13 13.84 15.68 16.84 18.15 19.89 21.00 22.55 23.60 25.08 26.90 28.08 28.99 29.15 29.14 29.20 29.20 29.14 28.73 26.83 25.03 23.20
traj-45:
24.98 24.23 23.77 22.34 20.59 20.01 18.45 16.71 15.86 14.81 14.23 13.92 12.70 11.59 10.83  9.62
 1.94  2.66  3.17  4.56  4.72  4.70  4.65  4.59  4.59  6.06  7.41  7.91  7.38  6.85  6.05  4.99
traj-46:
23.53 23.69 23.99 24.39 24.65 25.00 24.87 24.72 24.95 25.07 24.97 24.54 24.18 22.75 20.79 19.74 17.86 16.29 15.83 13.98 12.65 10.73  8.89  8.50  6.68  5.00
 1.38  2.18  3.78  5.74  7.24  9.15 10.85 12.17 13.80 15.74 17.50 19.00 20.34 21.64 21.64 21.66 21.24 20.40 20.02 20.17 20.22 20.36 20.67 20.85 21.62 22.08
traj-47:
23.76 23.85 23.93 23.84 23.89 24.01 24.03 24.08 24.43 24.56 24.66 24.77 25.09 25.07 24.97 24.87 24.84 24.81 24.85 25.00 26.39 27.53 28.95 30.42 31.90 32.11 32.68 32.81 32.88 32.91 32.82 32.92 32.91 32.96 32.96 32.92
 0.66  2.53  4.32  5.77  6.98  8.78  9.18 10.18 12.12 12.81 14.60 16.32 18.06 19.92 21.59 23.20 23.94 25.71 26.84 28.28 29.23 29.18 29.11 29.13 29.17 27.26 26.84 25.65 23.84 22.95 21.53 20.00 18.08 16.30 15.08 13.19
traj-48:
25.03 24.13 23.32 23.19 21.33 19.87 18.99 17.26 16.96 16.11 15.82 14.31 12.76 11.59 10.69  9.52  8.12  6.82
 0.97  1.46  2.65  3.39  4.10  4.16  4.23  4.29  4.33  4.61  4.66  5.67  6.52  6.80  7.31  8.08  7.88  7.69
traj-49:
24.90 24.45 24.40 24.00 23.97 24.01 24.00 24.04 24.05 23.58 23.38 23.50 23.45 23.40 23.18 21.54 21.10 19.53 17.60 16.16 14.46 12.56 11.26  9.62  8.49  7.37  6.05  5.24
 0.89  2.48  3.09  5.00  6.76  8.31  8.80 10.78 11.59 13.02 13.88 15.73 17.39 19.31 21.14 21.66 21.71 21.96 21.91 21.37 20.49 20.76 20.98 21.11 21.21 21.31 22.20 22.89
traj-50:
23.38 23.66 23.73 23.93 24.29 24.35 24.42 24.61 24.25 24.10 23.12 23.25 23.70 23.80 24.54 24.51 24.05 23.05 23.22 23.43 24.79 25.03 26.57 27.73 29.48 30.65 32.38
 1.83  3.58  4.36  6.02  7.50  8.12 10.01 10.65 12.35 13.25 14.80 15.38 17.28 17.56 19.11 20.94 22.87 23.63 25.08 26.73 27.90 28.08 29.08 29.07 29.09 29.12 29.34
traj-51:
25.18 24.03 22.61 21.18 19.70 17.86 16.39 14.67 13.79 12.15 10.93
 1.52  2.83  4.18  4.22  4.29  4.32  4.41  4.66  4.81  4.69  4.08
traj-52:
24.07 24.42 24.79 25.27 25.19 25.04 24.82 24.13 23.92 23.68 23.79 24.52 24.57 23.71 22.25 20.48 19.05 17.86 16.12 15.21 13.66 12.07 10.73  9.41  8.39  6.52
 1.60  2.74  3.95  5.66  7.40  8.82  9.67 11.24 12.83 14.29 16.18 17.63 19.35 20.36 21.59 21.92 22.13 21.68 20.76 20.15 19.21 18.60 18.42 18.52 18.47 18.46
traj-53:
24.94 24.79 24.60 24.50 24.24 24.23 24.13 24.13 23.85 23.96 24.02 24.32 24.71 24.66 24.54 24.50 24.70 24.94 25.58 26.43 28.15 29.92 31.12 32.37 32.20 32.26 32.21 32.17 32.15 32.11
 0.54  1.39  3.06  4.22  5.82  7.73  9.46 11.03 12.96 14.59 16.32 18.09 19.85 21.57 22.94 24.78 26.07 27.93 28.59 29.03 29.18 29.32 29.39 28.18 26.62 25.69 23.76 22.27 20.63 19.71
traj-54:
23.71 24.70 25.43 25.00 23.31 21.47 20.31 18.57 16.80 15.02 13.93 12.98 11.25
 0.43  1.67  3.27  3.95  4.09  4.32  4.38  4.51  4.64  4.80  5.19  5.45  5.86
traj-55:
24.56 24.42 24.04 23.66 23.63 23.56 23.36 23.34 23.76 24.01 23.68 23.51 24.04 24.16 24.21 23.68 22.25 21.07 19.16 17.70 16.01 14.39 13.58 11.67 10.16  9.07  7.61  5.92
 1.50  3.08  4.79  6.36  6.96  7.68  9.45 10.43 12.29 13.35 15.09 15.88 17.49 17.77 19.52 20.08 21.15 21.54 22.11 22.27 22.24 22.44 22.53 22.76 23.04 23.25 23.53 23.92
traj-56:
23.44 23.51 23.57 23.66 23.70 23.80 23.88 23.84 24.06 24.18 24.25 24.39 24.52 24.21 23.87 23.76 23.86 24.04 23.79 23.58 23.17 23.16 24.63 24.91 25.21 26.98 27.84 29.58 31.04 32.51 32.65 32.72 32.72 32.73 32.94 33.24 33.46 33.37 33.44 33.44
 0.49  1.38  3.21  4.59  5.19  6.60  7.77  8.67 10.53 11.91 13.46 15.19 16.91 18.59 20.33 21.99 23.69 24.64 26.00 27.52 27.86 28.45 29.51 29.63 29.67 29.75 29.78 29.85 29.86 28.59 27.49 25.55 24.91 23.49 22.34 21.08 19.29 17.71 15.83 15.53
traj-57:
25.64 25.09 23.56 22.10 21.80 20.03 18.28 16.82 15.65 14.70 13.25 11.44 10.26  9.97  8.11  7.34  5.70  5.14
 1.08  2.53  3.57  4.83  4.83  4.84  4.86  4.91  4.99  5.52  5.99  6.54  7.91  7.97  8.45  8.67  9.19  9.33
traj-58:
24.06 23.95 23.90 24.14 24.48 24.41 24.35 24.25 24.26 24.11 23.57 23.37 23.27 23.18 23.26 22.65 21.10 20.56 18.72 17.10 15.79 14.39 12.45 11.70 10.51
 1.43  2.39  4.19  6.17  8.07  8.83  9.94 11.80 12.54 13.83 15.01 16.52 17.86 18.63 19.86 21.16 21.79 21.57 21.50 21.34 21.39 21.35 21.66 21.91 22.32
traj-59:
23.00 23.34 23.48 23.54 23.66 23.82 23.74 23.95 24.02 24.27 24.05 23.74 23.66 24.10 24.39 25.11 23.89 23.33 23.17 23.82 24.63 26.09 27.83 29.57 31.05 32.49 32.41 32.44 32.41 32.45 32.40 32.39 32.34 32.31 32.45 32.47
 1.04  2.81  3.92  5.78  7.57  8.96 10.45 12.30 13.64 15.34 17.10 18.32 19.97 21.75 22.59 24.34 25.86 26.15 27.45 28.98 29.15 29.37 29.63 29.74 29.92 28.67 26.83 25.10 23.60 21.91 19.97 18.88 17.35 16.23 14.28 13.62
traj-60:
24.25 23.61 23.29 22.09 21.66 19.80 18.04 16.07 14.67 13.32 11.36 11.06  9.35
 0.53  1.68  3.10  4.30  4.32  4.31  4.32  4.59  4.52  4.80  5.11  5.17  5.52
traj-61:
24.04 23.64 23.78 23.78 23.96 24.21 24.36 24.59 24.67 24.64 24.71 24.73 24.74 24.02 23.81 23.04 22.84 21.38 19.59 17.72 15.83 14.11 12.17 10.29  9.44
 0.77  1.71  3.64  5.51  7.05  8.17 10.03 11.36 12.61 13.65 14.80 16.78 17.08 18.74 19.27 20.85 21.07 21.70 21.47 21.09 20.49 20.10 20.44 20.73 20.58
traj-62:
24.57 24.60 24.61 24.62 24.65 24.69 24.78 24.87 24.97 24.94 24.99 24.95 24.96 25.05 25.10 25.11 24.91 24.89 24.98 25.71 25.96 27.43 29.15 30.91 32.03 32.15 32.21 32.20 32.20 32.20 32.25 32.21 32.15 32.09 32.04 32.09
 1.20  2.81  4.14  5.68  7.16  8.32 10.08 11.07 12.50 14.37 15.51 16.86 18.71 20.42 21.61 22.80 24.57 25.99 27.35 28.88 29.04 29.14 29.28 29.18 28.99 27.85 26.10 24.82 23.90 22.48 21.08 19.70 18.28 16.88 15.21 13.70
traj-63:
25.71 24.92 23.62 21.84 20.10 18.36 17.24 15.56 14.79 12.97 12.11
 1.57  2.28  3.45  4.21  4.28  4.31  4.35  4.62  4.80  5.22  5.87
traj-64:
25.68 25.20 23.93 23.88 24.02 23.94 23.94 23.91 24.14 24.07 24.30 25.15 25.01 24.89 24.87 23.59 22.39 20.95 19.20 17.50 16.93 16.11 15.91
 1.56  1.86  2.95  4.12  5.80  7.60  9.39 10.67 12.51 12.96 14.01 15.77 17.54 18.65 20.00 21.25 21.60 21.94 21.76 21.59 21.50 19.80 19.58
traj-65:
23.66 23.72 23.86 23.93 23.92 24.01 24.10 24.16 24.23 24.34 24.63 24.69 24.78 24.83 24.95 24.93 24.90 24.93 24.89 24.86 26.29 27.17 28.37 29.54 30.42 31.88 32.05 32.22 32.04 32.06
 0.95  1.89  2.97  4.80  6.18  7.78  9.21 10.65 12.49 13.93 15.62 16.86 18.26 19.06 21.00 22.24 23.32 25.03 26.84 28.41 29.08 29.07 29.05 29.05 29.05 29.00 27.24 25.81 23.95 23.37
traj-66:
23.68 23.67 23.54 22.16 20.44 19.26 17.80 16.01 15.41 14.31 12.61 11.12 10.13  9.09  8.15
 1.29  1.58  3.57  4.39  4.59  4.77  4.91  4.98  4.99  5.62  5.96  5.87  5.81  5.59  5.02
traj-67:
24.22 24.23 23.93 23.88 23.79 23.67 23.71 23.82 23.88 23.75 24.31 24.64 24.98 25.10 24.61 23.25 21.56 19.91 18.83 17.28 16.25 15.41 14.89 12.93 11.06  9.44  7.52
 0.59  1.16  2.76  3.35  5.14  6.88  8.87  9.46 11.45 13.38 15.10 16.94 18.57 19.40 20.80 22.00 21.96 21.93 21.71 21.07 20.54 20.17 19.92 19.69 20.09 20.39 20.59
traj-68:
25.42 25.26 25.11 25.05 24.85 24.78 24.69 24.35 24.15 23.79 23.58 23.68 23.96 24.24 24.12 24.41 24.90 24.91 24.96 25.67 26.77 28.24 29.67 31.43 33.19 34.27 34.52 34.84
 1.43  1.68  3.49  3.79  5.66  7.20  7.80  9.45 10.63 12.30 14.02 15.97 17.55 19.00 20.99 22.34 23.95 25.64 26.54 28.40 29.00 29.08 29.15 29.05 28.98 27.57 26.48 25.36
traj-69:
25.69 25.47 25.18 24.02 22.68 20.89 19.73 17.99 17.39 15.67 15.05 14.56 13.42
 1.12  1.96  3.70  5.29  4.56  4.26  4.45  4.56  4.57  4.84  5.57  5.90  7.13
traj-70:
24.93 24.30 23.70 23.65 23.56 23.52 23.64 23.73 23.69 23.72 23.99 24.07 24.35 24.54 24.71 24.74 23.16 22.03 20.68 19.65 18.28 16.46 14.66
 1.20  1.64  3.50  5.50  7.16  8.11  9.53 11.25 11.94 13.37 15.21 15.49 17.43 18.63 20.58 21.39 22.07 21.97 21.95 21.65 21.59 21.66 22.47
traj-71:
25.07 24.89 24.78 24.71 24.65 24.52 24.39 24.29 24.13 23.92 23.87 23.90 23.83 23.84 23.91 23.99 24.32 24.80 25.26 26.92 28.78 30.54 32.19 32.32 32.42 32.49
 1.06  3.04  4.94  6.32  8.03  9.73 11.69 13.53 15.40 16.91 17.84 18.52 20.19 21.00 22.22 23.10 24.94 26.55 28.02 29.11 29.36 29.47 28.79 27.84 26.18 24.74
traj-72:
24.59 23.68 23.21 21.59 20.69 19.14 17.40 16.54 14.76 13.48 13.37
 1.49  3.07  3.80  4.32  4.39  4.51  4.58  4.62  4.77  4.64  4.36
traj-73:
25.43 24.78 24.73 24.19 23.98 24.61 24.58 24.56 24.61 24.60 24.51 24.17 23.50 23.40 23.18 22.70 21.01 19.81 18.02 17.19 15.76
 1.26  2.07  3.94  5.53  6.04  7.92  9.62 11.53 13.12 14.98 16.41 17.08 18.71 19.19 19.88 21.36 21.42 21.59 21.72 21.67 21.74
traj-74:
23.42 23.54 23.54 23.63 23.67 24.03 24.38 24.36 24.38 25.13 25.01 25.00 25.00 24.91 24.90 25.03 25.06 25.12 25.10 25.08 25.32 27.06 27.66 29.12 30.91 32.64 33.23 34.44 34.66
 1.18  2.03  3.41  5.39  6.91  8.54 10.37 12.13 13.27 15.06 16.18 17.61 18.21 20.18 21.46 23.46 25.19 26.07 27.48 28.82 29.00 29.09 29.08 29.04 29.02 28.96 28.90 27.47 26.95
traj-75:
25.22 24.46 23.50 22.07 20.33 19.13 17.36 15.41 13.73 12.30 10.95  9.77  7.94  7.21
 1.09  2.16  3.40  4.62  4.79  4.84  4.92  4.98  5.45  5.65  5.94  6.12  6.88  7.21
traj-76:
23.42 23.44 23.40 23.46 23.51 23.44 23.49 23.72 24.02 24.19 24.52 24.99 25.05 24.92 24.03 22.23 21.32 19.66 17.70 16.62 15.62 14.07 13.10 11.57
 0.86  2.67  4.22  5.90  7.00  8.82 10.23 12.19 13.39 14.27 15.79 17.60 17.96 19.68 20.97 21.62 21.91 21.79 21.54 21.07 20.80 20.10 19.81 19.43
traj-77:
24.20 24.15 24.10 24.08 24.04 24.11 23.85 23.68 23.44 23.35 23.38 23.74 23.96 24.47 24.45 24.62 24.63 24.89 25.08 25.22 26.47 27.61 29.34 30.81 31.99 32.13 32.64 32.76 32.86 32.96 33.05
 1.63  3.38  4.71  6.06  7.45  9.27  9.91 11.70 13.55 14.34 14.64 16.60 18.40 19.94 21.82 23.70 24.31 26.05 27.34 28.29 29.05 29.08 29.14 29.21 29.26 27.39 26.95 25.50 24.75 23.44 21.84
traj-78:
23.18 23.49 23.80 22.55 20.79 19.07 17.32 16.44 15.00 13.77 13.38 12.23 11.96
 0.96  2.72  3.82  4.94  4.54  4.61  4.66  4.74  4.80  6.23  7.37  8.88  9.01
traj-79:
24.04 24.19 24.33 24.44 24.48 24.37 24.28 24.15 24.47 24.42 24.67 25.31 25.29 25.28 24.72 23.48 22.93 21.31 19.59 18.53 16.88 16.12 14.83 12.90 10.96  9.42
 1.85  3.40  5.21  7.12  8.16  9.59 11.29 12.10 13.96 14.26 15.22 17.01 18.77 19.36 20.93 21.99 22.17 22.10 21.78 21.56 21.82 21.96 22.21 22.44 22.90 23.06
traj-80:
23.73 23.75 23.68 23.62 23.67 23.63 23.48 23.50 23.44 23.50 23.58 23.69 23.84 23.90 24.28 24.62 25.11 25.08 25.48 26.91 28.67 29.25 31.01 32.44 33.97 33.80 33.57 33.39 33.16 33.12
 0.56  2.02  2.61  4.06  6.05  7.23  8.89 10.78 12.73 14.39 16.21 17.59 19.34 21.19 22.99 24.18 25.74 26.33 28.28 29.05 29.02 29.12 29.34 28.08 27.07 25.90 24.28 23.36 22.02 21.02
traj-81:
25.00 23.83 23.64 22.28 21.39 19.62 18.16 17.29 16.44 15.11 13.96 12.78
 0.73  1.85  2.89  4.03  4.12  4.32  4.33  4.48  4.68  4.96  6.19  5.03
traj-82:
25.79 25.08 24.25 24.09 24.24 24.15 24.16 24.34 24.71 24.83 24.94 24.98 25.09 25.09 24.79 23.31 21.74 21.07 19.90 18.11 16.46 15.33 14.31 13.11 11.77
 1.75  3.33  5.11  5.14  6.35  7.45  8.92  9.78 11.59 12.16 13.93 15.78 17.51 18.11 19.59 20.70 21.47 21.74 21.82 21.99 22.05 22.17 22.36 22.57 22.82
traj-83:
24.07 23.49 23.46 23.44 23.66 23.91 23.96 24.11 24.58 24.92 25.09 25.09 25.07 24.97 24.92 24.96 24.97 25.02 25.06 26.52 28.01 28.90 30.38 32.34 33.30 34.40 34.89
 1.45  3.27  4.68  6.02  7.92  9.37 11.27 12.82 14.73 15.96 17.70 18.00 19.78 20.97 22.68 23.46 25.26 26.71 28.24 29.06 29.05 29.06 29.08 29.27 28.71 27.15 25.48
traj-84:
25.17 24.88 23.70 22.39 20.48 20.18 18.46 16.68 15.83 14.66 14.21 13.63 12.84 11.02  9.63  8.28  6.47  6.23
 1.98  2.42  3.46  4.39  4.67  4.72  4.87  4.84  4.81  5.62  6.40  7.81  8.27  7.81  7.58  7.40  6.69  6.51
traj-85:
24.41 24.19 23.86 23.71 23.56 23.53 23.76 23.88 24.00 23.80 23.73 23.57 23.34 23.17 21.93 20.79 19.74 18.76 17.42 15.95 14.31 13.16 12.04
 1.60  2.11  3.94  5.63  7.54  9.02 10.92 12.59 14.31 14.83 16.77 18.27 20.16 20.88 22.07 22.06 21.93 21.58 21.10 20.65 20.30 20.27 20.42
traj-86:
24.11 24.04 24.16 24.61 25.24 25.24 24.88 24.86 24.29 24.44 24.48 24.40 24.46 24.55 24.68 24.99 25.11 25.31 25.56 25.80 26.43 27.61 29.38 30.83
 1.46  3.22  4.81  6.63  8.51  8.81 10.71 11.31 13.17 14.18 15.94 17.42 19.26 20.59 22.31 23.76 24.64 26.42 27.87 28.66 29.01 29.05 29.16 29.24
traj-87:
25.10 24.88 24.00 23.41 22.28 20.54 19.36 17.92 16.46 15.86 13.90 12.59 12.23 12.36
 0.72  1.21  2.47  3.32  4.18  4.42  4.42  4.52  4.54  4.57  4.78  5.37  7.32  8.55
traj-88:
25.12 24.63 24.61 24.39 24.03 23.72 23.42 23.46 23.63 23.55 23.73 24.09 24.30 24.35 23.05 21.26 20.97 19.08 17.92 16.12 14.57 13.63 12.11 10.73  9.91
 0.49  2.19  3.93  5.81  7.04  8.10  9.55 10.84 12.45 13.69 14.75 16.36 18.25 19.19 20.70 21.49 21.41 21.46 21.17 21.40 22.05 22.49 23.20 23.67 23.90
traj-89:
23.98 24.04 24.00 24.04 24.19 24.19 24.20 24.15 24.10 24.16 24.25 24.37 24.41 24.39 24.63 24.63 24.81 24.91 25.07 25.15 26.56 27.71 29.46 31.22 31.82 32.15 33.02 33.49 34.27
 1.43  2.55  3.84  5.41  7.34  8.44  9.96 11.66 13.62 14.91 16.88 17.47 18.95 19.62 21.44 23.21 24.73 25.75 27.44 28.28 29.09 29.23 29.45 29.48 29.48 28.05 26.36 25.04 23.24
traj-90:
24.91 24.15 22.69 21.05 20.16 18.71 17.23 15.51 14.68 13.98 12.20 10.89  8.90  8.32
 1.83  3.17  4.42  4.87  4.86  4.92  4.97  4.95  5.51  6.36  6.27  6.14  6.12  6.17
traj-91:
25.50 25.19 25.04 24.75 24.57 24.31 23.96 24.11 24.37 24.23 23.35 24.04 23.29 22.03 20.25 18.54 17.53 15.95 14.40 12.99 11.73 10.25  9.44  7.59  5.81
 1.89  3.55  4.43  6.25  7.02  8.69 10.20 11.74 13.66 15.28 16.99 18.78 20.17 21.68 21.99 21.88 21.53 20.87 20.02 19.25 18.57 18.48 18.47 18.58 18.60
traj-92:
23.51 23.61 23.78 23.49 23.43 23.49 23.42 23.34 23.46 23.67 23.81 23.97 24.18 24.40 24.71 24.93 24.81 24.73 24.71 25.79 26.54 27.42 29.20 30.37 32.08 32.55 33.60 33.61 33.76 33.87 33.98
 1.67  2.59  4.42  6.17  7.88  8.17  9.94 11.18 12.02 13.34 14.54 16.50 18.25 20.07 21.76 23.75 24.86 25.98 27.20 28.69 29.09 29.11 29.09 29.17 28.72 28.61 26.95 25.27 23.50 21.93 20.74
traj-93:
24.99 24.32 23.33 22.34 20.65 19.17 17.71 16.87 15.77 14.15 13.33 11.93 10.70  9.26  7.96  6.04  5.46
 1.22  2.28  3.42  4.04  4.19  4.25  4.44  4.60  4.82  5.64  6.29  7.07  8.47  8.94  9.22  9.71  9.77
traj-94:
24.77 24.71 24.46 24.08 24.09 24.23 24.22 24.54 24.82 24.79 25.01 25.15 24.96 24.37 22.67 21.49 20.40 19.33 17.39 16.31 14.57 13.32 11.60 10.99  9.27  7.80
 1.99  2.58  4.28  6.15  6.69  8.53 10.40 11.72 13.43 14.02 15.97 17.46 19.41 20.59 21.16 21.58 21.53 21.32 21.24 20.68 20.15 19.60 18.83 19.02 19.52 19.59
traj-95:
23.46 23.58 23.72 23.78 23.81 23.90 24.00 24.04 24.13 24.19 24.27 24.37 24.48 24.46 24.56 24.61 24.66 24.84 24.81 24.92 25.28 25.74 25.94 27.40 28.54 30.27 32.11 32.13 32.07 32.07
 1.20  2.78  4.62  5.35  6.79  7.31  8.42  9.42 10.94 11.71 13.59 14.86 16.62 18.04 18.88 20.82 22.00 23.41 25.19 26.37 27.48 28.95 29.14 29.22 29.34 29.47 28.87 27.27 25.84 24.00
traj-96:
24.10 23.26 23.39 21.70 20.50 18.73 17.25 15.80 13.87
 1.71  3.46  3.95  4.77  4.83  4.91  4.87  4.83  4.60
traj-97:
24.50 24.26 23.73 23.50 23.58 23.73 24.42 24.78 24.96 24.90 24.97 24.86 24.82 24.54 22.75 22.18 20.47 18.95 17.88 17.08 15.54 13.99 12.37 11.22  9.79  8.44  7.37  6.22
 1.18  1.93  3.59  4.80  6.48  8.34  9.75 10.44 12.42 14.35 16.31 18.01 19.04 20.89 21.18 21.20 21.33 21.28 21.51 21.77 22.16 22.27 22.50 22.53 22.86 23.33 23.73 23.90
traj-98:
24.15 24.44 24.74 24.86 24.82 24.92 24.98 25.06 24.98 24.78 24.72 24.60 24.83 25.13 25.05 24.95 24.90 24.92 25.00 25.31 26.74 27.91 29.69 30.85 31.73 33.19 33.62 34.08 34.59 34.74
 1.74  3.29  4.81  6.77  8.41  8.86  9.98 11.90 13.00 14.72 15.53 17.51 19.16 20.45 21.34 22.51 24.45 25.27 26.37 28.32 29.19 29.15 29.09 29.17 29.27 28.27 27.22 25.69 24.16 23.60
traj-99:
24.98 24.75 24.50 23.51 22.92 21.25 20.95 19.22 18.06 16.57 14.95 13.45 12.45 11.30  9.68
 1.92  2.11  2.50  3.89  4.45  4.94  4.97  4.88  4.86  4.86  4.92  6.08  6.79  7.54  6.83
traj-100:
23.72 23.58 23.41 23.50 23.84 24.04 24.33 23.96 23.74 24.26 24.75 25.14 25.05 24.89 23.14 22.84 20.90 19.42 17.89 17.05 15.44 13.81 12.99 11.66 10.16  9.55  8.17  7.95
 1.52  3.39  4.81  5.40  7.36  8.35 10.19 11.86 13.84 15.61 17.35 18.42 19.82 21.52 21.66 21.64 21.55 21.54 21.36 21.16 20.57 19.68 19.28 20.01 21.06 22.07 23.25 23.46
traj-101:
25.59 25.51 25.14 24.94 24.47 24.09 23.71 23.70 23.56 23.70 23.97 24.20 24.45 24.76 25.06 25.17 25.16 25.16 25.22 26.03 26.58 28.35 30.12 32.01 32.35 32.37 32.34 32.37
 1.12  1.49  3.29  4.45  6.37  8.17 10.13 12.11 13.98 15.37 17.07 18.78 20.23 21.39 22.85 24.00 25.49 26.72 28.61 29.17 29.17 29.12 29.03 28.41 26.54 25.06 23.21 21.66
traj-102:
24.24 23.32 23.16 23.16 21.34 20.47 19.03 17.26 15.49 14.64 12.88 12.07
 1.27  2.88  3.38  5.25  4.48  4.53  4.63  4.71  4.98  5.49  6.37  6.60
traj-103:
24.11 24.42 24.48 24.21 24.01 24.02 23.56 23.27 23.55 24.17 24.56 24.93 25.02 25.06 24.06 22.78 21.02 20.53 18.94 17.80 16.10 15.61 14.18 12.69 11.35 10.10  9.25
 1.97  3.62  4.76  6.43  7.81  8.59  9.88 11.74 12.77 14.45 15.13 16.87 18.12 19.60 21.14 21.44 21.94 21.92 21.53 21.33 20.45 19.80 18.87 18.71 18.87 18.93 18.99
traj-104:
24.11 24.25 24.55 24.80 24.88 24.89 24.79 24.78 24.72 24.66 24.77 24.92 25.09 24.97 25.01 24.89 25.00 25.08 26.64 27.22 28.94 29.81 30.11 31.87 33.17 33.72 33.73
 1.24  2.57  4.20  6.07  7.85  9.57 11.53 13.17 15.06 16.85 18.26 19.86 21.82 22.69 23.84 25.61 26.54 28.14 29.16 29.16 29.34 29.50 29.55 29.74 28.68 27.14 26.56
traj-105:
25.32 24.27 23.29 22.28 21.68 19.90 18.00 16.27 15.68 14.15 13.77 12.61 12.14 10.78  9.51
 0.96  2.00  3.12  4.11  4.20  4.38  4.60  4.64  4.55  5.40  5.81  7.21  7.92  9.25  9.75
traj-106:
23.81 23.54 23.43 23.62 23.72 24.22 24.79 24.50 24.19 23.67 23.89 24.10 24.39 23.95 23.82 22.24 20.80 19.16 18.60 17.24 16.00 14.26 12.92 11.16  9.34  7.81  5.93  4.82
 0.80  0.93  2.46  4.16  5.09  7.02  8.93 10.32 12.28 13.89 15.43 16.94 18.85 20.78 21.14 22.14 21.92 21.64 21.46 21.06 20.44 20.01 20.45 20.78 21.05 21.46 21.95 22.24
traj-107:
25.00 24.93 24.74 24.69 24.31 24.15 23.96 23.97 24.00 24.10 24.21 24.25 24.25 24.37 24.38 24.57 24.81 25.08 25.20 26.89 28.41 30.17 32.01 32.78 32.84 33.65
 0.45  2.25  4.04  4.82  6.60  8.45 10.33 10.48 12.45 14.40 16.28 18.02 19.73 21.07 22.56 23.83 25.62 26.33 28.20 29.16 29.09 29.02 28.37 27.64 27.34 26.63
traj-108:
23.32 23.24 23.21 23.13 22.02 21.98 20.02 19.14 17.97 16.23 14.75 13.07 11.43
 0.41  1.34  3.28  3.57  4.56  4.58  4.76  4.79  4.83  4.85  4.85  4.97  5.13
traj-109:
25.09 24.94 24.79 24.52 24.16 23.84 23.87 23.62 23.36 23.82 24.44 24.92 25.22 24.72 24.38 22.55 22.26 20.50 18.53 17.68 16.62 15.80 14.31 12.93 11.51  9.81  8.73
 1.66  2.21  3.82  5.70  7.58  8.99 10.70 11.82 12.98 14.34 16.06 17.26 18.66 20.28 21.45 22.20 22.14 21.67 21.41 21.21 20.40 19.53 18.91 18.93 18.95 18.75 18.65
traj-110:
23.58 23.60 23.72 23.90 23.97 23.98 24.12 24.23 24.36 24.49 25.03 25.14 24.32 23.67 24.21 24.63 25.08 25.00 24.84 25.14 25.41 25.92 27.87 29.14 30.01 31.77 33.15 32.90 32.76 32.46 32.66 32.97 32.99 33.29 33.65 34.01 34.21
 0.47  0.95  2.69  4.40  5.89  7.02  8.41  9.92 11.65 12.46 14.23 15.45 17.01 18.81 20.53 21.66 23.41 24.57 25.51 26.90 28.88 29.18 29.30 29.41 29.49 29.52 28.16 26.48 25.71 24.13 22.85 21.05 20.80 18.85 17.10 15.51 14.35
traj-111:
24.18 23.40 23.40 21.77 20.00 18.62 16.72 15.32 13.95 12.65
 1.46  3.10  4.26  4.51  4.49  4.47  4.61  4.88  5.36  6.43
traj-112:
23.43 23.31 23.48 23.57 23.93 23.95 24.07 23.87 23.96 24.37 24.55 24.71 24.82 24.98 24.98 24.20 22.29 20.99 19.79 18.64 17.16 15.42 14.27
 1.20  2.80  4.61  5.42  7.28  8.95  9.30 10.08 11.65 13.06 14.59 15.66 17.06 18.83 19.73 21.46 21.66 21.73 21.86 21.97 22.11 22.49 22.63
traj-113:
24.31 24.41 24.37 24.51 24.59 24.55 24.72 24.91 24.77 24.73 24.65 24.64 24.65 25.01 25.08 25.08 25.05 25.05 25.03 25.01 25.00 24.84 26.40 28.15 29.89 30.18 31.93 32.23 33.10 33.12 33.16 33.38 33.41 33.38 33.44 33.60 33.73 34.10 34.41 34.60
 0.59  1.56  3.50  5.19  5.73  7.35  8.06  9.56 10.80 11.97 13.43 14.81 15.95 17.89 19.67 20.56 22.32 24.10 24.40 26.27 27.36 28.54 29.06 29.12 29.40 29.47 29.62 29.59 28.08 27.29 25.85 24.05 22.10 20.30 19.77 18.23 16.97 15.07 13.64 12.78
traj-114:
23.29 23.37 23.37 22.12 20.24 18.49 17.89 16.14 15.84 14.94 13.44 12.24 10.64
 0.49  2.27  2.87  4.09  4.28  4.50  4.57  4.79  4.85  5.32  5.89  6.28  6.84
traj-115:
24.69 24.39 24.21 24.47 25.04 24.98 24.97 24.75 24.57 24.06 23.34 23.52 23.67 24.01 24.41 24.01 22.18 20.61 18.82 17.42 15.82 14.39 12.94 11.41 11.15 10.09  8.33  7.16  5.20
 0.68  1.41  3.32  4.75  6.54  8.40  9.92 10.90 12.11 13.56 14.73 16.19 17.14 18.53 20.29 21.37 22.03 21.73 21.34 21.08 20.48 20.16 19.84 20.78 21.45 22.70 23.41 23.62 23.74
traj-116:
24.50 24.44 24.41 24.29 24.12 24.09 24.13 24.13 24.17 24.10 24.34 24.61 24.94 24.99 25.04 25.00 24.93 24.88 24.90 24.88 26.71 28.46 30.25 32.00 32.03 32.20 32.37
 0.47  2.19  3.61  5.56  6.97  8.33 10.29 10.84 12.83 14.23 15.62 16.83 18.77 19.26 21.26 23.25 24.10 25.88 27.55 28.25 29.02 29.09 29.19 28.34 27.54 25.79 24.42
traj-117:
23.80 23.80 23.71 22.25 20.50 18.75 17.29 16.14 14.34 13.25 12.17 10.27  8.57  7.99
 0.45  2.16  3.34  4.43  4.45  4.41  4.38  4.35  4.65  5.45  6.68  7.19  7.21  7.21
traj-118:
24.12 24.34 24.71 24.92 24.86 24.60 24.86 24.98 24.86 24.71 24.12 23.72 23.63 23.40 21.84 21.07 19.09 18.78 17.08 16.83 15.12 13.78 12.11 10.63 10.06  8.63  6.97  6.23
 0.47  1.79  3.40  5.07  5.54  7.43  8.49 10.35 12.22 14.16 15.78 16.87 18.71 20.68 21.08 21.33 21.34 21.36 21.11 20.95 20.09 19.45 18.63 18.00 17.94 17.66 17.75 17.92
traj-119:
23.24 23.44 23.69 23.85 23.98 24.13 24.17 24.22 24.33 24.42 24.52 24.55 24.57 24.51 24.56 24.68 25.00 25.06 24.99 25.37 25.59 25.86 27.32 29.03 30.79 32.45 32.83 32.80 33.18 33.38 33.67
 0.84  2.56  4.42  5.53  7.24  8.93  9.89 11.36 12.27 13.55 15.15 16.05 17.86 19.81 21.10 22.33 24.30 25.20 25.92 27.85 28.95 29.08 29.17 29.39 29.63 28.83 26.90 26.23 24.61 22.74 20.80
traj-120:
24.80 24.77 23.91 22.21 21.92 20.17 18.43 16.98 15.56 14.06 12.76 11.77 10.78  9.12  7.63  6.27
 1.54  1.84  3.40  4.35  4.40  4.67  4.76  4.84  4.90  5.73  7.21  7.72  8.60  8.15  7.80  6.96
traj-121:
25.40 25.13 25.13 24.64 24.54 24.45 24.55 24.70 24.56 24.49 24.19 23.99 24.56 24.81 24.67 23.54 21.68 21.13 19.63 18.42 16.51 16.15 14.22 13.17 11.22
 1.80  3.55  4.15  6.00  7.22  9.09  9.89 11.27 13.02 14.72 15.17 17.09 18.67 19.49 21.48 22.38 21.84 21.69 21.50 21.38 21.38 21.39 21.30 21.50 21.62
traj-122:
25.58 25.38 24.80 24.69 24.61 24.44 24.25 24.28 24.17 24.21 24.01 24.05 24.52 24.58 24.74 24.66 24.53 24.58 24.65 26.51 27.97 29.41 31.14 31.72 33.29 33.53 33.98 34.36
 1.67  2.31  4.15  5.86  6.60  8.19 10.09 11.99 13.98 15.87 17.57 18.38 20.12 21.14 22.67 24.59 26.37 27.83 28.58 29.12 29.20 29.34 29.74 29.86 28.99 28.19 26.25 24.58
traj-123:
23.47 23.77 22.79 20.87 19.42 17.96 16.80 15.63 14.07 13.03 11.27 10.69
 1.54  3.38  4.30  4.24  4.37  4.51  4.60  4.78  5.90  6.84  6.87  7.03
traj-124:
24.93 24.25 24.06 24.00 23.81 23.60 23.73 23.98 24.12 23.95 23.78 23.81 23.85 22.81 20.93 20.15 18.82 17.20 15.94 14.35 13.28 12.13 10.55
 0.42  1.71  3.29  5.00  6.69  8.08 10.06 11.16 12.76 14.58 16.48 18.21 20.13 21.47 21.65 21.51 21.37 21.12 20.32 20.79 21.03 21.46 21.98
traj-125:
23.69 23.75 23.84 24.05 24.22 24.40 24.49 24.54 24.66 24.71 25.02 25.03 24.92 24.90 24.87 24.90 24.96 25.06 25.67 25.88 27.67 29.42 31.21 32.55 32.79 32.88 32.97 33.13 33.25 33.11 32.86
 1.11  2.23  3.55  5.04  6.85  8.25  9.76 11.44 13.42 15.27 17.21 18.89 20.78 22.44 24.01 25.05 26.27 27.50 28.85 29.02 29.07 29.09 29.08 27.91 27.18 26.73 25.05 23.14 22.15 20.73 19.58
traj-126:
24.80 24.20 23.32 22.17 20.64 18.77 17.43 16.68 14.76 13.07 12.79
 0.45  1.56  3.23  4.37  4.47  4.61  4.62  4.71  4.76  5.27  5.37
traj-127:
25.57 25.34 24.63 23.99 24.09 24.33 24.52 24.51 24.67 25.10 24.64 24.22 23.62 23.35 23.12 22.64 20.83 19.36 17.72 15.89 14.75 13.73 12.05 10.95  9.21  8.02  6.47  4.74
 1.66  2.19  3.62  5.04  6.76  8.40  9.96 11.43 11.69 13.64 15.04 16.13 17.33 18.52 19.89 21.62 21.78 21.56 21.25 20.48 19.82 19.26 19.49 19.67 19.80 20.00 20.31 20.63
traj-128:
23.50 23.86 24.13 24.32 24.48 24.73 24.96 25.40 25.50 25.58 25.70 25.76 25.77 25.65 25.55 25.45 25.29 25.29 25.44 26.98 27.28 29.05 30.20 31.85 32.62
 1.94  3.90  5.17  6.55  7.82  8.88 10.66 12.16 13.92 15.38 16.84 17.73 19.44 20.89 22.03 23.67 25.41 26.60 28.08 29.10 29.10 29.20 29.24 29.74 30.39
traj-129:
25.48 24.57 24.16 22.68 21.53 19.77 17.97 16.21 15.85 14.20 13.54
 1.67  3.06  3.80  4.94  4.87  4.87  4.94  4.95  4.96  5.86  7.37
traj-130:
23.96 23.95 23.93 24.08 24.17 24.21 24.32 24.42 24.56 24.66 25.04 25.09 25.10 25.10 25.09 24.17 22.84 22.55 20.73 18.80 16.95 16.67 14.83 13.84 12.25
 1.02  2.33  3.81  5.68  6.56  8.07  9.93 11.49 13.37 15.25 16.38 18.17 19.29 21.08 22.66 24.02 22.56 22.49 22.41 22.55 22.60 22.66 22.70 22.86 23.06
traj-131:
24.93 24.92 24.97 24.78 24.91 24.78 24.56 24.74 24.99 24.88 24.49 24.80 24.81 24.93 24.96 24.93 24.94 24.98 25.03 25.05 24.84 26.69 28.17 29.36 30.25 31.96 32.13 33.54 34.25
 0.71  1.92  3.00  4.46  6.02  7.38  9.23 10.32 11.99 13.59 15.22 16.14 17.95 19.72 20.65 21.42 22.01 23.48 24.92 26.87 28.29 29.06 29.08 29.06 29.07 28.44 28.19 26.89 26.02
traj-132:
24.69 23.90 23.06 22.93 21.77 20.00 18.81 17.06 15.87 14.69 12.88 11.78 10.21  8.55
 1.43  2.52  3.34  4.60  4.61  4.66  4.71  4.79  4.86  5.52  5.86  5.75  6.21  7.20
traj-133:
23.90 24.19 24.27 24.20 24.26 24.29 23.83 23.80 23.74 23.78 24.29 25.00 24.98 25.08 23.86 22.45 20.77 19.61 17.64 15.66 14.88 13.29 11.57 11.95 13.13
 1.20  2.99  4.93  6.27  8.22  8.52 10.40 11.76 12.78 14.76 15.57 17.39 18.59 20.30 21.63 21.88 22.16 22.32 22.53 22.70 22.55 22.25 21.30 19.41 18.62
traj-134:
23.56 23.63 23.62 23.77 23.82 23.84 23.85 23.88 23.97 24.36 24.48 24.29 24.13 23.99 23.73 23.74 24.10 24.21 24.65 24.86 25.26 26.97 28.95 30.73 32.09 33.37
 0.73  2.37  3.83  5.74  6.33  8.13  8.84 10.17 11.17 13.10 13.98 15.83 17.14 18.39 20.12 20.77 22.64 23.72 25.43 26.45 28.30 29.15 29.11 29.11 29.06 28.96
traj-135:
25.26 24.61 23.43 22.00 21.43 19.99 18.53 17.35 15.44 14.02 13.86 12.53 11.21 10.44 10.94 11.23
 1.21  1.86  2.98  4.09  4.16  4.33  4.43  4.54  4.81  5.57  5.82  7.16  8.59  9.30  9.55  9.60
traj-136:
25.46 25.02 24.36 23.59 24.02 24.29 24.10 23.80 23.57 23.66 23.81 23.93 23.86 23.69 22.00 20.25 18.37 17.01 15.14 13.58 12.36
 1.89  3.23  4.57  6.32  7.85  8.82 10.80 11.99 13.95 14.24 16.11 17.19 19.08 20.43 21.07 21.19 21.50 21.60 21.90 22.49 22.85
traj-137:
24.60 24.57 24.60 24.59 24.44 24.26 23.92 23.72 23.54 23.34 23.63 23.82 23.84 24.02 24.29 24.62 24.88 23.72 25.00 25.97 26.22 27.96 29.13 30.32 31.29 32.77
 0.97  2.48  4.16  5.60  6.41  8.22 10.09 11.55 12.80 14.38 16.12 18.02 19.02 20.66 21.95 23.84 25.21 26.78 28.21 28.90 29.07 29.09 29.07 29.04 29.13 29.92
traj-138:
24.31 24.33 23.60 22.38 20.48 19.03 17.56 16.43 15.28 14.09
 1.11  1.92  3.61  4.42  4.19  4.40  4.62  4.75  4.86  4.99
traj-139:
25.24 25.09 24.92 24.44 24.08 23.28 23.63 24.62 24.75 24.52 24.80 24.10 23.52 21.53 20.25 18.38 17.10 15.46 13.85 13.30 11.42  9.74  8.93  7.19  5.74  4.57
 1.65  3.63  5.59  7.40  8.56  9.79 11.53 13.07 14.99 16.95 18.44 20.29 21.80 21.89 21.88 21.66 21.14 20.30 19.35 19.13 18.67 18.69 18.64 18.62 18.44 18.31
traj-140:
24.89 24.81 24.93 25.01 24.89 24.92 24.85 24.88 24.89 24.98 25.08 24.77 24.95 25.11 25.30 25.15 25.06 25.24 26.63 28.39 30.12 31.00 32.10 32.09 32.19 32.15 32.13 32.18
 1.35  2.72  3.91  5.88  6.86  8.62 10.52 12.23 13.75 15.45 17.12 18.10 19.12 20.84 22.59 24.30 26.30 28.21 29.00 29.06 29.12 29.13 28.23 27.36 25.41 23.44 21.46 20.14
traj-141:
25.41 25.22 24.08 23.59 21.61 19.86 18.41 16.65 15.21 14.04
 1.76  1.99  3.49  4.39  4.45  4.49  4.48  4.49  4.57  5.28
traj-142:
23.10 23.28 23.57 23.87 24.07 24.20 24.16 23.74 23.40 23.85 24.45 24.89 24.71 24.63 24.19 23.34 23.05 22.22 21.96 19.98 19.68 17.72 16.56 14.98 13.34 12.76 11.04 10.46  8.90  7.85
 0.73  0.97  2.73  3.51  5.14  5.82  7.30  8.02  9.79 11.14 12.87 14.08 15.95 16.40 18.21 19.90 20.60 21.04 21.40 21.48 21.53 21.31 21.09 20.34 19.46 19.39 19.50 19.49 19.42 19.45
traj-143:
25.06 25.01 25.00 24.84 24.97 24.54 24.79 24.93 24.99 25.04 25.07 25.16 24.99 25.00 24.91 24.74 24.70 24.53 26.15 26.73 28.48 30.24 31.12 32.30 32.50 32.38 32.46 32.45 32.37
 1.87  3.85  5.55  6.86  8.84 10.50 12.13 13.15 15.11 16.93 18.50 20.43 22.15 23.85 24.70 26.08 27.49 28.70 29.24 29.25 29.20 29.38 29.47 28.32 26.67 24.78 24.16 22.28 20.78
traj-144:
25.62 24.60 23.52 22.29 20.54 18.80 17.05 15.87 14.46 13.44
 0.64  1.93  2.90  4.08  4.31  4.44  4.59  4.67  5.40  7.05
traj-145:
25.17 24.55 24.05 23.93 23.90 23.72 24.01 24.11 24.36 24.65 24.21 23.65 23.56 22.07 21.30 20.91 19.11 17.98 16.29 16.00
 1.68  3.36  5.12  6.98  7.44  9.40 11.37 13.35 14.38 15.84 17.63 19.48 19.77 21.02 21.15 21.54 22.05 22.15 22.44 22.49
traj-146:
23.84 23.87 23.97 24.09 23.99 23.96 23.91 24.09 24.37 24.39 24.42 24.51 24.63 24.76 24.73 24.77 24.92 25.02 25.13 26.41 26.98 28.74 30.23 32.01 32.73 33.01 32.95 32.82
 1.73  3.32  4.99  6.85  7.69  9.22 11.15 13.07 14.83 16.69 16.99 18.86 20.02 21.72 23.36 23.81 25.52 26.68 28.36 29.08 29.08 29.08 29.02 28.72 27.02 25.21 23.28 21.77
traj-147:
25.18 24.89 23.72 23.27 21.43 19.69 18.52 16.75 15.35 14.89 13.88 12.73 11.96
 1.52  2.32  3.41  3.76  4.46  4.64  4.81  4.90  4.84  5.13  5.75  6.48  6.94
traj-148:
24.58 24.37 24.26 24.17 24.24 24.13 24.15 24.21 24.24 23.76 23.78 24.29 24.70 24.54 24.70 24.71 23.46 21.77 19.78 17.86 17.33 15.73 14.22 12.65 12.35
 1.26  3.18  3.70  5.26  5.77  6.23  7.94  9.25 11.02 12.24 14.15 15.38 17.34 17.80 19.78 20.10 21.56 22.16 21.92 21.58 21.30 20.55 20.12 19.41 19.40
traj-149:
25.42 24.93 24.47 24.44 24.09 23.83 23.81 23.86 23.81 23.55 23.65 23.66 23.57 23.69 23.69 23.74 23.81 23.82 24.29 24.53 24.77 25.45 25.70 27.41 28.30 29.15 30.90 31.80 33.32
 1.00  2.31  3.60  3.88  5.65  7.51  7.81  9.63 11.21 12.69 13.66 14.97 16.92 18.23 19.72 20.72 22.33 22.63 24.29 25.08 27.07 28.87 29.04 29.33 29.48 29.67 29.74 29.74 28.74
traj-150:
23.29 23.12 23.09 22.65 21.04 19.26 18.06 16.60 15.73 14.31 13.12 12.04 10.90
 1.55  3.46  3.92  4.34  4.98  4.96  4.94  4.91  4.89  5.83  6.87  7.38  8.24
traj-151:
23.23 24.53 24.54 24.50 24.27 24.21 23.69 23.78 24.05 23.25 23.52 23.95 23.68 23.41 23.15 22.50 21.28 19.41 18.17 16.26 14.41 12.54 10.90  9.43  8.26  6.52
 1.07  2.41  4.04  4.95  6.14  7.37  8.82 10.69 11.49 13.16 15.12 17.05 18.53 18.66 20.08 21.35 21.61 22.08 21.69 21.76 21.45 21.32 21.14 21.06 20.95 20.74
traj-152:
24.14 24.18 24.31 24.45 24.52 24.81 24.96 25.09 25.06 25.02 24.94 24.92 24.99 24.91 25.01 24.90 24.87 24.91 24.97 25.89 26.15 27.90 28.49 30.22 32.14 32.31 32.42 32.56 32.67 32.78 32.85 33.05
 0.90  1.19  3.18  4.76  5.46  7.41  9.30 11.06 12.35 13.38 14.73 16.04 17.97 19.76 21.65 23.54 25.43 26.67 27.45 28.95 29.11 29.06 29.14 29.38 28.85 26.98 25.35 23.86 22.44 20.55 19.24 17.40
traj-153:
23.87 23.70 23.51 22.05 20.10 18.91 17.45 16.78 15.55 14.16 12.80 11.83 10.66
 1.41  1.82  2.74  4.00  4.41  4.47  4.59  4.64  4.94  5.81  6.85  7.53  8.48
traj-154:
23.61 24.34 24.92 25.07 25.10 25.12 24.95 24.77 24.51 24.25 24.10 24.02 23.98 24.01 23.90 22.10 20.21 18.82 17.95 16.32 15.82 14.03 13.47 11.61 11.42  9.48  8.45  7.58  6.55
 1.63  2.86  3.83  4.82  6.53  8.11 10.01 11.85 13.83 15.35 16.95 18.64 19.95 20.69 21.97 22.56 22.64 22.71 22.84 21.84 21.16 20.37 19.29 18.82 18.26 17.98 18.39 19.64 21.16
traj-155:
25.64 24.77 24.86 25.03 25.31 25.36 25.43 25.54 25.53 25.54 25.55 25.47 25.36 25.02 24.11 23.65 23.58 23.47 23.31 23.61 24.69 25.37 26.70 28.47 29.64 31.38 32.46
 0.42  1.73  3.63  4.19  5.93  6.51  7.97  9.45 10.90 12.67 13.57 15.36 16.15 17.50 18.98 20.88 22.17 24.16 26.05 26.33 27.52 28.25 29.02 29.09 29.14 29.22 29.37
traj-156:
25.19 24.18 23.24 22.58 20.76 19.33 18.17 16.42 14.72 14.10 12.75 11.04  9.11
 1.86  3.18  3.88  4.47  4.41  4.52  4.63  4.76  4.84  4.87  5.14  5.60  5.98
traj-157:
24.39 24.14 23.78 23.63 23.44 23.26 23.51 23.75 23.94 24.15 24.71 24.84 24.92 24.89 23.79 22.14 20.29 19.99 18.16 17.07 15.66 14.98 13.34 12.30 10.42  8.66  6.95  5.71
 1.09  2.38  4.14  5.87  7.59  9.44 10.20 12.04 13.71 15.09 16.95 17.51 19.32 19.62 21.15 21.21 21.52 21.55 21.39 21.18 20.78 20.84 20.86 21.32 21.59 21.28 21.42 21.54
traj-158:
23.75 23.87 23.94 24.05 24.18 24.29 24.42 24.46 24.60 24.68 24.70 24.70 24.71 24.76 24.79 24.96 25.04 25.11 26.55 28.04 29.79 31.22 32.71 33.76
 0.86  2.85  4.78  6.24  7.56  8.73 10.58 12.36 14.09 16.07 17.29 19.26 20.44 22.30 23.52 25.26 26.58 28.17 29.19 29.33 29.42 29.13 28.15 26.62
traj-159:
24.33 24.10 23.93 22.30 20.33 19.47 17.73 15.99 14.42 12.67
 0.57  2.26  3.30  4.27  4.42  4.50  4.57  4.77  5.78  6.75
traj-160:
24.00 24.69 24.82 24.66 24.62 24.54 24.09 23.55 23.98 24.14 24.06 23.42 23.61 23.98 24.80 23.96 22.40 21.28 19.31 17.62 16.20 14.35 12.71 11.54 10.39
 0.40  1.71  3.46  5.30  6.20  7.88  8.27 10.04 11.30 12.38 14.10 15.80 17.44 18.22 19.54 20.94 22.09 21.90 21.58 21.19 21.08 20.68 20.72 20.91 21.05
traj-161:
24.70 24.71 24.61 24.53 24.49 24.64 24.93 25.15 25.28 25.33 25.17 24.93 24.96 24.96 24.89 24.86 24.82 24.88 24.92 24.96 25.00 24.99 26.40 27.28 28.42 30.15 31.02 32.13 32.20 32.42 32.09
 0.84  1.44  3.15  4.84  5.86  7.79  8.99 10.05 11.34 13.29 14.28 15.78 16.08 18.05 19.70 20.12 21.91 23.20 24.82 25.64 27.04 28.82 29.20 29.18 29.15 29.19 29.27 28.60 26.86 24.98 23.87
traj-162:
25.12 24.41 23.05 21.31 19.83 18.94 16.96 15.77 14.02 12.24 11.94
 1.68  2.58  3.92  4.22  4.35  4.43  4.55  4.52  4.50  4.55  4.56
traj-163:
25.20 24.83 24.70 24.94 24.54 24.10 24.41 24.79 24.92 25.09 25.08 24.96 24.87 24.69 24.23 23.61 21.94 19.97 18.04 16.12 14.52 13.17 12.30 11.26  9.89  9.03  7.38
 0.83  2.02  3.75  5.21  6.95  7.95  9.90 10.71 12.23 13.95 14.25 16.19 16.86 18.42 19.53 21.37 22.14 22.07 21.97 21.87 20.87 20.62 20.88 21.41 22.12 22.60 23.05
traj-164:
23.28 23.31 23.41 23.57 23.58 23.48 23.32 23.31 23.33 23.89 24.04 23.81 24.03 24.45 24.34 24.60 24.67 24.75 26.47 27.35 29.10 30.58 31.16 32.34 32.66 32.82 32.89 33.08 33.23 33.42 33.77 33.90 34.27 34.32
 1.77  2.18  3.83  5.65  7.63  8.84 10.20 11.85 13.75 15.65 17.41 19.12 21.09 22.96 24.41 25.93 26.74 28.68 29.15 29.12 29.05 29.17 29.26 28.11 27.30 25.63 23.64 22.04 20.10 18.21 16.26 15.70 13.90 13.60
traj-165:
25.66 25.12 24.27 23.37 22.83 20.87 19.65 17.66 16.48 15.46 14.74 13.84 13.25 11.65
 1.22  2.06  2.86  3.85  4.35  4.73  4.77  4.86  4.94  4.99  5.40  7.15  8.91  9.54
traj-166:
23.65 24.69 25.57 25.72 25.53 24.93 24.36 24.02 23.54 23.28 23.25 23.73 24.35 25.02 25.02 25.02 23.87 22.32 20.62 18.68 16.73 14.81 12.94
 0.65  0.99  2.77  4.54  5.97  7.85  9.70 10.94 12.25 12.97 13.27 15.20 16.88 18.65 20.43 20.73 22.22 21.90 21.66 21.59 21.21 20.76 20.40
traj-167:
24.56 24.09 23.78 23.85 23.89 24.04 24.15 24.25 24.42 24.60 24.58 25.06 25.20 25.19 25.24 25.20 25.17 25.08 25.08 25.28 26.95 28.71 29.60 31.06 32.62 32.64 33.24 33.63 34.15 34.36
 0.45  1.70  3.55  5.40  5.92  7.60  8.98  9.64 11.34 12.63 14.08 15.69 17.48 19.24 21.02 22.76 23.65 25.38 26.55 28.07 29.04 29.05 29.04 29.05 28.06 27.46 25.61 24.44 22.79 22.24
traj-168:
25.16 24.76 23.54 22.35 20.64 18.91 17.47 15.99 14.64 14.34 13.08 11.54  9.76
 1.62  2.01  3.24  4.22  4.49  4.61  4.76  4.88  5.57  6.04  7.54  7.57  7.53
traj-169:
23.81 23.96 24.57 25.04 25.08 24.93 24.96 24.89 24.83 24.36 24.18 24.34 23.79 23.09 22.24 20.80 19.22 18.37 16.99 15.37 15.02 13.59 12.23 10.65  8.90  8.36
 1.55  1.82  3.56  5.10  6.81  8.79  9.31 10.92 11.80 13.60 15.54 17.46 19.12 20.61 21.25 22.04 21.71 21.57 21.32 20.33 19.56 18.63 18.27 17.79 17.27 17.01
traj-170:
23.77 24.03 24.07 24.30 24.52 24.35 24.56 24.44 24.62 24.66 25.13 25.24 25.20 24.93 24.74 24.74 24.87 24.90 24.90 25.24 26.01 26.61 28.36 29.55 31.00 32.12 32.35 32.42 32.66 33.25 34.17 34.43 34.92
 1.60  2.56  3.83  5.30  6.38  7.50  9.31  9.79 11.68 13.31 14.98 16.73 17.32 19.27 20.41 22.06 23.88 25.74 27.29 28.77 29.20 29.19 29.21 29.33 29.40 28.36 26.70 24.85 24.67 22.82 21.12 20.27 18.60
traj-171:
25.70 25.38 24.15 23.22 21.44 20.56 18.81 17.07 15.69 14.38 14.18 13.18 11.73 10.62
 1.29  1.78  3.01  3.50  4.10  4.20  4.41  4.63  4.86  6.28  6.51  8.00  9.10  9.36
traj-172:
25.76 25.54 25.12 24.78 24.44 24.55 24.54 24.64 24.54 24.39 24.53 24.76 25.09 25.25 25.11 24.96 23.42 21.67 19.99 18.31 16.92 15.50 13.96 12.56 11.44
 1.97  2.47  4.40  5.50  6.97  7.93  8.99 10.95 12.63 13.12 14.89 15.97 17.83 19.60 20.79 21.93 22.98 22.21 21.91 21.59 21.37 20.17 19.02 18.25 17.52
traj-173:
23.01 23.23 23.63 23.86 23.93 24.30 24.37 24.56 24.72 24.89 24.90 24.86 24.88 24.77 25.18 25.26 25.17 25.11 24.92 24.97 24.89 26.56 28.34 29.80 30.95 32.71 33.29 34.33 34.36 34.83
 0.71  1.61  3.05  4.84  5.29  7.13  8.20  9.92 11.09 12.71 14.01 15.83 16.85 17.75 19.69 21.65 22.79 23.76 25.72 26.74 28.34 29.03 29.07 29.10 29.15 29.23 29.30 27.80 27.50 25.85
traj-174:
25.77 25.14 23.91 23.51 23.24 21.43 19.95 18.21 16.47 15.29 13.77 13.48 11.78 10.67  9.39
 0.60  1.37  2.72  2.87  3.87  4.58  4.68  4.71  4.80  4.93  6.08  6.81  7.29  6.70  5.96
traj-175:
25.47 25.53 25.63 25.59 25.46 25.09 24.79 24.42 23.71 23.90 24.35 24.60 25.10 24.96 24.34 23.90 23.39 22.52 20.71 18.99 17.94 16.22 14.52 12.93 11.13
 0.84  1.91  3.09  4.80  5.38  7.07  8.11  9.32 10.86 11.77 13.65 14.50 16.07 17.51 18.70 19.58 20.77 21.63 22.25 21.91 21.61 21.50 21.30 20.92 20.62
traj-176:
24.17 24.15 24.00 23.85 23.81 23.75 23.92 24.26 24.46 24.46 24.58 24.58 24.63 24.61 24.62 24.66 24.88 24.97 25.15 25.19 26.70 28.48 29.66 30.83 32.07 32.27 32.37
 0.44  1.57  2.79  4.76  6.30  8.28  9.01 10.96 12.91 13.54 15.24 16.69 17.39 19.36 20.95 22.40 23.34 24.73 26.37 28.06 29.02 29.06 29.10 29.02 28.56 26.75 25.87
traj-177:
25.63 24.88 24.23 23.13 22.16 20.43 18.98 17.53 15.80 14.29 12.90 11.01  9.88  8.90  7.49
 0.64  1.58  2.21  3.27  4.13  4.35  4.52  4.59  4.75  5.54  6.43  7.06  6.85  6.44  5.88
traj-178:
24.67 24.44 23.98 23.72 23.68 23.59 23.75 23.84 24.01 24.41 24.56 24.86 25.08 24.18 23.14 22.50 20.97 19.02 17.09 15.38 14.64 12.85 11.28  9.97  8.80  6.85
 0.86  1.38  3.13  4.64  5.63  7.06  8.59 10.30 11.03 12.22 13.05 14.93 16.88 18.37 19.94 21.26 22.11 21.91 21.63 21.10 21.08 20.93 20.83 20.67 20.84 21.26
traj-179:
25.44 25.33 25.13 24.87 24.88 24.79 24.80 24.93 24.83 24.91 24.84 25.07 24.99 24.80 24.71 25.12 25.05 25.01 25.15 25.11 26.00 27.75 28.88 30.65 31.24 32.18 32.29 32.51 33.17 33.56 34.15 34.14
 0.46  1.38  2.58  4.23  5.28  6.94  8.62 10.41 12.21 13.50 15.24 17.00 18.49 20.09 20.74 22.69 23.24 25.10 26.59 28.52 29.19 29.38 29.47 29.49 29.39 28.58 27.51 25.83 24.40 22.50 20.76 19.57
traj-180:
25.27 24.48 23.68 22.05 20.74 19.29 17.53 17.23 15.28 13.73 13.71
 1.32  2.34  3.33  4.41  4.47  4.54  4.71  4.73  4.99  4.96  4.42
traj-181:
23.59 23.59 23.62 23.91 24.07 24.29 24.29 24.29 23.59 23.29 23.29 23.71 24.07 24.22 22.72 21.26 19.56 18.99 17.38 15.99 15.36 14.62 12.63 10.70  8.84  7.97  6.57  4.98
 1.40  1.95  3.75  5.61  7.03  8.08  9.80 10.65 12.29 14.11 15.11 17.07 18.46 20.26 21.19 21.91 21.97 21.92 21.85 21.36 19.93 18.75 18.68 18.39 18.39 18.42 18.49 18.53
traj-182:
23.28 23.53 23.56 23.72 23.91 23.94 24.01 24.16 24.56 24.67 24.89 24.86 24.81 24.73 24.91 24.83 24.86 24.73 24.76 24.68 26.28 27.16 28.89 29.18 30.33 32.07 33.16 33.44 33.83
 1.76  3.49  5.03  6.81  8.51  9.17 10.19 11.90 13.81 14.38 15.82 16.90 18.67 19.50 21.37 22.73 23.09 24.96 26.87 28.32 29.06 29.13 29.30 29.32 29.60 29.80 28.31 27.04 25.45
traj-183:
23.71 23.50 23.04 21.29 20.41 18.93 17.16 16.86 15.24 14.19 12.79 11.92 10.79  9.95
 1.96  2.17  3.24  4.08  4.17  4.26  4.42  4.45  4.81  5.51  6.55  6.79  7.02  7.18
traj-184:
25.43 25.08 24.87 24.46 24.59 24.37 24.23 23.93 23.64 23.37 23.63 24.29 23.68 22.92 21.05 19.34 17.73 15.89 14.82 12.97 11.77  9.89  8.27  6.37  5.28  4.27
 0.71  2.29  3.07  5.01  6.84  8.21  9.22 10.87 12.65 14.56 16.33 17.66 19.50 21.17 21.72 21.59 21.33 20.60 20.12 19.44 19.05 18.58 18.73 19.00 19.27 19.54
traj-185:
24.91 24.71 24.61 24.62 24.59 24.34 24.47 24.68 24.78 25.06 25.17 25.14 25.09 25.06 24.99 25.01 25.02 25.02 25.14 25.13 25.27 26.93 28.67 30.42 31.29 32.64 33.06 33.26 33.58 34.11
 0.41  2.18  2.96  4.73  5.82  7.16  8.11  9.88 10.98 12.10 13.87 15.47 16.60 17.79 19.71 20.22 22.22 23.08 24.84 26.36 28.24 29.23 29.40 29.66 29.81 28.53 27.04 26.17 24.22 22.55
traj-186:
25.25 24.71 24.25 22.80 21.08 19.60 18.42 17.24 15.78 14.27 13.15 11.45  9.64  7.70  6.88  5.41
 0.67  2.29  3.69  4.89  4.50  4.57  4.68  4.78  4.81  5.90  6.83  7.67  7.66  7.55  7.68  7.70
traj-187:
24.27 24.28 24.30 24.34 24.26 24.40 24.47 23.85 23.61 23.39 23.71 24.39 24.68 24.08 23.84 22.83 20.90 19.75 18.12 16.43 14.60 13.49 11.86 10.24  8.87  7.60
 1.36  2.94  4.84  6.76  7.20  8.92  9.59 11.10 11.60 13.57 14.34 16.13 16.65 18.50 20.44 21.45 21.77 21.74 21.60 21.21 20.57 20.28 19.67 19.01 18.41 17.91
traj-188:
24.56 24.49 24.45 24.43 24.41 24.37 24.33 24.35 24.39 24.40 24.47 24.40 24.32 24.31 24.40 24.09 23.75 23.63 23.57 25.19 26.57 27.76 29.53 31.01 32.10 32.84 33.83 33.99
 0.60  1.74  2.63  4.15  5.10  6.93  8.92 10.32 12.18 14.05 16.01 17.04 18.56 19.48 21.02 22.87 24.69 25.72 27.14 28.25 29.05 29.11 29.21 29.31 28.37 27.88 26.99 26.73
traj-189:
24.44 23.32 23.02 21.27 20.11 18.33 16.58 15.98 14.69 13.20 12.60 10.96  9.23  7.55  6.06
 1.74  3.26  3.48  4.25  4.42  4.61  4.70  4.74  5.49  6.79  6.90  6.31  5.60  4.80  4.31
traj-190:
25.79 25.03 24.72 24.49 24.64 25.05 24.85 24.64 24.35 24.10 23.64 23.47 23.43 23.25 23.21 21.47 20.33 18.73 17.61 15.72 14.03 12.13 10.27  9.43  8.16
 1.78  2.85  4.47  5.56  6.44  8.07  9.25 10.47 12.31 13.03 14.84 15.58 17.52 18.88 20.59 21.35 21.57 21.83 21.77 21.18 20.76 20.40 19.88 19.70 19.44
traj-191:
23.68 23.86 23.98 24.05 24.09 24.13 24.20 24.27 24.33 24.35 24.48 24.52 24.61 24.72 24.76 24.82 24.85 24.87 24.89 24.93 25.55 26.91 28.09 29.57 30.45 32.07 32.27 32.56 32.78 32.96 33.21 33.60 33.81
 0.94  2.91  4.03  5.51  6.58  8.42  9.53 10.99 12.16 13.03 14.91 15.56 17.30 18.53 19.75 20.63 22.09 23.42 24.68 26.31 28.15 29.05 29.10 29.12 29.25 28.50 27.06 25.10 24.04 23.25 21.99 20.33 18.69
traj-192:
23.08 23.42 23.85 22.73 21.14 19.67 17.91 16.46 15.88 14.41 13.24 11.27 10.51
 0.69  1.88  3.25  4.31  4.41  4.56  4.73  4.64  4.61  5.68  6.83  6.55  6.88
traj-193:
24.84 24.23 23.86 23.70 23.89 23.98 23.78 24.27 24.56 24.92 25.01 24.47 24.12 24.01 23.37 23.20 23.16 23.13 21.18 19.66 18.99 17.22 16.94 15.65 14.21 13.51
 1.38  2.96  3.96  5.81  6.80  8.63  9.58 11.29 12.21 13.66 14.51 16.03 16.87 17.35 18.40 19.42 20.71 22.24 21.98 21.78 21.70 21.33 21.21 20.06 18.88 17.92
traj-194:
25.51 25.19 24.89 24.76 24.98 25.03 24.66 24.51 23.96 24.09 24.20 24.34 24.34 24.43 24.36 24.59 24.70 24.75 24.84 24.98 24.90 26.49 27.37 28.52 29.37 31.12 32.49 32.62
 0.75  1.53  3.42  5.31  7.25  8.61 10.26 10.79 12.17 13.68 15.02 16.71 17.52 19.19 19.78 21.35 22.87 24.20 26.00 26.58 28.25 29.01 29.15 29.38 29.54 29.74 28.90 27.77
traj-195:
25.73 25.33 24.41 23.58 22.23 21.06 19.89 18.70 17.81 16.34 15.16 13.63 12.86 11.74 10.38
 0.44  1.34  2.70  3.89  4.90  4.91  4.84  4.81  4.80  4.73  4.77  5.53  6.47  7.89  9.23
traj-196:
24.82 24.49 24.40 24.38 24.36 24.34 24.11 24.32 24.38 24.91 25.10 25.07 25.04 24.99 24.95 23.88 22.58 21.13 19.59 17.80 15.88 14.13 13.07 11.66 10.10  8.41  7.06
 0.76  1.54  3.25  5.21  5.43  7.24  8.21  9.56 11.39 13.16 14.26 15.45 17.18 19.02 20.09 21.73 21.93 21.98 21.87 21.93 21.52 21.21 20.98 20.71 20.37 20.09 19.90
traj-197:
24.43 24.47 24.23 24.12 24.32 24.28 24.32 24.21 24.34 24.40 24.29 24.81 24.83 24.72 25.19 25.38 25.49 25.36 25.31 25.16 25.46 26.79 28.55 30.31 32.04 32.30 32.62 32.80 33.07 33.35 33.43 33.69 34.12 34.38 34.63 34.85
 1.17  2.03  3.81  4.83  6.53  7.60  8.57 10.00 11.53 13.26 15.18 16.92 17.48 18.34 19.37 21.02 22.52 24.38 24.98 26.46 28.42 29.09 29.04 29.02 28.69 26.91 24.96 23.81 22.33 20.62 19.85 18.23 16.54 14.70 13.26 12.42
traj-198:
23.13 23.13 23.19 21.45 20.91 19.16 18.57 16.83 15.95 14.29 13.57 12.46 11.97
 1.85  2.15  3.94  4.57  4.63  4.76  4.72  4.70  4.86  5.86  6.79  7.91  8.47
traj-199:
25.57 25.02 24.66 24.19 23.54 23.41 23.79 24.05 24.05 23.97 24.16 24.25 24.91 23.64 21.73 20.93 19.43 17.72 15.87 15.40 13.43 11.84 10.20  8.22  7.23
 1.50  2.94  3.72  4.96  6.85  8.48 10.19 11.55 13.35 15.20 17.03 17.74 19.62 20.93 21.52 21.49 21.46 21.27 20.57 20.20 20.13 20.60 20.59 20.36 21.12
traj-200:
24.98 24.75 24.78 24.66 24.76 24.74 24.69 24.67 24.67 24.64 24.72 24.77 24.78 24.97 24.95 25.00 25.00 24.98 25.08 25.18 25.44 26.89 27.77 29.52 30.67 32.05 32.23 32.31 32.31 32.28 32.20 32.10
 0.97  2.52  4.20  4.94  6.47  7.68  8.81 10.56 12.38 13.62 15.33 16.87 17.49 19.36 21.06 22.96 24.22 25.81 27.19 28.88 29.02 29.07 29.15 29.29 29.46 28.79 27.07 26.08 24.69 23.09 21.55 20.42
traj-201:
24.58 23.49 23.44 22.22 20.55 19.98 18.54 16.79 15.91 14.71 13.95 12.36 11.13  9.71  9.09
 1.32  2.29  3.66  4.21  4.58  4.70  4.75  4.78  4.70  6.29  7.56  7.07  6.78  6.36  6.22
traj-202:
25.25 25.17 24.81 24.58 24.64 24.56 24.40 24.27 24.28 24.57 24.79 24.90 24.58 24.22 22.48 21.89 20.08 18.52 17.94 16.47 15.03 14.27 12.59 11.35  9.54  9.26  7.51
 0.80  1.39  3.34  4.97  6.97  8.95  9.44 11.33 13.30 14.67 16.33 18.08 19.62 21.12 22.05 22.05 21.72 21.50 21.37 21.04 21.07 20.99 20.71 20.77 21.23 21.34 22.13
traj-203:
24.46 24.47 24.49 24.60 24.53 24.54 24.58 24.74 25.07 25.02 24.92 24.96 24.99 24.99 25.14 24.88 25.05 25.08 25.26 25.56 26.70 27.58 29.05 30.21 32.16 32.43 32.86 33.29 33.38 33.57 33.85 33.93 33.96 34.07
 0.84  1.69  3.22  4.99  6.97  8.48 10.08 11.23 13.17 14.01 15.46 16.92 18.19 19.98 21.64 22.76 24.33 24.92 26.50 28.44 29.01 29.05 29.09 29.15 28.83 27.79 26.04 24.09 22.25 20.30 18.39 16.90 15.76 13.78
traj-204:
24.90 24.15 23.55 22.14 20.69 19.22 17.45 15.57 15.28 15.09 14.00 12.72
 0.45  1.17  2.92  4.22  4.30  4.34  4.27  4.51  4.59  4.82  5.35  5.99
traj-205:
23.65 23.93 24.13 24.37 24.62 24.40 24.17 24.04 24.63 24.22 24.03 23.56 23.23 21.41 19.95 18.80 17.41 15.69
 1.56  3.16  4.86  6.81  8.61 10.06 11.91 12.43 14.25 15.84 17.12 19.03 20.36 21.00 21.02 21.01 21.03 20.24
traj-206:
25.80 25.38 24.99 24.61 24.03 24.07 24.01 24.03 23.89 23.76 24.03 24.26 24.77 24.80 24.67 24.22 24.12 23.35 23.03 23.61 23.80 24.97 25.15 26.38 27.82 28.99 29.88 31.58 31.87
 0.56  1.49  2.51  4.42  6.15  6.76  8.67 10.55 11.80 13.64 14.35 15.92 17.12 18.99 19.63 21.53 21.94 23.52 23.76 25.65 26.50 28.08 28.32 29.01 29.04 29.08 29.08 29.22 29.25
traj-207:
24.98 24.14 22.81 20.93 20.06 18.30 17.70 16.25 15.65 13.99 12.91 10.92  9.78  7.94  6.94
 1.98  3.49  4.59  4.31  4.32  4.38  4.38  4.48  4.54  5.26  5.73  5.89  5.82  5.23  5.05
traj-208:
23.88 23.86 23.80 23.60 23.72 23.88 24.06 24.23 24.26 24.08 23.69 23.51 23.49 22.07 21.09 19.28 18.98 17.30 15.73 13.98 12.73 11.23  9.83
 1.86  3.52  4.83  6.80  8.10 10.05 11.67 13.47 15.01 15.77 17.42 18.68 20.26 21.27 21.50 21.47 21.48 21.06 20.05 19.56 19.93 20.39 20.71
traj-209:
23.88 23.88 23.94 24.32 24.36 24.34 24.59 24.67 24.79 24.93 24.93 24.85 24.90 24.84 25.04 25.08 25.12 24.46 24.35 24.47 25.78 26.94 28.40 30.18 31.24
 1.13  1.73  3.31  5.26  6.43  7.81  9.69 11.09 11.84 13.25 14.68 16.55 18.26 19.91 21.64 23.10 23.70 25.50 26.44 28.31 29.17 29.16 29.13 29.16 29.50
traj-210:
24.94 24.19 23.27 21.50 20.05 18.27 17.67 15.89 15.70 14.86 14.76 13.42 11.49 10.52  8.80  7.97  6.51  5.53
 1.46  2.49  3.78  4.64  4.91  4.88  4.86  4.78  5.01  5.57  5.85  7.33  7.35  7.21  7.79  7.87  6.64  5.79
traj-211:
25.76 24.32 23.98 23.69 24.17 24.53 24.21 23.98 23.99 23.63 23.60 23.57 23.58 23.48 23.86 23.97 22.36 22.07 20.33 18.38 17.52 15.68 13.73 11.82
 0.67  1.98  2.71  3.37  5.05  6.34  7.99  9.47 10.35 11.83 13.47 15.37 15.94 17.80 18.99 20.65 21.49 21.44 21.39 21.26 21.28 21.09 21.14 20.66
traj-212:
25.71 25.46 25.22 24.97 24.95 25.00 24.88 24.87 24.88 24.99 25.03 24.97 24.93 24.94 24.98 24.95 24.94 24.93 24.95 24.97 26.47 27.56 28.43 30.19 31.09 32.43 32.45 32.49 32.54 32.59 32.68 32.82 33.15 33.07 33.04
 1.05  1.99  3.72  5.65  7.60  9.08 10.16 11.45 12.60 14.43 15.51 16.98 18.06 20.01 21.08 22.46 23.30 24.63 26.47 27.94 29.12 29.34 29.47 29.68 29.74 28.42 27.73 25.99 25.53 23.81 22.03 20.27 18.60 16.68 16.09
traj-213:
23.53 23.09 22.09 20.34 18.85 17.65 16.18 14.25
 1.85  3.65  4.57  4.66  4.68  4.71  4.72  4.82
traj-214:
24.36 24.31 24.29 24.25 24.44 24.59 24.49 24.20 24.10 23.96 23.82 24.40 24.31 24.09 23.09 22.18 20.27 18.62 17.10 15.96 15.19
 1.39  2.61  3.88  5.03  6.44  7.61  8.96 10.80 11.63 12.80 14.49 16.38 18.34 19.50 20.92 21.68 21.30 21.40 21.57 22.01 22.19
traj-215:
23.62 23.51 23.36 23.31 23.36 23.41 23.62 23.76 23.68 23.72 23.73 23.78 23.94 23.93 24.05 24.14 24.23 24.38 24.44 24.58 24.64 25.99 27.14 28.29 29.72 30.32 31.95 32.28 32.51 32.71
 0.50  1.20  2.91  3.70  5.69  7.03  8.80  9.60 11.25 13.00 14.73 15.82 16.92 17.62 19.46 20.71 22.38 23.55 25.53 26.32 27.97 29.09 29.10 29.08 29.03 29.02 28.25 26.79 25.68 25.18
traj-216:
24.14 23.45 22.44 21.34 19.60 17.87 16.14 15.54 14.62 13.99
 1.79  3.54  4.38  4.48  4.63  4.73  4.76  4.80  5.29  4.13
traj-217:
25.32 24.65 25.06 24.67 24.58 24.58 24.64 24.59 24.28 24.24 24.39 24.40 24.37 23.71 23.42 22.14 21.02 19.12 18.60 18.42 16.56 16.38 14.52 12.71 11.45 10.01  8.64  7.22
 0.69  1.22  3.08  4.33  6.24  8.04  9.78 11.71 12.79 14.65 16.43 16.73 18.67 20.42 20.49 21.70 21.54 21.53 21.49 21.74 21.93 21.90 21.20 21.42 21.58 21.78 22.00 22.23
traj-218:
25.54 25.27 24.93 24.94 24.74 24.62 24.62 24.65 24.73 24.86 24.84 24.86 24.75 24.61 24.41 24.31 24.66 24.88 25.09 25.15 26.50 27.37 28.82 29.68 31.14 32.37 32.73 33.26 33.55 34.07 34.28
 0.76  2.42  3.96  5.25  6.89  8.80  9.13  9.86 11.39 12.81 14.69 16.34 18.06 19.85 21.40 22.98 24.91 26.20 28.00 28.53 29.21 29.19 29.18 29.15 29.11 28.14 26.33 24.82 24.24 22.64 21.19
traj-219:
23.76 23.75 23.19 23.05 21.29 20.13 19.26 17.54 15.78 14.42 12.67 11.42
 1.73  2.03  2.53  3.23  4.02  4.23  4.41  4.61  4.64  4.81  5.56  5.19
traj-220:
23.55 23.74 23.67 23.62 23.50 23.65 23.69 23.84 23.96 24.29 24.31 24.34 24.40 24.00 23.81 23.59 22.08 21.62 19.95 18.89 17.02 15.30 14.79 13.03 11.23  9.44  8.23  7.41  5.91
 1.90  2.65  4.26  5.33  6.71  8.59  8.89 10.65 11.46 12.95 14.81 15.28 16.07 17.42 19.32 20.09 21.31 21.49 21.75 21.88 21.72 21.43 21.16 20.71 20.62 20.30 20.19 20.39 21.61
traj-221:
24.96 25.18 25.14 25.03 24.89 24.86 24.71 24.67 24.95 24.88 24.86 24.86 24.90 24.88 24.90 24.92 24.89 24.85 26.46 28.19 29.89 31.07 32.05 32.10 32.47
 1.18  3.14  5.13  7.07  8.89  9.30 11.11 12.27 14.10 15.32 17.03 18.72 20.70 22.41 24.26 26.18 26.95 28.34 29.07 29.26 29.51 29.65 28.69 27.88 26.16
traj-222:
25.79 25.62 25.32 24.11 22.83 21.26 20.41 18.66 18.37 16.91 15.73 14.47 14.27 13.93 13.94 13.41
 0.46  1.53  2.58  4.04  5.00  4.24  4.37  4.54  4.59  4.84  4.90  6.17  6.73  8.43  8.93  9.20
traj-223:
25.29 24.47 23.81 23.81 23.63 23.57 23.93 24.32 24.80 24.80 24.82 24.72 24.89 24.53 23.45 22.92 21.17 19.23 17.48 16.03 15.30 13.54 12.74 10.97  9.40  8.09
 1.31  2.17  4.02  4.32  6.31  8.14  9.37 10.37 12.02 13.39 14.10 16.07 18.05 19.48 20.75 21.36 22.07 21.84 21.03 20.20 19.22 18.31 18.58 19.14 19.63 20.08
traj-224:
25.03 25.13 25.04 24.84 24.62 24.55 24.46 24.68 24.52 24.14 24.28 24.33 24.53 24.53 24.38 24.53 24.62 24.90 25.30 24.69 26.44 27.59 28.75 30.54 32.11 33.68 34.12
 1.05  1.80  3.75  5.48  7.05  7.94  9.07 11.05 11.98 13.59 15.19 16.31 18.09 19.14 20.72 22.21 23.15 24.97 26.40 28.23 29.08 29.13 29.09 29.04 28.62 27.90 28.57
traj-225:
23.03 23.26 23.37 22.11 21.27 19.92 19.25 17.31 15.88 13.98
 0.68  1.97  3.49  4.52  4.47  4.34  4.30  4.42  4.57  5.16
traj-226:
25.44 25.14 24.63 24.02 23.37 24.09 24.47 23.90 23.51 23.40 23.98 24.51 25.16 24.91 22.95 21.32 19.44 17.97 17.13 15.71 14.31
 1.64  2.70  4.59  6.44  8.18  9.76 11.27 13.07 14.94 15.51 17.35 18.77 20.62 22.55 22.45 21.86 21.55 21.46 21.42 21.28 21.13
traj-227:
25.22 24.92 24.95 24.97 24.74 24.56 24.58 24.64 24.67 24.85 24.99 25.03 24.98 25.00 24.68 24.62 24.54 24.68 24.97 25.05 25.15 26.11 26.41 28.17 28.75 30.21 31.97 33.40 33.15 33.24 33.33 33.38 33.41 33.53 33.60 33.72 33.84 33.89 33.93
 0.55  2.17  3.10  4.41  5.99  7.48  8.80 10.58 12.13 13.80 15.27 16.30 17.77 19.52 21.46 22.08 22.98 24.63 25.89 26.75 28.44 29.03 29.01 29.13 29.13 29.09 29.11 27.91 26.15 24.26 23.15 21.58 21.11 19.15 18.29 17.14 15.67 14.49 13.29
traj-228:
25.71 24.59 24.42 23.36 23.19 21.41 20.53 19.36 17.60 15.84 14.55 13.92 12.24 11.31  9.89
 0.45  1.88  2.12  3.72  3.97  4.75  4.84  4.76  4.77  4.85  5.52  6.82  7.46  7.61  7.91
traj-229:
25.56 25.38 25.06 25.04 25.09 25.08 25.05 25.07 25.04 25.02 24.69 24.69 24.37 23.08 21.15 20.12 18.51 17.42 15.90 14.14 13.69 12.12 10.44  8.59  7.03  5.11  4.45
 1.49  2.29  4.02  5.80  7.57  8.16 10.11 11.83 13.57 15.29 17.05 18.45 19.70 21.08 21.55 21.62 21.55 21.05 20.37 19.61 19.53 18.97 18.40 18.49 18.11 17.56 17.27
traj-230:
24.31 24.33 24.36 24.43 24.51 24.52 24.59 24.65 24.81 24.79 25.00 25.01 25.07 25.04 25.04 25.12 25.12 25.12 25.16 25.53 26.03 27.18 28.62 30.36 31.22 32.31 32.40 32.54 32.66 32.74 32.80 32.92 33.00 32.99 33.04 33.19
 0.92  2.55  3.93  5.28  6.30  8.24 10.23 11.59 13.53 14.88 15.58 17.54 18.70 20.17 21.36 22.88 23.74 25.49 26.90 28.73 29.05 29.12 29.22 29.34 29.42 28.38 27.50 26.01 24.15 22.85 21.54 19.77 17.97 16.03 14.89 13.46
traj-231:
24.96 24.45 23.96 22.59 21.70 19.95 18.23 16.44 15.52 13.86
 1.49  2.21  3.47  4.80  4.81  4.79  4.84  4.86  4.83  5.61
traj-232:
25.57 25.24 24.52 24.11 23.62 23.58 23.78 23.78 24.04 24.34 24.69 24.83 24.15 23.44 23.05 22.64 20.77 19.72 18.31 16.37 15.17 14.10 12.41 10.76  9.07  7.29  5.93  4.45
 1.50  2.57  4.24  5.85  7.55  8.22  9.53 10.68 11.53 12.67 14.62 15.86 17.41 19.12 20.25 21.73 22.04 22.08 22.04 21.95 21.54 21.22 20.80 20.49 20.10 20.43 20.64 20.89
traj-233:
24.65 24.59 24.50 24.63 24.68 24.67 24.68 24.78 24.76 24.82 24.84 24.89 24.96 24.96 24.98 24.98 24.94 24.95 24.93 25.00 24.94 25.23 26.41 28.24 29.70 30.44 32.20 32.23 32.31 32.54 32.58
 0.64  1.42  3.30  5.04  6.90  8.82 10.76 12.39 13.50 15.14 16.43 17.77 18.56 20.18 21.29 21.66 22.73 24.69 26.10 27.14 28.95 29.03 29.04 29.16 29.10 29.00 28.30 26.52 24.90 23.02 22.35
traj-234:
23.65 23.41 23.17 21.61 20.47 19.30 17.53 16.94 14.96 13.24 11.76 10.38
 1.88  2.88  4.37  4.86  4.87  4.89  4.89  4.93  5.00  5.58  5.65  5.74
traj-235:
23.82 24.11 24.27 24.50 24.25 24.06 23.68 23.84 24.39 25.05 25.14 25.03 24.70 24.31 23.79 22.44 20.46 20.16 18.25 17.41 15.82
 1.01  2.97  4.33  6.26  7.66  8.33  9.33 11.02 12.33 14.13 15.31 16.48 18.19 19.42 20.39 21.57 21.68 21.74 21.95 22.16 22.65
traj-236:
23.41 23.51 23.75 23.83 23.88 24.11 24.13 24.39 24.55 24.75 24.84 25.04 25.03 24.96 24.99 25.03 24.93 24.81 24.89 25.69 25.74 26.87 27.17 28.91 30.40 32.31 32.75 33.14 33.59 34.24 34.44 34.70 34.76 34.83
 1.10  3.09  4.93  6.39  7.38  9.25  9.55 11.40 13.27 14.83 15.89 17.12 19.08 21.05 21.68 22.25 23.84 25.00 26.51 28.22 28.52 29.21 29.24 29.25 29.27 28.76 27.10 25.30 24.26 23.16 24.33 26.10 27.00 28.18
traj-237:
25.22 25.05 24.84 23.30 22.62 22.32 20.33 18.58 17.69 15.90 14.57 13.58 12.17 10.38
 1.29  2.80  3.61  4.58  4.97  4.96  4.86  4.83  4.82  4.89  5.85  6.92  7.23  6.95
traj-238:
23.10 23.44 23.94 24.22 24.40 24.54 24.84 25.15 24.33 23.78 23.65 23.59 23.27 23.18 23.37 21.86 20.97 19.27 18.41 16.67 15.22 13.37 12.16 10.85 10.12
 1.02  2.11  3.97  5.86  7.45  8.65 10.28 12.24 13.99 15.39 17.32 18.28 19.84 20.28 22.06 22.06 22.06 22.07 22.09 22.09 21.85 21.51 21.80 22.05 22.16
traj-239:
25.22 24.97 24.88 24.72 24.70 24.58 24.58 24.56 24.61 24.49 24.55 24.63 24.60 24.65 24.56 24.60 24.91 25.05 24.97 25.22 25.72 27.18 27.74 29.50 30.09 31.88 32.58 33.17 33.19 33.01 32.86 32.87
 1.17  2.35  3.49  5.03  5.67  7.66  9.53 11.12 11.94 13.72 14.61 16.58 18.04 19.66 21.42 22.05 23.98 25.84 27.79 28.82 29.25 29.49 29.55 29.66 29.66 28.79 27.27 26.08 24.29 22.64 21.04 19.39
traj-240:
23.06 23.17 23.20 21.55 20.73 18.96 17.51 16.36 15.51 14.64
 1.14  2.74  3.83  4.61  4.56  4.63  4.73  4.80  4.94  5.56
traj-241:
23.26 23.47 23.98 23.85 23.56 23.33 23.65 23.85 23.62 23.60 23.98 23.97 23.74 23.40 22.12 20.35 19.73 17.87 17.29 15.71 14.66 12.95 11.03  9.38  9.10
 1.57  2.13  3.92  5.54  7.46  9.44 11.28 12.76 14.46 16.27 17.03 18.92 19.12 20.24 21.40 21.68 21.62 21.43 21.33 20.92 20.64 20.38 19.88 19.40 19.31
traj-242:
24.54 24.71 24.70 24.74 24.78 24.83 24.87 24.72 24.60 24.46 24.11 23.86 23.96 24.13 24.44 24.49 24.38 24.36 24.53 24.82 24.83 25.68 26.84 28.59 30.33 31.19 32.61 32.61 32.70 32.77
 1.91  3.09  4.02  5.24  6.46  8.32  8.87 10.63 11.39 12.48 13.95 15.31 16.97 18.77 20.63 22.60 23.99 24.52 26.35 27.94 28.77 29.22 29.18 29.15 29.33 29.40 28.23 26.72 26.08 24.21
traj-243:
25.49 24.15 23.20 22.88 21.28 19.53 18.06 16.62 15.74 14.40 12.82 10.87 10.57  8.87  7.76  6.56
 1.22  2.56  3.47  4.94  4.27  4.48  4.60  4.73  4.74  5.61  6.49  6.84  6.90  6.82  5.58  4.07
traj-244:
24.67 25.02 25.08 25.01 24.90 24.74 24.52 24.70 24.80 24.91 25.02 24.48 24.22 23.70 23.52 22.59 20.81 19.26 17.41 17.12 15.43 13.90 11.93 11.63
 0.92  2.87  3.17  5.16  6.54  8.39 10.35 11.74 13.04 14.35 15.18 17.09 17.91 19.57 20.14 21.28 21.31 21.24 21.13 21.09 20.37 20.20 20.56 20.59
traj-245:
25.06 25.38 25.59 25.66 25.31 25.16 24.96 24.92 25.00 25.05 25.13 25.15 25.18 25.13 25.06 24.98 24.88 24.76 24.81 24.81 25.13 26.23 27.10 28.53 30.00 31.45 33.05 32.99 33.02 32.84 32.68 32.68 32.66 32.75 32.75 32.72 32.59 32.52
 0.41  1.88  3.33  4.22  5.90  6.45  8.23  9.33 10.76 11.89 13.64 15.33 16.94 18.70 19.62 21.08 21.80 23.56 25.24 26.54 28.44 29.21 29.38 29.62 29.77 29.90 29.28 27.41 26.44 24.54 23.08 21.78 20.69 18.76 17.93 16.70 14.86 14.14
traj-246:
23.00 23.00 21.27 20.21 18.42 16.94 15.32 13.75 12.74 11.05  9.69  8.22  6.68
 1.90  3.62  4.31  4.40  4.47  4.55  4.80  5.33  5.95  6.76  7.42  8.14  8.98
traj-247:
24.64 24.33 24.24 24.06 23.91 23.61 23.60 23.79 23.99 24.16 24.30 24.56 24.28 23.30 23.09 21.97 20.03 18.11 16.27 15.31 13.70 11.81  9.82  8.27
 1.23  2.64  3.36  5.05  6.18  7.65  8.75 10.71 12.21 13.37 15.04 16.87 18.34 19.86 20.30 21.66 21.92 21.70 21.12 19.88 18.76 18.98 19.15 20.01
traj-248:
25.73 25.64 25.28 25.01 24.88 24.69 24.70 24.84 24.89 24.93 24.98 25.11 25.11 25.09 25.06 25.02 25.10 25.12 25.16 25.26 25.77 27.25 28.97 30.14 32.02 33.33 33.84 34.61 34.75
 1.42  2.24  4.13  5.85  7.29  9.24 11.10 12.82 14.26 16.23 17.20 18.90 19.39 21.10 22.82 23.11 24.99 25.59 27.40 28.83 29.14 29.15 29.16 29.12 28.55 27.45 27.05 28.10 27.93
traj-249:
24.98 24.12 23.22 22.02 20.23 19.64 17.90 16.44 15.69 14.14 13.62 12.60 11.19 10.16  8.79  7.07
 1.96  2.75  3.60  4.80  4.85  4.86  4.84  4.90  4.90  5.95  6.74  7.62  8.89  9.11  9.30  9.51
traj-250:
25.14 24.95 24.70 25.12 24.84 24.63 24.98 24.99 25.01 24.90 24.94 24.90 24.91 24.38 23.87 22.39 20.74 20.07 18.48 17.93 16.18 15.13
 0.67  1.87  3.53  5.29  6.13  8.06  9.53 10.13 11.86 13.67 15.47 17.25 18.35 20.08 20.62 21.96 21.89 21.78 21.52 21.47 21.17 20.85
traj-251:
24.46 24.36 24.32 24.24 24.13 23.90 23.82 23.77 23.85 23.83 24.07 23.99 23.99 24.04 24.08 24.23 24.57 24.62 24.82 24.95 25.21 26.76 27.95 29.71 31.49 33.06 33.51 33.82
 0.60  2.34  3.08  4.96  6.12  7.84  8.61 10.28 11.48 13.45 15.34 16.22 17.12 17.85 19.85 20.51 22.27 24.04 25.56 26.59 28.18 29.10 29.09 29.08 29.15 27.99 26.18 25.20
traj-252:
25.70 24.31 23.31 21.65 19.89 18.41 16.97 15.50 13.88 12.89 11.03
 1.00  2.28  3.47  4.20  4.28  4.34  4.39  4.48  5.13  5.51  5.27
traj-253:
23.29 23.57 23.57 23.65 23.61 23.43 23.52 23.71 23.56 23.30 23.43 23.54 23.78 23.48 23.31 22.25 21.25 19.34 17.39 16.26 15.17 13.58 11.97 11.43  9.59  7.92  5.99
 1.49  2.33  3.79  4.94  6.01  7.75  9.65 10.52 12.09 13.87 14.76 16.08 17.57 18.85 20.04 21.12 21.59 21.43 21.52 21.62 21.75 22.16 22.43 22.55 23.14 23.38 23.72
traj-254:
23.78 23.68 23.59 23.71 23.70 23.81 23.91 24.00 24.30 24.45 24.67 24.78 24.93 25.07 25.09 25.08 25.01 24.97 24.95 24.91 25.08 25.15 26.48 27.61 28.49 30.23 31.92 32.04 32.72 33.00 32.99 32.91 32.56 32.53 32.70 32.76 32.84 32.93 33.01
 0.73  1.92  2.73  4.04  4.90  6.65  8.15  9.65 11.48 12.76 14.47 15.79 16.69 18.49 19.48 20.63 22.38 23.56 24.41 26.07 27.99 28.28 29.03 29.17 29.30 29.35 29.13 27.37 26.78 24.98 23.17 22.83 21.14 19.34 17.84 16.51 14.69 13.73 12.37
traj-255:
24.10 23.09 21.43 20.25 19.36 17.69 16.97 15.25 13.95 12.96
 1.89  3.55  4.33  4.40  4.46  4.51  4.60  4.88  5.45  6.03
traj-256:
23.90 23.85 24.02 24.03 24.18 24.37 24.18 24.14 24.62 24.88 24.34 23.69 23.41 22.48 20.60 18.62 17.64 15.96 14.53 13.36
 1.35  2.04  3.86  4.92  6.72  8.44 10.42 12.35 14.20 15.97 17.43 19.26 20.05 21.24 21.54 21.70 21.90 22.35 22.95 23.04
traj-257:
24.21 24.21 24.05 24.07 24.04 24.27 24.60 24.68 24.82 24.91 25.13 25.11 24.97 24.78 24.94 25.00 24.90 24.76 24.54 25.93 27.10 28.84 30.59 31.17 32.53 32.91 32.88 32.96 33.12 33.48 33.72 33.91
 0.52  2.11  3.93  5.72  7.26  9.14 11.07 12.78 13.11 14.13 16.03 17.95 19.51 21.23 22.65 23.24 24.89 26.55 27.87 29.08 29.09 29.22 29.30 29.29 28.75 26.82 25.48 23.65 21.95 20.59 19.45 18.29
traj-258:
23.94 23.71 23.50 23.16 21.29 20.13 18.67 17.20 15.45 14.28 13.94 12.92 11.38  9.69  8.14
 1.86  2.90  4.00  4.12  4.25  4.38  4.49  4.65  4.75  6.12  6.89  7.74  8.86  8.78  8.70
traj-259:
24.76 24.41 24.20 23.96 23.92 24.06 24.06 24.37 24.55 24.71 24.60 24.51 24.20 23.92 21.95 21.78 19.88 17.90 17.22 15.58 13.88 12.63 11.75
 1.95  3.29  4.74  6.69  8.18  9.88 10.51 12.31 14.25 15.22 16.28 17.72 19.05 20.83 21.01 21.26 21.38 21.11 21.04 20.48 20.01 19.92 19.79
traj-260:
24.13 23.79 23.63 23.41 23.39 23.46 23.37 23.91 24.47 24.84 24.65 24.41 24.37 24.08 23.98 23.84 24.06 24.22 24.62 24.24 23.83 24.89 26.69 28.44 29.32 31.07 32.43 32.79 32.75
 0.74  2.58  3.42  5.30  6.13  7.72  9.12 10.16 11.10 12.07 13.16 14.80 15.47 17.05 18.52 20.46 21.31 22.06 23.97 24.88 26.68 28.18 29.01 29.07 29.10 29.14 27.83 26.16 24.64
traj-261:
24.77 24.67 23.20 21.53 20.96 19.21 18.61 17.13 15.65 14.66 13.96 12.42
 1.77  2.66  3.96  4.69  4.75  4.88  4.90  4.95  4.97  5.68  6.24  6.31
traj-262:
24.35 24.16 24.47 25.15 25.16 25.10 25.05 25.01 25.14 25.24 25.22 25.15 24.77 24.83 23.92 22.19 20.22 18.56 16.57 14.81 13.29
 0.79  2.08  3.92  5.79  6.68  8.12  9.23 10.87 11.45 13.21 14.10 16.03 17.96 19.90 21.56 22.11 21.98 21.89 21.84 21.80 21.77
traj-263:
24.38 24.11 23.86 23.85 23.89 23.85 23.78 23.74 23.66 23.84 24.05 24.37 24.56 24.67 24.86 25.15 25.11 24.68 25.22 26.59 27.45 29.21 30.65 32.12 33.45 34.14
 1.97  3.83  5.45  7.08  8.59  9.68 11.39 13.06 14.45 16.18 16.94 18.31 19.59 21.41 22.17 23.96 24.54 26.43 28.19 29.02 29.03 29.15 29.27 29.26 28.03 27.06
traj-264:
24.57 24.61 24.15 23.92 22.56 20.76 20.47 18.69 17.55 16.08 15.05 14.09 13.21 12.40
 0.44  0.90  2.84  3.15  4.50  4.15  4.20  4.41  4.48  4.62  4.78  5.31  6.73  8.07
traj-265:
25.12 25.07 24.81 24.68 24.40 24.26 23.77 23.78 23.50 23.66 24.13 24.65 24.95 24.68 24.41 23.61 22.51 21.09 19.34 18.21 16.62 15.34
 1.03  1.62  3.27  4.11  5.74  6.44  8.31  8.72  9.86 11.83 13.48 15.33 16.39 18.24 18.92 20.05 21.47 21.58 21.36 21.19 20.27 19.16
traj-266:
23.70 23.63 23.56 23.51 23.46 23.47 23.58 23.70 23.62 23.64 23.58 23.58 23.54 23.55 23.71 23.83 24.11 24.12 24.40 24.44 26.15 27.81 28.11 29.56 31.02 32.66 32.63 32.53 32.61 32.68 32.77 32.91 33.02 33.19 33.46
 1.01  2.86  4.33  5.29  7.25  8.11  9.44 11.35 13.10 13.70 15.42 16.54 16.84 18.75 20.67 22.17 24.02 25.53 27.34 28.39 29.22 29.56 29.62 29.86 29.87 29.30 27.50 25.54 24.75 23.00 21.17 19.79 18.52 16.73 15.17
traj-267:
24.55 24.30 23.53 23.37 21.62 19.86 18.13 16.36 14.45 13.02 11.38 10.05  8.28  7.87  6.37
 1.13  1.61  3.18  3.68  4.23  4.25  4.32  4.35  4.43  4.46  4.63  4.95  5.22  5.38  5.85
traj-268:
23.88 23.96 23.86 23.88 23.91 23.89 23.78 23.66 24.24 24.31 24.24 24.14 23.75 23.56 21.82 20.27 18.86 17.02 16.73 15.02 14.76
 0.97  2.36  4.08  5.19  6.49  8.46  9.98 11.77 13.56 13.86 15.77 17.04 18.72 20.45 21.09 22.08 21.90 21.47 21.37 22.05 21.89
traj-269:
23.05 23.84 24.45 25.14 25.03 24.83 24.89 24.82 24.70 24.69 24.71 24.51 24.32 24.58 24.83 24.91 24.94 24.94 24.92 24.93 26.59 28.33 29.78 30.38 32.15 33.16
 1.05  1.84  3.51  5.21  6.91  8.48  9.08 10.99 12.62 14.05 15.78 16.81 18.56 19.67 21.50 22.24 23.95 25.27 26.95 28.29 29.03 29.11 29.15 29.18 28.64 28.14
traj-270:
23.81 23.81 22.23 21.37 19.62 17.85 16.95 15.61 13.74 12.46
 1.94  3.79  4.88  4.85  4.90  4.88  4.86  4.88  5.46  5.56
traj-271:
25.51 25.22 24.44 24.30 24.40 24.73 24.14 23.63 23.37 23.57 23.84 24.07 24.41 24.54 23.67 21.91 20.75 19.01 17.28 15.62 14.09 12.25 11.69  9.79
 1.14  1.85  2.90  4.60  6.31  7.97  9.79 11.28 12.98 14.28 16.24 17.50 19.43 20.28 21.96 22.18 22.25 22.29 22.36 22.36 22.38 22.37 22.37 22.56
traj-272:
25.22 24.84 24.82 24.88 24.79 24.74 24.87 24.76 24.77 24.85 24.87 25.12 25.17 25.21 25.17 25.07 24.96 24.87 26.71 27.58 29.04 30.21 32.00 33.06 33.26 33.65 33.79 33.87 33.77 33.87 33.78 33.97 34.19 34.41
 1.34  2.57  4.46  6.11  7.92  9.91 11.70 13.29 15.13 16.97 17.65 19.41 20.82 22.78 23.75 25.47 27.34 28.24 29.01 29.02 29.10 29.18 29.04 28.13 26.30 24.53 23.66 22.26 20.81 19.36 17.69 16.20 14.21 12.43
traj-273:
25.68 24.93 23.75 22.26 21.96 20.18 19.29 17.54 15.80 14.33 13.30 12.17 11.57 10.29  8.65
 1.61  2.46  3.59  4.87  4.92  4.87  4.85  4.85  4.90  5.84  6.81  7.95  8.41  9.16  9.66
traj-274:
24.06 23.72 23.72 23.70 24.03 23.68 23.56 23.26 23.37 23.40 23.40 23.56 23.33 23.24 23.01 22.45 20.62 18.81 17.16 16.00 15.11 13.54 12.13 11.07  9.87  8.11  6.80  5.66  4.45
 1.02  2.93  3.71  5.56  6.35  8.13  8.91 10.86 12.45 13.40 14.69 16.49 17.78 19.24 19.43 21.27 21.12 21.24 21.01 20.07 19.52 19.61 19.86 20.01 20.17 20.44 20.54 20.69 20.86
traj-275:
25.59 24.99 24.38 23.72 23.72 24.19 24.30 24.40 24.35 24.30 24.30 24.30 24.06 24.11 24.12 24.20 24.23 24.58 24.68 24.98 24.61 25.39 26.33 28.27 29.72 30.88 32.62
 1.40  2.40  3.39  5.09  5.31  7.02  7.60  9.19  9.70 11.46 12.79 14.19 16.00 17.96 18.35 20.34 21.92 23.63 24.48 25.54 27.40 28.49 29.04 29.13 29.12 29.13 30.00
traj-276:
25.72 24.73 23.30 22.33 20.87 19.99 18.52 17.63 15.90 14.65 13.75 12.03 10.17
 0.87  1.83  3.21  4.12  4.33  4.41  4.57  4.71  4.96  6.31  7.34  7.68  7.95
traj-277:
23.10 23.28 23.68 24.00 24.30 24.50 24.68 24.64 24.61 24.54 24.64 24.78 24.82 24.97 24.98 24.92 23.39 21.97 20.24 18.42 16.51 15.23 13.39 12.34 11.05  9.48  7.70
 1.24  1.47  3.31  4.45  5.43  6.97  8.24 10.12 11.71 13.60 14.88 16.15 16.75 18.23 19.96 20.25 21.37 21.68 21.73 21.74 21.36 19.84 19.52 19.36 19.38 19.59 20.12
traj-278:
23.45 23.51 23.66 23.79 23.89 23.91 24.16 24.53 24.80 25.02 25.11 25.16 25.13 25.14 25.13 25.18 25.21 25.22 25.35 25.55 26.31 27.46 28.62 30.35 31.22 32.80 33.24 33.90 34.31 34.41 34.57 34.80
 1.80  2.27  4.12  5.04  6.94  8.64 10.55 12.33 13.65 14.98 16.65 18.12 19.85 21.72 22.77 24.47 25.66 26.51 27.87 28.69 29.15 29.36 29.61 29.69 29.78 28.57 27.11 25.25 23.55 22.78 21.50 19.73
traj-279:
24.01 23.59 22.87 21.04 20.74 19.01 17.25 15.76 14.57 13.45 12.38 10.87  9.59  8.15  7.85
 0.50  2.12  3.83  4.55  4.59  4.73  4.84  4.83  6.23  7.58  8.50  8.57  8.22  7.21  7.23
traj-280:
24.32 24.38 24.43 24.23 24.07 24.10 24.08 23.99 23.78 23.50 23.36 23.44 23.99 24.34 24.67 23.82 22.52 20.79 20.17 18.70 16.78 15.17 13.64
 1.04  2.16  3.04  4.59  6.46  7.24  9.17 10.47 11.50 13.19 14.86 15.79 16.87 17.91 19.51 21.02 22.08 21.81 21.81 21.90 21.86 22.27 22.91
traj-281:
24.97 24.44 24.19 23.65 23.63 23.76 23.82 23.96 24.07 23.63 23.42 23.60 23.79 24.19 24.28 24.41 24.47 24.56 24.76 24.93 25.23 26.33 27.49 29.23 30.10 31.54 32.85 33.30 33.80 34.38 34.50 34.95
 0.85  1.94  2.38  4.27  5.67  7.41  8.27  9.75 11.31 12.81 14.40 15.25 16.62 17.94 19.62 21.09 23.01 24.45 25.83 27.68 28.30 29.02 29.21 29.26 29.18 29.15 27.92 26.33 24.90 23.03 22.76 21.09
traj-282:
23.21 23.26 23.47 22.62 20.80 19.04 18.58 16.67 15.22 14.91 14.62 12.83 12.27
 1.94  2.46  3.98  4.51  4.33  4.32  4.33  4.37  4.44  4.77  4.86  5.18  5.37
traj-283:
23.99 23.72 23.37 23.12 23.02 23.57 23.58 23.77 24.09 24.42 25.14 25.14 25.10 24.85 24.56 22.87 22.32 20.61 19.04 17.08 15.16 14.17 12.67 11.30
 1.23  2.66  2.95  4.51  5.28  7.10  8.38 10.17 11.99 12.72 14.51 15.41 16.88 18.59 20.18 21.08 21.67 21.51 21.40 21.19 21.03 20.82 20.71 20.52
traj-284:
24.94 24.88 24.84 24.87 24.86 24.81 24.65 24.56 24.75 24.77 24.66 24.77 24.41 24.45 24.83 25.00 25.18 25.00 24.80 25.55 26.82 28.29 29.72 30.57 32.18 32.49 32.74 32.96 33.15 33.42
 0.60  2.40  2.74  4.50  5.87  7.05  8.18  9.78 11.56 13.42 14.48 16.10 17.74 18.38 19.90 21.87 23.46 24.79 26.67 28.33 29.05 29.11 29.35 29.50 28.72 27.19 25.39 23.40 21.51 19.65
traj-285:
25.41 24.46 23.64 22.31 21.74 19.99 18.80 17.09 15.14 14.20 12.64 11.36  9.83  8.58  7.26
 0.74  2.29  3.35  4.13  4.14  4.23  4.29  4.40  4.71  5.26  6.26  6.97  6.38  5.64  5.10
traj-286:
23.44 23.80 24.05 24.30 24.68 25.00 25.22 25.11 24.31 24.51 24.89 24.74 24.66 24.55 23.07 21.14 19.73 18.10 16.71 15.01 13.43 12.58 11.15 10.81  9.30  9.05
 0.45  2.30  4.05  5.68  7.03  8.19  9.31 11.28 12.77 14.74 15.66 17.63 19.21 21.13 22.20 21.89 21.69 21.54 21.24 20.68 20.75 20.75 21.49 21.89 22.80 22.97
traj-287:
24.76 24.46 23.87 23.59 23.60 23.37 23.76 24.12 24.52 25.14 25.03 24.94 24.86 24.75 24.66 24.51 24.31 24.09 23.93 24.92 26.77 28.52 29.12 30.85 32.03 32.09 32.15
 1.19  1.70  3.10  3.92  5.36  7.20  8.93  9.72 11.46 13.34 14.83 16.18 17.37 18.80 19.89 21.84 23.59 25.45 27.06 28.33 29.04 29.19 29.20 29.18 29.10 27.53 26.27
traj-288:
25.11 23.87 23.16 21.38 19.66 18.20 16.42 15.82 14.54 13.93 12.79 11.64  9.96  8.98  8.36  7.58  6.89
 1.50  2.99  3.59  4.42  4.50  4.58  4.64  4.69  5.63  6.97  8.43  8.97  8.32  7.48  6.66  5.58  4.39
traj-289:
23.06 23.44 23.79 24.07 24.35 24.81 24.70 24.42 24.37 24.11 23.65 23.66 24.43 24.75 24.99 25.18 25.20 24.22 22.64 21.03 19.09 17.10 15.18 14.10 13.05
 1.70  3.45  4.70  6.34  7.62  8.56  9.93 11.61 12.19 14.01 14.38 16.29 17.99 18.44 18.62 18.86 20.68 22.12 22.01 21.95 22.06 22.11 22.10 22.25 22.43
traj-290:
24.81 24.39 24.45 24.45 24.40 24.41 24.35 24.50 24.56 24.70 24.75 24.66 24.59 24.67 24.51 24.55 24.61 24.78 25.00 25.28 26.83 27.12 28.54 30.30 31.19 32.23 33.20 34.09 34.21
 0.51  1.75  2.69  4.66  6.20  7.86  8.75 10.68 12.24 14.22 16.04 18.04 19.55 20.84 22.75 24.63 24.92 25.95 27.26 28.32 29.15 29.22 29.50 29.73 29.81 28.80 27.09 25.52 24.05
traj-291:
24.74 24.54 23.59 22.17 20.69 18.92 16.97 15.26 14.52 13.16 11.62
 1.44  1.67  3.23  4.40  4.46  4.55  4.66  4.82  5.24  5.97  7.08
traj-292:
25.19 25.15 25.01 24.99 24.92 24.66 24.74 24.69 24.58 24.59 24.62 24.56 24.29 23.95 22.21 21.64 19.82 18.86 17.79 16.31 16.07 14.57 13.05 11.32 11.02
 1.49  3.29  5.20  5.50  7.24  8.82  9.81 11.76 13.35 14.62 16.25 18.20 19.15 20.33 21.13 21.32 21.49 21.56 21.38 20.34 20.16 19.16 18.83 18.38 18.42
traj-293:
25.15 24.93 24.82 24.97 25.07 25.11 25.05 25.01 24.93 24.98 24.70 24.68 24.68 24.72 24.76 24.91 24.99 25.60 26.71 27.30 29.08 30.82 31.41 32.78
 1.99  3.96  5.61  7.59  9.13 10.90 11.99 12.98 14.78 16.44 18.35 20.30 21.68 22.82 24.81 25.80 26.97 28.37 29.10 29.08 29.12 29.14 29.14 27.82
traj-294:
24.77 24.55 23.73 22.30 21.13 19.38 17.62 17.32 15.58 13.72 12.40 10.53  9.14  7.40  5.55
 1.44  1.64  2.83  4.15  4.29  4.52  4.53  4.51  4.73  5.34  6.51  7.01  6.46  5.79  5.17
traj-295:
25.75 25.00 24.26 23.63 23.63 23.53 23.63 23.94 24.18 24.39 24.81 24.94 24.94 24.87 24.34 23.06 21.10 19.40 17.63 15.81 14.40 12.59 11.57
 0.52  1.22  2.89  4.31  5.01  6.60  7.42  9.04 10.61 12.29 13.91 15.43 16.37 18.22 20.09 21.51 21.82 21.70 21.03 20.29 19.36 19.85 20.23
traj-296:
25.79 24.99 24.88 24.85 24.81 24.77 24.81 24.77 24.81 24.86 24.72 24.77 25.01 25.13 25.05 25.10 24.90 25.02 25.03 25.60 25.99 26.44 27.02 28.17 29.35 31.10 32.45 32.47 32.48 32.46 32.45 32.48 32.32 32.25 32.14 32.16 32.14 32.11
 1.74  3.14  4.38  5.17  6.78  8.05  9.36 11.28 13.14 14.98 16.24 17.36 18.93 19.43 21.42 22.79 24.71 25.69 27.21 28.54 28.96 29.23 29.35 29.54 29.73 29.97 28.71 28.41 26.59 24.63 23.13 21.62 19.71 18.36 16.77 15.21 13.84 13.06
traj-297:
25.21 24.70 23.45 22.21 20.49 18.74 17.29 15.41 14.18 12.69 11.50  9.86  8.19  7.53
 1.92  2.29  3.15  4.00  4.21  4.37  4.40  4.70  4.91  5.25  5.66  6.55  7.51  7.80
traj-298:
25.16 24.85 24.03 24.62 23.91 24.11 24.32 24.48 24.53 24.79 24.87 24.87 24.89 24.02 22.60 22.12 20.47 19.39 17.45 15.74 14.58 12.96 12.05 10.24  8.84
 1.95  2.45  3.90  5.50  6.66  7.85  9.67 11.44 13.06 14.79 15.38 17.14 18.33 19.69 21.09 21.39 22.23 22.52 22.41 21.94 21.64 21.23 20.98 20.50 20.20
traj-299:
25.48 25.14 25.07 24.99 24.99 25.01 25.05 25.06 25.11 25.08 24.98 25.08 25.13 25.21 25.11 25.04 25.10 25.15 24.98 25.38 25.39 25.66 25.91 27.09 28.25 29.99 30.28 31.99 32.66 32.77 32.89 33.00 33.08 33.06 33.28 33.39 33.65 33.86
 1.48  2.29  4.14  6.12  7.06  8.41  9.50 11.44 12.00 13.73 14.75 16.73 17.91 18.79 20.39 21.79 23.46 23.99 25.86 27.57 28.10 28.99 29.14 29.14 29.17 29.32 29.39 28.75 27.34 26.00 24.91 22.94 22.09 20.88 19.46 17.76 16.50 14.73
