traj-0:
34.88 33.41 31.96 30.31 30.15 29.69 28.70 28.44 28.39 28.56 28.50 28.61 29.03 28.97 28.07 26.96 25.50 23.65 21.81 20.72 19.37 18.43 16.99 15.25 13.80 12.06 10.51 10.03  8.69  7.10
22.99 22.85 22.79 21.82 21.24 19.47 18.13 16.88 15.67 13.97 13.43 11.51  9.68  7.72  5.95  5.54  5.20  4.85  4.78  4.74  4.87  5.04  5.31  5.44  5.51  5.74  6.54  6.91  7.89  6.74
traj-1:
35.57 33.72 33.08 31.11 29.68 28.44 27.13 26.13 24.38 22.47 21.50 20.93 19.39 17.64 15.82 14.85
21.72 21.63 21.64 21.43 21.31 20.15 18.90 18.49 18.44 18.37 19.02 19.26 19.73 19.30 18.85 18.63
traj-2:
36.96 36.12 34.42 32.71 31.27 30.07 29.57 29.14 29.13 29.55 28.83 27.83 26.85 25.50 23.61 22.12 20.71 18.98 18.51
22.51 22.69 22.84 22.90 22.87 24.16 25.44 27.20 29.16 30.82 32.45 33.71 33.75 33.40 33.82 34.36 35.03 35.72 35.96
traj-3:
33.79 32.03 30.13 28.50 28.27 28.22 28.25 28.24 28.27 28.52 28.69 28.81 28.59 28.52 27.56 25.79 24.64 22.74 20.76 20.46 18.60 16.86 15.10 13.43 12.39 10.80  9.83  9.03  7.74  6.54
22.27 22.30 22.25 21.95 20.23 18.28 17.08 15.33 14.47 12.54 11.27 10.17  8.45  6.98  5.25  5.12  5.14  5.13  5.14  5.13  5.07  5.15  5.28  5.37  5.47  5.94  6.25  6.09  5.61  5.81
traj-4:
34.40 33.42 31.64 31.08 29.30 28.58 27.21 26.06 24.87 23.09 22.51 20.68 19.93 18.13 17.65 16.19 15.17 13.76 12.39 11.28 10.22  8.81  7.00  5.38
21.73 21.78 21.20 21.01 20.29 19.73 18.69 18.75 18.81 18.77 18.72 18.71 18.44 18.76 19.02 20.09 20.91 21.65 21.45 21.33 21.48 21.37 20.84 20.35
traj-5:
35.47 34.37 33.28 31.83 30.86 29.86 29.71 29.58 29.36 29.50 29.87 28.57 27.19 25.46 24.61 22.78 20.91 20.75 20.13 18.36 16.61 14.67 12.91 11.02  9.87
22.34 22.59 22.82 22.84 23.40 25.09 25.31 25.58 27.34 27.61 29.37 30.83 31.35 31.75 31.60 31.14 31.20 31.46 31.72 32.21 32.60 32.40 32.48 32.76 33.00
traj-6:
37.99 36.86 35.40 34.51 33.35 31.93 30.24 28.98 29.05 28.82 28.71 28.82 28.63 28.54 28.48 28.50 28.41 28.35 28.09 27.79 26.18 25.07 23.12 21.76 20.02 19.43 17.56 15.84 13.88 12.15 10.62  9.30  7.96  7.52  6.54
22.98 22.99 22.95 22.96 22.95 22.94 23.86 22.36 21.05 19.48 17.91 16.70 14.96 13.08 11.37  9.98  8.22  7.92  6.17  5.66  4.90  4.93  4.92  4.95  4.95  4.94  4.99  5.14  5.42  5.54  6.47  7.52  6.81  5.86  4.49
traj-7:
33.82 33.31 31.34 29.71 28.13 28.15 26.29 24.69 22.74 22.44 21.96 20.53 19.24 17.39 15.61 14.85 13.40 11.81 10.29  8.66  7.48  6.86
21.39 21.34 21.09 20.30 19.63 19.34 18.69 18.81 18.73 18.73 19.07 20.37 20.43 20.44 20.87 21.08 21.38 21.56 21.55 21.11 20.51 20.24
traj-8:
36.02 35.73 35.26 34.49 32.79 31.00 30.74 29.62 29.30 28.90 29.34 29.91 29.83 29.32 28.45 26.94
21.07 21.09 21.32 21.45 22.21 23.00 23.14 24.67 26.46 27.85 29.69 30.94 32.71 34.13 35.02 36.14
traj-9:
37.55 35.63 34.48 32.55 30.88 30.15 30.17 30.06 29.85 29.72 29.44 29.31 29.04 28.91 28.75 28.75 28.78 28.51 27.94 26.19 24.58 23.14 21.71 21.12 19.45 17.76 16.37 15.02 13.06 11.94 10.48  9.89  8.03
21.45 21.27 21.29 21.27 21.19 19.58 19.01 17.28 15.88 15.31 13.38 12.31 10.96  9.99  8.98  7.15  6.78  4.88  4.23  4.57  4.76  4.90  5.04  5.07  5.25  5.00  4.75  4.57  4.55  4.56  4.73  4.81  4.92
traj-10:
35.73 34.00 32.60 31.00 29.60 28.93 27.25 25.49 23.73 21.97 20.26 19.22 17.96 16.55 14.60 13.97 12.39 11.41  9.81  8.31  6.95
21.11 21.10 21.11 21.14 19.78 18.77 18.05 18.33 18.58 18.78 18.73 18.70 19.29 19.88 20.18 20.65 21.36 21.35 21.18 21.16 21.46
traj-11:
33.99 32.40 30.76 29.70 29.29 29.46 29.16 29.10 28.60 28.50 27.28 25.73 24.17 22.32 22.02 20.29 20.00 18.13 16.96 15.49
21.20 22.27 22.92 24.55 25.77 26.94 28.89 29.19 31.05 31.33 32.70 33.17 33.69 34.16 34.18 33.80 33.71 33.35 33.65 34.63
traj-12:
38.32 36.34 34.72 34.14 32.66 31.82 30.26 29.88 29.06 28.55 28.53 28.31 28.21 28.47 28.72 28.93 29.19 29.30 28.29 26.34 25.48 23.60 22.68 21.11 19.27 17.64 15.87 14.14 13.01 11.17  9.70  8.37  7.50
22.38 22.56 22.79 22.82 22.84 22.81 21.67 20.87 19.11 17.63 16.57 14.64 13.35 11.48 10.16  9.08  7.95  6.68  4.97  4.60  4.43  4.11  4.18  4.46  4.73  5.11  5.16  4.93  4.83  5.07  5.32  5.57  5.77
traj-13:
35.57 33.95 32.16 30.89 29.43 28.87 28.06 26.56 25.38 24.49 22.74 21.87 20.37 18.54
21.54 21.51 21.42 21.40 21.32 20.12 18.83 18.28 18.30 18.37 18.52 18.59 19.12 19.84
traj-14:
36.61 34.67 32.78 31.21 30.87 30.19 29.55 29.18 29.20 29.47 29.46 28.03 26.23 25.06
21.38 21.25 21.01 22.14 22.70 23.93 25.10 26.97 27.98 29.64 31.51 32.22 33.04 34.36
traj-15:
35.39 33.76 32.07 30.44 29.17 28.74 28.61 28.68 28.47 28.52 28.60 28.63 28.24 28.12 27.05 25.29 23.58 22.20 20.28 18.48 17.59 15.93 14.48 13.60 11.66 11.10  9.30  8.65
21.73 22.17 22.57 21.93 20.42 19.44 17.53 16.81 15.25 13.52 11.65  9.79  7.86  6.55  5.20  5.01  5.01  5.00  4.97  5.18  5.29  5.48  5.59  5.66  5.83  5.95  5.99  4.15
traj-16:
33.75 32.09 30.93 29.19 28.06 28.09 27.67 25.79 24.06 23.76 21.92 20.64 19.77 18.53 19.97 19.58
22.80 22.80 22.75 22.42 20.83 19.68 18.89 18.49 18.15 18.11 18.39 19.11 19.32 20.63 22.01 22.29
traj-17:
37.52 36.32 34.90 33.20 32.30 30.70 29.97 29.82 29.52 29.63 28.81 28.24 26.36 24.55 23.35 22.00 20.39 18.80 16.82 15.71 14.82 13.48 11.64
22.95 22.92 22.91 22.99 22.94 23.86 24.93 26.62 28.16 29.12 30.61 31.09 31.67 32.10 32.55 33.17 32.35 32.41 32.52 32.64 32.74 32.88 32.98
traj-18:
36.90 35.65 33.86 32.16 31.66 30.52 30.14 29.19 29.27 29.30 29.48 29.13 28.63 28.42 28.24 28.16 28.04 28.01 27.33 25.61 24.71 22.81 20.84 18.93 17.03 15.92 14.34 12.54 11.97 10.93 10.37
21.78 21.91 22.10 22.32 22.63 23.57 23.99 22.33 20.92 19.30 17.61 16.51 14.58 13.30 11.62  9.74  8.16  6.29  5.50  4.90  4.98  5.03  5.00  5.05  5.13  5.17  5.23  5.72  5.91  7.18  8.77
traj-19:
38.08 36.85 35.10 34.11 32.54 30.96 29.57 28.66 27.69 26.34 24.55 24.25 22.52 21.57 20.11 18.83 17.76 16.34 15.17
21.90 21.87 21.55 21.58 21.69 20.82 20.11 19.38 18.78 18.66 18.78 18.80 18.99 19.50 20.79 21.27 21.68 21.13 19.63
traj-20:
36.94 35.20 34.21 33.50 31.75 30.13 29.97 29.70 29.17 29.22 29.54 28.34 26.49 24.73 23.42 21.86 20.93 19.07 18.12 16.28 14.48 12.60 11.29  9.67  8.15  7.36  6.47
21.97 21.31 21.32 21.47 22.27 23.25 23.62 25.59 27.06 28.37 30.19 31.62 32.15 32.14 31.71 31.62 31.48 31.44 31.43 31.24 31.53 32.16 32.59 32.91 34.09 34.89 35.67
traj-21:
38.71 36.94 35.20 33.51 32.14 30.64 30.24 30.19 30.10 29.79 29.02 28.82 28.34 28.19 28.09 28.08 27.71 26.07 24.66 23.82 21.89 20.07 18.62 17.53 16.01 14.65 12.97 11.81 10.17  9.65  9.19  7.67  6.19
21.78 21.51 21.52 21.58 21.44 20.47 18.87 17.11 16.24 14.29 13.23 11.88 10.24  9.62  7.85  6.32  5.59  4.86  4.91  4.95  4.94  5.01  5.07  5.09  5.15  5.19  5.27  5.36  6.50  6.77  7.04  8.30  9.32
traj-22:
36.29 34.51 33.35 32.15 30.35 30.05 29.87 29.42 28.25 28.08 27.09 25.35 24.75 23.02 22.13 20.40 18.49 17.82 16.39 15.25 14.02 13.59 11.77 10.46  8.91  7.48  6.57
22.82 22.88 22.92 22.87 22.60 22.57 22.33 22.10 20.67 20.16 18.68 18.45 18.48 18.51 18.55 18.40 18.20 18.13 19.09 20.06 21.45 21.51 21.89 22.05 21.43 20.89 20.39
traj-23:
36.62 36.09 34.63 33.54 31.96 31.09 30.67 29.79 28.71 28.48 28.20 28.34 28.67
21.90 21.86 21.52 21.44 21.61 22.19 22.81 24.28 25.76 25.95 27.92 29.29 31.08
traj-24:
37.76 35.81 34.03 33.54 31.59 30.43 29.96 28.54 28.25 28.26 28.27 28.27 28.31 28.55 29.11 29.37 29.66 29.85 30.07 30.09 29.95 28.50 26.65 25.18 23.56 22.13 20.78 18.92 17.59 15.87 13.91 13.32 11.57 10.14  8.97  7.29
22.44 22.55 22.71 22.74 22.96 24.58 25.34 24.55 22.83 21.78 20.75 19.01 17.53 15.66 14.18 12.83 11.69  9.99  8.24  6.76  5.57  4.67  4.75  4.87  4.94  4.93  4.98  4.91  5.06  5.23  5.44  5.51  5.76  5.92  6.17  6.60
traj-25:
36.89 35.06 33.31 33.03 31.21 30.51 29.23 28.04 26.23 25.63 24.18 23.30 22.13 20.46 19.25 17.67 16.35
21.97 21.57 21.25 21.35 22.02 21.58 20.61 19.10 18.50 18.54 18.68 18.81 18.98 19.65 20.36 21.28 21.07
traj-26:
38.97 37.32 35.53 34.70 32.73 32.02 30.28 29.52 29.05 28.50 28.25 28.10 28.06 28.65 30.29 31.54 32.18 33.12 33.83
21.85 21.54 21.31 21.22 21.27 21.41 21.69 23.23 24.61 26.03 26.19 26.55 28.26 30.11 31.14 32.59 33.46 34.78 35.66
traj-27:
34.10 34.86 33.41 31.69 30.59 29.94 29.87 29.81 29.66 29.53 29.45 29.40 28.97 28.63 27.52 26.22 24.59 22.89 21.73 20.34 18.91 17.43 15.66 15.07 13.36 12.74 11.04 10.36  8.77  7.21
22.74 22.80 21.80 21.44 20.84 19.57 17.65 16.48 14.68 13.36 11.67  9.68  7.99  7.23  5.89  4.97  4.97  5.03  5.05  5.06  5.05  5.07  5.12  5.20  5.43  5.76  5.39  5.31  5.09  4.97
traj-28:
38.07 36.90 36.03 34.66 33.81 32.06 31.71 30.20 29.67 28.07 27.13 25.35 25.06 23.28 22.68 21.21 20.95 19.11 17.49 17.02 15.25 14.10 12.46 10.66  9.51  7.68  6.01  5.10
22.77 22.82 22.84 22.89 22.94 22.86 22.86 21.87 21.11 20.09 18.60 18.76 18.81 18.96 18.97 20.00 20.33 20.16 19.97 19.91 19.75 19.65 19.54 19.31 19.20 18.92 18.72 18.58
traj-29:
36.55 35.29 34.11 32.19 31.11 30.11 29.00 28.87 29.29 29.77 30.14 29.36 28.42 26.70 25.06 23.39 22.45 20.83 19.07 17.11 16.19 14.76
21.67 21.68 21.56 21.55 21.67 22.74 23.97 24.96 26.46 27.81 29.37 30.98 31.60 31.74 32.15 32.61 32.71 33.15 33.45 33.73 33.65 33.71
traj-30:
35.76 34.02 32.05 31.18 30.87 30.76 30.63 30.53 30.41 29.75 29.24 28.72 28.73 28.65 28.61 28.54 27.18 25.45 24.33 23.19 21.78 20.27 18.44 16.51 15.34 13.39 12.23 10.81  9.91  8.95  7.33  6.51
22.77 22.82 22.95 22.97 22.09 20.93 19.78 18.91 17.43 15.57 14.05 12.43 11.31  9.43  7.83  6.70  5.38  4.88  4.92  4.96  4.98  4.85  4.89  4.95  4.95  4.94  5.07  6.05  5.84  5.41  4.44  4.59
traj-31:
33.86 31.89 30.52 29.05 28.25 27.04 25.28 23.53 22.45 21.66 20.55 18.82 18.31 16.69 14.80 12.93 11.13  9.37  7.48  6.02
22.39 22.67 22.77 21.87 20.09 18.99 18.80 18.82 18.88 19.85 21.17 21.47 21.63 21.73 21.66 21.40 21.35 21.22 20.76 20.16
traj-32:
39.08 38.48 36.95 35.09 34.79 33.01 32.14 31.36 30.89 30.44 29.96 29.83 28.20 28.28 28.41
21.49 21.46 21.40 21.38 21.38 21.30 21.36 22.37 23.31 24.82 26.68 27.25 27.91 29.62 30.86
traj-33:
38.86 37.80 36.43 35.58 34.11 32.65 30.94 30.85 29.76 29.05 28.33 28.34 28.60 28.66 28.99 28.63 28.27 28.33 27.12 25.36 24.40 22.51 21.33 20.14 18.76 17.08 15.17 13.21 12.05 11.13 10.06  9.12
22.12 22.57 22.80 22.88 22.84 22.81 22.79 21.90 20.60 19.27 17.60 15.98 14.57 12.84 11.09  9.13  7.41  6.53  5.11  4.79  4.85  4.91  4.95  5.02  5.11  5.14  5.37  5.54  5.64  5.76  6.39  7.91
traj-34:
38.09 37.55 35.92 34.22 33.14 32.22 32.13 31.83 30.00 28.07 28.11 27.12 26.24 24.45 23.28 21.79 20.45 19.70 18.03 16.97 15.38 14.65 12.82 12.01 10.27  8.35  6.48
22.00 21.97 21.66 21.12 21.31 21.44 21.73 21.70 21.60 21.18 20.28 18.74 18.87 18.93 18.95 18.97 20.18 20.91 21.53 21.46 21.45 21.43 21.23 20.88 20.92 20.63 20.64
traj-35:
37.51 36.91 35.48 34.06 32.91 31.51 30.09 29.21 28.36 28.10 28.18 28.08 27.50 25.58 23.65 21.67 19.87 18.56 17.64 15.83
22.71 22.69 22.76 22.72 22.69 22.80 23.75 24.59 25.99 27.77 29.77 30.06 31.08 31.05 31.16 31.37 31.57 31.66 31.78 32.59
traj-36:
38.54 37.23 36.03 34.92 32.95 31.29 30.19 29.94 29.27 29.08 29.08 29.32 28.99 28.58 28.45 28.51 28.65 28.77 28.63 27.04 26.00 24.89 23.50 21.66 21.07 19.55 17.82 16.67 15.50 13.50 12.41 10.72 10.05  8.74  7.29
21.93 21.85 22.11 22.35 22.69 21.62 20.82 20.12 19.66 17.79 16.51 14.89 13.10 11.31  9.44  8.06  6.82  6.54  4.76  4.65  4.81  4.94  4.78  4.41  4.48  5.09  5.02  5.04  5.06  5.11  5.14  5.90  6.66  7.96  9.31
traj-37:
37.65 35.75 34.39 32.89 31.74 29.96 28.36 26.92 25.19 23.40 22.08 21.59 19.73 17.89 16.15 14.61 12.70 11.22 10.31
21.12 21.16 21.22 21.23 21.22 20.54 19.39 18.95 18.94 18.94 18.92 19.18 19.88 19.84 20.45 21.14 21.21 20.85 19.67
traj-38:
37.28 36.15 35.01 33.55 31.81 30.58 30.17 30.21 30.28 30.48 30.78 31.21 29.56 29.35 27.50
22.48 22.68 22.76 22.92 22.92 24.28 26.13 26.72 28.64 30.20 31.20 32.93 34.03 34.35 35.08
traj-39:
39.11 37.17 36.34 34.92 32.95 32.39 30.99 30.63 30.19 29.96 28.86 28.75 28.59 28.52 28.81 28.81 28.81 28.78 28.72 28.49 28.49 28.43 28.16 28.06 27.08 25.18 23.98 22.58 21.19 20.03 19.14 17.61 16.25 15.36 13.65 11.71 10.61  9.80  8.20  7.25  5.95
22.15 22.59 22.63 22.74 22.86 22.90 23.72 24.71 26.10 26.97 25.97 24.84 23.03 22.00 20.07 18.71 17.09 16.10 14.40 12.41 11.47  9.93  8.13  6.51  5.13  4.82  4.85  5.03  5.09  5.10  5.11  5.05  5.10  5.20  5.30  5.60  6.29  6.52  6.13  6.01  5.76
traj-40:
34.00 33.16 31.16 30.82 29.74 29.05 27.23 25.46 23.68 22.79 21.05 19.39 18.20 17.68 16.16 14.45 12.74 11.49  9.88  8.90
22.63 22.70 22.76 21.25 19.95 18.99 18.23 18.42 18.53 18.67 18.83 19.14 19.71 20.00 21.03 20.91 20.77 20.64 20.38 20.39
traj-41:
35.47 34.36 32.87 31.74 30.66 30.25 30.12 29.98 29.98 29.94 29.20 27.40 25.72 25.22
22.64 22.89 22.83 22.81 23.98 25.89 27.25 28.90 29.50 31.26 32.92 33.75 34.35 34.54
traj-42:
34.64 32.75 31.17 29.71 29.53 28.91 28.71 28.50 28.37 28.36 28.35 28.26 28.16 28.11 28.04 28.29 26.64 25.19 23.71 21.94 19.95 18.50 17.08 15.59 15.02 13.58 12.26 10.39  9.46  7.98  6.80
22.45 22.85 21.90 20.81 20.04 18.34 16.73 14.91 13.01 12.30 11.83 10.47  8.81  7.28  6.69  4.70  4.11  4.12  4.13  4.15  4.15  4.12  4.11  4.16  4.17  4.34  4.46  4.32  4.27  4.29  4.37
traj-43:
37.65 35.91 34.43 33.55 32.07 31.20 30.69 29.45 29.12 28.04 28.04 28.02 28.03 27.08 25.87 24.71 22.94 21.27 19.76 17.97 16.53 14.89 13.92 12.99 11.65 10.34  9.13  7.56  6.41
22.91 22.87 22.83 22.82 22.80 22.93 23.24 24.17 24.29 22.80 22.22 20.77 20.20 18.95 18.68 18.52 18.42 18.45 18.54 19.12 20.03 20.56 20.97 21.41 21.44 21.54 21.55 21.40 21.26
traj-44:
33.77 33.20 31.50 31.20 31.09 29.89 29.15 28.54 28.47 28.63 28.39 26.73 25.33 24.09 22.53 21.50 19.90
21.28 21.24 21.30 21.33 21.61 22.96 24.58 26.28 27.74 29.59 31.09 32.11 32.17 32.33 33.05 33.37 33.74
traj-45:
33.61 32.45 31.58 31.39 31.82 30.05 29.89 29.93 29.83 30.05 30.17 29.66 29.04 28.66 28.06 27.09 25.24 24.17 22.33 22.03 20.20 18.33 17.10 15.34 14.15 12.18 11.30 10.11
22.82 22.89 22.98 23.21 21.85 21.08 19.31 17.65 16.11 14.31 13.43 11.58  9.74  8.65  6.77  5.49  4.96  4.92  4.98  4.98  5.01  4.99  5.03  5.10  5.14  5.19  5.24  5.28
traj-46:
39.06 37.28 35.81 33.95 33.15 31.25 30.42 28.60 28.18 27.50 25.60 24.11 22.92 21.23 19.83 18.58 18.50 16.72 15.35 14.46
21.66 21.70 21.79 21.79 21.45 21.54 22.05 21.42 20.13 18.80 18.68 18.76 18.83 19.00 19.57 20.96 21.25 21.94 21.27 20.77
traj-47:
34.88 33.61 32.14 31.87 30.61 29.89 28.34 28.50 28.64 28.04 26.54 25.99 24.97 23.69 22.03 20.11 19.40 17.66 17.08
21.07 21.35 22.10 22.23 23.65 25.36 26.48 28.27 29.07 30.44 31.05 31.83 31.95 32.05 32.20 32.72 33.22 33.52 33.43
traj-48:
38.83 36.84 34.88 33.42 31.66 30.77 30.44 29.97 28.72 28.64 28.55 28.48 28.34 28.24 28.22 28.22 28.08 27.35 25.70 23.75 22.42 20.49 19.10 17.73 15.99 14.05 12.73 11.68 10.18  9.96  8.52  7.54  6.18
22.48 22.65 22.79 22.92 22.76 22.66 21.03 19.34 18.71 17.07 16.20 14.75 13.02 11.24 10.06  8.58  6.79  5.74  4.93  4.92  4.88  4.88  4.89  4.95  4.98  5.02  5.00  5.03  5.94  6.78  8.06  8.53  9.16
traj-49:
34.88 32.92 31.75 30.21 30.24 28.69 26.96 25.22 23.77 22.46 21.40 19.45 17.76 16.24 14.30 12.49 10.81 10.28  8.40
22.55 22.88 22.84 21.85 20.73 19.69 18.90 18.86 18.82 18.83 18.94 19.27 19.51 20.50 20.72 21.27 21.78 21.89 22.42
traj-50:
35.25 34.08 32.64 32.05 30.10 29.06 28.46 28.37 28.56 28.57 27.03 26.63 25.10 24.27 22.44 20.99 20.59 19.10
22.60 22.75 22.83 22.82 22.75 23.02 24.79 26.62 28.47 29.96 31.17 31.29 32.11 31.90 31.61 32.33 32.90 34.15
traj-51:
36.57 36.27 34.53 33.08 31.08 30.88 30.48 29.56 29.74 29.44 29.11 28.92 28.80 28.64 28.39 28.34 28.09 27.20 26.44 25.10 23.62 23.03 21.33 19.59 17.87 17.04 15.33 14.09 12.30 10.87  9.17  7.53  7.15
22.82 22.80 22.80 22.87 22.84 21.97 20.89 19.34 17.83 16.75 15.08 13.61 12.45 11.08  9.15  7.55  6.28  5.19  4.83  5.01  5.17  5.24  5.36  5.36  5.13  5.15  5.10  5.29  5.52  5.60  5.85  6.05  6.08
traj-52:
38.51 37.91 36.59 34.69 34.16 32.24 30.50 29.66 28.66 28.08 27.23 25.28 23.82 22.64 21.75 20.19 19.06 17.40 15.46 14.05 13.13 11.35  9.62  8.73
21.31 21.31 21.63 22.01 22.17 22.61 21.83 21.25 20.59 19.66 18.44 18.53 18.65 18.76 18.80 19.24 19.31 19.32 19.61 20.60 20.76 21.08 20.40 20.06
traj-53:
34.28 32.61 30.75 29.97 28.40 28.23 28.41 28.59 28.97 29.07 29.70 30.18 31.83 32.43
22.21 22.25 22.92 24.65 25.82 27.71 28.57 30.31 32.20 32.48 34.28 35.44 36.22 36.25
traj-54:
37.49 35.50 33.81 31.95 30.40 29.41 28.93 28.47 28.25 28.27 28.46 28.73 29.00 29.09 28.96 27.43 26.05 25.75 23.93 22.83 21.71 20.66 18.67 17.27 16.67 14.97 13.28 12.50 10.97  9.03  7.21  5.68
21.69 21.70 21.24 21.16 20.01 19.11 17.86 16.01 14.88 13.14 11.38  9.47  8.35  7.10  5.61  4.70  4.99  4.99  4.98  4.98  5.00  5.04  5.12  5.18  5.17  5.03  4.88  4.88  5.15  5.35  4.72  4.41
traj-55:
38.19 36.34 34.58 32.68 31.64 30.61 29.90 28.20 26.61 26.31 24.54 23.95 22.77 21.12 19.41 18.20 16.57 14.81 12.99 11.12  9.25
21.18 21.20 21.14 21.04 21.00 20.39 19.86 19.14 18.39 18.41 18.58 18.68 18.87 19.84 20.87 21.90 21.41 20.98 20.72 20.72 20.93
traj-56:
38.23 37.68 35.98 34.44 33.54 31.94 30.61 30.26 29.48 29.27 29.27 29.19 29.18 28.41 26.63 25.93 24.03 23.34 21.64 20.12 18.27
21.44 21.40 21.33 21.38 21.34 22.06 23.51 24.45 26.23 28.22 29.24 30.85 31.43 32.99 32.37 32.02 31.61 31.73 32.27 32.69 33.11
traj-57:
38.55 36.82 35.66 33.90 33.02 31.55 30.96 29.55 28.72 28.88 29.13 29.46 29.49 29.39 28.85 28.71 28.50 28.36 27.58 26.41 25.33 23.46 22.76 21.07 19.92 18.35 16.39 15.00 13.47 11.55 10.53  9.25  8.28
22.46 22.74 22.88 22.84 22.86 22.89 22.89 21.95 21.03 19.24 17.64 15.74 14.12 12.92 11.65  9.70  8.46  7.09  5.65  5.08  5.04  4.90  4.96  4.96  5.00  4.96  4.98  4.97  4.82  5.31  6.52  7.82  8.69
traj-58:
36.74 35.57 34.41 32.66 31.68 30.03 29.27 28.15 26.34 25.75 24.30 23.12 22.23 21.18 19.76 18.56 17.16 15.19 13.49 12.07 10.69  8.89  6.91
22.73 22.71 22.70 22.62 22.52 21.98 20.23 18.76 18.12 18.15 18.28 18.46 18.55 19.81 20.89 22.01 21.87 22.08 22.17 22.20 22.16 22.25 22.41
traj-59:
36.70 35.53 33.74 32.67 31.53 30.66 30.51 30.13 29.64 29.53 28.70 27.91 27.19 26.62 26.80
21.49 21.75 22.04 22.05 22.53 24.19 24.78 26.16 27.72 28.17 29.87 31.53 32.13 34.01 35.36
traj-60:
34.50 32.75 32.04 30.31 29.11 29.03 29.00 29.01 28.96 28.93 28.82 28.75 28.67 28.41 27.49 25.98 25.13 23.89 22.71 21.07 19.30 17.98 16.08 14.73 13.60 11.67 10.45  9.23  7.63
21.39 21.27 21.26 21.14 20.36 18.85 17.47 15.55 13.92 13.09 11.39  9.54  8.65  6.95  5.47  5.22  5.10  5.12  5.16  5.16  5.09  4.99  4.79  4.63  4.51  4.58  4.69  4.49  4.10
traj-61:
38.44 36.68 34.78 32.92 32.11 30.78 29.33 27.52 26.22 25.63 24.47 22.55 21.30 19.89 18.39 16.80 15.15 13.56 11.87 10.10  9.39  8.18
21.42 21.49 21.36 21.24 21.13 20.42 19.28 18.98 18.51 18.39 18.18 18.32 19.59 20.56 21.06 20.52 21.03 20.45 19.85 19.12 18.80 18.29
traj-62:
37.61 36.03 34.61 32.70 31.53 30.90 30.79 30.89 30.84 30.68 31.27
21.11 22.10 22.49 22.80 22.85 23.24 24.72 26.22 27.98 29.72 31.22
traj-63:
37.88 37.02 35.23 33.53 31.60 30.12 29.78 29.64 29.26 28.71 28.82 28.46 28.42 28.43 28.39 28.29 27.50 25.78 24.65 23.16 22.30 20.71 19.13 18.66 16.94 16.20 14.53 12.57 11.62 10.50  9.61  8.02  6.46  5.02
21.95 22.00 21.68 21.32 21.31 20.14 18.47 17.03 15.08 13.91 12.85 12.02 11.04  9.06  8.15  6.67  5.23  5.04  4.93  4.85  4.81  4.81  4.64  4.73  4.76  4.69  4.57  4.85  4.81  4.94  5.02  5.21  5.52  4.21
traj-64:
36.16 34.90 33.19 31.67 30.94 29.96 28.50 26.85 25.08 24.19 22.73 21.62 20.05 18.80 17.71 16.54 15.47 14.06 12.34
21.99 21.91 21.54 21.22 21.07 20.13 18.97 18.37 18.54 18.68 18.92 19.68 20.89 21.91 22.36 22.42 22.42 22.44 22.45
traj-65:
35.63 34.24 33.07 32.20 30.63 29.60 29.15 28.30 28.18 28.14 28.75 29.81 30.83 32.43 33.00
22.37 22.40 22.20 22.05 23.15 24.27 24.92 25.59 27.55 28.12 29.75 31.11 31.41 31.99 32.18
traj-66:
35.54 33.58 32.10 30.67 30.19 29.31 29.20 29.36 29.20 29.07 28.96 28.85 28.76 28.55 28.21 27.04 25.72 24.27 22.81 21.09 19.75 18.63 17.44 15.70 14.86 13.12 11.94 10.00  8.56  7.18  6.32
22.26 22.15 22.25 22.09 21.66 19.96 19.12 17.75 15.94 14.73 12.74 11.22  9.48  8.36  6.62  5.10  5.14  5.10  5.13  5.12  5.11  5.16  5.24  5.31  5.28  5.47  5.69  5.74  6.01  4.66  4.04
traj-67:
34.46 33.18 31.26 29.93 28.30 26.59 24.82 23.63 21.90 20.13 19.12 17.79 15.85 13.96 13.25 11.27
21.76 21.50 21.16 20.58 19.59 18.94 18.96 18.96 18.75 18.84 19.16 19.02 19.22 19.01 18.93 18.86
traj-68:
35.68 34.91 33.12 32.82 31.59 30.16 28.42 28.28 28.52 29.10 29.42 29.71 28.88 28.12 26.87 26.39 24.65 23.42 22.03
21.67 21.46 21.47 21.49 21.74 22.59 23.48 24.49 25.75 26.82 28.26 29.64 31.26 31.63 32.97 33.33 34.07 34.47 34.85
traj-69:
35.67 34.55 32.85 32.58 30.74 29.85 29.10 29.65 29.43 29.49 29.57 29.53 29.50 28.96 28.34 28.11 27.72 26.06 24.68 22.93 22.04 20.30 18.33 16.57 15.70 13.82 12.13 10.46  9.75  8.44  7.91
21.63 21.69 22.06 22.19 21.74 21.43 19.85 18.34 16.53 14.57 12.62 11.61 11.32  9.62  8.03  6.06  5.60  4.93  4.93  5.05  5.18  5.20  5.26  5.27  5.18  5.20  5.56  6.60  7.55  8.96  9.16
traj-70:
36.57 34.93 34.20 32.77 31.15 29.41 28.79 28.05 28.04 26.16 24.98 23.21 21.43 20.73 18.86 16.89 16.42 14.77 14.31 12.34 10.95  9.43  8.81
21.76 21.92 21.92 22.02 22.13 21.90 21.22 19.75 19.45 18.82 18.94 18.85 18.74 19.65 19.92 20.14 20.49 21.51 21.60 21.50 21.75 20.77 20.16
traj-71:
35.71 33.77 32.88 31.02 30.09 29.16 29.34 29.40 29.36 29.23 27.49 25.56 23.69 22.01 21.43
22.55 22.97 22.89 22.98 23.58 25.28 26.95 28.23 29.92 31.83 32.60 32.41 32.28 31.98 31.83
traj-72:
36.35 34.66 32.97 32.04 31.05 29.84 29.71 29.60 29.43 29.33 29.14 29.09 28.96 28.89 28.52 28.46 27.07 25.74 24.52 22.56 21.67 19.79 18.07 16.54 15.50 14.01 12.54 10.57  8.91  8.44  6.64  5.59
22.60 21.85 21.83 21.44 21.12 19.57 17.73 16.59 14.69 13.46 12.02 11.43  9.49  9.14  7.45  6.16  5.21  5.09  5.00  4.98  4.96  5.07  5.06  5.15  5.20  5.31  5.49  5.79  6.36  6.50  6.82  7.02
traj-73:
37.40 36.04 34.61 32.91 31.22 29.64 28.80 28.20 28.15 27.27 26.17 25.03 23.55 21.98 21.32 20.41 18.72 17.49 15.97 14.24 12.81 10.97  9.28  8.21
21.49 22.46 22.64 22.76 22.81 23.36 22.70 20.82 19.93 18.37 18.27 18.15 18.27 18.45 20.04 21.38 21.91 21.54 21.10 20.55 20.53 21.09 21.31 21.48
traj-74:
38.42 37.23 35.75 34.03 32.29 31.70 30.24 30.05 29.17 29.00 28.69 28.79 28.73 29.30 30.24 31.61 32.60
22.91 22.90 22.90 22.85 22.90 22.96 23.98 24.54 26.02 26.60 28.49 30.33 32.01 33.71 34.59 35.30 35.84
traj-75:
34.03 32.34 31.75 30.17 29.94 29.64 29.58 29.34 29.07 28.61 28.49 28.52 28.31 28.14 27.56 26.01 24.05 22.91 21.12 20.18 18.27 16.28 14.31 12.92 11.74 10.12  8.39
22.51 22.86 22.77 21.61 20.14 18.32 18.03 16.28 14.84 13.21 11.32  9.76  8.24  6.44  5.76  5.25  5.06  4.97  4.96  4.98  4.98  4.97  4.93  4.87  4.81  5.47  6.08
traj-76:
35.88 35.30 33.55 32.19 30.60 29.96 29.12 28.10 26.30 25.15 23.66 21.89 21.17 20.13 18.63 17.70 16.50 15.61 13.71 12.23
22.70 22.72 22.76 22.79 22.00 21.01 19.60 18.73 18.10 18.12 18.18 18.23 18.98 19.52 20.64 21.20 21.92 21.69 21.17 20.49
traj-77:
34.76 33.62 31.82 30.57 29.65 29.01 28.41 28.28 28.03 27.34 26.15 25.85 24.13 22.24 20.30 19.68 18.45 17.25 16.10
21.26 21.19 21.40 21.68 23.37 25.00 26.23 28.21 30.03 31.38 31.98 31.99 32.82 32.60 32.70 33.17 34.17 35.11 35.74
traj-78:
35.12 33.67 31.90 30.27 30.14 29.99 29.97 29.54 29.24 29.08 28.80 28.63 28.34 28.26 27.26 26.96 25.14 24.01 22.44 20.94 20.10 18.37 17.13 15.19 14.25 13.12 12.04 11.08  9.94  8.42  7.03
22.89 22.87 22.81 21.72 19.95 18.32 17.84 15.90 13.99 12.40 10.50  9.50  7.53  6.94  5.22  5.20  5.12  5.04  5.00  4.89  4.87  4.96  5.04  5.10  5.01  4.94  5.19  5.53  6.81  7.85  8.95
traj-79:
36.26 35.96 34.14 33.57 32.15 31.08 29.38 28.10 28.23 27.01 26.12 24.34 22.85 21.37 20.90 19.28 18.79 17.38
21.16 21.13 21.34 21.35 21.56 21.56 21.77 20.40 20.13 18.69 18.77 18.93 18.86 19.77 20.13 20.57 20.70 21.45
traj-80:
37.26 36.38 34.45 32.51 31.10 30.08 29.84 29.69 29.56 29.00 28.80 27.30 25.47 23.74 22.16
22.43 22.53 22.66 22.55 22.77 24.18 26.00 27.30 29.25 30.64 31.98 33.12 33.37 33.72 34.14
traj-81:
33.88 31.90 30.32 30.08 29.16 28.92 28.41 28.20 28.21 28.18 28.13 28.12 28.05 28.01 27.03 25.28 23.51 22.11 20.51 19.42 17.79 17.01 15.57 14.82 13.41 11.99 10.25  8.98
22.63 22.84 21.82 21.29 19.58 19.13 17.40 16.68 14.69 12.74 10.94 10.29  8.61  6.63  5.62  5.40  5.21  5.08  4.99  4.98  5.03  5.04  5.01  5.07  5.27  5.51  5.46  4.07
traj-82:
35.91 34.19 33.03 32.19 30.59 30.16 29.68 28.43 28.20 27.16 25.44 23.69 22.50 20.52 19.73 18.13 17.06 15.87
22.27 22.42 22.47 22.56 22.33 21.98 21.20 19.92 19.50 18.12 18.31 18.40 18.54 18.63 18.59 18.74 19.53 20.27
traj-83:
39.01 37.51 35.77 34.03 32.83 31.76 30.18 29.97 29.03 28.47 28.27 28.14 27.44 26.61 25.13 24.28 22.58 20.73 19.63 17.96 16.01 14.70 12.90
22.95 22.90 22.87 22.88 22.90 22.89 23.88 24.10 25.64 27.38 29.19 29.46 31.26 31.52 31.66 31.56 31.47 32.17 32.33 32.53 32.82 32.85 32.60
traj-84:
34.97 32.99 31.35 30.77 29.00 28.52 28.60 28.77 28.73 29.07 28.96 29.31 29.10 28.50 28.28 28.40 28.36 27.37 26.26 24.30 22.75 21.87 19.93 18.16 17.09 15.10 13.40 11.65 11.35  9.48
21.84 22.04 22.24 22.35 22.47 20.58 19.57 18.64 17.52 15.78 15.41 14.09 12.19 10.76 10.00  8.65  6.94  5.37  4.94  4.98  4.96  4.94  4.95  4.97  4.91  4.89  5.03  5.31  5.37  5.09
traj-85:
36.46 35.93 34.27 32.28 31.10 29.27 28.24 28.13 26.30 24.81 23.64 22.47 20.58 18.84 17.67 16.48 15.94
22.29 22.45 22.73 22.70 22.69 22.53 20.88 19.21 18.51 18.61 18.60 18.59 18.47 18.32 19.91 20.88 21.88
traj-86:
33.84 32.13 30.61 30.18 30.03 30.01 30.02 29.60 28.05 26.66 25.38 25.01 25.78 26.80 27.06
22.36 22.50 23.57 25.14 26.19 28.08 28.38 30.23 31.40 31.92 32.29 33.55 34.81 36.00 36.14
traj-87:
36.88 35.10 33.65 32.75 30.99 29.92 29.28 28.87 28.44 28.43 28.56 28.54 28.47 28.45 28.63 28.54 28.30 27.08 25.43 24.32 23.33 21.57 21.07 19.28 17.60 15.87 14.44 13.57 11.62 10.53 10.07  8.27
22.95 22.89 22.85 22.84 22.72 21.29 19.52 18.45 17.23 15.66 14.44 13.15 11.83 10.75  9.60  7.71  5.82  4.65  4.87  4.95  5.03  5.14  5.13  5.16  5.13  5.09  5.08  5.16  5.45  5.77  6.01  6.56
traj-88:
34.07 32.44 32.15 30.42 30.21 28.51 26.75 24.99 23.30 23.01 22.72 21.18 19.60 18.14 16.30 14.63 12.87 12.06 10.80 10.27
21.77 21.29 21.21 20.32 20.10 19.17 18.36 18.29 18.63 18.73 18.79 19.64 20.66 21.58 21.15 21.29 20.85 20.61 19.98 19.48
traj-89:
38.32 36.87 35.02 33.30 32.13 30.47 30.06 29.26 29.48 29.50 29.50 29.64
22.10 22.24 22.63 22.83 22.90 23.96 24.72 26.43 28.18 28.78 30.23 32.15
traj-90:
38.40 37.02 35.19 33.40 32.08 30.41 30.27 30.29 30.32 30.35 30.43 30.46 30.30 29.48 29.52 29.72 29.67 27.80 26.32 25.73 24.14 22.42 20.73 18.98 17.27 15.58 14.46 12.90 11.49  9.78
22.04 21.88 21.51 21.34 21.15 20.18 19.00 17.55 16.71 15.04 13.92 12.47 10.99  9.43  9.13  7.40  6.22  5.96  5.28  5.17  4.97  5.01  5.07  5.04  4.91  4.91  4.86  4.87  4.57  4.44
traj-91:
33.70 31.97 30.65 28.81 28.26 27.45 25.88 24.12 22.17 21.32 20.64 19.90 18.69 17.21 15.59 13.87 12.64
21.52 22.00 22.38 21.68 20.19 18.78 18.56 18.74 18.97 20.25 21.23 21.67 22.06 22.15 22.08 21.89 21.70
traj-92:
38.69 37.52 36.38 34.41 32.72 31.55 30.27 29.73 29.14 28.43 28.29 28.04 28.47 29.03 29.52
21.93 22.11 22.27 22.58 22.87 22.97 23.66 25.58 27.41 28.07 29.52 31.23 33.12 34.62 35.93
traj-93:
39.20 37.72 36.30 35.42 33.42 32.53 31.21 29.81 28.86 28.88 28.75 28.56 28.51 28.50 28.71 28.94 28.94 29.10 29.36 28.83 27.64 27.28 25.60 24.50 22.82 22.25 20.40 18.46 17.88 16.27 14.53 13.67 11.93 10.25  9.64
22.99 22.95 22.93 22.91 22.89 22.90 22.93 22.89 21.51 20.71 19.35 17.63 16.74 15.58 13.74 11.82 11.52  9.71  8.37  6.97  5.60  5.53  5.19  5.16  5.11  5.09  5.08  5.19  5.19  5.21  5.34  5.38  5.47  6.47  6.97
traj-94:
38.82 38.55 36.88 35.14 33.68 32.51 31.37 29.66 29.03 28.11 28.04 26.32 25.12 23.34 22.75 20.92 20.61 19.41 18.36 16.62 15.49 14.15 12.54
22.18 22.32 22.75 22.87 22.87 22.85 22.59 21.99 21.26 19.60 19.31 18.58 18.67 18.66 18.70 19.45 19.85 21.11 21.46 21.87 22.13 22.44 22.89
traj-95:
39.02 38.18 36.45 34.83 34.01 32.44 30.85 29.10 28.48 28.49 28.80 29.24 29.32 29.37 27.68 25.75 23.92 22.93 21.04 19.55 17.75 15.86 14.19 12.42 11.21 10.99
21.88 21.83 21.69 21.56 21.50 22.03 22.76 23.55 24.55 26.53 27.34 28.51 30.46 31.66 32.56 32.41 31.80 31.91 31.78 31.62 32.08 32.35 33.27 33.97 35.31 35.76
traj-96:
36.21 34.90 33.15 31.35 30.50 28.84 28.45 28.45 28.65 28.55 28.38 28.49 28.41 28.33 28.14 28.14 26.69 25.44 23.74 23.20 21.20 20.15 18.80 17.63 15.86 14.43 12.70 12.12 10.15  8.65  7.58
21.09 21.26 22.02 21.40 20.89 19.82 17.96 17.66 15.72 15.17 13.45 11.65  9.90  8.18  6.41  6.11  4.94  5.01  5.01  5.02  4.98  5.04  5.14  5.20  5.19  5.11  5.00  5.12  5.33  5.12  4.59
traj-97:
36.46 35.14 34.97 33.37 31.76 29.93 28.83 28.17 27.35 25.61 24.73 23.27 21.72 21.17 19.45
21.05 21.37 21.62 21.92 22.24 22.29 20.66 20.09 18.77 18.68 18.77 18.88 18.83 19.16 20.17
traj-98:
38.76 38.00 36.36 35.82 33.86 33.30 31.57 30.70 30.42 30.47 30.39 30.51 30.55 32.06 33.01
21.06 21.25 22.18 22.41 22.72 22.72 22.86 23.81 25.63 26.83 27.97 29.76 30.06 31.11 31.60
traj-99:
37.85 35.85 34.77 33.19 32.89 31.43 30.12 29.97 29.61 29.46 29.28 29.11 28.99 28.77 28.62 28.50 27.29 25.37 24.72 22.75 20.99 19.24 17.83 16.73 15.43 14.44 12.60 11.67 10.58  9.31  8.83  7.10  6.27
22.90 22.90 22.87 22.88 22.86 21.90 20.92 19.28 17.39 15.72 14.10 12.73 11.70  9.91  8.05  6.85  5.50  5.07  5.04  5.05  5.10  5.14  5.14  5.14  5.40  5.59  5.87  5.99  6.59  7.64  7.90  8.74  9.08
traj-100:
34.02 33.86 31.94 30.25 29.76 29.11 28.12 28.15 27.51 25.73 24.84 23.07 21.22 20.13 18.87 18.30
22.32 22.36 22.75 22.69 21.87 21.54 20.02 19.73 18.61 18.36 18.44 18.42 18.41 18.19 19.72 21.00
traj-101:
35.66 33.75 31.76 30.93 30.41 30.04 29.41 28.13 28.73 29.45 29.98 30.82
22.28 22.82 22.97 23.41 24.93 26.02 27.22 28.43 30.23 31.71 32.88 34.52
traj-102:
35.74 34.47 33.39 31.53 30.36 28.63 28.42 28.41 28.41 28.46 28.41 28.51 28.53 28.53 28.47 28.38 26.76 25.31 23.62 22.53 20.58 19.48 17.69 16.21 15.11 13.45 12.02 11.12  9.92  8.70  7.36  5.44  5.14
21.84 21.69 21.46 21.37 21.24 20.35 19.26 17.27 15.81 14.82 13.22 11.59 10.36  8.89  7.15  5.68  5.05  4.98  4.92  4.90  4.89  4.97  5.01  5.06  5.02  5.07  5.06  5.05  5.05  5.07  4.85  4.57  4.52
traj-103:
36.29 34.85 33.51 32.52 30.92 30.16 29.05 28.85 28.21 27.06 25.61 23.85 22.24 20.76 19.93 19.47
22.23 22.50 22.82 22.70 22.49 21.84 20.38 20.23 19.55 18.13 18.21 18.37 18.59 18.75 18.85 20.40
traj-104:
38.43 37.08 35.09 34.19 32.24 31.64 30.31 29.86 28.75 28.48 28.60 28.54 27.29 25.44 23.49 21.91 20.21 19.21 17.43 16.41 14.89 13.40 11.68 11.13  9.45
22.61 22.69 22.79 22.79 22.91 22.96 24.35 25.12 26.68 28.47 29.07 30.59 31.62 32.17 31.98 31.80 31.51 31.51 32.07 32.69 33.51 34.38 35.04 35.21 35.94
traj-105:
35.94 36.52 35.54 33.86 31.94 30.95 29.75 29.59 29.16 29.13 29.13 29.01 28.79 28.59 28.48 28.27 28.17 27.26 25.93 24.68 23.20 21.49 20.35 18.50 16.53 14.79 13.37 12.79 11.13  9.56
22.75 22.60 21.88 21.54 21.24 21.12 19.71 19.14 17.62 16.18 15.01 13.67 12.09 10.54  9.19  7.66  6.82  5.77  4.92  4.91  4.89  4.93  4.97  5.02  5.15  5.27  5.43  5.48  5.75  6.68
traj-106:
34.42 34.13 32.43 30.62 29.93 29.34 28.19 27.70 26.26 25.39 23.63 22.45 20.88 19.72 18.29 16.70 15.02 14.73 12.88
22.46 22.56 22.85 22.61 21.50 20.78 19.38 18.82 18.29 18.38 18.58 18.78 19.23 20.22 20.63 20.11 19.53 19.47 18.71
traj-107:
33.71 32.26 31.66 30.07 30.10 29.69 29.17 28.79 28.08 26.44 25.31 24.28 22.40 20.76
22.98 22.94 22.94 23.92 25.57 27.43 29.35 30.82 32.13 32.95 33.00 33.15 33.28 33.26
traj-108:
37.45 36.62 34.76 32.83 31.99 30.24 29.78 29.37 29.13 29.03 28.93 28.80 28.64 28.47 28.30 28.19 27.21 25.45 24.24 22.84 21.13 20.25 18.53 16.53 14.76 13.90 12.28 10.68  8.80
22.82 22.82 22.84 22.91 22.89 22.59 20.89 19.12 17.94 16.14 14.65 13.46 11.71  9.73  8.26  6.86  5.24  5.20  5.20  5.13  5.05  5.02  4.97  4.99  5.11  5.17  5.27  5.53  5.72
traj-109:
34.27 33.59 31.73 30.36 29.49 28.75 27.38 25.41 23.92 22.13 20.38 19.54 17.74 16.19 14.90 13.79
21.85 21.73 21.43 20.32 19.32 18.96 18.76 18.47 18.57 18.56 18.57 18.57 18.51 18.57 19.03 19.75
traj-110:
37.16 35.68 33.69 32.25 30.30 29.34 29.42 29.11 28.93 28.74 27.75 26.35 24.91 23.84
22.94 22.94 22.89 22.90 22.97 24.64 26.27 28.20 29.95 31.34 32.30 33.24 34.03 34.68
traj-111:
34.78 34.51 32.61 30.95 29.28 28.85 28.61 28.60 28.61 28.65 28.44 28.35 28.32 28.15 28.09 28.04 27.45 26.07 24.11 23.25 21.56 20.42 18.69 17.51 16.09 15.50 13.82 12.41 10.83  9.77  8.56  7.47  6.67  5.70
21.74 21.86 22.45 22.91 22.65 20.84 18.93 18.75 16.96 15.21 13.52 12.41 10.64  8.83  8.03  6.80  5.73  5.16  4.90  4.97  4.94  4.96  4.91  4.93  5.10  5.13  5.26  5.59  6.79  8.07  8.90  7.66  6.89  5.92
traj-112:
34.94 34.09 32.47 31.89 30.27 29.81 29.67 28.14 27.76 27.47 25.71 23.97 22.20 21.25 20.85
22.34 22.47 22.73 22.83 21.97 20.22 19.77 18.78 18.64 18.68 18.60 18.89 18.95 19.56 21.33
traj-113:
37.91 36.70 35.15 34.05 32.99 31.93 30.79 30.85 30.84 30.88 30.88 30.89 30.90 29.44 28.31 26.63 24.74 22.90 21.67 19.86 18.78 17.24 15.38
21.76 21.47 21.19 21.24 21.30 21.41 22.58 24.06 26.05 27.81 28.11 29.90 31.53 32.61 32.47 32.01 31.81 32.30 32.76 33.41 33.71 34.10 34.73
traj-114:
37.00 36.47 34.76 32.99 31.54 30.78 30.78 30.75 30.75 30.59 30.53 30.33 29.89 29.55 29.53 28.43 27.65 26.12 25.25 23.42 21.50 20.43 19.27 18.14 16.35 15.54 13.83 11.84 10.43  8.97  7.13
21.87 21.83 21.41 21.21 21.05 19.27 18.42 17.26 16.07 14.35 13.75 12.03 10.31  8.66  6.75  5.26  4.99  4.82  4.71  4.90  4.99  5.04  5.07  5.12  5.16  5.13  5.08  5.03  4.97  4.83  4.65
traj-115:
35.28 33.58 32.09 30.58 29.66 28.13 28.09 28.07 27.03 25.84 24.95 23.49 22.59 20.97 19.43 18.47 16.92 15.67 13.93 11.99 11.39 10.23
22.66 22.97 22.85 23.80 24.73 23.48 22.29 20.56 18.98 18.95 18.95 18.93 18.93 18.71 18.49 18.47 19.21 19.84 19.75 19.76 19.76 18.35
traj-116:
36.63 36.13 34.59 34.03 32.44 31.58 30.59 29.81 29.72 29.68 29.29 28.38 27.46 26.50 25.21 23.85 22.08 21.02 19.47 17.81 17.29
21.72 21.89 21.99 22.11 22.45 22.59 23.16 24.94 25.96 27.46 29.31 30.76 32.30 32.70 33.16 33.53 34.41 34.70 35.38 35.97 36.25
traj-117:
33.67 31.69 29.92 28.38 28.51 28.49 28.68 28.70 28.71 28.85 28.78 28.60 28.42 28.38 28.10 27.68 26.01 25.21 23.36 22.76 21.33 19.47 18.02 17.46 15.53 15.23 13.33 12.45 10.55
21.50 21.35 22.23 21.02 20.27 18.34 16.88 16.33 14.43 12.61 12.02 10.32  8.56  8.26  6.49  5.71  4.63  4.61  4.67  4.72  4.90  4.94  4.92  4.93  4.99  5.01  4.84  4.91  4.73
traj-118:
36.63 35.47 34.63 32.92 30.94 30.81 30.12 28.83 27.58 26.18 24.41 22.50 21.91 20.44
22.40 22.51 22.53 22.70 22.67 21.90 21.13 19.68 18.18 18.21 18.40 18.25 18.16 19.24
traj-119:
38.41 37.13 35.67 34.11 33.18 32.38 31.67 29.91 29.55 29.56 29.61 29.60 29.56 29.61 30.52
21.40 21.15 21.15 21.46 22.08 22.50 22.87 23.81 24.52 26.21 26.80 28.57 30.19 32.04 33.49
traj-120:
35.18 34.65 32.96 32.12 30.46 30.36 29.80 29.73 29.05 28.38 28.30 28.32 28.41 29.06 29.64 28.42 28.12 26.34 25.56 24.52 23.69 22.55 20.82 19.35 18.75 17.05 15.15 13.72 12.29 10.79  9.95  8.37  6.64  5.85
21.33 21.29 21.17 21.09 20.12 18.34 16.51 16.10 14.71 13.58 11.60 10.16  8.48  6.72  5.62  4.13  4.10  4.12  4.28  4.53  4.72  5.07  5.13  5.13  5.12  5.09  5.15  5.48  5.79  6.60  7.40  7.00  6.17  5.18
traj-121:
35.76 34.08 32.65 31.51 30.03 29.29 28.23 26.65 26.07 24.61 23.14 21.97 20.22 18.55 16.85
22.48 22.73 22.78 22.79 21.94 20.65 19.60 18.91 18.93 18.86 18.88 18.84 19.59 20.14 19.23
traj-122:
36.56 35.07 33.57 33.00 31.41 30.11 29.73 29.13 28.78 28.91 28.49 28.42 28.08 27.90
21.27 21.48 22.01 22.16 22.88 23.78 25.36 27.10 28.07 29.48 31.14 31.43 33.10 33.91
traj-123:
35.48 33.77 32.61 30.87 29.85 29.94 29.64 29.37 29.17 28.85 28.72 28.66 28.60 28.46 27.60 26.06 25.48 23.70 22.69 20.70 19.32 18.19 16.30 15.36 13.76 12.31 11.71 10.88 10.88
22.90 22.86 22.79 22.00 20.39 18.42 17.01 15.55 14.47 12.60 11.22 10.25  9.06  7.61  5.92  5.22  5.13  5.00  4.98  5.02  4.99  4.93  4.92  4.92  5.22  5.41  5.47  6.65  8.61
traj-124:
35.71 33.85 32.15 30.67 29.55 27.63 25.74 23.96 22.94 21.56 19.98 19.62 17.87 17.13 15.76 14.44 13.18 11.94 10.30  8.77  7.76
21.91 21.46 21.07 20.26 19.13 18.93 18.61 18.45 18.54 19.53 20.56 20.62 20.61 20.60 20.40 20.48 20.45 20.57 21.01 21.53 21.89
traj-125:
35.76 33.85 32.14 31.25 29.73 29.64 28.86 28.41 28.22 27.72 27.16 27.56 29.18
22.14 22.64 22.90 22.80 23.76 25.70 27.29 27.43 29.32 31.23 32.69 34.58 35.71
traj-126:
34.52 33.16 31.23 30.99 30.46 28.59 28.73 28.69 28.23 28.16 28.18 28.24 28.49 28.72 28.68 28.59 27.50 27.28 25.46 23.60 22.54 21.21 20.08 18.88 18.00 16.52 14.53 13.63 11.87 10.45  8.94  7.44
22.04 21.65 22.14 22.31 22.81 22.90 21.83 20.46 18.65 16.74 14.78 12.81 11.51  9.54  9.25  7.27  5.60  5.40  4.92  4.94  5.00  5.08  5.11  5.12  5.11  5.16  5.14  5.22  5.51  6.60  7.50  8.50
traj-127:
38.44 37.87 36.21 34.46 33.35 31.43 31.03 29.41 28.98 27.92 26.06 24.58 23.71 22.30 22.12 21.67 20.00 18.06 16.29 15.00
21.38 21.33 21.17 21.14 21.17 21.28 21.29 20.74 20.02 18.92 18.42 18.42 18.42 18.65 18.89 19.22 19.97 20.41 20.41 20.68
traj-128:
37.13 35.21 33.87 33.08 31.20 30.63 28.95 29.05 29.05 29.53 30.02 29.58 29.29 27.61 25.88 24.81 22.86 21.14 19.58 18.01 16.65 15.39 14.33 12.61 11.86 10.48  9.20  7.49
21.52 21.31 21.41 21.35 21.53 22.10 23.15 24.27 26.21 27.61 29.09 30.74 31.95 32.98 32.45 32.14 31.85 31.62 31.54 31.33 31.07 31.35 31.53 32.05 32.20 32.41 32.95 33.54
traj-129:
38.81 37.09 36.24 34.25 32.48 31.89 30.41 30.31 30.03 29.85 28.69 28.49 28.60 28.76 28.80 28.89 28.88 28.78 28.71 28.39 28.13 26.39 25.79 23.88 22.61 21.78 20.31 18.78 16.82 15.34 13.36 11.40  9.59  8.32  6.66  5.55
22.73 22.82 22.86 22.89 22.88 22.90 22.62 22.34 22.22 21.98 20.48 18.59 17.72 16.28 15.39 13.79 12.03 11.13  9.38  7.68  5.96  5.26  5.19  5.12  5.02  5.00  5.04  5.02  5.25  5.45  5.56  5.77  5.65  6.27  5.37  5.83
traj-130:
36.67 35.77 33.86 33.04 31.08 30.13 28.58 28.28 27.17 25.71 25.13 23.37 22.18 21.69 20.24 18.34 17.74 15.90 15.10 13.48 11.71 10.62  8.80
21.70 21.78 21.58 21.52 21.55 21.75 20.67 20.20 18.69 18.51 18.52 18.79 18.90 19.18 19.77 20.37 20.36 20.24 20.26 20.28 20.55 20.28 19.49
traj-131:
35.41 33.66 32.30 30.60 30.18 29.55 29.12 29.01 28.36 27.67 27.40 25.92 25.67 25.67 26.76 27.34 28.78 29.36
22.23 22.25 22.11 22.72 23.98 25.60 27.36 27.81 29.53 31.09 31.20 32.12 34.04 35.54 36.26 36.39 36.65 36.79
traj-132:
33.73 32.63 31.53 30.26 29.68 29.64 29.05 28.76 28.45 28.43 28.29 28.20 28.14 28.27 27.01 25.73 24.55 22.66 21.50 20.66 19.20 17.49 16.91 15.15 14.00 13.11 11.35 10.24  8.81  8.03  7.00
21.79 21.57 21.32 20.67 19.09 18.80 17.07 15.92 14.08 12.55 10.66  8.71  7.55  5.76  4.31  4.08  4.34  4.60  4.87  4.95  5.08  5.26  5.30  5.42  5.59  5.72  5.99  6.92  7.83  8.36  9.01
traj-133:
36.50 34.56 32.86 31.33 29.61 28.40 26.81 25.32 23.85 22.68 21.05 19.61 18.54 17.38 16.22 17.95 19.68 20.57
21.27 21.20 21.21 21.00 20.26 19.68 18.90 18.94 18.95 18.97 19.88 20.62 21.18 21.79 22.70 22.82 22.78 22.80
traj-134:
36.95 35.55 34.19 32.47 30.73 30.20 30.28 30.49 30.55 30.17 29.72 28.33 26.90 25.30 23.73 22.06 21.55
22.47 22.60 22.73 22.88 23.81 25.60 26.04 27.81 29.78 30.85 31.69 32.55 32.75 33.77 34.59 35.16 35.32
traj-135:
37.88 36.16 34.22 32.60 31.46 30.48 30.43 28.83 28.99 28.92 28.83 28.96 28.95 28.83 28.86 28.89 28.93 28.64 28.33 27.13 25.33 23.69 21.97 21.24 19.90 18.05 16.60 14.94 13.06 11.71 10.03  8.95  7.45
22.95 22.93 22.86 22.81 22.79 22.69 22.10 22.04 20.74 18.93 17.48 16.45 14.79 13.57 11.91 11.34  9.57  7.70  6.56  5.12  5.13  5.09  5.05  5.04  5.07  5.00  5.00  4.96  5.18  5.56  6.43  6.73  7.51
traj-136:
38.38 36.99 35.05 33.63 31.87 30.97 29.26 29.00 28.06 28.08 27.05 26.45 24.96 24.37 22.60 21.00 19.21 18.16 17.32 15.48 13.78 12.28 11.70 10.18  9.60
22.34 22.65 22.72 22.84 22.87 22.88 21.89 21.74 20.18 19.89 18.22 18.23 18.37 18.46 18.46 18.34 19.05 19.68 19.79 19.91 20.12 20.27 20.20 20.19 20.13
traj-137:
34.37 33.31 31.95 30.80 30.85 30.86 30.85 30.76 29.97 28.84 27.31 25.39 23.46 21.63 20.68 19.61 18.51 16.89 15.80
21.92 22.37 22.98 24.25 26.01 26.61 28.38 29.81 31.62 33.07 33.05 32.85 32.90 33.08 33.19 33.05 32.97 33.08 33.12
traj-138:
35.90 34.96 33.04 31.75 30.74 29.36 29.27 29.16 29.58 29.59 29.63 29.74 29.80 29.80 29.95 29.66 29.03 27.19 25.42 23.99 22.54 20.82 19.84 18.26 17.68 15.97 14.06 12.38 11.52 10.42  8.70  7.55
21.89 21.87 21.85 21.42 20.86 20.36 19.13 18.06 16.49 14.59 13.37 11.97  9.97  9.67  7.87  6.73  5.52  5.37  5.01  4.96  4.95  4.97  4.96  4.97  4.95  5.00  5.13  5.31  5.41  5.85  6.25  6.52
traj-139:
35.24 34.16 32.43 30.92 29.18 28.05 27.07 25.61 25.01 23.27 22.39 20.61 19.94
22.44 22.57 22.65 22.62 21.67 20.02 18.57 18.68 18.71 18.76 18.91 19.57 19.04
traj-140:
35.91 34.43 32.83 31.52 30.69 30.17 30.12 29.92 29.74 29.47 28.51
21.41 21.38 21.62 21.92 23.71 25.61 27.00 28.74 30.04 31.19 32.33
traj-141:
36.20 35.08 33.68 32.54 30.84 30.73 30.16 29.75 29.70 29.37 29.03 28.60 28.36 28.65 28.35 28.32 27.63 26.09 24.77 23.37 21.41 19.45 18.61 16.98 15.19 13.81 12.38 11.26  9.33
22.54 22.63 22.71 22.80 21.98 20.92 19.25 17.50 17.10 15.48 13.64 12.20 11.32  9.45  7.78  6.96  5.78  4.93  4.97  5.30  5.16  5.00  4.93  4.80  5.08  5.32  5.57  5.77  5.88
traj-142:
38.37 37.23 35.49 35.19 33.49 32.35 30.95 29.57 28.53 27.55 25.84 24.97 23.19 22.89 22.10 20.63 19.46 17.98 16.38 14.56 13.13 11.27  9.91  9.18
22.23 22.34 22.51 22.52 22.65 22.72 22.82 21.80 20.20 18.77 18.57 18.51 18.51 18.52 18.88 19.55 20.21 20.97 22.01 21.50 21.25 20.93 20.85 20.77
traj-143:
36.74 35.61 34.18 32.19 31.07 30.80 29.65 29.83 29.73 29.34 28.90 27.73 26.12 24.40 23.50 22.39 21.09 19.57 18.13 16.62 14.63 14.32 12.56 12.26 10.44  9.46  9.02
22.96 22.93 22.89 22.81 22.79 23.10 24.24 25.52 27.42 29.31 30.57 31.85 32.31 32.74 33.07 33.13 33.07 33.07 32.98 32.65 32.74 32.99 33.07 33.12 33.42 34.73 35.46
traj-144:
38.91 36.92 35.16 34.15 32.54 31.76 31.50 29.96 29.41 29.18 29.03 28.97 28.80 28.62 28.59 28.52 28.47 28.25 26.29 24.34 22.81 21.36 20.38 19.09 17.82 15.84 14.11 12.32 10.84
22.68 22.81 22.80 22.57 21.90 21.37 21.01 20.12 18.52 16.54 15.85 14.17 12.98 11.63 10.19  8.70  6.95  5.22  5.19  5.04  4.98  4.94  4.91  4.75  4.75  4.67  4.57  4.35  4.21
traj-145:
35.96 34.80 32.86 31.48 29.65 28.79 28.09 27.27 25.53 24.64 22.87 21.21 19.67 18.53 16.61 15.33 14.44 12.94 11.47
22.11 21.46 21.71 22.42 22.25 20.98 19.95 18.85 18.86 18.87 18.90 18.93 20.06 20.98 21.11 21.15 21.17 21.50 21.69
traj-146:
36.72 36.17 34.52 33.62 31.94 31.66 29.89 29.27 28.84 28.54 28.24 27.68 27.01 25.05 24.08
21.49 21.50 21.36 21.41 22.24 22.36 23.24 24.51 26.26 27.61 29.48 31.36 31.41 31.57 31.65
traj-147:
37.24 35.79 33.96 33.22 31.55 30.21 29.11 28.99 28.98 29.06 29.10 29.14 29.04 28.98 28.66 28.45 27.51 26.49 24.79 23.10 21.26 19.44 18.84 16.87 15.41 13.42 11.92 10.52  9.81  9.27
22.14 21.75 21.55 21.54 21.63 20.95 19.72 18.41 17.53 16.09 15.37 13.61 11.70 10.04  8.68  7.16  5.56  5.36  4.99  5.01  5.11  5.12  5.14  5.32  5.57  5.67  5.70  6.66  6.96  7.56
traj-148:
38.72 37.13 35.46 33.94 32.94 30.95 29.08 28.08 28.11 27.06 26.19 25.01 23.85 22.39 21.80 19.84 18.13 17.18 15.31 13.34 11.65 11.40
21.31 21.41 21.43 21.33 21.48 21.61 21.70 20.13 19.83 18.37 18.33 18.40 18.46 18.57 18.61 18.85 18.86 19.82 19.44 19.18 18.26 18.11
traj-149:
38.01 37.42 35.70 35.11 33.36 32.18 30.62 30.40 29.92 29.65 29.43 28.99 28.25 27.61 25.70 23.85 22.16 21.06 19.24 18.11
22.90 22.90 22.92 22.95 22.94 22.94 23.98 24.64 26.34 27.89 28.77 30.06 30.99 31.67 32.05 32.26 32.93 32.99 33.66 34.72
traj-150:
35.40 34.61 32.94 31.64 30.65 30.62 29.55 29.28 28.59 28.57 29.07 29.11 28.84 28.87 28.59 28.53 28.50 28.48 28.42 28.36 28.05 27.09 25.31 23.62 21.67 19.86 19.26 17.53 15.89 14.24 12.63 11.78 10.33  9.44  8.39  7.29  5.53  5.24
22.08 22.49 22.86 22.91 24.58 25.11 26.60 25.31 24.26 22.30 21.15 20.35 18.74 17.98 16.43 14.43 12.60 10.96  9.78  8.00  6.07  5.10  4.94  4.98  4.98  5.04  5.07  5.17  5.15  5.14  5.44  5.64  6.65  6.97  7.49  7.90  8.38  8.45
traj-151:
36.95 35.37 33.98 32.03 30.58 29.99 29.04 28.48 28.00 27.30 25.61 23.84 21.87 20.07 19.18 17.28 16.28 15.35
21.68 22.16 22.48 22.79 22.80 22.66 22.29 20.90 19.32 18.25 18.15 18.22 18.32 18.43 19.47 19.90 19.39 18.98
traj-152:
33.86 32.17 31.59 30.45 30.40 30.30 30.11 29.03 29.44 30.04 30.61 31.59 32.36
22.71 22.86 22.87 24.44 25.03 26.77 28.17 29.80 30.56 31.75 32.55 33.89 34.89
traj-153:
36.64 34.98 33.04 31.56 32.00 31.27 29.69 29.60 29.16 28.87 28.72 28.58 28.35 28.28 28.08 27.61 25.89 24.72 23.04 22.51 21.03 19.57 17.60 16.03 14.44 12.51 10.58  8.69  8.10  6.56  5.10
22.77 22.85 22.87 22.93 21.68 21.38 20.21 18.53 16.85 14.93 12.99 11.20  9.34  8.29  6.42  5.63  5.35  5.12  5.05  5.03  5.01  5.00  4.93  4.85  4.83  4.87  5.01  5.02  5.04  5.08  5.18
traj-154:
33.60 31.94 30.15 29.79 28.59 28.08 26.30 26.00 24.23 23.65 21.68 21.05 19.34 18.80 16.96 15.04 13.58 12.10 11.28  9.37  7.88  6.30  5.50
22.11 22.41 22.25 22.24 20.74 19.19 18.31 18.33 18.44 18.52 18.81 19.28 20.14 20.07 20.53 20.44 20.60 21.32 21.73 21.43 20.24 19.20 18.75
traj-155:
36.96 35.46 33.48 31.52 30.92 28.94 28.95 29.04 29.13 29.13 29.06 28.93 28.94 27.35 26.67 24.77 23.55 21.62 20.05 18.54 17.10 15.28 14.40
21.14 21.20 21.16 21.23 21.19 21.48 23.25 24.13 25.52 27.06 28.13 29.87 31.06 31.95 31.68 31.35 31.41 31.30 32.16 32.62 33.06 33.51 33.67
traj-156:
35.49 33.87 31.92 30.60 29.99 29.20 28.09 28.12 28.14 28.12 28.41 29.02 29.24 28.16 26.71 25.22 23.73 22.55 20.78 18.99 17.10 15.46 13.76 12.00 10.53  9.92
21.37 21.52 21.49 20.27 19.62 17.92 16.27 14.28 13.11 11.94 10.06  8.72  7.03  6.53  5.85  5.89  5.90  5.83  5.76  4.98  4.93  4.92  4.89  4.84  5.52  7.00
traj-157:
37.27 35.81 33.82 32.42 31.29 30.36 29.38 28.80 28.07 27.48 25.52 24.64 22.87 21.31 19.59 18.04 17.03
22.96 22.92 22.94 22.92 22.87 23.37 23.65 21.81 20.03 18.91 18.60 18.68 18.95 19.87 20.85 19.67 19.08
traj-158:
36.73 35.54 34.09 32.40 30.76 30.48 30.12 29.36 29.39 28.05 26.72 24.94 23.20 21.29 20.44
22.88 22.89 22.93 22.93 23.86 25.60 27.22 29.06 29.36 30.54 32.00 32.30 32.86 33.10 33.19
traj-159:
34.59 33.11 31.78 30.28 30.15 29.40 28.80 28.31 28.10 28.08 28.14 28.18 28.26 28.30 28.38 28.45 27.60 26.72 24.83 23.20 21.31 19.86 17.92 16.15 14.98 13.02 12.42 10.47  9.46  8.17  6.27  5.63
21.71 22.31 22.78 21.76 21.49 19.74 18.60 17.68 15.82 14.92 13.07 12.22 10.77  9.01  7.72  6.79  5.43  4.95  4.99  4.92  4.95  4.90  4.88  4.95  5.15  5.39  5.44  5.49  5.44  5.41  5.06  4.66
traj-160:
36.98 36.68 34.72 32.80 31.37 29.51 28.93 28.12 27.04 25.28 23.81 22.07 21.77 19.98 18.05 17.53 15.93 14.30 12.86 10.97
22.10 22.07 22.13 22.18 22.31 21.66 21.46 20.22 18.58 18.60 18.78 18.82 18.81 19.19 19.10 18.94 18.65 18.81 18.99 19.24
traj-161:
34.47 33.03 32.47 30.82 30.47 30.10 29.79 29.61 29.94 30.28 28.98 28.32 26.81 25.58
22.05 22.27 22.36 23.42 25.16 26.81 28.51 29.61 30.62 32.02 33.03 33.11 33.31 33.90
traj-162:
36.50 36.06 34.23 32.33 30.86 30.25 29.90 29.75 29.53 29.39 29.23 29.01 28.64 28.43 28.00 27.61 26.44 25.06 23.08 21.11 19.15 17.64 15.70 14.90 13.01 12.38 10.62  9.25  7.52  5.70
22.64 22.49 21.88 21.64 20.60 20.03 18.67 17.12 15.27 14.38 12.38 10.92  8.96  7.94  6.15  5.73  5.33  5.00  5.04  4.98  4.79  4.67  4.50  4.44  4.37  4.34  4.30  4.31  4.27  4.20
traj-163:
35.71 34.01 32.49 31.02 30.48 28.62 28.37 28.11 28.01 26.20 24.41 22.93 21.39 20.50 18.55 18.14 16.19 14.71 13.08 11.26 10.70  8.99
21.27 21.42 21.53 22.06 22.24 22.05 22.22 20.29 19.50 18.80 18.78 18.82 19.59 20.37 20.60 20.63 20.94 21.13 21.31 22.05 22.27 22.62
traj-164:
33.74 32.61 31.35 30.61 30.32 30.20 30.26 29.22 29.59 27.66 26.34 24.94
22.27 22.45 22.94 24.27 26.23 27.07 28.96 30.55 32.19 32.44 31.84 31.19
traj-165:
38.64 37.72 35.96 33.98 33.33 31.71 30.07 29.56 29.24 29.21 29.22 28.99 28.75 28.47 28.19 28.11 27.19 26.04 24.18 22.73 20.98 19.34 17.66 15.83 14.30 13.16 11.75 10.94  9.92  9.58
21.52 21.50 21.46 21.39 21.36 21.02 20.14 19.06 17.82 17.47 15.69 13.92 12.10 10.17  8.46  7.58  5.84  5.52  4.98  5.08  5.09  4.92  4.99  4.87  5.03  5.22  5.60  6.44  7.54  8.31
traj-166:
34.35 32.66 31.67 30.08 29.95 29.02 28.39 26.72 25.82 24.36 22.60 21.70 21.00 20.51
21.49 21.76 22.28 21.48 21.21 19.62 18.94 18.52 18.47 18.45 18.43 18.47 19.25 19.57
traj-167:
36.45 34.97 33.17 32.65 31.59 30.56 30.47 30.18 30.15 30.46 31.04 32.19
21.76 21.41 21.46 21.43 22.56 23.99 24.28 26.23 28.16 29.91 31.12 32.58
traj-168:
36.20 36.80 36.03 34.13 32.36 31.56 30.42 29.94 29.80 29.52 29.34 29.19 29.13 28.82 28.56 28.46 28.17 27.82 26.41 25.29 23.48 22.04 20.95 19.27 17.89 16.46 14.53 13.38 11.90  9.96  9.41  7.63  6.56  5.02
22.44 22.36 21.88 22.03 22.10 21.77 20.30 18.80 17.51 15.57 14.36 12.51 12.25 10.51  9.02  8.17  6.44  5.96  5.35  5.13  5.01  5.00  5.01  4.97  5.04  5.08  5.29  5.40  5.56  5.55  5.48  5.11  4.91  4.60
traj-169:
34.15 33.37 31.78 30.72 29.46 28.13 28.10 27.50 25.78 24.60 23.13 21.94 20.20 19.55 18.13 16.60 15.33 13.68 12.15 10.52  9.03  8.04  6.62  5.53
21.17 21.30 21.37 21.42 21.61 20.14 19.84 18.70 18.72 18.90 18.92 18.95 19.53 20.29 21.59 21.62 21.69 21.60 21.38 21.06 20.55 20.21 19.77 19.45
traj-170:
37.48 35.89 35.31 33.80 32.41 31.07 29.75 29.21 28.47 28.73 29.05 29.42 29.78 30.14 29.15 28.05 26.15 24.52 22.99 21.63 20.06 18.52
21.20 21.40 21.52 22.09 22.29 22.83 23.41 23.88 25.44 26.59 27.89 28.86 29.94 31.11 32.70 33.03 32.46 31.94 31.45 31.47 32.22 32.52
traj-171:
36.47 35.18 33.29 31.47 29.95 29.39 29.09 29.05 29.05 29.09 29.14 29.11 29.13 28.89 28.98 27.28 25.70 23.98 23.17 21.48 19.73 18.74 17.17 15.37 13.41 12.02 10.70  9.09  7.22  6.90  5.18
22.52 21.66 21.47 21.14 20.09 19.52 18.03 16.28 14.66 13.50 11.64 10.29  8.70  7.37  6.33  5.81  5.51  5.28  5.24  5.17  5.10  5.06  4.98  4.92  4.84  4.79  4.78  4.75  4.73  4.72  4.64
traj-172:
33.97 32.28 31.70 30.20 29.47 28.73 28.06 26.36 25.76 24.01 23.42 21.92 20.17 19.49 17.87 17.67 15.92 14.29 12.43 10.50  9.52  8.70  7.92
22.39 22.70 22.76 21.82 21.07 20.29 19.46 18.86 18.88 18.93 18.94 18.97 19.72 19.99 20.96 21.19 21.84 21.92 21.39 20.93 20.65 19.58 18.50
traj-173:
36.99 35.61 34.76 33.60 31.91 30.35 29.42 28.75 28.64 28.46 28.10 27.89 26.17 24.91 22.94 22.25 20.40 18.94 16.96 16.66 16.53
22.26 22.60 22.78 22.84 22.98 23.97 24.86 26.73 27.20 28.87 30.58 31.10 31.48 31.66 31.67 31.64 31.56 31.58 31.70 31.67 31.94
traj-174:
35.95 34.80 33.10 32.30 30.66 29.93 28.24 28.40 28.51 29.19 29.15 29.04 29.06 28.99 28.95 28.80 28.62 28.51 28.40 28.21 27.81 26.01 25.20 23.50 21.83 20.97 19.22 18.68 16.90 15.22 13.75 12.07 11.49 10.25  9.84  9.74  8.18  7.15  5.96
22.23 22.41 22.71 22.78 23.91 25.34 24.40 22.59 22.01 20.22 19.35 17.44 15.55 14.21 12.81 11.11  9.64  8.50  7.64  6.49  5.70  5.06  5.03  5.08  5.13  5.09  4.99  4.90  5.00  5.22  5.36  5.79  5.95  7.38  8.09  7.67  6.49  5.90  5.12
traj-175:
38.03 36.30 34.65 33.77 32.20 30.32 29.79 28.69 27.50 25.54 24.96 23.47 21.56 19.82 19.30 18.10 17.65 16.27
21.32 21.20 21.21 21.20 21.52 21.25 20.60 19.51 18.69 18.61 18.60 18.62 18.85 19.44 19.62 20.58 22.00 22.52
traj-176:
38.46 37.07 35.94 35.07 33.94 32.58 31.53 29.88 28.75 28.49 28.64 28.78 28.58 27.56 26.75 25.16 23.42 22.13 20.86 19.40 18.80 16.94 16.48 15.39 13.85 12.40
21.11 22.04 22.24 22.36 22.56 22.75 22.94 23.44 24.06 26.01 27.50 29.03 30.76 32.11 32.20 32.22 32.05 31.69 31.28 31.52 31.49 31.78 31.97 33.58 34.84 35.98
traj-177:
38.57 36.87 35.98 34.82 33.96 32.21 30.58 30.15 29.84 28.19 28.27 28.42 28.71 28.62 28.52 28.48 28.26 28.16 28.24 28.22 28.26 28.09 27.12 25.22 23.56 22.73 21.05 20.25 18.51 17.68 15.90 13.97 12.62 11.26  9.54  8.38
22.57 22.80 22.79 22.85 22.85 22.87 23.69 24.30 25.10 25.02 23.40 22.61 20.68 18.90 17.74 16.45 14.50 13.15 11.41  9.64  8.46  6.68  5.08  5.04  5.01  5.03  5.06  5.04  5.06  4.98  4.96  5.03  5.32  5.69  6.65  8.27
traj-178:
35.56 35.01 33.06 31.68 29.75 29.28 28.09 28.13 27.29 25.82 24.38 22.90 21.44 20.87 19.09 18.25 16.34 14.81 14.29 12.50
22.11 22.16 22.33 22.49 22.73 22.75 21.28 19.41 18.03 18.22 18.40 18.57 18.85 18.99 19.36 19.49 19.41 20.16 20.34 21.13
traj-179:
33.99 32.09 31.86 30.17 29.87 29.59 28.13 28.19 28.28 28.52 28.97 29.03 29.44 28.92 27.84 26.30 24.76 23.29 22.56
21.95 21.55 21.51 21.21 21.19 21.65 22.99 23.88 25.61 27.39 29.05 29.34 31.29 33.14 34.49 34.59 34.74 34.72 34.73
traj-180:
34.90 33.07 31.20 29.81 28.55 28.64 28.68 28.78 28.88 29.00 28.73 28.65 28.40 28.19 27.16 25.90 24.20 22.78 21.09 19.15 17.56 15.87 13.96 12.23 11.23  9.60  9.03
21.64 21.84 21.24 20.31 18.81 17.65 16.60 15.38 13.68 12.90 11.49 10.11  8.34  6.45  5.09  4.89  4.83  4.84  4.85  4.80  4.82  4.83  4.87  4.89  4.74  4.35  4.13
traj-181:
37.64 35.74 34.68 32.96 32.36 30.62 29.82 29.55 28.36 27.33 25.76 24.88 22.92 21.87 21.65 20.33 18.41 16.66 15.70 14.13 13.57
21.69 22.19 22.56 22.65 22.61 21.99 20.57 20.13 19.13 18.46 18.18 18.20 18.25 19.00 19.21 20.49 19.95 19.59 19.21 19.53 19.66
traj-182:
33.74 33.44 31.62 30.02 29.83 29.29 28.37 28.56 28.56 28.38 28.35 28.97 29.37
21.35 21.34 22.02 23.08 23.52 25.36 26.92 28.67 29.27 31.05 31.35 33.04 34.38
traj-183:
37.73 36.36 35.22 34.09 32.41 30.42 30.24 29.62 28.85 29.11 28.98 28.68 28.51 28.47 28.32 28.27 28.38 28.48 28.71 28.61 27.63 26.24 25.32 23.70 21.91 20.45 18.63 16.68 15.21 13.48 11.56  9.84  9.24  7.80  6.23
22.21 22.49 22.66 22.68 22.75 22.67 22.29 20.47 20.02 20.17 18.36 16.94 15.69 14.90 12.99 11.44  9.90  9.44  7.65  7.38  5.76  4.89  4.87  4.81  4.80  4.89  4.90  4.95  4.98  4.90  5.08  5.29  5.34  6.40  7.37
traj-184:
37.85 36.30 35.07 33.11 32.41 31.63 30.36 28.80 28.37 27.15 26.27 24.52 23.32 21.57 20.15 19.53 18.08 16.17 14.82 14.10 13.07
21.62 21.42 21.37 21.66 22.08 21.97 21.55 20.63 20.16 18.86 18.86 18.91 18.95 18.98 20.15 20.79 20.88 20.85 20.29 19.98 19.10
traj-185:
38.38 37.25 35.86 34.12 33.26 31.49 31.33 29.85 29.18 28.71 28.64 28.56 27.01 25.19 24.20 22.57 20.94 20.45 19.08
22.28 22.50 22.81 22.85 22.87 22.96 23.21 24.47 26.31 27.70 29.17 30.04 31.24 31.47 32.69 32.68 32.07 31.84 31.07
traj-186:
34.28 33.11 31.93 30.47 30.35 30.33 30.28 30.25 29.66 29.04 28.42 28.22 28.40 28.34 28.12 28.08 27.14 25.22 23.23 22.19 20.57 19.02 17.12 15.29 14.54 13.26 12.16 10.72  9.33  8.14  6.29
22.80 22.83 22.89 21.90 20.73 19.84 18.08 17.49 15.59 14.27 12.47 11.48  9.56  8.96  7.20  6.90  5.17  4.92  5.00  4.95  4.89  4.81  4.78  4.71  4.55  4.64  4.82  5.13  5.50  6.13  6.02
traj-187:
34.93 32.98 31.25 30.95 30.81 30.32 29.01 28.21 26.54 25.36 23.61 22.43 21.65 19.93 18.25 17.23 15.52 13.83 12.05 11.03  9.19  8.94
22.99 22.98 22.86 22.83 21.95 21.33 19.86 19.23 18.77 18.82 18.91 18.91 19.31 19.92 20.50 21.18 20.69 20.23 19.73 19.41 18.88 18.81
traj-188:
33.73 31.73 30.71 29.69 29.72 29.52 29.10 28.08 26.78 25.08 23.16 22.39 20.55 19.34 17.97 16.96 15.38 13.80
21.67 21.76 22.10 23.78 25.40 27.37 29.20 30.59 32.02 32.32 31.85 31.75 31.66 31.65 31.87 31.96 32.16 32.38
traj-189:
36.18 34.95 33.33 32.20 31.25 29.80 28.97 29.16 28.64 28.71 28.60 28.31 28.45 28.71 28.73 27.41 26.48 24.61 23.22 21.82 20.73 19.56 17.83 15.91 14.18 12.20 10.46  9.85
21.07 21.15 22.29 22.18 21.69 20.86 19.06 17.20 15.50 14.02 12.33 10.42  8.82  8.67  6.74  5.70  4.93  5.00  4.95  5.00  5.01  5.03  5.00  5.04  5.05  5.24  5.92  6.96
traj-190:
34.14 33.00 31.88 29.99 29.69 29.00 27.39 26.28 25.10 23.62 21.85 19.92
22.44 22.54 22.54 22.43 21.49 19.80 18.71 18.66 18.66 18.70 18.81 19.23
traj-191:
38.26 37.40 36.22 35.09 33.63 31.63 30.00 29.85 28.98 29.27 29.68 30.04 29.91 28.38 27.32 25.46 24.57 22.79 22.50 20.63 19.31 18.44 16.67 14.82 13.81 12.08
22.74 22.80 22.85 22.86 22.84 22.91 23.89 24.15 25.95 27.31 28.91 30.21 31.69 32.60 32.96 33.45 33.45 33.71 33.64 33.53 33.43 33.31 33.53 34.04 34.08 34.72
traj-192:
36.68 35.50 34.37 32.67 30.97 30.37 29.91 28.99 28.89 28.93 28.91 28.91 28.90 28.92 28.99 28.74 28.62 27.38 27.19 25.37 24.64 23.03 22.22 20.58 18.58 18.28 16.29 15.99 14.23 12.25 11.65  9.89  8.05
22.28 22.37 22.53 22.70 22.72 22.67 22.07 20.38 18.61 16.74 15.02 14.29 12.57 11.68  9.98  8.07  7.18  5.75  5.51  4.80  4.71  4.94  4.92  4.92  5.00  5.01  5.06  5.07  4.95  4.92  4.87  4.74  4.30
traj-193:
34.29 33.69 31.94 30.65 29.98 29.25 28.04 26.57 25.09 23.59 22.71 20.98 19.58 18.65 17.04 15.07 13.76 11.99 11.30  9.94
22.79 22.83 22.82 21.87 20.73 19.42 18.85 18.76 18.83 18.90 18.97 19.56 20.94 21.60 22.08 22.21 21.60 20.70 19.84 18.62
traj-194:
34.72 33.84 32.58 31.72 29.85 29.38 29.25 29.23 29.31 29.45 29.22 29.09 28.62 28.29 26.33 24.52 23.45 21.66 21.09 19.52 18.69 16.97 16.44
21.39 21.51 21.71 21.79 22.45 22.63 22.90 24.75 26.31 27.38 29.21 30.14 31.84 32.76 33.14 32.69 33.20 33.88 34.05 34.47 34.67 35.18 35.29
traj-195:
36.58 35.53 33.92 32.52 30.87 30.79 30.57 30.30 29.60 29.33 28.50 28.45 28.53 28.50 28.39 28.34 28.26 28.34 28.50 26.74 25.15 23.80 22.11 20.14 18.97 17.55 16.12 14.70 13.27 12.68 11.12  9.41  7.61  6.16  5.38
21.28 22.02 22.42 22.72 22.70 22.10 21.90 21.33 19.82 19.23 17.66 15.73 13.92 12.47 10.96 10.45  8.64  7.32  5.37  4.59  4.85  4.94  4.99  4.99  4.95  4.92  4.89  4.88  4.80  4.80  4.97  5.37  6.08  5.12  4.37
traj-196:
38.37 36.51 35.06 33.35 31.98 30.61 30.61 29.97 29.47 27.74 26.30 24.52 23.06 22.17 21.01 19.44 18.39 17.19 15.62 14.55 13.42 12.01 10.89
21.74 22.36 22.57 22.74 22.90 21.93 21.63 20.02 19.06 18.11 18.23 18.39 18.50 18.57 19.20 20.32 20.25 20.18 20.07 19.98 19.94 19.87 19.78
traj-197:
33.70 32.71 30.96 29.32 29.08 29.12 29.22 29.18 29.23 28.16 27.48 26.07
21.66 22.16 23.12 23.93 25.67 26.53 28.23 30.11 31.63 33.00 33.42 34.71
traj-198:
33.94 32.17 30.68 29.96 29.01 28.95 28.51 28.17 28.18 28.20 28.17 28.14 28.14 28.10 27.03 25.72 24.30 23.14 22.05 20.66 18.73 16.75 15.46 14.51 12.60 11.75  9.82
21.54 21.36 20.55 20.04 18.60 18.23 16.62 14.72 13.57 11.57 11.04  9.44  8.30  6.70  5.12  5.10  4.99  4.99  5.08  5.13  4.74  4.67  4.70  4.78  5.00  5.08  5.49
traj-199:
37.12 36.24 35.13 33.40 31.91 30.28 29.96 28.41 28.39 28.33 28.26 26.62 25.15 23.67 21.98 20.10 18.26 17.18
22.47 22.62 22.82 22.91 22.90 23.88 24.70 23.47 22.03 20.75 19.03 18.27 18.47 18.59 18.62 18.63 18.42 18.02
traj-200:
34.54 33.44 31.99 30.94 30.59 29.43 29.63 29.89 30.10 29.82 29.42 28.10 26.47 24.51 24.06 22.21 20.57 18.87 17.55 15.87 14.14 13.01
21.22 21.30 21.26 21.30 21.71 22.46 24.34 26.03 27.97 29.34 31.23 32.61 32.38 32.09 32.13 31.79 31.61 31.73 31.86 32.40 33.07 34.51
traj-201:
34.23 34.77 33.86 32.29 31.80 30.65 29.97 29.91 29.77 29.41 29.08 28.89 28.81 28.51 28.21 28.08 27.04 25.38 23.62 21.91 20.24 18.30 16.72 14.92 13.03 11.55  9.99  8.46  6.83  5.47
22.74 22.57 22.00 21.52 21.17 20.12 18.38 17.54 16.34 14.40 13.01 11.27 10.59  8.96  7.22  6.63  5.34  5.13  5.07  5.11  5.05  5.10  5.20  5.18  5.56  5.83  6.30  6.83  7.23  7.33
traj-202:
36.19 34.50 33.92 31.94 31.67 29.98 28.01 28.06 27.04 25.86 24.41 22.64 22.34 21.08 20.88 18.90 18.11 16.35 14.60 14.09 12.34 10.99  9.55  7.55  5.85
22.29 22.58 22.64 22.74 22.61 21.91 21.67 20.48 18.87 18.80 18.82 18.94 18.93 19.68 19.90 20.08 20.29 20.80 20.32 20.18 19.62 19.83 21.12 21.05 20.94
traj-203:
36.50 36.29 34.56 33.17 31.46 29.97 29.20 28.65 28.48 28.05 27.73 27.40
21.45 21.67 22.29 22.56 22.84 23.94 25.51 26.77 28.30 30.24 31.03 32.61
traj-204:
38.06 36.35 34.58 32.84 31.14 29.40 28.82 28.85 28.83 28.94 28.98 29.32 29.06 28.76 28.52 28.33 27.25 25.30 23.61 21.70 19.96 18.04 16.17 14.28 12.36 10.95
22.49 22.88 22.85 22.73 22.75 21.89 20.50 18.80 17.05 15.19 13.93 12.03 10.28  8.62  7.17  6.02  4.99  4.92  4.88  4.99  5.05  5.09  5.11  5.39  5.67  5.93
traj-205:
37.52 35.77 34.33 32.85 31.42 30.42 29.13 27.37 26.10 24.33 22.38 20.67 19.39 18.25 17.36 15.71 14.10
22.71 22.96 22.91 22.88 21.84 20.85 19.73 18.88 18.38 18.39 18.49 19.33 20.01 20.17 20.38 20.68 21.18
traj-206:
37.13 35.38 34.20 32.44 31.85 30.32 29.92 29.89 29.89 29.89 29.61 28.18 26.25 24.74 23.32 21.55 19.79 18.53 17.28 15.76 14.61
22.77 22.85 22.88 22.88 22.90 23.86 24.58 26.47 28.23 29.04 30.82 31.98 32.31 32.05 31.65 31.87 32.28 33.17 34.12 35.24 35.82
traj-207:
35.57 34.15 32.19 31.90 30.61 29.76 29.44 29.66 29.79 29.40 29.23 28.55 28.43 28.29 28.19 27.01 25.55 23.59 21.89 20.38 18.44 16.54 15.13 13.94 12.46 11.40 10.38  8.82  8.11
22.44 22.60 22.79 22.73 21.82 20.15 18.90 17.44 16.56 14.78 13.33 11.53  9.71  8.07  6.60  4.99  5.01  4.99  5.00  4.99  4.98  5.10  5.11  5.11  5.23  5.60  5.97  7.11  8.12
traj-208:
35.84 34.79 33.27 31.71 30.14 29.48 28.70 28.16 27.42 25.45 23.72 22.20 21.52 19.90 18.49 17.79 16.22 15.01 13.92
21.48 21.63 21.92 22.02 21.96 22.08 21.81 20.01 18.73 18.68 18.44 18.74 19.13 19.57 19.67 19.87 20.35 20.68 20.95
traj-209:
35.12 33.17 31.95 30.33 29.81 29.25 29.06 29.24 29.36 29.21 28.42 28.43 28.73 29.76 30.56
21.76 21.43 21.60 22.25 23.24 24.45 25.01 26.58 27.93 29.51 31.13 32.21 33.95 34.61 34.82
traj-210:
35.59 33.66 31.88 30.43 29.40 28.52 28.45 28.50 28.41 28.47 28.55 28.85 28.90 28.48 28.02 26.14 24.36 22.65 20.85 19.35 18.78 17.07 15.34 14.77 13.00 11.59  9.98  9.52
21.21 21.20 21.06 20.27 18.66 17.28 16.65 14.97 13.60 11.87 10.41  8.55  7.60  6.09  5.78  5.09  4.72  4.41  4.54  4.77  4.89  5.04  5.15  5.28  5.43  5.49  6.37  7.49
traj-211:
34.36 32.68 31.62 30.12 28.78 27.43 25.49 23.72 22.84 21.36 20.56
22.38 22.70 22.85 21.73 20.39 18.99 18.74 18.91 18.95 19.78 20.44
traj-212:
36.82 35.95 34.03 32.29 30.84 30.57 30.43 30.24 30.00 29.17 27.81 26.54 25.03 23.48 22.41 21.39 20.27 18.58 17.38 16.53 14.67 14.16 12.26 11.23  9.40
22.28 22.48 22.74 22.85 23.79 25.16 26.27 28.07 29.81 31.62 32.13 32.74 32.66 32.44 32.26 32.06 31.84 32.07 32.22 32.38 32.63 32.59 32.55 32.59 32.59
traj-213:
35.88 35.07 33.59 32.11 30.88 29.89 29.60 29.26 28.73 28.70 28.64 28.60 28.60 28.47 28.23 28.09 26.25 25.73 23.88 22.12 20.42 18.69 16.74 16.15 14.52 13.25 11.27 10.00
22.45 22.06 22.16 22.24 21.99 20.44 19.48 17.56 16.17 14.28 12.52 11.03 10.15  8.55  6.65  5.82  5.05  5.00  5.02  5.03  5.02  5.01  4.98  5.01  4.99  4.79  4.71  4.49
traj-214:
38.22 37.08 35.92 34.24 32.32 30.74 29.19 28.48 28.03 27.09 25.31 23.54 21.77 20.79 19.28 17.48 16.43 15.43 14.15 12.50 11.76  9.89  8.00
22.53 22.55 22.60 22.69 22.84 22.58 21.84 21.04 19.76 18.14 18.31 18.49 18.64 18.65 18.71 19.07 19.63 20.71 21.07 21.53 21.62 22.19 22.68
traj-215:
35.36 33.62 31.95 30.63 30.53 30.43 30.28 29.49 28.52 28.73 28.59 28.38 28.19 28.13 28.06 28.08 28.14 28.25 28.32 28.36
22.14 21.67 21.02 20.24 18.81 17.62 15.89 14.63 15.28 17.21 18.08 19.42 20.87 21.46 23.25 24.90 26.10 28.09 29.60 30.61
traj-216:
36.49 35.38 33.67 31.91 30.76 30.28 28.90 29.18 29.27 29.05 28.80 28.51 28.58 28.43 28.58 28.61 28.56 28.42 28.19 28.11 27.82 26.08 24.36 22.85 20.94 19.81 18.08 16.70 14.72 13.00 11.13 10.30
22.78 22.85 22.90 22.92 24.51 25.48 24.07 22.45 20.64 19.77 18.58 17.03 15.55 14.20 12.57 11.97 10.24  8.46  6.76  6.16  5.75  4.82  4.92  4.97  4.99  5.01  5.03  5.05  5.07  5.16  5.80  6.64
traj-217:
35.98 35.19 33.39 32.24 30.26 29.69 28.38 28.06 28.35 27.59 25.68 25.11 23.65 22.07 21.48 20.49 18.73 16.76 15.75 14.39 13.06 11.08 10.71
21.66 22.08 22.83 22.86 22.87 22.29 21.09 20.89 19.58 18.37 18.40 18.47 18.68 18.82 18.88 19.18 19.42 19.12 19.39 19.66 19.58 19.46 19.20
traj-218:
36.99 35.25 33.86 32.35 31.39 29.59 28.23 28.53 28.88 29.08 28.89 28.98 28.74 28.40 26.64 24.82 23.41 21.64 20.57 18.77 17.37 15.40 13.50 13.20 11.91 11.10
21.02 21.43 21.45 21.73 21.78 22.27 22.55 24.19 25.83 27.72 29.00 30.28 32.23 32.92 33.26 32.68 32.27 32.21 32.26 32.44 32.57 32.73 32.96 33.62 34.92 34.96
traj-219:
37.28 37.08 36.51 35.74 35.23 33.43 32.05 30.39 29.72 28.31 28.40 28.38 28.18 28.17 28.13 28.05 28.14 28.16 28.23 28.39 28.61 28.85 27.19 25.24 23.25 21.83 20.72 19.60 17.61 16.78 15.09 13.13 11.74 10.19  8.42  6.74
21.02 21.24 21.35 21.54 21.75 22.30 22.84 23.78 24.61 23.52 22.17 20.72 18.92 17.17 15.55 13.95 11.97 10.16  9.27  8.10  6.73  6.09  5.21  5.13  5.02  5.09  5.07  5.10  5.01  5.00  4.99  4.87  4.96  5.24  5.43  5.87
traj-220:
34.33 33.45 31.78 30.64 29.38 28.61 28.21 27.12 26.52 24.80 23.95 21.97 21.48 21.22 20.29 18.98 17.66 15.68 15.12 13.26 12.58 11.18
22.62 22.65 22.62 22.71 22.48 20.92 19.94 18.45 18.45 18.42 18.39 18.44 18.47 18.90 20.27 21.15 22.03 22.09 21.99 21.63 21.44 21.18
traj-221:
38.04 36.64 34.65 32.90 30.93 29.38 28.53 28.75 28.56 28.26 27.63 27.22 27.31 27.90 28.07 28.32
22.61 22.64 22.81 22.73 22.92 23.52 25.25 26.34 27.80 29.73 31.01 32.39 33.31 35.21 35.46 35.62
traj-222:
33.96 32.56 31.03 29.47 28.50 28.34 28.60 28.67 29.01 28.90 28.85 28.85 28.53 28.09 27.31 25.51 24.98 23.37 22.28 21.23 19.28 17.52 16.65 15.27 14.09 12.40 11.52  9.91  9.26  8.19  6.72
21.90 22.16 22.42 22.64 20.95 19.52 17.79 17.37 15.58 13.64 12.45 10.70  8.99  7.15  5.61  4.98  4.98  5.02  4.91  4.94  4.92  4.93  4.92  4.94  5.03  5.11  5.17  5.86  6.41  7.28  8.45
traj-223:
37.90 36.81 35.02 33.47 31.72 30.60 29.10 28.08 27.13 25.96 24.52 22.77 21.21 19.86 19.29 17.89 16.02 14.90 13.88 12.13 11.35
21.40 21.39 21.27 21.27 22.09 22.42 21.38 19.88 18.29 18.27 18.36 18.61 19.00 19.52 20.56 21.85 21.83 21.65 21.39 20.95 20.92
traj-224:
38.09 37.55 35.84 34.67 33.34 31.72 30.72 30.83 30.82 30.75 30.22 29.74 28.22 26.52 24.64 23.82 22.05 20.42 19.36 17.70
22.31 22.55 22.92 22.95 22.97 22.95 24.68 26.14 27.88 29.31 30.63 32.11 32.28 32.35 32.62 32.64 32.90 33.45 33.72 34.48
traj-225:
39.04 37.34 35.59 33.83 33.02 31.03 30.96 29.79 29.50 29.17 28.30 28.92 28.97 28.94 28.92 28.92 28.84 28.55 27.38 25.79 24.78 23.65 22.58 20.92 19.43 18.07 16.91 15.20 13.24 11.40  9.84  8.66
22.74 22.82 22.84 22.86 22.86 22.67 22.38 21.53 19.84 19.45 17.89 16.61 14.74 12.99 11.46  9.99  8.55  6.84  5.30  4.46  4.64  4.75  4.76  4.84  4.91  4.93  4.98  4.99  4.97  4.90  5.14  6.34
traj-226:
38.78 37.21 35.57 34.09 33.98 32.59 31.35 30.04 29.68 28.63 27.22 25.75 24.32 22.57 22.16 20.18
22.09 21.52 21.02 21.11 21.39 21.62 21.77 20.96 20.63 19.71 18.58 18.52 18.56 18.63 18.65 18.52
traj-227:
38.51 37.12 35.35 33.62 31.68 30.03 28.84 28.22 28.22 28.22 28.17 29.01 30.80 31.81 33.00
22.85 22.93 22.91 22.93 22.99 23.87 24.65 25.18 26.20 27.91 29.64 31.32 32.09 32.62 33.41
traj-228:
35.51 34.05 33.17 32.01 30.21 29.83 29.14 28.74 28.79 28.37 28.44 28.42 28.31 28.42 28.62 28.64 28.62 26.75 24.92 24.05 22.39 20.98 19.15 17.22 15.77 14.64 13.77 12.04 10.33
22.15 22.30 22.38 22.51 21.78 20.71 19.05 17.42 16.17 15.11 13.26 11.98 10.66  9.85  8.07  6.08  5.78  5.15  4.91  4.89  4.94  4.94  4.98  4.99  5.18  5.30  5.43  5.70  5.97
traj-229:
34.02 33.11 31.28 30.15 29.05 28.58 27.18 25.46 24.27 22.82 21.13 19.41 17.58 15.69 14.14 13.14 12.17
21.47 21.29 21.33 21.23 20.25 19.92 18.82 18.48 18.43 18.28 18.68 18.91 18.95 18.95 19.94 20.73 21.40
traj-230:
36.15 35.30 33.41 31.51 30.58 29.85 29.19 28.61 28.51 28.26 26.66 25.34 23.44 21.70 19.83 18.62 17.45 16.27 14.38 13.79 12.00 10.28
22.36 22.40 22.68 22.91 23.55 25.18 27.01 28.32 29.42 30.85 31.62 32.01 32.11 32.35 33.02 33.29 33.49 33.46 33.66 33.85 34.44 35.13
traj-231:
33.85 32.51 30.84 29.53 28.99 28.68 28.72 28.93 29.06 29.09 29.25 29.33 29.39 27.52 27.13 25.37 23.59 22.93 21.26 19.90 18.66 17.56 16.37 14.63 13.02 12.37 10.64  8.77  7.28
22.37 21.64 21.23 19.80 18.04 16.27 14.94 13.40 12.52 11.38  9.58  7.82  6.21  5.56  5.50  5.13  5.04  5.05  5.10  5.04  5.08  5.04  5.23  5.16  5.36  5.43  5.70  5.76  6.06
traj-232:
35.29 34.37 33.31 31.82 30.99 29.77 28.06 26.28 24.61 22.75 21.02 20.07 18.15 16.61 14.69 13.23 11.67 11.15  9.24  8.90
22.20 21.97 21.67 21.17 20.73 20.23 19.60 18.96 18.89 18.97 18.92 18.99 19.25 19.42 19.67 19.93 20.19 20.29 20.60 20.67
traj-233:
35.53 34.10 33.09 32.56 30.81 29.87 29.37 29.25 29.01 28.33 27.56
21.04 21.24 21.38 22.00 22.87 24.09 25.67 27.59 29.36 30.89 31.65
traj-234:
35.07 34.09 32.12 30.97 30.40 30.31 30.20 29.52 29.10 28.77 28.38 28.26 28.15 28.11 28.03 27.06 25.30 23.37 21.43 19.99 18.36 17.77 15.83 15.26 13.59 11.63 11.04  9.30
21.33 21.30 21.47 20.68 19.45 18.16 16.84 15.02 13.92 13.11 11.81 10.68  8.70  7.86  6.61  5.52  5.38  5.13  4.85  4.89  4.91  4.92  5.10  5.15  5.36  5.74  5.81  5.91
traj-235:
37.97 37.49 36.12 35.29 33.59 32.72 30.73 29.70 28.91 28.11 27.22 25.77 24.32 22.40 21.80 20.04 18.22
21.04 21.29 22.18 22.37 22.65 22.66 22.61 21.92 21.08 20.14 18.77 18.55 18.47 18.62 19.02 19.69 20.25
traj-236:
35.27 33.86 32.12 30.57 30.25 29.47 28.65 28.54 28.44 27.00 25.53 24.94 23.32 21.44 20.01 18.06 17.36 15.95 14.02 13.18 11.34  9.71  8.15  7.41  6.38
22.30 22.55 22.79 23.90 24.63 26.01 27.44 29.02 29.91 31.25 31.47 31.58 32.49 33.09 33.10 32.86 32.61 32.19 31.73 31.34 31.49 32.12 32.48 33.47 34.55
traj-237:
39.00 37.13 35.35 33.38 32.13 30.62 29.86 29.53 29.23 29.23 29.06 29.03 28.91 28.77 28.73 28.69 28.60 27.67 25.86 23.95 22.64 21.35 19.64 18.16 17.58 15.64 15.05 13.48 12.65 10.69  9.82
21.67 21.88 21.90 21.87 21.62 20.81 19.81 18.82 17.39 16.19 14.68 13.74 12.32 10.33  9.53  7.67  6.50  5.27  4.84  4.85  4.89  4.97  4.98  5.01  5.02  5.17  5.21  5.34  5.43  5.54  5.58
traj-238:
37.37 35.79 34.43 33.01 31.28 29.32 28.18 28.07 27.01 26.11 24.93 24.04 22.87 21.32 20.45 19.91 18.69
22.10 22.43 22.70 22.81 22.87 22.98 21.55 20.10 18.47 18.58 18.70 18.80 18.95 18.82 19.22 19.55 20.74
traj-239:
39.00 37.32 36.73 34.75 33.86 32.73 31.83 30.44 29.91 29.18 28.85 29.27 28.12 27.08 25.18 23.66 21.97 20.63 18.63 17.18 15.73 15.06
22.76 22.90 22.92 22.92 22.90 22.89 22.89 23.72 24.14 25.78 27.71 29.11 30.63 31.54 31.30 32.03 31.77 31.85 31.90 32.46 33.54 34.34
traj-240:
35.18 34.61 33.18 31.71 29.92 29.15 28.95 28.82 28.86 28.69 28.61 28.63 28.62 28.59 28.21 28.11 27.30 25.81 24.24 22.40 20.51 18.63 16.72 15.02 13.64 11.72 10.03  8.96  7.61  6.66
22.57 22.67 22.84 22.79 22.61 21.02 19.87 17.99 17.22 15.28 14.20 12.92 11.27  9.60  8.16  6.92  5.77  4.84  4.82  4.86  4.94  4.93  4.90  5.03  4.90  5.17  5.24  5.74  6.61  6.73
traj-241:
38.54 36.62 36.07 34.46 33.35 31.92 30.37 28.53 28.08 27.31 25.88 25.30 23.81 22.04 20.96 19.07 17.67 16.20 14.52 12.75 11.29  9.91  8.75  7.45  6.28
21.42 21.11 21.11 21.12 21.20 21.28 21.33 20.99 19.96 18.48 18.46 18.48 18.54 18.74 19.07 19.72 20.18 20.80 21.44 21.61 21.79 21.99 22.10 21.26 20.03
traj-242:
34.36 33.12 31.26 30.96 29.44 29.23 28.70 28.88 28.63 28.40 28.00 26.79 25.50 24.82 25.61 26.63 28.38 28.67
21.39 21.68 21.92 21.90 23.12 23.85 25.55 27.15 28.97 29.17 30.31 31.70 32.23 34.03 34.72 35.65 36.35 36.41
traj-243:
35.68 35.97 34.71 33.13 32.65 30.82 30.01 29.76 29.39 29.26 29.02 28.85 28.60 28.51 28.32 28.31 28.20 27.16 25.26 23.88 22.19 20.73 18.76 17.20 15.94 14.41 13.66 12.32 10.62  9.65  8.53  8.06
22.72 22.65 21.97 22.12 22.13 21.56 20.21 18.36 16.62 15.80 13.83 12.23 10.43 10.12  8.19  8.09  6.16  5.53  5.24  5.16  5.09  5.05  4.94  4.88  4.99  5.12  5.18  5.45  5.67  6.82  7.80  8.63
traj-244:
35.45 33.74 31.99 30.29 29.38 28.45 26.64 25.48 24.34 22.68 20.90 19.09 17.50 15.57 14.03 12.14 11.11
22.96 22.93 22.88 21.92 20.64 18.87 18.10 18.19 18.26 18.37 19.26 19.83 20.48 20.45 20.21 20.54 20.91
traj-245:
37.46 36.30 34.85 34.26 32.85 31.99 30.71 29.96 28.89 29.22 29.32 30.08 30.36 30.80 30.76
22.39 22.51 22.65 22.70 22.83 22.89 23.64 24.41 25.38 27.35 27.99 29.78 30.54 31.77 33.51
traj-246:
35.85 34.85 33.24 32.66 30.77 30.70 30.31 29.65 28.86 28.98 28.97 28.93 28.54 28.43 28.23 28.13 28.10 27.35 26.79 25.38 23.73 22.75 21.37 19.71 17.93 17.34 15.38 14.19 13.03 11.33  9.79  8.99  8.25
21.51 22.10 22.40 22.53 22.32 21.73 20.98 19.27 17.54 17.03 15.06 13.47 11.95 11.60  9.65  8.07  6.23  5.46  5.32  4.98  4.99  4.98  4.89  4.92  4.85  4.88  4.97  5.02  5.03  5.30  5.70  7.09  8.36
traj-247:
36.62 34.90 33.77 32.59 30.80 29.57 28.65 28.20 27.31 26.16 24.99 24.13 22.63 20.79 19.82 18.76 17.14 15.53 13.88 12.34
22.41 22.69 22.90 22.85 21.97 21.26 20.06 19.17 18.17 18.11 18.15 18.18 18.23 18.41 19.54 20.73 21.40 21.45 21.44 21.40
traj-248:
34.20 32.82 30.89 29.70 28.52 28.41 28.47 28.55 28.64 27.39 26.97 25.08 23.24 21.40 19.72 18.96
22.32 22.79 22.47 22.38 23.96 25.04 26.42 28.19 29.94 31.04 31.62 32.12 32.29 32.61 32.92 33.03
traj-249:
36.80 35.47 34.10 32.48 31.40 30.84 30.22 29.83 29.33 29.31 29.14 29.02 29.09 28.71 28.36 27.10 25.57 23.60 21.85 20.39 18.54 17.07 15.60 14.86 13.28 11.39  9.92  8.54  6.77
22.21 21.30 21.22 21.22 21.11 20.76 19.50 17.80 16.00 14.52 12.68 11.63 10.44  8.57  6.65  5.47  5.17  5.07  5.09  5.01  5.07  5.10  5.17  5.26  5.38  4.93  4.98  5.03  5.15
traj-250:
38.90 38.29 36.62 35.78 34.84 32.97 31.31 30.09 28.53 28.38 27.48 25.58 24.68 23.23 21.29 19.73 18.42 16.77 15.74 14.03 12.11
21.42 21.44 21.60 21.70 21.76 21.74 21.93 21.91 20.90 20.03 18.53 18.22 18.18 18.16 18.22 18.19 18.23 18.39 18.36 18.32 18.43
traj-251:
37.48 36.58 34.74 33.38 32.51 31.01 30.25 29.40 29.27 28.77 28.82 29.13 28.81 28.02 26.72 25.56 24.47 22.85 21.24 20.11
21.10 21.04 21.23 21.27 21.38 22.09 23.30 25.06 25.33 27.14 27.43 29.30 31.03 32.58 32.96 33.20 33.20 32.88 32.41 32.12
traj-252:
34.61 33.48 32.60 30.83 30.63 30.26 30.16 29.80 29.32 29.01 28.70 28.35 28.29 28.31 28.16 28.11 26.18 24.33 23.74 21.95 20.54 18.82 18.52 16.53 15.50 14.14 12.99 12.11 10.33  8.76  8.02  6.57  6.12  5.31
22.10 22.19 22.26 21.38 20.82 19.12 18.58 17.13 15.25 13.45 11.74 10.84  9.21  8.44  6.86  5.27  4.92  4.83  4.82  4.82  4.87  4.89  4.87  4.95  4.92  4.78  4.73  4.65  4.61  4.76  4.82  5.50  6.14  7.53
traj-253:
39.03 37.59 35.60 33.88 32.17 31.87 30.32 30.00 29.07 28.12 26.53 25.63 23.87 23.00 21.41 20.32 18.89 17.50 15.89 14.68 12.69
22.79 22.84 22.87 22.86 22.96 22.98 21.86 21.49 19.82 19.47 18.80 18.81 18.84 18.94 19.77 20.59 20.28 20.01 20.33 20.53 20.57
traj-254:
37.08 35.44 33.63 33.34 31.43 30.60 29.83 29.28 29.09 28.41 28.04 27.68 27.57 27.30 27.17 25.74 24.31 22.61
21.64 21.85 21.94 21.99 22.46 23.08 24.75 26.14 26.68 28.25 29.83 31.78 32.67 34.45 35.03 36.11 36.43 36.85
traj-255:
34.18 32.94 32.00 30.47 30.15 29.40 28.85 28.39 28.52 28.30 28.24 28.20 28.10 28.02 27.56 25.88 24.16 22.78 21.26 19.83 18.76 17.30 15.82 14.63 12.91 11.54 10.19
21.88 21.46 21.14 20.32 19.39 17.80 16.43 15.62 13.79 12.49 11.20  9.68  8.27  6.50  5.67  4.96  4.91  4.92  4.98  5.05  5.08  5.08  5.08  5.08  5.03  4.94  4.64
traj-256:
33.67 31.98 30.28 29.85 29.23 28.10 26.27 25.39 23.48 22.89 21.82 21.57 20.89
22.27 22.35 22.12 21.51 20.82 19.37 18.71 18.83 18.70 18.57 19.90 20.45 21.92
traj-257:
38.22 37.63 35.90 34.71 33.28 32.17 30.61 30.43 30.37 30.33 30.22 29.70 28.16 26.24 25.13 23.87 22.46 20.76 19.25 18.34 16.80 15.21 14.76 13.12 11.67 10.14  8.43
22.87 22.87 22.84 22.81 22.77 22.81 23.79 25.51 26.38 28.37 30.22 32.02 32.82 32.29 32.08 31.77 31.75 31.55 31.49 31.45 31.41 31.80 32.34 33.21 33.51 33.93 34.33
traj-258:
35.92 35.62 33.89 32.24 30.51 30.33 30.22 29.70 29.30 28.62 28.21 28.26 28.23 28.06 28.11 26.77 25.61 24.07 22.09 20.39 19.54 18.12 16.61 15.15 13.99 12.08 10.91  9.72  8.86  7.43  6.44
21.41 21.42 21.28 21.17 20.19 19.12 17.68 15.84 15.02 13.18 11.43 10.31  9.01  7.14  6.41  4.96  4.98  4.96  4.93  5.01  4.98  4.98  5.06  5.12  5.20  5.35  5.82  6.17  6.44  6.94  7.31
traj-259:
37.04 35.62 33.66 32.26 31.10 29.99 29.47 28.30 27.08 25.33 24.15 22.96 21.17 20.50 19.16
22.54 22.74 22.90 22.87 22.88 21.30 20.95 20.13 18.98 18.86 18.86 18.91 18.99 19.46 20.65
traj-260:
35.34 33.95 32.36 30.75 30.44 30.12 29.32 28.61 28.66 28.66 28.13
22.87 22.87 22.94 23.87 25.01 26.07 27.54 28.91 30.68 32.14 33.44
traj-261:
35.88 36.38 35.18 33.78 32.32 30.84 29.83 29.76 29.58 29.36 29.13 28.99 28.89 28.78 28.62 28.47 27.13 25.47 23.77 22.31 20.64 18.91 17.17 16.88 15.13 14.02 12.57 11.54 10.53  9.98  9.51  9.79
22.79 22.47 21.80 21.65 21.48 21.29 20.40 19.06 17.27 15.67 14.10 12.31 10.41  9.92  8.17  6.71  5.26  5.04  5.03  5.06  5.11  5.16  5.28  5.32  5.39  5.38  5.50  5.74  7.09  8.92  9.30  9.41
traj-262:
35.12 33.64 31.76 29.95 29.26 28.04 27.31 25.56 25.26 23.48 22.37 21.89 20.74 19.02 17.02 15.58 13.76 12.70
21.50 21.43 21.05 20.41 19.94 19.12 18.64 18.39 18.39 18.55 18.83 19.09 20.47 21.30 21.21 21.19 21.06 20.65
traj-263:
39.14 37.70 36.30 35.16 34.29 32.86 32.26 30.61 29.68 29.38 28.87 28.58 28.35 27.65 27.31 25.77 24.47 22.78 21.00 19.70
22.91 22.88 22.87 22.87 22.89 22.94 22.97 23.91 24.92 25.34 27.25 29.03 29.22 31.06 31.72 32.80 33.85 34.11 34.35 34.71
traj-264:
36.60 35.74 34.58 32.58 31.68 30.95 29.16 28.36 28.43 28.62 28.86 29.05 28.92 28.70 28.64 28.55 28.49 28.26 28.02 27.64 25.98 24.66 22.89 20.91 20.61 18.89 17.25 16.47 14.48 12.77 11.35 10.32 10.15
22.89 22.86 22.87 22.90 22.89 23.29 23.89 22.14 20.67 19.19 17.54 15.98 14.85 13.11 11.93 10.50  8.73  7.28  6.11  5.73  4.94  5.01  5.06  5.30  5.26  5.18  5.05  5.02  5.04  5.19  5.28  6.82  7.06
traj-265:
38.92 37.68 35.74 35.08 33.24 32.69 30.82 29.32 28.38 27.08 25.30 23.80 23.21 21.30 19.52 18.05 16.89 14.92 14.62 12.83 10.89  9.13  8.57  6.87  5.08
21.69 21.56 21.33 21.28 21.16 21.13 21.32 20.65 19.63 18.18 18.31 18.41 18.46 18.62 19.15 19.44 19.66 19.39 19.33 19.23 18.97 18.92 18.81 18.51 18.31
traj-266:
34.27 33.41 31.48 30.32 29.76 29.31 29.24 29.08 28.15 27.23 25.58 23.69 22.86 21.09 19.95 18.09 17.04 15.72 13.87
22.42 22.48 22.91 23.68 24.86 26.39 26.91 28.38 30.07 31.34 31.57 32.11 31.80 31.64 31.38 31.71 31.95 32.24 32.83
traj-267:
37.45 35.79 34.83 32.94 30.97 29.70 28.73 28.43 28.49 28.22 28.23 28.39 28.51 28.40 28.22 28.04 27.34 25.38 23.73 23.15 21.46 20.94 19.17 17.26 15.82 14.12 12.95 11.59 10.20  9.00  7.03  6.36
21.28 21.48 21.69 21.97 21.92 21.32 19.81 18.89 17.49 15.73 14.61 12.78 11.20  9.39  7.59  6.83  5.52  5.18  5.11  5.10  5.09  5.06  4.98  5.07  5.23  5.35  5.28  5.74  6.87  7.91  8.24  7.74
traj-268:
35.77 34.94 33.51 32.02 30.25 30.27 30.02 29.32 28.54 26.79 25.02 24.43 22.82 22.22 20.68 19.44 18.19 16.63 14.88 13.79 12.77
22.87 22.92 22.90 22.86 22.64 22.34 22.32 20.52 18.70 18.53 18.44 18.41 18.47 18.60 19.12 19.06 18.96 18.80 18.58 18.41 18.13
traj-269:
36.17 35.61 33.82 31.90 30.16 29.00 29.14 29.28 29.15 29.30 29.70 29.99 30.67 31.15 31.90
21.76 21.56 21.59 21.62 21.56 22.88 24.01 25.41 27.15 29.08 30.75 31.80 33.29 33.85 34.91
traj-270:
37.68 36.26 34.78 32.91 32.61 30.68 28.78 28.57 28.35 28.33 28.18 28.18 28.22 28.20 28.24 28.23 27.09 25.35 23.41 22.13 21.02 19.06 17.08 15.41 14.09 12.76 11.30  9.50  8.63  7.96  7.14  5.73  5.46
21.77 21.55 21.32 21.19 21.16 21.10 20.64 18.73 16.75 14.99 13.20 12.61 10.92  9.44  7.67  6.78  5.39  5.13  4.84  4.89  4.93  4.94  4.98  4.96  4.92  4.85  4.91  5.23  6.29  7.36  8.05  9.35  9.48
traj-271:
36.18 34.98 33.30 31.66 31.10 29.26 29.07 28.06 28.05 27.39 25.42 23.66 22.78 20.98 19.17 18.98 17.97 16.44 15.45 13.74 11.89 11.59  9.70  7.93  7.38  5.56
21.47 21.51 22.11 22.27 22.41 22.42 22.19 20.73 20.14 18.82 18.77 18.87 18.96 19.57 19.53 19.76 20.72 21.80 22.10 21.95 21.30 21.26 21.07 21.23 21.22 21.12
traj-272:
34.01 32.45 32.00 30.12 29.60 28.76 29.03 28.97 29.34 28.64 27.47 25.79 24.07 22.54 20.62 18.82 17.12 16.82 14.90 13.44 11.91 10.17  8.25
22.65 22.75 22.77 22.89 23.08 24.59 26.17 27.16 28.17 30.03 31.22 32.17 32.79 31.74 31.70 31.60 31.63 31.65 32.05 32.52 32.91 33.04 33.38
traj-273:
35.81 34.98 33.17 31.36 31.01 29.17 29.15 28.70 28.31 28.48 28.68 28.68 28.64 28.53 28.34 27.63 26.56 24.80 24.23 22.50 21.04 19.61 17.86 16.11 14.34 13.25 12.09 11.25  9.96  8.91
21.07 21.11 21.17 21.32 21.37 20.79 19.95 18.10 16.45 15.43 13.80 12.02 10.24  8.48  7.00  5.72  5.20  5.00  4.98  4.89  4.89  4.90  4.95  4.98  5.17  5.33  5.54  5.73  6.23  6.72
traj-274:
37.78 36.78 34.91 33.81 32.06 30.61 28.72 28.69 27.06 25.29 23.85 22.34 21.14 20.78 19.04 18.75 17.03 15.58 13.87 12.44 11.14  9.63  7.94  6.17  5.34
22.18 22.24 21.81 21.52 21.32 20.56 20.14 19.84 18.81 18.53 18.30 18.67 20.25 20.73 21.20 21.14 20.42 19.76 19.14 18.75 19.20 19.92 20.03 20.75 21.31
traj-275:
39.17 38.04 36.14 35.28 33.82 32.14 30.50 30.17 30.11 29.58 29.12 28.03 27.36 25.40 23.70 21.81 19.90 18.42 16.58 15.54 14.44
22.16 22.39 22.83 22.82 22.94 23.00 23.87 25.46 26.04 27.61 28.59 30.05 31.08 31.31 31.45 31.74 31.74 31.62 31.52 31.42 31.41
traj-276:
33.91 33.64 31.69 30.90 30.82 30.54 30.20 30.30 30.34 30.26 29.67 29.44 29.02 28.27 28.21 27.25 25.73 24.18 22.49 21.08 19.38 17.78 17.06 15.39 14.34 13.25 11.26  9.93  8.12  6.87
22.40 22.54 22.87 22.68 22.39 20.68 18.91 17.76 15.77 14.05 12.23 11.54  9.92  8.09  6.66  5.02  4.99  4.82  5.04  4.99  4.95  4.87  4.94  4.92  4.96  4.93  4.75  4.80  4.76  4.32
traj-277:
34.95 33.25 31.78 30.96 30.69 28.79 28.43 28.11 28.03 27.53 25.60 23.81 22.69 20.96 19.54 18.18 16.67 16.15
22.60 22.89 22.91 22.91 23.05 23.39 22.19 21.09 19.61 18.72 18.45 18.60 18.70 19.29 20.58 21.44 22.66 22.88
traj-278:
33.99 33.10 31.21 30.91 29.30 28.50 28.23 28.33 28.44 28.44 28.09 27.40 25.69
21.75 21.59 21.35 21.38 22.39 22.86 24.72 26.19 28.07 30.01 31.73 33.01 33.72
traj-279:
36.67 36.11 34.43 32.69 31.53 30.42 30.05 29.62 28.49 28.73 28.91 28.88 28.57 28.45 28.48 28.59 28.78 28.92 28.73 28.50 28.21 28.09 26.41 24.49 23.63 22.49 21.07 19.40 17.88 16.04 14.40 13.02 11.20  9.92  9.11  7.26
22.10 22.31 22.75 22.91 22.91 23.67 24.72 25.87 25.27 23.46 22.28 20.38 18.84 18.14 16.52 15.37 13.72 12.06 10.36  9.20  7.44  5.96  5.15  5.02  4.96  4.86  4.93  4.96  4.99  4.96  4.95  4.84  5.33  5.89  6.27  6.92
traj-280:
34.89 34.32 32.71 31.40 29.93 28.43 28.13 27.24 26.38 24.62 23.74 22.59 20.96 19.89 18.42 17.26
21.74 21.66 21.55 21.45 21.37 20.65 20.23 18.67 18.61 18.66 18.81 18.86 19.31 19.86 20.62 21.89
traj-281:
36.24 34.79 33.94 32.20 30.86 29.23 28.42 28.50 28.60 28.23 28.25 27.73 27.66 26.09 25.50
21.82 21.65 21.50 21.36 21.35 22.02 23.59 25.45 27.17 28.98 29.28 31.04 31.33 32.29 32.34
traj-282:
38.76 36.97 36.60 34.70 33.34 31.51 29.99 29.98 29.89 29.81 29.56 29.46 29.30 29.04 28.76 28.52 28.48 28.15 26.54 26.09 24.46 22.85 21.17 20.20 18.66 17.28 15.81 14.14 12.43 10.96
21.79 22.03 22.04 21.89 21.63 22.03 20.92 19.47 18.91 17.19 15.28 14.72 12.77 11.30  9.57  7.83  7.53  5.82  5.05  5.06  5.05  4.98  4.98  4.97  5.00  5.01  4.99  4.99  5.23  5.40
traj-283:
34.00 32.89 31.34 30.74 29.08 28.15 26.33 25.48 24.01 22.83 21.29 19.65 18.09 16.92 15.22 13.33 12.47 10.50 10.20  8.44
21.95 21.79 21.84 21.83 21.00 19.49 18.90 18.81 18.81 18.93 19.70 20.74 21.48 21.56 21.75 21.81 21.83 21.93 21.93 21.88
traj-284:
35.81 34.10 32.43 30.90 30.37 29.08 28.93 28.71 28.48 28.41 28.10 27.66 26.22 24.47 22.89
22.46 22.59 22.71 23.58 24.29 25.68 25.78 25.99 27.90 28.37 30.15 31.50 32.74 33.46 34.35
traj-285:
35.12 33.40 31.89 30.22 29.36 29.18 28.94 28.90 28.82 28.34 28.46 28.39 28.27 27.20 25.32 24.73 22.97 21.53 19.77 18.46 16.56 15.66 13.87 12.19 10.66  9.03  8.16  6.28
22.32 21.70 21.30 20.33 18.83 17.38 15.41 13.50 12.46 11.18  9.46  7.97  6.43  5.35  5.16  5.10  5.00  5.00  5.03  5.00  4.95  4.96  4.86  5.09  5.28  5.40  5.26  4.97
traj-286:
37.92 36.19 34.44 32.66 31.76 30.83 29.30 28.78 28.10 28.15 27.71 26.44 24.67 24.38 22.60 22.04 21.29 19.76 17.92
22.61 22.80 22.90 22.86 22.86 23.34 23.84 23.21 21.45 19.69 18.81 18.44 18.61 18.67 18.68 18.70 19.19 20.00 19.92
traj-287:
36.79 35.10 33.68 32.54 31.42 29.86 29.48 29.32 29.09 28.18 28.44 28.69 29.51 30.94 32.18 32.89
22.63 22.76 22.85 22.91 22.95 23.96 24.77 25.02 25.21 26.47 28.25 28.72 30.18 31.58 32.88 33.62
traj-288:
38.28 38.01 36.04 35.51 33.73 32.24 31.05 29.82 29.06 28.95 28.91 28.85 28.77 28.77 28.72 28.65 28.58 28.44 27.45 26.29 25.14 23.43 21.76 20.02 18.29 16.31 15.72 13.95 12.50 10.76 10.33  8.72
21.64 21.69 21.93 21.93 21.95 21.96 22.00 21.89 20.97 19.06 17.50 15.81 14.37 13.14 11.62 10.05  8.56  6.78  5.31  5.00  5.07  5.13  5.24  5.21  5.17  5.36  5.41  5.43  5.45  6.42  6.82  7.97
traj-289:
39.14 37.56 36.30 34.73 32.81 31.06 29.87 28.53 27.77 26.19 24.42 22.98 21.79 20.01 18.54
21.03 21.15 21.29 21.34 21.30 21.11 20.71 19.78 19.00 18.57 18.76 18.86 18.99 19.59 20.16
traj-290:
37.71 36.70 34.78 33.02 31.68 30.77 29.98 29.15 28.47 28.38 28.34 28.10 26.80 25.34 23.60 21.84 20.52 20.14
21.58 21.16 21.35 21.69 21.78 22.86 23.71 24.99 26.74 27.91 29.59 31.41 32.27 32.14 31.94 32.66 33.76 34.08
traj-291:
38.67 38.37 36.66 34.74 33.93 32.00 30.87 29.97 29.73 29.33 29.23 29.00 28.28 28.37 28.47 28.24 28.11 28.03 27.05 25.30 23.90 23.09 21.30 19.39 19.09 17.18 15.99 14.22 12.49 11.66 10.30  9.74  8.32  6.92  5.14
21.03 21.03 21.21 21.35 21.31 21.52 20.71 19.75 18.38 16.60 16.10 14.21 13.18 12.52 11.02  9.20  8.39  6.75  5.52  5.26  4.89  4.67  5.17  5.07  5.06  4.91  4.85  5.02  5.31  5.43  6.68  7.74  9.09  9.48  9.96
traj-292:
34.45 33.53 32.87 31.55 30.93 29.63 28.70 28.11 27.14 25.65 24.19 22.44 21.27 19.70 18.20 16.41
21.13 21.30 21.45 21.75 21.81 21.12 20.41 19.82 18.59 18.69 18.76 18.89 19.56 20.50 21.26 20.95
traj-293:
34.91 33.51 32.04 30.47 30.34 30.43 30.55 30.42 29.85 29.14 28.41 27.41 26.89
22.61 22.88 22.97 22.81 24.55 25.13 26.90 27.46 29.34 30.95 32.13 33.81 34.54
traj-294:
37.00 35.25 34.65 33.20 32.61 30.86 30.77 30.00 28.99 28.59 28.15 28.13 28.18 28.24 28.24 28.24 28.39 27.62 25.99 24.34 22.59 21.44 20.59 19.16 18.46 16.50 15.91 14.03 12.06 10.89  9.32  7.98
22.97 22.93 22.90 22.80 22.77 22.65 22.36 20.65 19.42 18.12 16.34 14.61 13.65 12.31 10.49  8.89  7.14  5.74  4.97  5.05  5.09  4.96  4.92  4.86  4.85  4.82  4.81  4.90  4.91  4.89  4.40  4.06
traj-295:
38.61 36.93 35.52 33.78 32.01 30.84 29.27 28.31 27.27 25.62 24.73 23.29 21.45 20.49 20.10 18.58 17.78 16.11 14.61 12.92 11.49  9.71  8.34  6.95
22.31 22.57 22.75 22.85 22.89 22.93 21.95 20.55 18.86 18.68 18.70 18.79 19.00 20.11 20.57 21.87 21.89 21.93 21.92 21.94 22.05 22.19 22.28 22.36
traj-296:
36.82 35.81 34.12 32.85 31.72 30.89 29.98 29.35 28.66 28.12 28.20 28.16 27.78 26.37
22.05 21.72 21.37 21.17 21.08 21.98 23.75 25.16 26.18 26.66 28.64 30.42 31.29 32.55
traj-297:
36.88 35.07 34.84 33.06 32.16 30.40 29.67 29.62 29.31 29.26 29.37 29.06 28.99 28.85 28.73 28.22 26.49 25.27 24.23 22.64 21.07 19.13 18.55 16.87 16.14 14.22 13.55 11.71 10.47  8.80
21.94 21.64 21.60 21.40 21.37 21.23 19.44 18.73 16.82 15.20 13.21 11.36 10.48  8.73  7.58  5.73  5.17  4.93  4.82  4.85  4.94  5.03  5.01  5.10  5.10  5.16  5.21  5.32  4.90  4.41
traj-298:
38.67 36.73 34.98 33.25 31.32 30.73 30.40 29.30 28.80 26.96 25.79 23.99 22.24 22.00 20.12 19.43 17.61
22.09 22.15 22.28 22.47 22.63 22.68 21.23 19.57 18.44 18.16 18.19 18.26 18.37 18.72 19.00 19.04 19.16
traj-299:
36.85 35.00 33.82 32.01 31.71 29.98 29.66 28.62 28.70 29.03 29.22 28.89 28.62 28.03 26.33 26.03 24.14 22.40 21.07 19.62 18.05 16.90 15.11 13.47 12.58 10.79  9.45  7.97
21.52 21.07 21.18 21.17 21.16 21.43 21.91 22.86 24.44 25.46 27.20 28.92 30.23 30.76 31.43 31.45 31.56 31.81 31.38 31.59 31.93 32.14 32.60 32.81 32.72 33.01 33.42 33.88
