traj-0:
14.50 16.33 18.12 19.87 21.35 23.29 24.62 26.46 26.52 26.85 27.13 28.36 28.38 28.46 28.71 28.69 28.59 28.50 27.35 26.64 25.15 23.49 21.86 21.44 20.15 19.29 17.81 16.65 14.90 14.14 12.53 11.45 10.96 10.01  9.43
26.51 26.78 27.42 27.60 27.96 27.99 28.07 27.41 27.46 27.13 27.03 25.89 24.99 23.19 21.46 19.53 18.42 16.94 15.38 14.95 14.83 15.03 14.36 14.12 13.21 12.35 11.43 10.82  9.93  9.46  8.58  8.08  7.11  5.64  4.40
traj-1:
14.44 14.59 14.80 16.49 18.12 19.81 21.56 23.31 24.11 25.54 27.37 28.35 28.30 28.36 28.78 28.84 29.03 29.07 29.06 28.28 26.77 25.34 23.48 22.07 20.23 19.00 18.05 16.80 16.57 16.18 15.95
11.92 12.83 14.32 15.14 15.39 15.48 15.28 14.98 14.85 14.77 15.16 16.81 18.55 20.29 22.05 22.90 24.33 26.09 26.39 28.02 28.81 28.66 28.31 27.97 27.69 27.57 27.57 28.07 29.49 31.38 32.90
traj-2:
15.08 15.85 16.66 17.60 19.50 21.19 22.89 24.07 24.88 26.57 27.30 28.27 28.31 28.56 28.53 28.39 28.19 28.11 27.81 26.03 24.09 23.69 21.96 20.63 20.24 20.08 19.57 19.60 19.63 19.68
32.31 31.61 30.98 30.33 29.74 29.40 29.18 28.54 28.21 27.44 27.08 26.35 24.39 23.05 21.10 19.21 17.26 16.38 15.80 15.01 14.54 14.59 14.52 13.34 11.72 10.87  9.15  8.08  6.37  4.88
traj-3:
15.48 16.02 16.77 17.62 18.46 19.60 19.99 21.30 21.79 23.17 25.05 26.44 28.03 28.05 28.32 28.49 28.57 28.54 28.82 29.08 28.96 27.15 25.44 24.22 22.35 20.47 19.49 17.69 15.94 14.05 13.48 11.84 10.21  8.39  6.62
 5.26  6.93  8.74 10.15 11.83 12.96 13.31 14.66 14.87 14.94 15.12 15.17 15.78 16.38 18.09 19.82 20.71 22.70 24.61 26.40 28.07 28.71 28.85 28.81 28.78 28.64 28.42 28.42 28.77 29.08 29.23 29.68 30.09 30.84 31.29
traj-4:
12.22 13.21 14.14 15.67 16.52 18.46 19.56 21.09 21.61 23.57 24.63 25.62 26.68 28.05 28.14 28.24 28.31 28.57 28.61 28.39 28.41 27.56 26.00 24.45 22.90 21.17 20.90 20.13 19.98 18.90 18.18
32.94 31.90 30.95 29.78 29.18 28.89 28.81 28.58 28.53 28.25 27.91 27.71 27.54 26.16 25.16 23.40 22.06 20.12 19.92 18.11 17.27 15.78 15.07 14.83 14.43 14.03 13.89 12.34 12.08 10.50  9.98
traj-5:
17.98 18.53 20.31 22.02 22.32 24.06 25.53 26.70 27.65 28.37 28.33 28.41 28.46 28.46 28.43 28.41 27.81 26.49 24.54 23.99 22.23 21.07 19.59 18.25 16.28 15.32 13.74 11.82 10.70
13.68 14.33 15.03 15.13 15.12 14.98 14.84 14.98 15.84 17.02 18.29 19.84 21.57 21.87 23.60 25.35 27.02 28.28 27.89 28.06 27.76 27.61 27.49 27.34 27.05 27.10 27.18 27.24 27.31
traj-6:
 7.45  9.05 10.21 12.00 13.94 14.46 16.41 18.21 18.51 20.26 21.43 23.22 24.45 26.06 27.00 28.06 28.11 28.32 28.47 28.64 28.98 28.86 28.94 28.14 26.67 25.49 24.39 23.23 22.10 20.35 18.91 17.82 15.88 14.60 13.50 11.57 10.22
28.71 28.62 28.58 28.35 28.33 28.17 28.07 27.99 27.99 27.87 28.15 27.57 27.55 27.31 27.02 26.15 25.58 23.71 22.62 21.88 20.01 18.28 17.51 16.10 14.77 14.93 14.97 15.05 15.18 15.14 14.00 13.12 13.28 13.46 13.56 14.07 13.84
traj-7:
18.35 19.07 20.61 21.48 23.33 25.11 25.93 27.48 28.16 28.44 28.71 29.01 29.11 29.22 29.22 29.18 29.10 28.88 28.32 26.55 24.71 23.18 22.09 20.90 19.27 17.62 15.80 15.01 13.26
12.72 14.10 14.57 14.55 14.83 15.15 15.22 15.58 16.58 17.92 19.56 21.28 22.03 23.53 24.43 25.55 26.74 28.44 28.94 29.45 28.96 28.93 28.78 28.91 29.14 29.53 29.98 30.39 31.34
traj-8:
 9.84 10.99 12.35 14.17 14.39 16.16 17.12 18.87 19.10 20.86 22.57 24.27 26.10 26.68 27.96 28.19 28.27 28.25 28.21 28.16 28.14 28.12 27.20 26.11 24.40 22.45 21.61 20.60 20.16 18.97 18.22
31.88 30.50 29.74 29.33 29.12 28.75 28.67 28.52 28.52 28.48 28.64 28.80 29.05 28.93 27.62 26.15 24.39 22.94 21.17 19.41 18.25 16.46 14.91 14.92 14.92 14.92 14.51 13.28 12.16 10.58  9.49
traj-9:
12.37 12.55 14.44 15.76 17.73 19.70 20.55 22.19 24.06 25.01 26.88 28.02 28.06 28.09 28.11 28.18 28.17 28.21 27.69 25.99 24.35 24.05 22.18 20.72 19.66 18.58 16.65 15.60
13.56 13.32 12.99 12.53 12.21 12.40 13.66 14.76 14.89 14.92 14.87 16.17 17.29 19.21 20.99 22.40 23.85 25.58 27.25 28.21 28.66 28.70 29.18 29.37 29.56 29.71 30.11 30.44
traj-10:
11.59 11.91 13.26 15.19 16.94 18.77 19.83 21.08 22.22 23.68 25.27 25.96 27.42 28.20 28.20 28.31 28.49 28.45 28.61 28.21 27.34 25.71 24.81 23.37 22.80 21.36 19.64 18.35 16.68 15.63 14.45 13.68 12.25 11.29  9.99  9.05  8.08  7.33  6.02  5.16
29.61 29.48 28.13 27.91 27.84 27.67 27.91 28.13 28.24 28.02 27.49 27.16 26.90 25.30 24.70 23.02 21.68 19.92 18.91 17.00 15.25 15.12 15.15 15.19 15.24 15.18 14.45 13.49 12.43 12.43 11.91 11.91 11.17 10.80  9.66  8.82  7.68  6.90  5.53  4.56
traj-11:
12.67 12.95 14.92 16.06 16.47 18.14 19.70 20.87 21.87 22.95 24.73 26.23 27.01 28.04 28.26 28.56 28.59 28.69 28.71 28.67 28.48 26.72 25.12 23.26 21.76 20.36 19.06 18.11 16.32 15.28 13.32 11.76
11.06 11.15 11.39 11.48 11.63 12.70 12.46 13.44 14.18 14.53 15.16 15.18 15.40 17.05 18.70 20.36 20.96 22.69 23.29 25.07 26.55 27.21 28.00 28.65 29.18 28.74 28.24 28.08 27.90 27.97 27.92 28.38
traj-12:
11.64 13.14 14.82 16.76 18.53 19.50 21.26 22.60 23.71 25.61 26.97 28.64 29.30 29.64 29.75 29.77 29.54 29.18 28.74 28.55 28.18 27.60 25.80 24.75 22.98 21.78 20.49 19.08 17.15 16.34 14.79 12.85 11.16  9.86  8.72  7.31
29.54 29.26 28.93 28.62 28.40 28.27 28.34 28.53 28.53 29.04 28.76 28.51 26.76 25.99 24.21 23.91 22.16 20.56 18.69 17.64 16.05 15.04 14.93 14.85 14.55 14.68 14.18 12.84 12.93 12.85 12.81 12.60 12.36 12.12 11.96 11.75
traj-13:
14.86 15.38 16.60 17.73 18.96 19.78 21.17 22.28 24.22 24.97 26.37 27.81 28.16 28.24 28.27 28.44 28.72 28.62 28.40 28.21 27.65 26.83 24.94 22.94 21.48 20.10 18.29 17.42 15.86 14.49 13.12 11.95 10.55  9.35  8.37  7.04
 8.11  9.03 10.58 11.68 13.02 14.18 14.87 14.99 15.08 14.99 15.18 15.73 16.21 17.40 18.29 20.01 21.95 22.69 24.15 25.74 27.39 28.40 28.57 28.57 28.52 28.47 28.38 28.38 28.73 28.98 29.02 29.23 29.24 29.09 28.95 28.73
traj-14:
 5.00  6.94  8.33 10.10 12.05 13.71 15.36 15.94 17.77 18.73 20.34 21.30 23.00 24.29 26.19 27.25 28.12 28.29 28.38 28.64 28.60 28.34 28.63 28.87 28.89 27.56 25.87 24.48 22.60 20.72 19.14 18.63 19.40 19.33 19.54 19.64
26.82 26.70 26.56 26.40 26.15 26.33 26.51 26.60 26.89 27.14 27.71 27.95 28.50 28.92 28.43 27.16 26.07 25.61 25.32 23.56 22.41 20.52 18.57 16.65 15.19 14.19 15.11 15.08 15.03 15.07 14.13 13.00 11.88 10.89  9.04  8.48
traj-15:
13.22 13.94 15.05 16.61 18.28 19.99 21.56 22.73 24.34 26.31 27.79 28.50 28.54 28.65 28.63 28.55 28.39 28.35 27.81 26.18 25.41 24.28 22.87 20.98 20.53 18.64 18.37 16.50 15.14 14.41 12.52 10.94 10.06  8.61  7.45  6.14  4.58
14.02 13.75 13.10 12.11 12.98 13.68 14.41 14.62 14.74 14.67 15.71 17.08 18.66 20.64 22.34 23.76 25.64 26.42 28.25 28.99 28.73 28.33 28.35 28.49 28.42 28.47 28.51 28.30 27.92 28.00 28.62 29.57 30.20 31.35 30.30 31.01 31.77
traj-16:
16.48 17.43 17.62 18.54 19.41 21.32 22.97 24.84 26.68 27.06 27.59 28.02 28.21 28.16 28.12 28.11 28.20 27.34 26.24 24.84 23.79 22.41 20.76 20.07 19.13 17.40 15.60 14.75 13.09 11.71 10.44
33.18 32.39 31.22 29.74 29.54 29.15 28.13 28.00 27.78 27.28 27.01 25.12 23.21 21.48 20.29 18.55 17.07 15.42 15.12 15.09 15.12 15.10 14.81 14.14 13.22 12.60 12.53 12.28 11.78 11.34 10.97
traj-17:
14.65 15.08 15.81 17.41 19.28 20.19 20.49 22.23 23.70 25.41 26.44 27.41 28.43 28.27 28.12 28.07 28.05 28.11 28.09 28.07 26.34 25.53 23.96 23.26 21.91 21.19 19.51 17.83 17.29
11.32 12.04 13.25 14.27 14.79 15.07 15.08 15.01 15.03 15.08 15.13 15.59 17.15 18.71 20.15 21.32 22.51 24.28 26.04 26.34 27.12 28.11 28.84 28.77 28.66 28.56 28.80 29.71 31.07
traj-18:
10.58 10.87 12.58 13.60 15.52 17.02 18.80 20.61 21.77 22.77 24.53 26.26 26.44 28.07 28.75 28.79 28.85 28.76 28.63 28.59 28.59 28.61 27.28 25.75 24.10 23.00 21.63 20.56 18.78 17.51 15.72 13.84 11.86 10.67  8.98
26.15 26.20 26.28 26.44 26.66 26.83 27.73 28.16 28.41 28.60 28.21 27.60 27.37 26.66 25.15 23.86 23.05 21.72 20.73 18.75 18.45 16.69 15.28 15.06 14.83 14.60 14.46 13.50 13.11 12.35 12.59 13.03 13.17 13.25 13.49
traj-19:
 5.39  5.72  7.49  8.65 10.52 11.75 13.46 14.81 16.54 17.45 18.60 20.00 20.84 22.42 23.81 25.75 27.19 28.17 28.52 28.81 28.92 29.22 29.43 29.52 29.68 29.56 27.77 25.91 24.44 23.10 21.36 19.93 18.35 18.14
 6.72  6.87  7.49  7.93  8.59  9.01  9.97 10.72 11.72 12.23 12.87 13.67 14.39 14.54 14.78 14.87 15.18 16.85 17.82 19.53 20.12 21.87 23.31 24.19 25.81 27.59 28.05 28.45 28.98 29.34 29.68 29.85 30.75 31.84
traj-20:
16.14 16.32 17.05 17.71 19.35 20.87 22.45 24.35 24.70 25.68 27.45 28.10 28.07 28.14 28.23 28.49 28.51 28.60 28.51 28.13 26.66 25.31 24.45 23.20 21.62 20.32 19.83 19.14 18.77 18.23 17.66
32.10 31.60 29.82 28.53 28.49 28.27 27.93 27.70 27.58 27.35 27.87 26.01 25.49 23.86 22.47 21.16 20.00 18.32 17.43 15.70 14.79 14.73 14.64 14.67 14.16 13.31 12.36 10.52  8.72  6.82  5.07
traj-21:
 7.55  8.63  9.54 10.99 12.03 13.77 15.21 16.82 16.87 17.02 18.40 19.72 20.32 21.22 21.26 23.00 24.86 26.00 27.39 28.48 28.65 28.94 29.20 29.39 29.27 29.24 29.18 27.20 26.27 24.93 23.91 22.84 20.98 19.63 17.96 17.17 15.42 14.18 12.89
 4.07  5.01  5.77  6.27  6.49  6.84  7.18  7.77  9.14 10.37 11.52 12.51 13.20 14.13 14.18 14.68 14.98 15.11 15.23 16.79 18.46 20.14 21.52 22.37 24.22 26.15 26.86 27.05 27.41 27.51 28.03 27.97 27.72 27.42 27.04 26.85 26.49 26.37 26.24
traj-22:
 8.31  8.43  9.79 10.39 11.85 13.20 13.85 15.31 17.25 18.40 19.98 21.52 23.38 24.22 26.00 27.59 28.06 28.34 28.40 28.39 28.48 28.65 28.64 28.07 26.80 25.92 24.02 22.36 20.54 19.51 18.50 17.01 15.45 14.53 13.47 11.97 11.47
32.77 32.32 31.35 31.38 30.24 28.81 27.64 26.95 27.27 27.74 28.34 28.58 28.57 28.37 28.43 28.34 27.30 25.55 24.15 23.02 21.72 19.85 18.08 16.29 14.94 15.01 15.13 15.10 14.71 14.28 13.48 12.28 11.53 10.89 10.47  9.84  9.63
traj-23:
13.22 13.94 14.46 15.15 15.38 16.17 17.80 18.96 20.62 22.09 24.09 25.17 27.10 28.02 28.11 28.39 28.56 28.85 28.65 28.45 28.14 27.06 25.14 23.36 22.09 21.06 19.90 18.19 17.39
 6.69  8.54  9.81 11.63 12.26 13.94 15.10 15.10 15.10 15.08 14.98 14.88 14.92 16.50 18.20 20.11 20.66 22.62 24.38 26.05 26.33 27.82 28.37 28.15 28.02 27.97 27.71 27.31 26.94
traj-24:
 7.71  8.43 10.26 11.55 13.01 14.88 15.59 17.26 19.12 20.71 22.26 23.29 24.87 26.77 27.30 28.08 28.29 28.31 28.23 28.19 28.17 28.22 28.27 27.42 26.11 25.19 23.32 21.79 20.55 20.04 18.98 18.35 16.45 14.48 12.62 11.65 10.18 10.19  9.06  7.84  6.91
28.84 28.90 28.89 28.94 28.93 28.95 28.78 28.55 28.45 28.53 28.45 28.32 28.84 28.69 27.87 26.27 24.49 22.72 20.93 19.50 18.39 17.50 15.82 14.38 14.49 14.68 14.91 14.67 13.35 12.28 10.85 11.11 10.60 10.36 10.37 10.36  9.06  8.76  7.23  5.83  4.32
traj-25:
15.17 15.37 15.86 16.66 17.63 18.40 19.39 20.93 22.70 23.85 25.09 26.71 27.67 28.50 28.74 28.78 28.94 28.88 28.84 28.73 28.35 27.53 26.14 25.39 23.65 22.04 20.22 19.26 18.19 16.43 15.67 14.06 12.77 10.97  9.08  7.13  6.83
 8.61  9.18 10.74 11.61 12.25 12.69 13.34 14.28 14.62 14.72 14.85 15.00 15.61 17.05 18.49 19.95 21.92 23.88 24.18 24.46 26.29 27.69 28.94 28.85 28.93 28.65 28.24 28.09 27.84 27.54 27.56 27.42 27.31 26.98 26.97 26.90 26.91
traj-26:
 9.22  9.51 11.22 12.89 13.76 15.47 16.01 16.46 18.08 18.50 20.48 21.38 22.80 24.47 25.19 26.47 28.06 28.16 28.25 28.25 28.31 28.34 28.34 28.23 28.19 27.37 26.75 24.88 23.22 21.54 21.02 19.18 17.78 18.68 18.54 19.07 19.78
30.26 30.18 29.78 29.41 29.18 28.68 28.44 28.26 27.58 27.53 27.28 27.29 27.17 27.08 27.06 27.08 26.48 25.59 23.81 23.51 21.74 21.15 19.71 18.03 16.90 15.27 14.82 14.88 14.65 14.27 14.10 13.56 12.44 10.68  9.67  7.82  6.67
traj-27:
13.02 13.21 13.23 13.90 14.50 15.36 16.68 17.79 19.23 20.64 22.31 24.12 26.03 27.71 28.04 28.19 28.15 28.04 28.03 28.01 28.03 28.12 27.26 26.52 25.35 23.66 21.88 20.22 18.69 18.46 17.85 17.73
 6.65  8.26  9.54 10.72 11.90 13.29 13.76 14.20 14.80 14.90 14.87 14.88 14.95 15.71 16.06 17.40 18.83 19.72 21.69 21.98 23.87 25.52 27.28 27.55 27.82 28.54 29.03 29.46 29.84 30.04 31.92 32.65
traj-28:
 4.56  5.70  6.77  8.57 10.46 12.46 13.94 15.69 16.97 18.01 19.49 21.20 21.79 23.20 24.37 25.45 26.94 27.66 28.17 28.18 28.18 28.17 28.17 28.23 28.11 28.01 27.45 25.94 24.08 22.85 21.71 20.02 18.06 16.20 14.41 13.95 12.05 11.53  9.90  8.14  6.59
31.91 31.78 31.39 30.56 30.07 30.00 29.73 29.43 29.20 29.12 28.52 28.80 28.82 28.56 28.50 28.25 27.22 26.87 26.10 24.67 24.08 22.47 20.82 19.03 17.86 16.41 15.49 15.15 14.70 14.57 14.45 14.12 14.11 14.00 13.41 13.38 12.81 12.64 12.23 11.89 11.13
traj-29:
19.13 20.60 21.99 23.40 24.47 26.29 27.81 28.45 28.53 28.61 28.46 28.14 28.16 28.14 27.62 27.22 25.65 23.71 21.99 20.10 19.28 17.73 16.97 15.21 13.28 11.90 10.11  8.72  7.00  5.42
14.18 14.50 14.83 14.93 15.01 14.94 15.93 16.62 18.05 19.41 21.39 22.91 24.37 25.52 27.15 27.63 28.36 28.19 28.14 27.94 27.77 27.45 27.43 27.29 27.39 27.05 26.96 26.97 26.98 26.98
traj-30:
 5.69  7.62  8.79 10.16 11.93 13.54 15.36 17.02 18.17 20.04 21.12 23.10 24.25 25.12 26.72 28.34 28.48 28.93 29.00 28.92 28.71 28.67 28.19 28.09 27.30 26.46 24.54 23.96 22.23 20.29 19.04 17.07 15.86 15.40 14.55 13.26 12.55 11.52  9.66  8.59
26.04 26.24 26.48 26.47 26.69 26.96 27.21 27.67 27.96 28.06 28.22 28.33 28.66 28.80 29.01 27.95 27.38 25.84 24.07 23.24 21.57 19.73 17.88 16.75 15.40 15.18 15.21 15.16 15.21 15.24 15.23 15.09 14.91 13.86 12.09 10.63  9.83  8.14  7.51  7.13
traj-31:
12.65 14.11 15.33 17.22 18.58 19.51 20.57 22.22 24.17 25.97 27.64 28.32 28.50 28.80 28.90 29.02 29.01 28.86 28.73 28.60 27.05 26.60 24.64 22.96 21.38 19.60 18.31 17.17
11.28 12.41 13.23 13.68 13.96 14.41 14.64 15.08 14.92 14.92 15.39 15.96 17.12 19.02 19.96 21.07 21.96 23.95 25.72 26.60 27.56 27.55 27.74 27.86 27.80 27.48 26.75 26.00
traj-32:
15.22 16.64 18.15 20.03 21.74 23.19 24.88 25.18 26.35 27.22 28.01 28.21 28.46 28.42 28.50 28.50 28.40 27.37 25.97 24.06 22.89 21.61 19.69 18.63 17.22 16.97 15.38 14.38 12.69 11.59 10.55  9.47
31.29 30.45 29.21 28.78 28.41 28.15 27.84 27.77 27.58 27.44 25.73 24.01 22.43 21.43 20.40 18.96 17.23 15.57 15.35 15.05 14.93 14.71 14.26 13.89 12.70 12.53 11.65 11.20 10.53 10.18  9.69  8.98
traj-33:
14.73 15.59 16.11 16.70 17.28 18.27 19.16 20.02 20.73 22.42 23.82 25.61 27.32 28.14 28.39 28.65 28.99 28.75 28.57 28.42 28.22 26.78 25.21 23.30 21.47 20.09 18.40 17.08 16.68
 4.57  5.74  6.67  7.65  8.68 10.23 11.52 12.99 14.60 14.68 14.88 14.96 15.40 16.90 18.29 19.37 21.01 22.86 24.35 25.53 27.00 27.69 28.24 28.37 28.11 27.89 27.64 29.08 29.91
traj-34:
11.90 13.74 15.68 17.35 19.20 19.98 21.38 22.73 24.46 25.99 26.28 28.05 28.23 28.50 28.53 28.73 28.39 28.34 28.23 28.14 27.08 26.19 24.37 22.43 20.50 18.59 16.68 14.93 14.03 12.98 12.03 10.38
30.48 30.08 29.71 29.30 28.96 28.77 28.60 28.19 27.35 27.04 27.00 26.25 24.97 24.83 23.90 21.93 19.98 19.16 17.68 16.49 15.08 15.02 15.08 15.03 14.90 14.75 14.60 14.20 13.73 13.36 12.77 11.82
traj-35:
 6.57  7.16  8.75 10.60 12.26 13.29 14.91 15.45 17.18 18.00 19.01 20.15 21.89 22.19 24.06 25.77 27.33 28.06 28.12 28.48 28.63 28.94 29.09 29.83 29.89 29.96 29.96 28.33 26.67 24.95 23.15 21.42 19.53 17.61 15.69 13.83 12.71 11.63 10.44
13.59 13.56 13.57 13.47 13.28 13.15 13.52 13.66 14.30 14.63 14.92 15.07 15.15 15.15 15.11 15.08 15.39 16.67 16.96 18.64 20.19 21.57 21.83 23.64 25.12 26.87 27.96 28.72 28.58 28.34 28.60 29.00 29.39 29.85 30.18 30.30 30.37 30.28 30.22
traj-36:
15.99 17.46 18.66 20.30 21.45 22.69 24.56 25.76 26.88 28.30 29.23 29.33 29.32 29.09 28.67 28.31 28.29 28.28 27.09 26.40 24.67 23.45 21.84 20.26 18.65 17.47 16.31 15.21 14.39
26.73 27.22 27.58 27.99 28.32 28.59 28.58 28.48 28.24 28.11 26.38 25.50 24.04 22.30 20.64 19.09 17.57 16.52 14.93 14.89 14.77 14.76 14.75 14.53 13.95 13.10 11.72 10.41  9.16
traj-37:
16.10 17.08 17.87 19.00 20.56 22.35 24.11 25.01 26.54 27.13 28.11 28.16 28.22 28.34 28.64 28.54 28.32 27.71 25.84 24.37 23.78 22.16 20.52 18.64 16.93 15.98 14.21 13.39 11.95 10.66  9.14  7.23  6.05  4.90
 9.84 11.54 12.77 13.70 14.25 14.53 14.75 14.84 15.04 15.08 16.09 17.41 19.13 19.95 21.92 23.83 25.58 27.17 27.57 27.53 27.64 27.87 28.13 27.85 27.32 27.39 27.86 27.76 27.63 27.56 27.53 27.56 27.60 27.54
traj-38:
 6.48  7.96  9.71 10.68 12.33 13.35 15.11 16.62 17.64 18.67 19.89 21.68 22.04 22.18 24.15 25.98 26.86 28.74 28.83 28.90 28.80 28.70 28.75 28.89 28.72 28.48 27.27 25.51 23.62 21.64 20.20 19.32 17.56 15.58 13.98 12.05 11.31  9.71  8.45
33.42 33.25 32.32 31.63 30.65 30.51 30.22 29.81 29.58 29.32 28.94 28.61 28.57 28.57 28.34 28.15 27.88 27.58 26.09 25.20 23.39 22.11 21.03 19.33 18.15 16.50 15.25 14.94 15.01 15.06 15.07 15.08 15.09 15.10 14.74 14.41 14.38 14.37 14.46
traj-39:
16.59 17.70 18.74 19.68 20.83 22.29 23.48 25.22 26.12 27.92 28.24 28.29 28.32 28.39 28.50 28.66 28.72 28.68 27.34 25.84 24.62 23.50 22.27 21.16 19.37 17.48 16.47 14.59 12.97 11.93
11.83 12.17 12.96 14.22 14.90 14.93 14.98 15.03 15.04 15.85 16.17 17.92 18.52 20.33 22.05 23.49 24.69 26.27 27.15 28.14 28.42 28.75 28.87 28.91 28.62 28.43 28.46 28.34 28.16 27.97
traj-40:
16.32 17.08 18.67 19.99 21.81 23.54 24.95 26.15 28.02 28.14 28.20 28.50 28.51 28.49 28.34 28.11 27.33 25.96 24.66 23.56 22.39 21.07 19.61 18.13 16.51 15.74 15.43 14.79 13.92 13.59
25.66 26.05 26.89 27.64 28.06 27.61 27.29 27.10 26.38 25.39 23.79 21.98 20.43 18.90 17.76 16.68 15.28 14.91 15.02 15.09 15.17 15.10 15.12 15.16 14.92 13.70 12.96 11.69  9.94  9.53
traj-41:
11.88 13.00 13.70 14.36 16.00 17.18 18.67 20.32 21.80 23.78 25.16 26.74 28.28 28.39 28.44 28.73 28.98 29.20 29.02 28.64 27.32 26.33 24.60 23.03 21.22 19.24 17.67 15.72 14.83 13.80
 8.65 10.13 10.87 11.59 12.71 13.79 14.48 15.29 15.16 14.97 14.88 14.95 16.01 17.78 19.54 21.25 22.43 24.15 25.33 27.19 27.75 27.83 28.69 28.63 28.83 28.91 29.02 29.08 29.51 29.98
traj-42:
 6.43  7.42  9.07  9.92 11.79 13.59 13.88 15.67 17.47 18.08 19.11 20.78 22.12 23.95 24.25 26.09 27.46 28.32 28.37 28.18 28.13 28.06 28.14 28.16 27.11 26.53 24.86 22.94 21.53 19.54 18.94 17.42 17.63
30.89 30.48 30.32 30.42 30.41 30.21 30.11 29.79 29.28 29.23 29.13 29.01 28.93 28.83 28.80 28.66 27.26 25.52 24.02 22.07 20.32 18.63 16.85 16.55 15.05 15.06 14.95 14.89 15.01 15.15 15.17 13.98 12.78
traj-43:
 5.93  7.61  9.23  9.69 11.40 13.18 14.75 16.15 17.78 18.08 19.40 20.40 21.92 22.43 24.38 25.34 26.21 27.82 28.32 28.37 28.47 28.36 28.37 28.32 28.18 28.17 28.06 27.41 26.25 24.82 22.99 21.58 20.16 18.70 17.09 15.65 15.01 13.14 11.44
 6.31  7.01  7.60  7.69  8.65  9.28  9.89 10.46 11.00 11.17 12.20 13.02 14.29 14.60 15.00 14.97 14.88 15.47 16.40 17.00 18.49 20.05 21.39 21.97 23.72 24.45 25.78 27.18 27.10 27.28 27.40 27.61 27.20 27.02 26.58 26.31 26.27 25.82 25.42
traj-44:
10.65 11.40 13.10 13.68 15.32 16.45 17.07 18.97 19.35 20.31 22.00 23.71 25.48 27.11 27.65 29.09 29.19 29.28 29.57 29.77 29.04 28.68 28.40 28.28 27.81 26.12 25.82 23.85 22.45 20.46 19.87 18.16 16.48 15.02 13.46 12.46 10.98  9.99
32.98 31.71 31.21 31.10 30.24 29.47 29.10 28.55 28.12 28.05 28.14 28.09 28.46 29.04 29.15 27.84 27.25 25.43 23.58 22.14 20.31 19.28 17.40 16.39 15.71 15.18 15.15 15.10 15.04 15.15 15.27 15.15 14.84 14.53 13.80 12.64 11.45 10.74
traj-45:
16.30 17.07 17.82 17.94 18.86 19.54 20.15 20.47 22.08 23.54 24.81 26.52 28.05 29.05 28.86 28.78 28.71 28.56 28.45 28.23 27.17 26.08 24.85 22.91 21.70 20.31 18.76 17.24 15.61 13.62 11.72
 5.54  6.54  7.95  8.70 10.18 11.07 12.59 13.44 14.54 14.79 15.07 14.93 16.19 17.93 19.67 21.06 22.32 23.69 24.61 26.10 27.19 27.47 28.84 28.73 28.42 28.09 27.81 27.58 27.29 27.31 27.40
traj-46:
 5.49  6.08  6.98  7.56  8.66  9.84 10.96 12.21 14.08 15.45 16.90 18.53 19.02 20.37 22.09 23.51 25.03 26.88 28.14 28.26 28.33 28.37 28.43 28.40 28.28 28.23 28.24 28.23 26.66 24.73 23.00 21.59 19.90 18.89 17.86 17.79 16.92
32.53 31.56 30.06 28.85 27.77 26.43 26.02 26.38 25.79 26.08 26.38 26.86 27.18 27.51 28.07 28.22 28.15 27.83 26.54 24.78 23.88 22.75 20.80 20.50 18.76 17.87 16.08 15.78 15.00 14.97 14.83 14.68 14.38 14.27 13.09 11.20 10.19
traj-47:
18.39 18.04 17.49 16.93 16.48 16.92 18.71 20.44 21.91 23.55 25.21 26.94 27.22 28.13 28.31 28.39 28.77 28.77 28.96 29.20 28.53 27.28 25.63 24.01 23.05 21.12 20.65 18.93 17.13 15.78
 5.88  7.05  8.93 10.79 12.23 13.92 14.58 15.25 15.21 15.17 15.19 15.62 15.73 16.91 17.62 19.46 20.86 21.73 23.15 23.99 25.85 27.10 28.19 27.81 27.68 27.85 27.81 27.88 27.88 27.86
traj-48:
 6.67  8.56  9.78 11.66 12.99 14.42 15.09 16.65 18.39 20.15 21.90 23.72 25.20 26.77 28.01 28.07 28.17 28.36 28.47 28.43 28.29 28.34 27.20 25.52 24.13 22.29 21.52 20.49 18.78 17.75 16.28
26.57 26.29 26.19 26.10 25.88 26.64 26.76 26.80 27.09 27.35 27.61 27.70 27.81 27.85 26.57 25.41 24.30 22.41 21.33 20.27 18.52 16.72 15.12 15.04 15.03 14.70 14.35 13.69 12.75 13.10 13.62
traj-49:
 5.96  7.75  9.51 10.92 12.24 13.92 15.52 15.68 17.04 18.09 19.76 21.21 22.98 24.49 26.20 27.16 28.06 28.12 28.18 28.33 28.62 28.51 28.20 27.56 26.27 24.37 23.40 22.03 20.13 19.70 17.72 15.98 14.24 12.58 11.45 10.07  8.14  6.24  4.38
13.96 13.49 13.01 12.94 13.12 12.95 13.27 13.29 14.03 14.35 15.28 15.19 15.01 15.10 15.15 15.19 16.82 18.23 19.67 21.60 23.35 25.20 26.35 28.10 28.33 28.62 28.20 27.82 27.64 27.49 27.50 27.56 27.61 27.66 27.36 27.46 27.74 27.98 28.26
traj-50:
 9.42 10.42 11.37 12.72 13.60 15.20 16.11 18.07 19.46 20.28 21.69 22.93 24.62 26.37 26.66 28.60 28.91 29.31 29.30 29.04 28.68 28.24 28.18 28.13 26.80 24.87 23.67 21.89 20.40 20.25 19.40 18.41 17.70 16.02 14.76 13.12 11.37 10.66  8.81  8.01
32.96 32.10 31.21 30.93 30.74 30.25 29.94 29.61 28.50 27.90 27.62 27.74 27.95 27.90 27.97 28.00 26.62 24.73 22.76 21.66 20.35 18.65 17.79 15.84 14.68 14.93 14.85 14.55 14.04 13.79 12.18 10.71  9.73  9.14  8.93  8.96  9.14  9.03  9.11  9.07
traj-51:
10.66 11.52 13.24 14.33 15.79 17.70 19.38 19.65 20.30 21.33 22.56 23.30 24.33 25.76 27.38 28.11 28.15 28.18 28.41 28.52 28.56 28.46 27.93 26.14 24.97 23.38 21.55 19.91 17.99 16.12 14.30 12.32 10.52  9.38  7.51  5.74
13.41 13.25 12.87 12.62 12.45 12.29 11.91 11.79 13.16 14.24 14.59 14.71 14.85 14.96 15.78 16.22 17.62 19.32 21.27 22.37 24.10 25.65 27.55 27.97 28.21 28.42 28.55 28.72 28.96 28.34 27.82 28.03 28.70 29.35 30.04 30.00
traj-52:
 8.41  9.86 11.81 13.40 14.52 15.37 16.35 17.43 18.37 19.36 20.71 22.08 24.03 25.73 26.40 28.06 29.44 29.50 29.51 29.33 28.97 28.60 28.15 28.01 27.10 26.45 24.61 23.68 22.09 20.82 20.40 19.29 17.86 15.94 14.73 13.83 12.72 11.89
30.40 30.20 29.98 29.57 29.59 29.54 29.39 29.19 29.07 28.93 28.60 28.38 28.19 28.32 28.42 28.45 27.02 25.83 24.36 22.65 21.25 19.37 17.51 16.95 15.26 15.00 14.85 14.77 14.63 13.74 12.65 11.07 11.14 11.32 11.38 10.71  9.89  9.34
traj-53:
15.35 16.82 18.36 19.57 21.13 22.75 24.34 26.01 27.09 28.17 28.43 28.53 28.89 28.77 28.50 28.49 28.50 27.60 25.89 25.37 23.46 21.64 19.71 17.76 15.89 14.09 12.58 10.80 10.08
10.81 11.70 12.62 13.67 14.93 14.96 14.98 15.01 15.05 16.59 17.40 18.89 20.75 22.73 24.48 26.21 26.51 28.28 28.69 28.69 28.81 28.55 28.40 28.67 28.42 28.41 28.29 28.41 30.04
traj-54:
11.40 12.08 13.56 14.76 15.89 16.94 18.43 20.33 22.24 23.54 25.22 25.79 27.17 28.14 28.28 28.39 28.40 28.24 28.17 28.17 27.34 26.27 25.27 23.55 21.84 20.68 18.87 17.97 16.26 15.63 13.94 13.55
32.64 31.86 31.12 30.63 29.83 29.17 28.98 28.89 28.79 28.82 29.13 29.16 28.33 26.65 24.85 23.38 22.26 20.30 18.51 17.07 15.55 15.20 15.18 15.17 14.67 14.45 13.69 13.48 13.31 13.33 13.36 13.37
traj-55:
 7.22  7.71  9.14  9.85 10.81 12.04 13.04 14.75 15.70 17.63 19.29 21.28 23.06 24.40 26.17 26.67 28.14 28.18 28.17 28.26 28.52 28.35 28.39 28.26 26.37 24.69 23.47 22.01 20.29 18.48 16.77 15.58 14.20 12.25 10.29  8.46  7.84  6.33
 8.00  8.63  9.96 10.71 11.72 13.05 13.54 14.37 14.57 14.98 15.03 15.13 15.06 14.89 14.81 14.86 16.12 17.51 19.51 21.26 22.95 24.66 26.16 26.74 27.33 27.51 27.71 27.56 27.30 27.06 26.24 26.20 26.13 26.22 26.47 26.67 26.72 27.02
traj-56:
10.83 11.87 12.79 13.95 15.50 17.24 18.69 19.41 21.39 22.85 24.72 25.25 26.53 27.56 28.73 28.72 28.67 28.73 28.71 28.39 28.20 27.23 26.33 25.06 23.39 21.75 19.98 18.37 17.38 17.05 16.88 16.85
32.65 31.50 30.37 28.90 27.72 27.04 26.88 27.37 27.59 27.80 28.24 28.36 28.46 27.39 26.04 25.15 23.37 21.61 20.29 18.41 16.64 14.93 14.97 15.06 15.02 15.06 15.01 14.37 12.86 10.91  9.07  7.42
traj-57:
14.83 16.12 16.47 18.11 18.83 19.70 20.65 20.71 22.05 23.50 25.22 25.52 27.33 28.02 28.23 28.50 28.55 28.62 28.72 28.53 28.53 27.27 25.74 23.90 22.77 21.08 19.35 19.05 17.46 17.02 16.65 15.00
 6.67  7.73  8.09  9.12  9.92 11.02 12.72 13.02 14.35 14.86 15.12 15.15 15.34 16.29 17.72 19.31 20.08 22.06 23.82 25.59 25.89 27.13 28.02 28.52 29.30 29.51 29.50 29.51 30.55 32.10 32.60 33.47
traj-58:
15.64 17.23 18.23 19.76 21.02 22.85 24.56 26.16 27.24 28.30 28.43 28.41 28.39 28.36 28.34 28.01 27.25 25.86 25.10 23.33 21.53 20.04 18.18 17.33 15.96 14.34 12.86 11.68 11.00  9.38  8.09  7.38  6.91
31.59 30.87 30.45 29.65 29.24 29.18 29.07 28.16 27.06 26.11 24.63 22.92 22.62 20.78 19.02 17.07 15.68 14.98 14.93 14.98 14.79 14.76 14.61 14.57 14.65 13.89 13.06 12.07 11.54 10.43  9.16  8.31  7.02
traj-59:
18.09 19.83 20.10 21.80 22.99 24.46 25.31 27.00 28.06 28.54 28.79 29.36 29.65 29.71 29.63 29.69 29.09 28.47 26.49 24.68 23.51 21.93 21.06 19.28 17.75 15.91 15.19 13.34 11.88  9.98
13.36 14.29 14.43 15.18 15.16 15.19 15.20 15.19 16.82 18.29 19.68 21.44 22.59 24.51 25.53 27.27 28.75 28.96 29.02 29.06 29.04 28.88 28.82 28.55 28.98 29.73 29.75 30.36 30.80 31.30
traj-60:
 6.13  6.97  8.91 10.85 12.62 14.36 14.78 16.55 17.87 19.22 20.39 21.63 23.25 24.11 25.52 26.68 28.59 28.99 29.38 29.54 29.26 29.20 28.83 28.35 28.29 27.84 26.15 25.15 23.53 21.58 20.53 19.35 18.57 17.46 16.51 14.71 13.42 11.91 10.71  8.80  7.03  6.49
31.83 31.58 31.36 31.24 31.35 31.23 31.37 30.63 30.09 28.63 28.95 29.30 29.25 29.11 28.49 27.96 27.38 26.71 25.42 23.66 21.97 21.68 19.99 18.16 16.37 15.94 15.10 14.93 14.54 14.18 13.58 12.41 11.85 10.93 10.90 11.18 11.49 12.63 13.63 13.66 13.33 13.12
traj-61:
12.00 13.33 14.41 16.37 17.16 18.47 20.16 20.54 21.90 23.66 25.17 26.68 28.00 28.21 28.44 28.48 28.64 28.64 28.59 28.32 28.34 26.84 25.33 24.35 22.45 20.54 18.82 16.83 15.04
12.99 12.31 12.21 12.30 12.44 12.68 13.60 14.03 14.44 14.63 14.78 14.89 16.32 18.03 19.79 21.49 23.21 23.51 25.30 26.98 27.72 28.58 28.76 28.88 29.20 29.43 29.84 29.96 30.51
traj-62:
15.43 16.26 17.46 19.41 19.59 21.43 23.36 24.73 25.91 27.59 27.88 29.17 29.53 29.63 29.44 29.20 29.14 28.89 27.70 27.24 26.33 24.73 23.69 21.71 20.08 18.78 17.25 16.51 16.16 15.90 15.67
28.04 27.91 27.57 27.47 27.40 27.96 28.46 28.62 28.20 27.58 27.66 26.23 24.75 22.97 21.22 19.31 18.47 17.19 15.76 15.38 15.07 14.99 14.96 15.02 15.05 15.12 14.23 13.37 12.05 10.34  9.11
traj-63:
 6.44  7.21  8.52  9.74 11.62 13.14 14.10 15.93 16.41 18.07 19.70 20.73 22.14 23.87 24.16 26.04 27.19 28.13 28.29 28.54 28.50 28.33 28.23 28.13 27.75 27.02 25.23 24.19 22.80 20.82 18.87 18.55 16.71 15.13 13.47 12.41 10.99
11.37 11.60 12.03 12.28 12.97 13.71 13.49 12.92 12.76 12.16 12.28 13.25 14.10 14.71 14.79 15.20 15.42 16.93 18.24 19.87 21.04 22.53 24.00 25.75 27.10 28.13 28.77 28.84 28.93 28.98 29.11 29.11 29.26 29.62 30.11 30.60 31.32
traj-64:
10.73 11.63 12.26 12.95 12.75 14.09 14.91 16.18 18.04 18.62 19.76 21.54 22.14 23.50 25.45 27.41 27.69 28.00 28.15 28.55 28.58 28.72 28.56 28.51 27.63 26.46 25.89 24.10 22.66 21.68 20.76 19.83 19.08 18.83 18.81
32.39 30.73 29.67 27.89 27.21 26.93 26.75 26.37 26.89 27.26 27.67 27.53 27.74 27.48 27.38 27.24 27.14 25.23 23.64 22.03 21.73 19.75 17.78 17.18 15.60 15.14 15.14 15.11 15.10 14.81 14.13 12.65 11.01 10.32  8.78
traj-65:
17.66 19.57 21.15 23.12 23.72 25.62 27.35 28.32 28.37 28.46 28.45 28.41 28.29 28.14 26.21 25.91 24.25 22.97 21.38 19.93 19.09 17.55 17.06 15.15 13.81
14.37 14.74 14.89 15.11 15.14 15.13 15.30 16.89 18.68 20.61 21.50 23.42 25.18 26.66 27.02 27.54 28.44 28.14 27.77 27.33 27.05 26.49 26.40 26.28 25.71
traj-66:
 8.26  9.53 11.38 13.01 13.83 15.28 16.45 17.76 19.46 20.01 21.80 23.69 25.20 25.75 27.39 28.40 28.50 29.10 29.17 29.17 29.17 29.14 29.17 29.28 27.80 26.13 24.69 22.72 20.77 19.89 18.34 17.85 17.51
27.41 27.40 27.37 27.47 27.45 27.53 27.69 27.94 28.15 28.37 28.86 29.05 29.14 29.12 28.24 26.56 25.66 23.99 22.28 21.10 19.91 17.96 17.36 15.44 14.16 14.72 15.03 15.19 15.28 15.30 14.25 13.06 12.26
traj-67:
14.53 15.08 15.58 16.10 17.23 17.47 18.93 20.39 21.24 22.65 23.89 25.32 27.17 28.16 28.16 28.13 28.11 28.10 28.11 28.07 28.03 26.40 24.56 22.91 20.94 19.42 17.85 16.05 14.34 12.59 11.49 10.17  9.53  8.95  8.04  7.00
 7.47  9.00 10.92 12.18 13.71 13.90 15.11 15.22 15.19 15.06 15.02 14.94 15.11 16.63 17.78 19.53 20.70 22.67 23.55 25.03 26.53 27.26 27.34 27.52 27.57 27.16 26.46 26.11 26.52 27.39 28.43 29.77 30.61 31.39 32.40 33.22
traj-68:
 8.05  8.69 10.60 11.16 12.99 14.83 15.12 16.93 18.07 19.95 20.77 21.48 23.36 25.20 25.48 26.81 27.67 28.12 28.28 28.46 28.70 28.73 28.82 28.86 28.30 27.67 26.11 24.58 22.72 21.05 20.40 18.54 16.94 14.96 13.53
28.28 28.27 28.20 28.14 27.90 27.86 27.77 27.94 27.94 28.08 28.14 28.27 28.46 28.39 28.31 27.65 27.40 25.62 24.29 22.90 21.04 20.74 18.86 17.74 15.97 15.41 15.01 14.86 14.27 14.20 13.58 13.17 13.65 13.74 13.76
traj-69:
 6.60  6.77  7.93  8.47  9.82 10.85 12.22 14.10 15.82 17.66 18.93 20.43 21.33 22.40 23.93 25.65 27.38 28.01 28.24 28.57 28.44 28.29 28.25 28.18 28.13 27.54 26.01 24.40 23.01 21.28 20.06 18.43 17.59 15.95 14.20 12.46 12.10 10.50  9.79
 6.52  6.77  8.22  9.19 10.55 11.05 11.65 12.20 12.35 13.06 13.83 14.23 14.45 14.85 14.96 15.07 15.23 16.14 17.12 18.83 20.02 21.51 23.30 24.77 25.37 27.19 27.52 28.27 28.70 29.42 29.60 29.89 30.10 30.21 30.52 30.70 30.94 31.77 32.20
traj-70:
16.67 17.89 18.66 20.35 22.02 23.69 25.57 26.86 28.03 28.10 28.24 28.24 28.21 28.18 28.10 28.10 27.11 25.61 23.71 22.07 20.45 18.50 17.21 16.05
31.55 30.96 30.50 29.60 29.49 29.01 28.76 28.56 27.23 26.33 24.56 23.36 22.51 20.59 18.86 16.89 15.32 15.09 14.94 14.66 14.42 14.30 14.23 14.12
traj-71:
 6.01  6.65  7.90  9.10 10.32 11.35 12.89 13.30 14.70 16.22 16.13 17.70 19.31 20.98 22.46 23.64 25.54 27.16 28.13 28.12 28.11 28.14 28.18 28.20 28.17 28.15 26.99 25.71 24.54 22.70 20.86 19.07 18.05
 7.40  8.00  9.21 10.40 11.61 12.28 13.54 13.80 14.69 15.01 14.99 14.87 14.76 14.98 14.97 14.93 14.90 14.95 16.42 17.35 18.77 19.92 21.69 22.51 24.30 26.05 27.50 28.45 28.61 28.61 28.46 28.71 28.90
traj-72:
12.62 13.68 15.00 15.93 17.68 18.48 20.25 21.40 23.29 23.71 25.53 26.97 28.10 28.12 28.12 28.13 28.11 28.10 28.11 28.02 27.58 25.89 24.13 22.29 21.30 19.44 18.35 17.07 15.28
28.53 28.61 28.65 28.55 28.21 28.19 28.19 28.09 28.21 28.14 27.86 27.67 26.24 24.45 23.57 22.19 20.75 18.87 18.10 16.46 15.59 15.16 15.01 14.59 14.21 13.67 13.34 13.09 12.69
traj-73:
 6.50  7.68  9.60 11.12 12.26 13.27 14.73 15.78 17.13 18.17 19.42 19.78 21.42 22.52 24.12 26.09 27.34 28.23 28.65 28.99 29.00 28.79 28.62 28.45 27.63 26.10 25.36 23.40 21.45 19.91 18.36 17.38 16.02 15.16 14.12 13.58
 5.57  5.52  5.55  6.71  7.56  8.36  9.54 10.57 11.98 12.72 13.97 14.42 15.22 15.15 14.97 15.12 15.59 17.14 18.36 19.80 20.93 22.58 24.30 26.06 27.66 28.09 27.85 27.62 27.45 27.30 27.16 26.60 26.38 27.38 28.87 30.46
traj-74:
14.29 15.69 17.22 17.73 18.66 20.47 21.66 23.39 24.04 25.25 26.96 27.26 28.20 28.52 28.70 28.69 28.58 28.42 28.39 28.32 28.07 27.66 25.80 24.13 22.75 20.97 20.38 18.64 17.86 17.43 16.09 15.68 14.19 12.63 11.10  9.55  8.00
33.77 33.40 32.20 30.93 29.42 28.62 28.17 27.57 27.47 27.21 27.19 27.19 26.05 25.29 23.81 23.22 21.25 19.40 19.10 17.34 15.56 15.13 14.96 15.16 15.15 15.06 15.08 14.40 13.35 12.71 11.56 11.24 10.43  9.96  9.71  9.33  8.95
traj-75:
16.79 17.92 19.05 20.59 22.17 23.11 23.99 25.38 27.28 28.10 28.26 28.70 29.26 29.51 29.44 29.40 29.70 29.47 27.77 27.48 25.72 25.13 23.36 21.57 19.75 18.35 17.88 16.32 15.76 15.60 15.52 16.58
10.73 11.56 12.55 13.79 14.70 15.25 15.14 14.92 15.42 16.53 17.26 18.99 20.61 21.43 22.94 24.11 25.76 26.98 28.00 27.91 27.63 27.57 27.69 27.36 27.30 28.01 28.26 28.99 29.63 31.46 32.62 33.37
traj-76:
14.33 16.10 17.59 18.44 20.34 20.89 22.50 24.39 25.77 26.99 28.03 28.10 28.15 28.15 28.15 28.18 28.16 28.19 27.67 26.74 25.30 24.43 23.25 22.46 20.52 19.04 17.13 16.39 14.86 14.37 13.42 12.28 11.77 10.81 10.32  9.13
29.25 30.10 29.95 29.81 29.26 29.23 28.96 28.82 28.93 27.58 26.15 24.88 23.46 21.72 20.60 18.95 17.48 16.58 15.78 14.61 14.38 14.56 14.75 14.92 15.06 15.14 14.57 14.13 12.87 12.36 11.38 10.19  9.55  8.42  7.73  6.29
traj-77:
14.97 16.05 17.78 18.36 20.19 21.16 22.50 23.17 24.98 26.56 27.56 28.26 28.20 28.10 28.08 28.24 28.38 28.34 28.25 28.23 27.76 26.19 25.44 23.64 22.36 20.89 19.35 18.39 17.99
14.36 14.68 14.36 14.38 14.48 14.37 14.61 14.70 14.86 14.93 15.90 17.11 17.69 19.67 19.97 21.72 23.45 24.05 25.62 26.20 27.71 27.99 27.99 28.30 28.36 28.79 29.04 30.33 32.10
traj-78:
14.71 15.63 16.31 17.51 19.07 20.83 22.20 23.22 24.85 26.61 28.30 28.29 28.55 28.56 28.64 28.58 28.61 28.53 28.28 26.49 25.02 23.58 21.80 20.39 19.23 17.51 16.41 15.33 13.62 12.19 10.22  9.60  8.28  6.89
31.00 29.62 28.74 27.70 27.52 27.91 28.15 28.20 27.53 27.31 26.54 26.24 24.55 22.63 21.26 19.38 18.47 16.72 15.34 14.83 14.81 14.77 14.65 14.13 13.58 13.07 12.85 12.65 12.64 12.86 12.72 12.87 13.29 13.47
traj-79:
16.45 18.00 18.52 20.21 21.29 22.68 24.66 25.99 27.40 28.13 28.27 28.27 28.27 28.34 28.38 28.33 27.17 26.02 24.43 22.72 21.01 19.17 17.40
13.00 12.33 12.15 13.14 14.52 14.53 14.66 14.83 15.49 16.80 18.43 19.54 21.47 23.44 24.87 26.07 27.62 28.86 28.45 28.22 27.94 27.77 27.64
traj-80:
 5.58  6.59  8.10  9.57 10.10 11.75 13.05 13.91 15.48 17.23 18.90 20.86 22.16 23.41 25.09 26.66 27.41 28.62 28.67 28.72 28.58 28.43 28.17 28.18 28.22 28.32 26.44 24.99 23.25 21.41 20.08 19.02 17.73 16.39 14.80 13.77 12.62 11.24 10.59  8.64  6.84
32.10 31.60 30.91 30.48 30.41 30.24 30.08 29.97 29.74 29.25 28.87 29.02 28.87 28.84 28.68 28.19 27.10 25.96 25.66 23.87 22.41 21.04 19.22 17.46 16.57 15.10 15.07 14.94 14.57 14.01 13.20 12.31 10.81  9.47  8.61  8.08  8.00  8.21  8.29  8.46  8.48
traj-81:
18.53 19.37 20.87 22.23 23.18 25.11 25.78 27.16 28.09 28.12 28.18 28.43 28.53 28.46 28.36 27.55 26.14 24.35 22.70 21.82 19.88 18.92 18.16 16.86 15.88 14.42 13.24 11.51  9.80
12.78 13.19 13.89 14.61 14.85 15.14 15.26 15.34 16.89 17.76 19.47 21.44 22.90 24.08 25.57 27.20 28.47 27.91 27.80 27.86 28.04 29.00 29.88 29.79 30.73 31.65 32.07 32.70 33.43
traj-82:
 9.63 10.73 11.63 13.37 14.54 15.85 16.49 18.26 19.55 20.74 22.42 23.35 24.86 25.93 27.34 29.11 29.17 29.35 29.35 29.08 28.73 28.42 28.25 27.59 25.76 24.58 23.20 22.06 20.12 18.34 17.14 15.36 13.67 11.93 11.30 10.09  8.98  7.74  7.05
31.79 30.34 30.12 29.86 29.69 29.62 29.55 28.75 28.37 28.00 28.13 28.05 27.65 27.56 27.90 27.03 25.86 23.88 22.41 20.73 18.82 17.44 16.64 15.55 15.22 15.16 15.08 15.06 15.06 15.02 14.99 14.33 14.14 13.30 12.47 10.91  9.43  8.10  7.38
traj-83:
 6.07  6.34  8.14  9.91 10.53 11.93 13.06 14.48 16.33 18.16 19.46 21.12 22.53 24.19 24.76 26.62 27.15 28.19 28.26 28.43 28.65 28.71 28.75 28.47 28.05 27.18 26.11 24.75 22.98 21.19 19.48 19.18 17.19
13.72 13.59 14.00 14.68 14.72 14.78 14.80 14.90 14.86 14.86 14.91 14.99 15.00 15.20 15.25 15.37 15.41 16.94 18.30 20.22 22.18 23.89 25.67 27.45 28.53 29.06 29.16 29.20 29.18 29.11 29.09 29.08 29.03
traj-84:
15.19 15.80 17.01 17.73 19.51 21.37 22.57 24.13 25.88 27.68 27.77 28.18 28.19 28.21 28.26 28.27 28.33 27.42 25.84 24.25 22.89 21.39 19.59 19.19 18.30 17.54 16.77 15.18 13.99 12.02 11.43  9.82
30.11 29.73 29.20 29.09 28.93 28.50 28.39 28.23 27.96 27.52 27.24 25.57 23.80 22.02 20.20 18.50 17.17 15.48 15.12 14.94 14.76 14.54 13.74 13.39 12.01 10.92  9.60  8.71  8.44  8.58  8.66  8.86
traj-85:
14.45 14.95 16.16 17.38 19.05 20.37 21.56 23.50 25.31 26.56 27.88 28.10 28.05 28.10 28.25 28.39 28.55 28.40 28.22 27.13 25.99 25.13 23.32 22.17 20.45 18.53 17.58 17.11 15.74 15.45
11.36 11.64 12.46 13.18 14.26 15.21 15.21 15.17 15.21 15.41 15.98 16.18 17.80 19.56 21.31 22.16 23.89 25.03 26.21 27.66 28.29 28.62 29.14 29.26 29.47 29.86 31.31 32.30 33.47 33.55
traj-86:
17.00 17.28 19.01 20.52 22.35 22.63 24.61 25.48 26.88 27.18 28.19 28.29 28.59 28.84 28.89 28.83 28.74 28.70 28.65 27.54 26.33 24.54 23.20 21.24 19.82 18.03 16.37 15.13 13.70 13.01 11.79 10.62  9.17  8.17
31.01 30.53 29.85 29.17 29.31 29.42 29.33 29.12 28.04 27.56 26.02 25.34 23.51 22.48 20.52 19.63 18.43 16.95 15.77 14.58 14.69 14.81 14.95 14.96 15.07 15.19 14.51 13.58 12.39 11.82 10.84 10.03  9.10  8.22
traj-87:
12.40 12.64 13.05 13.24 13.54 14.19 14.57 15.72 17.13 17.67 19.46 21.22 21.81 23.26 24.85 26.72 27.02 28.14 28.10 28.22 28.33 28.45 28.32 28.28 28.25 26.51 25.65 25.20 23.21 22.52 20.60 18.87 17.32 16.55 14.73 14.14 12.19 11.72  9.98  8.84
 4.21  6.16  7.65  9.37 10.59 11.93 12.42 13.79 14.32 14.63 15.07 14.97 14.97 14.96 14.91 15.15 15.24 16.78 17.67 19.43 20.27 22.19 23.94 24.54 26.32 27.11 28.03 28.26 28.08 28.19 28.43 28.18 27.67 27.99 27.78 28.22 28.33 28.37 28.20 27.84
traj-88:
 5.80  7.77  8.77 10.11 11.70 12.87 13.50 14.75 16.16 16.68 18.47 20.27 21.48 23.39 24.38 25.52 26.50 28.30 28.74 29.03 28.93 28.87 28.63 28.53 28.40 28.13 26.51 25.02 24.46 22.85 22.07 20.60 18.81 16.94 15.81 13.95 12.53 10.93  9.70  8.28
27.79 27.77 27.69 27.47 27.13 26.84 26.77 26.81 27.25 27.40 27.27 27.46 27.43 27.51 27.48 27.42 27.32 28.12 27.03 25.56 23.80 22.05 20.15 18.60 17.50 15.72 15.06 15.09 15.11 15.07 15.06 15.00 14.67 14.45 14.19 13.85 13.65 13.26 13.11 12.65
traj-89:
19.61 19.81 20.27 21.95 23.42 25.17 25.95 27.77 28.11 28.23 28.38 28.38 28.40 28.30 28.19 28.18 27.73 27.68 26.26 24.62 22.66 21.01 19.06 18.81 16.87 16.30 15.86 15.13 14.18
11.92 12.61 14.22 14.84 14.95 15.00 15.00 15.40 15.90 17.03 18.97 19.82 21.79 23.17 25.09 25.39 27.18 27.47 28.71 28.72 28.37 27.98 27.64 27.57 27.83 28.86 29.69 31.06 32.70
traj-90:
 7.86  8.44  9.17 10.22 11.26 13.14 15.08 15.51 17.46 19.25 20.96 22.58 23.61 25.56 26.99 28.53 28.31 28.37 28.41 28.49 28.58 28.37 28.09 26.42 25.03 23.22 21.48 20.10 19.95 19.71 19.27 18.20 17.95
31.72 31.03 30.17 28.72 27.43 26.78 27.10 27.36 27.18 27.70 27.32 27.24 27.35 27.21 27.01 26.64 24.81 23.51 22.62 21.08 19.43 17.69 15.94 15.12 14.99 14.89 14.69 13.44 11.49 11.31  9.37  7.74  7.49
traj-91:
15.96 16.12 15.98 15.93 15.95 16.41 18.17 19.84 20.99 22.71 24.69 26.32 27.10 28.08 28.21 28.52 28.82 29.03 29.02 28.87 28.68 27.10 26.11 25.71 24.06 23.54 21.97 20.23 18.49 16.75 16.46 15.38 15.85 16.15
 7.02  8.62 10.23 10.68 11.34 13.26 14.06 15.11 15.06 15.04 15.05 15.18 15.31 16.74 17.44 19.28 20.67 22.37 22.67 24.59 26.05 27.16 27.16 27.64 28.02 27.88 27.63 27.75 27.94 28.26 28.33 29.93 31.85 32.89
traj-92:
 6.94  8.34  9.82 11.58 12.72 14.08 14.90 16.42 17.68 19.34 21.09 21.85 23.26 24.91 25.10 26.99 27.29 28.04 28.13 28.28 28.33 28.30 28.27 28.25 27.32 25.55 24.14 23.55 21.69 19.80 18.97 17.35 15.67 14.71 13.94 13.10 12.16 11.69
25.76 26.04 26.38 26.74 27.13 27.81 27.94 28.02 28.47 29.23 29.39 29.10 28.49 27.87 27.64 27.28 27.25 25.59 23.66 21.91 21.02 19.38 18.49 16.69 15.12 14.85 15.08 15.19 15.46 15.33 15.16 14.90 13.92 12.68 11.79 10.85  9.27  8.46
traj-93:
15.96 17.04 18.07 19.70 20.12 20.49 20.96 22.84 24.66 26.34 28.11 28.14 28.13 28.19 28.37 28.46 28.35 28.33 28.15 26.83 24.95 23.39 22.53 21.19 19.74 18.28 16.51 14.81
 6.70  8.26  9.30 10.40 12.00 13.34 14.11 14.71 14.98 15.12 15.77 17.46 18.56 19.97 21.37 22.20 24.12 25.31 27.07 27.72 28.28 28.46 28.57 28.84 29.16 29.11 29.62 29.82
traj-94:
16.12 17.26 18.90 20.74 22.36 23.90 25.49 27.10 27.71 28.40 28.37 28.37 28.39 28.31 28.28 28.28 27.07 25.92 24.04 22.26 20.33 19.52 18.18 16.36 15.29 13.44 11.74 10.63  9.47  8.72  8.20  7.36  6.65  6.21
28.37 28.29 27.97 27.93 28.31 28.68 29.14 28.15 27.21 25.36 23.91 22.69 21.01 19.28 18.41 16.64 15.34 15.16 14.99 14.93 14.61 14.54 14.39 14.01 14.01 13.73 13.49 12.16 10.55  9.28  8.54  6.91  5.38  4.57
traj-95:
 9.24 10.13 10.69 11.41 12.16 13.67 14.09 16.03 17.45 18.72 20.28 22.17 23.96 25.21 26.38 27.21 28.20 28.21 28.48 28.70 28.60 28.54 28.36 27.56 26.46 24.59 22.70 20.99 19.03 17.19 15.79 14.14
 8.43 10.02 10.70 11.76 12.54 13.14 13.42 13.68 13.92 14.20 14.33 14.83 14.92 14.94 15.38 15.72 16.80 18.27 20.20 22.04 23.22 24.11 25.59 27.24 28.78 28.68 28.35 28.20 28.10 28.27 28.28 28.41
traj-96:
 8.97  9.80 11.65 12.91 14.71 16.50 18.08 19.05 20.90 21.20 22.96 22.97 24.53 25.16 26.60 27.60 28.86 28.83 28.75 28.55 28.41 28.29 28.13 27.26 25.59 23.85 21.87 21.70 20.27 19.28 18.25 17.18 16.47 15.88 15.73 15.30 15.01
25.53 25.57 25.88 26.02 26.17 26.78 27.25 27.53 27.75 27.74 27.79 27.78 28.13 28.06 27.27 27.16 25.93 25.36 23.91 22.17 20.45 18.81 17.02 15.32 15.07 14.92 14.72 14.47 13.33 12.48 11.77 10.67 10.26  8.43  8.17  6.36  4.46
traj-97:
16.36 15.91 16.40 16.97 17.61 18.09 18.79 19.79 21.45 23.26 25.00 26.69 27.34 28.17 28.20 28.37 28.29 28.23 28.28 28.33 27.28 25.81 24.93 23.12 21.37 19.49 18.15 16.26 14.37 12.56 11.88
 5.14  5.77  7.69  8.77 10.05 11.11 12.46 13.56 14.64 15.03 15.15 15.43 15.45 17.07 17.37 19.35 21.31 22.61 24.51 26.10 27.28 27.43 27.57 27.99 28.00 28.40 28.16 27.60 27.22 26.76 26.54
traj-98:
16.86 15.44 13.71 14.94 15.88 17.60 18.66 19.52 20.79 22.40 23.17 24.52 26.26 27.45 28.19 28.70 28.98 28.79 28.81 28.78 28.47 27.43 26.81 25.22 24.17 22.43 21.15 19.27 17.69 17.29 15.29 14.66 13.14
33.70 33.46 32.70 31.28 29.93 29.28 28.91 28.74 28.47 28.35 28.14 27.95 27.72 27.14 26.44 25.30 24.02 22.46 20.57 18.79 17.04 15.40 14.88 14.94 14.97 15.03 15.04 14.82 14.56 14.49 14.42 14.39 14.31
traj-99:
 8.31  8.90 10.11 11.01 12.53 13.72 14.90 16.54 17.36 18.31 20.05 21.49 23.38 25.27 26.25 27.27 28.71 28.75 28.75 28.73 28.70 28.42 28.20 28.20 27.83 26.60 25.16 23.19 21.73 19.83 18.83 16.86 15.68 14.50 13.14 12.36 11.34  9.73  8.62  7.19  6.56  4.98
 7.55  7.92  8.55  9.21 10.36 11.42 12.82 13.54 13.57 13.68 14.48 14.84 14.91 14.99 15.00 15.11 16.49 17.09 18.85 19.44 21.43 22.80 24.64 25.23 27.19 27.72 28.24 28.46 28.18 28.07 28.09 28.28 28.56 28.34 27.86 28.17 28.80 29.79 30.67 31.85 32.28 33.33
traj-100:
 6.87  7.19  8.97 10.78 11.09 12.06 13.68 15.20 15.77 17.33 18.52 19.59 21.46 23.06 24.56 26.45 27.22 28.04 28.09 28.22 28.34 28.33 28.41 28.38 28.20 27.23 26.08 24.30 22.35 20.47 19.02 18.34 16.49 16.33 15.53 14.95 14.58 14.21 13.65 13.11
29.41 28.63 27.83 27.15 26.96 26.46 25.71 26.44 26.66 27.41 27.88 27.98 28.67 27.92 27.76 27.58 27.20 26.21 25.61 24.14 22.31 20.42 18.95 18.35 16.70 15.12 15.05 14.83 14.87 14.76 14.35 13.69 13.18 12.92 11.10  9.66  8.72  7.12  5.72  4.05
traj-101:
12.16 12.92 13.34 14.00 14.22 15.64 17.35 18.24 19.71 20.89 22.08 24.02 25.46 27.18 28.22 28.52 28.65 28.83 28.99 28.99 29.03 28.99 28.32 27.29 25.42 24.09 22.14 21.65 19.78 19.12 17.55 15.84 14.72 13.43 11.59 11.15  9.55  8.02  6.32  4.94
 9.19 10.72 11.85 13.35 13.84 15.05 15.23 15.22 15.19 15.15 15.13 15.04 14.97 14.85 16.37 18.07 19.26 20.73 22.67 23.56 25.36 25.66 27.44 28.90 28.26 27.88 27.94 27.87 27.65 28.03 27.86 28.46 28.61 28.77 28.99 29.15 29.62 30.44 31.05 31.71
traj-102:
16.80 18.35 19.90 21.11 22.72 24.65 26.17 28.16 28.65 28.68 28.86 28.78 28.42 28.22 28.21 28.37 27.42 25.84 24.45 23.37 21.93 20.87 19.77 18.66 17.57 16.64 15.07 14.61 13.03 11.38  9.93  8.76  7.83  6.75  5.57
25.58 26.72 27.97 28.56 28.45 28.16 28.09 27.94 26.02 25.72 23.79 22.06 20.10 18.76 17.30 16.61 15.32 14.80 14.79 14.84 14.64 14.26 12.71 11.52 10.34  9.19  7.99  7.76  7.07  6.57  5.82  5.51  5.26  4.78  4.27
traj-103:
19.34 19.51 20.53 21.97 22.85 24.29 25.78 27.55 28.04 28.24 28.23 28.28 28.34 28.38 28.36 28.36 28.32 26.39 26.10 24.19 22.35 20.47 18.52 17.36 15.94 14.99 13.24 11.64 10.39  9.55  8.71
11.98 12.23 13.36 14.11 14.09 14.09 14.09 14.91 15.33 17.07 18.75 20.44 21.71 23.20 24.08 25.27 27.04 27.41 27.37 27.68 27.72 27.46 27.37 27.28 27.79 28.18 29.11 30.01 30.81 31.40 31.93
traj-104:
11.91 13.40 15.39 15.90 17.87 19.07 20.07 21.98 23.33 25.17 26.37 28.12 29.23 29.04 28.84 28.75 28.75 28.64 28.58 28.36 27.05 25.47 24.68 23.21 21.90 20.73 19.31 17.74 16.79 16.04 14.74 14.28 12.81 11.30  9.66  9.19
28.85 28.86 28.68 28.59 28.44 28.49 28.53 28.57 28.65 28.39 28.70 28.68 28.20 26.29 24.43 22.89 22.21 20.27 18.77 17.07 15.65 14.70 14.56 14.57 14.41 14.01 13.24 12.26 11.55 11.15 10.27 10.03  9.14  8.55  7.54  7.20
traj-105:
12.01 12.79 14.51 14.81 16.53 17.51 18.95 20.46 21.69 23.37 24.88 26.60 27.59 28.09 28.21 28.22 28.38 28.63 28.64 28.74 28.61 27.84 27.51 26.05 24.08 22.20 21.13 20.00 18.41 17.19 15.69 14.55 14.16
12.77 13.01 13.25 13.29 13.18 13.23 13.04 13.52 14.19 14.98 14.90 14.73 14.79 16.54 18.25 19.42 20.83 22.71 23.01 24.76 25.95 27.59 27.85 29.13 29.01 29.09 29.01 28.92 28.93 29.78 30.98 32.19 32.56
traj-106:
15.54 16.32 17.92 17.95 18.26 19.62 20.58 21.86 23.58 25.06 26.76 27.07 28.60 28.44 28.39 28.26 28.23 28.15 28.18 28.10 28.10 26.27 24.31 22.33 21.74 19.98 18.56 16.88 15.43 14.54 12.90 11.08  9.84  7.95  6.43
33.57 33.12 32.05 30.98 29.90 28.49 28.49 28.58 28.42 28.41 27.40 27.01 26.02 24.32 23.72 21.93 21.33 19.40 18.22 16.45 15.85 15.11 15.00 15.03 15.04 15.08 13.86 13.00 12.36 12.01 11.76 11.58 11.34 10.92 10.54
traj-107:
19.35 19.60 19.87 20.28 22.22 23.94 24.92 26.59 27.40 28.11 28.15 28.22 28.30 28.35 28.41 28.43 28.32 27.54 25.64 23.69 21.79 20.55 19.68 18.15 16.67 15.16 13.41 12.43 10.81  9.86  8.29  6.61  5.32
 9.71 11.16 12.35 14.06 14.20 14.24 14.60 14.73 15.80 16.87 18.85 20.01 21.47 22.62 23.47 24.97 26.16 27.17 27.39 27.61 27.83 28.56 28.94 29.82 30.40 30.77 30.99 31.17 31.30 31.38 31.78 31.53 30.76
traj-108:
13.86 14.54 16.05 17.77 19.10 20.23 20.70 21.55 23.44 25.30 26.62 27.77 28.64 28.76 28.84 28.80 28.62 28.28 28.12 27.27 25.47 23.69 23.09 21.55 19.67 18.19 16.45 14.74 12.83 11.22 10.62  9.29  7.95  6.50
26.26 26.40 26.73 27.09 27.41 27.82 27.87 28.04 28.67 29.19 28.69 27.76 26.14 25.43 24.53 22.76 20.80 18.88 17.48 15.78 14.94 14.91 14.96 15.04 15.12 15.10 14.82 13.98 13.48 12.96 12.76 12.35 11.85 11.48
traj-109:
12.85 14.50 15.71 17.49 18.61 18.91 20.51 21.63 22.83 23.92 25.37 27.10 28.02 28.15 28.30 28.66 28.69 28.69 28.76 28.36 27.10 25.48 24.62 22.75 22.17 20.44 18.95 17.51 16.17 15.42 14.12 13.45
12.19 12.18 11.98 12.21 12.21 12.19 13.10 14.26 15.00 15.08 15.22 15.43 16.68 17.52 18.66 20.54 21.70 22.57 24.53 26.20 27.68 28.66 28.89 29.47 29.52 29.73 29.63 30.10 29.62 29.44 29.08 28.74
traj-110:
 6.25  6.75  8.39  9.47 10.89 12.03 13.88 14.81 16.61 17.75 19.20 19.67 21.39 22.13 23.98 25.44 27.02 28.14 28.88 29.18 29.28 29.80 29.32 28.79 28.60 28.16 27.30 26.95 25.26 23.42 21.68 19.90 19.19 18.04 17.13 16.34 15.11 13.55 12.14 11.20  9.62  8.24  7.25
27.33 26.88 26.52 26.29 25.96 26.10 26.15 26.07 26.42 26.57 27.35 27.13 27.49 27.60 27.56 27.63 27.45 26.11 25.44 24.58 24.00 22.21 20.87 19.10 18.29 16.94 15.22 15.18 15.08 14.99 14.97 14.42 13.61 12.63 11.84 11.20 10.17  9.39  8.62  8.07  7.40  6.64  6.16
traj-111:
18.67 19.22 21.07 22.23 23.51 25.24 27.20 28.32 28.39 28.56 28.89 29.08 28.81 28.78 28.54 27.50 25.56 24.36 23.36 21.39 19.48 18.89 16.95 15.58 13.74 12.77 11.48  9.73  8.69  7.83  6.74  6.08
14.44 14.63 15.10 15.07 15.06 14.96 15.38 16.69 18.59 19.72 21.66 23.07 25.02 25.61 27.36 28.61 29.08 28.90 28.74 28.84 28.78 28.49 28.19 27.97 27.72 27.50 27.29 27.03 27.76 28.57 29.41 29.88
traj-112:
 6.08  7.71  9.59 11.23 12.64 14.44 15.66 17.26 17.42 17.98 19.76 20.05 21.83 23.51 24.29 25.70 27.08 28.12 28.52 28.67 28.74 28.58 28.46 28.20 27.04 25.28 24.68 23.25 22.06 21.23 20.03 18.37 17.85 16.82 15.84 14.64 13.84 12.01 10.69  8.82  7.69  6.70  5.35
26.96 26.90 26.64 26.45 26.61 26.60 26.78 26.98 26.93 27.10 27.42 27.44 27.65 27.96 28.03 28.09 27.13 26.09 24.44 22.66 20.99 19.51 18.32 16.40 15.02 14.83 14.88 14.98 15.08 15.14 15.18 14.60 13.72 12.22 10.80  9.31  8.27  7.82  7.91  8.00  6.88  6.07  4.88
traj-113:
 6.17  6.80  7.65  8.33  9.50 10.35 10.78 12.13 13.22 14.36 16.09 17.57 18.03 19.45 20.32 22.31 23.92 25.79 27.23 28.11 28.20 28.28 28.34 28.38 28.45 28.45 28.02 27.02 25.27 23.30 21.45 20.57 18.81 17.32 15.98 15.31 13.82 13.22 11.89 11.05 10.17
 5.58  6.71  7.99  9.00 10.51 11.91 12.43 13.59 13.88 14.37 14.59 15.01 15.09 15.15 15.20 15.19 15.06 14.88 15.06 16.73 17.75 19.42 20.31 22.27 23.14 24.92 26.79 27.87 28.52 28.81 28.08 27.95 27.30 26.55 26.05 26.33 27.46 27.82 29.27 30.47 31.53
traj-114:
16.26 17.90 19.82 20.92 22.74 24.55 26.17 26.69 27.17 28.33 28.60 28.57 28.35 28.30 28.30 28.24 27.29 26.58 25.03 24.35 22.90 21.15 19.91 19.20 18.47
31.01 29.94 29.41 29.11 28.75 28.32 27.82 27.26 27.16 26.11 24.35 22.39 20.98 19.06 18.46 16.97 15.37 15.18 15.01 14.95 14.92 14.50 13.50 11.74 10.01
traj-115:
 9.93  9.75 11.05 12.01 13.11 13.63 14.72 16.35 17.68 19.43 20.29 22.03 22.63 24.57 26.49 27.01 28.75 28.79 28.84 28.88 28.91 28.70 28.45 28.42 27.27 26.62 26.34 24.55 22.69 21.06 19.56 18.61 16.84 16.32 14.36 12.65 11.65 10.52  9.37  7.72  6.29  5.06  4.22
 9.00  9.24 10.72 11.80 12.79 13.33 14.46 14.79 14.84 15.00 15.01 15.04 15.01 15.03 14.89 15.13 16.11 17.04 18.75 19.65 21.44 23.13 24.97 25.87 27.01 27.70 27.81 28.61 28.75 28.19 27.84 27.71 27.99 28.12 28.41 28.67 28.90 29.14 29.36 30.19 30.65 31.07 31.32
traj-116:
 4.79  6.06  6.96  8.27  9.28  9.79 11.60 12.07 13.09 14.90 15.77 17.48 19.40 20.36 21.37 22.76 24.58 26.55 27.36 27.77 28.42 28.78 28.83 28.57 28.23 28.02 27.14 26.56 25.01 23.43 21.51 20.41 19.27 18.08 16.14 14.44 13.36 11.77 11.20 10.09  9.63  9.03  7.98  7.22  6.81
33.55 32.31 31.36 30.76 29.47 28.55 27.97 27.45 26.64 26.88 26.87 27.15 27.49 27.66 27.98 28.32 28.96 28.81 28.10 27.07 25.71 24.03 22.55 20.80 18.86 16.98 15.37 15.28 15.02 15.19 15.14 15.06 15.08 15.12 14.68 13.73 12.81 11.74 11.43 10.32  9.54  8.11  6.65  5.51  4.81
traj-117:
19.29 19.69 19.88 20.21 20.83 22.57 23.97 25.58 27.01 28.42 28.37 28.25 28.33 28.38 28.27 28.09 27.04 26.81 24.97 23.70 22.80 20.99 19.22 17.52 16.94 15.20 14.48
 8.55  9.71 10.83 12.75 14.08 14.72 14.87 14.75 15.13 16.30 18.05 19.89 21.85 23.58 24.75 26.21 27.91 28.11 28.63 28.56 28.74 28.75 28.80 29.07 29.15 29.37 29.49
traj-118:
 4.04  5.48  7.24  8.93  9.40 10.61 12.37 14.32 15.25 16.86 17.67 19.32 20.12 21.39 22.09 23.90 25.41 26.68 27.83 28.40 28.77 28.83 28.84 28.58 28.34 28.27 28.28 27.50 27.26 25.26 24.02 22.05 20.89 18.99 17.39 16.79 15.27 13.68 12.42 10.59  9.02  7.61
26.51 26.49 26.49 26.37 26.30 26.31 26.18 26.23 26.29 26.24 26.43 27.18 27.39 27.68 27.85 28.16 28.54 28.09 27.04 25.84 25.09 23.33 21.85 20.47 18.87 18.30 16.68 14.87 14.69 14.75 15.05 15.32 15.36 15.26 15.15 15.10 14.28 13.15 12.97 12.49 13.40 14.05
traj-119:
 5.72  6.67  7.54  8.60 10.33 11.15 12.64 13.55 15.22 16.91 18.81 19.92 20.45 21.16 22.93 24.79 26.28 27.00 28.03 28.11 28.27 28.32 28.30 28.43 28.18 27.36 26.57 24.70 23.59 21.80 20.10 18.29 17.24 15.82 14.50 12.56 10.98
 4.34  5.79  6.86  8.43  8.98  9.20  9.99 10.15 10.76 10.64 10.88 12.00 13.07 14.09 14.26 14.46 14.79 15.14 16.79 18.50 20.44 21.01 22.45 23.88 25.50 27.14 27.33 28.04 28.72 28.42 28.12 27.83 27.58 27.37 27.15 27.12 27.18
traj-120:
10.30 10.58 12.24 13.55 14.60 16.20 16.80 18.62 20.33 21.66 23.28 25.18 27.06 28.45 28.19 28.21 28.22 28.20 28.21 28.17 28.23 27.20 26.07 24.09 22.67 21.80 20.39 19.06 18.69 17.10 15.75 14.22 12.46 11.50  9.90
31.53 31.64 30.88 29.46 28.84 28.83 28.26 27.79 27.93 28.04 28.18 27.79 27.43 26.02 25.36 24.18 22.99 21.55 19.60 18.23 16.77 15.18 15.20 15.29 15.11 14.92 14.21 12.86 12.34 11.32 10.04  8.95  9.79 10.22 11.14
traj-121:
14.69 14.66 14.72 14.66 15.20 16.64 17.91 19.00 20.13 21.62 21.91 23.68 25.14 26.61 27.18 28.04 28.10 28.15 28.51 28.90 28.97 28.64 28.51 26.65 26.03 24.54 22.62 21.03 20.34 18.68 16.72 16.43 14.70 13.04 11.24  9.59  7.91  7.20
 6.10  6.57  8.38  9.10 10.95 11.50 11.75 12.23 13.39 14.49 14.57 14.89 14.97 15.15 15.21 16.57 18.11 19.29 21.24 23.19 24.37 26.25 27.14 27.87 28.12 28.32 28.10 27.60 27.47 27.15 26.82 26.76 26.22 25.89 25.90 25.90 25.93 25.95
traj-122:
14.17 15.40 16.72 18.29 18.81 20.55 21.15 23.07 23.45 25.43 26.52 28.16 28.55 28.64 28.67 28.75 28.87 28.91 28.87 28.19 27.14 25.69 24.39 22.96 21.48 20.14 19.75 19.71 19.69
32.63 31.17 30.54 29.72 29.08 28.30 28.45 28.42 28.46 28.23 28.27 28.02 26.14 24.82 23.83 22.03 20.22 19.32 17.84 16.80 15.50 15.18 15.06 14.96 14.85 13.52 12.30 10.72  9.17
traj-123:
 9.96 11.21 11.65 12.84 14.24 15.06 16.52 18.44 20.43 21.88 23.56 25.51 27.07 28.06 28.06 28.10 28.18 28.29 28.21 28.19 27.42 26.54 25.76 24.53 23.50 21.59 20.07 18.14 16.52 14.92 13.51 13.36
12.68 13.66 13.94 14.90 14.98 14.97 14.96 15.02 15.05 15.11 15.17 15.11 15.20 16.78 17.98 19.49 21.44 23.18 24.95 25.55 27.10 27.42 27.60 27.86 28.12 28.26 28.39 28.53 28.95 29.25 30.57 31.29
traj-124:
12.31 13.64 15.36 16.84 18.24 19.84 20.79 22.35 24.30 26.04 27.26 28.58 29.21 29.14 28.91 28.79 28.56 28.29 27.36 25.97 24.12 22.95 22.07 20.85 19.87 18.16 16.63 15.43 13.75 12.72 11.52  9.93  8.01
29.64 28.79 28.72 28.72 28.60 28.17 28.11 28.21 28.07 27.89 27.46 27.19 25.52 23.80 21.87 20.30 18.92 16.95 15.36 15.16 14.77 14.56 14.37 14.05 14.00 13.53 12.52 11.99 11.31 11.07 10.57 10.14  9.63
traj-125:
12.62 13.73 15.42 17.01 17.60 19.35 20.53 22.23 23.68 25.58 27.45 28.96 28.11 28.45 29.05 29.45 29.69 29.36 28.62 27.24 26.94 25.24 23.80 22.44 21.71 20.50 19.22 17.72 16.05 14.93
14.57 14.63 14.73 15.11 15.24 15.36 15.44 15.28 15.01 14.98 15.44 16.20 16.92 18.85 20.74 22.42 24.19 25.68 27.26 28.54 28.48 29.14 28.68 28.26 28.00 27.53 27.06 26.33 25.50 25.08
traj-126:
 6.90  7.79  9.39 10.43 12.40 13.59 15.01 16.68 18.30 19.61 21.22 23.09 23.88 25.48 27.03 28.32 28.32 28.39 28.39 28.31 28.15 28.07 28.20 27.44 25.76 24.63 23.48 21.63 19.85 19.40 18.92 18.44 18.69 19.17 19.54
28.34 28.03 27.42 27.36 27.36 27.45 27.50 28.07 28.04 27.74 27.60 27.40 27.47 27.36 27.15 26.17 25.29 23.82 22.06 21.50 19.56 17.85 16.66 15.38 15.02 15.05 14.67 14.17 13.36 12.48 11.11  9.71  7.78  5.93  4.60
traj-127:
13.40 14.13 15.19 16.21 17.37 18.55 19.06 20.83 22.00 23.69 25.29 27.09 28.10 28.07 28.21 28.39 28.44 28.37 28.42 28.10 27.00 25.20 23.88 22.86 21.36 20.16 19.27 18.18 17.08 15.87 14.80 13.05
11.22 12.03 12.89 14.57 14.90 15.25 15.27 15.22 15.16 15.10 15.12 15.29 16.87 17.17 18.95 20.28 21.73 23.57 24.72 26.11 27.22 28.00 27.89 27.73 28.20 29.07 29.74 30.38 30.68 30.43 30.19 29.98
traj-128:
11.40 12.51 13.71 14.90 16.38 17.92 18.75 20.16 21.18 23.01 24.34 25.85 26.93 28.08 28.46 28.45 28.57 28.43 28.29 28.18 28.13 27.20 25.62 24.15 22.29 20.63 19.55 18.09 16.69 14.88 14.52 12.72 11.48 10.06  9.28  8.03
30.86 29.45 28.28 27.43 27.38 27.61 27.76 27.96 28.11 28.43 28.59 28.87 28.95 27.49 25.75 24.19 22.58 21.52 19.86 17.91 16.78 15.20 14.90 14.88 15.00 15.03 15.19 14.58 14.24 13.93 14.00 13.57 13.37 13.01 12.55 11.49
traj-129:
 6.19  7.18  7.65  8.41  9.15  9.86 10.69 12.22 13.69 15.46 16.82 18.27 20.04 22.02 22.84 24.14 25.40 27.24 28.18 28.25 28.51 28.50 28.58 28.79 28.39 27.87 26.60 24.87 23.04 21.87 20.15 19.22 17.72 16.95 15.47 14.50 13.03
 4.32  5.87  6.59  7.87  8.99 10.65 11.42 12.30 13.11 13.61 13.94 14.51 15.16 15.05 15.02 15.00 14.90 15.37 17.08 19.00 20.89 22.15 23.72 25.27 26.57 27.48 28.67 28.66 28.63 28.48 28.04 28.06 29.22 29.46 30.29 30.93 31.99
traj-130:
12.33 13.40 14.87 16.52 18.37 19.91 21.11 22.90 23.20 25.09 25.36 26.99 28.08 28.38 28.62 28.64 28.47 28.38 28.29 28.21 26.37 25.48 23.50 21.87 20.17 18.79 17.35 16.43 14.91 14.32 13.09 12.50
25.43 25.86 26.55 27.12 27.71 28.42 28.78 29.06 29.12 28.67 28.53 27.77 26.16 24.60 23.29 21.43 19.44 18.25 17.07 15.88 15.18 15.09 15.18 15.02 14.59 14.10 13.69 13.57 12.45 11.88 11.13 10.50
traj-131:
14.47 15.00 15.70 16.34 16.69 17.00 17.69 18.41 19.76 21.19 22.07 23.52 24.87 26.73 27.06 28.19 28.23 28.65 28.72 28.77 28.60 28.47 28.27 27.44 25.74 24.76 23.42 22.28 20.56 19.03 17.49 16.72 15.13 13.46 11.94 10.15
 5.63  6.67  7.86  9.12  9.73 10.46 12.25 13.92 15.25 15.28 15.28 15.18 15.05 15.03 15.12 16.51 16.81 18.74 20.22 22.10 23.29 24.46 26.23 27.71 28.04 28.14 28.42 28.59 28.59 28.64 28.83 29.03 29.45 29.68 29.89 30.09
traj-132:
 5.17  6.27  7.70  9.60  9.90 11.16 12.73 14.69 15.87 17.25 18.73 18.77 20.06 20.79 22.42 23.07 25.00 26.87 28.80 29.72 29.81 29.90 29.61 29.48 29.36 28.86 28.70 27.89 26.56 24.66 23.20 21.36 19.94 18.30 16.50 14.81 13.30 12.94
31.56 31.18 30.76 30.24 29.97 29.58 29.43 29.20 29.14 28.97 28.92 28.90 28.90 28.77 28.58 28.63 28.49 28.48 28.44 27.40 25.99 24.51 22.54 21.37 19.67 17.88 17.39 15.78 15.19 15.17 14.65 14.32 12.95 12.05 11.21 10.55  9.48  8.92
traj-133:
11.07 12.76 13.54 15.17 15.79 17.00 18.47 19.26 20.81 21.88 23.85 25.45 25.96 27.73 28.44 28.62 28.85 28.80 28.78 28.69 28.79 28.57 27.72 25.79 23.93 23.04 21.71 19.99 18.52 17.05 15.56 13.82 12.35 10.71  9.10  7.41  5.86
 8.17  8.93  9.42 10.22 10.61 11.47 12.46 13.11 14.19 14.87 14.89 14.85 14.97 15.16 16.32 17.99 18.94 20.94 22.62 24.49 25.97 27.12 28.77 28.72 28.61 28.74 28.93 29.09 29.08 29.05 29.63 30.12 30.81 31.42 32.03 32.73 33.33
traj-134:
16.45 18.14 19.49 20.76 22.70 23.33 25.30 26.77 28.19 29.23 29.52 29.34 29.34 29.24 29.07 28.93 28.36 28.15 27.00 25.18 23.47 21.80 20.16 19.24 18.24 17.49 16.34 15.03 14.74 13.84 13.38 12.72
26.86 27.40 27.83 28.02 28.16 28.31 28.30 28.14 27.75 26.31 24.56 22.80 21.65 20.77 19.61 18.28 16.76 16.34 14.98 14.93 15.00 14.53 13.69 13.11 12.16 11.48 10.36  9.26  8.80  7.60  6.14  4.44
traj-135:
 7.09  8.28  9.16 10.85 12.11 13.58 15.45 16.05 17.98 19.86 21.04 22.70 24.28 25.13 26.97 27.27 28.02 28.02 28.32 28.24 28.21 28.17 28.15 27.50 25.53 24.09 22.31 20.81 18.90 17.92 16.37 14.86 13.40 12.28 11.18  9.51  8.68
11.75 12.54 13.16 14.13 14.66 14.61 14.67 14.70 14.75 14.75 14.79 14.85 14.89 14.83 15.16 15.20 16.64 16.94 18.75 20.70 22.67 24.04 25.77 27.44 27.56 27.76 27.94 28.13 28.10 28.49 28.91 29.82 30.52 30.65 31.18 31.80 32.13
traj-136:
12.57 14.21 14.96 16.43 17.27 18.84 19.31 20.88 22.71 23.33 24.84 26.61 28.25 28.75 28.71 28.63 28.47 28.27 28.14 28.10 27.29 26.43 24.93 23.21 22.91 21.16 20.03 18.91 17.63 16.41 15.65 14.42 13.06 11.73 10.96 10.22
28.67 28.90 29.02 29.21 29.45 29.74 29.56 29.01 28.45 28.10 27.34 27.05 26.32 25.10 24.80 23.06 21.62 19.94 18.24 16.78 15.40 15.00 15.05 15.11 15.14 15.11 14.41 13.15 12.08 10.99 10.36  8.98  7.72  6.65  6.05  5.27
traj-137:
13.30 13.56 14.15 14.79 15.01 16.10 16.08 16.28 16.57 17.75 19.52 20.68 22.41 24.37 25.25 26.93 28.17 28.26 28.44 28.88 28.95 29.13 29.17 29.23 28.95 28.48 27.99 26.33 24.62 23.62 21.84 20.38 18.86 17.50 16.72 15.24 13.73 11.79 11.07  9.75  8.45  7.57  6.22
 5.41  6.11  7.74  9.07  9.58 10.66 12.24 14.13 14.50 15.27 15.34 15.41 15.48 15.55 15.60 15.64 15.79 17.43 18.46 20.10 20.39 22.23 23.12 24.60 26.41 28.27 28.53 29.14 28.84 28.69 28.18 27.77 27.66 27.79 28.01 28.39 28.78 29.15 29.09 29.25 30.75 31.35 32.15
traj-138:
11.69 13.42 13.97 15.59 16.14 17.47 17.91 19.18 20.58 21.84 23.09 25.01 26.96 28.93 28.80 28.88 28.83 28.88 28.48 28.33 27.15 26.71 24.93 24.18 22.34 20.84 19.51
33.18 32.90 32.68 31.86 31.70 30.92 30.36 29.03 28.57 28.09 27.63 27.34 27.08 26.94 25.05 23.09 21.73 19.95 18.03 16.85 15.43 15.22 14.90 14.90 14.58 14.19 13.61
traj-139:
16.31 16.27 16.19 16.00 15.99 15.90 15.79 17.68 18.27 20.20 21.40 23.38 24.66 26.63 27.30 28.23 28.35 28.61 28.65 28.43 28.30 28.31 28.20 28.48 27.08 25.71 24.29 23.26 21.79 20.36 18.93 17.24 15.82 14.27 12.65 11.58 10.09  9.12  7.76  6.78  4.91
 4.66  5.48  7.36  9.17 11.11 12.84 14.63 15.20 15.28 15.27 15.18 15.06 15.00 15.04 15.03 16.61 17.47 19.30 20.98 22.35 23.64 25.31 27.22 28.00 29.13 29.30 29.04 28.83 28.94 28.69 29.26 29.27 30.21 30.83 30.25 30.39 30.42 30.57 30.78 30.81 30.97
traj-140:
14.75 15.05 16.85 18.79 20.62 22.56 23.69 25.42 27.27 27.64 28.34 28.37 28.29 28.25 28.20 28.10 28.12 27.28 25.87 24.17 22.64 20.79 19.32
29.39 29.35 29.01 28.70 28.53 28.26 28.21 27.92 27.48 27.34 25.48 23.69 22.22 20.60 19.49 17.78 16.88 15.32 15.05 14.90 14.78 14.53 13.37
traj-141:
10.75 11.53 12.55 12.93 14.03 15.34 15.74 16.77 17.65 19.32 19.84 21.82 23.48 23.88 25.62 27.45 28.04 28.09 28.13 28.12 28.20 28.23 28.28 28.17 27.79 26.49 25.13 23.28 22.30 21.21 19.38 19.12 17.21 15.86 14.21
 5.27  6.35  8.00  8.68 10.07 11.54 11.98 13.39 14.32 14.68 14.88 15.08 15.15 15.13 15.19 15.45 16.29 17.43 19.14 19.72 21.48 22.35 23.53 25.32 27.17 28.34 28.27 28.80 28.95 29.20 29.81 29.96 30.48 31.48 32.48
traj-142:
14.16 15.02 15.45 16.81 18.26 20.24 21.73 22.92 24.24 25.65 27.10 28.21 28.20 28.10 28.34 28.50 28.50 28.41 28.30 27.06 26.81 24.98 23.41 22.14 20.42 18.78
32.65 31.16 29.65 28.21 28.29 28.30 28.22 28.15 27.91 27.87 27.67 26.18 25.45 23.51 21.91 20.01 19.48 17.75 16.56 15.14 14.97 15.13 14.98 14.72 13.85 13.15
traj-143:
16.46 16.92 17.39 17.64 18.15 18.86 19.46 19.53 21.35 22.71 23.56 25.17 26.24 27.88 28.04 28.06 28.09 28.25 28.47 28.50 28.48 28.02 27.10 26.32 24.93 23.34 22.69 21.30 20.40 19.22 17.74 15.79 13.95 12.32 11.11  9.30  8.32  7.05
 4.88  6.19  7.57  8.33 10.11 11.59 13.38 13.67 14.48 14.91 14.96 15.00 15.07 15.82 16.07 17.42 18.89 20.62 21.97 23.68 24.28 26.16 27.13 28.09 28.34 28.25 28.26 28.11 27.77 27.37 27.60 27.68 27.70 27.34 27.08 27.10 27.10 27.72
traj-144:
14.76 15.88 16.46 16.64 18.01 19.73 21.09 21.60 23.38 24.82 25.48 27.29 27.66 28.06 28.49 28.54 28.76 28.62 28.47 28.25 28.14 27.24 26.80 25.02 23.29 21.31 19.66 17.87 16.18 15.66 13.88 12.94 11.57  9.77  8.47
33.27 32.32 30.69 29.84 28.41 28.59 28.55 28.54 28.47 28.19 28.18 27.47 27.37 26.02 24.25 23.95 22.78 20.94 19.79 18.16 17.08 15.30 15.20 15.06 15.15 15.09 15.03 15.03 15.01 15.13 14.53 14.28 13.76 13.93 14.03
traj-145:
14.97 15.19 16.76 16.83 18.21 19.26 20.25 21.59 22.69 24.06 25.76 26.86 27.74 28.31 28.61 28.55 28.56 28.54 28.48 28.39 28.25 27.09 26.33 24.51 22.79 21.16 19.75 18.07 16.59 15.61
 9.39  9.59 10.78 11.50 12.68 13.74 14.14 14.51 14.89 14.96 15.01 14.84 15.96 16.81 18.27 20.18 20.79 21.57 23.01 24.15 25.93 27.03 27.38 28.07 28.52 28.84 29.12 29.48 29.63 29.86
traj-146:
 7.42  8.94 10.49 11.82 12.97 14.74 15.39 17.20 18.60 19.82 20.82 22.48 23.37 25.18 26.34 28.17 28.30 28.61 28.73 28.73 28.73 28.46 28.20 28.01 27.41 26.66 24.75 23.37 21.59 19.96 19.22 18.20 16.60 15.38 14.24 12.38 10.54  8.60  6.61  6.01
28.48 27.54 26.95 26.62 26.30 26.11 26.24 26.79 27.18 27.23 27.29 27.35 27.35 27.59 27.89 27.35 27.08 25.36 23.59 22.45 21.11 19.64 17.77 16.37 15.30 15.09 15.04 15.05 14.55 13.58 11.97 10.70  9.52  8.93  8.69  8.42  8.14  8.43  8.66  8.68
traj-147:
 9.13 10.59 12.00 13.27 14.12 15.76 17.65 18.99 20.16 20.94 22.70 24.66 26.24 28.05 28.15 28.25 28.25 28.23 28.11 28.10 28.18 28.37 28.51 26.76 25.16 24.33 22.91 21.83 19.84 18.54 17.74
 9.31  9.91 10.47 11.03 11.41 11.96 12.62 13.57 14.24 14.89 15.18 15.05 15.08 15.85 17.04 18.79 20.27 21.16 22.90 23.20 24.97 26.76 27.63 28.58 27.68 27.50 27.45 27.70 27.89 27.60 27.45
traj-148:
12.47 14.12 15.66 17.66 18.52 20.04 20.34 22.23 22.47 24.31 26.27 26.52 28.02 28.70 28.73 28.79 28.76 28.77 28.63 28.46 28.34 27.38 25.61 23.69 22.27 21.69 20.16 19.38 18.72 17.71 15.74 15.25 13.33 12.33 10.94  9.02  8.75
26.56 26.41 26.09 26.05 26.40 27.53 27.52 27.66 27.70 27.83 27.97 28.13 26.87 25.13 24.54 23.08 21.35 20.83 19.99 18.58 16.84 15.30 15.05 15.00 14.90 14.81 13.97 12.97 11.89 10.72 10.63 10.88 10.97 10.95 11.05 10.59 10.46
traj-149:
16.16 16.37 16.53 16.59 16.67 16.81 18.26 19.99 21.46 22.78 24.41 24.99 26.47 28.28 28.37 28.31 28.58 28.76 28.87 28.66 28.20 27.50 25.57 25.12 23.13 22.14 20.64 18.77 17.93 16.22 15.66 14.11 12.44 11.70
 7.71  9.39 11.02 11.78 13.29 13.95 15.10 15.21 15.17 15.14 15.17 15.17 15.21 16.05 16.94 18.74 20.62 21.79 23.56 25.02 26.00 27.08 27.10 27.56 27.68 27.88 28.15 28.14 27.94 27.26 27.04 26.57 26.09 25.80
traj-150:
11.45 12.72 13.99 14.96 15.79 17.40 19.07 20.31 22.24 23.79 25.60 27.16 27.45 28.22 28.38 28.63 28.64 28.63 28.65 28.66 28.71 28.64 26.88 26.03 24.17 22.27 21.11 19.65 19.00 17.40 15.95
33.36 32.46 31.01 29.26 27.61 27.34 27.34 27.65 27.99 28.35 28.18 27.26 27.20 25.59 24.41 22.84 21.34 20.38 18.91 18.31 16.53 15.66 15.09 15.05 15.12 15.09 15.06 14.83 14.71 14.29 13.95
traj-151:
15.03 15.76 17.13 18.75 19.63 21.08 22.28 23.82 25.23 27.01 28.20 28.16 28.33 28.41 28.43 28.46 28.59 28.17 28.04 26.68 25.40 23.73 21.88 20.65 19.57 17.62 15.87 14.13 12.65 11.40
12.38 12.97 14.34 15.28 15.22 15.14 15.08 15.01 14.99 15.23 16.47 17.35 19.07 21.06 21.59 23.06 24.84 26.71 26.98 27.53 28.30 27.83 27.31 27.44 27.61 27.89 28.19 28.09 27.97 27.87
traj-152:
 6.19  7.30  8.75 10.21 11.67 13.13 14.93 16.91 18.80 20.55 21.61 23.42 24.34 26.08 27.22 28.16 28.37 28.47 28.34 28.22 28.18 28.14 28.12 27.62 26.02 25.43 23.79 21.80 21.25 19.82 18.43 17.04
32.10 31.00 29.66 28.46 28.42 27.76 27.92 28.09 28.10 28.25 28.23 28.77 28.97 28.13 27.07 26.09 24.81 23.02 21.58 20.16 19.04 17.29 16.49 15.80 15.21 15.17 15.06 15.18 15.21 14.50 13.28 12.09
traj-153:
14.55 14.85 16.56 18.20 19.24 20.40 21.39 22.34 23.37 24.80 26.54 27.06 28.05 28.20 28.47 28.71 28.84 28.79 28.60 28.10 26.50 24.87 24.01 22.22 20.75 19.24 18.35 16.54 15.25 13.52 11.63  9.90  9.38
12.12 12.13 12.04 11.95 12.67 13.74 14.30 14.83 14.92 14.95 15.11 15.18 16.67 17.50 18.76 20.69 22.12 23.90 25.67 27.10 27.58 27.74 27.92 28.23 28.64 28.49 28.34 27.77 27.31 26.80 26.56 26.40 26.34
traj-154:
10.15 11.02 12.89 14.25 15.13 16.86 17.59 18.92 20.55 22.10 23.96 25.50 27.49 28.24 28.22 28.32 28.38 28.55 28.78 28.87 28.74 28.66 27.94 26.18 24.65 22.84 21.08 19.91 19.55 17.96 17.11 15.36 13.80 11.82 10.28  9.53
32.29 32.31 32.02 31.90 31.38 30.65 30.32 29.13 28.40 27.69 27.61 27.48 27.42 25.68 25.39 23.46 21.56 20.75 19.66 18.77 17.32 16.73 15.35 15.11 14.96 14.54 14.35 12.98 12.54 11.73 10.72 11.34 11.29 11.07 10.28  9.91
traj-155:
 8.84  9.48 10.30 11.34 11.79 12.57 12.85 13.18 14.80 16.00 17.19 18.08 19.55 20.15 21.90 23.54 24.59 26.43 28.08 28.40 28.67 29.04 29.17 29.14 29.15 28.70 28.64 27.14 25.55 25.14 23.36 21.50 20.87 19.05 17.10 16.40 14.66 12.73 10.97  9.20  8.45
 6.04  6.87  7.87  9.49 10.21 11.82 12.69 14.09 15.14 15.18 15.21 15.24 15.27 15.26 15.34 15.20 15.09 14.84 15.92 17.34 18.89 20.83 22.04 23.80 25.53 27.34 27.63 28.67 28.70 28.51 27.96 27.62 27.58 27.51 27.52 27.47 27.31 27.73 28.09 28.95 29.35
traj-156:
 5.56  7.13  8.48 10.28 12.23 14.02 15.95 17.70 19.56 21.40 23.16 24.99 26.80 28.51 29.41 29.30 29.16 29.15 28.85 28.51 28.35 28.19 27.03 25.37 24.51 22.75 21.89 20.15 19.31 17.86 18.33 18.40 18.46 18.58 18.78 18.68 18.48
29.05 28.66 28.42 28.71 28.85 28.86 28.84 28.72 28.51 28.56 28.70 28.36 28.34 27.65 26.12 24.33 22.87 22.28 20.89 19.48 17.57 15.61 14.31 15.10 15.09 15.15 15.32 15.33 15.22 14.66 13.66 12.08 10.30  8.81  7.40  6.09  4.37
traj-157:
17.68 17.52 17.12 16.50 15.92 15.72 15.25 15.74 15.88 16.52 18.03 19.21 20.94 21.24 23.20 25.09 26.27 27.13 28.37 28.49 28.33 28.47 28.58 28.84 28.78 27.96 27.84 26.57 24.65 22.68 20.70 19.43 17.59 16.30 14.37 14.04 12.10
 4.05  5.16  6.31  7.61  8.69  9.60 10.85 12.47 12.99 14.57 15.17 15.29 15.17 15.19 15.05 15.08 15.08 15.18 16.65 18.09 19.49 20.92 22.83 24.62 25.21 27.02 27.29 28.67 29.18 29.01 28.88 29.10 29.38 29.88 30.37 30.38 30.58
traj-158:
17.26 17.00 17.69 18.45 19.99 21.26 22.34 24.18 26.10 26.82 28.19 28.56 29.00 28.94 28.82 28.56 28.38 28.32 27.43 25.52 24.12 22.75 22.10 20.42 19.20 18.09 17.34 15.76 14.27 13.71 13.45 13.01
33.13 32.98 31.21 29.97 29.06 28.80 28.62 28.38 28.16 27.50 26.11 24.33 22.80 21.08 20.50 19.01 17.45 16.85 15.22 15.04 14.86 14.68 14.62 14.11 12.88 12.26 11.90 11.21 10.39  9.11  7.91  6.93
traj-159:
16.24 17.72 18.86 19.96 21.70 23.67 24.74 26.30 27.17 28.16 28.17 28.15 28.34 28.59 28.60 28.63 28.64 26.97 25.99 25.62 24.05 23.52 21.85 19.92 19.63 18.14 17.85 16.28 14.45 14.17
12.25 13.42 14.25 15.04 15.02 15.13 15.14 15.19 15.26 16.65 18.59 19.78 21.16 23.13 24.00 25.65 26.24 27.03 28.04 28.20 29.13 29.17 29.41 29.84 29.90 30.84 30.93 31.27 31.80 31.90
traj-160:
14.68 15.89 16.78 18.36 19.87 20.92 22.11 23.93 25.15 26.14 27.51 28.12 28.19 28.37 28.50 28.25 28.23 28.18 28.10 27.74 26.47 24.65 22.89 22.06 20.30 18.55 17.61 16.08 15.25 13.28 11.94 11.04  9.17  7.40  5.45
26.11 27.21 28.01 28.40 28.84 29.21 29.31 29.08 28.22 27.62 27.03 25.20 24.33 22.60 21.82 20.08 19.78 18.02 16.55 15.90 14.90 15.03 15.12 15.17 15.35 14.65 13.79 13.35 13.15 13.48 13.59 13.57 13.21 12.96 12.80
traj-161:
 6.15  7.89  8.40 10.14 12.12 13.71 15.54 16.46 17.11 18.73 19.88 20.46 20.80 21.66 22.25 24.01 25.71 27.51 28.01 28.11 28.25 28.33 28.42 28.84 28.86 28.43 27.80 26.01 24.96 23.20 22.95 21.10 19.82 18.03 16.41 14.54 13.12 11.96 10.57
13.99 13.50 13.51 13.01 12.84 12.02 11.91 11.75 11.68 11.13 11.11 12.61 13.53 14.03 14.04 14.09 14.25 14.71 16.03 17.42 19.13 20.49 22.23 22.81 24.49 26.27 27.27 27.94 28.31 28.69 28.77 28.85 28.90 28.91 29.67 29.53 30.81 31.47 32.63
traj-162:
 7.88  9.76 11.06 12.65 13.94 15.03 16.43 17.85 19.14 20.69 21.40 23.27 24.93 26.73 27.45 28.75 28.78 28.48 28.55 28.68 28.58 28.32 28.21 27.82 26.56 24.62 23.75 22.48 21.43 19.82 18.45 16.77 15.49 14.70
27.14 26.84 26.64 26.25 26.37 26.53 26.64 27.07 27.50 27.84 27.95 28.20 27.43 27.27 27.14 25.90 25.32 23.59 22.30 20.45 18.80 17.11 16.52 15.74 15.13 15.00 14.89 14.81 14.50 13.63 12.49 11.53 10.89 10.64
traj-163:
19.29 19.37 19.69 19.96 20.45 20.67 20.74 21.41 22.87 24.56 26.48 27.27 28.13 28.21 28.24 28.32 28.33 28.50 28.65 28.53 27.51 26.53 25.47 23.57 22.89 21.30 19.54 17.56 16.31 14.39 13.84
 6.24  6.72  8.31  9.70 11.39 11.95 12.24 14.04 14.08 14.38 14.83 15.24 16.82 18.29 19.73 21.50 22.31 23.93 25.37 26.02 27.32 28.19 28.17 27.93 28.28 28.64 28.78 28.75 29.14 29.25 29.42
traj-164:
14.82 16.18 17.24 17.88 18.17 19.60 21.28 23.01 24.73 25.26 27.10 28.51 29.17 29.04 28.91 28.57 28.49 28.23 28.09 27.46 26.03 24.52 22.54 21.49 20.10 19.71 18.39 17.22 16.80 17.11 17.29 17.67
33.75 33.41 32.39 31.19 30.36 29.04 28.99 28.95 28.70 28.59 28.97 27.76 25.92 24.13 22.40 20.45 19.76 18.23 16.76 15.65 15.07 14.96 14.65 14.52 13.29 12.88 11.39 10.10  8.71  7.06  6.38  4.90
traj-165:
10.67 11.47 12.35 13.52 14.88 16.12 17.01 18.75 20.53 22.48 23.84 25.76 27.31 28.26 28.32 28.61 28.64 28.91 29.19 28.82 28.15 27.58 25.74 24.58 23.21 21.50 20.01 18.31 17.92 16.21 15.32
 9.45 10.87 12.06 12.75 13.67 14.15 14.39 15.09 15.09 15.02 14.95 14.95 15.52 17.24 17.60 19.48 20.57 22.51 24.22 25.64 27.24 28.51 28.45 28.28 28.41 28.67 28.15 28.23 28.21 27.92 27.98
traj-166:
10.12 11.49 12.86 14.46 16.12 17.78 19.56 21.51 23.07 24.63 26.61 28.48 29.72 29.71 29.67 29.65 29.45 29.21 28.90 28.10 27.64 25.76 24.27 23.11 21.44 19.70 18.26 17.41 15.70 14.28 12.92 11.41  9.80  8.39
31.64 31.00 30.58 30.28 29.76 29.38 28.64 28.45 28.44 28.34 28.16 28.25 26.97 25.78 24.31 22.56 20.85 19.41 17.89 16.21 15.38 14.88 14.97 15.06 15.32 15.48 15.20 14.84 14.09 14.01 13.93 13.76 13.50 12.97
traj-167:
14.52 15.52 17.15 18.09 19.07 20.76 22.28 22.74 24.35 25.19 27.09 28.06 28.10 28.39 28.70 28.93 29.01 29.12 29.04 28.79 27.99 26.54 24.75 24.43 22.63 21.10 20.12 18.84 17.85 16.36 15.38 13.80 11.92 10.08  8.30  6.38  4.50
14.12 14.04 13.86 13.60 13.16 14.12 14.60 14.61 14.72 14.86 14.81 16.42 17.02 18.62 19.88 21.34 22.20 23.94 24.53 26.35 27.39 27.38 27.64 27.73 27.55 27.29 27.24 27.23 27.09 26.86 27.31 27.97 28.13 28.17 28.42 28.34 28.50
traj-168:
10.83 11.54 13.45 13.74 15.62 16.20 17.92 19.60 21.03 21.90 23.55 24.81 25.37 27.10 28.07 28.30 28.55 28.64 28.53 28.47 28.39 28.37 28.37 28.38 26.73 26.43 24.68 24.09 22.39 20.74 20.19 19.14 18.03 17.42 16.10 14.76
25.86 26.04 26.32 26.39 26.69 26.85 27.30 27.73 28.04 28.21 28.58 28.88 29.11 29.02 28.51 26.98 25.54 24.81 22.99 21.93 19.95 18.76 17.14 15.96 15.19 15.15 15.12 15.13 14.91 13.89 13.23 11.67 10.05  9.44  8.49  7.54
traj-169:
16.46 17.00 18.17 18.93 19.59 20.11 20.29 21.85 23.23 24.22 25.01 26.98 27.28 28.12 28.48 28.80 29.15 29.09 29.07 29.05 28.79 27.04 25.36 24.63 22.73 22.26 20.49 18.76 18.03 16.25 15.35 13.37 12.03 11.04 10.12
 8.22  8.88 10.20 10.98 12.10 12.83 13.40 14.38 14.55 14.78 14.91 15.19 15.16 16.76 18.57 20.46 22.35 24.17 25.04 26.83 28.29 29.11 28.84 28.76 28.55 28.45 28.42 28.61 28.63 28.93 28.89 29.06 29.83 31.18 32.41
traj-170:
13.61 14.48 15.66 17.02 17.99 19.77 21.12 22.87 24.24 26.15 27.25 28.96 29.17 29.19 29.05 28.49 28.13 28.06 27.48 26.83 25.69 24.47 23.43 22.18 20.85 19.86 18.28 17.78 16.48 15.16 14.63 13.99
25.29 25.54 25.81 26.22 26.67 27.51 28.14 28.12 28.07 27.53 27.00 25.99 24.43 22.68 21.00 19.14 17.20 16.63 15.65 15.33 15.08 14.77 14.52 14.23 14.02 13.40 12.38 12.04 11.00  9.72  9.29  7.72
traj-171:
 9.69 11.13 12.16 13.57 14.62 15.69 16.65 17.87 19.51 21.33 22.95 24.11 25.86 27.61 28.29 28.34 28.56 28.57 28.65 28.64 28.42 28.36 27.18 25.98 24.35 22.94 21.94 20.11 18.64 17.18 15.55 13.63 12.72 10.96  9.34  7.89  7.19
 9.33  9.80 10.28 11.45 12.26 13.13 13.73 14.33 14.56 14.71 15.00 15.05 15.12 15.46 16.36 17.86 19.77 21.30 22.98 23.62 25.47 26.07 27.34 28.11 28.65 28.51 28.39 28.28 28.53 28.79 29.25 28.97 28.63 29.30 30.39 31.47 31.88
traj-172:
17.98 17.96 17.93 19.54 21.35 23.29 24.64 25.01 26.82 27.15 28.77 28.81 28.77 28.77 28.59 28.37 28.17 28.02 27.07 25.69 24.14 22.51 21.12 20.23 18.86 17.12 16.05 15.15 13.92 12.26 11.34 10.56  9.76  8.79
31.45 29.97 28.36 27.90 27.73 28.09 28.25 28.25 27.52 27.17 26.28 25.68 23.88 21.88 20.76 19.21 17.81 16.47 15.54 14.84 14.89 14.99 15.05 15.04 14.62 13.83 13.13 12.28 11.47 10.59  9.97  8.88  7.68  6.02
traj-173:
16.06 17.78 18.61 19.74 20.52 21.68 23.22 24.71 26.13 27.78 28.01 28.04 28.14 28.20 28.33 28.38 28.23 28.20 27.34 25.42 23.64 22.82 21.56 20.44 19.32 17.96 17.61 17.09
11.43 11.85 12.03 12.33 13.11 14.23 14.59 14.86 14.94 15.60 15.79 17.49 19.15 20.91 22.87 23.99 25.70 26.00 27.20 27.64 28.35 28.69 29.10 29.39 29.76 30.85 31.07 32.88
traj-174:
 4.99  5.55  6.64  8.06  9.09  9.82 11.80 13.43 15.25 17.09 18.66 20.29 21.23 23.03 23.56 24.72 26.48 27.16 28.43 28.37 28.31 28.29 28.20 28.12 28.06 27.35 26.31 24.53 23.43 21.46 20.58 18.82 17.44 15.79 13.97 12.50 11.22  9.42  7.85  7.38  5.60  5.32
32.69 32.03 30.59 29.25 28.11 27.54 27.66 28.31 28.62 28.53 28.90 29.27 28.99 28.48 28.48 28.15 27.64 27.41 26.28 24.53 22.81 20.95 19.54 18.43 16.96 15.61 15.10 15.03 15.04 15.10 15.12 15.12 14.68 14.29 13.55 13.20 12.71 11.88 11.30 10.79 10.05 10.16
traj-175:
17.62 18.33 19.05 19.68 20.38 21.99 22.54 24.45 25.34 27.01 28.02 28.33 28.62 28.80 28.95 29.25 29.23 29.21 28.41 27.20 25.29 23.42 22.86 21.31 20.39 18.44 16.46 15.69 13.85 13.60
 7.21  8.67 10.50 11.98 13.36 14.33 14.61 14.98 15.11 15.29 16.76 18.38 20.06 21.30 22.18 24.15 25.35 26.54 28.29 28.47 28.65 28.80 28.86 29.00 28.99 28.99 29.27 29.30 29.31 29.37
traj-176:
10.55 11.88 13.20 14.79 15.83 17.52 18.82 20.31 22.22 24.04 25.92 27.06 28.09 28.23 28.53 28.51 28.49 28.41 28.26 27.32 25.48 23.73 22.13 21.30 19.92 19.24 18.57 17.54 16.65 16.16
29.55 28.42 27.61 26.92 25.36 25.62 26.87 28.14 28.08 28.02 28.00 27.66 26.10 24.22 22.43 21.73 19.93 18.31 16.83 15.19 14.91 14.88 14.87 14.91 14.93 13.41 13.31 11.72 10.61  8.70
traj-177:
13.74 15.13 16.63 18.17 19.66 21.26 22.72 24.11 25.80 27.65 28.23 28.42 28.50 28.72 28.95 28.90 28.87 28.75 28.66 27.10 26.51 25.08 23.41 21.89 20.92 19.11 17.64
13.63 14.62 14.48 15.03 15.12 15.08 15.09 14.98 14.91 15.20 16.34 17.64 18.79 20.64 22.61 24.60 26.04 27.31 28.20 29.29 29.16 28.83 28.68 28.54 28.43 28.23 28.09
traj-178:
 5.00  5.94  6.87  8.86 10.82 12.42 13.81 15.36 16.77 17.83 19.44 21.13 22.35 24.17 25.26 27.16 28.54 29.69 29.74 29.86 29.83 29.50 29.17 28.87 28.40 28.16 27.45 25.66 23.68 21.68 20.27 18.50 17.14 16.08 14.80 14.63 13.73 13.20
27.24 26.73 26.35 26.32 26.52 26.80 26.91 27.05 27.18 27.30 27.52 27.81 27.90 28.19 28.29 28.74 28.29 26.86 26.27 24.51 23.92 22.18 20.52 19.44 17.97 16.72 15.81 14.96 15.00 14.95 15.09 14.50 13.48 12.24 10.76 10.52  8.92  7.15
traj-179:
11.03 11.32 13.16 14.56 15.74 16.30 18.15 19.58 20.00 20.99 22.52 24.50 26.43 28.12 28.64 28.84 29.13 29.05 28.83 28.58 28.46 28.26 28.09 26.47 25.61 23.74 21.94 20.64 18.84 18.20 16.53 16.12 15.18 13.44
 9.69  9.75  9.80 10.07 10.34 10.85 11.43 12.31 12.51 13.95 15.04 15.18 15.27 16.00 17.64 19.44 20.81 21.66 23.04 23.76 24.40 26.19 27.37 28.29 28.43 28.01 27.78 27.52 27.17 27.04 27.19 28.22 29.89 30.85
traj-180:
11.75 12.14 13.39 13.84 15.24 16.18 17.19 18.66 19.69 21.05 21.76 23.48 24.91 26.27 26.54 28.02 28.18 28.44 28.55 28.64 28.49 28.43 27.43 26.69 25.28 24.23 22.51 20.71 19.20 17.64 15.91 14.10 13.23 11.56
32.37 31.98 30.63 30.31 29.08 29.18 28.93 28.87 28.83 28.72 28.71 28.66 28.22 27.58 27.29 26.60 25.43 23.66 21.77 19.82 18.06 16.57 15.15 15.03 14.88 14.99 15.15 14.73 14.64 14.45 14.02 13.56 13.14 12.45
traj-181:
11.20 11.47 13.30 14.64 16.44 18.26 19.88 20.89 21.09 23.02 24.65 26.17 27.18 28.19 28.67 28.72 29.06 29.11 29.16 28.84 27.64 27.02 25.55 23.73 22.52 20.80 19.19 17.31 15.53 13.69 13.26 11.49  9.68  8.85  6.98  5.35  4.49
11.55 11.43 11.00 10.61 11.01 11.66 12.39 14.07 14.30 14.69 14.87 15.21 15.45 16.85 18.63 19.21 21.15 23.05 24.86 25.96 27.05 27.25 27.53 27.75 28.04 28.25 27.35 27.03 26.43 26.30 26.31 25.69 25.69 25.66 25.65 25.48 25.25
traj-182:
 9.78 11.46 12.70 13.52 14.75 16.53 16.82 18.63 19.20 20.61 21.95 23.36 24.76 25.98 27.43 28.47 28.56 28.64 28.72 28.85 28.97 28.68 27.15 25.28 24.49 22.68 20.86 19.39 18.13 16.55 15.10 13.42 11.70 10.92  9.14  8.39  6.59
32.65 31.68 30.61 29.93 29.29 28.76 28.79 28.86 28.98 28.79 28.92 28.96 28.22 27.50 27.14 26.00 24.22 22.24 20.89 19.20 17.73 16.06 15.12 14.96 15.01 14.87 14.29 13.33 12.59 11.90 11.09 10.65 11.19 11.66 12.55 12.97 13.83
traj-183:
 5.03  6.89  8.11  9.09  9.88 11.46 13.04 14.52 15.45 17.11 17.91 18.93 20.26 21.91 23.81 25.36 27.05 28.05 28.15 28.16 28.25 28.06 28.13 28.07 27.59 26.24 24.85 23.23 21.26 20.56 18.72 17.71 16.21 14.64 13.36
 6.24  6.95  7.54  7.62  7.71  7.70  8.40  9.39 10.27 11.37 12.60 13.66 14.66 14.81 14.96 15.15 15.41 16.90 18.30 19.86 21.65 23.47 24.94 26.36 27.63 28.90 29.06 28.96 28.86 28.90 28.92 28.90 28.85 28.34 28.16
traj-184:
 5.33  6.95  7.69  8.71 10.43 11.32 11.53 13.20 14.90 16.03 16.26 17.90 18.48 20.13 21.66 22.83 24.46 25.15 27.03 27.33 28.65 28.69 28.76 28.78 28.79 28.84 28.56 28.38 28.40 28.23 26.46 25.17 23.31 22.72 20.83 19.90 18.72 17.45 16.28 14.41 13.14
27.54 26.99 26.77 26.60 26.36 26.14 26.10 26.07 26.14 26.52 26.72 27.32 27.42 27.85 28.19 28.26 28.45 28.48 28.55 28.51 27.33 26.74 25.27 23.80 23.05 21.67 20.29 18.87 17.10 15.86 14.96 14.93 15.07 15.12 14.75 14.47 14.12 13.84 13.41 12.82 11.87
traj-185:
16.17 16.24 16.31 16.99 17.82 19.37 21.15 22.92 24.89 26.65 28.07 28.05 28.19 28.12 28.21 28.25 28.27 28.09 27.32 26.06 25.68 23.85 23.26 21.78 19.91 18.55 16.97 16.45 15.78
 8.10  9.76 11.52 13.29 14.60 15.20 15.15 15.06 14.92 14.98 16.38 16.68 18.53 19.67 21.40 22.56 24.55 25.58 27.14 28.04 28.50 28.86 28.78 28.50 27.81 28.17 28.35 30.02 31.87
traj-186:
 7.74  9.37 10.59 11.88 13.58 14.66 16.50 17.35 18.91 20.50 22.03 23.88 25.23 26.05 27.30 28.04 28.61 28.42 28.53 28.61 28.61 28.65 28.59 28.40 27.31 25.64 24.41 23.59 21.67 19.89 18.31 16.85 15.50 14.31 12.58 11.76 10.66
31.86 30.94 30.17 29.73 29.03 28.60 27.92 27.64 27.57 27.38 27.44 27.54 27.50 27.54 27.10 26.66 25.00 24.18 22.47 21.89 20.44 19.57 17.85 16.98 15.39 14.96 15.09 15.07 15.20 15.36 14.34 13.34 12.37 11.43 10.64 10.28  9.78
traj-187:
19.19 19.08 18.97 19.00 19.57 19.87 21.56 22.45 24.19 25.63 27.57 28.20 28.17 28.48 28.76 29.22 29.24 29.18 29.16 27.82 26.10 24.97 23.32 21.43 19.83 18.31 16.96 16.05
 7.73  9.05 10.33 11.30 12.70 14.11 14.91 14.93 15.17 15.31 15.67 16.34 17.76 19.34 21.26 23.10 23.40 25.27 26.46 27.72 27.57 28.01 28.61 28.75 29.25 29.80 30.99 32.39
traj-188:
 4.81  6.05  6.95  8.22  9.99 10.86 12.43 13.83 15.72 16.85 17.92 18.69 19.93 21.37 22.76 23.87 25.70 27.12 28.98 29.11 29.25 29.09 29.06 29.04 29.05 29.03 28.46 26.55 26.06 24.39 22.97 22.10 20.83 19.14 17.93 16.47 15.47 14.87
26.69 26.22 26.08 25.68 25.80 25.96 26.13 26.35 26.41 26.54 26.39 26.79 27.53 27.67 27.79 27.90 28.03 28.11 27.75 26.30 24.65 22.66 20.89 19.82 18.07 17.17 15.27 15.03 15.04 15.03 14.95 14.93 14.54 13.58 12.69 11.34 10.57 10.10
traj-189:
 8.55  9.73 10.50 11.83 13.26 13.90 15.79 17.00 18.37 19.95 20.54 22.00 22.58 24.43 25.96 27.34 28.37 28.78 28.68 28.95 29.17 29.45 29.14 27.67 27.64 25.99 24.22 22.91 21.57 19.62 19.08 17.13 16.40 15.03 13.75 12.06 10.88  9.10  7.99
14.54 14.10 13.81 13.29 12.82 12.87 13.49 13.93 14.49 15.02 14.97 14.98 15.05 15.20 15.40 15.53 17.08 18.81 20.29 21.65 23.60 25.30 25.88 27.23 27.52 27.67 28.05 28.33 28.51 28.70 28.66 28.53 28.57 28.85 29.50 30.26 31.36 31.84 31.77
traj-190:
 5.94  7.29  8.49  9.90 11.67 13.33 15.13 16.92 18.67 19.21 20.75 21.65 23.31 25.21 25.51 27.28 28.05 28.13 28.13 28.14 28.20 28.16 28.16 28.13 27.29 27.12 26.25 25.00 23.39 21.75 20.37 19.51 18.13 16.94 15.95 14.38 12.82 11.73
25.68 25.77 25.81 25.85 26.10 26.22 26.26 26.48 27.33 27.56 27.95 28.22 28.74 29.08 29.11 28.47 26.67 24.89 24.59 22.80 21.33 20.51 18.96 17.25 15.65 15.40 15.08 15.10 15.09 15.12 15.11 15.08 13.92 12.82 11.87 10.70  9.89  9.12
traj-191:
 8.63 10.39 11.58 13.52 15.49 16.86 18.68 19.75 20.96 21.17 22.12 23.70 25.58 27.43 28.44 28.40 28.14 28.21 28.33 28.43 27.73 26.81 25.03 23.87 22.76 21.11 19.74 17.89 15.92 14.37 13.80 12.23 10.89  9.22  8.39  8.29
10.86 10.68 11.06 11.44 11.42 11.97 12.59 14.02 14.44 14.66 14.87 14.83 14.99 15.27 16.94 18.01 19.88 21.87 23.63 25.40 27.02 28.11 28.12 28.16 28.27 28.37 28.03 27.53 27.43 27.03 27.09 26.96 26.61 26.12 26.55 26.83
traj-192:
12.06 13.93 14.66 16.56 17.51 18.25 18.46 20.31 21.65 23.45 25.12 26.20 27.42 28.74 28.71 28.70 28.44 28.40 28.29 28.21 28.06 27.16 25.36 24.77 23.21 21.36 20.05 18.84 17.55 16.29 14.47 12.79 11.96 10.60  8.98
31.12 31.18 31.16 30.92 30.45 28.95 28.55 27.89 28.20 28.56 29.00 29.27 29.00 27.92 27.03 25.33 23.49 22.07 20.32 18.78 16.88 15.23 15.07 14.96 14.67 14.58 13.40 12.42 10.96 10.50  9.75  9.36  9.01  8.32  7.32
traj-193:
 5.99  7.10  7.65  9.30  9.58 10.57 11.62 12.64 14.04 15.70 16.04 17.87 18.75 20.06 21.51 22.95 24.66 26.46 27.62 28.13 28.19 28.27 28.49 28.60 28.71 28.83 28.38 26.65 25.15 23.36 21.51 19.62 18.59 17.54 17.20
 8.65  9.75 10.31 11.41 11.52 12.78 13.01 13.29 13.68 14.38 14.41 14.40 14.70 15.10 15.41 15.44 15.28 15.20 15.57 16.51 17.92 19.00 20.94 22.64 24.26 26.04 27.23 28.06 27.79 27.68 27.15 27.19 26.63 26.05 25.90
traj-194:
14.77 15.78 17.42 18.64 20.16 22.15 23.78 25.23 26.48 27.42 28.07 28.16 28.27 28.52 28.47 28.42 28.32 28.30 27.41 25.78 24.13 23.09 21.62 19.85 18.37 17.29 16.69 15.88 15.69 15.02 14.77
30.14 29.65 28.91 28.34 28.76 28.71 28.56 28.69 27.35 26.98 25.27 23.59 22.83 20.93 20.55 18.75 16.99 16.70 15.09 14.80 14.94 14.95 15.08 14.35 13.24 12.52 10.71  8.95  8.57  6.82  6.20
traj-195:
18.91 19.50 19.44 20.17 21.20 22.87 23.44 25.11 25.90 27.86 28.05 28.08 28.22 28.57 28.76 28.68 28.49 28.36 27.63 25.78 24.35 22.81 20.85 19.43 17.49 17.49 16.02 15.45
 8.43 10.13 12.11 13.28 14.44 14.78 14.84 14.99 15.08 15.45 15.67 16.27 18.26 20.13 21.56 23.54 25.00 26.77 28.59 28.63 28.44 28.09 27.82 27.59 27.83 28.13 29.40 30.38
traj-196:
14.60 16.19 17.89 19.60 21.19 22.06 23.85 24.42 26.00 26.67 27.57 28.21 28.22 28.23 28.14 28.19 28.23 27.07 25.81 24.11 22.27 20.56 19.38 17.65 17.35 16.19 15.29 13.79 12.23 10.59  9.18  7.97  6.34  5.83
30.18 29.39 28.61 28.03 27.40 27.58 27.79 27.94 28.43 28.27 27.10 25.21 23.49 21.73 20.04 18.29 16.60 15.09 15.28 15.17 14.90 15.07 15.20 14.45 13.81 12.75 12.01 11.55 10.96 10.05  9.94  9.87  9.62  9.30
traj-197:
10.33 12.21 13.83 15.65 17.61 18.23 19.87 21.03 22.80 24.10 25.54 27.13 27.39 28.14 28.15 28.15 28.18 28.30 28.23 28.05 27.75 27.66 25.94 24.04 22.63 20.74 19.61 17.96 17.12 15.27 14.51
14.31 13.67 13.16 12.50 12.64 12.97 13.90 14.30 14.73 14.89 14.91 15.73 15.71 16.95 17.83 19.60 20.72 22.45 23.88 25.24 27.11 27.40 28.37 28.84 29.10 29.63 29.95 30.80 31.01 31.61 31.95
traj-198:
15.70 16.79 16.88 18.08 19.87 20.67 22.30 23.83 24.89 26.41 27.19 28.21 28.41 28.55 28.64 28.53 28.42 28.33 28.22 27.54 26.32 25.58 23.82 22.64 20.97 19.50 18.28 17.11 16.22 14.52 12.99 11.21 10.45  8.49  6.67
32.36 30.77 30.66 29.27 28.89 28.85 28.75 28.85 28.81 28.63 28.68 27.24 26.06 24.57 23.68 21.70 20.09 18.33 16.51 15.54 15.02 15.02 14.99 14.95 15.03 15.06 14.69 14.52 14.39 14.19 13.83 13.49 13.33 13.14 13.20
traj-199:
 8.43  9.62 10.71 12.30 13.37 14.19 15.71 17.00 18.80 19.42 20.95 22.65 23.37 25.28 26.02 27.59 28.63 28.68 28.83 28.71 28.68 28.66 28.58 28.51 28.31 27.17 26.24 24.44 22.92 21.84 20.26 18.35 16.63 15.13 14.60 13.09 11.59  9.84  8.78  7.27  5.43
 8.62  9.46 10.49 11.30 11.70 11.64 11.71 12.09 12.61 12.88 14.06 14.63 14.73 15.08 15.12 15.43 17.10 17.40 19.17 20.35 21.24 22.27 23.64 24.79 26.46 27.70 27.97 28.74 28.46 28.34 27.93 28.21 28.14 28.30 28.43 29.00 29.86 30.40 30.88 31.81 32.57
