traj-0:
37.44 35.62 33.72 33.15 31.37 30.19 28.51 27.90 26.02 26.10 26.15 26.12 25.99 25.79 25.47 25.17 23.40 21.84 20.21 19.33 17.75 17.05
18.00 17.91 17.83 17.77 17.65 17.43 17.08 16.76 16.09 14.39 12.54 11.67  9.90  8.55  7.17  5.74  5.17  5.14  5.28  5.45  5.37  5.26
traj-1:
39.19 38.90 37.43 37.09 35.62 35.42 33.72 33.12 31.44 30.54 28.60 26.80 25.22 24.56 22.82 21.02 19.19 18.27 16.42 15.41 13.56 12.17 10.40
17.46 17.51 18.39 18.67 19.69 19.78 19.82 19.85 19.85 19.84 19.94 19.97 20.23 20.31 20.66 20.99 21.01 21.08 20.66 20.48 20.31 20.12 19.56
traj-2:
35.52 33.69 31.78 30.04 28.32 26.97 26.22 25.09 25.12 25.11 25.08 25.08 25.13 24.08 23.11 21.32 19.67 17.85 17.25
18.34 18.49 18.96 19.25 19.68 21.05 22.09 23.63 24.82 26.39 27.84 29.33 30.47 31.06 31.29 32.09 32.64 33.43 33.39
traj-3:
35.18 34.04 33.74 31.99 30.03 28.77 26.98 26.97 26.91 27.07 27.28 27.20 26.58 25.62 24.56 24.04 22.39 20.80 18.87 17.53 16.37 14.49 13.67 11.91 10.42  8.96  8.00
19.61 18.77 18.72 18.57 18.47 17.93 17.06 16.50 14.72 12.77 10.81 10.61  8.85  7.39  5.76  5.44  4.89  4.98  5.19  5.04  5.70  6.06  6.09  6.56  5.42  4.62  4.08
traj-4:
36.07 35.48 33.71 31.93 30.22 28.52 26.61 25.38 24.16 22.59 20.81 19.18 18.22 16.50 14.79 13.91 12.02 10.83  9.50
19.44 19.33 18.96 18.96 18.97 19.12 19.66 19.93 20.25 20.34 20.39 20.46 20.41 20.37 20.30 20.25 20.07 19.76 19.49
traj-5:
33.82 32.89 30.92 29.05 28.39 26.68 25.49 25.58 25.74 25.75 25.91 26.10 26.26 26.39 26.08 26.01 25.84 25.58
18.76 18.68 18.43 17.98 17.88 18.25 18.76 20.20 21.94 23.38 24.97 26.46 27.60 28.65 30.52 31.11 32.79 34.73
traj-6:
36.01 35.71 33.77 33.47 31.48 29.70 27.99 27.70 27.45 27.22 25.93 25.18 25.36 25.69 25.94 26.00 25.57 24.23 22.56 20.73 18.84 17.05 16.76 14.95 14.39
19.54 19.59 19.98 20.00 19.93 19.95 19.68 18.22 17.11 16.01 14.53 13.60 11.96 11.04  9.38  7.94  6.45  5.48  5.15  5.13  5.15  5.44  5.53  5.80  5.99
traj-7:
38.99 37.12 35.71 34.28 33.15 32.00 31.04 29.20 28.77 27.87 27.50 26.66 25.14 24.93 23.99 22.09 20.59 19.71 18.58 17.11 16.22 14.28 12.53 11.37 10.13  8.67  6.81  5.24
18.32 18.53 18.76 18.84 18.89 18.98 19.12 19.01 19.13 20.69 21.80 23.09 22.26 21.83 20.69 20.67 21.12 21.10 21.04 21.10 21.15 21.57 21.85 21.85 21.95 21.95 21.95 22.04
traj-8:
38.21 36.83 35.13 33.16 31.68 30.58 28.61 26.98 26.61 26.12 25.62 25.76 25.86 26.24 26.23 25.83 25.63 25.30
18.70 19.11 19.56 19.89 19.82 19.78 19.75 20.49 21.96 23.75 24.07 25.73 26.18 28.09 28.98 30.92 31.77 32.87
traj-9:
34.92 33.50 31.51 30.91 29.32 27.84 27.65 27.61 27.27 26.70 26.96 27.03 26.66 26.23 25.98 25.73 25.37 23.63 22.30 20.91 19.08 18.01 16.94
19.59 19.88 19.87 19.84 19.85 19.64 19.07 18.77 17.98 16.07 14.41 13.30 11.73  9.83  8.68  7.51  5.76  5.21  5.08  4.97  5.08  4.90  4.58
traj-10:
36.56 34.73 33.29 32.25 30.49 29.51 27.63 27.07 25.88 24.12 22.30 20.36 19.29 18.02 16.28 15.98 14.04 12.22 11.55 10.09  8.20  7.10  5.47
17.71 18.05 18.34 18.54 18.58 18.86 19.19 19.62 20.37 21.27 20.67 20.43 20.70 20.62 20.30 20.32 20.32 20.47 20.60 20.54 20.68 20.95 21.44
traj-11:
36.39 34.51 32.92 32.17 30.24 28.66 26.88 26.47 26.62 26.59 26.52 26.33 25.92 26.38 26.00 26.22 28.12 29.79 30.43 31.80 30.16
19.57 18.90 18.65 18.71 18.50 18.27 18.79 20.31 21.84 23.63 25.55 27.25 29.17 30.23 32.17 32.66 32.73 33.37 33.87 35.21 35.81
traj-12:
36.16 35.67 33.74 33.07 31.17 29.88 28.32 26.62 25.50 25.30 25.28 25.16 25.08 25.02 25.07 23.48 22.89 21.41 19.93 18.73 17.24 15.41 14.54 12.89 11.90 11.13  9.61  7.91  6.76
18.12 18.17 18.28 18.45 18.39 17.94 17.12 16.25 15.50 13.87 13.04 11.64 10.10  8.57  6.68  5.91  5.91  5.88  5.92  5.94  5.84  5.97  6.08  6.50  7.19  7.61  7.02  6.08  5.30
traj-13:
36.54 35.78 34.36 33.50 32.13 30.65 28.90 27.31 25.50 24.44 23.38 22.46 21.00 20.41 18.44 16.71 16.42 14.71 13.21 11.47 10.19  8.64  7.02  6.27
18.97 19.19 19.43 19.50 19.77 19.87 19.92 19.79 20.25 20.45 20.78 21.03 21.14 21.15 21.16 21.20 21.27 21.52 21.64 21.72 21.48 20.74 19.99 19.59
traj-14:
39.00 37.26 36.19 34.53 33.25 31.42 30.04 28.93 27.70 27.43 27.15 27.07 26.46 26.10 25.61 25.18 23.30 22.46 20.51 19.02 17.34
18.68 18.38 18.29 18.53 18.99 19.47 19.75 19.85 21.27 22.99 24.63 25.19 26.93 27.46 29.36 31.16 31.81 31.50 31.63 31.53 31.63
traj-15:
37.37 35.98 34.29 32.33 30.90 29.12 28.52 27.38 27.17 25.89 26.09 26.16 26.27 26.39 26.65 26.75 26.74 26.57 26.06 25.25 23.54 21.67 19.83 18.11 17.74 17.05 16.34 15.01 13.64 11.76 10.67  8.90  7.91
19.24 19.45 19.63 19.85 19.96 19.88 19.89 21.28 21.83 20.33 18.99 17.90 16.09 15.55 13.58 11.84 10.17  9.01  7.12  5.85  5.20  4.90  4.93  5.44  6.09  7.43  8.20  8.91  8.84  8.46  8.42  7.57  5.86
traj-16:
34.97 33.25 31.54 29.78 28.26 26.43 25.48 23.63 22.02 20.19 18.38 16.95 15.73 13.87 11.89 10.24  9.16  7.35  6.28  5.58
19.68 19.98 19.92 19.95 18.81 19.40 19.85 20.55 20.42 20.48 20.47 20.48 20.63 20.78 20.68 20.55 20.38 19.94 18.80 18.05
traj-17:
35.31 33.37 31.45 30.02 28.56 26.79 26.41 25.80 25.65 25.48 25.33 25.32 25.29 25.12 24.66 23.42 21.81 21.20 19.42 17.99 16.00 15.05 13.60 11.78  9.83  8.01  7.11
19.20 19.58 19.72 19.77 19.81 20.61 20.79 22.59 22.93 23.64 25.31 27.20 28.98 29.76 31.44 32.03 31.95 31.95 32.02 31.72 31.62 31.51 31.48 32.19 32.42 32.82 33.15
traj-18:
38.75 37.01 35.24 34.05 32.85 31.06 30.46 28.98 27.90 27.17 26.63 25.97 25.57 26.15 26.35 26.89 26.90 26.81 26.87 26.75 26.44 25.68 25.03 23.15 21.30 20.12 19.30 17.60 15.82 13.88 12.06 11.22
19.68 19.88 19.92 19.92 19.94 19.97 19.97 19.99 21.36 22.31 23.03 22.28 20.78 19.07 18.36 16.65 14.74 12.99 11.84 10.15  8.76  6.91  5.51  5.26  4.96  5.05  5.11  5.57  6.00  6.03  6.69  6.96
traj-19:
36.23 34.55 33.08 31.59 29.83 28.78 27.39 27.23 26.87 25.16 25.02 24.12 22.76 20.97 20.60 18.74 17.38 15.50 14.10 12.22 10.88 10.03  8.70  7.72
19.66 19.84 19.91 19.88 19.91 19.92 21.35 22.20 23.87 23.14 22.56 20.99 20.38 20.47 20.43 20.65 20.92 21.00 21.02 20.71 20.13 19.80 19.32 18.88
traj-20:
37.42 36.00 35.15 33.43 31.78 30.59 28.60 27.32 26.98 26.29 26.29 25.98 26.57 27.32 27.53 29.28 30.09 31.47 32.87 33.48
19.30 19.43 19.48 19.66 19.84 19.94 19.94 21.28 22.06 23.91 24.45 26.32 28.09 29.34 30.18 31.06 31.25 31.46 32.56 33.16
traj-21:
36.34 34.45 33.94 32.34 30.61 29.16 28.64 26.94 26.80 26.33 26.26 26.37 26.25 26.31 26.15 25.74 25.54 24.45 22.60 21.48 20.11 19.25 17.76 16.67 15.02 13.60 12.23 10.53  9.90  8.08  6.33  5.50
17.73 17.83 17.79 17.69 18.23 19.34 19.55 18.94 18.67 16.92 15.27 14.11 13.10 11.64  9.86  7.92  6.75  5.36  5.10  5.05  5.11  5.13  5.54  5.44  6.16  6.78  5.38  5.94  5.87  5.67  5.22  5.00
traj-22:
38.22 36.30 34.45 33.04 31.36 29.47 28.70 27.33 26.14 24.39 23.31 21.57 20.11 19.26 17.51 15.52 14.92 13.21 12.18 11.95 10.12  9.85
19.03 18.99 19.10 19.26 19.56 19.86 19.97 20.78 22.23 21.74 21.39 20.96 21.06 21.10 21.16 21.24 21.29 21.47 21.86 22.05 22.68 22.80
traj-23:
37.96 36.12 35.30 33.70 32.26 30.35 28.82 27.86 27.00 26.51 26.20 25.55 25.44 25.77 26.19 26.56 27.38 28.32 28.47
18.34 18.43 18.46 18.67 18.36 18.64 19.47 19.93 20.61 22.16 22.77 24.08 25.87 27.15 28.42 29.50 31.21 32.69 32.94
traj-24:
36.18 34.20 32.21 31.31 29.34 27.82 27.57 26.92 26.15 25.58 25.61 25.60 25.69 25.77 25.20 24.59 22.88 22.58 20.67 18.73 16.83 15.95
19.42 19.71 19.77 19.80 19.72 19.70 18.59 16.99 15.34 13.53 12.63 10.85 10.28  8.33  6.57  5.84  4.83  4.88  4.98  5.27  5.64  6.15
traj-25:
34.34 33.03 31.06 29.30 28.72 27.22 26.49 24.65 24.23 22.59 20.66 20.37 18.63 17.19 16.07 14.30 13.84 12.07 10.74  9.42  8.91
19.78 18.84 19.04 19.18 19.28 20.53 21.26 21.41 21.31 21.18 21.49 21.54 21.64 21.30 20.99 21.17 21.05 20.47 20.00 18.80 18.28
traj-26:
38.25 36.62 34.91 33.06 31.40 30.55 28.58 27.52 26.93 26.27 26.13 25.70 25.67 25.41 25.20 25.05 24.68 23.23 21.41
18.89 18.80 19.07 19.55 19.86 19.87 19.98 19.99 21.75 23.49 23.76 25.63 25.92 27.77 28.87 29.72 31.07 31.20 31.35
traj-27:
37.64 35.68 33.86 32.69 30.91 30.42 28.59 27.72 27.19 26.98 26.88 26.54 26.27 26.17 25.71 25.58 24.31 22.86 21.25 19.92 19.13 17.48 16.58 15.11 13.36 11.54  9.82  9.46
17.86 17.69 17.52 17.80 18.09 18.01 17.64 16.97 15.29 13.47 12.89 11.35  9.59  9.00  7.06  6.79  5.40  5.15  5.04  5.05  5.01  5.83  6.73  8.01  8.58  7.93  7.35  7.06
traj-28:
38.22 36.57 35.96 34.00 32.52 31.19 29.94 28.72 26.89 25.45 24.64 24.05 22.12 21.18 19.63 18.40 16.49 14.76 13.78 12.05 10.43
19.54 19.72 19.77 19.92 19.90 19.89 19.84 19.58 18.93 18.54 20.31 20.30 20.55 20.71 21.03 21.19 21.36 21.49 21.50 20.99 20.76
traj-29:
36.48 35.29 33.35 32.88 30.97 29.40 28.55 27.03 26.65 26.33 26.51 26.39 25.43 25.37 25.36 24.74 23.97 23.06 22.08
17.84 17.92 18.30 18.49 18.78 18.53 18.36 19.59 20.00 21.88 23.59 25.29 26.91 28.36 29.52 31.04 32.59 34.33 35.09
traj-30:
35.23 34.36 32.68 31.32 29.86 28.96 27.37 26.53 25.71 25.69 25.53 25.45 25.51 26.22 26.41 26.39 26.42 24.95 24.66 22.73 21.14 20.28 18.81 17.23 16.98 15.51 14.44 12.90 11.46 10.68
19.54 19.66 19.76 19.86 19.97 19.95 18.85 17.23 15.89 14.32 12.94 12.00 10.34  9.01  8.70  7.28  6.11  5.06  5.00  5.08  5.32  5.46  5.68  6.65  6.81  7.84  8.28  8.77  8.34  8.16
traj-31:
38.22 36.38 34.47 32.83 31.28 30.51 28.78 26.82 25.45 25.39 25.37 25.24 23.39 22.25 20.79 19.74 18.65 17.24 16.20 15.16 13.83 11.93 10.91
17.74 17.15 17.20 17.25 17.43 17.61 17.73 17.81 19.04 19.59 21.38 21.65 21.11 21.03 20.93 20.87 20.86 20.78 20.83 20.98 21.16 21.67 22.67
traj-32:
34.04 32.56 30.66 30.19 28.44 26.69 25.67 24.23 24.00 24.26 25.17 25.15 25.14 25.06 25.05 26.41 26.62 27.50 28.20
18.66 18.26 18.23 17.86 18.47 19.31 19.84 20.95 21.13 21.29 23.07 24.56 26.06 27.98 28.88 30.31 30.65 32.03 32.42
traj-33:
33.75 33.46 31.69 31.10 29.62 27.93 27.02 26.60 26.30 25.61 25.36 26.01 26.36 26.13 25.91 24.55 23.32 21.66 19.92 18.54 17.52 16.41
19.51 19.55 19.74 19.82 19.98 19.71 18.80 16.88 16.84 15.03 13.25 11.43 10.18  8.52  6.75  5.43  5.13  4.99  4.92  5.10  5.58  6.26
traj-34:
37.19 35.77 34.03 32.44 30.56 28.73 27.15 26.54 24.72 23.16 22.20 20.40 18.50 16.54 14.96 13.43 12.34 10.61 10.33  8.44  6.93  5.47
19.34 19.40 19.42 18.93 18.79 19.08 19.14 19.31 20.04 20.36 20.54 20.73 20.68 20.78 20.72 20.69 20.65 20.56 20.48 20.01 19.40 18.80
traj-35:
36.69 35.86 34.21 32.31 30.46 28.88 27.91 27.46 27.00 26.84 26.37 26.19 25.70 24.36 23.30 22.61 20.87 19.12 17.67 16.13 14.27 12.57 12.09 10.59  8.98  7.83
18.48 18.60 18.77 18.95 19.39 19.95 20.79 22.47 23.89 25.40 27.29 28.41 29.95 31.00 31.30 32.01 32.30 32.46 32.56 32.67 32.77 33.43 33.82 35.04 35.65 35.94
traj-36:
38.22 37.42 35.63 34.29 32.61 32.31 30.52 29.04 27.32 27.17 25.78 25.64 25.75 25.74 26.13 26.28 26.57 26.56 26.40 26.13 25.77 25.36 25.22 23.80 22.47 21.62 20.15 18.28 17.84 16.11 14.41 13.04 11.57 10.06  8.72  7.18
17.90 18.49 19.28 19.55 19.87 19.89 19.97 19.94 20.95 21.21 22.61 22.03 20.08 18.10 16.22 14.70 13.08 12.59 10.73 10.07  8.55  6.91  6.06  4.85  4.78  4.80  4.89  4.93  4.92  5.43  6.16  6.77  7.23  7.89  8.43  8.89
traj-37:
34.11 33.83 31.96 30.27 28.89 27.66 25.82 25.52 23.70 22.01 20.16 19.29 17.58 16.10 14.37 12.41 10.77  9.17  9.07
18.17 18.27 18.97 19.45 19.85 20.49 20.88 20.91 21.03 20.60 21.01 21.20 21.35 21.35 21.45 21.62 21.67 20.63 20.34
traj-38:
34.63 33.37 31.71 29.97 28.61 27.42 27.16 26.60 26.27 25.98 26.48 26.67 26.25 24.81 23.11 21.12 19.34 17.70 15.91 14.17
17.97 18.18 18.56 18.59 19.13 20.66 22.36 24.10 24.75 26.35 27.85 29.28 31.13 32.40 32.20 32.29 32.23 32.08 32.31 32.52
traj-39:
35.64 36.25 35.19 33.52 31.57 29.90 28.08 27.39 26.97 26.96 26.74 26.52 26.37 26.29 26.06 25.92 24.61 23.39 22.08 20.23 19.36 17.91 17.12 16.06 14.78 13.39 11.58  9.79  8.21  6.94  6.08
19.45 19.13 18.57 18.51 18.61 18.53 18.01 17.38 15.85 14.38 12.64 11.43 10.27  9.09  8.29  6.88  5.49  5.15  4.96  5.38  5.58  6.33  7.38  8.92  8.69  8.43  7.97  7.16  6.39  6.04  5.88
traj-40:
37.39 36.34 34.53 33.71 31.85 30.06 28.87 27.06 26.24 25.08 23.62 21.70 19.87 19.27 17.44 17.15 15.52 13.58 11.88
18.97 18.22 18.22 18.24 18.28 18.20 17.88 17.45 18.57 20.08 20.17 20.41 20.64 20.72 20.95 20.86 20.31 20.60 21.23
traj-41:
36.45 34.81 33.39 31.70 30.24 28.36 27.31 26.81 26.88 27.23 27.04 26.82 26.83 26.85 26.97 27.04 26.76 24.82 24.23 22.37 21.12 19.76 18.53
19.01 18.84 18.60 18.07 17.73 17.33 18.11 19.97 20.26 21.96 23.70 25.13 26.54 27.86 29.29 29.89 31.68 32.04 32.01 32.19 32.99 33.90 34.73
traj-42:
36.00 34.28 33.17 31.18 29.69 28.10 27.39 26.82 26.82 26.61 26.34 26.34 25.97 25.74 25.34 25.11 23.26 21.34 19.60 18.61 17.60 16.53 15.56 14.01
19.05 19.15 18.48 18.44 18.45 18.63 18.41 16.86 15.30 13.64 11.74 10.79  9.00  7.73  6.46  5.76  5.15  5.11  5.28  5.40  5.59  5.92  6.03  6.34
traj-43:
36.74 34.95 34.02 32.23 30.37 28.93 27.02 25.28 23.51 22.91 21.01 19.57 18.45 16.51 15.42 13.74 11.80 10.32  8.79  7.39  5.90  5.21
17.98 17.80 18.18 18.46 19.05 19.27 19.78 20.10 20.25 20.32 20.36 20.54 20.65 20.69 20.73 20.85 20.62 19.69 19.10 19.16 19.18 19.17
traj-44:
36.67 35.24 34.37 32.39 31.87 30.17 29.02 27.90 27.36 27.34 27.41 27.36 27.37 27.38 27.17 27.04 25.66 25.36
19.23 19.39 19.57 19.77 19.79 19.83 19.73 20.46 22.27 24.15 26.10 27.28 29.25 29.55 31.54 32.12 33.26 33.25
traj-45:
38.04 37.74 36.01 34.16 32.83 31.12 29.14 28.84 27.27 26.99 26.12 25.42 25.36 25.34 25.54 25.64 25.78 24.53 23.10 21.51 19.93 18.80 17.44 15.81 14.67 12.98 11.57 10.89
17.05 17.06 17.17 17.45 17.51 17.22 17.09 17.03 16.21 16.11 14.55 12.85 11.25 10.24  8.67  7.99  6.29  5.25  5.06  4.89  4.65  4.50  4.75  5.48  6.63  7.32  8.03  8.06
traj-46:
35.20 34.61 32.97 31.02 29.28 27.35 25.48 23.64 21.92 21.33 19.77 18.24 17.08 15.11 14.30 12.41 10.99  9.94  8.52  6.68  6.20
19.26 19.33 19.50 19.56 19.67 19.87 20.46 20.31 20.22 20.29 20.35 20.69 20.91 20.96 20.89 20.45 20.63 20.94 21.35 20.78 20.50
traj-47:
34.65 33.25 31.35 29.60 28.45 26.76 26.16 25.25 25.06 25.28 25.34 25.25 25.49 25.48
19.00 19.36 19.81 19.88 19.85 20.52 21.43 22.20 23.46 25.43 26.53 28.24 29.93 30.23
traj-48:
33.70 32.26 30.70 28.72 27.33 26.82 26.11 26.49 26.82 26.17 25.67 25.12 24.01 23.41 21.94 20.50 19.91 18.44 17.30 15.79 14.97 13.50 12.17
17.69 17.50 17.31 17.18 16.37 16.06 14.20 12.56 11.46  9.73  8.54  7.25  5.85  5.83  5.81  5.70  5.70  5.71  5.74  6.56  7.70  8.41  9.15
traj-49:
34.83 34.30 32.55 30.74 28.96 27.41 26.43 25.43 24.59 22.81 20.97 19.69 17.78 16.02 15.02 13.18 12.36 10.57  8.76
18.37 18.45 18.59 18.21 17.44 18.53 19.65 20.76 21.39 20.99 20.77 20.84 20.62 20.63 20.67 21.07 21.32 21.67 21.20
traj-50:
34.84 34.74 34.24 32.29 31.71 29.98 28.44 27.31 26.52 25.72 26.37 26.77 26.84 26.86 26.91 26.85 26.22 24.58 22.63
17.13 17.41 17.57 17.47 17.47 17.40 18.51 19.90 20.95 22.57 24.23 25.26 26.98 28.12 29.25 31.01 32.77 33.58 33.92
traj-51:
37.13 38.10 37.67 35.72 34.11 33.51 31.75 30.67 29.26 27.55 26.90 26.67 26.47 26.30 25.94 25.74 25.10 23.50 22.11 20.81 19.73 18.55 17.26 15.36 13.83 12.45
19.27 18.38 18.16 18.10 18.10 18.07 17.75 17.69 17.34 16.48 15.43 13.56 11.64 10.57  8.65  7.48  5.76  5.16  4.90  4.66  4.50  4.53  4.75  4.82  4.84  4.92
traj-52:
37.99 36.02 35.12 33.36 32.20 30.43 28.73 27.55 25.98 24.29 22.77 21.60 19.80 18.30 16.59 14.66 13.32 11.81 10.01  8.45
19.74 19.92 19.93 19.92 19.91 19.85 19.88 19.89 19.95 20.22 20.55 20.74 20.98 21.02 21.04 21.06 21.01 21.53 22.35 22.94
traj-53:
36.01 34.34 32.43 30.98 29.09 28.21 27.35 27.09 27.14 26.68 26.40 25.78 25.29 25.12 24.24 23.09 21.77 19.89 18.09 16.72 16.15 14.80
18.28 18.50 18.13 17.75 18.40 19.51 20.61 22.47 23.62 25.40 26.04 27.94 28.24 30.17 31.44 31.99 32.19 32.40 33.21 33.59 33.75 34.13
traj-54:
36.13 35.03 33.11 32.23 30.77 29.30 27.63 26.31 25.76 25.47 25.18 25.24 25.37 25.27 25.34 25.38 24.44 22.48 21.96 20.27 18.31 16.74 14.95 13.24 12.50 10.59
19.05 19.38 19.81 19.86 19.85 19.84 19.66 18.91 17.72 16.55 15.23 13.36 11.71  9.77  8.89  7.16  5.44  5.06  5.26  5.44  5.82  6.71  7.36  8.07  8.28  8.84
traj-55:
38.14 36.80 35.35 33.46 32.38 30.93 29.43 27.53 27.02 26.04 25.16 24.25 22.61 21.11 19.78 17.97 16.19 15.60 13.67 13.08 11.41 10.13
18.57 18.67 18.83 19.14 18.92 18.34 17.62 17.16 17.31 18.92 20.63 21.01 20.89 20.73 20.51 20.68 21.01 21.00 21.05 21.07 21.18 21.47
traj-56:
34.45 32.70 32.14 30.66 28.93 27.19 25.78 25.46 25.35 25.28 25.86 26.19 26.88 26.97 27.55 28.87 29.67
19.65 19.88 19.89 19.92 19.96 19.96 20.35 21.66 22.39 23.86 25.51 26.63 28.36 29.47 31.37 32.54 33.24
traj-57:
36.08 34.65 33.55 32.02 30.27 28.78 27.19 27.12 26.92 26.80 26.57 26.38 26.32 25.57 25.49 24.65 23.14 22.09 20.43 19.02 17.29 15.77 13.94
18.00 18.66 19.10 19.73 19.89 19.98 18.80 17.55 16.04 15.16 13.26 11.63 10.77  9.07  7.14  5.57  5.06  5.06  5.08  5.11  5.39  5.31  5.44
traj-58:
33.96 32.91 31.42 29.98 28.95 27.64 26.07 25.38 24.23 23.75 21.85 20.36 18.65 17.48 16.39 14.92 14.34 12.36 12.07 10.29  9.08  7.44
17.83 17.90 18.07 18.76 19.22 19.56 19.94 20.10 20.93 21.28 21.87 21.80 21.77 21.75 21.70 21.63 21.61 21.68 21.71 21.78 21.44 21.06
traj-59:
37.32 35.43 34.44 32.67 31.28 30.80 29.49 28.69 27.45 27.07 26.42 25.81 25.75 26.12 25.92 25.89 25.88 25.45 25.35
17.70 17.45 17.35 17.57 18.59 18.94 19.57 19.91 20.91 22.42 23.94 25.60 27.49 29.01 30.23 32.04 32.34 34.13 34.41
traj-60:
36.79 37.19 36.45 34.92 34.04 32.49 30.66 28.91 28.57 27.29 27.09 26.67 26.34 26.03 25.60 25.16 24.45 23.34 21.90 20.22 19.07 17.44 15.99 15.23 13.27 12.86 10.87  9.29  7.34  5.84
19.26 18.92 18.12 18.05 18.02 17.96 17.86 17.73 17.70 16.32 15.19 13.27 11.39  9.48  7.86  5.98  5.41  5.02  5.04  5.44  5.66  6.75  7.63  7.87  7.89  7.88  8.00  8.39  8.72  9.09
traj-61:
37.41 36.00 34.07 32.26 30.84 29.66 27.91 27.11 25.78 25.26 23.50 23.01 21.37 19.92 18.60 17.69 15.96 14.22 13.66 11.72 10.64  9.59
18.39 18.44 18.61 18.82 18.89 18.99 19.70 20.58 21.44 21.71 21.03 21.01 20.79 20.81 20.84 20.98 20.96 20.48 20.46 20.32 19.87 19.52
traj-62:
36.89 35.06 33.08 32.78 30.92 29.51 28.83 27.76 27.10 27.08 25.86 25.60 25.27 25.23 25.33 25.42 25.92
17.09 17.40 17.40 17.42 17.64 19.05 19.64 20.64 22.34 22.63 23.99 24.13 25.80 26.10 28.00 29.50 30.91
traj-63:
38.55 37.03 36.84 35.33 33.99 32.35 31.54 29.61 29.05 27.57 27.56 27.60 26.73 26.46 26.24 25.84 25.58 25.31 23.62 22.30 21.43 19.72 18.56 17.04 15.49 14.89 13.65 12.22 10.78
17.02 17.18 17.41 17.70 17.86 17.48 17.38 17.15 17.11 16.00 15.41 13.99 12.51 11.18 10.09  8.43  7.29  5.86  5.26  5.28  5.40  5.56  5.65  6.57  7.51  8.03  8.54  8.95  9.33
traj-64:
36.35 35.09 33.72 32.95 31.79 30.09 29.67 27.91 27.35 25.90 24.89 23.47 21.52 20.65 19.19 17.44 15.80 13.90 12.11 11.09  9.98  8.37
18.97 18.43 17.93 17.70 17.17 17.40 17.49 18.28 19.28 20.29 20.85 21.04 21.37 21.30 21.18 20.89 20.69 20.42 20.29 19.59 19.12 18.07
traj-65:
36.57 34.64 32.64 30.84 30.54 28.73 27.43 26.91 26.21 25.62 25.08 25.19 25.22 25.36 25.39 25.48 25.59
17.85 17.40 17.46 17.33 17.34 18.12 19.63 20.49 21.57 23.48 23.68 25.49 26.88 28.55 29.64 31.07 32.55
traj-66:
35.12 34.34 32.74 30.90 29.42 27.78 27.10 26.90 26.43 26.09 25.57 25.58 26.12 25.99 25.26 23.48 22.33 20.35 18.67 17.02 15.89 14.38 13.23 11.87 10.16  8.90
18.71 18.46 18.12 17.77 17.32 16.48 16.05 15.50 14.10 13.16 11.87 10.02  8.68  7.50  5.90  5.20  5.35  5.60  5.80  6.66  7.34  7.86  8.09  8.34  8.59  8.72
traj-67:
36.05 35.49 34.06 32.93 31.03 29.13 28.85 27.70 27.53 27.09 26.94 25.80 25.64 24.52 23.24 22.42 20.83 19.16 17.86 16.68 14.71 13.30 11.58 10.54  8.88
18.94 18.84 18.75 19.04 19.37 19.90 20.00 21.28 21.79 23.46 24.60 23.63 22.22 21.01 20.93 20.90 20.73 20.64 21.00 21.13 20.99 20.80 20.11 19.53 18.72
traj-68:
34.58 32.78 31.92 30.13 29.84 28.14 27.16 26.23 25.40 25.20 25.19 25.21 25.54 25.64 26.04 26.25 27.07 27.38 28.74 29.02 29.39
17.24 17.15 17.09 17.16 17.22 17.53 18.04 18.71 20.46 22.35 23.54 24.82 26.71 28.20 30.00 30.78 32.59 33.05 34.37 34.66 35.03
traj-69:
36.75 35.92 34.79 32.85 31.13 30.27 28.64 27.57 26.15 26.24 26.42 26.47 26.48 26.49 26.13 25.92 24.91 23.06 21.40 20.54 19.14 17.63 16.48 15.06 14.46 12.53 10.97  9.25  8.02
18.98 19.22 19.47 19.82 19.78 19.76 19.63 19.62 18.63 16.84 15.38 13.73 12.29 10.58  8.66  6.92  5.33  5.20  5.23  5.38  5.72  6.80  8.23  8.60  8.75  8.98  9.05  9.13  9.15
traj-70:
34.53 33.08 31.65 29.67 28.57 27.43 25.63 23.88 21.97 21.55 19.81 17.89 16.50 15.06 13.16 11.45  9.98  8.62  6.82  5.43  4.55
19.10 19.33 19.51 19.71 19.79 19.87 20.57 20.72 20.59 20.64 20.76 20.87 21.00 21.06 20.84 20.80 21.52 21.73 22.13 22.42 22.62
traj-71:
37.07 36.78 34.86 32.92 31.13 29.41 27.92 27.40 26.80 26.27 26.00 25.89 25.88 25.81 24.17 23.12 21.59 20.62 18.76 16.89 15.01 14.19 13.19
19.17 19.23 19.60 19.95 19.95 19.88 20.89 22.81 24.69 26.57 27.91 29.02 30.89 32.46 32.74 32.64 32.27 32.06 31.82 31.50 31.88 32.39 33.08
traj-72:
35.38 35.97 37.51 35.68 34.40 32.59 31.84 29.94 28.72 27.21 27.07 26.86 26.46 26.05 25.94 25.41 24.53 24.10 22.75 21.05 20.28 18.30 16.55 14.89 13.58 12.45 11.01 10.19  8.94
19.33 19.43 18.32 18.20 18.19 18.02 17.94 17.87 17.47 16.22 15.09 13.32 11.49  9.72  9.27  7.35  5.80  5.26  5.06  4.98  4.77  4.96  5.51  6.10  6.57  6.98  7.33  7.67  8.10
traj-73:
35.69 34.65 33.25 31.76 30.03 28.07 27.80 25.89 24.77 23.05 21.28 19.67 17.68 16.08 14.41 12.65 10.79  9.72  7.96  6.40
19.10 19.54 19.89 19.91 19.89 19.94 20.08 20.54 20.24 20.21 20.18 20.20 20.11 20.40 21.08 21.09 21.10 21.44 22.00 22.25
traj-74:
36.23 34.65 32.75 31.03 30.58 29.26 27.78 27.26 26.67 25.28 25.46 25.53 25.68 25.79 26.70 27.54 29.06
17.53 17.47 17.21 18.18 18.49 19.13 19.93 21.47 23.12 24.36 26.14 27.57 29.54 31.03 32.77 32.91 33.19
traj-75:
34.39 33.68 31.86 30.17 29.03 27.19 26.53 25.42 25.35 25.52 25.55 25.40 25.06 24.01 22.56 21.09 19.91 18.15 16.93 15.80 14.32 12.37 11.24 10.66  9.76
17.21 17.23 18.02 18.41 17.93 17.29 16.00 14.41 12.48 10.96  9.70  8.04  7.31  5.82  5.67  5.56  5.64  5.71  7.10  8.52  8.20  8.03  6.76  5.92  4.60
traj-76:
36.14 34.50 33.29 31.98 31.13 29.53 28.68 26.82 25.72 24.57 22.60 20.77 18.89 17.11 15.24 14.39 13.14 11.83  9.96  8.81  7.25  5.30  4.47
17.03 17.27 17.46 17.66 17.93 19.08 19.29 19.89 20.20 20.51 20.36 20.41 20.35 20.60 21.02 21.03 20.53 19.87 19.45 19.35 19.61 19.97 19.93
traj-77:
34.09 32.54 31.09 29.40 27.80 26.09 25.46 25.44 25.48 25.41 25.87 26.37 27.13 28.82 29.37 31.28
18.43 18.42 18.38 18.47 18.98 19.97 20.78 22.53 24.10 26.06 27.07 28.58 30.05 31.04 31.14 31.68
traj-78:
38.77 37.80 35.88 33.91 32.19 30.41 29.21 27.49 26.41 26.05 25.60 25.81 25.98 26.06 26.21 26.35 26.17 25.94 25.68 24.88 24.21 23.00 21.30 19.58 18.54 17.31 16.23 14.33
19.38 19.51 19.67 19.77 19.86 19.91 19.88 20.90 22.21 21.34 19.66 17.80 16.25 15.39 13.61 12.18 10.19  9.05  7.29  5.74  5.43  5.17  5.02  5.02  4.94  4.71  4.74  4.73
traj-79:
38.65 36.81 36.26 34.58 32.75 32.01 30.25 28.36 27.25 26.47 25.25 23.38 21.45 19.68 17.82 16.09 15.21 13.48 11.67
17.42 18.10 18.33 18.75 18.97 18.97 18.50 18.28 19.37 20.20 21.05 20.57 20.41 20.71 20.88 21.14 21.29 21.32 21.19
traj-80:
35.81 34.13 32.71 31.88 30.25 29.27 28.64 27.67 27.47 26.13 25.14 25.40 25.67 26.22 26.67 28.22 29.37 31.13 32.13
17.66 17.52 17.49 17.46 18.33 19.17 19.78 21.24 21.46 22.85 23.59 25.54 26.34 28.07 29.93 31.19 31.16 31.69 32.19
traj-81:
38.12 37.26 35.32 34.75 32.97 30.98 29.78 27.92 27.86 27.65 26.84 25.58 25.34 25.40 25.65 25.74 26.25 26.11 25.26 24.18 23.28 21.95 20.69 19.52 18.14 16.46 15.88 14.19 13.12
19.19 19.39 19.80 19.88 19.84 19.92 19.92 19.63 19.03 18.82 17.84 16.36 14.51 14.22 12.70 11.00  9.47  7.87  6.10  4.62  4.28  4.36  4.61  4.84  5.05  5.36  5.48  5.81  5.94
traj-82:
36.73 36.18 35.88 34.26 32.78 32.18 30.63 28.70 26.94 25.47 24.11 22.28 21.99 20.04 18.13 17.83 16.09 14.24 12.29 10.34  9.57  7.92  6.17  5.41
19.77 19.54 19.50 18.70 18.74 18.73 18.87 18.98 19.59 20.03 20.56 21.08 21.16 21.13 21.07 21.04 20.98 20.93 20.92 20.98 21.00 21.02 20.80 20.65
traj-83:
35.61 34.78 32.92 31.24 30.47 28.76 27.80 27.12 26.11 25.40 25.20 25.23 25.19 24.45 23.25 22.30
17.70 17.77 18.05 18.39 18.42 19.05 20.51 21.66 23.13 24.86 26.32 28.08 29.54 31.12 32.51 32.89
traj-84:
33.64 32.38 31.03 30.19 28.80 27.20 26.09 25.50 25.21 25.18 25.34 25.48 25.15 23.33 21.60 19.67 18.29 17.55 16.01 14.62 13.28
17.82 17.99 17.89 17.64 17.03 16.15 15.31 13.96 12.20 10.47  8.58  6.84  5.46  5.09  5.14  5.27  5.75  5.97  6.37  6.60  6.44
traj-85:
36.96 35.87 35.00 33.68 32.45 30.71 30.16 29.34 27.63 26.84 25.68 24.16 22.91 22.01 20.23 19.63 18.16 16.41 15.85 13.94 12.62 11.73 10.49  8.68  7.42  5.50
17.02 17.26 17.42 17.59 18.00 18.73 19.05 19.24 20.19 21.34 22.43 21.70 21.71 21.62 21.52 21.46 21.29 20.99 20.90 21.12 21.07 21.03 21.09 21.07 20.98 20.92
traj-86:
34.86 33.97 32.27 30.66 29.05 28.52 26.87 26.54 26.15 25.93 26.71 27.23 27.22 27.18 27.60 27.91 28.28
17.62 17.73 18.06 18.56 18.97 19.09 20.07 20.87 22.28 24.16 25.88 27.70 29.06 29.94 31.63 32.45 33.73
traj-87:
38.49 37.30 35.85 35.59 33.93 32.01 30.53 29.37 27.57 26.64 25.99 25.97 26.11 26.16 26.16 25.94 25.60 25.08 24.89 23.21 21.36 19.64 17.74 16.50 15.16 14.29 13.21 11.47 10.07  8.13  6.93  5.75
18.56 18.78 19.21 19.35 19.76 19.72 19.75 19.80 18.96 18.31 16.89 15.01 13.28 12.68 10.69  8.76  7.33  6.00  5.77  5.20  4.83  4.62  4.19  4.37  4.27  5.29  5.21  5.32  5.19  5.46  5.36  5.50
traj-88:
33.98 32.21 32.03 30.10 28.11 27.36 25.53 25.00 24.52 22.66 21.21 19.51 17.65 16.86 15.28 13.79 12.04 11.44  9.73  7.92  6.01  5.00
17.41 18.21 18.44 18.73 18.79 19.11 18.32 20.00 20.18 20.27 20.52 20.67 20.79 20.74 20.97 21.11 21.13 21.16 21.50 21.23 21.46 21.53
traj-89:
33.82 32.53 31.38 29.59 28.34 27.31 27.02 26.64 26.39 26.05 25.19 25.19 23.41 22.71 22.24 20.49 20.13 18.61 17.43
17.72 18.21 18.69 19.47 19.96 21.45 23.10 24.98 25.74 27.02 28.61 30.27 31.08 31.20 31.71 32.48 34.43 35.63 35.79
traj-90:
37.67 37.11 35.67 34.05 32.27 30.94 29.22 28.65 27.02 26.53 25.86 25.11 25.14 25.18 25.32 25.59 25.79 25.52 25.27 24.54 22.64 21.61 19.76 19.47 17.84 16.59 15.16 14.47 12.85 12.60 10.75  8.92  7.45
18.24 18.14 18.30 18.80 19.15 19.65 19.85 19.93 18.84 18.50 17.62 15.99 14.23 12.45 11.21 11.08  9.22  7.82  6.71  5.50  5.10  5.03  5.25  5.32  5.86  6.52  7.01  7.42  8.51  8.68  8.20  7.50  7.12
traj-91:
37.55 36.04 35.53 33.88 32.09 31.04 29.27 27.65 26.99 25.29 23.88 22.83 20.94 20.64 18.73 16.79 14.89 12.91 11.52
17.13 18.01 18.55 19.05 18.89 18.81 19.16 20.33 20.93 21.31 20.59 20.20 20.44 20.43 20.45 20.71 21.01 21.23 20.61
traj-92:
34.74 33.18 32.11 30.75 29.38 28.20 27.39 26.64 26.05 25.93 25.77 26.31 26.78 26.26 26.07 24.68 22.93 20.95
19.12 18.72 18.47 18.25 18.78 19.66 21.12 22.12 23.42 24.15 26.06 27.39 28.62 30.19 30.75 32.00 32.53 32.47
traj-93:
34.02 32.06 30.45 29.00 28.26 28.00 26.24 26.23 26.44 26.67 26.72 26.76 26.72 26.44 26.30 25.98 24.59 22.99 21.40 19.72 18.30 17.56 15.96 15.31 13.59 12.74 11.18  9.46  8.08  7.33
19.56 19.70 19.82 19.90 19.94 20.09 19.81 18.40 16.70 15.05 13.72 12.57 10.85  9.17  8.03  6.37  5.12  5.00  5.32  5.59  5.83  6.26  6.82  6.83  6.91  7.00  6.35  5.79  5.26  4.94
traj-94:
35.00 34.72 32.82 31.13 30.50 28.67 28.45 27.50 26.50 25.11 24.08 22.82 21.25 20.37 18.83 17.68 16.23 15.35 13.60 11.76 10.08  9.78
17.09 17.42 17.60 17.63 17.27 18.05 18.25 18.95 19.49 19.90 20.21 20.36 20.59 20.75 21.19 21.21 21.13 21.13 21.09 21.55 22.47 22.52
traj-95:
38.36 36.49 35.70 33.79 32.07 31.29 29.97 28.38 27.06 26.37 26.54 26.74 26.98 27.18 27.25 27.34 26.54 25.18 23.52 23.27
18.97 18.94 18.91 18.79 18.88 18.96 19.16 19.54 20.26 21.96 23.09 24.27 25.34 27.31 28.48 30.21 31.69 32.53 33.54 34.07
traj-96:
38.40 37.26 35.38 34.79 33.04 31.35 30.21 28.65 27.33 27.23 27.26 27.07 26.41 26.35 25.76 25.77 24.66 22.68 20.71 19.28 17.55 17.25 15.54 14.17 12.35 10.75
17.20 17.18 17.10 17.11 17.06 17.08 17.11 17.09 16.24 14.45 13.02 12.15 10.43 10.13  8.37  6.66  5.89  5.75  5.66  5.61  5.56  5.54  5.84  6.50  6.11  5.38
traj-97:
37.66 36.06 34.33 32.60 31.46 29.55 29.15 27.88 27.35 26.47 24.62 23.73 21.99 20.57 18.72 17.37 16.00 14.41 12.74 12.22 10.86 10.62
17.32 17.42 17.55 18.14 17.91 17.93 18.16 19.60 20.17 21.02 21.65 21.59 20.99 20.94 20.83 20.93 20.98 21.06 21.14 20.83 19.81 19.04
traj-98:
34.63 35.84 35.66 33.69 31.87 30.98 29.43 27.78 27.08 27.12 26.42 26.50 26.55 26.22 26.26 26.93 27.42 27.91
19.58 18.59 18.31 18.29 18.24 18.34 18.77 19.25 21.03 22.74 24.58 25.19 26.85 28.56 29.27 30.81 32.50 34.28
traj-99:
38.55 37.58 36.14 35.17 33.57 32.41 30.46 28.69 27.28 27.18 26.97 26.69 26.46 26.20 25.89 25.53 25.19 23.82 22.74 21.07 19.59 18.17 16.75 15.40 14.20 13.18
18.59 18.71 18.78 18.85 18.62 18.41 18.11 17.88 17.20 15.47 14.91 13.40 11.62 10.23  8.62  7.06  5.76  5.12  5.20  5.59  5.89  5.99  7.15  6.41  5.88  5.61
traj-100:
35.83 34.18 33.63 31.81 30.05 28.94 27.31 27.05 25.80 25.46 23.78 21.78 20.06 18.62 17.03 15.67 14.78 13.31 11.81 10.52  8.86  7.33  5.77  4.44
18.15 18.33 18.50 18.92 19.56 19.89 20.78 21.29 22.83 21.78 20.78 20.69 20.45 20.31 20.27 20.18 20.14 20.15 20.11 20.40 21.06 21.64 21.02 19.87
traj-101:
36.56 35.20 33.21 32.42 30.83 29.01 28.80 28.15 26.83 26.57 26.29 26.04 25.35 25.41 25.35 25.26 24.61 23.09 21.77 20.17 19.60
17.85 18.23 18.24 17.98 17.48 17.42 17.44 17.65 18.97 20.56 21.87 23.01 24.73 26.44 27.68 29.15 31.02 32.16 32.74 33.73 33.67
traj-102:
35.71 34.61 33.06 31.45 29.60 28.46 27.39 26.92 26.68 26.60 26.07 25.74 25.64 25.09 24.78 23.37 22.03 20.23 19.93 18.23 16.56 15.40 13.73 11.83 10.57  8.61  6.65
19.49 19.42 18.28 18.17 17.93 17.68 16.22 14.33 12.74 12.16 10.29  8.33  7.96  6.18  5.67  5.06  5.02  5.16  5.21  5.50  5.54  5.67  5.72  5.61  5.72  5.76  5.94
traj-103:
37.67 37.20 35.27 33.68 32.37 30.61 29.17 27.84 27.44 26.89 26.06 25.17 24.23 22.45 21.62 20.17 18.28 17.49 15.74 14.85 12.94 11.19  9.45  8.37  7.28
17.96 18.01 18.44 19.14 19.75 19.92 19.95 20.78 21.84 23.71 24.10 22.52 21.02 20.84 20.79 20.71 20.88 20.80 21.01 21.12 21.16 21.61 22.22 22.60 22.99
traj-104:
38.66 37.68 36.39 34.43 33.12 31.98 30.84 29.37 28.55 27.95 27.45 27.34 27.22 26.05 25.63 25.45 25.37 25.11 24.20 23.45 22.15
17.90 17.85 17.90 17.64 17.48 17.30 17.18 17.37 18.45 19.93 21.74 23.19 24.32 25.70 26.43 28.03 28.81 30.45 31.16 31.40 31.61
traj-105:
36.82 35.00 34.10 32.36 30.92 28.94 27.85 25.88 25.33 25.11 25.09 25.32 25.36 25.62 26.01 26.12 25.99 25.82 25.36 24.74 23.21 21.27 20.44 18.79 17.01 16.05 14.28 13.21 12.54 11.58
19.24 19.87 19.89 19.94 19.96 19.94 19.91 20.25 18.94 17.20 16.02 14.43 13.84 12.20 11.21  9.44  8.29  7.43  6.39  5.73  5.11  4.98  4.94  4.92  5.16  5.29  6.02  6.53  7.20  8.17
traj-106:
35.31 34.03 33.01 31.56 29.79 29.25 27.42 26.18 25.13 24.31 22.52 21.17 20.03 18.32 17.73 16.29 14.62 12.86 11.33 10.09
19.05 18.78 18.64 18.37 17.68 17.42 17.46 18.20 19.69 20.70 21.57 21.76 21.78 21.67 21.60 21.46 21.31 21.45 21.67 22.01
traj-107:
37.04 36.35 36.16 35.86 34.52 32.67 31.54 29.63 28.49 26.87 26.03 25.57 25.18 25.12 25.13 25.12 25.24 23.57 22.84 21.06 20.53 19.10 17.25 15.57 14.42 12.43 11.37  9.60  8.69  7.21
17.28 17.33 17.56 17.61 18.53 19.23 19.32 19.39 19.37 20.07 20.38 22.10 23.74 25.67 27.46 28.52 30.48 31.24 31.25 32.01 32.18 32.53 32.34 31.88 31.57 31.46 31.66 32.10 32.61 33.59
traj-108:
34.12 33.82 32.09 30.36 28.94 27.46 26.92 26.48 25.62 25.91 26.43 26.75 26.88 26.75 26.59 26.40 26.14 25.77 25.24 24.33 22.56 21.20 19.48 18.37 16.53 14.69 13.23
19.54 19.56 19.78 19.86 19.95 20.75 21.34 21.13 19.34 18.50 16.97 15.24 14.21 12.68 11.55  9.84  9.04  7.91  6.60  5.45  5.04  5.26  5.62  5.83  6.42  5.87  5.82
traj-109:
38.69 37.86 35.95 34.40 32.49 31.78 30.06 29.12 27.25 25.64 23.70 22.07 20.34 18.37 18.08 16.34 15.29 13.76 12.07 10.24  8.74  7.66  6.55
17.66 17.53 17.36 17.41 17.25 17.31 18.10 18.52 18.84 19.66 20.01 20.30 20.40 20.65 20.72 20.75 20.72 20.69 20.46 20.37 19.87 19.18 18.37
traj-110:
34.04 33.01 31.08 29.10 28.19 27.15 26.44 25.89 25.82 25.54 26.08 26.56 27.20 27.95
18.77 18.94 18.99 18.92 18.94 20.49 22.24 23.91 24.71 26.58 27.57 28.97 30.25 31.91
traj-111:
38.92 37.93 36.64 35.84 34.60 32.65 30.87 29.26 27.71 27.37 26.96 26.63 26.22 25.88 25.50 25.11 23.73 22.43 21.68 20.05 18.53 16.83
17.42 17.63 17.69 17.76 17.70 17.45 17.12 17.09 16.26 15.20 13.59 11.62  9.66  8.60  7.27  5.83  5.19  4.97  4.83  4.78  5.19  5.60
traj-112:
34.57 32.63 31.22 29.84 28.98 27.51 26.69 24.96 23.18 22.89 20.92 19.73 18.34 17.04 15.56 14.43 12.77 11.17 10.04  8.23  6.58
19.12 19.37 19.60 19.85 19.98 20.80 21.45 20.77 20.17 20.10 20.42 20.62 20.75 20.85 20.94 20.98 20.67 20.27 20.07 19.91 19.01
traj-113:
38.29 36.41 35.66 33.82 31.86 31.02 29.26 28.86 27.87 26.99 26.56 26.15 25.75 25.60 25.32 25.17 24.65 23.21 22.15 20.79 18.86 18.33 16.35 15.33 13.61 12.73
17.94 18.12 18.25 18.35 18.59 18.84 19.67 19.72 20.23 21.05 22.14 23.87 25.78 27.26 28.72 29.52 31.16 31.71 31.77 31.78 31.56 31.47 31.52 31.56 31.43 31.40
traj-114:
38.98 37.04 35.33 33.62 31.83 30.04 28.27 27.97 27.77 27.15 26.91 26.96 26.70 26.64 26.33 26.07 25.72 25.56 23.71 21.99 20.90 19.80 18.24 17.72 16.13 14.19 13.31 12.21
19.30 19.52 19.81 19.90 19.93 19.99 19.84 19.21 18.03 17.06 15.12 14.02 12.07 11.78  9.83  8.08  6.35  5.78  5.21  4.90  4.81  5.00  5.15  5.30  5.96  6.22  5.95  5.61
traj-115:
36.95 35.19 33.75 32.53 30.71 29.09 27.56 26.48 26.17 24.20 22.63 20.80 20.28 18.31 17.35 15.39 14.07 12.14 11.53  9.94  8.04  6.91
18.01 17.77 17.60 17.43 17.37 18.17 19.03 20.48 21.64 21.30 20.99 20.55 20.39 20.71 20.73 20.79 20.91 21.26 21.69 22.40 22.49 22.61
traj-116:
37.87 36.41 34.50 33.35 31.96 30.05 28.10 27.41 26.25 25.26 25.24 25.45 25.13 25.17 25.19 25.28 25.34 24.71 24.16 22.20 20.93 19.13 17.57 16.24 15.19
18.43 17.64 17.10 17.13 17.27 17.45 17.14 17.26 18.79 19.64 21.38 23.14 24.46 25.31 26.84 28.25 29.41 31.05 31.56 31.83 31.48 31.68 31.69 31.68 31.84
traj-117:
34.25 33.76 32.30 31.15 30.05 28.95 27.56 25.97 26.17 26.18 26.19 26.03 26.01 26.00 25.99 26.00 25.88 25.61 25.42 24.54 22.59 21.49 19.77 17.92 17.68 16.58 15.14 14.31 12.38 10.40  8.48  7.02  5.72
17.19 17.78 18.62 19.28 19.64 19.94 20.85 21.70 20.66 19.46 17.60 16.42 14.95 13.63 12.52 11.37  9.48  7.71  6.53  4.99  4.90  5.10  5.29  5.69  6.02  7.51  8.73  8.57  8.24  8.13  8.02  6.90  6.02
traj-118:
37.50 36.08 34.35 33.75 32.02 30.22 29.34 27.70 26.96 25.66 23.82 22.26 21.55 20.11 18.35 17.76 15.78 13.82 12.40 11.27 10.28  9.30  7.94  7.64
19.56 19.72 19.90 19.92 19.98 19.97 19.93 20.79 21.72 20.84 20.58 20.85 20.97 21.22 21.15 21.16 21.32 21.64 21.80 21.86 20.51 19.70 18.25 18.25
traj-119:
38.29 37.64 36.00 34.09 32.13 30.70 29.57 27.96 27.38 26.57 26.08 25.73 25.88 25.80 25.25 24.20 23.06 21.40 19.68 18.33 16.85 15.73
18.59 18.69 18.91 19.23 19.56 19.75 19.94 20.93 22.29 24.01 25.46 26.35 28.28 29.69 30.08 31.12 31.53 32.25 32.70 33.00 33.79 34.53
traj-120:
37.86 35.95 35.33 33.61 31.88 30.71 28.72 27.15 26.01 25.49 25.16 25.36 25.53 25.85 26.45 25.38 24.03 22.83 21.06 19.11 17.65 16.37 14.72 13.14 12.15 10.76  8.82  8.23  6.76
19.62 19.86 19.89 19.88 19.83 19.81 19.73 18.75 17.30 15.44 14.09 12.19 11.00  9.19  7.51  6.26  5.22  5.02  5.12  5.52  6.57  7.75  8.22  8.21  7.87  7.82  7.54  7.54  6.58
traj-121:
35.88 34.62 33.25 31.32 29.92 28.82 27.59 26.68 24.89 23.49 21.75 19.87 18.74 17.18 16.15 14.17 12.21 11.11 10.29  8.36  7.37
18.47 19.02 19.60 19.84 19.90 19.92 20.55 22.13 21.87 21.35 21.12 20.97 20.94 20.93 20.97 21.02 21.13 21.58 21.77 22.27 22.58
traj-122:
38.88 36.94 35.03 33.57 32.47 30.74 30.44 28.48 26.90 26.72 26.46 26.39 26.02 25.55 25.71 24.79 23.18 22.00 20.14 18.65 16.70 15.43 13.87
18.78 19.15 19.58 19.88 19.96 20.00 19.99 19.99 20.76 21.64 23.55 25.47 27.22 28.91 30.14 31.66 32.31 32.59 32.98 33.08 33.34 33.74 34.22
traj-123:
38.90 37.85 36.46 35.10 33.37 32.48 30.76 29.01 28.12 27.83 27.60 27.15 26.13 26.43 26.69 26.92 26.39 25.89 25.69 24.86 24.25 22.27 20.65 18.84 17.18
19.17 19.32 19.51 19.68 19.91 19.93 19.95 19.93 19.85 19.01 18.82 18.16 16.49 14.68 12.75 11.31  9.41  7.69  7.16  5.66  5.32  5.06  4.86  4.59  4.19
traj-124:
37.42 35.46 34.03 32.58 31.14 29.14 28.64 26.85 25.97 24.71 22.97 21.69 20.03 18.56 17.67 16.19 14.47 13.74 11.74
17.34 17.15 17.18 17.20 18.10 17.98 18.01 18.56 19.22 20.17 20.46 20.66 20.97 21.02 21.08 21.15 21.19 21.23 21.32
traj-125:
38.16 36.43 34.47 32.51 30.85 29.66 27.96 27.90 27.43 27.06 26.48 26.12 25.36 25.16 25.18 24.60 23.18 21.60
19.54 19.67 19.74 19.71 19.80 19.82 20.79 21.09 22.79 24.20 26.08 26.53 27.24 29.10 29.98 31.84 32.04 31.99
traj-126:
36.59 35.28 34.42 33.12 31.76 30.02 28.30 27.38 26.75 26.36 26.35 26.19 25.94 25.56 25.13 24.02 22.96 21.24 19.51 18.46 17.39 15.56 13.94 12.44
17.23 17.30 17.33 18.05 18.57 17.88 17.05 16.48 15.92 14.37 12.60 11.06  9.97  8.33  6.62  5.23  5.15  5.09  5.22  5.54  5.87  6.37  6.07  5.66
traj-127:
38.86 38.10 37.07 36.20 35.79 33.96 32.77 31.05 29.87 28.13 26.69 26.07 24.09 23.21 21.26 19.83 17.90 17.30 15.66 13.73 12.35 11.34  9.69  7.93  5.99  4.27
17.11 17.43 17.66 17.83 17.91 18.11 18.28 18.56 18.51 19.17 20.47 21.03 21.06 21.05 21.15 21.12 21.01 21.07 21.28 21.43 21.62 21.91 22.37 22.55 22.57 22.74
traj-128:
35.82 33.93 33.38 31.52 29.57 28.54 26.85 25.72 25.54 25.51 25.40 25.26 25.39 25.74 26.20 26.91 27.51 27.54
18.66 18.99 19.02 18.68 18.29 18.03 17.59 18.69 20.48 22.33 24.28 25.25 27.24 28.49 30.28 31.99 33.58 34.08
traj-129:
34.74 33.45 31.64 30.11 29.54 27.68 26.00 25.50 25.55 25.47 25.37 25.34 25.51 25.49 25.61 25.06 23.15 21.38 19.60 18.71 17.36 15.72 14.21 12.64 11.14 10.16  9.28
18.08 18.25 18.56 19.05 19.22 18.82 18.66 17.42 16.22 14.73 13.06 12.52 10.84  9.13  7.28  6.49  5.93  5.84  5.88  5.91  5.91  5.79  5.75  5.52  6.00  7.66  7.87
traj-130:
35.98 35.53 34.02 32.26 31.43 29.85 29.29 27.74 26.96 24.99 23.10 21.71 20.26 18.54 18.24 16.46 15.29 14.39 12.95 11.62 10.03  8.49
17.06 17.19 17.49 18.18 19.01 19.62 19.76 20.62 21.89 22.00 21.77 21.77 21.78 21.81 21.83 21.86 21.85 21.84 21.82 20.84 20.09 19.12
traj-131:
36.60 35.21 34.07 32.33 31.14 29.37 28.20 27.28 26.75 26.71 26.60 26.47 26.60 26.74 26.79 26.91
19.67 19.83 19.83 19.85 19.87 19.87 19.81 20.37 22.12 23.54 24.74 26.00 27.79 29.31 30.01 31.41
traj-132:
37.46 37.16 35.44 34.69 32.98 32.53 30.88 28.93 27.28 27.02 26.77 26.56 26.41 26.28 25.88 25.46 24.69 23.04 22.46 20.69 18.96 17.45 15.86 14.41 12.45 11.14  9.73
17.80 17.83 18.14 18.11 17.95 17.76 18.18 18.50 18.15 16.34 14.43 12.61 11.73 10.56  8.60  6.89  5.93  5.16  5.18  5.37  5.70  6.61  7.68  7.41  7.64  7.17  6.68
traj-133:
38.27 37.02 36.42 34.81 32.97 31.76 29.79 29.50 27.71 25.90 24.11 22.31 20.53 19.44 17.86 16.93 15.11 14.56 12.72 11.99 10.14  8.56  7.83  6.22
17.03 17.07 17.71 18.31 18.53 18.56 18.66 18.68 18.81 19.65 20.28 20.48 21.01 20.95 20.70 20.79 21.06 20.96 21.12 21.47 21.72 21.61 21.35 20.65
traj-134:
36.69 35.05 34.63 33.03 31.35 30.23 28.62 27.19 26.66 26.71 26.71 26.36 26.29 26.04 25.76 25.48 24.00 22.92 22.09 20.35 19.05
17.56 17.67 17.72 17.90 18.22 19.27 19.94 20.77 22.32 23.41 24.77 26.59 27.16 28.84 30.77 30.90 31.77 32.14 32.38 33.32 34.00
traj-135:
38.97 37.83 35.86 35.02 33.29 32.99 31.09 30.21 28.45 27.56 27.23 26.56 26.54 26.34 26.33 26.22 26.08 25.78 25.58 25.51 23.71 22.96 21.30 19.66 17.81 16.34 14.76 13.35 11.54 10.97  9.00  7.69  6.42  5.53
19.68 19.78 19.82 19.84 19.88 19.88 19.91 19.91 19.83 19.82 18.41 17.13 15.58 13.74 12.70 10.89  9.77  8.27  6.53  6.05  5.23  5.16  5.37  5.69  5.90  5.96  6.22  6.50  6.61  6.66  6.69  6.54  6.23  5.93
traj-136:
38.68 37.53 35.81 34.62 33.55 31.90 30.49 29.01 28.13 27.97 27.72 25.89 24.65 23.60 21.78 20.15 18.97 17.95 16.22 14.41 12.42 11.05 10.50  8.84
19.78 19.88 19.91 19.90 19.87 19.91 19.88 19.89 19.83 18.96 18.80 19.47 20.79 20.76 20.74 20.86 20.88 20.93 20.97 20.97 20.73 19.86 19.28 18.40
traj-137:
38.95 37.69 35.87 34.17 32.66 31.33 29.72 28.58 27.54 27.21 26.64 26.11 25.47 25.59 26.02 26.38 27.27 28.79 30.51 31.62
17.35 17.55 17.56 17.44 18.01 19.00 19.70 19.94 21.63 23.27 24.13 24.23 25.54 26.81 28.57 29.99 31.23 31.76 32.45 32.77
traj-138:
37.25 35.81 34.15 32.66 30.96 30.36 28.58 28.28 27.98 26.93 26.06 25.39 25.31 25.66 25.63 25.31 24.60 22.75 21.34 20.22 18.51 17.76 16.78 15.11 14.17 12.81 11.06 10.79  9.72  8.99
19.18 19.48 19.80 19.92 19.96 19.97 19.89 19.88 18.47 16.93 15.34 13.81 11.84 10.24  8.49  6.65  5.44  4.93  5.00  5.04  5.64  6.31  6.99  7.96  8.67  7.95  7.71  7.58  6.05  4.84
traj-139:
35.11 33.15 31.49 30.30 28.84 27.22 26.99 26.22 24.47 22.60 21.39 19.99 18.06 17.49 15.66 14.78 13.37 12.26 10.47  9.27  7.59  7.31  5.59
19.45 19.76 19.81 19.83 19.94 20.92 21.10 21.13 21.15 20.89 20.84 21.21 21.12 21.13 21.29 21.36 21.58 21.74 21.47 20.74 19.84 19.72 19.44
traj-140:
34.20 33.08 31.40 29.69 29.09 27.48 27.24 26.91 26.70 26.83 27.03 27.73 27.63 26.03 24.42 23.06
19.45 19.53 19.76 19.89 19.87 20.90 22.59 24.28 26.18 28.11 29.97 31.44 33.43 34.32 34.99 35.54
traj-141:
34.71 33.62 32.22 30.48 28.70 27.82 27.74 27.29 26.97 26.74 26.51 26.34 26.08 25.82 25.24 24.41 22.91 21.60 19.64 18.82 17.20 15.66 14.76 12.91 10.99  9.12  7.47  6.20  5.46
19.32 19.71 19.76 19.98 19.90 19.68 17.88 16.95 15.20 14.14 13.12 11.53  9.57  7.83  6.30  5.23  5.18  5.13  5.40  5.57  6.38  7.51  7.88  8.55  8.69  9.17  8.40  7.09  6.49
traj-142:
38.45 37.31 35.62 34.64 32.96 31.19 30.31 28.55 28.02 26.15 24.93 23.20 21.30 19.46 18.55 17.12 15.37 13.64 12.46 11.47 10.45  8.85  7.04  6.08
18.70 18.47 18.63 18.74 18.94 19.18 19.30 19.55 19.59 20.19 20.49 20.58 20.55 20.69 20.80 20.76 21.05 21.25 21.17 21.11 21.13 21.19 21.29 21.20
traj-143:
34.47 32.81 31.58 29.81 29.53 27.71 27.47 26.68 26.22 26.46 26.67 26.35 26.08 26.03 25.07 24.29 22.49 21.71 19.87 17.97 16.28
18.33 18.18 18.16 17.71 17.59 18.38 18.93 20.75 22.70 24.05 25.12 27.06 28.70 29.28 30.81 31.46 31.85 31.51 31.25 31.47 31.85
traj-144:
35.72 35.16 33.49 32.75 31.02 30.72 28.97 28.44 27.12 27.07 26.60 26.03 26.16 25.90 25.65 25.22 25.15 23.57 22.51 21.11 19.35 18.31 16.70 16.10 14.77 13.36 11.61 11.09
19.07 18.93 18.35 17.99 17.54 17.54 17.19 17.03 16.06 15.77 13.89 12.88 10.96  9.03  7.86  6.12  5.83  5.06  5.09  5.28  5.56  5.84  6.81  7.30  8.16  8.33  9.09  9.30
traj-145:
35.38 33.92 32.42 30.53 29.96 28.10 26.53 25.43 24.50 23.16 22.06 20.35 18.90 17.17 15.69 13.92 12.01 11.04  9.69  8.38  6.90  5.03
17.33 17.37 17.63 18.05 18.22 18.69 19.07 20.30 21.09 21.44 21.52 21.61 21.74 21.92 21.83 21.70 21.55 21.50 21.54 21.32 21.08 20.62
traj-146:
36.81 35.75 33.90 32.53 30.78 30.48 28.68 27.70 27.26 27.15 27.09 27.04 27.01 26.19 25.23 23.41 21.64 19.68 19.19 17.40 15.79 13.87 12.53 11.50
18.12 18.38 18.50 18.65 18.63 18.69 19.05 20.42 21.73 23.17 24.29 25.48 27.09 28.73 30.31 31.14 31.25 31.28 31.26 31.31 31.56 31.83 32.38 32.78
traj-147:
38.42 37.11 36.38 34.92 34.28 33.09 31.71 30.43 28.93 27.90 26.07 25.85 25.70 25.44 25.39 25.24 25.49 26.19 25.58 24.30 22.90 21.15 20.06 18.11 16.15 14.63 13.53 11.72  9.89  8.03
17.13 17.33 17.48 18.04 17.90 17.72 17.58 18.01 18.51 18.33 17.65 16.54 14.58 13.79 13.22 11.23  9.44  8.08  6.21  5.48  4.93  4.73  4.60  4.45  4.77  5.44  6.28  6.70  7.33  7.28
traj-148:
38.32 37.23 36.08 34.90 33.03 31.36 29.62 28.23 27.03 25.87 25.38 23.58 22.73 21.53 21.07 19.92 18.05 16.29 15.99 13.99 12.61 10.67  9.06  7.39  6.29  4.46
18.45 18.41 18.25 18.00 17.46 17.58 17.82 18.27 18.46 19.27 19.60 20.40 20.49 20.66 20.61 20.52 20.97 21.27 21.30 21.42 21.50 21.34 20.72 19.95 19.71 19.28
traj-149:
36.09 34.25 33.69 32.09 30.27 28.94 27.57 27.37 27.43 27.46 27.39 27.37 27.81 28.31 29.72 29.91
17.52 18.17 18.34 18.84 19.19 19.78 20.81 22.56 24.32 25.76 27.54 29.04 30.94 31.99 33.08 33.31
traj-150:
37.54 36.16 34.24 33.47 31.51 29.64 28.02 26.91 26.65 26.34 26.04 26.04 26.03 25.23 24.89 23.32 21.66 19.86 18.48 17.59 15.93 14.12 13.20 12.03 10.44
17.50 17.74 18.29 18.17 17.99 17.66 17.23 15.62 13.78 11.83  9.95  8.19  7.60  5.96  5.57  5.14  5.06  5.09  5.49  5.85  6.57  7.34  7.46  7.71  7.78
traj-151:
35.99 34.14 32.47 30.63 28.81 27.62 26.74 25.48 23.87 22.69 21.51 20.14 18.18 17.88 15.95 14.96 13.19 11.44 10.13  9.44
18.00 18.16 18.43 18.77 18.70 19.35 19.72 19.76 20.10 20.15 20.21 20.23 20.28 20.29 20.44 20.63 20.66 20.89 19.42 18.86
traj-152:
39.19 37.73 36.04 34.64 32.90 31.24 30.04 28.85 27.59 27.00 27.79 27.84 27.75 27.70 27.75 28.07 28.20
19.68 19.71 19.74 19.76 19.83 19.89 19.93 19.98 21.47 22.42 24.20 25.65 27.10 28.69 30.29 32.02 32.63
traj-153:
38.63 36.69 35.04 33.13 31.44 29.72 28.83 27.41 26.21 25.92 24.64 25.29 25.74 25.94 26.38 26.61 26.89 26.87 26.64 26.43 26.06 25.80 24.63 23.22 21.40 19.50 18.07 16.50 15.68 14.76 13.11
18.74 18.97 19.35 19.55 19.77 19.91 19.97 20.73 22.31 22.23 20.86 19.76 19.14 18.63 17.17 15.54 14.10 12.35 10.88  9.29  7.92  7.08  5.69  5.21  4.93  5.21  5.42  6.35  7.29  8.38  8.84
traj-154:
36.19 35.93 34.41 32.42 30.61 29.91 27.95 27.62 26.14 24.23 22.54 21.92 19.94 18.15 17.41 16.15 15.19 13.21 11.79 10.39  8.91
19.47 19.62 18.53 18.55 18.72 18.80 19.05 19.38 20.23 20.47 20.56 20.61 20.70 20.86 20.94 20.75 20.71 20.55 20.23 19.31 18.35
traj-155:
37.24 36.96 35.01 33.45 31.46 29.75 29.15 27.82 26.69 26.42 26.03 25.42 25.23 25.24 25.21 25.29 25.79 26.97 28.01 29.46 29.91
18.48 18.38 17.92 17.11 17.21 18.01 18.55 19.64 21.19 21.83 23.41 23.93 25.65 26.80 28.21 28.81 30.53 31.63 32.53 33.78 34.17
traj-156:
36.13 34.59 33.09 31.22 30.68 28.95 27.27 27.16 27.01 26.82 26.49 26.13 25.67 25.48 25.34 25.23 25.27 24.86 23.52 21.68 20.26 18.52 17.12 16.90 15.62
17.93 18.11 18.77 19.38 19.56 19.84 18.82 17.93 16.75 15.00 13.91 12.47 10.86 10.41  8.60  7.90  6.40  5.70  5.14  5.25  5.51  5.79  6.89  7.09  8.12
traj-157:
36.51 35.36 33.64 32.25 30.85 29.42 27.70 27.30 25.93 25.08 24.29 22.44 21.11 19.19 17.87 16.30 14.99 13.16 11.41  9.70  9.58  8.26  7.21
19.18 19.39 19.57 19.75 19.81 19.89 20.83 21.83 22.98 22.29 21.42 21.12 20.97 20.71 20.86 20.92 20.94 21.21 21.45 20.73 20.51 19.18 18.00
traj-158:
37.04 36.51 34.96 33.09 31.36 29.57 28.67 27.54 26.94 26.79 26.47 26.09 25.55 25.12 24.54 23.39 21.65 19.66 17.78 17.27 15.70 13.85
19.28 19.36 19.64 19.80 19.96 19.97 20.00 20.58 21.60 23.46 25.28 27.24 28.99 30.81 31.29 31.81 31.80 31.69 31.59 31.59 31.81 31.89
traj-159:
36.25 35.96 34.71 33.59 32.03 31.00 29.02 27.39 27.11 26.42 26.04 26.01 25.91 25.84 25.42 25.39 24.07 23.32 21.60 19.71 18.27 16.29 16.00 14.74 14.22 12.52
19.00 18.93 18.19 17.60 17.34 17.27 17.09 16.20 14.45 12.72 12.35 10.36  9.38  8.30  6.64  6.34  5.05  5.02  4.95  4.66  4.59  4.54  4.61  5.45  5.72  5.97
traj-160:
34.16 32.56 31.54 29.62 29.05 27.51 27.16 26.13 25.45 25.10 23.33 21.41 19.97 18.80 16.96 14.99 13.46 12.40 10.45  9.20  7.82  6.44
18.34 19.08 19.39 19.83 19.84 20.82 22.25 23.79 23.66 21.79 21.20 21.12 21.04 20.98 20.88 20.89 20.89 20.85 20.75 20.73 20.60 20.58
traj-161:
33.61 32.58 30.89 29.69 28.54 27.43 26.96 26.58 26.40 26.48 26.75 26.82 25.30 24.14 23.06 21.14 19.41 18.33 16.93 15.61
19.00 19.57 19.90 19.88 19.97 20.65 21.94 23.88 24.89 26.71 27.39 29.32 30.49 31.91 31.76 31.59 31.77 31.84 31.68 31.69
traj-162:
34.44 32.57 32.19 31.62 29.65 27.72 26.64 26.22 25.96 25.37 25.62 26.02 26.48 26.17 24.87 23.52 21.82 20.70 19.82 18.71 17.61 16.68 15.12 13.98 12.12 10.31  9.03  7.60  5.86
17.82 18.28 18.37 18.33 18.24 17.82 16.72 15.57 14.37 12.52 11.43  9.94  8.26  6.39  4.94  4.53  5.19  5.34  5.45  5.60  7.07  8.25  9.22  9.00  8.78  9.01  9.28  9.47  9.71
traj-163:
35.24 33.27 31.55 30.16 28.66 26.98 26.23 24.76 22.95 21.43 19.44 17.79 16.24 14.72 13.27 11.79 10.28  8.95  7.74  6.44
19.77 19.81 19.88 19.92 19.93 20.75 21.15 20.74 20.22 20.52 20.33 20.12 21.20 21.63 21.75 21.68 20.66 19.86 19.13 18.40
traj-164:
38.57 37.78 36.90 35.29 34.47 32.86 31.18 29.19 27.42 25.93 26.33 26.48 26.49 26.54 26.60 26.64 26.34 26.17 25.02 23.35 22.76 21.06 19.53 18.13 16.85 15.44
17.41 17.55 17.71 17.92 18.17 18.67 19.14 19.19 19.23 20.22 21.89 23.60 23.90 25.74 27.27 29.19 30.89 31.41 32.98 33.85 33.86 33.80 33.82 33.88 34.64 35.36
traj-165:
34.09 32.40 30.69 28.90 27.72 27.70 27.64 26.70 26.29 25.95 25.63 25.51 25.57 25.72 25.82 26.04 26.23 26.62 26.73 26.67 26.37 25.77 24.31 23.73 22.05 20.20 19.91 18.08 16.17 14.57 12.98 12.11
19.57 19.73 19.85 19.98 21.54 22.21 24.09 25.56 23.99 22.86 21.34 19.48 18.34 16.47 15.29 13.60 12.42 11.18 10.28  8.43  7.04  5.44  4.34  4.48  4.77  5.00  5.08  5.47  6.05  6.09  5.08  4.91
traj-166:
39.00 38.42 36.48 35.62 34.24 33.10 31.15 29.24 27.50 25.60 23.73 22.32 21.30 19.56 18.10 16.96 15.77 14.19 12.22 10.62
19.21 19.32 19.52 19.57 19.76 19.90 19.86 19.88 19.93 20.54 20.68 20.79 20.87 20.94 20.93 20.91 20.94 21.04 21.32 21.51
traj-167:
33.61 31.68 29.96 29.06 27.53 27.18 26.79 26.62 25.98 25.71 25.67 25.45 25.28 24.01 22.51 20.72 20.22 18.27 17.45
19.52 19.89 19.94 19.94 20.99 22.94 24.57 25.26 27.03 27.16 27.46 29.22 30.93 32.35 32.72 32.99 33.16 33.42 33.33
traj-168:
35.19 34.39 32.60 31.13 30.59 28.65 27.87 26.47 26.17 25.81 25.82 25.57 25.59 25.67 25.50 24.06 22.95 21.58 20.06 19.29 17.52 16.71 15.76 13.94 13.14 11.72  9.91  8.99  7.88  6.32
17.75 18.06 18.43 18.80 18.86 18.77 18.30 17.40 16.26 14.67 12.73 11.56 10.02  8.15  6.42  5.15  4.95  4.81  4.63  4.56  4.77  5.33  5.82  6.38  6.64  7.01  7.13  6.50  5.67  4.72
traj-169:
34.68 33.38 31.48 30.54 28.74 28.31 27.37 26.27 24.52 23.35 21.64 20.21 18.77 17.60 15.85 15.26 13.53 11.94 11.86 10.68  9.19  7.41  6.06
17.51 17.53 17.79 18.03 18.74 18.91 20.34 21.81 21.78 21.77 21.87 21.83 21.84 21.84 21.85 21.82 21.89 21.66 21.37 20.68 19.52 20.35 21.30
traj-170:
34.50 33.91 32.00 30.09 28.19 26.78 25.92 25.76 25.56 25.35 25.19 25.17 25.42 25.56 26.16 26.76 27.74 27.99
18.69 18.67 18.66 18.69 18.46 18.32 18.98 20.28 21.50 23.29 25.16 26.25 28.22 29.22 30.84 32.65 34.20 34.73
traj-171:
35.56 34.12 33.26 31.79 31.41 29.49 28.19 27.48 25.60 25.25 25.26 25.20 25.23 25.30 25.37 25.52 25.58 24.19 23.08 21.42 20.11 18.47 17.37 15.51 14.05 12.56 11.16
17.48 17.25 17.14 17.18 17.58 17.86 17.94 18.02 17.87 17.21 15.26 13.44 11.59 10.02  9.16  7.39  5.86  5.01  5.09  5.13  5.09  5.56  5.96  5.96  6.22  6.37  6.50
traj-172:
38.14 36.47 35.60 34.43 33.24 31.47 30.57 29.10 27.87 27.24 26.10 25.03 23.65 21.70 20.53 18.74 17.27 15.50 13.57 12.99 11.25  9.42  7.75  6.73  5.59
19.40 19.72 19.90 19.89 19.88 19.89 19.89 19.86 20.52 21.75 23.38 21.97 20.77 21.01 21.11 21.07 21.16 21.14 21.33 21.47 20.81 20.57 19.68 19.19 18.60
traj-173:
34.99 33.01 31.29 29.34 28.04 26.94 26.93 25.15 25.23 25.17 25.97 26.76 27.67 28.54 29.23 30.25
18.75 18.61 18.78 18.86 19.50 21.15 22.90 23.54 25.47 27.30 29.10 30.53 32.03 33.45 34.22 34.60
traj-174:
36.22 35.38 33.69 31.97 30.77 29.06 27.64 26.82 26.45 26.13 26.60 26.50 26.25 25.86 25.57 24.73 23.24 21.57 19.92 18.22 17.40 15.97 14.61 13.23 12.31 10.91  9.28  7.47
19.48 19.55 19.75 19.88 19.92 19.97 19.90 18.12 16.88 15.07 13.38 11.65  9.82  7.90  7.08  5.58  5.01  5.13  5.29  5.65  6.08  6.85  7.48  8.13  8.24  8.28  8.62  8.88
traj-175:
36.38 34.79 33.93 32.22 30.25 29.42 27.54 25.65 25.07 23.65 22.11 21.01 19.60 17.88 17.58 15.77 15.18 13.71 11.90 11.12  9.76
18.15 18.42 18.52 18.84 18.73 18.66 18.59 19.12 19.50 20.21 20.45 20.57 21.03 20.98 21.00 21.10 21.13 21.13 21.05 20.98 21.00
traj-176:
37.77 36.28 35.01 33.28 31.63 29.87 28.75 27.16 26.95 25.82 26.13 25.33 25.35 25.34 25.30 24.46 24.08 22.76 21.28 20.11
17.62 18.02 18.47 19.10 19.66 19.82 19.87 20.81 21.02 22.67 23.51 25.10 26.23 27.59 29.49 31.26 31.86 33.10 33.93 33.94
traj-177:
35.43 35.14 33.33 31.59 29.81 29.52 27.65 26.66 26.50 26.28 25.97 25.81 25.52 25.45 25.27 25.19 24.29 22.49 21.36 19.40 18.56 16.96 16.40
19.23 19.27 18.72 18.87 19.11 19.15 18.53 16.85 15.37 13.54 12.25 11.17  9.45  8.87  7.39  6.80  5.47  5.17  5.15  5.30  5.54  6.29  6.48
traj-178:
38.14 37.92 35.96 35.29 33.52 32.92 31.21 29.99 29.02 27.95 27.01 26.52 25.49 24.39 22.79 21.34 19.62 18.46 16.60 15.77 14.68 12.71 10.96 10.26  8.43  6.73  5.74
18.01 17.80 18.14 18.23 18.35 18.53 18.05 17.44 17.25 18.90 19.92 21.36 22.11 21.28 21.07 20.97 20.99 20.97 21.07 21.35 21.63 21.78 20.94 20.65 20.02 19.38 18.88
traj-179:
39.00 37.43 36.36 34.69 34.13 32.42 31.28 29.82 28.93 28.79 26.94 26.70 26.36 25.65 25.51 25.24 25.16 25.20 25.12 25.02 23.28 22.45 20.83 20.03 18.46 17.21 15.82 14.64 13.83 12.17
18.87 19.27 19.51 19.64 19.65 19.81 19.84 19.92 20.00 20.27 20.91 21.10 21.59 23.20 24.09 24.23 26.22 27.81 29.05 30.27 31.04 31.18 31.38 31.76 32.25 32.69 33.29 33.80 34.17 34.84
traj-180:
35.56 36.75 35.17 34.57 32.99 31.63 30.68 29.51 28.16 27.10 26.88 26.71 26.64 26.09 26.04 25.68 25.30 24.75 23.16 21.71 20.38 18.71 17.94 16.16 15.04 13.71 12.64 10.73  9.05  8.55
19.50 19.54 18.37 18.37 18.33 18.16 18.06 17.90 17.19 16.21 14.80 12.99 12.40 10.68 10.38  8.61  6.85  5.77  5.04  5.16  5.40  5.75  6.17  6.66  6.65  6.01  5.69  5.34  5.03  4.89
traj-181:
36.60 34.64 33.46 32.27 30.79 29.12 27.60 27.32 26.70 25.19 24.15 22.84 20.95 19.57 18.33 16.66 15.23 13.27 12.74 11.67  9.91  8.71  6.76  4.86  4.60
19.63 19.87 19.89 19.93 19.88 19.86 20.85 21.35 22.67 21.66 21.14 20.32 20.42 21.03 20.71 20.62 20.48 20.30 20.23 19.68 19.28 19.34 19.33 18.78 18.69
traj-182:
34.26 32.28 31.14 29.45 28.37 27.30 27.19 26.47 26.20 25.26 25.46 25.41 25.34 25.32 24.17 22.58 20.81 18.85 17.82
17.41 17.18 17.17 17.17 17.18 18.75 19.94 21.71 22.25 23.87 25.55 27.54 29.45 30.05 31.23 32.20 33.00 33.07 33.13
traj-183:
38.92 38.36 36.65 34.67 32.96 31.54 29.82 28.58 27.55 26.32 25.44 25.33 25.36 25.43 25.53 25.76 25.66 25.26 25.03 24.88 23.26 21.89 20.27 18.29 17.72 16.26 15.14 14.23 12.43
19.77 19.83 19.89 19.84 19.77 19.76 19.82 18.93 17.65 16.74 15.23 13.57 13.12 11.32 10.86 10.66  8.76  7.07  6.20  5.94  5.25  5.18  5.09  4.93  4.98  5.09  4.89  5.01  4.56
traj-184:
35.05 34.46 32.71 32.14 30.20 28.42 26.72 25.17 23.21 22.91 21.02 20.30 18.60 17.26 15.29 13.37 12.58 10.71  9.92  8.11  7.17  5.68  4.93
19.76 19.84 19.83 19.78 19.90 19.89 19.95 20.11 20.22 20.25 20.46 20.54 20.72 20.90 21.24 21.51 21.64 21.64 21.46 21.06 20.80 20.53 20.32
traj-185:
35.37 34.67 33.14 31.21 29.79 29.00 27.48 26.24 26.02 25.17 25.14 25.16 25.23 25.24 25.40 25.35 25.07 24.87 25.45
17.28 18.30 18.74 19.16 19.52 19.71 20.70 21.90 22.10 23.32 24.17 25.90 27.65 27.95 29.66 29.95 31.71 33.52 34.53
traj-186:
36.35 34.50 33.13 31.50 30.90 28.99 28.43 27.55 27.37 27.38 27.37 27.30 26.60 25.86 25.52 24.64 23.16 21.77 20.43 18.76 17.65 16.24 14.41 12.42 10.56
17.75 17.50 17.34 17.26 17.23 17.06 17.03 16.47 14.82 13.64 12.17 11.59  9.82  8.06  6.87  5.36  4.95  5.14  5.32  5.62  6.59  7.67  8.30  8.39  8.17
traj-187:
34.46 34.17 32.33 30.54 29.43 27.93 26.58 25.28 23.85 22.51 21.20 19.80 18.06 17.76 15.99 14.63 13.69 12.17 11.22  9.98
17.67 17.63 17.06 17.01 17.05 17.22 18.65 20.05 20.68 20.69 20.61 20.71 20.74 20.75 20.80 20.76 20.49 20.21 20.26 21.80
traj-188:
35.62 34.02 32.45 30.73 30.14 28.32 26.57 26.37 26.16 25.42 25.40 25.12 25.89 26.90 27.97 29.75
19.35 18.77 18.67 18.53 18.45 18.90 19.46 21.18 22.92 24.47 26.31 28.17 29.08 30.39 31.48 32.04
traj-189:
33.83 33.35 31.43 30.24 28.53 26.72 26.86 26.76 26.68 26.46 26.24 26.03 25.76 25.81 25.14 24.76 23.09 21.47 20.36 18.83 17.30 16.57 14.84
19.00 19.00 19.10 19.26 19.52 18.92 17.29 15.69 15.10 13.56 11.69 10.56  8.82  8.24  6.43  5.71  5.16  4.99  4.89  4.86  5.26  5.52  6.20
traj-190:
35.70 35.15 33.49 31.77 31.47 29.67 28.51 27.03 26.67 25.61 23.91 22.41 20.64 19.74 18.11 16.34 15.35 13.53 12.99 11.30  9.99  9.22
19.36 19.38 19.62 19.93 19.94 19.98 19.96 20.92 21.28 21.60 20.88 20.89 21.08 20.89 21.06 20.74 20.62 21.09 20.93 20.54 20.21 20.11
traj-191:
38.09 36.17 35.58 33.76 31.89 30.29 29.71 29.08 27.60 27.12 26.88 26.42 26.31 26.02 26.14 25.89 25.72 25.86 25.98 26.01 27.78 28.07 29.22 30.98 31.58
18.28 18.12 18.05 17.49 17.38 17.62 18.20 18.73 19.88 21.17 22.01 23.67 23.95 25.65 27.07 28.69 30.59 31.74 33.45 34.33 35.22 35.29 35.57 35.91 35.99
traj-192:
38.33 36.60 35.44 33.46 32.53 30.58 28.60 27.36 26.94 26.09 25.47 25.42 26.24 26.32 26.40 25.61 23.64 21.81 20.09 18.44 16.90 15.55 15.27
17.72 17.54 17.40 17.20 17.19 17.10 17.03 16.36 15.71 14.05 12.33 11.54  9.89  8.10  7.22  5.40  5.22  5.10  5.03  5.41  6.47  7.91  8.03
traj-193:
34.64 33.30 31.72 30.50 29.22 27.75 27.07 25.49 23.87 23.15 21.62 19.63 18.68 17.51 15.84 14.10 12.78 11.75 10.52
19.22 18.91 18.96 18.88 18.93 19.04 19.08 19.85 20.53 20.58 20.69 20.55 20.58 20.64 20.70 20.90 21.28 21.88 22.38
traj-194:
36.15 34.50 32.77 31.57 29.86 28.39 27.85 26.63 25.97 25.69 25.53 25.46 25.37 25.51 26.33 26.94 28.21 28.65 29.90 31.39 33.15
19.73 19.86 19.97 19.96 19.92 19.90 20.25 21.53 22.68 24.44 25.28 26.51 28.14 29.74 30.65 31.22 32.40 32.78 33.99 35.10 35.33
traj-195:
37.48 35.92 34.43 32.67 31.07 29.59 27.83 27.60 26.72 26.64 26.58 26.29 25.95 25.79 25.60 25.03 23.31 21.75 20.80 18.87 17.03 15.47 14.00 13.05 11.28 10.20  8.35  7.85  6.31
18.16 18.05 17.90 17.74 17.61 17.48 17.16 16.72 15.20 14.76 12.76 11.15 10.19  8.39  7.51  5.97  5.18  4.60  4.81  5.16  5.88  6.27  6.75  7.08  6.75  6.49  6.36  6.01  4.83
traj-196:
37.13 35.53 34.07 32.56 30.82 28.90 27.59 25.77 25.52 25.21 24.06 22.93 21.31 19.82 18.07 17.32 15.39 13.45 12.05 11.47  9.50  7.69  6.17
19.00 18.71 18.44 18.35 18.24 18.01 17.91 18.41 18.57 19.30 20.73 20.67 20.65 20.69 20.71 20.54 20.56 20.67 20.91 21.04 21.11 21.29 21.26
traj-197:
34.03 33.57 31.91 31.33 29.74 28.92 27.63 27.56 27.33 26.92 26.36 26.19 25.62 24.09 22.49 20.70 18.75 17.06 16.47 14.51 12.98 11.89 10.30  9.29  8.32
18.74 18.82 19.29 19.43 19.77 19.94 21.45 22.60 24.56 26.24 27.61 28.32 29.94 31.05 31.44 32.06 32.26 32.45 32.50 32.18 31.66 31.55 31.78 32.02 32.14
traj-198:
36.43 34.75 32.81 31.63 30.28 28.68 27.46 26.99 25.52 25.26 25.13 25.14 25.11 25.11 25.10 25.12 24.27 23.74 22.90 20.97 19.01 17.78 16.15 14.21 12.43 11.30 10.42
19.39 19.52 19.68 19.80 19.93 19.91 19.63 18.89 18.00 16.22 14.78 13.92 12.73 10.92  9.01  7.04  5.61  5.36  5.17  5.33  5.67  5.61  5.73  5.75  6.08  6.28  6.44
traj-199:
33.80 32.69 31.30 29.58 27.68 26.48 25.23 24.05 23.47 21.54 21.25 19.28 18.69 16.98 15.86 13.96 12.07 11.38  9.55
19.78 19.84 19.82 19.84 19.63 19.52 19.07 20.08 20.67 20.52 20.56 20.73 20.73 20.55 20.60 20.54 20.38 20.16 19.64
traj-200:
37.30 37.00 35.04 33.54 31.77 30.06 28.60 27.83 27.23 27.00 26.49 26.00 25.42 25.15 25.11 24.72 24.23 22.54
17.26 17.28 17.53 17.73 18.03 18.95 19.91 20.59 21.82 22.61 24.51 26.38 28.28 28.99 29.28 31.04 32.94 33.63
traj-201:
37.61 36.43 34.96 34.43 32.50 31.04 29.27 27.98 27.83 27.64 27.01 26.27 25.74 26.21 26.40 25.93 25.66 25.26 24.49 22.83 22.30 20.51 18.97 17.50 15.97 15.15 13.70 12.52 11.14 10.41  9.04  8.61  6.76  5.96
19.42 19.53 19.69 19.72 19.83 19.95 19.83 19.68 18.80 17.94 16.45 14.84 13.23 11.76 10.89  8.94  8.40  6.93  5.45  5.07  4.95  4.63  4.50  4.72  5.39  5.78  6.59  7.01  7.39  7.02  5.94  5.99  6.23  5.87
traj-202:
33.91 32.22 30.49 29.30 27.61 27.57 26.37 25.11 24.26 22.31 20.87 20.03 18.32 18.02 16.06 14.32 12.62 12.02 11.84 11.81 10.96  9.45
19.57 19.79 19.87 20.00 20.97 21.83 23.28 22.41 21.79 21.78 21.78 21.79 21.82 21.82 21.85 21.80 21.74 21.74 21.17 21.32 19.54 18.79
traj-203:
37.03 35.18 33.80 32.35 30.44 29.17 27.43 26.63 26.43 26.70 26.67 26.26 25.83 24.42 23.30 21.73 20.91 19.07 18.70 16.78 15.51 14.52 13.35 12.16 10.71  8.80  7.20
18.47 18.04 17.75 17.96 18.01 18.73 19.60 21.23 23.10 24.69 26.68 28.01 29.96 31.16 31.70 31.88 31.72 31.53 31.61 31.56 31.73 31.71 31.56 31.42 31.33 31.36 31.11
traj-204:
34.82 33.19 31.24 29.38 28.20 26.41 25.43 25.50 25.32 25.45 25.51 25.62 25.31 24.24 22.27 20.88 19.51 17.75 15.83 15.31 13.94
17.83 17.45 17.16 17.10 17.13 16.39 15.20 13.84 11.98 10.24  9.63  7.69  6.62  5.04  4.96  4.88  4.87  5.18  5.53  5.41  4.59
traj-205:
34.83 32.95 30.96 29.17 28.57 26.79 25.17 23.30 21.59 20.55 19.40 18.30 17.30 16.11 14.39 12.79 11.36  9.67  8.85  7.10  5.48  4.11
19.37 19.75 19.95 19.95 19.97 20.46 20.81 20.85 20.89 20.93 20.94 20.91 20.95 20.92 20.99 21.13 21.05 20.56 20.33 19.78 19.16 18.61
traj-206:
33.89 33.16 31.34 29.90 28.16 27.97 26.93 26.43 26.34 26.57 26.84 26.69 26.33 26.07 25.72 23.73 22.33 20.47 18.87 18.14 16.30
18.58 18.23 17.42 17.62 17.75 17.99 19.46 20.91 22.54 23.64 25.25 27.22 28.55 30.46 31.66 31.79 31.89 31.91 32.59 32.85 33.57
traj-207:
33.88 32.95 31.22 30.31 28.62 27.24 27.18 27.08 26.92 26.73 25.76 25.22 25.26 25.21 23.56 22.70 20.76 19.11 18.29 16.74 15.45 14.40 12.92 12.32 10.72  9.36  7.79  6.62
18.76 18.66 17.99 17.65 17.03 16.27 15.19 13.60 12.13 10.30  9.12  7.20  6.47  4.79  4.99  5.06  5.26  5.66  5.87  6.65  7.39  7.95  8.40  8.36  8.25  8.16  8.03  7.91
traj-208:
36.24 35.67 33.67 32.29 31.21 29.58 28.64 27.39 26.62 25.66 24.05 22.08 20.61 19.46 18.26 16.71 15.19 13.37 12.20 10.26
17.71 17.62 17.57 17.34 17.15 17.42 18.02 18.74 19.31 19.97 20.96 21.00 21.05 21.03 21.02 20.97 20.77 20.62 20.54 20.39
traj-209:
37.48 35.85 33.91 33.61 31.70 30.54 28.84 27.06 26.24 25.85 25.91 26.16 26.05 25.46 25.45 24.61 23.07 22.41 20.80 20.26 18.79 16.82
19.21 19.26 19.26 19.28 19.49 19.65 19.81 19.82 21.21 23.12 25.05 26.19 27.80 29.57 30.06 31.07 31.75 31.80 31.92 31.89 32.25 32.56
traj-210:
38.55 38.25 36.49 36.19 34.22 32.78 31.89 29.91 28.72 27.32 27.12 26.22 26.25 26.27 26.55 26.54 26.42 26.33 26.21 26.06 25.54 24.49 23.99 22.36 20.42 18.54 16.57 15.23 13.70 12.47 10.53  9.61  8.01
19.78 19.81 19.87 19.88 19.90 19.97 19.98 19.95 20.00 21.40 21.62 20.38 18.95 18.19 16.57 15.03 13.44 11.86 10.17  8.44  6.85  5.35  5.22  5.14  4.99  5.10  5.08  5.12  5.21  5.10  5.10  5.30  5.82
traj-211:
38.50 37.39 36.04 34.13 32.50 30.71 28.96 27.52 26.96 24.99 23.32 23.04 21.13 19.36 17.42 16.32 14.43 12.54 10.92  9.18  7.49  5.88  5.30
19.25 19.40 19.50 19.75 19.85 19.93 19.83 20.77 21.45 21.21 20.56 20.68 21.08 21.04 20.98 20.96 20.90 20.77 20.35 19.85 20.01 20.07 20.19
traj-212:
36.52 34.89 33.49 31.57 30.86 29.43 27.77 27.18 26.45 25.66 25.63 25.84 26.19 26.25 25.27 23.54 22.04 20.20 18.70 16.71 15.20 13.47 13.17
19.19 19.39 19.66 19.84 19.82 19.69 20.57 21.80 23.27 24.47 26.24 27.34 28.96 29.54 31.20 31.99 31.92 31.65 31.41 31.52 31.71 32.07 32.05
traj-213:
36.80 34.97 32.99 31.28 29.59 29.01 27.39 27.15 26.96 26.91 26.93 26.65 26.39 26.15 24.51 22.53 21.76 20.38 19.50 17.93 16.53 15.16
17.80 17.66 17.68 17.77 17.85 17.71 17.28 16.84 14.88 12.90 11.01  9.28  7.52  6.12  5.17  5.13  5.23  5.47  5.64  6.59  7.77  8.98
traj-214:
38.79 37.79 36.01 35.50 33.55 31.87 30.67 29.19 27.60 27.21 26.55 25.41 25.00 23.68 22.54 21.45 19.56 18.45 16.49 14.87 13.43 12.39 10.57 10.14  8.63  8.39
18.41 18.70 19.15 19.23 19.59 19.95 19.95 19.88 20.77 21.77 23.57 22.75 21.97 20.87 21.01 20.83 20.84 20.92 21.03 21.03 20.88 20.83 20.12 19.86 18.82 18.64
traj-215:
36.78 35.39 34.22 32.48 30.69 29.23 27.62 27.41 27.29 26.43 26.05 25.28 25.23 25.13 24.30 23.16 21.43 20.35 18.76 16.88 15.56 13.84 12.58 11.39 10.18  8.57  6.70  5.93
19.55 19.69 19.81 19.94 19.86 19.88 20.90 22.32 22.90 24.55 25.74 27.57 28.81 30.79 31.86 31.92 32.26 32.27 32.08 32.06 32.93 33.59 33.31 33.07 32.92 32.78 33.17 33.18
traj-216:
37.46 36.28 34.51 33.19 31.46 30.21 28.59 27.13 27.06 26.78 26.67 26.57 26.45 25.86 24.94 23.35 21.55 20.68 19.32 17.78 17.21 15.73 15.18
17.50 17.46 17.28 17.30 17.53 17.67 17.19 16.16 14.97 13.14 11.48  9.85  8.97  7.34  5.92  5.16  5.18  5.19  5.15  5.35  5.54  6.16  6.39
traj-217:
34.79 33.34 31.36 30.56 28.67 27.55 26.39 24.56 24.26 22.39 20.65 18.97 17.85 16.10 14.46 13.10 12.05 10.07  9.17  8.02  6.23  4.75
18.70 18.82 19.04 19.17 19.48 19.63 19.77 20.23 20.23 20.66 20.65 20.44 20.62 20.90 21.11 21.38 21.60 21.80 21.88 21.98 22.16 22.34
traj-218:
36.66 35.18 33.49 31.59 29.71 29.08 28.23 27.71 27.33 26.67 26.09 25.78 25.68 25.54 25.40 24.08 22.37 20.40 18.90 17.45 15.57 14.45
18.12 17.91 17.75 17.35 17.35 17.47 18.85 20.00 21.41 22.86 24.60 26.55 28.06 29.84 30.42 31.67 31.99 32.18 32.56 32.80 33.14 33.35
traj-219:
34.63 33.34 32.55 31.03 29.86 29.06 27.80 25.93 26.53 26.65 26.81 26.68 26.59 26.50 26.46 26.43 26.32 26.26 25.27 23.65 22.88 21.07 19.40 17.58 16.56 15.77 16.34
18.29 17.55 17.20 17.51 18.94 19.30 19.83 19.79 17.92 17.36 15.92 14.29 13.40 11.62 10.55  9.56  8.47  6.99  5.49  5.10  4.95  4.58  4.63  4.77  6.41  7.88  8.70
traj-220:
37.85 36.28 34.57 34.27 32.40 30.54 28.69 28.45 27.59 26.48 26.15 24.76 23.08 21.70 20.30 19.13 17.39 15.62 14.74 13.57 12.41 11.05 10.54  9.91  7.98  6.13  5.85
19.10 18.91 18.59 18.61 18.65 18.64 18.96 19.23 20.11 21.46 21.65 21.66 21.70 21.75 21.81 21.87 21.84 21.87 21.88 21.89 21.78 21.70 21.03 20.62 20.10 19.69 19.60
traj-221:
35.32 33.55 32.00 30.56 29.15 28.18 27.02 26.10 25.65 25.31 25.35 25.24 25.26 25.29 25.33 26.19 26.50
17.48 17.34 17.28 18.21 19.01 19.50 20.86 22.23 23.23 24.69 26.41 27.94 29.35 31.06 32.34 34.08 34.87
traj-222:
37.64 36.06 34.07 32.96 31.23 29.28 27.31 26.82 26.69 26.56 26.39 26.30 26.17 25.74 25.40 24.99 23.20 22.71 20.76 19.05 17.42 16.25 14.84 13.19 11.84
17.45 17.54 17.67 17.80 17.83 17.42 17.10 15.33 13.67 12.28 10.91  9.76  8.88  7.44  6.62  5.84  5.12  5.13  5.50  5.82  6.87  8.10  9.21  9.38  9.50
traj-223:
37.33 36.28 35.19 33.60 32.12 30.32 29.10 27.53 27.14 26.91 26.16 25.36 24.12 23.12 21.75 20.07 18.32 16.77 15.32 13.42 12.29 11.16  9.86  8.12  7.55  6.03  5.00
18.35 18.66 18.95 19.43 19.85 19.91 19.88 20.95 22.86 23.69 23.18 21.76 20.27 20.31 20.51 20.93 20.85 20.74 20.62 20.57 20.36 20.17 19.83 19.34 19.15 18.80 18.64
traj-224:
33.88 32.06 30.68 28.97 27.08 26.10 25.42 25.48 25.78 25.91 25.68 25.33 25.04 24.17 22.69 21.71 20.57
18.79 18.87 18.83 19.10 19.39 20.63 22.05 23.48 24.79 26.19 28.05 29.97 30.18 31.52 32.13 32.73 34.03
traj-225:
36.52 37.42 36.03 34.31 33.02 32.03 30.10 28.55 27.87 26.87 26.89 26.91 26.98 27.01 26.70 26.13 25.95 24.71 23.29 22.62 20.73 19.04 17.16 15.95 15.16 13.35 11.49
19.65 19.65 18.71 18.41 18.27 18.13 17.94 17.56 16.99 15.85 14.97 13.77 12.63 10.86  9.28  7.38  6.74  5.76  5.19  5.22  4.99  4.83  4.89  4.92  4.92  5.17  5.40
traj-226:
37.41 35.69 34.42 33.07 31.61 29.74 28.86 27.47 27.19 26.90 25.88 24.73 22.89 20.96 19.48 18.80 16.87 15.02 14.07 12.33 11.03  9.29  9.02  7.14  6.24  4.64
17.52 18.19 18.66 18.95 19.23 19.84 19.89 20.71 21.80 23.14 22.32 21.20 20.92 20.69 20.43 20.41 20.31 20.38 20.49 21.23 21.43 21.44 21.32 21.47 21.82 21.59
traj-227:
36.17 35.06 33.58 32.29 30.56 28.89 27.80 27.37 27.04 26.72 26.08 25.46 25.28 24.58 23.30
19.02 19.28 19.59 19.89 19.92 19.85 21.51 23.37 24.98 25.68 26.79 28.17 29.24 31.05 31.48
traj-228:
37.35 36.75 35.04 33.67 31.96 30.08 28.48 27.30 26.66 26.24 26.08 26.17 25.75 25.53 25.07 24.43 22.63 20.65 19.08 17.48 16.35 14.77
19.02 19.07 18.06 17.95 17.94 18.24 18.05 16.47 14.72 12.88 10.90  9.63  8.07  7.31  6.07  5.29  5.10  4.89  4.80  5.03  5.27  5.49
traj-229:
36.71 35.56 33.84 32.64 30.94 29.78 28.30 26.63 24.90 24.01 22.49 20.66 18.90 16.90 15.51 13.53 12.94 11.19 10.62  8.91  8.20
19.36 19.63 19.93 19.99 19.96 19.96 19.95 20.81 21.70 21.63 20.85 20.93 21.13 21.04 20.98 20.77 20.72 20.48 20.52 20.98 21.14
traj-230:
34.59 34.30 32.48 31.11 29.49 28.38 26.59 26.02 25.69 25.47 25.34 25.17 25.24 25.30 25.25 25.00 24.93 24.88 25.13
18.15 18.24 18.53 18.66 18.99 19.21 20.05 21.75 22.58 24.20 26.02 27.19 28.93 29.79 31.72 32.66 34.62 34.91 35.08
traj-231:
34.99 33.42 32.46 30.53 28.91 27.29 26.16 26.40 26.46 26.61 26.57 26.60 26.17 26.10 24.47 22.75 21.61 19.91 18.18 16.85 16.02 14.77 13.79
18.06 18.14 18.28 18.35 18.17 17.77 16.66 14.80 14.20 12.25 10.80  9.79  7.98  6.33  5.65  4.97  5.20  5.52  5.93  6.54  6.78  7.36  7.86
traj-232:
35.36 34.17 33.06 31.36 30.13 29.00 28.05 27.78 26.34 26.28 24.40 22.78 21.38 20.56 19.10 17.65 15.93 14.48 13.89 12.16 11.18  9.53  8.50  7.28  6.89
18.52 18.56 18.42 18.43 18.38 18.30 18.26 18.40 19.69 19.84 20.26 21.33 21.55 21.65 21.86 21.84 21.83 21.85 21.81 21.73 21.66 20.87 20.00 18.70 18.46
traj-233:
34.09 32.42 30.97 29.00 28.41 26.84 25.11 25.11 25.07 25.15 25.31 25.37 25.64 26.70 27.44 28.35 29.09
19.35 19.49 19.54 19.59 19.66 20.79 21.78 22.96 24.92 25.49 27.04 28.94 29.45 31.12 32.95 33.97 34.75
traj-234:
36.64 35.45 33.47 31.76 31.36 30.11 29.37 27.56 26.99 26.35 26.57 26.63 26.68 26.48 26.38 25.77 25.23 24.13 23.61 22.03 20.25 19.98 18.15 16.54 15.22 13.93 13.15 11.45 10.91
17.04 17.20 17.30 18.02 18.09 18.94 19.46 18.96 17.69 16.86 15.21 13.56 12.24 10.64 10.06  8.24  6.32  5.14  5.10  5.03  5.20  5.33  5.76  6.30  7.20  7.86  7.81  7.50  7.25
traj-235:
36.32 35.58 33.85 32.95 31.83 30.63 28.85 27.38 25.45 24.94 23.27 21.41 19.68 19.39 17.51 16.47 15.26 13.44 11.83 10.95
19.12 19.61 19.93 19.95 19.96 19.96 19.87 18.85 18.75 20.08 20.68 20.89 20.88 20.94 20.62 20.55 20.71 21.15 21.09 21.07
traj-236:
37.39 35.43 34.92 33.14 32.84 31.12 29.20 27.35 26.76 25.22 25.08 25.05 25.04 25.06 25.05 25.50 25.78 26.90 27.72 29.45
18.80 18.81 18.84 18.62 18.61 18.81 18.82 19.30 19.36 20.41 22.32 24.20 26.00 27.47 28.06 29.71 31.59 32.41 33.10 33.98
traj-237:
39.16 37.35 35.77 35.31 33.43 32.09 30.19 29.05 27.37 25.74 25.63 26.12 26.52 26.77 26.75 26.48 26.34 26.10 25.94 25.83 25.23 24.31 22.52 22.00 20.19 18.23 16.47 15.80 13.85 12.08 10.55  9.75
17.25 18.03 18.63 18.76 19.24 19.62 19.89 19.85 20.81 21.84 20.02 18.49 17.10 16.29 14.43 12.80 11.33 10.16  8.78  7.93  6.24  5.29  5.04  4.97  4.79  4.98  5.22  5.31  5.39  5.60  5.78  5.56
traj-238:
34.25 32.93 31.09 29.11 27.24 25.41 23.47 21.66 20.56 18.91 17.38 15.51 13.57 12.44 11.58  9.94  8.99  7.66  6.36
18.81 18.93 19.18 18.97 19.39 20.03 20.19 20.36 20.53 20.70 20.92 20.93 20.98 20.30 19.62 18.70 19.04 19.78 20.37
traj-239:
38.42 36.64 35.01 33.92 32.43 30.92 29.98 28.32 26.99 26.33 26.12 26.04 25.81 26.00 26.18 26.21 26.19 26.29 26.48 24.72 23.23 22.37 20.50 19.78 18.34 16.43 16.00 14.21 12.35 10.95  9.79  7.80  7.50
18.69 17.82 17.23 17.24 17.31 17.42 17.65 18.09 18.49 20.28 21.18 22.69 24.08 25.65 26.90 28.72 29.23 30.93 32.80 32.42 32.10 31.94 32.02 31.96 31.99 31.77 31.82 31.93 32.08 32.33 32.46 32.50 32.50
traj-240:
35.43 33.75 31.97 30.19 28.80 27.39 26.92 26.91 25.98 25.64 25.64 25.65 25.50 25.24 24.05 23.26 21.30 21.00 19.09 17.59 16.72 15.31 14.66 12.94 11.39  9.51  8.87
19.05 18.80 18.55 18.37 18.17 16.92 15.05 14.48 12.80 11.51 10.39  9.39  8.10  6.74  5.17  5.13  5.05  5.04  4.96  4.89  5.07  5.23  5.28  5.44  4.52  4.25  4.19
traj-241:
39.06 38.49 36.53 35.72 34.28 32.41 32.12 31.99 30.05 28.95 27.66 25.71 25.26 25.15 25.04 24.33 23.44 21.50 19.52 18.43 16.45 14.62 13.37 12.40 10.56  8.88  8.60  6.98  5.90
18.04 17.93 17.59 17.41 17.30 17.27 17.32 17.59 17.80 17.59 17.25 17.30 17.70 18.29 18.57 20.36 20.77 20.63 20.47 20.58 20.57 20.47 20.50 21.16 21.59 21.28 21.18 20.13 18.47
traj-242:
36.94 35.05 33.58 32.06 30.46 30.04 28.65 27.18 26.59 26.29 26.19 25.61 25.73 26.08 26.49 26.72 26.90 26.75 25.43 24.02
17.56 17.15 17.24 17.37 18.13 18.46 19.49 20.69 22.48 24.44 24.96 26.82 27.67 29.28 31.16 32.30 33.45 34.31 35.56 35.98
traj-243:
37.98 36.55 34.69 33.82 32.10 30.15 28.70 27.73 26.76 26.01 26.15 26.24 26.37 26.45 26.33 26.31 25.81 25.56 25.22 23.66 22.33 20.38 18.70 17.54 16.96 15.91 14.30
18.85 19.24 19.66 19.81 19.84 19.86 19.86 19.65 18.94 18.28 16.62 14.90 13.22 12.10 10.51  9.93  8.19  6.31  5.52  5.20  5.12  5.28  5.79  7.38  8.71  8.92  9.06
traj-244:
35.34 33.95 32.20 30.29 28.84 28.65 26.91 25.14 23.53 22.21 20.83 19.77 18.38 16.46 14.70 13.00 11.32  9.99  8.42  7.04  5.37
18.07 18.73 19.56 19.83 19.94 20.17 20.68 21.19 20.89 20.69 20.47 20.34 20.20 20.39 21.15 21.28 20.50 20.24 19.96 19.68 19.02
traj-245:
35.64 33.78 31.87 30.54 28.85 27.87 26.46 26.13 26.04 25.18 25.17 25.31 25.40 26.50 26.89 27.94
17.07 17.15 17.25 18.21 19.12 19.73 20.99 22.72 24.08 25.72 27.20 28.87 30.36 31.95 32.39 33.37
traj-246:
37.15 38.76 37.21 35.76 34.50 33.07 31.57 30.22 29.34 27.72 27.16 27.12 27.15 27.24 27.32 27.40 27.35 27.33 27.15 26.43 25.06 23.23 22.24 20.58 18.60 17.10 16.72 15.25 14.86 13.33 12.23
19.54 19.20 18.23 18.41 18.43 18.47 18.48 18.36 17.60 16.66 15.51 14.93 13.25 12.36 10.87  9.14  7.66  7.06  5.30  4.34  5.03  5.05  5.06  5.16  5.28  6.40  6.71  7.64  8.07  9.33  9.81
traj-247:
38.33 36.61 34.67 33.24 31.60 30.34 28.84 27.41 26.90 26.36 24.47 23.68 21.83 20.37 18.82 17.00 15.10 13.40 11.91 11.70
18.92 19.25 19.53 19.62 19.73 19.83 19.92 20.69 20.99 21.16 20.65 20.25 20.44 20.70 20.58 20.63 20.54 20.41 20.42 19.98
traj-248:
34.81 33.11 31.44 29.96 28.77 27.39 27.28 26.93 26.62 26.18 26.42 26.85 27.20 27.74 27.93 28.42
19.56 19.75 19.87 19.93 19.94 21.39 21.98 23.90 25.56 27.46 28.21 29.53 30.66 32.47 33.29 34.92
traj-249:
38.69 37.28 36.17 34.30 32.55 31.41 30.54 29.36 27.86 27.56 26.82 26.75 26.70 26.61 26.46 26.41 26.27 25.56 24.56 22.79 21.69 19.76 18.79 17.34 16.23 14.30
18.69 19.06 19.34 19.78 19.92 19.92 19.88 19.83 19.67 17.87 16.36 15.19 13.53 12.12 10.37  9.78  8.35  6.80  5.48  4.99  4.97  4.56  4.68  4.67  4.66  4.70
traj-250:
39.06 37.39 35.66 34.49 32.85 31.37 29.91 29.02 27.29 25.82 24.12 22.20 20.28 18.51 17.33 15.80 14.15 12.32 10.53  8.84  7.05  5.53  4.45
19.37 19.82 19.88 19.84 19.86 19.87 19.95 19.95 20.94 21.99 21.28 21.03 21.11 21.27 21.13 20.94 20.98 21.28 21.83 22.00 22.07 21.71 21.10
traj-251:
36.21 35.08 33.41 31.95 30.18 28.57 27.62 27.64 27.74 27.79 27.86 27.96 27.99 28.77 30.01 30.23 30.54
19.33 19.47 19.75 19.85 19.96 19.94 21.00 22.94 24.37 25.83 27.32 29.10 29.40 31.08 32.29 33.34 34.70
traj-252:
33.87 33.07 31.09 29.34 27.56 26.82 26.94 26.74 26.84 26.98 26.99 26.57 26.46 25.84 24.68 23.45 21.85 19.97 19.15 17.90 16.63 15.06 13.26 12.12 10.51  8.67  7.22  5.86
18.99 19.03 19.12 19.41 19.59 17.99 16.71 14.94 13.56 11.83 11.25  9.37  8.79  7.45  5.90  4.88  5.04  5.29  5.60  6.35  6.97  8.11  7.30  7.21  6.92  6.18  5.26  4.57
traj-253:
35.08 33.63 32.53 31.13 29.63 27.91 27.66 25.80 25.08 23.42 22.14 20.22 18.28 16.97 15.62 13.78 11.89 10.27  8.66  7.67
19.63 19.82 19.85 19.87 19.92 19.92 20.09 19.85 19.97 20.54 20.75 21.18 20.98 20.93 20.86 20.59 20.32 19.56 19.02 18.71
traj-254:
36.36 34.48 33.07 31.09 29.96 28.81 27.81 27.82 27.66 27.61 27.57 27.52 27.32 26.96 26.37 25.93
18.69 18.93 19.29 19.54 19.72 19.98 21.55 23.27 25.25 26.40 27.56 28.68 29.84 31.22 32.66 33.73
traj-255:
36.00 35.17 33.34 32.20 30.21 28.73 27.31 26.90 25.68 25.89 26.09 26.27 26.15 26.06 25.99 25.74 25.45 25.18 24.23 23.27 21.37 19.48 19.30 17.44 16.44 15.16 13.49 11.79  9.85
19.02 19.29 19.86 19.85 19.88 19.96 20.73 21.15 20.08 18.12 16.75 15.35 13.41 12.16 11.07  9.34  7.98  6.69  5.18  4.99  5.00  5.54  5.68  5.93  6.53  6.47  5.77  5.72  5.75
traj-256:
36.65 35.41 33.93 32.09 30.55 29.82 28.11 28.10 26.60 25.60 24.72 23.42 21.86 20.99 19.26 17.82 16.63 15.46 13.98 12.62 11.38 10.54  8.70  8.15
17.14 17.33 17.41 17.72 17.56 17.40 17.14 17.32 17.35 19.03 20.12 21.08 21.73 21.83 21.87 21.77 21.70 21.64 21.62 21.78 21.90 22.16 21.63 21.54
traj-257:
34.52 33.97 32.43 31.32 30.77 29.14 27.87 26.80 26.44 26.15 25.67 25.82 25.73 25.53 25.32 23.67 23.37 21.50 19.72 19.16 17.29 15.37 13.48 11.64  9.73  9.20  8.46  7.53
17.97 18.11 18.59 18.66 18.63 18.51 18.51 19.61 21.51 22.61 24.34 25.83 27.56 28.89 30.45 31.07 31.04 31.35 31.61 31.41 31.27 31.28 31.23 31.26 31.55 32.56 33.55 34.88
traj-258:
33.96 32.17 30.73 29.90 28.65 27.29 26.96 26.81 26.49 26.16 26.46 26.26 25.76 23.98 22.22 20.96 19.36 18.83 17.63 17.37 15.88 14.44 12.51 11.07  9.35
17.19 17.19 17.17 17.15 17.10 16.14 14.19 13.33 11.43  9.65  8.14  6.53  5.42  5.00  4.58  4.20  5.22  5.47  6.72  7.44  8.71  8.66  8.63  7.34  6.49
traj-259:
37.48 35.85 34.32 32.57 30.82 29.62 28.72 26.98 25.59 23.81 22.71 20.72 19.95 18.50 16.94 15.23 13.49 12.23 10.27  8.76  7.04  6.52  4.56
19.16 19.47 19.74 19.83 19.89 19.93 19.96 19.68 20.05 20.56 20.72 20.83 20.97 21.02 20.55 20.62 21.17 21.56 21.64 21.64 21.69 21.71 21.71
traj-260:
36.84 35.65 33.79 32.75 30.84 28.89 27.94 26.83 26.14 25.43 25.35 25.30 25.28 25.46 25.46 25.17 24.34 22.58 22.28 20.42 20.05 19.81
18.87 18.85 18.56 18.54 18.38 18.54 18.24 19.49 21.04 22.66 23.75 24.72 25.83 27.70 28.00 29.95 31.71 31.78 31.73 32.38 33.88 34.66
traj-261:
34.50 32.78 31.94 30.25 28.80 27.66 27.16 25.93 25.92 25.88 26.11 26.41 26.55 26.77 26.70 26.34 26.16 25.13 24.54 22.71 21.28 19.55 17.82 17.23 16.04 15.13 13.32 12.82 11.02 10.72
19.74 19.82 19.87 19.90 19.98 20.66 21.97 20.51 19.12 17.95 16.29 14.84 13.63 12.03 10.20  8.71  7.60  6.15  5.49  4.90  5.04  5.44  6.39  6.90  8.22  8.08  8.08  8.01  7.88  7.82
traj-262:
36.85 35.71 33.87 31.96 30.49 29.60 27.64 26.18 25.61 23.69 23.39 21.40 20.60 19.13 18.08 16.76 15.21 13.64 12.45 11.74  9.99  8.45  7.93
19.52 19.29 18.98 19.03 19.12 19.13 19.19 19.69 19.90 20.35 20.31 20.30 20.34 20.47 20.45 20.46 20.49 20.69 20.30 19.89 19.29 18.69 18.46
traj-263:
36.62 34.76 33.79 32.21 31.09 29.37 29.08 28.88 27.42 27.14 26.33 26.64 26.81 26.96 26.95 26.22 25.31 24.20 22.48 20.89 19.54 17.91 15.95 15.65 13.77 13.19 11.51 10.31  9.35  7.79  6.41
17.48 17.68 17.77 17.53 17.39 17.67 17.72 17.95 19.08 19.88 21.62 23.26 25.16 26.70 27.30 29.13 30.14 31.35 31.55 31.61 31.49 31.51 31.38 31.36 31.67 31.64 31.87 32.43 32.83 33.35 34.27
traj-264:
34.39 33.00 32.16 33.60 32.73 30.98 29.23 28.39 26.85 26.35 26.11 25.92 25.54 25.36 25.13 25.00 24.70 23.46 21.79 20.65 19.22 17.87 16.89 15.00 14.04 12.33 10.63  9.54
19.14 19.26 19.38 18.00 17.98 18.13 18.11 17.86 17.01 15.67 13.79 11.90 10.08  8.15  6.70  6.12  5.60  5.13  5.17  5.38  5.64  6.54  8.07  7.82  7.52  6.82  6.32  5.62
traj-265:
39.07 37.91 36.22 34.51 33.06 31.62 30.42 28.71 27.21 27.09 25.78 25.23 24.01 22.15 20.95 19.12 18.53 16.75 15.66 14.40 12.47 10.63 10.17
19.32 19.47 19.75 19.94 19.95 19.96 19.94 19.86 20.87 21.15 22.46 22.73 21.17 20.89 20.86 20.87 20.85 20.88 20.83 20.87 20.72 21.16 21.52
traj-266:
37.89 36.74 34.75 33.86 32.13 31.83 30.07 28.89 27.37 26.73 25.59 25.17 25.22 25.21 25.58 26.65 27.80 28.75
19.65 19.75 19.87 19.90 19.90 19.91 19.95 19.96 20.81 21.39 22.99 23.38 24.45 26.26 28.11 29.58 31.09 32.39
traj-267:
38.51 36.89 35.06 33.44 32.09 31.43 30.06 29.24 27.64 26.64 25.79 25.65 25.57 25.65 26.00 26.39 26.19 25.09 24.75 23.33 22.05 20.07 18.93 16.99 15.76 15.13 13.31 11.35  9.46  8.62  6.96
18.84 18.89 18.86 18.78 18.76 18.65 18.79 18.98 18.27 17.01 15.50 14.07 12.54 11.46  9.78  9.02  7.23  6.11  5.72  5.20  4.96  5.04  5.39  5.82  6.42  6.73  7.36  7.40  7.01  6.88  5.86
traj-268:
35.94 34.30 33.15 31.87 30.32 28.65 27.22 26.27 24.78 23.10 21.36 20.26 18.56 16.86 15.18 13.46 12.94 11.52 11.01 10.19
17.48 17.24 17.51 17.55 18.17 18.66 19.86 20.45 21.59 21.84 21.85 21.82 21.78 21.74 21.73 21.78 21.90 20.95 20.05 19.16
traj-269:
38.54 37.33 35.54 34.22 33.12 31.45 29.98 29.09 27.16 26.22 26.42 26.36 26.20 26.04 25.89 25.74 25.41 24.17 23.39 22.21 21.04 19.21 18.57 17.18 15.49
18.57 18.67 18.85 19.12 19.55 19.84 19.95 19.92 19.64 21.39 22.06 24.00 25.20 26.33 27.81 29.47 30.15 31.52 32.53 32.95 33.27 33.62 33.76 34.02 34.33
traj-270:
38.14 37.56 35.67 34.63 33.47 32.09 30.48 28.92 27.52 26.49 26.60 26.32 25.86 25.57 25.23 24.84 22.88 22.58 20.63 18.93 17.73 17.04 16.40 15.09 13.56 11.70 10.88
18.02 17.94 17.70 17.67 17.61 17.46 17.30 17.39 16.23 14.68 12.96 11.02  9.46  8.00  6.32  5.54  5.15  5.17  5.21  5.28  5.73  6.56  7.25  8.11  8.16  8.03  7.82
traj-271:
38.20 36.36 34.54 32.81 31.27 30.04 28.08 26.37 25.19 24.12 22.22 20.92 18.96 17.91 15.93 15.35 13.64 11.90 10.50  9.02  7.76  6.72
19.11 18.74 18.49 18.68 18.41 18.12 18.16 18.35 19.20 20.08 20.37 20.54 20.70 20.83 21.00 20.93 20.80 20.77 20.87 20.99 20.85 21.16
traj-272:
35.94 34.03 32.37 31.00 29.39 28.50 27.01 26.36 26.26 26.07 26.09 26.19 26.24 26.27 26.49 26.69 26.91 25.56 24.36 22.61 20.86 18.96 17.79 15.96 14.08 12.21 10.43
18.83 18.71 18.67 18.60 18.45 18.38 18.36 18.67 20.46 20.69 21.29 23.05 24.42 26.40 27.36 28.99 30.00 31.30 31.51 31.55 31.56 31.61 31.68 32.36 32.81 33.39 33.81
traj-273:
39.01 37.58 35.60 34.47 32.71 30.92 29.15 28.85 27.94 26.01 26.27 26.54 26.73 26.87 27.13 27.28 27.18 27.08 26.65 24.69 24.52 23.16 21.25 19.82 18.98 17.51 17.37 15.97 15.03 13.54 11.91 10.84  9.33  8.10
19.79 19.86 19.84 19.88 19.93 19.98 19.87 19.82 20.38 19.97 18.10 16.18 14.38 13.27 11.60 10.14  8.95  7.76  5.81  5.98  5.74  5.16  5.41  5.71  5.89  6.92  7.79  8.97  8.71  8.31  7.85  7.50  7.32  7.32
traj-274:
38.83 37.46 36.70 35.17 33.18 31.74 30.57 29.38 27.71 26.24 25.56 23.79 22.89 21.59 19.86 19.03 17.35 15.79 14.30 12.50 10.68  9.61
18.17 18.36 18.48 18.66 18.63 18.55 18.50 18.44 18.63 19.30 19.79 20.53 20.75 21.03 20.94 20.89 20.88 20.97 21.03 21.37 21.62 21.80
traj-275:
37.35 35.89 34.75 33.86 32.41 30.67 29.48 28.12 26.99 26.71 26.48 25.70 25.57 25.65 25.75 24.16 23.03 21.34 21.24
19.13 19.28 19.46 19.58 19.75 19.99 19.99 19.98 21.56 23.25 24.30 25.96 27.91 29.08 29.95 31.14 32.50 33.50 34.90
traj-276:
37.55 36.46 34.79 34.17 32.25 30.60 28.64 27.34 27.11 25.68 25.47 25.15 25.15 25.13 25.14 25.03 23.42 22.58 20.68 18.98 17.34 16.34 15.25 13.56 12.14 10.53  8.68
17.93 17.69 17.41 17.31 17.25 17.31 17.43 16.31 16.12 14.84 14.37 12.56 11.38  9.52  7.97  6.09  4.99  5.07  5.47  5.82  6.89  7.79  8.48  9.09  8.93  8.93  8.99
traj-277:
36.27 34.53 33.53 31.93 30.04 28.37 27.40 26.40 25.54 23.99 22.92 21.10 19.45 18.86 17.08 15.34 13.56 11.85 11.55  9.70  7.98  6.89
18.10 17.93 17.80 17.71 17.91 18.24 18.58 19.56 20.30 20.58 20.46 21.13 21.06 21.05 21.06 21.26 21.48 21.72 21.75 21.97 21.70 21.56
traj-278:
37.87 37.10 35.61 33.71 31.79 31.28 29.63 27.88 27.50 26.77 26.17 25.79 26.17 26.19 26.21 25.57 24.35 23.73 21.94 21.38 19.79 18.33
18.28 18.16 17.91 17.82 17.68 17.64 17.28 18.15 19.56 21.17 22.10 23.42 25.34 27.19 28.36 30.22 31.64 32.52 33.33 33.58 34.36 35.35
traj-279:
33.83 32.46 30.49 29.08 27.49 26.13 26.14 25.49 25.25 25.54 26.21 26.38 25.90 25.73 25.36 24.13 23.33 21.94 20.30 18.44 16.73 15.05 13.60 12.30 11.04
19.34 19.64 19.73 19.69 18.91 17.59 17.13 15.29 14.18 12.27 11.37 10.85  9.08  8.05  6.48  5.09  5.10  5.13  5.24  5.87  6.67  7.39  7.81  6.64  5.32
traj-280:
37.12 35.72 34.12 33.52 31.57 30.45 28.98 27.49 26.69 25.05 23.16 21.35 19.61 18.55 16.83 15.89 13.93 13.42 11.69 10.08  9.12  7.67
19.07 19.45 19.79 19.84 19.83 19.85 19.97 20.87 22.04 21.53 21.37 21.18 20.87 20.80 20.70 20.63 20.36 20.34 20.23 19.76 19.55 19.31
traj-281:
35.04 34.27 32.43 31.41 29.54 28.27 28.27 27.79 27.55 27.23 26.34 26.11 25.48 25.89 26.31 24.50 23.40 21.67 21.07 19.50 17.76 15.92 15.16 13.41
18.22 18.09 17.82 17.63 17.27 18.66 18.96 20.82 21.98 23.60 25.25 25.66 27.53 28.87 30.36 31.14 32.34 32.29 32.20 32.30 32.40 32.72 32.80 33.11
traj-282:
34.06 32.70 31.00 29.85 27.98 27.70 26.95 25.89 25.08 25.21 25.25 25.25 25.32 25.48 25.38 25.18 24.24 22.75 21.51 20.19 18.51 17.63 15.93 15.45 13.75 12.59
18.67 19.60 19.86 19.98 19.69 19.57 18.33 16.65 15.05 13.28 12.98 11.15  9.94  8.87  7.39  6.58  5.36  4.96  5.12  5.34  5.70  5.83  6.23  6.09  5.18  4.31
traj-283:
34.71 32.85 30.95 29.49 27.72 26.44 25.88 24.28 22.45 20.62 19.12 17.70 16.51 14.60 12.66 11.26  9.40  9.10  7.40  5.79
17.68 18.40 18.42 18.84 19.40 20.68 21.08 20.93 20.14 20.43 21.02 21.09 21.17 21.12 21.57 21.82 22.39 22.41 22.13 20.96
traj-284:
33.69 33.10 31.32 29.36 27.98 26.82 26.44 26.12 25.44 25.31 25.45 25.62 25.49 25.35 24.48 22.86 21.24 19.55 18.01 16.44
17.35 17.62 17.86 18.27 18.58 19.27 20.94 22.11 23.45 25.43 26.57 28.32 29.80 30.46 31.23 31.39 31.49 31.58 31.67 31.90
traj-285:
37.80 35.86 35.01 33.11 31.17 29.84 28.21 27.14 25.37 25.71 25.44 25.39 25.34 25.24 25.32 25.38 25.48 24.93 23.37 21.59 21.16 19.35 18.34 16.74 15.31 13.53 11.56 11.06  9.13  7.47  6.88  5.17
19.19 19.09 19.25 19.72 19.85 19.87 19.87 19.74 19.46 18.52 17.11 15.64 13.77 12.12 10.36  8.51  6.65  5.90  5.20  4.93  4.86  4.62  4.66  4.65  4.70  4.62  4.74  4.78  4.85  4.94  4.99  5.09
traj-286:
37.95 36.15 34.16 33.01 32.17 31.91 30.13 29.22 27.71 25.84 24.52 23.00 21.07 19.35 17.39 15.52 14.00 12.38 10.50  9.63  7.90  6.69
17.35 17.57 17.72 17.96 18.08 18.23 18.44 18.53 18.79 19.22 20.52 21.09 20.88 20.75 20.67 20.72 20.91 20.90 20.45 20.10 19.41 18.92
traj-287:
33.98 33.16 31.42 30.88 29.11 27.21 26.90 27.91 27.88 27.84 27.73 27.74 27.75 27.80 27.82 27.86 28.54 28.97 30.68 31.26
18.85 18.78 17.88 17.67 17.50 17.32 18.02 19.62 20.51 21.66 23.40 24.88 25.74 26.92 27.78 29.25 31.01 31.27 31.59 31.81
traj-288:
37.93 36.57 35.29 34.57 32.97 31.13 30.57 29.13 27.85 26.96 26.39 25.85 25.29 25.56 26.13 25.97 25.49 25.06 24.10 22.45 20.77 19.42 17.97 16.21 14.99 13.12 11.32
17.70 18.65 18.80 18.75 19.13 19.58 19.77 19.84 19.70 18.21 16.75 15.44 13.57 12.16 11.03  9.15  7.24  6.30  5.12  5.04  5.17  5.35  5.55  5.66  5.84  6.22  6.75
traj-289:
35.39 34.07 33.35 31.68 30.08 28.53 26.98 25.62 25.13 23.36 23.07 21.37 21.18 19.97 18.01 16.28 14.92 13.27 11.79 11.02  9.68  7.78  6.21
17.55 18.06 18.32 18.77 18.64 18.52 18.51 19.04 19.32 20.13 20.18 20.38 20.61 21.11 20.90 20.73 20.47 20.21 20.17 19.73 18.99 18.47 19.43
traj-290:
35.31 35.03 33.14 32.10 30.36 28.84 28.20 26.49 25.14 25.71 26.32 26.71 27.39 27.55 27.71 27.89 28.80 30.07
17.85 17.75 17.12 17.35 18.11 18.32 18.66 19.40 20.84 22.62 24.36 24.99 26.85 28.03 29.18 30.61 32.06 33.24
traj-291:
35.71 34.00 33.47 31.71 31.11 29.62 27.80 27.63 27.19 26.69 26.32 26.41 26.40 26.32 25.98 25.95 25.68 24.80 23.37 21.90 20.08 19.23 17.50 16.11 14.91
19.72 19.81 19.83 19.91 19.91 19.91 19.63 18.75 17.41 15.91 14.56 13.70 11.85 10.97  9.06  8.76  6.78  5.26  5.04  4.88  4.65  4.53  4.27  4.26  4.28
traj-292:
36.09 34.50 32.76 30.92 29.23 27.49 26.95 25.43 24.50 23.29 21.66 19.73 17.84 17.00 15.71 13.90 13.28 11.88 11.11 10.09
18.48 18.38 18.79 19.38 19.87 20.80 21.48 21.50 20.85 20.10 20.26 20.24 20.44 20.58 20.60 20.55 20.43 20.16 19.67 19.27
traj-293:
37.17 36.33 34.66 32.70 31.26 30.39 28.73 27.23 26.56 26.30 26.34 26.60 26.87 26.50 25.53 24.18 23.06 21.75 19.95 18.29 16.41 14.70 13.97 12.13 11.25  9.54  8.10
19.62 19.68 19.78 19.80 19.89 19.85 19.83 20.82 21.40 23.37 23.67 25.63 26.72 28.54 30.15 31.34 31.73 32.37 32.90 32.52 31.94 31.60 31.71 31.78 31.70 31.44 32.25
traj-294:
38.84 37.63 35.91 34.58 32.88 31.07 29.24 28.68 27.32 26.24 26.43 26.56 26.64 26.41 25.89 25.53 24.58 24.17 22.24 21.68 19.82 17.86 16.62 14.79 13.42 11.88 10.97  9.17  8.88  7.13  6.93
18.08 18.12 18.23 18.45 18.32 18.14 17.75 17.55 17.17 15.55 14.40 13.52 11.59 10.29  8.43  7.30  5.63  5.56  5.10  5.01  4.70  4.67  4.61  4.66  4.82  4.96  5.05  5.20  5.26  4.64  4.41
traj-295:
36.68 35.13 34.34 32.74 31.52 29.98 28.25 27.95 25.98 24.29 23.25 21.44 19.66 17.77 17.06 15.35 13.58 11.73  9.92  8.85
17.55 17.28 17.47 18.09 18.87 19.67 19.89 19.89 19.72 20.35 20.54 21.01 20.72 20.52 20.61 21.06 21.36 21.99 22.55 22.60
traj-296:
34.23 32.44 31.04 29.23 27.78 26.07 25.63 25.42 25.93 26.39 27.18 27.48 27.58 28.43 29.69
18.03 18.25 18.37 18.68 19.83 20.79 21.81 23.38 25.30 25.89 27.48 28.94 29.53 31.24 32.49
traj-297:
35.98 35.70 34.02 32.57 30.84 29.95 28.77 27.16 26.18 25.32 25.33 25.27 25.45 25.43 25.39 25.54 25.30 23.53 21.71 19.84 19.02 17.46 16.92 15.67 14.09 12.20 10.72 10.35
19.42 19.54 19.86 19.92 19.93 19.95 19.97 18.80 17.93 16.14 15.85 13.91 12.04 10.30  9.55  7.61  6.14  5.29  4.74  4.84  5.12  6.21  7.74  8.36  8.67  9.23  8.63  8.15
traj-298:
33.63 31.90 31.16 29.39 28.54 27.01 25.82 24.34 22.60 21.00 19.24 18.06 16.94 15.08 13.79 12.74 10.96  9.87  9.86
18.59 18.01 17.71 17.22 17.16 18.29 19.10 20.26 20.34 20.53 20.47 20.47 20.48 20.60 20.65 21.26 21.93 20.36 19.01
traj-299:
36.78 35.94 34.23 32.53 31.68 29.96 29.66 27.99 27.48 26.99 26.59 26.16 25.99 25.75 25.67 25.10 24.86 25.40 26.77 28.25
19.51 19.60 19.66 19.77 19.79 19.86 19.88 20.87 22.18 23.55 25.16 26.99 27.98 29.65 29.88 31.62 32.88 34.46 35.29 35.47
