traj-0:
38.65 38.48 36.64 34.90 33.12 32.25 30.54 29.67 28.07 26.17 24.73 23.28 21.55 21.27 19.55 19.41 19.50 19.31 19.43 19.06 19.11 18.92 18.65 18.43 18.49 18.36 18.23 17.13 16.37 14.79 12.87 12.64 10.74  9.73  8.48  7.06  6.21
24.62 24.64 24.93 24.90 24.92 24.91 24.87 24.88 24.90 24.90 24.88 24.85 24.75 24.65 24.53 22.64 20.87 19.35 18.55 16.86 15.67 14.12 12.25 10.57  9.42  7.55  6.31  5.50  5.19  5.08  5.14  5.15  5.67  5.93  6.28  6.66  6.94
traj-1:
34.45 34.17 32.37 31.85 29.98 28.26 27.69 26.01 24.58 22.94 20.95 19.01 17.71 15.97 15.39 13.66 12.81 10.85  9.43  7.78
23.15 23.27 24.05 24.35 24.77 24.93 24.90 24.84 24.79 24.72 24.77 24.43 22.99 22.66 22.48 22.27 22.21 21.98 21.93 20.89
traj-2:
37.25 36.17 34.31 32.46 30.75 30.18 28.72 26.74 25.28 23.56 21.81 20.42 19.54 19.14 18.09 17.04 16.02 15.43 14.21 13.21 12.57 11.56
24.18 24.58 24.82 24.88 24.90 24.89 24.88 24.90 24.91 24.95 24.96 25.80 27.20 27.56 29.05 30.25 31.21 31.88 33.15 34.00 34.52 35.30
traj-3:
34.09 33.82 32.12 30.92 29.22 27.23 26.35 24.93 22.94 21.80 20.32 19.76 19.57 19.91 19.87 19.58 19.86 20.06 20.18 20.13 20.07 19.80 19.63 18.14 17.69 15.76 13.92 11.95 10.42  8.87  6.96  5.24
24.53 24.66 24.90 24.88 24.85 24.86 24.84 24.84 24.78 24.64 23.74 22.12 21.29 19.64 17.65 16.89 14.99 13.59 12.13 10.99  9.52  8.10  6.32  5.46  5.47  5.14  5.12  5.38  5.31  5.50  5.66  5.45
traj-4:
36.79 35.67 33.93 32.77 30.79 29.08 27.70 26.28 25.46 23.78 22.63 21.56 20.20 19.66 18.91 18.17 16.65 16.05 14.34 12.41 10.42  9.00  7.63  7.11  6.25  5.81
24.26 24.38 24.60 24.56 24.64 24.66 24.69 24.72 24.77 24.81 24.83 24.87 23.88 23.28 22.16 21.41 22.28 22.25 22.19 22.29 22.15 22.05 20.99 20.06 18.43 17.37
traj-5:
35.13 34.50 32.70 31.17 29.47 27.65 26.91 25.23 23.78 21.81 20.00 19.73 19.21 18.62 18.59 18.42 17.75 16.90 15.02 13.31 12.76 11.14  9.64  8.48  6.74
23.54 23.55 23.47 23.45 23.70 23.99 24.49 24.92 24.89 24.94 25.73 25.87 26.71 28.52 28.78 29.67 31.44 31.74 31.78 32.22 32.33 32.72 32.85 32.86 32.81
traj-6:
35.76 35.18 33.41 32.29 31.20 29.44 28.55 27.06 25.26 23.49 22.04 20.52 19.83 19.83 19.70 19.56 19.31 19.06 18.78 18.61 18.60 18.17 17.35 15.75 14.95 13.50 12.58 11.32  9.60  7.86  6.02
24.84 24.83 24.87 24.67 23.92 24.03 24.08 24.08 24.06 24.05 23.43 22.20 20.55 19.87 18.06 16.25 14.43 12.53 11.03  9.39  8.66  6.92  5.50  5.35  5.28  5.14  5.17  5.29  5.83  6.36  6.93
traj-7:
38.87 37.16 35.41 34.57 33.15 32.16 31.12 29.68 28.81 27.35 25.95 24.19 22.46 21.36 20.00 19.81 18.68 16.94 15.00 14.10 12.12 10.71  9.03  7.37  5.77  5.21
24.12 24.10 24.18 24.24 24.46 24.61 24.77 24.86 24.88 24.89 24.86 24.80 24.77 24.65 24.52 24.29 23.02 22.24 22.19 22.12 22.12 22.19 22.11 21.40 20.81 20.62
traj-8:
34.75 33.30 31.91 30.46 29.88 28.43 26.73 24.77 23.05 21.61 20.43 20.39 20.37 19.31 18.51 17.35 15.64 13.92 12.70 11.92 10.67  9.80
24.50 24.61 24.72 24.79 24.84 24.82 24.77 24.83 24.83 24.79 26.31 27.43 28.59 30.07 30.87 31.09 31.31 31.52 31.68 31.77 31.94 32.05
traj-9:
36.32 34.59 33.10 31.78 29.82 28.90 27.20 26.45 24.82 23.10 21.20 20.70 18.70 18.44 18.60 19.04 19.85 19.72 19.75 19.64 19.55 19.46 19.45 19.13 18.73 18.55 17.61 16.07 14.39 13.50 11.79 10.33
23.04 23.14 23.18 23.19 23.36 23.31 23.39 23.51 23.73 24.21 24.76 25.06 24.99 23.31 22.50 21.01 19.23 18.66 16.84 15.82 14.25 12.98 11.08  9.11  7.43  6.86  5.36  5.11  5.14  5.09  5.37  6.51
traj-10:
37.74 36.89 35.23 34.05 32.91 31.12 30.25 28.78 27.61 25.91 23.95 22.52 20.80 20.70 19.22 17.93 16.08 14.63 12.65 11.08  9.16  8.56  6.88
24.47 24.57 24.86 24.90 24.90 24.88 24.88 24.90 24.91 24.88 24.87 24.88 24.86 24.57 24.30 22.88 22.36 22.31 22.28 22.26 22.30 22.27 22.58
traj-11:
38.19 36.68 35.06 33.48 31.55 29.91 29.46 29.06 27.35 25.39 24.02 22.60 21.76 20.47 19.87 19.87 20.84 22.38 24.38 25.56 26.70 27.58 29.46 31.18
23.77 23.81 23.86 23.95 24.11 24.43 24.53 24.52 24.75 24.79 24.87 24.93 24.95 24.99 26.35 27.51 29.19 30.15 30.08 30.13 30.10 30.10 30.13 30.12
traj-12:
33.80 31.92 29.94 28.15 27.32 26.12 24.64 22.85 21.08 20.07 19.60 19.58 19.74 19.89 20.08 19.81 19.64 19.12 18.78 18.20 16.44 15.65 13.95 13.37 11.79 10.61  8.70  7.64
23.42 23.50 23.58 23.94 24.07 24.21 24.17 24.13 23.57 22.03 20.10 18.82 17.13 15.27 13.56 12.03 11.12  9.22  7.50  5.87  5.17  5.14  5.11  5.18  5.46  5.68  5.49  4.27
traj-13:
37.05 35.16 34.06 32.41 30.64 29.44 27.96 26.36 24.39 22.83 21.57 19.98 19.48 17.65 16.04 14.31 13.26 12.09 10.12  8.96  7.30  6.76  6.43  6.76
23.90 23.71 23.52 23.38 23.39 23.41 23.41 23.47 23.46 23.53 23.53 22.58 22.28 22.83 22.28 22.21 22.16 22.17 22.15 22.16 21.29 20.43 18.94 17.09
traj-14:
38.91 38.05 36.28 35.41 33.44 32.57 31.14 29.68 27.70 26.25 24.54 23.41 22.30 20.73 20.14 20.02 21.60 23.37 25.05 26.27 27.60 28.71 29.75
24.86 24.86 24.88 24.84 24.86 24.87 24.84 24.84 24.88 24.85 24.82 24.76 24.68 25.80 27.58 29.39 30.36 30.67 31.69 33.23 34.29 35.04 35.28
traj-15:
35.95 34.78 33.06 31.88 30.71 29.02 28.14 26.96 25.84 24.69 22.95 22.37 20.63 20.21 19.76 19.54 19.55 19.58 19.51 19.45 19.28 19.17 18.88 18.61 18.26 17.04 15.27 13.71 12.25 10.82  9.53  7.54  6.52
24.35 24.51 24.73 24.87 24.86 24.88 24.90 24.91 24.88 24.85 24.88 24.82 23.98 22.29 20.66 19.59 17.83 16.37 14.98 13.88 11.98 10.27  8.84  7.70  6.56  5.08  4.61  4.71  5.02  6.13  6.93  7.16  6.16
traj-16:
36.94 35.15 33.99 32.24 31.37 29.93 28.18 27.30 25.57 24.98 23.21 22.14 20.42 19.02 17.56 15.80 14.12 12.19 11.59 10.18  8.79  7.77  7.25
24.89 24.91 24.88 24.90 24.90 24.89 24.89 24.90 24.89 24.89 24.78 24.68 23.95 22.69 21.62 22.21 22.15 22.10 22.08 22.06 20.93 19.25 17.93
traj-17:
34.29 33.14 31.20 30.04 29.11 27.65 26.69 24.97 23.70 22.15 21.10 21.04 20.25 20.24 20.40 22.15 23.02 24.72 26.55 26.66 27.66 29.03 29.85 31.47 33.27
23.41 23.57 23.43 23.31 23.22 23.30 23.36 23.33 23.39 23.37 23.49 23.78 25.53 27.36 29.12 30.07 30.13 30.80 30.58 30.31 30.29 30.12 30.20 30.36 31.17
traj-18:
36.00 34.19 32.38 31.22 30.96 29.02 27.28 26.13 24.38 22.42 20.69 19.92 19.13 19.30 19.41 19.47 19.36 19.26 19.30 19.29 19.31 19.23 18.91 18.70 18.29 17.07 15.70 14.34 13.19 12.30 10.56 10.31  8.94  8.27  6.61  5.95  4.56
23.13 23.18 23.42 24.29 24.43 24.73 24.83 24.89 24.91 24.85 25.78 26.94 25.39 23.61 21.83 20.51 18.56 16.93 15.48 14.22 12.74 11.09  9.42  7.95  6.53  5.09  5.11  5.25  5.40  5.53  6.45  6.62  7.69  6.42  5.53  5.64  5.88
traj-19:
38.52 37.65 35.82 34.67 33.26 31.76 29.91 29.13 27.37 25.43 24.53 22.67 21.70 20.37 19.50 18.24 17.26 16.39 14.41 12.94 10.99  9.27  8.57  7.09  6.09  5.14
23.10 23.28 23.55 23.73 23.73 23.85 23.73 23.70 23.74 23.58 23.56 23.86 24.13 24.49 24.76 23.66 22.77 22.58 22.43 22.24 22.10 21.68 21.57 20.41 19.94 19.61
traj-20:
35.43 33.72 31.75 30.03 28.33 27.75 26.01 25.15 23.41 22.56 20.83 20.71 20.65 20.64 19.67 17.84 16.03
24.10 24.35 24.62 24.62 24.84 24.82 24.87 24.87 24.87 24.91 25.82 27.57 28.44 29.59 31.25 31.03 30.86
traj-21:
33.80 33.22 31.57 29.62 28.75 27.00 25.55 24.41 22.41 21.00 20.82 20.05 19.83 19.82 19.83 19.87 19.90 19.83 19.64 19.56 19.12 18.59 18.33 17.63 15.65 13.67 12.49 11.31  9.93  8.07  6.13  5.41
24.23 24.32 24.57 24.84 24.87 24.91 24.90 24.90 24.89 24.71 23.57 22.05 20.42 19.66 17.80 16.48 14.63 12.94 11.30 10.74  9.17  7.51  6.66  5.32  5.00  4.84  4.92  5.19  5.88  5.93  6.19  5.52
traj-22:
37.81 36.96 35.79 34.63 32.68 31.23 30.34 28.63 28.05 26.06 24.64 23.47 22.02 20.88 19.29 19.22 18.94 17.83 16.26 15.67 13.78 12.42 10.69  9.24  8.12  7.45  5.91
24.41 24.44 24.55 24.66 24.80 24.88 24.92 24.90 24.91 24.92 24.95 24.96 24.95 25.65 26.86 26.27 24.41 22.77 22.25 22.18 22.40 22.61 22.48 22.17 21.49 20.75 19.69
traj-23:
35.37 33.81 32.66 31.59 30.29 28.46 26.55 25.98 24.04 22.33 20.97 19.54 18.62 18.94 20.36 21.53 22.79 23.99 25.01 26.74 28.52 28.82 30.59
23.39 23.30 23.25 23.42 23.48 24.05 24.49 24.58 24.77 24.81 24.89 26.04 27.58 29.29 30.37 31.39 32.44 33.20 34.26 35.20 35.45 35.49 35.73
traj-24:
36.13 34.39 34.09 32.14 31.17 29.73 28.16 27.17 25.93 24.50 23.13 21.15 20.26 18.50 18.53 19.06 19.38 19.63 19.98 19.94 20.04 20.03 19.88 19.62 19.34 17.83 16.55 15.46 14.47 12.63 10.92  9.30
24.01 24.02 24.02 23.93 23.81 23.75 24.14 24.44 24.65 24.75 24.86 24.79 24.83 23.95 22.42 20.52 18.58 16.79 14.89 13.29 11.35  9.59  8.82  7.58  6.78  5.76  5.20  4.96  4.93  4.66  4.36  4.01
traj-25:
37.60 37.19 35.36 33.37 32.22 30.76 29.60 28.20 26.78 25.62 24.75 23.05 22.48 20.80 20.28 19.65 18.15 17.27 15.31 13.97 12.56 10.56  9.75  8.18  7.06
23.99 24.15 24.63 24.71 24.77 24.84 24.87 24.88 24.87 24.86 24.88 24.90 24.90 24.97 25.27 24.27 23.13 22.46 22.08 22.04 22.07 22.15 22.23 22.24 22.31
traj-26:
38.82 37.67 36.49 34.51 33.09 31.36 29.90 28.16 26.52 24.54 22.82 22.52 20.83 20.21 19.07 17.50 16.35 16.38 16.28 15.08 14.54
24.87 24.86 24.82 24.75 24.72 24.71 24.74 24.75 24.79 24.90 24.98 24.99 25.95 27.56 28.87 30.10 31.64 33.01 34.63 35.44 35.65
traj-27:
35.26 35.01 33.07 31.91 30.45 29.04 27.93 26.47 25.92 23.96 22.83 21.54 19.77 19.49 18.57 19.54 19.71 19.87 20.12 20.21 20.18 19.99 19.90 19.66 19.09 18.58 17.32 15.39 13.80 12.70 11.22  9.23  8.11  8.16  8.68
24.35 24.51 24.77 24.80 24.88 24.86 24.86 24.84 24.86 24.80 24.91 23.97 23.75 23.55 21.84 20.17 18.52 16.72 15.44 13.70 13.41 11.49 10.67  8.99  7.45  6.01  4.87  4.67  4.48  4.36  4.64  4.78  6.20  6.55  8.45
traj-28:
35.12 34.63 32.92 32.06 30.39 28.65 27.21 26.63 24.65 23.50 21.78 20.64 19.63 19.00 18.33 16.62 15.73 13.99 12.12 10.17  8.83  7.12  6.62
23.86 23.94 24.25 24.37 24.69 24.80 24.86 24.86 24.82 24.84 24.87 25.53 26.46 24.69 23.15 22.31 22.20 22.16 22.04 21.94 21.59 20.61 20.31
traj-29:
36.46 34.62 32.97 31.52 30.42 28.48 27.06 25.18 23.72 22.83 21.52 20.22 20.23 20.24 20.14 19.81 18.74 17.15 15.33 13.70 12.78 11.79
23.50 23.62 23.64 23.64 23.90 24.02 23.89 23.86 23.81 23.78 23.81 25.25 26.36 28.17 30.16 31.06 31.97 32.75 33.54 33.98 34.29 34.64
traj-30:
36.67 35.10 34.51 32.64 31.03 29.26 27.51 25.64 23.81 22.52 21.63 19.79 19.43 18.76 18.79 18.78 18.88 19.47 19.74 19.76 19.97 20.02 19.82 19.57 19.30 18.68 17.76 16.42 14.61 12.79 11.73 10.57  9.36
23.03 23.06 23.08 23.12 23.44 23.64 23.27 23.17 23.36 23.45 24.00 23.80 23.32 21.44 20.86 19.40 18.49 16.78 15.10 14.80 12.87 12.32 10.42  9.26  7.84  6.21  5.54  5.13  5.17  5.31  5.34  5.63  5.96
traj-31:
34.76 33.19 31.78 30.06 28.64 26.92 25.77 24.58 23.72 21.73 20.52 18.67 17.63 15.67 14.54 12.61 10.92  9.46  7.96  7.46
23.85 24.10 24.31 24.51 24.65 24.80 24.84 24.84 24.83 24.73 23.94 23.25 22.27 22.15 21.93 22.05 22.13 22.04 20.99 19.21
traj-32:
35.70 35.15 33.42 32.83 30.90 28.98 27.11 26.81 25.06 23.14 21.18 20.21 18.67 18.46 18.08 17.42 15.93 14.69 12.80 12.21
23.75 23.65 23.35 23.28 23.17 23.30 23.64 23.66 24.11 24.62 24.79 25.31 26.08 27.94 29.67 31.02 31.21 30.84 30.36 30.31
traj-33:
36.46 35.33 33.90 32.78 30.85 30.26 28.29 27.99 26.22 24.35 22.82 22.28 20.33 18.64 18.93 19.19 19.52 19.75 19.86 19.88 19.76 19.55 19.38 18.97 18.81 18.37 18.18 17.16 16.28 14.36 12.45 10.57  8.89  7.23  6.19
23.14 23.19 23.16 23.13 23.09 23.17 23.24 23.23 23.40 23.66 24.33 24.43 24.64 23.85 22.27 20.77 19.21 17.81 15.91 15.14 13.45 12.42 11.11  9.17  8.62  7.24  6.70  5.44  5.17  5.05  4.71  4.57  5.25  5.75  5.97
traj-34:
35.72 34.42 32.98 31.61 29.76 29.46 27.59 26.41 24.51 22.64 20.68 18.86 17.94 16.67 14.68 14.09 12.41 10.75  9.77  8.10  6.70  5.86
23.95 23.78 23.60 23.35 23.30 23.29 23.41 23.67 23.90 24.11 24.24 23.63 22.98 22.42 22.20 22.11 21.91 21.73 21.25 20.22 18.92 17.85
traj-35:
37.00 36.70 34.74 33.28 31.39 30.83 29.29 27.57 25.88 24.17 22.58 21.30 20.70 20.05 19.65 19.07 18.50 17.42 16.85 15.87 16.75 17.37 18.83 19.43 21.20 22.97
23.96 23.93 23.63 23.53 23.38 23.34 23.24 23.09 23.37 23.45 23.52 24.44 25.04 26.35 27.22 28.86 29.34 30.25 30.91 32.06 33.74 34.27 35.25 35.24 35.39 35.62
traj-36:
34.13 33.38 31.77 30.22 28.50 27.68 26.22 25.05 23.27 22.09 20.54 20.12 19.16 19.44 19.68 19.67 19.68 19.75 19.74 19.77 19.93 20.01 20.03 20.07 20.07 20.04 19.37 17.60 16.57 14.70 13.74 11.84 10.25  9.69  7.95
23.83 23.94 24.03 24.61 24.88 24.89 24.86 24.88 24.87 24.85 25.82 26.53 25.10 23.25 22.73 21.16 20.33 18.55 17.77 15.88 14.17 12.99 11.01  9.52  8.47  7.28  5.62  5.21  5.17  5.29  5.39  5.61  6.62  6.98  7.81
traj-37:
37.03 36.43 34.66 33.78 32.47 30.64 29.16 27.42 25.96 24.57 23.11 21.65 20.31 18.96 17.31 17.02 15.28 13.56 12.19 10.35  8.97  8.56  7.91  6.42
24.82 24.83 24.88 24.89 24.91 24.95 24.95 24.90 24.88 24.89 24.93 24.84 23.96 23.37 22.79 22.74 22.45 22.00 21.52 21.17 21.02 20.72 21.62 22.40
traj-38:
37.22 35.50 33.76 32.34 30.36 29.23 28.06 26.89 24.91 24.04 22.10 20.46 19.54 18.90 18.43 17.52 16.78 14.95 13.32 12.06
24.10 24.42 24.71 24.77 24.83 24.85 24.87 24.89 24.89 24.89 24.88 25.97 27.10 28.07 29.55 31.08 32.19 32.53 32.83 33.79
traj-39:
37.26 36.08 34.45 32.90 31.05 29.11 28.01 26.65 25.39 23.57 21.69 19.86 19.08 19.26 19.22 19.71 19.65 19.40 19.32 19.53 19.67 19.24 18.87 18.44 17.36 15.64 14.46 12.55 10.85  9.40  8.53  7.27
23.98 23.89 23.56 23.44 23.34 23.29 23.22 23.22 23.16 23.10 23.37 22.55 21.91 21.58 19.75 17.86 17.57 15.66 13.71 12.71 11.71  9.88  8.48  6.76  5.60  4.95  5.18  5.53  5.88  6.53  7.07  7.85
traj-40:
35.22 33.65 32.32 30.84 30.00 28.18 26.49 25.74 25.31 23.66 22.04 20.37 19.31 18.39 17.27 15.28 13.47 11.50  9.79  9.13  7.67  6.04  5.21
23.24 23.27 23.19 23.30 23.31 23.50 23.50 23.65 23.85 24.28 24.59 25.60 24.15 22.95 22.00 22.08 22.06 21.89 21.53 21.55 20.41 19.36 18.84
traj-41:
36.14 34.84 33.12 31.97 31.11 29.94 28.19 26.47 25.31 23.88 22.17 21.03 19.93 19.83 19.79 20.87 21.64 23.35 24.99 26.61 28.23 29.46
24.44 24.56 24.68 24.76 24.76 24.77 24.81 24.83 24.85 24.88 24.89 24.87 26.45 27.83 29.22 29.99 30.41 31.43 32.03 32.52 33.16 33.65
traj-42:
38.70 37.51 36.35 35.50 33.58 32.02 30.59 30.02 28.55 26.81 25.06 23.35 21.75 21.19 20.75 20.68 20.37 19.37 19.24 19.27 19.87 20.27 20.05 19.77 19.60 19.32 19.19 18.79 18.41 16.48 14.73 14.15 12.42 10.94  9.82  8.95  7.37  6.87
24.96 24.89 24.81 24.75 24.82 24.83 24.90 24.90 24.88 24.88 24.87 24.85 24.85 24.87 25.28 25.07 23.13 21.63 19.83 17.95 16.16 14.21 12.46 11.03 10.15  8.73  8.17  6.46  5.04  5.17  5.28  5.38  5.67  6.44  7.76  8.22  8.14  8.00
traj-43:
34.68 33.31 31.58 30.71 29.24 27.79 26.14 25.32 23.87 23.28 21.59 21.04 19.26 18.58 17.57 15.97 14.37 12.58 10.74 10.37  8.81
24.29 24.70 24.92 24.91 24.88 24.87 24.89 24.90 24.95 24.97 24.97 24.99 24.91 23.63 22.13 21.79 22.17 22.36 22.09 21.97 21.46
traj-44:
36.70 34.94 33.03 31.08 29.42 27.53 25.85 24.51 23.06 22.30 20.67 20.14 19.92 19.89 19.75 19.65 20.20 20.24 20.34 20.05
23.88 24.04 24.01 24.00 23.95 23.88 23.72 24.03 24.03 23.92 24.49 25.91 27.02 28.44 29.66 30.86 32.76 33.98 34.91 35.00
traj-45:
34.50 33.95 32.06 30.19 29.18 27.67 26.26 25.14 24.00 22.91 21.37 20.63 20.47 19.77 19.36 19.64 19.67 19.75 19.89 19.99 20.13 19.84 19.49 18.86 17.28 15.70 14.08 12.94 11.54 10.39  8.93  8.50
23.70 23.65 23.68 23.43 23.45 23.70 23.93 24.15 24.33 24.50 24.82 24.90 23.07 21.22 19.72 18.54 16.61 15.39 13.50 12.62 10.86  9.11  7.98  6.08  5.22  4.96  5.32  5.56  5.84  6.45  7.27  7.48
traj-46:
37.24 35.80 34.04 32.71 31.48 29.55 27.74 27.26 25.43 24.08 22.68 21.27 19.54 19.27 17.99 16.29 14.56 12.59 11.33  9.40  7.88  7.56  6.60
23.10 23.05 23.21 23.33 23.44 23.42 23.67 23.55 23.79 24.23 24.67 24.94 25.66 23.82 22.81 22.40 22.27 22.12 22.06 21.95 21.48 21.04 19.84
traj-47:
37.10 35.83 33.97 32.41 30.58 30.00 28.34 26.99 25.48 23.51 22.70 21.19 20.19 19.87 19.10 18.66 17.70 16.83 15.96
23.80 23.67 23.55 23.52 23.61 23.67 23.72 23.78 23.88 24.05 24.10 24.83 26.27 27.04 28.52 29.68 31.42 31.43 33.12
traj-48:
36.88 35.49 33.78 32.80 31.44 29.73 28.05 26.29 24.86 23.97 22.83 21.48 19.76 19.12 18.10 18.10 18.42 18.65 19.29 19.66 19.85 19.73 19.59 19.47 19.24 18.80 18.59 18.06 16.26 14.92 13.33 11.95 10.57  9.19  7.54  6.83  5.79
24.18 24.14 24.40 24.57 24.75 24.95 24.93 24.95 24.94 24.93 24.94 24.89 25.61 25.70 24.13 23.83 22.06 20.51 19.55 17.79 16.15 14.20 12.29 11.50  9.78  8.39  7.55  5.92  5.20  5.08  4.85  5.31  6.05  6.42  6.72  5.95  4.61
traj-49:
35.47 34.37 32.67 30.98 29.24 27.33 26.48 24.80 23.07 21.69 19.90 18.38 16.60 14.85 13.20 12.08 11.22  9.75  7.83  6.71  5.27
23.97 24.16 24.34 24.52 24.63 24.86 24.85 24.82 24.78 24.79 23.91 23.14 22.39 22.15 22.16 21.91 21.72 21.42 21.04 20.76 20.49
traj-50:
35.38 34.23 33.35 31.62 29.75 28.44 27.37 25.97 25.13 23.38 21.68 19.99 19.31 18.54 18.54 18.25 16.96 15.61 13.90 13.61 11.91 11.36 10.04  8.58  6.65  6.36
23.41 23.49 23.54 23.64 23.63 24.06 24.43 24.78 24.85 24.89 24.91 25.63 26.16 27.83 28.13 30.10 31.19 31.05 30.65 30.58 30.41 30.64 30.96 31.35 31.86 31.92
traj-51:
34.39 32.68 31.78 30.35 28.67 26.92 25.20 23.49 22.66 21.23 19.23 20.19 19.95 19.95 19.74 19.74 19.81 19.83 19.83 19.74 19.60 19.04 18.66 18.24 16.59 15.82 13.84 12.10 10.92  9.98  8.04  6.53  4.82
24.75 24.80 24.80 24.85 24.85 24.86 24.75 24.83 24.84 24.87 24.91 23.67 21.93 21.48 19.68 18.28 16.39 14.97 13.09 11.35  9.65  8.22  6.68  5.92  5.22  5.13  5.18  5.41  6.02  7.41  7.63  8.06  8.56
traj-52:
35.48 34.43 32.75 31.24 29.65 28.32 26.63 24.65 22.68 21.25 20.53 18.87 18.05 18.14 17.10 16.53 14.67 13.80 12.09 10.98  9.26  7.74  5.89
23.45 23.69 24.03 24.36 24.48 24.60 24.73 24.85 24.89 24.96 25.48 26.35 24.66 23.78 22.27 22.13 21.99 22.01 22.00 21.94 21.63 21.47 21.01
traj-53:
34.03 32.13 30.34 29.75 27.95 26.12 25.05 23.41 21.49 20.53 20.85 20.70 20.70 22.32 24.28 26.06 27.15 28.90 30.13
23.61 23.38 23.19 23.13 23.18 23.61 24.40 24.77 24.90 25.53 26.98 28.70 29.00 30.12 30.24 30.60 30.95 31.46 31.86
traj-54:
38.09 36.50 34.91 34.03 32.12 30.91 29.94 28.71 27.59 25.66 24.24 22.27 20.75 20.30 19.90 19.34 18.96 19.09 18.91 18.64 18.45 18.31 18.27 18.25 18.30 18.53 18.81 18.66 16.90 15.76 14.14 13.56 12.09 10.75  9.72  8.89  8.64
23.40 23.47 23.42 23.50 23.52 23.53 23.60 23.71 23.98 24.42 24.72 24.58 23.88 23.55 22.03 20.86 19.35 19.14 17.25 15.52 14.22 13.56 12.39 10.98  9.70  7.86  7.75  5.79  4.90  5.15  5.49  5.59  5.75  6.61  8.04  9.00  9.16
traj-55:
34.91 33.20 31.46 30.60 28.61 27.45 26.03 24.87 24.01 22.08 21.79 20.29 18.36 17.48 15.66 13.71 12.25 11.67  9.75  7.97  7.08
24.71 24.82 24.86 24.84 24.84 24.86 24.77 24.73 24.74 24.51 24.45 23.38 22.99 22.34 22.24 22.35 22.08 21.97 22.16 21.48 20.08
traj-56:
37.10 35.96 34.39 32.50 31.06 29.07 27.31 26.71 24.72 22.75 21.52 20.35 20.65 20.70 21.43 22.41 22.70 23.67 24.48
24.22 24.34 24.49 24.66 24.74 24.80 24.88 24.91 24.93 24.94 24.99 26.54 27.98 28.27 30.10 31.74 32.27 33.73 34.81
traj-57:
38.11 36.37 35.25 33.79 32.35 30.88 30.31 28.59 26.87 26.03 24.35 22.38 20.85 20.77 19.92 19.70 18.99 19.71 19.93 19.95 19.90 19.90 19.65 19.50 18.98 18.57 17.62 16.61 15.43 13.53 11.72 10.22  8.69  7.42
24.73 24.76 24.76 24.78 24.79 24.82 24.81 24.81 24.85 24.82 24.74 24.67 24.52 24.24 22.49 21.82 20.07 18.45 16.59 16.12 14.53 13.34 11.77  9.78  8.31  6.44  5.26  5.10  5.03  5.09  5.11  5.26  5.67  5.84
traj-58:
33.60 31.83 31.36 29.71 27.97 26.51 24.52 23.11 21.94 20.28 18.48 17.43 15.53 14.71 13.53 12.16 10.38  9.48  8.02  7.25
23.67 24.44 24.52 24.77 24.85 24.84 24.83 24.84 24.86 23.95 24.02 22.85 22.39 22.55 22.63 22.52 22.31 22.21 20.97 19.90
traj-59:
33.69 31.72 30.03 29.46 27.50 25.77 23.79 22.91 21.78 20.26 18.60 18.57 18.34 17.94 18.42 19.00
23.99 24.33 24.63 24.71 24.86 24.95 24.96 24.95 24.96 25.75 26.84 28.44 30.17 31.84 33.04 33.94
traj-60:
38.39 37.02 35.50 35.21 33.40 32.19 30.76 29.40 28.42 26.56 25.38 23.62 23.32 21.51 19.92 19.90 19.90 20.05 20.05 20.12 20.22 20.46 20.25 20.12 20.02 19.78 19.59 18.17 16.54 15.21 14.33 13.05 12.29 10.56 10.06  9.37  8.31  7.84
23.58 23.47 23.38 23.45 23.56 23.66 23.56 23.47 23.30 23.25 23.40 23.29 23.33 23.08 22.46 20.69 18.72 16.91 16.61 14.89 14.30 12.34 10.60  9.74  8.56  6.82  6.25  4.85  4.89  4.90  4.96  5.06  5.12  5.50  6.28  7.11  8.45  8.90
traj-61:
35.48 33.52 32.06 30.59 28.85 27.42 25.67 24.22 23.10 21.15 20.33 19.07 18.61 18.23 16.51 16.21 14.38 13.83 11.95 10.03  8.44  6.48  5.95
24.47 24.77 24.91 24.89 24.87 24.90 24.85 24.80 24.78 24.75 24.73 24.67 23.36 22.56 21.86 21.84 22.02 22.11 22.20 21.92 21.24 21.04 21.04
traj-62:
39.14 37.27 35.46 33.50 31.82 31.26 29.37 27.97 26.17 25.62 23.67 22.24 20.95 20.66 20.92 22.34 24.07 25.11 26.52 27.67 29.49 30.76
23.31 23.27 23.46 23.37 23.22 23.28 23.47 23.51 24.21 24.28 24.56 24.83 25.55 27.43 29.22 30.11 30.15 30.48 30.85 31.37 32.11 32.74
traj-63:
37.88 36.75 35.04 33.55 31.80 30.92 29.45 27.98 26.83 25.70 23.72 21.99 20.61 19.53 18.32 18.44 19.06 18.93 19.13 19.50 19.65 19.58 19.67 19.56 19.51 19.08 18.91 18.48 17.22 15.83 13.85 12.43 10.98  9.05  8.47
24.81 24.85 24.92 24.94 24.92 24.92 24.89 24.90 24.87 24.87 24.85 24.92 25.74 26.80 25.34 24.32 23.10 21.49 19.91 18.09 17.27 15.43 14.07 12.12 11.83 10.11  8.88  6.94  5.45  4.91  5.20  5.58  5.85  5.63  4.17
traj-64:
34.17 32.45 30.72 29.39 27.50 25.53 23.62 22.43 20.85 18.98 17.46 15.59 13.76 13.21 11.43 10.14  8.28  7.69
24.28 23.79 23.69 23.70 23.69 23.44 23.32 23.27 23.11 23.05 22.84 22.54 22.33 22.27 22.15 22.22 22.30 22.32
traj-65:
34.37 32.50 31.03 29.59 28.73 27.30 25.55 23.57 21.97 20.43 20.29 20.51
24.27 24.89 24.88 24.84 24.87 24.84 24.83 24.77 24.65 25.69 27.60 29.40
traj-66:
37.38 36.05 35.01 33.33 31.50 29.64 27.85 27.25 25.36 23.56 21.84 20.74 20.46 20.67 20.82 20.63 20.57 20.57 19.96 19.93 19.66 19.19 18.64 17.63 16.48 15.40 14.10 13.22 11.76 10.88  9.91  9.04
23.49 23.35 23.37 23.26 23.17 23.09 23.09 23.03 23.04 23.02 23.01 22.38 20.73 19.01 17.01 15.84 14.10 13.50 11.87 11.28  9.86  7.96  6.64  5.68  5.16  5.19  5.41  5.52  5.77  5.95  6.56  7.22
traj-67:
35.03 33.85 32.68 31.79 30.05 28.91 27.77 26.08 24.62 23.45 21.61 20.29 19.34 18.60 17.29 15.52 13.58 11.91 10.35  9.20  7.92  7.26  6.30
24.98 24.96 24.95 24.96 24.95 24.93 24.95 24.93 24.90 24.89 24.87 24.88 23.53 22.60 21.95 21.49 21.63 21.90 21.61 21.10 19.76 18.81 17.61
traj-68:
34.04 32.15 30.72 28.98 27.22 25.42 23.77 22.20 20.95 20.73 20.53 20.62 21.72 22.89
23.63 23.30 23.11 23.08 23.14 23.11 23.01 24.05 24.44 26.01 27.38 29.34 30.06 30.05
traj-69:
36.11 34.14 32.37 30.83 29.31 27.38 25.56 23.76 21.91 21.62 19.73 19.43 19.57 19.96 20.00 20.07 20.25 20.38 20.38 20.30 20.17 19.63 18.40 16.69 15.01 13.31 11.82 10.31  9.88
23.01 23.05 23.15 23.22 23.29 23.52 23.60 24.02 23.94 23.96 23.46 21.89 21.15 19.25 17.31 15.97 13.99 12.27 10.78  9.33  7.61  5.90  5.76  5.04  5.13  5.28  5.51  6.55  6.93
traj-70:
33.73 32.72 31.20 29.51 27.60 26.08 24.27 22.33 21.30 19.59 17.87 16.53 15.95 14.22 13.46 12.13 11.06  9.49  8.30  8.23  8.11
23.25 23.24 23.32 23.43 23.60 23.75 23.66 23.60 23.40 23.18 22.77 22.39 22.26 21.93 21.96 21.93 21.95 21.55 20.15 19.56 17.85
traj-71:
38.98 37.80 36.35 35.16 33.69 32.24 30.79 29.38 28.22 26.52 24.53 22.84 22.27 20.77 20.51 19.91 19.24 17.79
24.99 24.94 24.92 24.96 24.94 24.91 24.90 24.89 24.89 24.87 24.88 24.91 24.99 25.77 26.55 28.00 29.79 30.49
traj-72:
35.16 33.71 32.55 30.84 29.41 27.66 26.26 25.41 23.96 22.02 21.72 20.00 18.69 18.26 18.10 18.14 18.08 18.11 18.23 18.34 18.40 19.08 19.59 19.20 19.01 18.88 17.66 15.82 14.38 13.28 12.42 11.33 10.72  8.83  8.33  6.34  5.91
24.72 24.75 24.76 24.84 24.84 24.82 24.82 24.83 24.82 24.78 24.80 24.64 23.55 22.28 20.62 19.76 17.77 16.89 14.94 13.88 12.43 11.51 10.44  8.53  7.13  6.55  5.03  4.91  5.05  5.45  5.68  5.96  6.34  6.96  7.02  6.86  6.59
traj-73:
33.61 32.26 31.11 29.38 27.64 26.79 25.34 23.62 22.76 21.09 19.72 18.60 17.94 16.18 15.29 13.33 11.34  9.72  8.25  7.22
24.17 24.30 24.44 24.61 24.75 24.81 24.80 24.82 24.86 24.86 25.24 23.70 22.84 22.33 22.20 22.06 21.95 21.81 20.48 19.27
traj-74:
35.17 34.57 32.87 31.72 29.98 28.82 27.64 26.47 24.47 23.59 21.63 20.42 19.91 19.54 18.59 17.17 16.85 15.10 13.50 12.31 10.68  8.90  7.46  6.65  6.00  6.10
24.79 24.81 24.88 24.89 24.90 24.90 24.90 24.88 24.89 24.89 24.98 25.60 26.84 28.37 30.03 31.08 31.26 32.06 32.77 32.84 33.44 33.32 32.72 32.60 31.14 30.30
traj-75:
38.73 37.70 36.08 34.09 32.22 30.26 28.62 26.88 24.99 24.48 22.62 22.18 20.44 19.81 18.67 18.46 18.48 18.63 18.87 18.88 19.03 19.36 19.55 19.26 18.74 17.52 15.59 13.96 12.57 11.99 10.33 10.07  9.85  8.09
23.10 23.10 23.13 23.17 23.22 23.24 23.26 23.31 23.33 23.26 23.39 23.55 22.64 21.66 20.07 18.48 16.64 16.07 14.20 13.90 12.00 10.51  9.71  7.75  6.07  5.31  5.19  5.44  5.68  5.78  6.72  6.86  7.07  7.16
traj-76:
38.92 37.23 35.24 33.27 31.59 30.07 28.71 27.65 26.00 24.32 22.35 20.48 20.29 18.32 17.16 15.50 13.68 13.38 11.41  9.58  8.37  8.09  8.18  8.34
23.81 23.56 23.45 23.72 23.55 23.56 23.64 23.56 23.28 23.13 23.36 23.52 23.75 23.85 22.34 22.18 22.17 22.14 22.18 21.42 20.57 19.32 18.46 17.05
traj-77:
35.24 33.26 31.70 29.98 28.14 26.43 26.13 24.17 22.89 21.03 20.39 19.38 18.80 19.60 19.79 18.48 16.63 15.21 14.42 12.82 11.54 10.76  9.67  9.19
23.95 23.79 23.66 23.60 23.53 23.48 23.46 23.43 23.52 23.44 24.15 25.45 27.31 29.03 31.02 30.89 30.53 30.33 30.53 30.71 30.86 31.27 32.52 33.01
traj-78:
37.92 36.14 35.21 33.26 32.96 31.13 29.76 27.84 26.95 24.97 24.14 22.51 21.22 19.60 18.88 18.89 18.98 19.16 19.43 19.52 19.57 19.57 19.22 19.03 18.51 17.63 15.93 14.83 13.76 11.82 10.29
23.32 23.39 23.40 23.37 23.35 23.22 23.14 23.40 23.37 23.48 23.49 23.75 24.32 24.33 22.50 20.72 19.71 18.18 16.43 14.51 13.62 11.69  9.82  9.12  7.35  5.60  5.19  5.18  5.18  5.14  5.59
traj-79:
33.79 32.72 31.30 30.12 28.37 27.80 26.35 25.26 23.84 22.12 20.69 19.31 19.03 17.46 15.53 14.48 12.90 11.43  9.48  8.59  8.67  8.81
24.23 24.64 24.82 24.80 24.80 24.82 24.80 24.79 24.78 24.76 24.70 23.92 23.27 22.41 22.26 22.15 22.05 21.93 21.65 20.46 18.52 18.00
traj-80:
36.66 36.09 34.43 32.69 31.22 30.33 28.87 27.43 26.56 25.10 23.36 21.98 20.64 20.25 19.84 19.95 20.08 18.41 16.57 14.88 14.29
24.05 24.24 24.65 24.90 24.92 24.90 24.91 24.90 24.90 24.91 24.88 24.90 25.61 26.65 27.71 29.56 31.35 32.31 32.18 32.00 31.93
traj-81:
35.06 33.67 32.25 30.81 29.09 27.36 25.62 23.89 21.99 21.44 20.47 19.63 19.48 19.38 18.76 18.74 18.63 18.50 18.73 19.17 19.20 18.89 18.61 17.67 17.52 15.59 14.42 12.67 11.29 10.37
24.49 24.53 24.63 24.73 24.81 24.83 24.85 24.93 24.97 24.96 25.64 23.93 22.20 21.92 20.12 18.53 17.27 16.10 14.19 12.36 10.96  9.16  7.43  5.71  5.46  5.07  5.27  5.47  5.63  6.23
traj-82:
36.12 35.25 34.07 32.31 30.54 28.75 27.85 26.12 24.32 23.73 21.94 20.34 19.20 18.22 16.25 15.37 13.66 11.67 10.58  8.83  7.97
23.88 23.94 24.03 24.13 24.11 24.14 24.19 24.28 24.37 24.41 24.40 23.96 23.43 22.84 22.58 22.60 22.62 22.70 22.71 22.77 22.74
traj-83:
35.15 33.45 31.72 29.97 28.83 27.11 26.24 25.04 23.60 21.63 20.04 19.79 19.29 18.09 18.15 18.00 18.04 18.56 17.21 15.79
24.13 24.71 24.91 24.89 24.87 24.87 24.87 24.87 24.88 24.86 25.80 25.96 26.28 27.22 28.93 30.64 32.45 34.34 35.46 35.79
traj-84:
36.19 34.67 32.96 31.34 30.77 29.06 27.08 25.68 23.95 23.38 21.92 20.69 20.39 19.61 19.16 19.13 19.50 19.89 19.70 19.65 19.72 19.96 19.97 19.96 19.67 19.19 18.75 18.47 18.02 16.52 14.59 12.84 11.74 10.74  9.03  8.02  7.06  5.71
23.54 23.29 23.15 24.12 24.17 24.36 24.59 24.65 24.79 24.82 24.94 25.60 26.52 28.13 26.42 24.70 23.28 21.35 19.93 18.90 17.89 15.97 14.94 13.20 11.83 10.04  8.37  7.22  5.82  4.76  4.91  5.25  5.49  5.85  6.42  6.02  5.33  4.46
traj-85:
36.13 34.67 33.50 32.62 30.89 29.41 27.94 26.81 25.33 23.65 22.21 20.55 20.48 18.63 17.08 16.19 14.42 12.69 11.01  9.84  8.74  8.06  7.12  6.33
24.81 24.85 24.88 24.88 24.87 24.88 24.87 24.86 24.83 24.78 24.81 24.66 24.37 23.71 22.60 22.49 22.22 22.10 22.05 21.69 20.93 20.27 19.00 17.72
traj-86:
36.45 35.27 33.83 32.10 31.80 30.05 29.17 27.45 25.73 24.28 22.53 21.00 19.82 19.50 19.95 20.23
24.67 24.76 24.84 24.90 24.90 24.81 24.75 24.81 24.89 24.89 24.92 24.94 26.38 26.94 28.60 29.69
traj-87:
37.13 35.66 34.44 32.59 30.74 29.50 28.61 27.15 25.37 24.18 22.44 20.60 19.80 19.59 19.68 19.73 19.86 19.98 20.01 19.96 19.74 19.56 18.78 18.25 17.29 15.50 14.13 13.29 11.52 10.18  9.44  8.03  6.65  4.94  4.07
23.80 23.78 23.77 23.99 24.26 24.34 24.33 24.13 24.18 24.04 23.93 23.56 22.46 21.50 19.59 18.70 16.80 15.23 14.38 12.68 10.83  9.01  7.18  6.77  5.58  4.98  5.06  5.16  5.58  5.83  5.89  6.10  6.33  6.59  6.84
traj-88:
36.74 35.43 34.34 32.36 30.46 28.64 27.98 26.52 25.43 23.68 22.25 21.37 19.43 17.68 17.19 15.45 15.15 13.24 11.49  9.69  8.15  7.50  6.52  5.88
23.12 23.25 23.27 23.25 23.27 23.48 23.46 23.24 23.14 23.16 23.27 23.44 23.67 22.76 22.41 22.13 22.11 22.13 22.19 21.42 20.16 19.55 18.68 18.00
traj-89:
34.88 33.45 32.87 31.42 30.83 29.12 27.96 27.11 25.66 24.79 23.09 21.21 20.63 18.79 18.90 19.20 20.13 21.60 23.32 23.86 25.55 25.81 27.48
24.40 24.43 24.44 24.64 24.76 24.92 24.90 24.90 24.90 24.90 24.90 24.93 24.95 25.31 27.24 27.74 29.26 30.05 30.41 30.41 31.02 31.16 32.06
traj-90:
35.48 34.12 32.16 30.68 30.01 28.59 26.87 25.76 24.33 22.40 20.42 19.52 18.91 19.23 19.61 19.34 19.76 19.96 20.01 20.05 19.68 19.44 19.16 18.64 18.18 16.42 14.66 13.24 11.81 10.64  9.68  7.90  7.24
23.59 23.67 23.65 23.65 23.65 23.79 24.04 24.17 24.46 24.73 24.97 23.60 21.92 20.20 18.23 17.48 15.71 14.14 12.15 11.25 10.10  8.48  7.66  6.55  5.80  5.04  4.99  5.09  5.23  5.43  5.20  4.59  4.43
traj-91:
35.50 34.07 32.94 31.19 29.50 27.52 25.83 23.85 22.40 20.77 19.39 18.58 17.28 15.33 13.49 12.38 11.30  9.65  7.78  6.10
24.39 24.60 24.80 24.81 24.75 24.78 24.79 24.74 24.71 23.99 23.43 22.81 21.86 22.04 22.21 22.29 22.20 21.73 21.06 20.78
traj-92:
34.87 33.43 31.72 30.28 28.83 27.12 25.42 23.42 22.53 20.78 19.35 18.84 18.72 18.73 17.38 16.21 14.93 13.62 11.96 11.02
24.62 24.69 24.76 24.80 24.83 24.81 24.84 24.91 24.88 24.85 26.06 26.77 28.54 29.14 30.19 30.65 30.83 30.97 31.40 31.53
traj-93:
36.66 35.21 34.33 32.38 30.63 29.43 28.02 26.21 24.52 22.81 21.96 20.15 20.14 19.66 19.18 18.82 18.95 19.14 19.41 19.56 19.52 19.48 19.41 18.53 17.20 15.25 14.15 12.22 11.19 10.09  9.41  8.24  7.07  5.25  4.05
24.06 24.36 24.54 24.90 24.90 24.91 24.91 24.91 24.93 24.92 24.90 24.97 23.09 21.85 20.35 19.10 18.29 16.63 14.72 13.26 11.59  9.86  8.08  6.56  5.22  5.04  4.97  4.86  5.26  6.07  6.57  7.46  8.47  8.64  8.91
traj-94:
36.70 35.21 33.64 32.51 31.55 30.29 28.84 27.98 26.02 24.27 22.54 21.39 20.52 18.76 17.40 16.59 14.76 13.46 11.48 10.88  8.97  7.91  6.69  5.73  5.12
23.14 23.51 23.57 23.60 24.22 24.78 24.87 24.86 24.87 24.85 24.87 24.71 24.54 23.67 22.28 22.00 22.07 21.98 21.97 21.98 21.53 20.39 19.35 18.42 17.87
traj-95:
36.96 35.47 34.02 32.30 30.57 29.72 27.99 26.01 24.29 23.69 21.70 20.54 20.61 20.71 22.20 23.05 24.78 26.48 27.86 29.10
24.92 24.88 24.88 24.88 24.88 24.90 24.91 24.94 24.93 24.94 25.00 26.32 27.48 29.23 30.21 30.21 31.21 32.05 32.72 33.30
traj-96:
38.92 37.25 35.59 35.04 33.63 32.47 31.60 29.86 28.16 27.30 25.59 24.71 23.57 22.12 20.21 19.51 19.35 19.04 19.90 19.84 19.84 19.97 19.99 20.02 20.00 19.73 19.33 18.13 16.72 15.35 13.92 12.48 10.98  9.67  8.99
23.59 24.11 24.35 24.56 24.77 24.89 24.89 24.89 24.90 24.92 24.91 24.87 24.85 24.74 24.61 23.53 21.63 19.98 18.53 16.90 15.50 14.19 12.46 10.73  9.54  8.10  6.67  5.52  5.07  5.15  5.37  5.46  6.32  6.99  7.10
traj-97:
38.44 37.27 36.16 34.43 32.69 30.69 29.01 27.26 25.81 23.86 21.89 20.73 19.93 19.02 18.37 17.42 16.20 14.35 13.53 11.56  9.59  8.49  7.10  5.99
24.51 24.71 24.81 24.85 24.85 24.79 24.78 24.89 24.92 24.94 24.97 25.67 26.52 25.04 23.81 22.39 22.26 22.25 22.41 22.55 22.48 22.51 22.50 22.54
traj-98:
34.29 33.04 31.29 29.45 28.67 27.05 25.10 23.71 22.25 21.41 20.13 19.70 19.66 20.60 21.50
23.19 23.28 23.45 23.33 23.30 24.13 24.53 24.74 24.80 24.83 25.50 26.87 28.65 30.11 31.12
traj-99:
37.38 35.63 33.87 32.74 31.00 29.89 28.99 27.85 26.41 24.64 23.15 22.57 21.13 20.94 20.39 19.93 19.71 19.29 18.80 18.36 18.55 19.03 19.17 19.42 18.98 19.02 17.76 16.30 15.45 13.50 11.75 10.99 10.34
24.55 24.55 24.61 24.79 24.85 24.86 24.85 24.86 24.91 24.91 24.87 24.87 24.62 23.75 22.21 20.55 19.72 18.54 17.31 15.58 14.15 13.01 11.66  9.86  7.92  5.94  4.74  5.16  5.45  5.79  5.87  6.29  7.68
traj-100:
37.87 36.34 34.67 33.69 32.64 31.73 30.39 28.48 27.40 25.56 23.57 21.84 20.71 18.73 18.24 16.51 15.92 14.16 12.77 11.10  9.49  9.12  7.84  6.37  5.44
23.49 23.51 23.45 23.27 23.35 23.39 23.47 23.46 23.44 23.61 23.53 23.53 23.53 23.38 22.81 22.15 22.09 22.15 22.13 22.04 21.28 21.30 19.87 18.63 17.51
traj-101:
36.89 35.43 34.87 33.12 31.66 29.95 29.09 27.94 26.22 24.76 23.07 22.22 20.77 19.28 19.60 19.87 21.29 21.99
24.79 24.84 24.85 24.89 24.85 24.87 24.87 24.84 24.80 24.88 24.85 24.84 25.80 26.95 28.38 29.51 30.50 30.31
traj-102:
35.51 34.37 32.93 31.52 29.80 28.35 26.60 25.48 23.52 22.65 20.67 20.64 20.35 19.50 19.17 18.74 18.39 18.50 19.32 19.97 19.90 19.76 19.67 19.27 18.97 18.51 17.68 15.88 14.17 12.70 11.52  9.87  9.49
24.88 24.88 24.87 24.86 24.90 24.72 24.69 24.73 24.80 24.83 24.65 24.35 24.25 22.47 21.37 20.27 19.21 17.84 16.52 15.09 13.64 11.71 10.89  9.20  8.36  6.98  5.36  4.86  5.26  5.58  5.77  6.69  6.94
traj-103:
38.62 36.91 35.36 33.53 31.60 30.07 28.27 26.33 25.23 23.30 22.46 20.76 20.29 19.55 19.33 18.23 17.33 15.36 14.56 12.58 10.95  9.50  8.17  7.62  6.62
24.03 23.69 23.47 23.35 23.21 23.48 24.02 24.31 24.44 24.69 24.81 25.83 26.86 26.05 24.36 22.99 22.14 22.03 21.96 21.97 21.98 21.97 21.25 20.47 19.14
traj-104:
35.93 34.19 32.46 30.70 29.52 27.80 25.91 24.35 22.89 21.75 20.50 19.66 19.09 18.67 18.22 17.38 16.51 15.41 14.50
24.63 24.88 24.89 24.88 24.86 24.85 24.90 24.84 24.79 24.78 24.77 26.04 27.86 28.78 29.87 30.83 31.47 32.15 32.90
traj-105:
35.21 35.74 35.09 33.32 31.56 29.77 28.89 27.03 25.64 24.76 22.93 21.48 20.18 19.75 19.44 18.99 18.94 18.94 18.87 18.79 18.42 18.04 17.17 16.66 15.48 13.63 12.22 10.66  8.90  7.64  6.92
24.42 24.18 23.88 24.00 24.04 24.09 24.11 24.16 24.16 24.16 24.04 23.32 22.16 20.45 19.17 17.39 16.13 14.20 12.26 10.32  8.55  7.06  5.65  4.99  5.05  5.48  5.71  5.52  6.00  5.31  5.03
traj-106:
34.44 32.76 31.07 29.90 28.74 27.56 26.71 24.95 24.38 22.62 21.22 19.33 18.36 17.42 16.59 15.42 14.54 13.20 11.24 10.40  9.02  7.47  6.26
24.43 24.75 24.84 24.83 24.87 24.85 24.87 24.89 24.89 24.86 24.85 24.98 23.89 22.75 22.48 22.28 22.18 22.29 22.21 22.20 21.38 20.54 19.79
traj-107:
37.59 36.15 34.86 33.09 32.61 31.88 30.21 28.75 27.05 25.59 23.62 22.20 20.91 19.68 19.19 19.76 19.79 19.85
23.35 23.51 23.40 23.40 23.98 24.48 24.88 24.89 24.89 24.86 24.87 24.85 25.61 26.85 28.05 29.80 30.62 32.25
traj-108:
38.09 36.14 34.66 33.24 31.86 30.32 28.57 27.19 25.22 24.65 22.66 21.80 20.44 19.99 19.41 19.06 19.10 19.45 19.71 19.75 19.51 19.41 19.20 18.99 18.26 17.77 16.42 15.39 13.69 11.97 11.67 10.12 10.04 10.00  8.36  6.42  4.65  4.19
24.08 23.76 23.61 23.46 23.36 23.40 24.24 24.65 24.77 24.77 24.87 24.88 23.87 22.84 21.50 20.43 18.72 16.92 15.41 13.55 11.90 11.07  9.58  7.86  6.59  5.65  5.13  5.13  5.06  5.31  5.36  6.28  7.57  8.57  9.50  9.65  9.88  9.97
traj-109:
34.07 33.18 31.73 30.26 28.50 26.51 24.74 23.89 22.44 21.30 20.99 20.97 20.48 18.98 17.86 16.16 14.19 12.77 11.43  9.47  8.16  7.56
24.99 24.95 24.91 24.81 24.84 24.89 24.87 24.89 24.89 24.90 24.19 23.89 23.56 22.32 22.18 22.15 22.11 22.02 22.00 21.81 20.52 19.62
traj-110:
34.05 32.64 31.18 29.30 28.30 26.43 24.97 23.26 22.68 20.75 20.19 19.61 18.83 18.03 17.15 16.48 15.07 13.50 12.44 11.17 10.09
24.19 24.36 24.52 24.79 24.82 24.80 24.77 24.80 24.83 24.51 25.71 26.67 28.32 29.92 30.49 30.76 32.15 33.17 33.78 34.57 35.21
traj-111:
35.97 34.92 33.28 31.54 29.83 29.24 27.27 26.38 24.94 23.57 21.84 21.00 20.96 20.72 20.57 20.38 20.18 19.97 19.99 19.63 19.24 18.96 18.56 18.02 17.74 16.07 15.35 13.51 12.35 10.91  9.51  9.19  7.76
23.64 24.15 24.68 24.85 24.85 24.84 24.88 24.87 24.89 24.88 24.85 24.78 24.49 22.72 21.28 19.50 17.74 16.14 14.56 12.76 11.15  9.80  7.84  6.20  5.84  4.78  4.88  5.17  5.39  6.55  7.78  8.07  9.43
traj-112:
39.04 37.10 35.43 33.67 32.51 30.76 30.35 29.23 27.90 25.97 24.28 22.60 20.65 20.05 19.55 17.77 17.20 15.33 14.45 12.54 11.09 10.50  9.06  8.18  7.89  6.92  6.08  5.98
23.58 23.31 23.50 23.56 23.63 23.68 23.67 23.66 23.48 23.41 24.02 24.34 24.25 23.77 22.97 22.89 22.72 22.61 22.67 22.79 22.90 22.80 22.60 22.43 22.40 21.75 19.96 19.67
traj-113:
36.49 36.17 34.36 32.55 30.88 28.99 27.99 26.35 25.48 23.74 21.75 20.57 20.37 20.29 20.26 21.45 21.94 22.74 23.70 22.43 22.73
23.36 23.34 23.33 23.43 23.52 24.04 24.26 24.78 24.75 24.88 24.99 25.73 26.93 28.83 29.13 30.56 31.55 33.03 34.50 35.71 35.75
traj-114:
35.10 34.80 32.84 32.60 30.92 29.78 28.03 26.87 26.01 24.25 22.79 21.12 19.65 18.65 18.32 18.19 18.20 19.04 19.35 19.73 19.90 19.96 20.00 19.72 19.20 18.75 18.51 16.69 15.28 13.33 11.58  9.65  8.77  7.17  6.26
24.19 24.19 24.19 24.23 24.50 24.75 24.87 24.84 24.82 24.86 24.88 24.87 26.03 24.50 22.77 21.37 20.74 19.32 18.60 16.72 14.99 13.96 12.20 10.25  8.54  6.85  5.68  5.00  4.96  5.07  5.38  5.76  5.94  4.87  4.49
traj-115:
39.20 38.03 36.28 35.43 33.71 33.11 31.37 30.23 29.05 27.63 26.44 24.97 23.54 22.70 20.93 20.84 20.57 18.77 17.75 16.43 15.02 13.51 12.10 10.64  8.85  7.90  6.42  6.09
24.55 24.59 24.70 24.77 24.93 24.95 24.91 24.90 24.90 24.90 24.89 24.86 24.82 24.79 24.53 24.24 24.12 23.98 22.79 22.31 22.14 22.27 22.38 22.34 21.66 21.33 20.48 20.05
traj-116:
38.41 37.04 35.45 34.42 32.89 31.03 29.12 27.34 25.50 24.38 23.12 21.32 20.38 19.56 18.79 18.48 18.95 20.39 22.00
23.80 23.51 23.29 23.24 23.25 23.36 23.32 23.27 23.35 23.33 23.47 24.10 25.08 26.64 28.20 29.27 30.71 31.30 31.30
traj-117:
35.91 34.18 33.61 31.73 29.80 28.62 27.73 25.98 24.59 22.82 21.47 19.97 19.51 18.77 18.86 19.02 19.14 19.26 19.17 19.07 19.20 18.79 18.39 17.17 15.36 13.64 11.99 11.15 10.91 10.44
24.58 24.58 24.57 24.35 24.05 24.01 23.97 23.79 23.68 23.37 23.23 22.17 20.46 18.66 17.26 16.30 14.43 13.70 11.83 10.13  8.88  8.09  6.31  5.38  5.00  4.70  4.67  6.45  6.63  7.67
traj-118:
36.80 35.39 33.80 33.39 32.20 30.71 28.73 26.74 24.78 23.91 22.00 20.50 19.37 17.74 16.14 14.38 12.97 11.01  9.83  8.29  6.61  6.04
24.35 24.69 24.84 24.90 24.90 24.90 24.88 24.84 24.83 24.84 24.87 24.69 23.04 22.37 22.05 22.20 22.31 22.13 21.66 20.64 20.06 19.15
traj-119:
34.23 32.64 30.83 29.37 27.48 26.92 25.46 23.76 21.78 21.22 20.81 19.73 18.82 18.71 20.01 21.47 22.87 24.67 25.95 27.62 27.85 29.05 29.26
23.85 23.37 23.30 24.26 24.66 24.69 24.84 24.90 24.97 24.95 25.18 26.44 27.74 29.08 29.84 30.58 31.13 31.73 32.22 32.87 33.07 34.50 34.72
traj-120:
38.01 37.72 36.02 34.70 33.17 31.67 29.92 28.13 26.65 24.85 23.21 21.26 19.86 19.63 19.65 19.68 19.35 19.24 19.09 19.12 18.89 18.71 18.35 17.51 16.17 14.36 12.73 10.84  9.68
23.70 23.76 24.01 24.19 24.08 24.08 24.10 24.11 24.08 24.08 23.74 23.33 21.92 19.94 19.43 17.87 16.02 14.44 12.62 11.31  9.45  8.36  6.65  5.70  5.05  5.12  5.26  5.84  6.15
traj-121:
38.55 37.68 36.50 35.06 33.91 32.20 30.76 28.87 27.13 25.20 24.05 23.18 21.48 20.65 20.56 19.74 19.29 17.64 16.30 15.59 14.20 12.25 11.16  9.33  8.65  8.00  7.54
24.47 24.40 24.38 24.48 24.60 24.73 24.76 24.81 24.85 24.88 24.89 24.87 24.82 24.77 24.49 22.72 22.31 21.88 21.97 21.98 22.07 22.17 22.31 21.57 20.39 19.26 18.09
traj-122:
33.61 32.80 31.17 30.07 28.92 27.27 25.81 24.13 22.15 20.91 20.43 20.17 20.19 19.36 18.14 16.18 15.31 13.96 12.19 10.19  9.08  7.57
23.97 24.03 24.23 24.39 24.54 24.81 24.81 24.80 24.78 25.44 26.11 27.77 28.95 30.60 30.68 30.86 30.86 30.90 31.44 31.42 31.52 31.63
traj-123:
36.68 36.35 34.45 33.18 31.95 31.07 29.30 28.46 26.54 24.79 23.62 22.19 20.83 19.95 19.35 18.97 18.38 18.16 18.14 18.21 18.41 18.78 18.90 18.93 18.75 18.33 18.07 16.32 14.78 12.84 11.66  9.83  9.53  7.59
23.04 23.39 23.47 23.56 23.70 23.64 24.32 24.45 24.87 24.85 24.82 24.78 24.72 22.95 21.41 20.56 19.05 17.23 15.75 14.03 12.26 11.93 11.66  9.82  8.50  6.60  6.06  5.22  4.88  5.00  5.09  5.61  5.66  6.12
traj-124:
38.82 37.39 36.22 35.33 33.60 32.42 31.55 29.86 28.40 26.94 24.95 23.52 22.71 20.82 19.56 18.70 17.29 15.55 13.67 11.72  9.93  8.78  7.67  6.58
24.81 24.85 24.85 24.88 24.92 24.93 24.93 24.93 24.93 24.93 24.88 24.91 24.92 24.93 24.90 23.59 22.69 22.68 22.73 22.77 22.74 22.60 22.68 22.74
traj-125:
37.94 36.22 34.51 33.11 31.42 30.24 28.50 26.75 25.58 23.60 21.65 20.44 20.42 20.38 19.49 17.55 15.81 13.91 12.96 11.60 10.06  8.11  6.82  5.96
24.20 24.45 24.60 24.71 24.84 24.91 24.90 24.91 24.88 24.88 24.93 26.37 27.56 29.31 30.97 31.02 30.21 30.43 30.56 31.04 31.23 31.59 31.96 32.24
traj-126:
33.94 32.76 31.00 29.06 27.64 26.19 24.45 23.06 21.36 20.95 20.67 20.49 20.39 20.17 19.94 19.66 19.40 19.49 19.28 19.05 18.90 18.68 17.51 16.29 14.42 13.06 11.39  9.83  7.84  6.66  5.06
24.93 24.83 24.77 24.78 24.82 24.87 24.82 24.88 24.90 25.30 24.09 22.27 21.44 19.71 17.91 15.94 14.00 12.11 10.69  8.84  7.71  6.86  5.78  5.20  5.06  4.97  4.78  4.78  4.79  4.98  5.18
traj-127:
38.94 38.14 36.89 35.04 33.96 32.07 31.77 29.82 28.87 27.21 26.45 25.02 23.64 21.96 20.07 19.34 18.44 16.79 16.49 14.51 12.92 11.27 10.39  8.73  7.99
23.16 23.42 23.56 23.80 23.98 24.25 24.28 23.94 23.83 23.91 23.80 24.14 24.43 24.69 24.40 23.40 22.79 22.04 22.03 22.06 22.01 22.13 22.19 21.77 21.47
traj-128:
35.80 34.01 32.43 31.17 30.11 28.39 26.42 25.14 23.28 21.75 20.31 19.91 19.63 19.33 18.29 16.53 14.76 14.47 12.57 12.05 10.28  8.49  7.90
23.83 23.59 23.45 23.38 23.20 23.22 23.18 23.22 23.52 24.09 24.73 26.23 27.88 29.32 30.40 30.77 30.31 30.25 30.32 30.90 31.24 31.50 31.50
traj-129:
36.27 35.97 34.08 32.17 30.50 28.77 27.03 25.57 23.95 22.09 20.98 20.58 20.09 20.04 20.03 19.99 19.97 19.86 19.96 20.00 19.92 19.34 18.63 17.18 15.43 13.97 12.81 11.00  9.40  7.67  6.66  5.55
24.69 24.71 24.73 24.85 24.87 24.90 24.89 24.87 24.84 24.79 24.65 23.02 22.03 20.11 19.22 17.43 16.87 14.96 13.09 12.21 10.21  8.45  6.59  5.51  4.74  4.78  5.01  5.43  6.02  6.74  7.16  7.32
traj-130:
37.91 36.78 35.64 34.48 32.56 30.82 29.69 28.29 26.61 24.88 23.73 21.77 20.26 19.24 18.51 17.93 16.12 15.04 13.04 11.16  9.22  7.51  6.08  5.07
24.64 24.84 24.81 24.76 24.68 24.70 24.69 24.77 24.81 24.89 24.95 24.99 25.95 24.39 22.56 22.40 22.17 22.13 22.13 22.18 22.20 21.67 20.31 19.60
traj-131:
38.32 36.80 35.78 34.65 32.67 31.53 30.37 28.92 27.19 25.44 25.14 23.18 22.11 20.41 20.50 20.50 21.07 22.37 23.80
23.92 23.59 23.53 23.51 23.58 23.62 23.65 23.76 23.84 23.80 23.86 24.15 24.57 25.58 27.55 28.15 30.02 30.38 31.76
traj-132:
35.36 33.93 32.48 31.02 29.58 29.00 27.58 26.15 24.44 22.50 21.91 20.35 20.00 19.82 20.06 20.13 20.23 19.84 19.90 19.84 19.58 19.52 19.19 19.04 18.29 17.75 16.53 15.46 13.77 12.93 11.18  9.57
24.95 24.89 24.82 24.70 24.70 24.73 24.84 24.88 24.95 24.95 24.95 23.79 22.98 21.13 20.01 18.59 17.45 16.23 14.54 13.14 11.25 10.95  9.24  8.40  6.58  5.55  5.18  5.10  5.16  5.32  5.71  6.72
traj-133:
36.89 35.17 33.70 32.54 30.84 29.11 27.67 25.94 24.77 23.16 21.69 20.28 19.79 18.49 16.65 14.75 13.26 11.47 10.66  9.27  7.91
24.86 24.84 24.86 24.83 24.85 24.86 24.87 24.89 24.92 24.89 24.86 23.91 23.17 21.73 21.77 22.15 22.24 22.36 22.49 22.67 22.87
traj-134:
34.82 33.67 32.51 31.33 29.34 28.18 26.72 25.86 24.11 22.37 21.80 20.46 20.18 20.13 20.30 21.34 22.15 23.26
24.73 24.88 24.86 24.88 24.90 24.90 24.90 24.91 24.94 24.95 24.95 25.83 27.52 28.42 29.87 30.92 31.82 32.80
traj-135:
37.96 36.43 35.38 33.63 32.20 31.32 29.39 28.12 26.40 25.26 24.30 22.47 20.99 20.87 20.33 19.86 19.04 19.31 19.42 19.70 19.84 20.00 20.10 20.23 19.82 19.48 18.66 18.59 17.30 15.68 14.85 13.48 12.04 10.61  8.90  7.27  5.64  5.09
24.38 24.45 24.48 24.62 24.73 24.78 24.81 24.80 24.76 24.77 24.81 24.78 24.55 24.07 23.63 22.89 21.26 19.29 18.39 16.54 15.38 13.93 13.05 11.29  9.58  8.78  7.29  6.93  5.68  4.93  5.08  5.38  5.66  6.78  7.81  8.72  9.43  9.67
traj-136:
36.20 35.09 33.34 32.28 30.41 28.45 27.22 25.34 25.06 23.15 21.71 20.55 19.78 18.32 16.59 15.40 13.99 12.89 11.23  9.33  8.32  7.53
23.67 23.59 23.38 23.28 23.16 23.39 23.63 24.31 24.41 24.78 24.75 23.93 23.08 21.82 21.72 21.92 22.01 22.05 22.13 21.63 20.28 18.83
traj-137:
35.25 33.49 31.74 30.29 29.14 27.37 26.20 24.74 23.31 21.68 20.56 20.07 19.99 19.94 20.03
24.68 24.80 24.84 24.83 24.85 24.89 24.87 24.86 24.89 24.91 25.48 26.34 27.71 28.96 29.97
traj-138:
38.15 36.82 34.83 33.10 31.24 29.58 27.61 26.00 24.76 22.92 22.28 20.84 20.50 19.45 19.05 19.07 19.03 19.01 18.99 18.97 18.82 18.54 18.44 17.23 15.28 13.74 13.18 11.59 10.49  8.85  7.48  5.72  4.95
23.21 23.24 23.24 23.31 23.26 23.16 23.43 23.60 23.73 24.00 23.48 22.37 20.94 19.42 17.48 15.98 14.06 13.46 11.56 10.06  8.91  7.19  6.60  5.09  5.05  5.10  5.10  5.15  5.53  5.85  5.86  6.14  5.39
traj-139:
36.54 34.97 33.04 31.29 29.73 28.00 26.26 24.28 23.19 22.02 20.40 18.99 18.44 18.00 16.14 14.94 13.11 11.15 10.85  8.97  7.82  6.97
23.34 23.57 23.69 23.73 23.93 24.23 24.48 24.69 24.86 24.91 25.75 26.70 24.80 22.94 22.23 22.11 22.03 22.00 21.98 21.86 21.76 21.69
traj-140:
35.26 34.51 32.58 30.92 29.20 28.91 27.19 25.50 23.80 22.35 20.82 20.17 20.27 21.05 22.38 21.91 21.27 19.73 18.87
23.99 23.69 23.87 24.21 24.60 24.68 24.79 24.86 24.87 24.86 25.64 27.47 29.31 30.90 31.95 33.38 34.45 35.66 35.91
traj-141:
36.63 34.89 33.18 31.73 29.96 28.49 26.74 25.00 24.18 22.45 21.16 19.87 18.29 18.29 18.83 19.70 19.73 19.74 19.82 19.86 19.93 19.87 19.94 19.68 19.43 19.27 18.88 18.60 17.24 15.39 13.96 12.55 11.11  9.73  8.60  6.85  5.79  4.11
24.41 24.66 24.95 24.96 24.96 24.96 24.96 24.94 24.96 24.95 25.00 25.67 24.71 23.92 23.67 22.48 21.15 19.23 17.41 16.51 14.96 14.09 12.43 10.77  9.35  8.47  7.10  6.25  5.19  5.06  5.10  5.11  5.10  5.69  6.31  7.03  7.42  8.43
traj-142:
37.79 36.05 34.31 33.44 31.45 30.87 29.42 28.85 27.15 25.40 23.96 22.54 21.18 19.30 18.31 17.03 15.16 13.18 12.29 10.47  8.74
24.94 24.91 24.89 24.89 24.88 24.89 24.89 24.90 24.91 24.90 24.91 24.95 24.95 24.84 23.76 22.46 22.33 22.23 22.22 22.48 22.69
traj-143:
36.50 34.82 33.47 32.31 30.44 29.25 27.40 25.90 24.62 22.69 21.22 20.43 19.36 19.07 20.01 21.61 22.78 23.93 25.86 27.00 28.83 29.89 30.73 32.54
23.55 23.42 23.28 23.20 23.08 23.06 23.07 23.08 23.15 23.28 24.13 25.27 26.78 28.67 30.18 30.10 30.06 30.05 30.10 30.43 30.64 31.18 31.44 32.02
traj-144:
38.07 36.10 34.92 33.97 32.19 30.46 28.56 27.11 25.39 23.98 22.56 20.89 19.90 18.69 18.72 19.89 19.90 19.96 19.88 19.86 20.00 20.01 19.69 19.62 18.28 16.51 15.28 14.08 12.31 10.47  9.59
23.74 23.74 23.85 23.96 24.13 24.42 24.81 24.90 24.93 24.93 24.87 24.80 23.39 21.89 19.91 18.35 18.05 16.07 14.49 13.08 11.97 10.25  8.49  6.80  5.77  5.06  4.87  4.85  4.69  4.65  4.77
traj-145:
35.80 34.93 33.49 31.76 30.59 29.71 28.55 26.56 25.96 23.98 22.04 20.74 19.55 19.34 18.70 17.87 16.40 15.26 14.10 12.34 12.05 10.35  8.60  8.72  8.79
24.99 24.98 24.96 25.00 24.97 24.96 24.95 24.93 24.90 24.92 24.92 25.60 26.61 25.21 23.89 22.98 22.48 22.53 22.60 22.43 22.40 22.26 21.63 20.55 18.93
traj-146:
34.12 32.19 30.46 29.01 27.53 25.58 25.28 23.57 21.87 20.59 20.09 19.79 19.48 19.76 20.36 20.56 21.93 23.71 24.01
24.19 24.63 24.85 24.83 24.65 24.66 24.65 24.84 24.87 25.67 27.49 28.61 30.31 31.00 32.82 33.34 34.57 35.16 35.22
traj-147:
37.64 36.26 35.11 33.36 31.37 29.62 28.16 27.30 25.84 24.10 22.14 20.76 20.54 20.06 19.91 19.77 19.85 19.94 20.13 20.08 19.89 19.51 19.11 18.69 17.24 15.49 13.68 12.33 10.54  9.66  8.52
24.17 24.48 24.75 24.86 24.89 24.88 24.84 24.86 24.79 24.76 24.74 24.70 23.53 22.16 20.26 18.71 17.95 16.06 14.69 12.70 11.34  9.59  7.77  6.58  5.37  5.00  4.61  4.61  4.70  4.89  5.11
traj-148:
38.57 37.73 36.37 35.16 33.45 32.61 30.61 29.20 27.46 25.50 23.80 21.80 20.54 19.26 18.62 18.87 18.06 16.10 14.32 13.48 12.04 10.11  8.66  6.77  6.26
24.31 24.42 24.52 24.62 24.76 24.79 24.84 24.87 24.93 24.93 24.90 24.93 25.74 26.89 26.55 24.59 22.94 22.59 22.37 22.36 22.31 22.32 22.23 22.54 22.60
traj-149:
34.11 32.41 31.26 30.14 28.40 27.01 26.12 24.17 23.87 21.95 20.68 20.23 19.75 20.12 21.30 22.73 24.69 26.30 27.79
24.77 24.73 24.77 24.80 24.88 24.90 24.94 24.94 24.95 24.92 25.84 26.87 27.86 29.75 30.48 30.40 30.59 31.41 32.50
traj-150:
33.74 32.85 31.40 29.42 28.55 27.39 26.25 24.52 22.82 21.05 20.53 20.15 19.95 19.62 19.37 19.05 19.11 19.11 19.12 19.03 18.83 18.58 18.03 16.16 15.86 14.06 12.85 11.02  9.52  8.22  6.57  5.23
24.93 24.91 24.89 24.91 24.87 24.85 24.83 24.77 24.63 23.78 22.69 20.76 19.78 17.96 16.07 14.34 12.93 12.23 11.12 10.34  8.42  6.56  5.51  4.97  4.96  4.52  4.31  4.41  4.49  4.61  5.21  5.56
traj-151:
38.80 36.86 35.20 33.69 31.92 30.18 29.88 28.12 26.33 24.83 23.08 22.48 20.76 19.87 18.34 18.00 16.26 14.30 12.43 11.88 10.07  8.53  8.48  7.87  7.92
23.40 23.66 23.96 24.13 24.08 24.01 24.02 24.12 24.19 24.25 24.31 24.33 23.99 23.57 22.81 22.68 22.24 22.05 21.76 21.60 21.33 20.47 20.10 18.57 17.44
traj-152:
37.76 37.21 35.76 33.99 32.26 30.84 30.00 28.54 26.81 26.25 24.51 23.34 21.48 20.75 19.92 19.78 20.36 21.93 23.87 25.54
24.50 24.53 24.62 24.75 24.84 24.89 24.86 24.85 24.85 24.85 24.89 24.87 24.98 25.61 27.25 27.60 29.23 30.07 30.26 30.43
traj-153:
35.58 33.71 32.05 30.59 28.92 27.20 26.65 24.70 22.72 21.91 20.41 20.11 20.08 20.04 19.99 19.99 19.93 19.59 19.39 18.86 18.42 17.08 16.79 14.88 13.36 11.39  9.84  8.98  7.53  7.38
23.77 23.15 23.09 23.15 23.12 23.17 23.16 23.23 23.31 23.04 22.28 20.67 19.59 17.68 15.97 14.79 12.79 11.61  9.78  8.12  6.41  5.18  5.11  4.85  4.69  4.81  5.22  5.47  6.75  7.01
traj-154:
36.26 34.46 33.11 31.71 30.03 28.81 26.92 25.56 24.14 22.40 20.66 19.57 17.60 15.93 14.97 13.05 11.32  9.66  7.92  6.16  5.40
23.10 23.29 23.27 23.26 23.28 23.25 23.23 23.38 23.71 24.10 23.36 22.19 22.48 21.93 21.83 21.98 22.08 21.96 21.21 20.33 20.22
traj-155:
34.29 33.43 31.73 30.86 29.11 27.66 26.23 24.51 22.83 21.42 19.79 18.71 18.69 19.93 21.13 22.73 23.51 25.34 27.27 28.54 29.84 31.44
24.30 24.42 24.76 24.81 24.90 24.88 24.85 24.86 24.93 24.93 25.65 26.52 27.99 29.40 30.11 30.18 30.34 30.43 30.67 30.94 31.65 32.34
traj-156:
36.10 34.39 32.62 30.90 29.27 27.70 26.85 24.92 23.45 22.00 20.51 19.66 19.30 18.96 18.85 18.89 19.59 19.72 19.70 19.78 19.45 19.12 18.79 17.84 17.54 15.68 14.93 13.19 11.54  9.69  8.08  7.32  6.01  5.36  4.28
24.71 24.84 24.86 24.84 24.81 24.73 24.74 24.84 24.90 24.88 25.80 24.63 23.46 22.55 20.81 19.23 17.53 15.87 14.28 12.38 10.41  8.71  6.97  5.39  4.88  4.79  5.03  5.45  5.84  6.40  6.59  6.72  6.47  5.86  5.07
traj-157:
37.36 36.48 34.70 33.27 31.51 30.04 29.46 27.74 25.99 24.54 23.68 22.24 20.76 19.98 19.73 19.08 17.61 15.68 13.98 13.39 11.67  9.73  7.83  6.70  5.31
24.77 24.80 24.89 24.87 24.86 24.88 24.88 24.89 24.86 24.88 24.92 24.67 25.76 27.28 26.04 24.20 22.88 22.54 22.31 22.24 22.05 21.72 21.33 20.21 18.85
traj-158:
33.65 31.94 30.52 29.53 28.55 26.61 24.66 23.24 21.81 19.93 19.30 19.16 18.40 17.21 16.18 14.61 13.50
23.11 23.31 23.57 23.62 24.02 24.47 24.85 24.89 24.92 25.49 27.33 27.87 29.22 30.33 31.00 32.00 32.67
traj-159:
35.12 33.34 31.62 30.74 29.26 27.53 26.09 24.26 22.44 21.26 20.82 19.71 20.01 20.36 19.95 19.58 19.63 19.67 19.78 19.83 19.92 19.99 19.96 19.42 19.11 17.54 16.35 14.48 13.03 12.17 10.60  9.51  8.97  7.15  5.62  4.63
24.87 24.88 24.86 24.86 24.87 24.86 24.82 24.83 24.86 24.88 25.27 26.20 24.30 22.39 20.69 19.24 17.41 16.23 14.47 13.91 12.00 11.12  9.14  7.26  6.42  5.50  4.92  5.26  5.54  5.72  6.71  7.81  8.09  8.08  7.26  6.74
traj-160:
39.19 37.49 35.72 34.84 33.10 32.50 31.03 29.28 27.30 25.91 24.26 23.39 21.48 20.11 18.76 18.11 16.26 14.83 12.88 12.28 10.32  9.75  8.90
24.51 24.85 24.90 24.89 24.94 24.93 24.92 24.76 24.85 24.87 24.92 24.94 24.99 24.97 23.58 23.04 22.30 22.37 22.29 22.22 22.26 22.15 22.01
traj-161:
35.76 34.57 32.58 31.71 30.24 28.26 26.51 25.33 23.90 22.15 21.86 20.78 20.71 20.70 21.42 21.79
24.89 24.89 24.91 24.94 24.94 24.89 24.93 24.89 24.87 24.79 24.73 26.12 28.11 28.41 30.26 30.73
traj-162:
34.05 32.33 30.77 28.91 28.08 26.36 24.47 22.50 21.96 20.56 19.57 18.37 18.17 18.77 18.85 19.25 19.52 19.79 19.75 19.48 19.28 18.75 17.73 16.22 14.31 12.97 11.20 10.42  8.94  7.43
23.73 23.90 23.92 23.87 24.04 24.33 24.65 24.91 24.96 23.96 22.62 21.13 20.91 19.17 18.17 16.27 15.15 13.35 11.44  9.71  8.32  7.17  5.74  5.06  4.89  4.68  4.78  5.13  5.24  5.57
traj-163:
36.09 34.37 33.71 32.26 31.67 29.89 28.43 26.64 25.74 24.54 22.75 20.96 19.42 18.79 17.70 15.80 14.71 12.99 10.99  9.04  7.92
24.15 24.17 24.17 24.20 24.22 24.31 24.36 24.43 24.46 24.50 24.58 24.63 23.81 23.50 22.74 22.31 22.26 22.29 22.29 22.33 21.99
traj-164:
38.61 37.18 36.30 35.13 33.37 32.49 30.74 29.56 28.11 26.93 25.19 23.74 22.36 21.49 20.15 19.68 19.41 19.54 20.00 19.26 17.90
24.75 24.87 24.88 24.88 24.90 24.92 24.93 24.96 24.96 24.94 24.93 24.93 24.95 24.97 25.90 27.20 29.07 29.34 31.19 32.64 33.80
traj-165:
33.66 32.53 31.16 29.44 28.57 27.12 26.25 24.51 23.91 22.27 20.98 20.64 18.82 18.05 18.55 18.31 18.29 18.24 18.41 18.45 18.58 18.67 19.33 19.46 19.99 19.16 18.27 16.88 15.20 13.83 12.13 10.89  9.25  7.91  6.44  5.98
24.52 24.63 24.75 24.82 24.85 24.84 24.86 24.80 24.80 24.54 23.96 24.13 23.38 21.77 20.11 19.57 17.83 15.88 13.94 13.15 11.40  9.69  7.98  7.41  5.87  4.42  4.51  5.00  5.08  5.12  5.37  5.97  6.59  6.86  6.31  6.27
traj-166:
35.82 35.22 33.35 32.13 30.60 28.76 27.04 26.22 24.50 23.75 22.48 21.00 19.81 18.63 16.98 15.51 13.78 12.29 10.63  9.16  8.66  8.15  7.82
23.48 23.53 23.61 23.63 23.45 23.45 23.34 23.24 23.22 23.27 23.32 23.52 23.70 22.96 22.31 22.27 22.22 22.04 21.84 21.17 20.51 19.50 18.15
traj-167:
34.69 33.01 31.30 29.82 28.37 27.80 26.35 25.22 24.12 22.73 21.37 20.38 19.95 19.29 19.95 20.55 22.12 23.88 25.28 27.04 28.73 30.41
24.00 24.54 24.80 24.85 24.75 24.75 24.65 24.74 24.78 24.80 24.81 26.54 27.60 29.33 30.98 32.28 32.56 32.49 32.41 33.20 33.68 34.38
traj-168:
35.51 33.60 31.85 30.26 29.16 28.15 26.16 24.54 22.71 21.27 20.78 19.59 19.80 19.96 19.90 19.86 19.84 19.73 19.41 19.03 18.71 17.53 15.73 14.01 12.41 11.08 10.53  9.17
23.28 23.36 23.29 23.21 23.17 23.14 23.12 23.14 23.29 23.21 22.88 21.31 19.74 17.83 16.22 14.25 13.95 12.00 10.06  8.32  6.88  5.35  5.19  4.95  5.18  5.70  5.89  6.52
traj-169:
33.65 33.08 31.35 29.66 27.68 26.27 24.30 22.84 21.15 20.90 19.06 18.33 18.20 16.78 16.49 14.77 14.28 12.44 10.61  8.93
24.41 24.50 24.60 24.65 24.75 24.87 24.91 24.91 24.90 25.06 24.92 23.23 22.96 21.62 21.59 21.75 21.95 21.81 21.66 21.57
traj-170:
34.06 32.90 31.15 29.72 27.98 26.30 25.13 23.69 21.96 21.76 19.98 19.91 19.94 19.66 18.82 17.95 16.43 15.59 14.37 13.36 12.30 10.59 10.12
24.71 24.74 24.86 24.88 24.89 24.85 24.88 24.84 24.95 25.17 25.82 27.28 28.47 29.74 31.33 31.44 31.72 31.72 32.22 32.26 32.43 32.87 32.77
traj-171:
37.05 35.90 33.90 33.16 31.62 30.20 28.46 27.05 25.06 23.18 21.33 19.47 19.67 20.01 19.97 20.12 20.10 20.10 20.01 19.94 19.73 19.61 19.14 18.70 17.28 16.00 14.02 12.47 11.31  9.88
24.42 24.46 24.57 24.62 24.73 24.76 24.76 24.78 24.76 24.81 24.75 25.29 23.92 22.04 20.55 18.62 17.18 15.70 14.07 12.40 10.48  9.02  7.35  6.56  5.19  4.95  4.69  4.49  4.35  4.16
traj-172:
35.08 33.82 32.23 30.44 28.67 26.78 24.91 23.32 22.30 20.41 20.13 18.94 17.83 16.66 15.04 13.88 12.21 10.63  8.93  8.27  7.35  6.52
23.82 23.79 23.74 23.49 23.28 23.27 23.23 23.22 23.19 23.21 22.70 21.48 21.28 21.09 22.08 22.13 21.97 21.91 21.42 20.30 18.72 17.65
traj-173:
36.96 35.17 34.04 32.58 31.12 30.24 28.53 27.64 26.46 24.50 22.78 22.22 20.54 20.12 20.15 21.71 22.90 23.60 24.50
24.95 24.92 24.92 24.93 24.89 24.87 24.83 24.87 24.88 24.89 24.88 24.87 25.75 27.65 29.23 30.04 31.32 32.34 34.06
traj-174:
36.63 35.17 34.00 32.05 31.78 30.11 28.42 26.71 25.55 24.48 23.23 21.80 20.13 19.45 19.35 19.58 19.83 19.87 19.72 19.71 19.67 19.39 19.05 18.72 17.49 16.04 15.45 13.67 12.09 10.64  8.90  7.87  6.95
23.76 23.67 23.65 23.97 24.09 24.58 24.79 24.90 24.95 24.97 24.94 24.93 23.83 21.98 20.33 18.48 16.66 15.88 14.01 12.87 11.07  9.65  7.93  6.82  5.60  4.89  4.89  4.58  4.53  5.08  6.04  6.82  8.22
traj-175:
36.01 34.32 34.03 32.33 30.57 28.81 26.82 25.42 23.46 21.55 19.66 18.74 17.43 16.02 14.15 12.46 10.79  9.95  8.21  6.70  5.62  5.04
24.15 24.42 24.49 24.83 24.81 24.88 24.92 24.91 24.92 24.97 25.44 24.02 22.74 22.31 22.10 22.17 22.19 21.90 21.39 20.40 19.32 18.81
traj-176:
39.04 38.16 37.00 35.87 34.40 33.22 31.48 30.31 29.17 27.75 26.29 24.58 23.17 22.31 20.65 20.04 19.59 19.87 20.29 20.87 21.31
24.49 24.56 24.68 24.82 24.91 24.84 24.82 24.76 24.83 24.91 24.89 24.92 24.89 24.89 25.97 27.79 29.68 31.17 33.01 34.72 35.05
traj-177:
35.56 34.43 32.73 32.43 30.71 29.53 28.63 26.87 25.72 24.32 22.35 21.76 20.54 20.14 19.52 19.44 19.58 19.65 19.65 19.68 19.78 19.86 19.48 18.20 17.34 15.52 13.70 12.46 10.96 10.09  9.36  8.06  7.28
24.90 24.90 24.92 24.92 24.94 24.94 24.91 24.72 24.55 24.61 24.76 24.69 23.77 22.17 20.71 19.23 17.94 16.10 14.15 12.32 10.48  8.86  7.75  6.41  5.25  5.07  5.04  5.33  6.10  6.98  7.62  8.50  9.22
traj-178:
35.87 35.57 33.87 33.14 31.51 29.98 28.74 27.04 26.44 24.74 22.80 21.38 19.80 18.65 17.32 16.23 15.93 14.00 13.13 11.13  9.89  8.49  8.12  7.23  6.89
23.13 23.14 23.32 23.59 24.24 24.38 24.54 24.52 24.53 24.71 24.90 24.99 25.52 23.96 22.64 22.26 22.24 22.17 22.08 21.93 21.58 20.69 20.04 18.49 17.78
traj-179:
34.00 33.15 31.43 29.64 28.08 27.30 25.43 24.83 23.10 22.23 21.03 20.89 20.61 19.68 19.20 18.91 18.65 18.68 19.91 21.04
23.68 23.67 23.62 23.35 23.51 23.47 23.25 23.21 23.31 23.33 23.34 23.60 23.70 25.27 26.58 27.17 28.76 30.64 31.91 33.07
traj-180:
35.79 34.60 33.50 32.05 30.60 28.71 27.60 25.87 25.05 23.11 22.81 20.82 19.97 19.61 19.42 19.84 19.96 19.92 19.75 19.68 19.57 19.26 18.90 18.76 17.33 16.17 14.26 13.42 11.44  9.54  7.68  5.89
24.64 24.67 24.72 24.77 24.80 24.79 24.79 24.80 24.81 24.76 24.75 24.74 23.44 22.11 20.64 18.70 16.73 14.79 12.96 12.21 10.27  8.45  7.01  6.44  5.33  4.80  4.86  4.89  4.97  5.40  5.62  5.65
traj-181:
38.58 37.12 35.37 33.94 32.80 31.10 29.36 27.89 25.90 25.60 23.88 22.15 20.88 19.62 19.03 17.58 17.05 15.33 14.44 12.75 10.85  8.99  8.03  7.46  6.44  5.93
24.39 24.56 24.69 24.88 24.84 24.83 24.85 24.89 24.81 24.79 24.81 24.76 25.41 25.75 23.94 22.73 22.45 22.17 22.09 22.01 22.00 21.54 20.24 19.31 17.88 17.20
traj-182:
35.09 34.00 32.41 30.74 29.64 27.71 26.22 24.55 23.14 21.82 20.18 20.11 19.93 19.46 17.97 17.35 17.45 17.50 17.48
23.88 23.78 23.58 23.41 23.27 23.42 23.62 23.65 24.32 24.80 25.93 26.49 28.14 29.28 30.11 31.89 32.41 33.89 34.41
traj-183:
38.11 37.13 35.60 33.66 32.60 31.16 29.36 27.50 25.97 25.67 25.44 24.05 23.77 21.87 20.34 20.32 20.19 19.98 19.83 19.84 19.99 20.02 20.08 19.78 19.53 19.13 18.86 18.53 17.41 16.05 14.25 13.37 12.05 10.63  9.17  7.66  6.16
23.35 23.31 23.31 23.28 23.27 23.35 23.43 23.50 23.54 23.56 23.99 24.32 24.43 24.85 24.76 23.03 22.52 21.01 19.12 18.60 16.74 16.21 14.39 12.48 11.08  9.38  8.29  6.90  5.69  5.14  5.08  5.15  5.28  5.98  5.90  5.62  4.60
traj-184:
36.68 36.13 34.60 33.13 31.71 30.57 28.62 26.68 24.76 23.86 22.00 20.85 19.04 18.54 16.74 15.27 13.38 12.81 10.82  9.22  8.19  7.59  6.60  5.88
23.39 23.34 23.21 23.13 23.15 23.13 23.21 23.51 23.69 23.80 23.64 23.44 23.12 22.90 22.19 22.17 22.18 22.26 22.31 21.70 20.26 19.32 17.80 17.04
traj-185:
35.81 34.68 32.99 31.32 30.73 28.95 28.38 26.63 25.22 23.78 21.79 20.20 19.95 18.37 18.26 18.17 18.07 18.07
24.21 24.38 24.61 24.88 24.87 24.85 24.84 24.80 24.81 24.80 24.88 25.74 25.91 26.91 28.66 30.20 31.21 32.65
traj-186:
35.15 33.16 31.24 30.53 28.80 27.33 25.63 24.21 23.79 21.85 21.01 20.14 19.93 19.82 19.66 19.51 19.37 19.23 19.02 18.64 18.32 18.20 17.14 16.22 14.65 14.36 12.37 10.70  9.37  8.19
24.96 24.80 24.79 24.81 24.89 24.91 24.89 23.99 23.89 23.39 23.22 22.35 20.43 19.16 17.57 16.25 14.64 13.38 11.75  9.80  7.91  6.89  5.65  5.42  4.95  5.02  5.21  5.64  6.06  6.40
traj-187:
38.76 37.46 36.68 35.24 33.74 32.46 30.51 28.90 28.04 26.35 24.62 23.56 21.82 20.22 18.70 17.07 15.86 14.99 13.27 12.98 11.84 10.64  9.44  8.93  8.26  8.12
23.44 23.44 23.47 23.47 23.60 23.80 24.11 24.43 24.52 24.70 24.79 24.88 24.83 23.94 22.80 21.87 22.04 22.16 22.28 22.25 22.03 21.57 21.15 20.87 19.10 18.52
traj-188:
36.39 34.78 33.27 32.15 30.76 29.40 27.42 25.69 24.56 23.16 22.30 20.65 20.44 20.14 20.14 21.30 23.05 24.48 26.31 28.28 30.19 32.05
23.54 23.22 24.18 24.31 24.56 24.76 24.79 24.81 24.84 24.91 24.92 25.83 26.85 28.50 29.03 30.26 30.02 30.00 30.09 30.33 30.69 31.15
traj-189:
36.13 34.94 33.03 31.23 29.61 28.42 26.54 25.05 24.46 22.49 21.33 20.14 18.93 18.96 18.88 18.89 19.01 19.30 19.23 19.02 18.70 18.65 18.55 18.35 16.86 15.18 14.37 13.17 11.36 11.06  9.23  8.93
23.63 23.69 23.48 23.58 23.63 23.63 23.84 23.82 23.89 24.06 24.07 24.08 22.55 22.01 20.49 19.77 17.81 15.86 14.08 13.02 11.45  9.55  7.73  5.97  4.84  4.90  4.92  4.92  4.88  4.87  5.30  5.34
traj-190:
33.86 32.20 30.28 28.57 27.17 25.17 23.23 21.52 20.68 19.80 19.19 17.66 16.02 15.43 13.47 11.53  9.84  8.07  6.94  6.31  5.45
23.95 24.33 24.71 24.82 24.86 24.89 24.93 24.97 24.98 24.09 23.13 22.80 22.32 22.24 22.12 22.05 21.97 21.06 19.70 18.87 17.81
traj-191:
37.89 36.47 35.29 33.86 32.11 31.22 29.23 28.43 26.70 25.56 24.44 23.29 21.34 20.20 20.42 20.34 20.30 19.04 17.42 15.65 13.65 13.12 11.40
24.04 24.17 24.29 24.46 24.62 24.73 24.78 24.82 24.85 24.83 24.78 24.78 24.81 26.18 27.94 29.36 29.94 31.26 30.96 31.76 31.90 31.98 32.24
traj-192:
36.62 35.44 34.31 32.55 31.36 29.72 27.80 26.90 25.00 23.03 22.27 20.85 20.17 19.97 20.04 19.93 19.80 19.75 19.66 19.51 19.37 19.09 18.87 18.33 18.07 17.70 16.13 15.39 13.64 12.39 10.68  9.47  8.00  6.60  4.75
24.23 24.15 24.09 24.02 24.03 24.08 24.08 24.08 24.11 24.04 24.22 23.57 22.04 20.89 19.62 17.94 17.08 15.68 13.93 12.49 11.86 10.40  9.15  7.30  6.09  5.63  4.99  4.94  4.91  4.93  5.55  6.02  6.64  7.11  7.80
traj-193:
33.73 32.88 31.49 29.57 29.27 27.30 25.49 24.01 22.82 21.09 20.39 18.52 17.77 16.21 14.96 13.20 11.54 10.48  8.62  7.30  6.24  5.38
23.28 23.14 23.26 23.32 23.33 23.41 23.59 23.71 23.79 24.16 24.30 23.73 22.58 21.42 21.32 21.76 21.62 21.67 21.30 19.95 18.43 17.06
traj-194:
36.20 35.34 33.93 32.47 31.05 29.32 27.55 25.58 23.84 22.49 21.36 20.39 20.64 20.87 20.70 21.75 22.35
24.40 24.59 24.88 24.87 24.89 24.91 24.89 24.95 24.94 24.96 24.94 26.24 27.72 29.46 30.85 32.38 32.82
traj-195:
35.19 33.75 32.58 31.73 30.56 28.82 27.34 25.60 23.91 22.49 20.73 20.68 19.93 19.45 19.37 19.96 19.96 20.05 20.16 20.24 20.16 19.80 19.56 19.14 18.88 17.19 16.31 14.64 12.87 10.93  9.90  8.11  6.97  5.47
24.81 24.92 24.81 24.73 24.80 24.89 24.88 24.79 24.82 24.77 24.71 24.42 22.74 21.58 19.73 17.82 16.39 15.01 13.34 11.86  9.88  8.16  7.31  5.92  5.07  4.29  4.47  5.03  5.08  5.53  5.85  6.34  7.06  8.22
traj-196:
35.53 34.11 32.14 30.67 29.00 27.28 25.88 25.02 23.03 21.28 21.09 19.35 18.26 18.03 17.11 15.77 14.51 13.63 11.95 10.24  9.66  7.70  6.60
24.19 24.62 24.90 24.86 24.82 24.83 24.85 24.86 24.89 24.83 25.06 25.56 24.12 23.92 22.45 22.31 22.33 22.35 22.38 22.50 22.54 22.74 22.77
traj-197:
34.87 33.14 31.38 29.62 28.34 26.68 24.96 23.21 21.77 20.96 19.56 18.71 19.16 19.39 19.97 20.22 21.41 22.84 24.61
24.63 24.70 24.83 24.88 24.87 24.86 24.86 24.88 24.86 24.87 26.15 26.83 28.54 29.09 30.42 30.95 32.10 33.08 33.91
traj-198:
34.88 33.14 31.66 30.23 28.47 27.30 26.46 25.03 23.05 21.13 20.91 19.08 19.50 19.76 19.69 19.84 19.82 19.79 19.95 19.87 19.75 19.60 19.30 19.10 18.61 17.56 16.26 14.93 12.97 12.68 10.78  9.85  8.50
24.91 24.93 24.89 24.89 24.86 24.84 24.89 24.89 24.94 24.94 25.14 25.92 24.18 22.38 20.58 18.94 18.35 16.43 14.48 13.38 11.47 10.16  8.43  7.56  6.48  5.38  5.11  4.88  4.60  4.64  4.78  4.75  4.57
traj-199:
38.16 37.58 36.15 35.56 33.81 32.13 30.36 28.62 26.88 25.73 23.98 22.21 21.63 20.38 18.65 17.42 16.53 15.06 13.31 11.82 10.45  8.83  7.63  6.84
24.79 24.78 24.80 24.84 24.91 24.93 24.90 24.94 24.91 24.90 24.89 24.82 24.72 24.44 23.95 22.69 22.59 22.40 22.28 22.21 22.15 21.87 21.13 20.47
traj-200:
37.65 37.08 35.33 34.15 33.31 31.88 30.42 28.68 27.80 25.82 23.86 21.91 20.69 20.61 20.64 20.72 22.37 23.20 24.80 26.68 28.24
24.40 24.31 24.39 24.49 24.57 24.70 24.79 24.87 24.90 24.92 24.92 24.85 25.68 27.13 28.86 29.15 30.13 30.21 30.38 30.71 30.96
traj-201:
35.38 33.65 31.88 31.09 29.36 28.23 26.49 25.62 24.20 23.03 21.91 20.36 19.39 18.65 18.54 18.31 18.25 18.29 18.28 18.26 18.24 18.44 18.41 18.49 19.05 19.07 17.15 16.57 14.58 13.46 12.01 10.52 10.21  8.60  7.73  6.33  5.25
24.70 24.82 24.88 24.89 24.91 24.95 24.96 24.96 24.98 25.00 24.98 23.91 22.36 20.79 19.96 18.13 17.50 15.69 14.30 12.75 12.19 10.27  9.97  8.13  6.59  5.08  4.98  4.96  4.96  5.30  5.64  6.64  7.12  7.94  7.87  7.82  7.70
traj-202:
36.94 36.26 34.30 32.64 31.09 30.06 29.06 27.22 25.72 24.30 22.68 21.34 19.77 17.96 16.19 15.60 13.89 13.00 11.29  9.30  8.68  8.68  8.73
23.62 23.43 23.25 23.27 23.24 23.21 23.24 23.47 23.47 23.36 23.23 23.08 23.00 22.76 22.18 22.13 22.18 22.19 22.10 21.95 20.47 19.03 18.15
traj-203:
33.87 32.54 31.69 30.27 28.56 26.78 25.05 23.62 21.94 20.29 19.94 19.54 19.47 18.12 17.20 15.39
24.29 24.60 24.77 24.88 24.86 24.88 24.87 24.92 24.93 25.83 26.59 28.39 30.23 31.59 31.33 30.83
traj-204:
34.08 32.52 31.28 29.80 28.36 26.90 25.15 23.19 21.76 19.93 19.36 18.87 18.66 18.57 18.23 18.22 18.29 18.54 19.22 19.38 19.71 19.32 18.37 16.67 15.09 13.52 11.56 10.69  9.38  7.63
24.58 24.81 24.89 24.90 24.87 24.88 24.79 24.78 24.76 23.96 23.15 21.65 20.51 19.37 17.74 16.60 14.73 12.89 11.20 10.43  8.62  7.22  5.67  5.13  4.82  4.50  4.32  4.40  4.48  4.31
traj-205:
33.96 31.98 30.12 28.73 26.98 25.50 24.21 22.78 21.18 20.05 18.97 18.47 17.43 16.57 15.14 14.57 12.62 12.33 10.38  8.48  7.65  6.60
23.24 23.18 23.12 23.08 23.02 23.37 23.61 23.82 24.45 24.89 23.70 23.19 22.31 22.12 22.20 22.22 22.24 22.17 21.89 21.66 20.97 20.17
traj-206:
38.24 36.36 35.48 33.69 32.30 30.52 28.61 27.60 26.42 24.71 22.79 21.45 20.20 19.46 20.30 21.81 23.08 24.56 25.46 26.78 27.93
23.11 23.19 23.20 23.27 23.24 23.28 23.48 23.61 23.67 24.22 24.64 24.92 26.32 27.29 29.04 30.09 30.33 31.60 31.98 32.56 33.26
traj-207:
38.03 36.67 35.19 33.47 32.01 30.52 28.78 27.59 25.81 24.33 22.54 20.59 19.90 19.83 19.68 19.71 19.62 19.34 19.21 19.09 18.89 18.70 18.49 17.77 16.16 15.03 13.87 11.88 10.43 10.10  9.92  9.41
24.17 24.21 24.17 24.17 24.13 24.12 24.11 24.17 24.30 24.41 24.52 24.46 22.69 21.44 20.18 18.61 16.69 14.93 13.44 11.75  9.98  8.33  7.27  5.88  5.11  5.31  5.47  5.67  6.81  8.21  9.00  9.31
traj-208:
36.46 36.17 34.23 32.30 31.27 29.30 28.85 26.95 26.81 24.97 23.42 21.48 19.70 19.05 17.33 15.37 13.42 11.44  9.69  8.03  8.07  8.12
24.07 24.03 23.75 23.45 23.35 23.21 23.25 23.46 23.73 23.91 24.64 24.73 24.53 22.98 22.42 22.21 22.37 22.41 22.24 21.57 19.98 18.94
traj-209:
34.15 32.47 31.14 29.72 28.30 26.61 26.33 24.37 23.86 22.27 21.76 20.33 20.20 19.94 19.68 17.85 16.49 14.60 12.70 10.86  8.94  7.48  6.40
23.93 23.32 23.26 23.16 23.22 23.46 23.57 23.82 23.93 24.58 24.90 25.91 27.41 29.39 31.12 31.67 31.79 31.92 31.92 31.93 32.40 33.52 34.26
traj-210:
34.88 33.20 31.53 31.23 29.31 27.33 26.76 25.33 24.45 22.72 20.93 20.69 20.30 19.76 19.61 19.99 20.05 20.10 19.91 19.30 18.87 18.46 17.44 16.36 15.00 13.89 12.16 11.56  9.85  9.05
23.17 24.07 24.47 24.51 24.85 24.89 24.89 24.88 24.88 24.84 23.97 22.92 21.25 19.62 17.72 15.85 14.15 13.58 11.83 10.28  8.88  7.15  5.61  5.07  5.26  5.43  5.68  5.77  6.59  6.99
traj-211:
35.65 35.20 33.33 32.74 31.31 29.61 28.49 27.07 25.63 24.76 22.85 21.12 19.73 18.83 18.63 17.26 17.02 15.22 13.46 12.30 10.86  9.71  8.25
23.40 23.53 24.16 24.21 24.43 24.67 24.80 24.85 24.89 24.91 24.94 24.99 25.93 24.38 23.81 22.40 22.21 22.17 22.21 22.16 22.10 21.46 20.59
traj-212:
34.75 33.18 31.34 29.90 28.16 26.56 24.92 23.20 22.07 20.54 20.17 19.25 18.66 19.65 21.47 23.21 23.68 25.41 27.04 28.20 29.43
23.30 23.30 23.36 23.52 23.68 24.08 24.51 24.79 24.89 25.69 26.16 27.20 27.76 29.41 30.11 30.97 31.13 31.98 32.85 33.62 34.53
traj-213:
37.78 37.18 35.72 34.24 32.79 31.39 29.66 27.87 26.69 24.95 22.96 21.79 20.49 20.37 20.05 20.10 19.86 19.79 20.09 20.07 20.13 19.87 19.63 18.92 18.11 17.86 16.03 15.00 13.05 11.07 10.78  9.08
24.89 24.87 24.92 24.93 24.91 24.90 24.91 24.90 24.88 24.90 24.91 24.91 23.99 23.14 21.29 19.63 17.70 15.72 14.61 12.67 11.49 10.12  9.34  7.75  5.93  5.45  4.99  5.03  5.07  5.21  5.28  5.72
traj-214:
37.31 35.60 35.30 33.40 32.81 31.09 30.21 28.25 26.82 25.38 24.22 22.79 21.10 19.25 18.29 17.17 16.87 15.08 14.78 13.07 11.37  9.64  8.12  6.20  5.90
24.03 24.22 24.24 24.53 24.55 24.65 24.69 24.72 24.83 24.87 24.85 24.80 24.76 24.86 23.96 22.90 22.88 22.77 22.76 22.65 22.63 22.51 22.53 22.52 22.57
traj-215:
34.94 33.31 31.57 30.20 28.21 26.48 25.31 23.56 21.83 19.97 19.21 18.62 18.21 18.10 17.69 17.22 16.10
24.31 24.59 24.68 24.76 24.85 24.92 24.92 24.94 24.93 25.50 26.26 27.08 28.96 30.90 32.66 34.58 35.34
traj-216:
35.68 35.39 33.51 31.57 31.03 29.14 28.14 27.84 26.11 24.35 24.08 22.16 21.01 20.94 19.14 18.54 18.26 18.25 18.15 18.20 18.10 18.14 18.16 18.24 18.29 18.37 18.40 18.67 18.72 17.24 15.66 14.86 12.98 11.59 10.10  8.78  7.49
24.17 24.06 23.98 23.74 23.71 23.53 23.47 23.50 23.88 24.28 24.41 24.81 24.80 24.51 24.35 23.74 21.79 21.49 19.51 18.91 17.18 15.52 13.60 11.89 10.96  9.03  8.20  8.09  6.34  5.22  5.13  5.06  5.09  5.37  6.42  7.52  8.54
traj-217:
35.64 34.23 32.45 30.95 30.35 28.64 27.15 25.36 24.16 22.21 20.27 19.57 17.66 16.79 14.99 14.19 12.82 10.88  9.71  8.04  6.45
24.11 24.04 23.95 23.91 23.93 24.06 24.04 24.06 24.04 23.58 23.15 22.87 22.27 22.08 21.95 22.02 22.26 22.17 21.53 20.51 19.36
traj-218:
38.83 38.01 36.33 35.73 34.00 32.33 30.55 28.60 26.90 25.79 24.06 23.20 21.47 20.53 20.59 20.65 20.91 21.42 22.66 24.10 25.45 27.16 28.84 30.75 32.50
23.61 23.47 23.51 23.51 23.69 23.84 23.97 24.10 24.45 24.74 24.82 24.86 24.95 25.56 27.00 27.87 29.71 30.14 30.14 30.18 30.20 30.25 30.44 30.70 30.81
traj-219:
38.03 36.85 34.94 33.37 32.24 31.08 29.66 29.07 27.36 25.38 24.24 23.12 21.43 20.28 19.88 19.38 19.44 19.90 20.06 20.19 20.34 20.38 20.31 20.09 19.45 18.44 17.36 15.55 14.06 12.58 10.78  8.90  7.15  6.30
24.90 24.89 24.89 24.84 24.85 24.87 24.89 24.88 24.84 24.84 24.82 24.77 24.72 24.63 23.67 22.31 20.52 19.05 17.33 16.26 14.59 12.85 11.39  9.66  8.02  6.62  5.29  4.89  5.01  5.14  5.36  5.50  6.35  6.62
traj-220:
35.64 34.23 32.30 32.00 30.08 29.30 27.74 26.28 25.12 23.67 21.93 21.34 19.57 18.89 17.96 16.48 14.81 13.95 11.98 10.49  9.06  7.93
24.38 24.64 24.87 24.83 24.75 24.71 24.69 24.75 24.82 24.80 24.82 24.77 24.86 23.79 22.55 22.29 22.18 22.11 21.99 21.68 21.36 21.10
traj-221:
34.55 32.88 31.24 29.49 27.52 26.09 24.64 23.49 22.35 20.89 20.43 19.15 18.53 18.01 16.12 15.14 13.32 12.24 11.88 10.56
24.04 24.41 24.66 24.87 24.85 24.89 24.92 24.93 24.90 24.90 25.27 26.48 28.14 29.66 30.25 30.19 30.26 30.30 30.76 30.94
traj-222:
34.53 33.37 31.66 31.07 29.65 27.98 27.42 25.97 24.24 23.05 22.16 20.55 19.64 18.04 18.08 18.30 18.34 19.09 19.58 19.68 19.79 20.12 20.27 20.08 19.71 19.44 18.88 17.92 16.31 15.29 13.34 11.52 10.56  9.93  8.24  7.11  5.50
24.32 24.49 24.69 24.72 24.78 24.85 24.86 24.87 24.91 24.90 24.89 25.82 27.23 26.16 25.57 23.82 23.34 21.64 19.97 18.61 17.01 15.29 13.57 11.85 10.13  8.99  7.32  5.77  5.18  5.15  5.14  5.87  7.39  8.95  8.89  8.88  8.89
traj-223:
34.22 32.25 31.21 29.49 27.75 26.01 24.34 23.67 21.91 21.09 19.52 18.52 17.34 16.11 14.60 12.77 11.10  9.57  7.95  7.39  5.41  5.11
23.14 23.30 23.27 23.18 23.25 23.23 23.36 23.38 24.09 24.31 23.71 23.30 22.43 22.03 21.62 21.88 21.91 21.95 22.01 21.98 22.12 22.11
traj-224:
38.37 37.00 35.18 33.69 31.70 29.75 28.20 26.34 24.45 22.92 21.48 20.14 19.46 18.46 18.29 17.17 15.49 13.73 12.04 11.74
24.14 23.72 23.43 23.34 23.30 23.53 23.64 23.90 24.08 24.47 24.91 25.60 26.43 27.21 29.08 30.32 30.43 30.53 30.88 30.85
traj-225:
36.04 34.36 32.61 30.83 29.67 27.99 26.26 24.31 22.57 20.75 19.82 19.74 19.92 19.86 19.88 19.89 19.90 19.78 19.67 19.48 19.23 18.58 16.95 15.33 13.44 11.48 10.46  9.19  7.61  7.00
24.69 24.81 24.95 24.95 24.94 24.90 24.87 24.87 24.90 24.71 23.42 21.51 20.13 18.98 17.87 15.96 14.22 12.28 10.38  8.72  7.26  5.61  4.83  4.85  4.78  5.08  5.52  6.07  6.58  6.98
traj-226:
38.17 36.74 35.87 34.13 32.38 30.39 28.95 27.78 26.07 24.31 22.32 20.55 19.89 19.68 19.20 18.24 17.37 16.86 15.06 13.96 12.81 11.67  9.88  8.74  8.01  7.02  5.69  5.06
24.77 24.79 24.81 24.82 24.89 24.94 24.93 24.94 25.00 24.95 24.92 25.84 26.43 26.21 25.53 23.93 22.46 22.21 22.18 22.17 22.15 22.08 21.99 21.90 21.24 20.48 19.27 18.65
traj-227:
34.20 33.39 31.68 30.05 28.13 27.54 25.61 23.68 22.21 20.59 20.58 20.54 20.43 20.47 21.82 23.02 24.64 25.84
23.28 23.31 23.44 23.58 23.81 23.76 23.59 23.54 23.51 24.27 25.98 26.84 28.55 29.14 30.07 30.16 30.08 30.02
traj-228:
34.02 33.15 31.71 30.55 29.69 27.94 26.46 25.32 23.91 22.49 21.30 19.53 19.05 18.84 18.97 19.58 19.79 20.01 20.12 19.74 19.20 18.92 18.52 17.28 16.21 14.86 13.79 11.99 10.09  8.25  6.62
24.98 24.88 24.95 24.92 24.89 24.88 24.86 24.85 24.84 24.76 24.67 23.82 22.08 20.71 18.84 16.95 15.17 13.28 12.12 10.23  8.62  7.78  6.65  5.14  5.01  4.84  4.55  4.75  4.71  5.09  5.28
traj-229:
35.72 34.01 33.13 31.38 29.63 28.19 26.75 25.61 23.65 21.94 20.54 19.48 17.53 15.55 14.15 12.44 10.71  8.96
24.73 24.79 24.81 24.86 24.83 24.82 24.79 24.79 24.81 24.77 23.79 22.71 22.28 22.33 22.26 22.19 21.96 22.25
traj-230:
39.12 37.14 35.15 34.35 32.50 30.83 28.94 28.25 26.54 24.61 22.69 21.78 21.47 20.09 19.50 19.22 19.07 17.35 15.85 13.97 12.37 11.21 10.33  8.80  6.87  6.07
24.07 24.01 23.98 23.97 23.77 23.47 23.33 23.37 23.33 23.48 23.48 24.14 24.41 25.69 27.52 28.85 29.66 30.21 30.53 30.58 30.69 30.72 30.73 30.83 31.13 31.33
traj-231:
35.97 35.10 33.97 33.13 31.40 30.22 28.77 27.07 25.91 24.45 22.98 21.26 20.79 20.59 20.60 20.69 20.79 20.86 20.89 20.87 20.84 20.78 20.35 19.62 18.75 18.47 16.49 14.59 14.17 12.52 11.57  9.76  7.79  6.82  4.89  4.39
24.34 24.44 24.71 24.82 24.90 24.90 24.93 24.92 24.95 24.97 24.99 23.98 22.10 20.42 19.58 18.16 16.47 14.54 12.80 11.02  9.57  7.88  6.15  4.56  4.77  4.87  4.62  4.68  4.68  4.88  4.70  4.48  4.46  4.55  4.43  4.34
traj-232:
34.66 33.38 31.67 30.31 28.88 26.96 25.33 23.92 22.41 21.20 19.63 18.44 17.47 15.61 14.53 12.81 11.10  9.18  8.01  6.47  5.43
23.26 23.25 23.22 23.23 23.16 23.27 23.30 23.26 23.44 24.08 24.66 23.44 22.43 22.25 22.21 22.27 22.00 21.73 20.42 19.47 18.98
traj-233:
38.03 37.84 35.92 34.39 33.12 31.28 29.59 28.13 26.79 24.87 23.02 22.22 20.93 19.86 19.96 20.01 19.88 17.99 16.82 15.94 14.32 13.09 12.19 10.95  9.31
23.32 23.55 23.49 23.30 23.27 23.15 23.18 23.27 23.31 23.58 24.06 24.47 25.13 26.81 28.16 28.99 30.77 31.07 30.89 30.76 30.54 30.40 30.41 30.47 30.62
traj-234:
33.71 32.74 30.86 29.08 28.24 26.75 24.96 23.12 21.39 20.02 20.00 19.81 19.65 19.54 19.48 19.34 19.38 19.20 18.77 18.55 17.52 16.18 15.89 14.11 13.24 11.32 10.76  9.66  8.93  8.01
23.71 23.69 23.93 23.96 24.04 24.05 24.06 23.56 23.45 22.10 20.65 19.17 18.06 16.69 15.67 14.37 12.37 11.11  9.18  7.41  5.86  5.00  5.06  5.06  5.16  5.61  5.94  7.31  8.48  9.29
traj-235:
37.79 36.11 34.93 33.19 32.04 30.06 28.57 27.40 26.24 25.08 23.65 22.52 20.63 19.12 17.57 16.22 15.13 13.41 12.07 10.16  8.52  6.81
24.65 24.88 24.87 24.86 24.87 24.89 24.87 24.87 24.87 24.87 24.88 24.86 24.86 23.96 22.96 22.57 22.61 22.59 22.50 22.36 21.62 20.99
traj-236:
36.56 35.10 33.35 31.98 30.06 29.76 27.85 26.21 24.74 23.04 22.38 21.65 21.43 20.42 19.36 18.72 19.38 21.03 22.74 24.44 25.29 26.98 28.13 28.73
24.02 23.94 23.82 23.68 23.51 23.51 23.44 23.37 23.29 23.65 24.07 24.58 24.79 26.49 27.99 28.46 30.32 30.99 31.64 32.32 32.50 33.56 34.31 34.65
traj-237:
36.09 34.64 33.79 32.63 31.47 29.53 27.55 26.44 24.98 23.85 22.67 20.99 20.66 20.61 20.42 20.32 20.37 19.84 19.77 19.57 19.21 19.03 18.96 18.66 18.47 18.26 17.09 16.24 14.39 12.47 11.59 10.06  9.59
24.93 24.91 24.91 24.88 24.87 24.80 24.82 24.80 24.87 24.86 24.85 24.59 23.02 22.72 20.74 19.29 18.41 16.69 15.64 14.02 12.31 11.45  9.90  8.48  7.62  6.46  5.09  4.97  5.27  5.46  5.56  6.75  7.11
traj-238:
36.66 35.50 33.80 32.12 31.55 29.80 28.35 26.59 25.19 23.75 22.06 20.38 19.90 18.72 18.31 17.48 16.93 15.14 14.68 13.08 11.29  9.32  8.54
24.31 24.42 24.59 24.70 24.78 24.83 24.83 24.90 24.86 24.88 24.89 25.74 26.50 24.94 23.12 22.37 22.18 22.11 22.13 22.12 22.00 21.95 21.56
traj-239:
38.11 37.29 35.64 34.91 33.16 31.17 29.69 28.07 27.70 25.73 25.13 23.48 22.01 20.58 19.80 19.81 19.67 18.94 19.32 19.22 17.58 15.88
23.76 23.82 23.96 24.03 24.44 24.61 24.75 24.78 24.79 24.88 24.89 24.90 24.89 25.61 27.40 29.21 30.67 32.18 33.96 34.25 35.14 35.59
traj-240:
38.02 37.73 35.83 34.96 32.98 32.43 30.97 30.13 28.34 26.60 24.86 23.42 21.46 20.61 18.73 18.40 18.53 18.61 19.31 19.50 19.66 19.76 19.56 19.50 19.32 19.07 19.05 18.90 18.40 17.18 15.69 13.94 12.79 10.91  9.18  7.60  5.85
24.25 24.35 24.67 24.69 24.80 24.80 24.85 24.86 24.93 24.94 24.95 24.93 24.99 25.54 25.87 24.37 22.51 21.92 20.21 18.39 17.25 16.27 14.33 13.49 11.63 10.03  8.77  7.90  6.26  5.31  5.13  5.19  5.50  5.95  6.43  6.04  5.61
traj-241:
37.26 36.28 34.34 32.38 30.94 30.37 28.90 27.13 25.73 24.00 22.87 21.76 20.69 20.47 20.22 19.14 18.99 18.80 18.23 16.92 15.31 13.34 11.63  9.94  8.67  7.68  7.51
23.76 24.08 24.38 24.73 24.86 24.86 24.88 24.88 24.93 24.96 24.95 24.98 26.33 27.18 28.60 27.03 25.40 23.87 22.25 21.83 21.97 22.17 22.09 21.71 20.28 18.69 18.44
traj-242:
38.51 36.80 36.50 34.58 32.91 31.57 29.77 27.86 26.19 24.45 22.73 20.81 20.22 19.14 19.51 19.93 20.17
23.72 23.57 23.56 23.47 23.42 23.35 23.40 23.28 23.26 23.33 23.50 24.03 24.63 25.68 27.57 28.95 29.65
traj-243:
35.38 33.98 32.08 30.63 29.17 27.74 26.60 24.86 24.27 22.61 20.66 19.42 19.11 19.15 19.21 19.20 19.59 19.74 20.08 19.92 19.50 19.35 18.82 18.67 18.38 17.04 16.27 14.28 12.36 10.66  8.92  8.45  6.75  5.28
24.33 24.52 24.70 24.85 24.91 24.91 24.90 24.89 24.86 24.83 24.62 23.71 22.65 20.94 19.48 18.54 16.77 16.20 14.58 12.86 11.22 10.67  8.78  7.63  6.50  5.09  5.02  4.87  4.77  4.62  5.20  5.34  5.86  5.46
traj-244:
38.96 37.20 36.05 34.87 32.93 32.06 30.35 29.22 27.23 25.80 24.37 23.79 21.82 20.30 18.62 17.36 16.69 14.74 13.85 12.12 11.82  9.84  7.96  6.92
24.87 24.80 24.86 24.84 24.74 24.82 24.62 24.45 24.43 24.49 24.56 24.61 24.70 23.91 23.67 22.75 22.51 22.33 22.22 22.21 22.18 22.10 22.04 22.16
traj-245:
34.95 33.87 32.01 30.38 29.20 27.52 26.59 24.94 22.98 22.20 20.42 20.16 19.95 19.83 19.70 19.39 17.95 16.31 14.74
23.95 23.70 23.33 23.15 23.13 23.25 23.27 23.40 23.65 23.77 24.29 24.44 24.69 26.62 28.29 30.20 31.37 31.80 32.23
traj-246:
34.09 32.57 31.49 29.51 27.85 25.86 24.07 22.58 21.68 20.27 20.22 20.16 20.01 19.83 19.66 19.38 19.13 19.01 18.88 18.65 17.70 16.12 14.65 12.66 10.75  9.36  8.04  7.20
23.78 23.70 23.72 23.67 24.01 24.01 24.03 23.97 23.96 22.67 20.84 19.11 17.86 15.94 14.60 13.32 11.63  9.88  8.86  7.31  5.76  4.90  5.03  5.14  5.66  6.05  6.51  6.80
traj-247:
35.21 33.86 32.30 31.20 29.22 27.26 26.06 24.17 22.90 21.40 21.23 20.45 18.62 17.52 16.05 14.44 13.37 12.30 10.36  8.46  8.21  6.50
23.92 23.39 23.36 23.23 23.33 23.40 23.44 23.33 23.29 23.50 23.74 23.92 23.32 22.96 22.50 22.25 22.19 22.08 21.92 21.49 21.32 20.47
traj-248:
37.18 35.73 34.03 32.59 31.78 30.33 29.47 28.30 26.58 26.01 24.02 22.56 21.42 19.96 18.61 19.25 19.52 19.93 20.30
24.25 24.51 24.65 24.75 24.77 24.85 24.88 24.90 24.92 24.90 24.91 24.93 24.91 26.11 27.30 28.81 29.62 30.94 31.82
traj-249:
34.75 33.88 31.97 30.77 28.99 27.20 26.61 24.82 23.16 21.79 20.36 20.22 19.92 19.69 19.45 19.30 19.20 19.01 18.94 18.50 18.32 17.18 15.51 13.93 12.05 10.68  9.55  8.24
24.31 24.33 23.97 23.96 23.94 23.94 23.93 23.69 23.59 23.54 22.37 21.73 19.92 18.29 16.51 14.88 13.86 12.06 10.26  8.33  7.31  5.69  4.90  5.03  5.09  5.61  5.94  6.30
traj-250:
34.69 33.81 31.84 30.38 28.90 27.18 25.51 24.07 23.47 22.03 20.60 20.54 19.29 19.24 18.07 16.19 15.60 13.95 12.88 11.76 10.02  8.48  7.65  7.25  7.23
24.90 24.92 24.92 24.94 24.91 24.91 24.90 24.87 24.86 24.81 24.67 24.37 24.32 24.03 22.45 22.11 22.05 22.03 22.06 22.09 21.75 20.93 20.10 18.22 17.92
traj-251:
35.15 34.06 32.15 30.82 29.20 28.04 27.00 25.71 24.12 22.19 20.55 20.18 20.16 20.69 21.72 23.08 23.62 24.78
23.04 23.16 23.44 23.57 23.92 24.03 24.15 24.43 24.74 24.81 25.89 27.83 28.66 30.46 31.31 32.42 32.89 33.98
traj-252:
36.49 35.32 33.55 32.65 30.90 30.30 28.85 28.26 26.55 24.56 24.00 22.01 20.56 19.37 18.81 19.09 19.35 19.45 19.52 19.52 19.60 19.75 19.91 20.02 19.69 19.09 19.03 18.45 17.75 15.87 15.58 13.63 12.19 10.55  9.68  8.26  6.36
24.89 24.89 24.92 24.88 24.80 24.80 24.84 24.84 24.80 24.80 24.81 24.79 24.72 24.55 23.54 21.80 21.28 19.41 18.17 17.32 15.93 14.80 13.10 11.39 10.03  8.18  7.89  6.27  5.26  4.99  4.91  5.02  5.42  5.80  5.82  5.99  6.02
traj-253:
38.63 38.07 36.10 34.50 33.01 32.12 30.62 30.02 28.23 26.45 25.57 23.78 23.48 21.70 21.11 19.66 18.40 16.86 15.29 13.34 12.47 10.58 10.26  8.63
24.19 24.19 24.17 24.15 24.15 24.14 24.13 24.13 24.13 24.18 24.26 24.37 24.40 24.30 24.31 24.32 23.24 22.64 22.51 22.27 22.12 21.83 21.78 21.29
traj-254:
35.05 34.46 32.62 30.82 29.12 28.01 26.29 24.56 23.69 21.96 21.42 19.89 19.91 20.08 20.92 21.37
23.17 23.23 23.33 24.16 24.60 24.73 24.83 24.89 24.86 24.82 24.81 25.97 27.00 28.33 30.01 31.03
traj-255:
33.93 32.72 30.81 30.23 28.63 27.50 25.56 24.98 23.54 21.83 20.48 20.16 19.61 19.17 19.67 19.75 19.83 19.85 19.95 20.01 20.01 19.50 19.19 18.42 17.25 16.41 15.00 13.34 12.25 10.63 10.54
23.08 23.16 23.46 23.60 24.21 24.60 24.80 24.81 24.76 24.82 23.83 23.02 21.53 20.19 18.36 17.41 15.79 15.21 13.47 11.75  9.99  8.34  7.83  6.58  5.17  5.08  4.97  5.32  5.77  6.73  7.01
traj-256:
33.63 32.46 30.57 30.40 28.69 28.11 26.65 25.52 23.80 22.06 20.30 19.32 17.38 15.83 14.09 12.62 11.11  9.73  8.73  7.51  6.62  5.96
24.88 24.89 24.90 24.90 24.89 24.90 24.85 24.85 24.87 24.65 23.96 22.77 22.83 22.73 22.39 22.16 21.55 21.27 20.74 19.63 18.56 17.52
traj-257:
33.82 31.84 30.42 28.49 26.50 25.11 23.44 21.71 19.92 19.42 18.96 19.81 20.34 21.37 22.12 23.21 23.69 25.44 27.17 28.97
24.30 24.57 24.62 24.68 24.78 24.77 24.89 24.94 25.65 25.86 27.12 28.53 29.20 30.40 31.18 32.27 32.57 33.08 33.34 33.76
traj-258:
36.41 34.57 32.68 30.96 29.25 27.77 25.90 23.96 22.60 21.78 20.64 20.49 19.95 19.04 18.90 18.90 18.65 18.83 19.06 19.16 19.51 19.66 20.06 20.15 20.17 20.16 20.12 19.75 17.99 17.64 15.77 15.19 13.23 11.48  9.62  7.84  6.78  5.52
23.51 23.41 23.35 23.44 23.67 23.91 24.43 24.57 24.75 24.99 26.55 28.22 29.88 28.16 26.21 25.32 23.50 21.60 20.30 19.11 17.22 16.18 14.25 12.50 11.37  9.89  8.70  6.77  5.85  5.59  4.97  5.10  5.50  5.81  6.45  6.71  6.89  7.01
traj-259:
34.12 33.64 32.47 31.37 30.04 28.84 27.69 26.32 25.17 24.34 23.28 21.46 20.67 18.73 17.90 16.12 14.42 12.49 11.08  9.48  8.13  8.04  7.68
23.15 23.80 23.85 23.85 23.75 23.50 23.46 23.39 23.31 23.27 23.32 23.54 23.50 23.29 22.97 22.46 22.46 22.30 21.91 21.31 20.14 19.19 17.63
traj-260:
34.05 33.48 31.77 31.20 29.46 28.03 26.27 24.52 22.80 21.16 19.75 19.40 18.95 18.15 18.06 16.29 14.56 13.77 13.94
23.98 24.16 24.60 24.66 24.74 24.83 24.86 24.81 24.82 24.83 26.07 26.97 28.11 29.93 31.88 32.17 32.38 34.10 34.68
traj-261:
37.29 35.39 33.92 32.14 30.41 29.83 28.33 27.73 25.96 24.47 22.89 21.11 19.93 19.81 19.57 19.63 19.24 19.15 19.07 19.03 18.92 18.82 18.46 17.31 15.75 13.93 12.57 10.66  8.69  6.95  5.14  4.44
24.09 24.19 24.00 23.94 24.01 23.96 23.98 24.01 24.10 24.15 23.70 23.54 21.96 20.69 19.37 18.14 16.54 14.62 13.37 11.71  9.98  8.66  6.88  5.49  5.13  5.12  5.57  5.99  5.73  5.46  5.02  4.95
traj-262:
38.52 37.68 36.30 34.57 33.70 31.93 31.34 29.88 28.43 27.04 25.53 23.78 22.68 20.99 20.78 20.55 20.07 19.04 17.18 16.29 14.47 12.57 12.27 10.61  9.87  8.78  7.95
24.07 24.30 24.61 24.76 24.80 24.84 24.86 24.84 24.86 24.82 24.74 24.65 24.78 25.00 25.22 23.81 22.55 21.63 22.18 22.18 22.17 22.24 22.24 21.66 21.23 20.35 19.53
traj-263:
39.13 37.44 36.34 34.57 34.01 32.33 30.90 29.20 28.33 27.16 25.47 23.53 21.62 20.09 19.85 18.39 18.51 18.62 18.80
24.37 24.52 24.65 24.83 24.85 24.90 24.90 24.87 24.85 24.89 24.86 24.84 24.85 25.77 25.95 27.22 29.06 30.46 31.75
traj-264:
33.85 33.29 31.85 30.44 29.28 27.56 26.41 24.70 23.03 21.59 20.16 19.26 18.63 19.07 19.41 19.78 19.84 19.86 19.80 19.58 19.59 19.12 17.91 17.34 15.60 14.79 13.03 11.64 10.81
24.06 24.19 24.40 24.64 24.74 24.83 24.82 24.87 24.89 24.86 24.53 23.06 22.05 20.37 18.73 16.80 15.65 13.78 11.81 10.14  8.39  7.29  5.88  5.43  4.94  4.97  5.20  5.70  6.13
traj-265:
37.45 36.25 34.38 34.09 32.36 30.77 29.04 28.34 26.58 24.60 22.98 22.47 20.61 19.64 18.25 17.12 15.26 13.60 12.16 10.40  8.95  8.11
23.33 23.59 23.71 23.64 23.52 23.23 23.12 23.22 23.48 23.62 23.70 23.65 23.69 23.78 22.49 22.15 22.15 22.16 22.22 22.02 21.41 21.20
traj-266:
35.27 34.18 33.24 31.63 29.87 28.99 27.26 25.28 23.62 21.91 20.21 19.86 19.52 19.92 20.56 20.79 21.15 21.24
23.92 24.29 24.61 24.80 24.76 24.79 24.79 24.89 24.89 24.93 25.99 26.47 28.28 29.65 31.54 32.34 34.16 34.75
traj-267:
37.78 37.49 35.73 34.27 33.41 32.00 30.36 29.20 27.73 25.79 24.86 23.11 21.20 21.00 19.13 19.18 19.43 19.76 19.83 19.62 19.64 19.71 19.90 19.91 19.57 19.49 19.07 18.25 17.95 16.22 14.34 13.75 12.06 10.61  9.25  7.78  6.32
24.48 24.51 24.79 24.87 24.89 24.89 24.92 24.89 24.88 24.87 24.86 24.89 24.92 25.14 25.71 24.21 22.98 21.55 19.77 18.08 16.08 15.54 13.59 11.59  9.64  8.75  7.47  5.99  5.48  5.05  5.27  5.35  5.65  6.40  7.70  8.72  9.73
traj-268:
35.42 34.05 33.17 31.22 29.47 28.35 27.17 25.72 23.75 22.08 20.09 19.72 18.61 17.07 15.29 13.92 12.36 10.45  8.75  7.81  7.12  6.63
24.26 24.42 24.52 24.79 24.90 24.91 24.87 24.80 24.65 24.73 24.63 24.19 23.26 22.20 22.09 22.05 22.00 21.94 21.19 19.57 18.07 17.01
traj-269:
34.82 34.38 32.54 31.96 30.28 28.55 27.95 25.96 24.55 23.17 21.50 20.20 20.33 20.85 21.38 21.81 22.97 24.35 25.85 27.59 28.77
23.40 23.57 24.02 24.15 24.43 24.65 24.69 24.84 24.90 24.95 24.98 26.44 28.43 29.72 30.81 31.56 33.06 33.98 35.08 35.35 35.55
traj-270:
38.34 36.63 34.67 32.69 31.23 29.53 27.56 25.81 23.88 22.14 21.84 20.22 19.76 19.51 20.08 19.73 19.54 19.55 19.72 19.71 19.67 19.28 19.01 18.49 18.13 17.80 16.08 14.77 12.86 11.19  9.47
24.72 24.81 24.80 24.84 24.82 24.83 24.87 24.82 24.83 24.70 24.66 23.91 22.87 22.02 20.31 18.74 17.74 15.93 15.39 13.47 13.18 11.47  9.80  8.00  6.58  5.92  4.98  5.01  5.02  5.47  6.10
traj-271:
36.94 36.37 34.40 32.68 30.69 29.27 28.10 27.24 25.52 23.59 22.47 20.85 19.13 17.55 16.00 14.29 13.99 12.13 10.14  9.02  8.72  6.89  5.66
24.73 24.74 24.75 24.72 24.72 24.77 24.79 24.80 24.82 24.77 24.80 24.65 23.92 22.81 22.49 22.43 22.42 22.53 22.64 22.41 22.38 21.59 20.49
traj-272:
34.69 33.13 32.26 30.99 29.16 27.81 26.35 24.67 23.88 22.11 20.72 20.08 19.02 18.61 18.24 18.18 16.29 14.62 13.05 12.57 11.69 10.11  9.18  7.84
23.55 23.52 23.47 23.34 23.29 23.25 23.21 23.45 23.61 24.17 25.17 25.79 26.77 27.17 28.90 29.49 30.05 30.27 31.06 31.31 31.81 32.85 34.31 35.40
traj-273:
39.09 37.70 35.84 34.67 32.75 31.51 29.78 28.03 26.88 25.16 23.48 22.61 21.47 19.75 18.79 19.26 19.63 19.78 19.87 20.04 20.12 20.28 20.24 20.19 19.97 19.68 19.30 17.69 15.92 14.29 12.54 10.87  9.98  8.59
24.86 24.89 24.89 24.84 24.84 24.84 24.85 24.86 24.87 24.86 24.86 24.85 24.75 23.92 22.31 20.80 18.88 17.28 16.56 14.99 14.40 12.98 11.79 10.03  8.29  7.18  5.44  4.34  5.06  5.32  5.57  6.64  7.43  7.17
traj-274:
38.92 37.44 36.55 35.39 33.62 32.50 31.31 30.14 28.66 27.78 25.84 24.11 23.56 21.57 20.13 18.60 17.42 16.62 14.93 13.81 12.44 10.74  8.97  7.09  6.46
24.97 24.96 24.94 24.92 24.88 24.88 24.91 24.92 24.89 24.88 24.83 24.80 24.79 24.80 23.94 23.84 22.59 22.35 22.30 22.27 22.20 21.97 21.85 21.83 21.36
traj-275:
34.47 32.70 32.15 30.52 30.02 28.07 27.10 25.31 23.66 22.66 21.87 20.55 19.40 19.71 20.16 21.54 23.44 25.23 26.84
23.55 23.41 23.29 23.36 23.33 23.40 23.46 23.58 23.76 24.35 24.77 25.47 26.64 28.46 29.23 30.12 30.06 30.62 31.48
traj-276:
34.29 32.55 30.83 29.97 28.78 27.63 26.19 24.46 23.62 22.19 21.06 20.00 19.44 19.02 19.39 19.37 19.34 19.62 19.54 19.49 19.19 18.90 18.05 17.25 16.23 14.57 12.67 11.52  9.92
24.90 24.90 24.93 24.95 24.90 24.87 24.78 24.72 24.63 24.57 24.36 23.62 22.83 20.92 19.71 17.75 16.74 14.91 12.99 11.26  9.76  7.99  6.46  5.58  5.21  5.06  5.09  5.11  4.79
traj-277:
33.71 33.44 31.52 30.65 29.18 27.43 25.68 23.99 22.36 21.82 20.38 20.12 18.94 18.58 17.51 16.19 15.10 13.32 11.33  9.99  8.57  7.93  7.07
24.36 24.49 24.93 24.91 24.88 24.88 24.82 24.83 24.90 24.94 25.93 26.75 25.22 23.93 22.27 22.20 22.16 22.02 21.98 21.78 20.81 19.71 18.05
traj-278:
33.68 32.29 30.58 28.59 28.03 26.59 24.87 23.99 22.59 21.46 19.99 19.26 18.74 18.42 17.04 16.01 15.85 15.23
24.03 24.32 24.60 24.84 24.85 24.82 24.84 24.82 24.80 24.79 25.89 27.37 28.73 29.50 30.85 31.92 32.61 34.50
traj-279:
34.13 32.66 31.01 29.05 28.29 26.32 24.37 22.83 21.68 20.08 19.76 19.44 19.93 19.97 20.09 20.04 19.95 19.78 19.68 18.94 18.65 17.42 15.52 14.22 12.83 10.88
23.73 23.69 23.31 23.61 23.65 23.75 23.92 24.25 24.49 23.42 22.31 21.17 19.61 18.05 16.10 14.18 12.41 10.98  9.24  7.58  6.73  5.31  4.86  4.78  4.76  4.71
traj-280:
36.93 35.46 34.28 32.83 31.08 30.50 28.78 27.31 25.85 24.37 23.49 21.79 21.21 20.78 18.95 18.77 18.05 18.12 16.30 14.86 12.89 11.18  9.78  8.08  7.73
24.84 24.89 24.91 24.92 24.90 24.90 24.90 24.90 24.89 24.89 24.90 24.90 24.88 25.28 25.78 25.60 23.79 22.95 22.29 22.42 22.47 22.39 22.18 21.62 20.49
traj-281:
34.16 32.78 31.12 30.56 28.93 26.98 25.25 23.55 22.25 20.83 20.23 19.71 19.10 18.71 17.14 15.79 15.28
23.15 23.17 24.02 24.13 24.48 24.75 24.84 24.86 24.90 25.90 26.92 27.78 29.11 29.87 30.62 31.43 31.93
traj-282:
34.53 33.09 31.19 29.21 27.78 26.09 24.36 23.23 21.78 21.04 20.79 20.20 20.02 19.93 19.67 19.66 19.74 19.70 19.43 19.35 18.98 18.70 17.54 16.08 14.20 13.31 11.55  9.84  9.40
23.87 23.77 23.67 23.66 23.45 24.52 24.72 24.85 24.88 24.90 23.73 22.53 20.61 18.62 16.83 15.47 13.54 12.37 10.57 10.28  8.59  7.13  5.58  4.91  5.18  5.34  5.53  6.52  6.86
traj-283:
39.10 37.68 35.74 34.32 33.15 31.97 30.24 28.48 27.64 25.68 24.86 23.14 21.28 19.52 19.16 17.29 15.47 14.61 12.87 11.16  9.63  8.26  7.71
24.32 24.48 24.69 24.87 24.88 24.88 24.88 24.88 24.89 24.89 24.89 24.88 24.85 23.99 23.47 22.79 22.42 22.38 22.30 22.15 21.44 20.72 19.00
traj-284:
37.90 37.08 35.28 33.86 32.47 30.72 29.85 28.15 27.57 25.87 24.41 22.68 21.26 20.24 19.97 20.08 20.55 20.98 21.88 22.51
23.50 23.55 24.07 24.35 24.57 24.87 24.88 24.91 24.93 24.95 24.93 24.89 24.92 25.47 27.39 28.25 29.84 31.16 32.62 34.09
traj-285:
34.45 33.89 32.15 30.37 28.95 27.78 25.83 25.24 23.56 22.40 21.33 20.60 19.84 19.59 19.48 19.26 19.40 19.61 19.98 20.33 20.27 20.14 19.69 18.77 17.53 16.19 14.29 12.38 11.25 10.61  9.31  8.10  6.95
24.62 24.73 24.86 24.94 24.92 24.90 24.92 24.90 24.86 24.80 24.82 25.19 24.14 22.41 20.66 18.87 17.18 15.75 14.92 13.28 11.56  9.81  8.14  6.67  5.60  5.08  5.00  5.37  5.72  6.06  6.99  8.05  8.84
traj-286:
34.83 34.25 32.80 31.39 29.66 28.82 27.09 26.22 24.55 22.82 22.27 20.70 20.33 20.05 19.25 18.68 18.66 17.54 16.05 14.11 12.26 11.29 10.11  8.21  6.23  5.93
24.21 24.27 24.52 24.75 24.93 24.89 24.83 24.84 24.88 24.86 24.87 25.67 27.03 27.84 26.51 24.79 23.78 22.82 21.88 22.07 22.07 22.06 22.06 21.90 21.71 21.68
traj-287:
34.00 32.62 31.74 30.31 28.36 26.38 24.95 22.99 22.16 20.69 20.17 19.19 18.85 17.61 15.80 14.40 13.24
24.03 24.22 24.31 24.47 24.65 24.80 24.86 24.88 24.93 25.73 26.97 28.49 29.20 30.52 30.58 30.73 30.90
traj-288:
36.39 34.61 33.02 32.06 30.12 28.37 26.46 25.92 24.28 22.84 21.43 20.08 19.52 18.89 19.08 19.50 19.84 20.12 20.09 20.09 19.75 19.25 18.93 17.64 17.15 15.28 14.05 12.63 10.91
23.85 23.55 23.25 23.09 23.24 23.50 24.03 24.27 24.81 24.78 24.74 23.83 22.75 21.09 19.63 17.90 16.22 14.26 12.82 11.41  9.73  7.86  6.73  5.23  5.15  4.81  4.96  5.17  5.79
traj-289:
35.15 33.38 32.00 30.60 29.20 28.09 26.95 25.23 24.14 22.95 20.98 19.61 18.17 17.28 15.32 13.92 12.51 11.63 10.47  9.37  8.00  7.53  7.41
24.33 24.53 24.68 24.74 24.84 24.89 24.90 24.90 24.89 24.91 24.97 25.61 24.37 22.66 22.45 22.51 22.50 22.34 22.14 21.68 21.35 20.26 19.23
traj-290:
38.38 36.41 34.57 32.69 31.67 30.29 28.31 26.83 25.55 23.76 21.88 20.53 20.46 20.40 21.96 23.12 24.12 25.60 27.24 28.40
23.69 23.63 23.68 23.75 23.60 23.57 23.76 23.75 23.74 23.81 23.88 25.32 27.05 29.04 30.07 30.65 31.20 31.86 32.61 33.26
traj-291:
37.74 36.92 35.48 34.74 33.43 31.82 30.74 30.52 28.55 26.99 25.31 23.53 21.63 19.97 19.90 19.95 19.97 19.89 19.84 19.83 19.82 19.63 19.44 18.97 17.70 16.07 14.68 13.90 11.96 10.79  8.87  8.25  7.04
23.72 23.70 23.62 23.61 23.69 23.72 23.91 23.79 23.89 23.98 24.03 24.14 23.54 22.69 20.78 18.81 17.40 15.76 14.36 12.38 11.20  9.44  8.31  6.98  5.62  5.06  5.14  5.15  5.38  5.45  5.49  5.20  4.55
traj-292:
37.36 36.47 35.28 33.85 33.25 31.46 29.70 28.57 27.08 25.29 23.59 22.71 21.52 19.86 18.02 16.95 15.35 14.76 13.15 12.18 10.47  8.81  8.35  7.98  7.80
23.66 23.58 23.70 23.83 23.86 23.84 23.91 23.92 23.96 24.00 23.83 23.75 23.64 23.46 22.98 22.59 22.23 22.13 21.95 21.90 21.81 20.82 20.25 18.34 17.47
traj-293:
33.95 32.84 31.27 29.42 27.54 26.11 24.43 23.96 22.08 21.01 20.04 19.64 18.08 18.03 17.67 17.12 16.06 15.30 13.68 12.03
23.35 23.52 23.72 23.57 23.75 23.85 23.83 23.70 24.04 24.41 26.09 26.52 27.54 28.74 30.43 32.11 33.69 34.27 35.28 35.87
traj-294:
37.10 35.70 33.75 32.31 30.56 29.12 28.54 26.83 25.40 23.42 21.96 20.62 20.35 19.70 19.29 19.04 19.55 20.03 20.09 20.04 20.00 20.01 20.00 19.73 17.92 16.10 15.80 13.91 13.03 11.15  9.78  8.52
24.18 24.46 24.69 24.81 24.92 24.91 24.93 24.93 24.91 24.91 24.93 23.93 23.23 21.50 20.13 19.36 17.47 15.80 14.06 12.20 10.76  8.78  8.18  6.46  5.91  5.17  5.13  4.98  5.06  5.22  5.15  5.24
traj-295:
35.93 34.68 33.54 32.07 31.06 30.00 28.08 26.95 25.13 23.20 21.35 19.94 19.17 17.63 16.12 15.03 13.33 11.86 10.17  8.19
23.53 23.45 23.42 23.32 23.27 23.20 23.12 23.09 23.09 23.15 23.03 23.12 23.03 22.75 22.24 22.26 22.41 22.47 22.50 22.62
traj-296:
36.53 35.02 33.04 31.11 30.52 29.22 27.84 26.69 24.98 23.25 22.40 20.85 20.76 19.88 18.15 18.13 18.12 18.08 18.04 18.71 20.58 22.39 23.31 25.09 26.73 27.69
23.33 23.55 23.54 23.71 23.75 24.31 24.69 24.83 24.83 24.78 24.74 24.56 24.27 23.72 24.44 26.01 26.60 28.33 29.23 30.92 31.38 31.74 32.05 32.51 32.90 33.48
traj-297:
36.87 35.69 34.86 33.11 31.94 30.50 28.79 27.35 26.49 24.74 22.76 21.91 20.74 20.33 19.81 18.64 18.19 18.19 19.09 19.18 19.10 19.27 19.33 19.35 19.61 19.50 19.44 19.38 19.20 18.71 18.45 17.39 15.80 14.57 12.65 10.99  9.98  8.73  7.48  5.84  4.29
24.94 24.83 24.85 24.79 24.75 24.70 24.78 24.86 24.87 24.90 24.95 24.95 25.69 27.14 29.05 28.41 26.84 25.98 24.29 23.20 21.30 19.51 18.42 17.45 15.58 13.95 12.02 11.07  9.97  8.05  7.21  5.52  4.85  4.99  5.21  5.61  6.58  7.40  7.94  8.67  7.81
traj-298:
36.55 35.67 34.02 32.34 30.87 29.12 27.45 26.27 24.56 22.84 21.27 19.35 18.67 17.40 16.86 15.38 13.39 12.29 10.39  8.57  6.70  6.19
24.41 24.44 24.55 24.72 24.88 24.89 24.91 24.89 24.89 24.91 24.96 24.72 23.21 22.11 22.03 22.04 22.09 22.09 22.03 21.95 22.20 22.38
traj-299:
37.94 37.65 35.79 35.49 33.64 32.45 30.96 29.70 29.18 27.27 25.32 24.44 22.50 21.90 20.84 20.41 20.58 22.13 23.48 25.36 26.00 27.67 29.50 30.37 31.77 32.63
24.06 24.01 23.83 23.83 23.72 23.63 23.70 24.03 24.33 24.78 24.86 24.80 24.87 24.85 25.47 27.23 29.01 30.19 30.20 30.13 30.27 30.54 30.91 31.85 33.10 33.71
