traj-0:
22.45 21.92 21.29 19.53 18.65 17.28 16.99 15.86 14.02 12.39 11.70 10.10  8.88
 1.05  2.01  3.47  4.34  4.53  4.85  4.91  5.21  5.87  6.90  7.46  8.48  9.08
traj-1:
21.94 22.40 22.68 22.76 23.05 23.02 23.11 23.03 22.95 22.89 22.32 20.85 19.52 18.08 16.40 15.22 13.39 12.53 10.72  9.17
 1.97  3.70  5.35  7.10  9.02  9.51 11.20 13.07 14.58 15.70 17.16 18.50 18.82 18.77 18.82 18.83 18.81 18.77 18.88 19.79
traj-2:
23.53 22.84 22.81 22.90 22.53 22.71 23.02 23.16 23.38 23.56 23.60 23.66 23.74 23.75 23.82 23.82 25.18 26.90 27.24 27.45 29.16 29.43 31.25 31.55
 1.46  3.11  4.38  6.19  7.88  9.71 11.49 12.06 13.21 14.05 15.94 17.39 19.38 19.94 21.88 22.34 23.18 23.25 23.20 23.10 22.60 22.47 21.87 21.90
traj-3:
22.93 22.12 21.40 20.17 18.44 17.66 16.07 15.58 13.94 13.02 11.95
 0.57  1.89  3.50  4.25  4.53  4.69  5.58  5.93  6.66  6.94  8.26
traj-4:
23.79 23.48 23.10 23.11 23.08 23.08 23.00 23.01 22.83 22.72 22.79 23.05 22.55 20.92 19.65 18.52 16.78 14.83 13.57 12.80 11.00  9.45  8.42  6.58  5.87  4.68
 0.82  1.57  3.44  4.77  6.33  7.40  9.08 10.18 11.53 13.45 13.90 15.81 17.49 18.57 18.34 18.12 18.30 18.49 18.68 18.75 18.97 19.25 19.31 20.08 20.58 21.23
traj-5:
21.21 21.61 22.10 22.42 22.66 22.88 22.56 22.06 22.02 22.55 23.02 23.19 23.27 23.14 23.16 23.10 23.85 24.49 26.18 27.36 29.18 30.52 31.97 32.62 33.26 33.52
 1.98  3.24  4.80  5.51  7.20  9.02 10.60 12.54 12.98 14.32 16.16 16.73 17.02 19.00 20.70 21.71 23.52 23.95 24.22 24.23 24.08 24.12 23.49 22.51 20.74 19.72
traj-6:
21.27 21.88 22.13 21.14 20.28 18.30 18.00 16.66 16.30 15.34 14.47 13.07 11.88 11.10  9.33  7.68  5.98  5.24
 1.57  3.14  3.57  4.25  4.86  4.80  4.78  6.18  7.28  8.82  8.41  7.80  7.22  6.87  6.24  5.40  4.61  4.20
traj-7:
21.25 21.46 21.40 21.35 21.39 21.40 21.40 21.32 21.28 21.22 21.20 21.21 20.10 19.80 18.02 17.72 15.93 14.47 13.83 12.30 11.91 10.18  9.15  8.35
 1.50  2.98  4.29  5.89  7.31  9.08 10.52 12.30 13.99 15.12 16.37 17.93 18.87 18.89 18.94 18.94 18.96 19.36 19.66 20.40 20.58 21.45 21.97 22.33
traj-8:
23.61 23.30 22.86 22.84 22.95 22.92 22.93 22.84 22.62 22.40 22.31 22.43 22.30 22.75 22.78 22.96 24.07 25.87 27.59 28.18 29.96 31.13 31.95 33.19 34.33
 1.71  2.13  3.62  5.44  7.13  8.51 10.51 11.24 12.96 14.66 15.39 17.37 18.40 20.24 21.44 21.68 23.00 23.04 23.09 23.09 23.41 24.65 25.23 26.46 27.99
traj-9:
23.48 23.34 22.13 21.23 20.70 19.66 17.96 16.25 14.40 12.91 11.49  9.80
 0.77  1.03  2.45  3.78  4.28  4.67  4.56  4.77  5.19  6.07  6.64  7.07
traj-10:
23.50 23.23 23.07 22.98 22.60 22.50 22.64 22.70 22.97 23.06 22.27 21.75 20.36 18.41 16.94 15.34 13.87 13.57
 1.46  2.93  4.76  6.76  8.57  9.06 10.86 11.49 13.01 14.98 16.68 17.20 18.52 18.83 18.93 19.94 21.27 21.34
traj-11:
22.80 22.74 22.65 22.70 22.38 22.16 22.06 21.44 21.21 21.22 21.36 21.57 21.42 21.51 22.64 24.12 25.96 27.44 29.30 29.91
 1.77  3.25  4.33  5.73  7.05  8.77  9.69 11.51 12.70 14.45 15.73 17.60 19.27 21.23 22.72 23.21 23.65 23.55 23.09 22.30
traj-12:
21.60 22.03 21.53 21.22 19.37 18.78 17.06 16.16 15.48 14.19
 0.61  2.18  3.21  5.14  4.74  4.80  4.89  5.89  6.60  7.93
traj-13:
21.32 21.61 21.98 22.56 23.11 23.16 23.14 23.06 23.05 23.06 22.99 22.95 22.84 21.49 20.59 18.66 17.76 15.82 13.91
 0.82  1.80  3.37  5.01  6.34  8.32  9.47 11.39 11.99 13.64 15.38 15.92 17.58 18.39 18.41 18.41 18.41 18.49 18.70
traj-14:
22.76 23.09 22.65 22.42 22.10 21.37 21.17 21.25 21.30 21.44 21.85 22.51 23.32 23.39 23.76 24.98 26.62 28.51
 1.35  3.28  4.99  6.80  8.02  9.16 10.08 11.64 13.24 15.01 16.95 17.96 19.73 20.62 22.30 23.03 23.32 23.96
traj-15:
21.93 21.62 21.15 20.21 19.32 17.56 16.20 14.21 12.81 11.28 10.39  8.53  6.78  6.33  4.90
 1.63  1.93  3.86  4.72  4.79  4.91  4.98  4.99  5.53  6.21  6.73  7.18  6.45  5.99  4.77
traj-16:
21.90 22.00 22.22 22.40 22.77 23.29 23.52 23.45 23.16 23.01 22.42 21.49 19.66 18.19 16.43 15.10 13.32 12.71 11.00 10.36  8.62  7.15  5.30
 1.46  2.44  4.24  5.73  7.56  9.23 11.16 11.95 13.89 14.88 15.92 17.35 18.13 18.16 18.32 18.53 18.82 19.01 19.35 19.40 19.90 20.28 20.72
traj-17:
22.29 22.50 22.58 22.62 22.59 22.61 22.64 22.40 21.94 22.41 22.98 23.03 22.99 22.96 23.04 23.70 24.31 25.80 27.51 29.22 29.81 31.76 33.46 34.27 34.56 34.70
 0.56  2.08  3.90  5.57  7.40  7.70  9.65 10.68 12.24 13.69 15.42 17.03 17.60 19.20 21.02 22.59 23.05 23.10 23.40 23.32 23.20 23.12 23.50 25.21 26.97 27.86
traj-18:
21.64 21.65 21.44 20.03 19.46 17.99 16.31 15.36 14.92 13.08 12.16
 1.01  1.31  3.06  4.19  4.31  4.52  5.39  6.99  8.10  8.80  7.76
traj-19:
23.01 23.19 23.12 23.04 23.14 23.26 23.43 23.52 23.56 23.46 23.40 22.11 20.60 18.69 18.09 16.64 15.01 14.25 13.10
 1.74  3.29  5.27  6.93  8.86 10.47 12.42 13.25 14.45 16.34 17.51 18.83 18.62 18.24 18.21 18.29 18.65 19.05 19.82
traj-20:
23.48 23.28 22.24 21.19 21.13 21.16 21.09 21.26 21.35 22.13 22.62 23.24 23.30 23.36 23.33 23.74 25.04 26.08 27.43 28.89 30.17 32.00 33.81 34.20
 1.94  2.17  3.57  4.52  6.06  7.80  9.57 10.86 11.96 13.36 14.45 16.26 18.20 19.45 20.33 22.18 23.02 23.33 23.32 23.41 23.46 23.47 23.25 22.85
traj-21:
23.77 22.87 21.63 20.23 18.69 17.24 15.38 14.70 12.82 11.28  9.70  7.78
 0.76  2.07  3.43  4.64  4.80  4.69  5.29  5.35  5.55  5.80  5.94  5.80
traj-22:
21.06 21.44 22.08 22.56 22.86 23.13 22.88 22.55 22.09 21.93 21.49 20.03 19.14 17.36 16.77 15.13 14.98 14.85
 0.79  1.86  3.75  5.48  7.41  9.35 11.29 12.19 14.08 15.43 17.28 18.63 18.71 18.80 18.82 19.93 20.19 22.05
traj-23:
21.45 21.60 21.89 22.29 22.41 22.67 22.93 23.26 23.22 23.23 23.22 23.31 23.48 23.58 23.69 23.92 24.37 26.06 28.04 29.47 29.53 29.60 29.81 29.88 30.07 30.09 30.36 30.52 30.62 30.77 30.89
 1.05  2.67  4.30  6.15  6.86  8.07  9.46 11.36 11.74 13.62 15.48 16.05 18.00 19.72 20.52 21.95 23.18 23.92 23.76 23.54 21.58 20.80 19.22 18.20 16.69 15.81 14.17 12.40 11.39 10.10  8.72
traj-24:
21.41 22.06 21.81 20.99 19.15 17.68 16.52 16.20 15.36 14.03 12.40 11.91 10.55  9.54
 0.73  2.30  4.15  4.34  4.56  4.32  5.91  6.72  8.45  8.05  7.18  7.14  6.31  5.93
traj-25:
22.13 22.21 22.48 22.76 22.98 23.11 23.16 23.12 23.16 23.15 23.26 23.38 23.42 23.45 22.90 21.47 20.45 18.63 17.76 16.39 15.15
 0.87  1.33  2.95  4.31  5.90  7.84  8.32 10.12 11.89 13.75 14.49 15.06 16.83 17.69 19.42 18.80 18.48 18.28 18.40 18.60 19.50
traj-26:
21.02 21.05 21.55 22.00 22.54 22.63 22.67 22.65 23.16 23.26 23.03 22.92 22.83 22.81 22.71 23.67 24.31 25.89 27.55 29.23 29.81 30.18
 1.61  1.91  3.63  5.08  6.77  7.82  9.50 10.52 12.43 14.37 15.41 16.58 17.80 19.16 21.00 22.64 23.03 24.14 24.40 25.07 26.36 27.94
traj-27:
21.56 21.51 21.20 19.45 17.67 16.54 15.25 13.76 12.46 11.18  9.57  7.78
 1.55  2.90  3.98  4.77  4.81  6.26  7.68  7.57  7.27  7.08  6.80  6.49
traj-28:
23.15 23.10 23.15 23.14 23.09 22.98 22.86 22.61 22.26 22.21 21.20 21.01 20.96 20.10 18.92 17.46 15.67 14.04 13.01 11.09  9.36  8.24  6.51  4.85  4.31
 1.91  3.15  4.32  5.74  7.05  8.71  9.76 11.40 13.00 13.50 14.86 16.15 18.09 18.25 18.44 18.72 18.74 18.81 18.44 18.30 18.27 18.25 19.04 19.48 19.63
traj-29:
21.27 21.39 21.73 22.19 22.53 22.77 22.85 23.10 23.33 23.42 23.42 23.28 23.32 23.31 23.41 24.21 25.96 27.71 29.45 31.26 32.03 33.75
 1.20  2.07  3.86  5.67  7.54  8.37 10.02 11.71 13.16 14.61 16.28 17.72 19.36 20.99 22.63 23.11 23.24 23.35 23.32 23.43 23.51 24.49
traj-30:
22.70 23.16 22.85 21.15 20.07 18.61 17.14 15.25 14.97
 0.86  2.55  4.42  4.54  4.52  4.62  4.72  4.45  4.33
traj-31:
22.08 22.28 22.48 22.74 22.84 22.90 23.00 23.09 23.16 22.96 22.52 22.11 21.33 20.82 18.88 18.03 16.26 14.40 13.10 12.27 11.22 10.41  9.16
 0.68  2.09  3.46  5.26  5.86  7.20  8.95 10.17 12.11 13.51 15.28 16.82 17.88 18.28 18.73 18.78 18.92 19.58 20.02 20.32 20.76 21.05 22.44
traj-32:
22.06 22.48 22.87 23.05 23.12 23.30 23.32 23.18 22.76 22.27 22.49 22.56 22.80 23.11 23.33 23.57 23.79 25.48 27.12 28.71 29.48 30.25 31.38 32.48 33.56 34.35
 0.87  1.93  3.36  5.03  6.34  8.24  8.54 10.53 12.05 13.59 14.43 15.21 17.17 18.56 19.91 21.41 22.62 23.67 24.31 24.96 26.08 27.19 28.69 30.10 31.59 33.39
traj-33:
23.53 22.68 21.94 21.11 19.24 17.79 16.41 15.27 14.35 13.44 11.67 10.29  8.39  7.36  5.76
 0.81  2.36  3.10  3.68  4.33  4.15  4.49  5.30  6.27  7.64  8.34  8.78  8.91  8.80  8.57
traj-34:
21.76 21.93 22.05 22.25 22.30 22.49 22.57 22.59 22.11 21.33 21.84 21.58 21.29 21.04 19.34 17.66 15.98 14.61 13.59 11.83 11.18
 1.90  3.16  4.92  6.80  7.15  8.88 10.56 11.13 11.46 13.05 14.80 16.64 17.52 17.69 18.26 18.21 18.27 19.06 18.85 18.71 18.17
traj-35:
23.60 22.99 22.94 22.86 22.92 23.01 23.20 23.17 23.14 23.03 22.89 23.17 23.37 23.59 24.75 25.62 27.30 29.09 31.01
 1.86  3.57  4.39  6.05  7.87  9.33 11.09 12.47 13.76 15.58 17.53 18.78 20.74 22.56 23.94 24.06 24.09 23.92 23.83
traj-36:
23.28 22.75 22.42 21.36 19.95 18.51 17.33 15.88 15.19 14.27
 0.69  2.33  3.06  3.99  4.17  4.43  4.56  5.14  5.82  7.45
traj-37:
22.46 22.39 22.29 22.14 22.18 22.38 22.62 22.51 22.16 21.59 21.36 21.04 20.06 18.35 16.88 15.03 13.47 12.10 10.91  9.39  8.70
 1.94  2.63  4.39  6.15  6.45  8.23  9.52 11.36 12.86 14.71 16.55 17.36 18.28 18.28 18.27 18.52 18.76 19.69 20.55 21.47 21.73
traj-38:
23.06 23.32 23.38 23.43 23.33 23.36 23.42 23.44 23.47 23.48 23.46 23.59 23.65 24.00 25.26 25.87 27.60 29.42 30.54 31.69 33.06
 1.64  3.53  4.40  5.81  7.69  9.40 10.55 12.50 13.38 15.32 17.00 18.90 20.82 22.46 23.45 23.32 23.29 22.94 22.49 21.75 21.17
traj-39:
23.78 23.26 22.67 22.09 20.27 18.85 16.92 15.67 15.63 14.71
 0.70  1.96  3.18  4.41  4.47  4.64  4.76  5.62  7.43  8.21
traj-40:
22.62 22.68 22.91 22.79 22.71 22.54 22.45 22.75 22.82 23.08 23.09 23.06 22.96 21.71 20.33 19.46 17.70 15.98 14.25 13.95 12.06 10.20  8.90  8.00
 1.05  3.00  4.93  6.55  7.37  8.81  9.72 11.41 13.23 15.19 15.77 17.52 18.22 18.43 18.56 18.60 18.74 18.69 18.81 18.82 18.84 18.81 18.66 18.63
traj-41:
22.87 22.73 22.78 22.67 22.74 22.79 22.86 22.99 23.31 23.41 23.72 23.73 23.72 23.75 23.71 23.84 24.85 26.56 28.33 29.17 29.32 29.29 29.31 29.62 29.55 29.55 29.53
 1.95  3.66  5.51  7.31  7.89  9.39 11.35 12.74 14.60 15.17 16.77 17.40 18.27 19.68 20.85 22.21 23.21 23.34 23.23 22.81 21.16 20.54 18.85 16.92 15.24 13.70 12.06
traj-42:
22.34 22.26 21.96 20.27 19.38 17.63 16.34 14.56 13.63 11.78 11.11
 0.93  2.14  3.89  4.44  4.52  4.65  5.36  5.88  6.80  7.21  6.87
traj-43:
23.66 23.22 23.17 22.77 22.25 22.20 22.27 22.12 22.24 22.61 22.81 22.89 22.95 22.25 20.73 18.76 18.19 16.71 15.01 13.57 12.02 10.12  8.22  6.43  4.58
 1.11  2.87  3.17  4.94  6.70  8.08  9.45 11.23 11.51 13.45 14.00 15.44 16.29 17.56 18.52 18.45 18.41 18.33 18.31 18.27 18.52 19.06 18.96 18.91 18.91
traj-44:
21.22 21.56 22.18 22.74 23.14 22.80 22.95 22.97 22.46 22.61 22.77 23.04 23.20 23.47 23.45 23.42 23.36 24.93 26.88 28.24 29.36 30.52 31.62
 0.64  1.57  2.47  3.30  5.11  6.08  7.58  9.52 11.34 12.23 13.52 15.29 16.15 17.78 19.72 21.68 22.07 23.07 23.42 23.74 24.98 26.30 27.97
traj-45:
22.25 21.91 21.39 19.62 18.74 16.96 16.66 15.05 14.69 14.59 14.62
 1.01  2.15  3.83  4.10  4.25  4.45  4.48  5.40  6.09  7.99  8.29
traj-46:
22.67 22.55 22.30 22.27 22.11 22.03 22.49 22.98 22.13 21.40 22.25 22.21 20.65 18.99 18.11 16.35 14.48 13.68 11.92 10.63  9.16  8.04  6.09
 0.54  1.73  3.44  5.00  6.79  7.90  9.63 10.65 12.37 14.08 15.59 17.51 18.49 18.53 18.56 18.81 19.42 19.40 19.04 19.08 19.20 19.35 19.50
traj-47:
21.82 21.93 22.13 22.35 22.58 22.82 22.89 22.95 23.07 23.02 22.99 23.04 23.21 23.47 23.88 24.38 26.13 27.31 29.21 29.23 29.37 29.51 29.58 29.67 29.82
 1.15  2.81  3.70  5.57  7.38  9.28 10.86 11.84 13.80 14.98 16.61 17.87 18.94 20.63 22.41 23.19 23.14 23.12 22.56 20.90 19.37 17.49 16.54 14.86 13.53
traj-48:
21.66 21.56 21.04 20.78 19.75 17.97 16.33 14.64 13.79 13.90
 1.66  2.15  2.40  4.24  4.51  4.62  4.80  5.17  6.80  8.23
traj-49:
21.51 22.02 22.86 23.01 23.16 23.21 23.08 23.02 22.36 22.02 21.60 22.09 21.02 19.30 18.42 16.98 15.71 15.54 14.96
 1.90  2.77  4.56  5.59  7.39  8.21 10.20 10.50 12.36 13.78 15.12 17.06 18.01 18.45 18.52 18.71 20.12 20.36 22.22
traj-50:
21.12 21.28 21.52 21.80 22.12 22.20 22.26 22.33 22.35 22.39 22.56 22.65 22.50 22.77 23.22 23.33 23.95 24.68 26.48 27.08 28.87 30.63 31.79
 1.03  1.51  3.03  4.33  5.94  6.43  8.41  9.38 10.50 12.15 13.78 14.23 15.88 17.70 19.32 21.06 22.61 23.05 23.01 23.03 23.12 23.08 23.33
traj-51:
23.22 22.10 21.91 20.52 18.79 17.06 15.38 14.75 13.06 12.52
 0.77  2.30  3.10  4.19  4.45  4.57  5.02  6.74  7.29  7.07
traj-52:
21.21 21.78 22.53 22.60 22.51 22.37 22.39 22.62 22.70 22.84 22.96 22.67 20.97 20.24 18.81 17.97 16.52 14.65 13.27 12.30 11.30  9.38  7.76  7.26
 1.33  3.08  4.82  6.67  8.38 10.38 10.68 12.38 13.08 14.52 15.38 17.08 18.09 18.22 18.48 18.64 18.85 19.34 19.67 20.16 20.52 20.94 22.05 22.77
traj-53:
21.11 21.94 22.35 22.57 22.74 22.72 22.90 22.81 22.74 22.53 22.38 22.27 22.18 22.73 23.03 23.10 23.45 24.76 26.68 27.93 29.29 30.90 30.65 30.39 30.15 29.91 29.67 29.39 29.23
 1.76  3.31  4.29  5.53  6.38  7.81  9.18  9.97 11.54 13.38 15.29 16.22 16.45 18.26 19.98 20.78 22.49 23.44 23.84 23.85 23.69 23.14 21.17 19.71 18.56 16.87 15.64 13.71 12.57
traj-54:
23.01 22.60 21.53 20.18 18.75 17.87 16.82 16.61 15.41 14.60 13.53
 1.80  2.48  3.46  4.21  4.48  4.67  5.46  5.68  6.88  7.80  8.92
traj-55:
23.02 23.06 23.03 22.98 22.92 22.87 22.69 22.63 22.75 23.10 23.13 23.27 23.27 21.99 20.62 19.00 18.70 16.80 15.60 13.90 12.22 10.94  9.22  7.53  5.82  4.80
 1.11  2.55  3.45  4.98  6.70  7.26  9.16 10.39 11.27 13.20 15.12 17.11 18.22 19.73 18.88 18.38 18.39 18.38 19.08 19.62 20.44 20.78 20.89 21.23 21.56 21.97
traj-56:
21.33 21.76 22.34 22.44 22.74 23.12 23.18 22.48 22.09 21.47 21.10 21.01 21.06 21.05 21.72 22.45 23.27 23.50 25.17 27.01 28.55 29.35 29.86 30.63 31.59 32.02
 0.88  1.60  3.40  5.27  6.88  8.10  9.39 10.93 11.85 13.29 13.60 14.49 15.90 16.50 18.21 19.50 21.13 22.26 23.25 23.85 24.62 25.92 26.82 28.05 29.77 31.22
traj-57:
22.01 22.85 22.25 21.11 19.25 17.77 15.97 15.25 14.56 12.81 11.26  9.43  8.52  7.44  6.58
 1.81  2.59  4.40  4.89  4.70  4.77  5.51  6.74  7.85  8.73  9.17  8.49  8.04  7.46  6.66
traj-58:
22.21 22.28 22.26 22.44 22.45 22.54 22.67 22.79 22.81 23.01 23.07 22.61 21.81 20.29 18.87 17.15 16.37 15.28 13.52 12.11
 1.78  2.25  3.79  5.61  6.43  7.68  8.42  9.69 11.42 13.38 14.74 15.78 17.59 18.27 18.44 18.80 18.98 19.62 20.49 21.36
traj-59:
23.34 23.12 22.84 22.62 22.73 22.91 22.84 23.29 23.48 23.58 23.77 23.61 23.44 23.58 23.75 24.88 26.38 27.22 28.69 29.37 30.66 30.79 30.90 31.02 31.43
 1.05  2.98  4.85  6.35  7.53  9.35 10.55 12.08 14.01 14.29 16.03 17.99 19.71 21.59 22.16 23.75 23.94 24.10 24.37 24.53 23.83 21.94 21.08 19.35 17.62
traj-60:
21.10 21.29 21.19 19.44 18.57 17.97 16.03 15.19 13.56 13.42 15.21 15.98 16.17
 0.90  2.70  3.37  4.20  4.40  4.47  4.80  5.08  6.11  8.00  8.70  8.66  8.89
traj-61:
22.03 22.23 22.28 22.46 22.86 22.96 23.05 23.03 22.01 21.58 21.86 22.15 20.45 18.49 16.73 15.15 13.75 11.89 11.25  9.81  8.28
 1.68  3.20  3.77  5.20  7.16  8.85 10.09 11.72 13.13 14.85 16.41 17.61 18.66 18.59 18.85 19.91 20.93 21.52 21.93 22.03 22.38
traj-62:
23.56 22.85 21.67 22.19 22.63 22.86 22.91 23.27 23.46 23.35 23.09 22.03 21.87 21.12 21.08 21.13 21.25 22.79 23.95 25.43 27.22 28.35 29.64 29.92 31.17 32.36 33.12
 1.65  2.15  3.01  4.80  6.46  7.16  7.31  8.43 10.38 12.12 14.04 15.68 16.06 17.66 19.53 21.25 23.14 24.12 24.24 24.32 24.43 24.93 26.33 26.64 28.20 29.43 30.45
traj-63:
21.80 21.46 21.29 20.04 18.56 16.88 16.39 15.08 14.57 12.98 11.17  9.34  7.53  6.16  5.14
 1.23  2.81  3.97  4.98  4.88  4.84  5.19  5.95  6.26  7.19  6.50  6.14  5.44  5.15  4.87
traj-64:
21.41 22.16 22.27 22.46 22.40 22.89 22.82 23.20 23.27 23.51 22.97 22.47 21.06 19.26 18.10 16.76 15.33 13.71 11.87 10.36  8.36  8.00  6.18  4.23
 1.79  3.40  3.68  5.47  7.42  9.30 10.11 11.97 12.26 13.67 15.34 16.87 17.71 18.38 18.33 18.33 19.06 20.04 20.60 20.95 21.09 21.11 21.17 21.24
traj-65:
23.19 22.55 22.05 21.66 21.61 22.03 22.52 22.61 22.68 22.70 22.89 23.02 23.10 23.19 23.17 23.17 23.07 24.51 26.29 27.17 28.52 29.64 30.91 32.24 33.44
 0.53  1.96  3.04  3.78  5.48  7.31  8.99 10.04 11.68 12.27 13.91 14.47 16.41 17.59 18.77 20.39 22.32 23.62 24.23 24.24 24.71 25.44 26.71 27.72 28.70
traj-66:
23.47 22.65 22.01 21.09 19.31 17.83 17.64 17.35 17.49 15.95 14.03 13.79
 0.85  1.82  2.80  3.70  4.47  4.68  4.91  4.99  5.01  6.18  5.76  5.37
traj-67:
22.16 22.06 21.71 21.59 21.62 21.84 22.10 22.42 22.54 22.61 22.04 21.49 20.10 18.36 16.60 14.96 13.47 12.01 10.47  8.93  7.46  7.21
 1.69  2.21  4.14  5.13  6.85  8.12  9.61 11.35 13.26 13.82 15.60 17.05 18.28 18.41 18.61 19.25 20.35 20.60 21.30 22.02 22.90 23.07
traj-68:
23.52 23.16 22.47 22.07 21.13 21.14 21.36 21.35 21.41 21.69 21.65 22.15 22.51 22.88 23.19 24.86 26.06 27.55 28.84 29.85 31.59 33.20
 1.67  2.60  4.05  5.25  6.99  8.41 10.30 11.71 12.77 14.71 15.56 17.35 19.22 20.82 22.18 23.02 23.04 23.84 24.54 25.06 25.91 26.72
traj-69:
21.27 21.11 21.02 19.22 17.31 15.63 13.83 12.96 11.75 10.65  9.47  8.14  6.43
 0.42  2.16  4.10  4.93  4.92  5.39  5.82  6.04  6.27  6.53  6.67  6.87  7.17
traj-70:
22.56 22.33 22.38 22.39 22.66 22.97 23.09 23.12 22.38 21.67 21.72 22.04 21.59 21.20 20.17 19.61 17.87 16.39 14.48 13.93 11.99 10.78
 1.74  2.19  3.98  4.28  5.97  7.27  9.21 10.00 11.61 12.16 13.95 14.79 16.69 17.70 18.51 18.53 18.67 18.76 18.86 18.75 18.29 18.53
traj-71:
23.09 23.00 22.91 22.96 22.95 22.86 23.03 23.10 23.19 23.16 23.17 23.19 23.30 23.35 23.42 23.62 23.90 24.64 26.16 27.70 28.21 29.04 29.92 31.39 33.12 33.41 34.79
 0.41  1.67  3.54  5.42  7.28  8.08  9.82 11.28 12.27 13.23 13.82 15.79 17.56 18.71 19.59 20.75 22.57 23.71 23.93 23.96 23.94 25.57 26.51 27.73 28.15 28.21 26.80
traj-72:
22.14 21.80 21.55 21.28 19.56 17.82 16.48 15.85 15.47 14.00 12.84 11.43  9.49  8.91
 0.95  2.10  3.02  4.51  4.33  4.23  5.15  6.95  8.10  9.16  9.29  9.51  9.81  9.96
traj-73:
22.27 22.34 22.52 22.72 22.69 22.48 22.49 22.40 22.87 22.51 21.94 21.52 20.18 18.40 16.47 15.69 14.64 14.08 12.37 10.62  9.36  8.56  7.44  6.06
 1.71  3.02  3.92  5.78  7.61  9.54 11.22 11.67 13.01 14.92 16.08 17.73 18.85 18.70 18.82 19.24 20.11 20.10 20.09 20.11 20.37 20.57 21.16 21.94
traj-74:
21.72 22.14 22.39 22.20 22.18 22.22 22.08 22.42 23.06 23.14 23.26 23.35 23.38 23.48 24.01 25.62 27.01 27.88 29.65 30.32 32.05 32.45 32.60
 1.33  3.02  4.81  6.68  8.56  9.18 11.08 12.61 14.29 15.71 17.38 18.83 19.40 21.36 23.00 23.69 24.09 24.15 24.00 23.35 22.88 20.92 19.16
traj-75:
23.73 23.31 22.93 21.56 19.60 19.31 17.55 16.88 16.38 15.41 13.45 13.29 11.36  9.88  8.75  7.88  6.48
 1.97  3.80  5.26  5.12  4.87  4.83  4.78  5.48  6.75  8.01  7.72  7.98  7.52  7.16  6.92  6.71  6.34
traj-76:
23.61 23.41 23.12 22.89 22.89 22.55 22.80 23.11 23.03 22.35 22.32 22.31 20.73 19.02 18.13 16.74 14.81 12.94 11.00  9.16  8.24
 1.58  2.56  4.51  5.63  7.35  9.24 10.60 12.02 13.67 15.29 17.19 17.49 18.46 18.49 18.56 18.65 18.87 19.01 19.18 18.49 18.14
traj-77:
23.41 23.36 23.29 23.19 23.00 23.08 23.10 23.03 22.90 22.36 21.53 21.54 22.03 22.18 23.65 25.03 26.45 28.40 29.63
 1.57  2.92  4.65  6.31  7.79  9.58 11.35 12.59 13.79 15.65 17.27 17.57 19.40 21.01 22.29 23.05 23.17 23.34 23.42
traj-78:
23.26 22.22 20.84 19.96 18.21 17.91 16.55 16.11 15.34 13.47 11.78
 1.69  2.80  4.11  4.25  4.22  4.23  5.21  6.70  8.14  8.84  8.37
traj-79:
23.36 23.07 22.83 22.95 23.29 23.11 22.98 22.98 22.97 23.06 22.48 22.30 20.86 18.96 17.83 16.55 15.80 14.03 12.31 10.45  9.41  7.72  6.73  5.05
 1.42  2.97  4.83  5.64  7.02  8.97 10.26 11.57 13.44 15.42 17.22 17.46 18.77 18.38 18.54 18.80 19.19 18.98 19.39 19.71 19.59 19.92 20.03 20.17
traj-80:
22.73 22.50 22.38 22.43 22.59 22.74 22.85 23.01 23.15 23.26 23.42 23.53 23.63 23.76 23.94 23.70 24.94 26.24 27.99 28.91 30.75
 1.96  3.04  3.98  5.42  6.80  7.63  9.05 10.74 12.20 13.65 14.99 16.14 17.26 18.92 20.34 22.27 23.05 23.21 23.42 23.57 23.50
traj-81:
23.60 23.19 22.55 21.27 19.51 18.64 17.06 15.32
 1.48  3.12  4.87  4.94  4.66  4.72  4.87  4.85
traj-82:
21.34 21.79 22.40 23.01 22.94 22.95 22.99 23.05 22.96 22.94 22.84 22.47 20.73 19.14 18.00 16.83 15.51 14.40 12.89 12.08
 0.97  1.53  3.11  4.93  6.25  8.10  9.88 10.68 12.42 14.11 15.82 17.56 18.31 18.58 18.64 18.66 20.00 21.37 22.04 22.31
traj-83:
23.40 23.12 22.82 22.80 22.90 22.95 22.98 23.04 22.98 22.93 22.91 23.02 23.19 23.29 23.37 23.60 25.10 26.61 27.77 29.52 30.38 32.06 33.82 34.23 34.26 34.48 34.50
 0.73  1.25  2.99  3.50  5.01  6.50  8.05  9.84 11.43 12.32 14.20 15.76 17.75 19.41 20.50 22.32 23.07 23.26 23.27 23.26 23.18 23.07 23.25 24.95 25.55 27.31 27.61
traj-84:
21.66 22.10 22.73 22.41 20.44 18.67 17.53 16.16 14.56 13.44
 0.63  1.69  3.16  4.88  4.84  4.78  4.83  5.61  6.63  6.85
traj-85:
23.53 22.99 22.76 22.89 22.94 22.97 23.04 23.06 22.26 21.86 21.95 22.57 21.20 19.26 18.37 16.45 14.97 13.59 12.58 11.09 10.50  8.74  8.46
 1.54  3.40  5.37  6.06  7.46  8.53 10.34 12.21 14.03 14.50 16.42 17.00 18.09 18.55 18.55 18.61 19.11 19.52 19.85 20.28 20.35 21.04 21.14
traj-86:
21.06 21.12 21.37 22.15 22.39 22.67 23.39 23.57 23.65 23.36 23.11 22.49 22.43 22.32 22.22 22.11 21.61 21.30 22.79 24.78 26.52 28.26 29.15 29.20 29.39
 1.01  1.60  3.02  4.82  5.78  6.80  7.84  9.58 10.47 12.05 13.07 14.90 15.93 17.42 18.58 19.70 21.11 22.90 24.24 24.31 24.36 24.56 26.28 26.67 28.56
traj-87:
23.26 22.78 21.76 21.08 19.44 17.70 16.82 15.02 13.91 11.96 10.24  9.07
 0.47  1.62  3.13  3.68  4.21  4.45  5.10  5.72  5.58  5.56  5.20  4.16
traj-88:
22.86 22.65 22.35 22.24 22.36 22.45 22.76 22.93 23.03 23.01 23.06 22.96 22.68 20.90 18.96 17.77 16.53 15.44 13.87 12.31 10.55  9.47  7.73
 1.15  2.11  3.50  5.26  6.88  8.10  9.43 10.55 12.44 13.78 15.62 17.60 18.42 18.66 18.24 18.37 18.66 19.28 19.84 20.07 20.56 21.15 21.96
traj-89:
23.16 22.37 21.89 21.99 22.35 22.52 22.58 22.58 22.70 23.18 23.21 23.11 23.02 23.01 23.08 23.22 23.58 24.55 26.34 26.62 27.20 27.48 27.31 27.90 29.56 29.51
 0.89  1.26  3.12  3.88  5.60  7.58  8.35 10.20 11.15 12.08 14.03 15.52 17.51 18.30 19.98 21.65 22.39 23.43 24.24 24.36 24.49 24.61 24.73 24.83 24.03 22.40
traj-90:
21.70 21.48 21.34 21.10 19.93 18.48 17.60 15.75 14.18 12.39 10.88 10.41
 1.32  2.88  3.43  4.92  4.85  4.76  4.69  5.25  6.24  6.19  5.47  5.23
traj-91:
22.90 22.90 22.77 22.74 22.83 22.88 22.93 22.98 22.89 22.11 21.47 21.78 22.01 22.06 21.07 19.29 17.55 16.68 15.19 13.86 12.65 11.52  9.97  8.45  6.58
 0.80  1.10  2.81  3.64  5.07  6.60  7.70  9.49 11.17 12.94 14.49 16.14 16.60 18.34 19.00 18.38 18.38 18.34 18.66 18.78 18.93 19.01 18.83 18.47 18.06
traj-92:
21.17 21.83 22.22 22.62 22.05 21.31 21.77 22.06 22.94 23.06 23.25 23.27 23.00 22.66 22.44 23.62 24.36 26.12 27.31 29.03 30.60 32.16
 0.71  2.11  3.28  5.23  7.14  8.63 10.50 11.88 13.65 14.74 16.13 17.83 19.47 20.09 22.06 22.80 23.32 23.36 23.41 22.77 22.25 22.13
traj-93:
22.98 22.50 22.49 21.39 19.59 17.70 16.14 15.36 14.48 12.73 12.34 10.42  8.67  7.06  5.77  4.32
 1.63  2.99  4.97  5.19  4.38  4.49  5.65  6.64  6.95  7.38  7.71  8.12  8.67  8.71  8.65  8.82
traj-94:
21.15 21.45 21.83 22.19 22.92 22.75 22.92 23.09 23.19 23.04 23.06 23.16 23.25 22.83 21.03 19.27 18.69 16.93 15.56 13.98 12.89 11.53 10.12  9.40  7.65  7.36
 0.41  1.25  2.42  4.38  5.76  7.27  9.22 10.09 12.05 13.87 14.47 16.22 18.15 19.52 19.03 18.72 18.80 18.84 19.67 20.52 20.70 20.90 21.56 21.81 22.42 22.51
traj-95:
21.56 22.70 23.05 23.11 23.00 23.07 23.01 22.78 22.18 21.78 21.58 21.01 21.49 22.59 23.53 25.05 26.98 28.35
 1.70  2.85  4.71  6.09  7.49  9.25 10.92 11.89 13.80 14.53 16.42 17.91 19.72 21.10 22.15 23.14 23.35 23.77
traj-96:
23.08 23.06 22.64 21.67 19.76 18.00 17.23 16.64 15.76 14.97 14.02 12.25 10.33  9.33  7.49  6.57  5.05  4.48
 1.67  2.87  4.57  5.25  4.72  4.77  4.91  5.23  6.24  7.40  8.68  8.84  8.53  8.36  7.99  7.66  6.78  6.49
traj-97:
23.59 23.27 23.04 23.23 23.19 23.02 22.78 22.92 23.13 23.42 23.66 23.68 23.82 23.88 23.39 22.90 21.55 19.75 17.98 16.42 14.48 12.54 11.67 10.35
 0.99  1.50  3.43  4.29  6.27  7.33  8.36 10.23 11.26 13.19 13.74 14.04 15.78 16.68 18.56 19.31 18.81 18.66 18.76 18.89 18.74 18.87 18.75 18.64
traj-98:
21.78 22.01 22.36 22.75 22.95 23.25 23.27 23.30 23.32 23.38 23.46 23.53 23.61 23.69 23.85 23.98 25.39 26.99 28.17 29.01 30.41 31.85 33.08
 1.23  2.03  3.72  5.46  6.90  8.85 10.54 12.30 12.60 14.54 16.33 17.44 18.77 19.75 21.21 23.07 23.30 23.44 23.47 21.66 20.40 19.06 17.63
traj-99:
21.61 22.11 22.22 20.63 19.21 18.64 17.58 16.00 14.94
 0.63  1.73  3.48  4.35  4.58  4.72  4.98  5.59  6.33
traj-100:
21.48 22.23 22.46 22.39 22.34 22.37 22.31 22.41 22.70 22.97 22.51 21.90 20.16 18.43 16.46 15.00 13.48 11.58 10.22  9.50
 1.77  3.28  3.93  5.49  7.44  9.19 10.25 11.72 12.90 14.04 15.70 17.49 18.43 18.47 18.50 18.47 18.50 18.63 18.77 19.01
traj-101:
23.12 23.13 23.15 23.26 23.29 23.04 22.66 22.36 22.48 22.26 22.50 23.06 23.14 23.23 23.41 23.21 24.61 25.19 27.17 28.32 30.01 30.78 31.56 31.77 32.05 32.42 32.87 33.37 33.58 33.56 33.59
 1.09  2.11  3.67  5.64  6.82  8.18 10.02 10.52 12.33 13.46 14.64 16.00 17.46 19.10 20.79 22.36 23.16 23.29 23.56 23.42 22.60 22.01 20.38 19.54 17.98 16.45 15.18 13.52 11.89 10.13  8.64
traj-102:
22.01 22.01 22.24 20.67 18.70 17.82 16.91 15.66 13.74 12.37
 1.98  3.06  4.47  4.59  4.58  4.62  5.88  7.20  6.88  6.42
traj-103:
22.18 22.68 23.06 23.11 23.15 23.09 23.04 23.02 23.02 22.96 23.12 23.24 23.33 22.33 21.17 19.37 17.93 16.76 16.58 15.73 14.93 13.44 12.13 10.56  8.83  7.11  5.18
 0.75  1.77  3.73  5.43  6.84  7.64  9.22 10.00 11.52 13.10 15.01 15.29 17.20 18.71 18.81 18.81 18.79 18.79 19.03 19.59 20.47 21.19 21.59 21.91 21.98 22.12 22.25
traj-104:
23.40 23.08 22.95 22.90 22.79 22.60 22.70 22.66 22.33 22.39 22.66 23.17 23.35 23.40 23.54 23.66 24.32 26.24 27.37 29.21 29.65 29.98 30.10 30.05 30.46 30.38 30.92 31.12 31.67 32.47
 1.59  2.61  4.09  5.78  7.43  9.01  9.92 11.35 13.31 14.42 15.40 17.10 18.82 20.55 21.12 21.40 23.24 23.72 24.06 23.68 22.21 20.56 19.36 18.13 16.38 14.63 12.82 11.78 10.25  8.53
traj-105:
22.73 22.02 21.03 19.33 17.88 16.23 15.75 14.52
 0.71  2.56  3.84  4.54  4.78  5.66  6.22  7.65
traj-106:
21.71 22.02 22.34 22.92 22.94 22.90 22.71 22.52 22.46 22.46 22.12 22.26 22.50 20.73 19.91 18.44 17.85 16.38 14.46 12.83 11.14  9.29  8.60  6.72  6.42
 0.48  1.87  3.11  4.84  6.47  8.03  9.58 10.95 12.30 13.02 14.80 15.60 17.47 18.22 18.40 18.56 18.56 18.55 18.57 18.67 18.58 18.49 18.50 18.54 18.51
traj-107:
21.89 22.32 22.69 22.94 22.92 22.88 22.80 22.91 23.08 23.05 22.35 21.98 21.92 22.50 23.11 23.14 23.21 24.70 26.14 27.86 29.84 30.79
 1.15  2.54  3.72  5.34  6.37  8.27  8.81 10.42 11.53 13.43 14.89 15.94 17.85 18.83 20.58 21.38 23.19 24.17 24.26 24.29 24.45 25.65
traj-108:
22.04 22.45 22.28 22.24 20.64 19.25 17.79 16.56 16.48 15.13 13.23 11.38  9.95  7.99  7.41
 1.12  2.56  3.42  4.09  4.94  4.67  4.86  6.14  6.43  7.81  7.37  6.80  6.70  6.34  6.20
traj-109:
21.98 22.12 22.19 22.49 22.96 22.65 22.13 21.63 21.45 21.96 22.81 21.11 19.29 18.99 17.28 16.98 15.41 15.16 13.95 12.41 11.37  9.68  8.87  7.27  6.25  4.52
 1.91  3.84  5.67  6.69  8.17  9.97 11.28 12.61 13.69 15.45 17.22 17.76 18.23 18.19 18.28 18.30 19.28 19.45 20.76 21.20 21.57 22.23 22.32 22.50 22.61 22.79
traj-110:
21.96 22.44 22.60 23.00 23.36 23.58 23.40 23.08 22.70 22.44 22.40 22.62 23.14 23.31 23.53 23.64 23.79 24.57 26.04 27.70 29.27 30.24 30.81 31.18 31.56 31.78 32.07 32.49
 0.45  2.26  3.39  4.99  6.11  7.54  8.66  9.97 11.51 13.31 13.49 14.20 16.00 17.71 19.63 20.44 22.40 23.30 23.92 23.93 24.03 23.91 22.19 20.57 18.84 17.67 15.77 14.05
traj-111:
22.37 22.46 22.43 21.22 19.41 17.45 16.14 15.81
 0.91  2.77  4.38  5.36  4.89  4.93  6.34  7.00
traj-112:
22.58 23.13 22.91 23.00 23.23 23.22 23.00 22.58 22.39 22.55 22.91 22.42 20.82 19.44 18.59 16.70 15.39 14.55 13.30 12.81 12.58
 0.99  2.91  4.31  6.18  7.03  8.94  9.74 11.48 13.32 14.50 15.87 17.78 18.44 18.61 18.67 18.72 20.22 20.90 22.08 22.88 23.07
traj-113:
23.06 23.01 22.96 23.25 23.27 23.30 23.29 23.18 23.14 23.15 23.14 23.19 23.16 23.35 23.47 23.69 23.91 25.16 26.54 28.27 29.26 30.09 30.31 30.46 30.53 30.47
 0.50  2.31  4.12  6.08  6.15  7.32  9.19 11.09 11.62 13.57 14.13 15.85 17.31 19.30 20.38 22.26 22.47 23.93 23.83 23.63 22.61 21.45 19.51 18.04 16.68 15.79
traj-114:
22.69 22.86 23.38 23.32 23.30 21.95 20.94 19.32 17.84 16.23 15.99 15.15 14.18 12.81 11.59 10.19  9.06
 0.71  1.43  3.19  5.12  6.90  5.49  4.95  4.97  4.90  5.76  5.93  6.48  7.21  8.00  8.33  8.82  9.20
traj-115:
22.48 22.19 21.72 21.69 21.65 22.31 22.46 22.38 21.75 21.36 21.28 21.27 20.16 18.41 17.83 16.31 15.24 13.46 11.51 10.25  8.66  7.12  5.82  4.66
 1.22  1.95  3.19  5.15  6.47  8.14 10.06 11.21 13.05 14.93 15.96 17.42 18.44 18.38 18.31 18.62 18.85 18.92 19.31 19.42 20.00 20.83 21.38 21.98
traj-116:
23.64 23.21 23.09 23.28 23.49 23.56 23.27 23.04 22.67 22.19 22.05 22.37 22.33 22.99 23.92 25.56 26.85 27.91 29.89 31.10 31.23 31.05 30.95 30.94 31.12 31.78 32.42 32.85 33.36 33.72 34.33
 1.80  3.71  5.51  6.37  8.04  9.96 11.28 12.12 13.90 15.58 16.94 18.85 19.61 21.04 22.67 23.69 23.93 23.99 23.95 23.40 22.07 20.46 19.87 17.91 15.98 14.29 12.76 11.09  9.65  8.33  6.76
traj-117:
23.19 22.57 21.88 20.72 18.77 17.15 16.08
 0.61  2.19  3.71  4.82  4.54  4.76  6.31
traj-118:
21.86 22.25 22.36 22.38 22.39 22.55 22.73 22.98 23.00 23.10 22.95 21.51 20.71 19.64 17.90 16.48 14.70 13.44 12.04
 1.43  3.12  5.06  6.34  7.33  8.97 10.76 12.68 13.22 15.19 16.46 17.68 18.36 18.49 18.65 18.80 19.25 19.47 20.05
traj-119:
22.98 23.37 23.56 23.34 23.07 23.13 23.16 22.93 23.08 23.30 23.46 23.64 23.75 23.87 23.93 24.76 26.48 28.24 28.83 30.49 31.29 33.17
 1.18  2.76  4.35  5.41  7.29  9.19 10.07 12.01 13.87 14.89 15.76 16.64 18.57 20.51 21.60 23.27 23.15 23.04 23.01 22.58 22.46 22.18
traj-120:
23.08 22.37 21.07 19.07 17.61 15.88 14.32 13.54 11.77 10.43  9.09
 1.96  3.76  4.84  4.74  4.98  5.76  6.28  6.58  7.41  7.06  6.77
traj-121:
21.84 22.25 22.65 23.04 22.99 22.83 22.48 21.05 21.25 21.37 21.17 21.10 20.11 18.63 18.05 16.43 14.81 12.88
 1.70  2.92  4.13  6.07  7.66  9.48 10.14 11.50 13.29 14.88 16.84 17.68 18.65 18.77 18.83 18.95 19.57 19.20
traj-122:
21.22 21.95 21.99 22.07 22.07 22.54 22.82 22.98 22.99 22.78 22.71 22.96 23.14 23.17 23.32 23.58 23.85 24.74 26.73 28.23 29.33 29.60 30.13 30.13 30.72 30.97 31.75 32.47 33.27 33.80
 0.70  2.08  2.89  4.65  5.49  7.40  8.65 10.20 12.06 13.25 14.08 14.89 16.83 17.42 19.39 20.52 22.34 23.63 23.69 23.66 22.29 21.66 20.14 18.23 16.90 15.09 14.03 12.55 11.07 10.01
traj-123:
21.06 21.27 21.09 19.65 17.78 16.50 15.37 14.80 13.82
 0.92  2.21  4.05  4.49  4.75  5.68  6.69  7.20  8.10
traj-124:
22.95 23.70 23.67 23.32 23.05 23.05 23.03 22.98 22.97 23.06 23.12 23.14 22.66 20.97 19.44 18.29 16.83 16.04 14.49 12.80 11.23  9.88  8.01  7.88  7.58
 0.97  2.59  4.30  5.62  6.88  8.05  8.92 10.46 11.23 13.16 14.01 15.73 17.18 18.21 18.24 18.32 18.48 18.58 18.77 19.09 18.73 18.47 18.48 18.76 18.75
traj-125:
23.66 23.19 22.72 22.82 22.91 22.98 22.88 22.81 22.83 22.76 22.82 22.69 23.03 23.17 23.27 23.59 24.47 26.35 27.80 29.57 31.29 31.22 31.46 31.85 31.99 32.49 33.33 33.99
 0.45  1.65  3.44  4.54  5.75  7.34  8.33 10.24 11.76 12.84 14.55 16.37 18.18 19.46 20.58 22.54 23.27 23.81 23.90 23.74 22.79 21.00 19.09 17.58 16.26 14.35 12.61 12.52
traj-126:
21.56 21.89 22.14 21.31 19.73 18.86 17.13 16.69 16.02
 1.38  2.11  3.62  4.82  4.64  4.66  4.81  5.11  5.69
traj-127:
21.97 21.94 22.64 22.72 22.86 22.98 23.04 23.22 23.45 23.49 23.37 22.07 21.64 19.81 18.04 17.75 15.78 14.45 13.81 12.04 10.57  9.65  7.92  7.35  5.87
 0.93  1.47  3.27  5.20  6.64  8.56  9.38 10.90 12.36 14.11 15.90 17.27 17.69 18.34 18.55 18.59 18.87 19.20 19.43 19.75 19.83 19.84 20.14 20.16 21.39
traj-128:
22.36 22.23 21.94 22.24 22.36 22.49 22.59 22.92 23.14 23.10 22.28 22.07 21.72 21.54 21.68 22.25 22.81 24.55 26.04 27.78 29.62 30.79 31.38 32.33 33.48
 1.62  2.55  4.36  6.26  7.56  8.89 10.06 11.98 13.37 14.77 16.52 17.03 18.99 19.92 21.57 22.50 23.94 24.26 24.35 24.38 25.14 26.23 26.96 28.16 29.80
traj-129:
21.38 21.29 21.06 19.98 19.14 17.60 16.88 16.01
 1.41  1.84  3.67  4.20  4.51  4.72  5.19  6.75
traj-130:
21.97 22.32 22.65 22.75 23.15 23.13 23.09 23.08 22.99 22.93 23.07 23.32 22.93 21.08 20.50 18.57 17.12 15.66 14.25 13.49 11.82 11.24  9.79  8.46
 1.07  2.15  3.35  3.63  5.34  6.78  8.20 10.14 11.82 13.66 14.79 16.76 18.54 19.01 18.92 18.81 18.70 18.86 19.46 19.76 20.55 20.82 21.49 22.13
traj-131:
21.04 21.76 22.50 23.08 22.92 22.73 22.47 22.69 23.10 23.27 23.36 23.49 23.47 23.56 24.45 26.23 27.08 28.80 30.21 31.39 31.69 32.10 32.59 33.28 34.16 34.21 34.56 34.85
 1.80  3.04  4.79  6.64  7.43  9.17 11.10 12.76 14.39 16.28 17.40 19.38 21.37 22.55 23.05 23.15 23.20 23.16 22.41 20.98 19.41 17.69 15.89 14.47 12.86 12.57 10.82  9.36
traj-132:
22.87 22.74 22.04 21.22 19.30 17.55 16.02 14.56 13.20 12.23 10.45  8.97  7.47  5.81
 1.03  1.44  3.22  4.46  4.67  4.91  5.85  6.99  6.78  6.61  6.25  6.59  6.78  7.27
traj-133:
23.71 23.00 22.71 22.54 22.38 22.24 22.18 22.24 21.94 21.51 21.03 21.06 21.39 21.19 19.45 18.59 16.85 14.90 13.59 12.31 11.05 10.59
 1.57  2.85  4.64  6.35  8.07  9.90 10.84 11.25 13.03 13.92 14.27 14.46 16.33 17.72 18.48 18.43 18.25 18.43 18.67 19.56 20.75 22.39
traj-134:
21.78 21.87 21.87 21.91 22.67 22.51 22.31 22.03 21.89 21.71 21.46 21.70 21.92 21.97 21.72 22.19 22.94 24.34 26.08 27.79 29.60 30.25 32.09 32.94 33.62
 0.55  1.62  2.58  3.93  5.77  6.56  7.75  9.45 11.00 11.84 13.76 14.85 16.71 17.31 19.15 20.96 22.66 23.20 23.28 23.48 23.99 24.09 24.72 25.46 26.31
traj-135:
23.67 23.15 22.87 21.56 20.74 19.32 18.45 17.28 15.89 15.19
 0.72  2.28  3.06  4.09  4.16  4.34  4.42  4.61  4.77  4.37
traj-136:
23.18 22.86 22.79 22.73 22.77 22.89 23.07 23.15 23.34 23.15 23.01 21.87 20.25 18.50 16.74 15.69 14.58 12.76 12.18 10.70  9.85  8.64
 1.99  3.12  4.77  6.67  7.38  9.34 11.18 11.76 13.45 15.39 16.18 17.71 18.61 18.61 18.61 19.22 19.94 19.66 19.59 20.47 21.03 21.60
traj-137:
23.20 23.41 23.60 23.43 23.33 23.14 22.90 22.95 22.73 22.69 22.56 22.03 21.41 21.26 21.13 21.45 22.31 22.60 24.25 24.55 26.29 28.18 29.20 30.03 30.32 30.78 31.06
 0.57  0.79  2.61  4.24  5.36  7.35  8.69 10.33 11.38 12.59 14.32 15.39 16.92 18.34 20.10 20.58 22.31 22.37 23.04 23.06 23.17 23.02 22.85 21.67 19.87 17.99 16.27
traj-138:
23.53 23.23 22.57 22.22 21.72 19.83 18.08 17.22 15.50 13.86 11.94 10.02  8.17
 0.57  1.13  2.62  3.51  5.05  4.91  4.94  4.94  4.75  5.04  4.80  4.38  4.25
traj-139:
23.54 23.39 23.23 23.39 23.59 23.68 23.76 23.69 23.66 23.69 23.75 23.74 23.20 22.90 21.73 20.53 18.62 17.19 16.06 14.45 12.61 11.36 10.46  8.75  7.80  5.92  4.13
 1.63  2.19  3.98  5.42  7.14  8.53 10.19 12.14 12.98 14.39 15.51 16.61 18.46 18.98 18.70 18.45 18.14 18.32 18.44 18.51 18.53 18.38 18.37 18.40 18.39 18.31 18.35
traj-140:
22.70 22.80 22.81 22.80 22.95 23.13 23.01 22.96 22.72 22.05 22.04 21.41 22.00 22.69 23.19 23.31 24.47 26.24 27.13 28.81 30.33 30.58 32.35 33.54
 0.72  2.67  2.96  4.63  6.11  8.04  9.73 10.72 12.27 14.07 14.51 16.26 17.53 19.18 20.48 22.22 23.04 23.05 23.03 23.01 22.21 22.04 21.52 21.59
traj-141:
23.73 23.65 22.94 22.39 20.69 18.71 17.25 16.34 15.30 14.07 12.68 10.77  9.83
 0.41  1.85  3.25  3.89  4.63  4.86  4.82  4.67  5.41  6.57  6.73  7.16  7.43
traj-142:
21.25 21.41 21.77 21.86 22.39 22.90 23.09 23.35 23.43 23.41 23.20 22.62 20.71 19.25 18.95 17.23 16.34 14.42 13.20 11.95 10.98  9.82  8.05  7.04  5.16  4.94
 0.94  1.78  3.73  5.54  7.25  8.86  9.62 11.37 12.54 14.16 15.87 17.77 18.34 18.79 18.80 18.81 18.87 19.40 19.39 19.29 19.34 19.30 19.25 19.21 19.20 19.20
traj-143:
22.65 22.65 22.68 22.62 22.75 22.77 22.83 22.84 22.85 22.92 22.98 23.16 23.25 23.36 23.48 23.77 24.08 25.83 27.75 29.44 30.46 32.29 33.50 34.32 34.72
 0.44  2.21  2.77  4.22  6.02  7.27  8.96 10.06 11.07 12.91 14.30 16.04 17.62 19.59 20.17 21.78 23.12 23.26 23.01 22.18 21.48 20.99 20.68 18.94 17.54
traj-144:
21.49 21.49 21.23 19.68 18.52 16.60 15.51 13.58 12.24 10.45  8.76  6.84
 1.65  3.45  4.53  4.38  4.28  4.44  5.77  6.24  6.08  6.14  6.05  5.86
traj-145:
22.49 22.69 22.56 22.42 22.26 22.34 21.98 22.00 22.13 22.93 22.97 23.12 22.48 22.21 20.79 19.33 18.15 16.79 15.68 14.84 12.85 12.29 10.60  8.98
 1.09  2.29  3.30  4.32  6.14  7.38  9.02 10.97 11.38 12.73 14.09 15.37 16.93 17.34 18.61 18.37 18.38 18.45 19.08 19.30 19.10 18.98 18.67 18.31
traj-146:
23.07 22.93 23.13 22.98 22.74 22.66 22.54 22.28 22.02 22.21 22.59 22.76 23.22 23.62 24.18 25.96 27.42 28.89 30.63 31.01 32.45 33.32
 1.34  2.86  4.79  5.86  7.66  9.18 10.65 12.12 13.84 15.78 17.38 18.84 20.62 22.46 23.14 23.25 23.31 23.38 22.66 22.50 21.54 20.89
traj-147:
22.37 21.61 21.00 20.23 18.57 17.69 16.52 15.60 14.32 12.39 10.80  9.74
 1.08  2.26  3.50  4.25  4.57  4.74  5.98  6.88  7.50  7.34  7.10  7.04
traj-148:
23.20 23.52 23.50 23.52 23.44 23.27 22.97 22.65 22.78 22.69 23.10 23.23 23.40 23.48 22.58 20.74 19.62 18.15 16.97 16.80 15.90 14.37 13.03 11.29 10.16  8.34  7.58  6.20  4.48
 0.57  0.99  1.29  3.26  4.10  5.74  6.79  7.81  9.78 10.80 12.65 14.10 15.79 16.67 18.25 18.36 18.36 18.38 18.39 18.64 19.19 19.60 19.57 19.52 19.79 19.62 19.93 20.47 21.01
traj-149:
21.66 21.88 22.26 22.35 22.33 22.31 22.20 22.43 22.57 22.95 23.11 23.29 23.46 23.59 23.76 23.95 24.63 26.37 28.01 29.44 30.68 31.67 32.63 33.79 34.34 34.56 34.72
 1.40  2.44  3.79  4.60  4.82  6.60  8.57 10.05 12.00 13.91 15.87 16.92 18.02 19.45 20.82 22.70 23.05 23.10 23.35 23.82 25.03 26.04 27.03 28.13 29.45 30.90 32.09
traj-150:
22.07 21.21 21.20 19.48 18.30 16.56 15.48 14.28 13.78 12.90 12.00 10.05  8.15  6.58  4.70
 1.97  3.75  4.05  4.90  4.88  4.85  5.22  5.91  7.20  8.80  8.64  8.48  8.58  8.70  8.94
traj-151:
21.74 22.52 22.78 22.81 22.79 22.70 22.61 22.48 22.50 22.81 22.12 21.13 20.05 18.58 17.09 15.62 13.77 12.01 11.43  9.90  8.42  7.01
 1.95  3.55  4.89  6.20  7.22  8.89 10.24 12.12 13.23 14.75 16.50 17.53 18.42 18.63 18.69 18.78 18.95 18.90 18.86 18.81 18.96 19.17
traj-152:
21.48 21.75 22.33 22.38 22.34 22.33 22.38 22.64 22.78 23.00 23.09 23.10 22.36 21.33 21.94 22.08 22.37 23.15 24.54 26.33 28.26 29.03 29.10 29.12 29.14 29.14 29.17 29.25
 0.78  1.32  3.04  4.62  5.79  6.33  6.62  8.38 10.16 11.28 13.20 14.57 16.27 17.75 19.46 19.73 21.58 22.20 23.06 23.00 23.49 24.92 26.71 28.56 29.15 30.60 32.24 34.23
traj-153:
22.36 22.34 22.39 20.57 19.49 17.74 16.51 15.84 14.87 13.41 11.52  9.72  8.24  6.32  5.75  5.36
 1.89  2.94  4.31  4.64  4.39  4.39  5.83  7.04  7.93  8.29  8.65  7.86  7.33  6.85  5.58  4.65
traj-154:
22.64 22.88 22.74 22.62 22.58 22.54 22.49 22.55 23.07 23.18 23.25 22.46 20.59 19.74 18.30 17.43 16.26 15.24 13.66 12.19 10.52  8.89  7.36  5.73
 0.57  1.79  3.65  5.08  7.03  8.09 10.00 11.78 13.20 15.13 15.86 17.62 18.27 18.34 18.48 18.53 18.74 18.95 19.22 19.36 20.04 20.91 21.73 22.60
traj-155:
22.26 22.65 22.70 22.75 22.57 22.67 22.79 22.93 22.86 22.96 23.03 23.09 23.23 23.30 23.30 23.39 25.16 27.10 28.12 29.07 29.50 29.65 29.76 29.83 30.39 30.95
 1.75  3.51  5.04  5.74  7.60  8.72 10.09 11.81 13.30 15.10 16.61 17.52 19.41 20.32 22.01 23.16 24.03 24.14 24.34 25.35 27.28 28.06 29.30 30.26 31.88 33.70
traj-156:
23.68 23.44 23.18 22.79 21.04 20.56 18.92 17.46 16.42 15.90 14.21 13.96 12.38 11.50  9.74  9.01  7.77
 1.54  2.59  3.67  4.74  4.63  4.58  4.54  4.55  5.13  5.43  6.35  6.52  7.30  7.34  7.48  7.08  6.39
traj-157:
21.20 21.44 21.58 21.69 21.64 22.00 22.54 23.05 22.77 22.24 22.41 22.76 21.39 20.54 18.78 17.89 16.73 15.10 13.55 12.05 11.16  9.60
 1.82  2.95  4.70  5.36  7.09  7.86  9.19 10.58 11.31 13.22 15.15 16.47 17.82 18.03 18.31 18.37 18.46 19.32 20.11 19.63 19.47 19.19
traj-158:
22.84 22.88 22.85 22.83 22.99 23.12 23.08 22.96 22.95 23.03 23.13 23.16 23.19 23.25 23.31 23.53 25.00 26.58 28.16 29.03 29.72 30.13 30.78 31.01
 1.31  3.19  4.16  5.82  7.30  9.04  9.59 11.45 12.08 13.19 14.80 16.61 17.81 19.68 20.55 22.17 23.19 23.73 24.17 25.71 27.46 28.50 29.91 30.30
traj-159:
23.07 22.79 21.54 21.24 19.33 17.58 16.07
 1.82  2.29  3.61  3.68  4.24  4.40  4.25
traj-160:
22.94 22.61 22.39 22.51 22.63 22.86 22.91 22.92 22.80 22.19 21.96 21.90 20.17 19.87 18.14 16.42 15.38 13.61 12.35 11.33  9.88  7.97  6.58
 1.18  2.68  3.87  5.24  7.18  9.00  9.89 11.71 13.19 14.88 15.75 17.64 18.40 18.38 18.32 18.45 18.69 19.25 19.80 19.88 19.72 20.23 20.69
traj-161:
23.22 23.14 23.01 22.99 23.07 23.20 23.14 22.95 22.76 22.80 22.82 23.04 23.20 23.29 23.54 24.73 26.18 27.92 28.63 29.90 30.26 30.42
 1.96  2.78  4.51  6.34  7.69  9.43 11.30 13.23 14.24 16.02 16.55 18.41 20.35 21.45 23.34 23.52 23.84 24.05 24.32 25.62 27.53 28.51
traj-162:
23.40 22.66 21.01 19.67 17.96 16.83 15.39 14.08 13.40 11.49 10.66
 1.17  2.85  3.95  4.58  4.72  5.36  6.61  7.61  8.03  7.79  7.65
traj-163:
21.94 22.07 23.03 23.22 23.31 23.12 23.03 22.97 23.02 23.03 23.14 23.21 22.54 21.08 20.08 18.37 16.61 16.02 14.29 12.66 10.90 10.00
 0.74  1.01  2.57  3.67  4.26  6.19  7.29  8.37  9.99 11.71 13.46 15.14 16.73 17.92 18.52 18.67 18.60 18.55 19.08 19.45 19.58 19.68
traj-164:
22.75 22.46 21.68 22.04 22.59 22.97 22.92 22.66 22.66 22.91 22.98 23.35 23.41 23.46 23.77 24.50 26.25 27.97 28.27 29.25 29.39 29.66 29.74 29.71 29.77 29.60 29.46 29.54 29.53 29.43
 1.01  1.76  3.27  5.05  6.78  8.30  8.77 10.73 12.54 13.99 15.18 17.07 19.03 20.90 22.57 23.01 23.31 23.71 23.70 22.09 20.56 19.20 17.25 15.60 14.46 13.16 11.58 10.60  9.52  7.57
traj-165:
23.63 22.99 21.85 21.07 19.20 18.91 17.23 16.22 14.56 13.01 11.20  9.58  8.34  7.62  6.01  5.32
 1.09  2.23  3.45  3.62  4.14  4.21  4.49  5.05  6.12  6.05  6.38  7.39  6.46  5.93  5.00  4.59
traj-166:
22.89 23.13 23.20 23.27 23.14 22.97 22.90 22.24 22.12 22.37 22.81 21.65 20.02 18.84 17.38 16.51 15.06 14.81 13.75 13.28 12.13 10.28
 1.03  2.95  4.11  5.71  7.53  9.41 10.26 11.92 13.82 14.37 16.31 17.47 18.34 18.36 18.40 18.43 19.33 19.51 21.09 22.32 23.23 23.78
traj-167:
23.22 23.14 23.11 23.04 23.12 23.15 23.15 22.98 23.00 22.96 23.22 23.38 23.43 23.58 23.46 23.36 23.62 25.35 26.88 28.40 29.18 30.87 32.07
 0.51  2.38  2.98  4.79  6.73  8.04 10.02 12.00 13.98 14.78 16.43 18.18 18.76 20.52 22.13 23.87 24.02 24.08 23.81 23.68 22.64 22.23 21.11
traj-168:
22.14 22.13 21.52 20.08 18.33 17.18 15.85 15.22 13.83 13.07 11.88 10.92  9.36  7.90  6.55  5.68  4.98
 1.52  2.32  4.13  4.33  4.52  4.78  5.23  5.83  6.86  7.25  7.84  8.34  9.05  9.29  8.40  6.69  5.08
traj-169:
21.37 22.75 23.42 23.35 23.28 23.24 23.21 23.14 23.13 23.15 22.35 21.46 21.34 20.08 18.92 17.79 16.44 15.96 14.27 12.42 10.53
 0.61  1.84  3.45  4.54  6.43  7.27  9.13 10.03 11.81 12.41 14.22 15.94 17.08 18.30 18.57 18.70 18.87 19.16 19.65 19.27 18.84
traj-170:
21.38 21.42 21.57 21.70 22.02 22.20 22.19 22.33 22.39 22.96 23.15 23.22 23.30 23.37 23.49 23.74 24.88 26.87 27.74 29.24 30.89 31.78 32.13 32.62 33.14 33.59 34.11 34.31
 1.09  2.07  3.47  5.28  7.12  8.92  9.59 11.40 12.70 14.17 16.07 17.25 18.09 19.78 20.94 22.25 23.02 23.08 23.10 22.49 21.70 19.99 19.04 17.86 16.65 15.13 13.26 12.13
traj-171:
21.75 22.28 22.00 20.91 19.28 18.14 16.66 15.07 13.57 11.74 10.07  8.27  6.97
 0.52  1.36  3.25  4.85  4.23  4.35  4.45  5.11  6.34  6.49  5.80  5.14  4.59
traj-172:
23.69 23.15 22.88 22.76 22.74 22.72 22.51 22.38 22.29 22.40 22.62 22.01 21.68 20.28 19.17 17.70 16.11 15.93 15.64 14.49 12.89 11.36  9.83  8.66  6.72  5.94
 0.78  2.20  3.09  5.06  7.02  7.32  9.30 10.30 11.70 12.39 13.80 15.70 16.99 18.19 18.38 18.51 18.77 19.01 19.82 21.41 21.65 21.90 22.20 22.18 22.61 23.03
traj-173:
22.72 22.79 22.97 22.93 22.92 22.96 23.01 23.00 23.14 23.40 23.46 23.47 23.59 23.08 24.61 26.32 28.29 28.88 30.61 32.23 33.98 34.08
 1.76  3.51  5.25  7.14  8.71  9.79 11.45 13.30 14.27 16.24 18.14 19.03 20.15 22.07 23.13 23.25 23.51 23.50 23.97 24.47 24.93 24.65
traj-174:
23.08 22.66 21.77 20.40 18.91 17.22 16.66 15.08 13.50 12.29 11.24
 0.57  1.81  3.43  4.52  4.60  4.85  5.23  5.88  6.44  7.14  8.09
traj-175:
21.70 21.92 22.71 23.26 22.79 22.49 22.40 22.43 22.67 22.82 22.22 21.02 20.18 18.71 18.13 16.23 14.47 12.66 11.69  9.75
 1.95  2.58  4.27  5.67  7.59  9.06 10.01 11.97 13.69 14.27 16.16 17.30 18.07 18.30 18.39 18.68 18.92 19.41 19.35 19.35
traj-176:
23.37 23.06 22.97 22.90 22.89 22.92 22.97 22.92 22.85 22.90 23.01 23.07 23.11 23.25 23.46 23.80 24.72 26.67 28.21 29.73 31.23 33.03
 0.53  2.12  3.55  5.28  6.82  8.20  8.73 10.28 11.74 13.67 15.11 16.23 17.72 19.42 20.83 22.50 24.00 24.09 23.99 23.84 23.28 22.46
traj-177:
23.55 23.10 22.85 22.86 22.69 21.37 20.47 18.49 17.29 15.40 15.25 13.33 11.49 10.61  8.90  6.94  6.64
 0.83  1.68  2.83  3.13  5.03  6.22  4.99  4.82  4.90  5.53  5.67  5.72  5.64  5.58  5.41  5.08  5.08
traj-178:
21.61 22.07 22.17 22.22 22.67 22.83 22.95 22.46 21.42 21.06 21.09 21.21 21.34 20.33 19.79 18.02 17.72 15.93 14.34 12.52 10.95  9.02  8.20  6.45  5.31
 1.25  2.47  3.69  5.52  7.29  8.77  9.83 11.63 12.19 13.94 15.09 16.24 17.32 18.32 18.40 18.53 18.56 18.56 18.78 18.96 19.07 19.32 19.53 20.32 20.83
traj-179:
21.76 21.97 22.13 22.58 22.67 22.55 22.48 22.54 23.01 22.75 22.94 23.02 23.29 23.85 24.75 26.47 27.66 29.17 30.83 30.62 30.66 30.60
 1.68  3.28  4.52  6.40  8.14  9.17 10.70 12.67 14.44 16.23 18.21 20.09 21.23 22.45 23.08 23.42 23.60 23.56 22.74 20.78 19.06 18.77
traj-180:
22.84 22.65 22.09 20.57 19.46 18.58 17.11 15.35 14.15 12.56 10.90  9.23  7.36  5.88  4.52
 1.15  1.96  3.06  4.26  4.44  4.58  4.78  5.55  6.05  6.70  7.39  7.97  7.76  7.73  7.53
traj-181:
21.27 21.72 21.99 22.17 22.21 22.26 22.86 23.48 23.46 23.26 22.13 21.01 20.04 18.85 17.66 16.47 14.85 12.92 11.70 10.69 10.35
 1.30  2.58  4.38  5.34  6.68  8.01  9.35 11.23 12.84 14.56 16.19 17.84 18.65 18.71 18.76 18.80 19.47 19.96 21.06 22.70 23.02
traj-182:
23.31 23.03 22.52 22.45 22.44 22.57 22.96 22.74 22.48 22.39 21.53 21.30 21.12 21.12 21.12 21.17 21.66 23.24 24.81 26.73 28.21 29.08 29.31 29.61 30.08
 1.28  1.38  3.24  4.21  5.94  7.91  9.69 11.26 13.17 13.90 15.62 15.82 16.97 18.14 19.86 20.71 22.12 23.09 23.32 23.69 24.31 25.80 27.13 28.41 29.62
traj-183:
23.42 23.36 22.65 21.76 20.35 18.42 17.83 16.70 15.47 13.58 12.69 10.90
 1.41  3.37  4.75  5.98  4.89  4.72  4.84  5.57  7.14  6.78  6.33  5.44
traj-184:
22.74 22.85 22.91 23.07 23.10 23.14 23.12 23.16 23.23 23.24 22.91 22.92 23.10 22.54 20.96 20.45 18.89 17.14 15.71 13.87 13.37 12.52 11.64
 0.70  2.36  3.65  4.59  5.61  7.32  8.57  9.80 11.78 12.08 13.93 15.78 16.63 18.54 18.79 18.53 18.15 18.22 18.41 18.45 19.39 20.87 22.14
traj-185:
21.98 22.03 22.12 22.32 22.19 22.13 22.20 22.35 22.61 22.90 23.11 23.31 23.36 23.26 23.50 24.75 26.34 28.02 29.15 29.47
 1.12  2.49  4.05  5.96  7.33  8.11  9.91 11.45 13.01 14.89 16.33 18.06 19.94 20.22 22.17 23.00 23.42 23.86 25.36 27.00
traj-186:
21.99 22.07 21.26 21.02 19.37 17.88 16.50 16.04 15.94 14.27 12.45 11.00  9.52  7.94  7.10
 1.60  1.89  3.05  4.46  4.63  4.74  5.71  7.38  7.66  8.58  8.15  7.46  6.80  6.35  6.09
traj-187:
22.64 22.70 22.70 22.69 22.69 22.73 22.57 22.85 22.83 23.07 22.67 22.22 20.92 19.86 18.41 17.24 16.15 14.94 13.48 11.57
 0.90  2.41  3.31  4.94  6.57  7.41  9.37 11.30 12.71 14.58 16.43 18.16 18.56 18.54 18.63 18.76 18.84 19.17 19.46 19.67
traj-188:
23.25 23.18 23.18 23.22 23.18 23.13 23.16 23.14 23.09 23.15 23.21 23.30 23.43 23.54 24.39 25.83 27.61 28.79 30.35 31.29
 1.79  2.90  4.85  6.72  8.42 10.01 11.56 12.78 14.52 15.41 17.13 19.11 20.84 22.60 23.20 23.14 23.09 23.05 23.29 23.50
traj-189:
22.26 21.16 21.47 19.53 18.38 17.53 16.27 14.88 14.14 12.84 11.43 10.84  8.93  7.79  6.66
 1.30  2.80  4.77  4.46  4.67  4.84  6.22  7.54  8.45  8.77  9.08  9.16  9.41  9.45  9.37
traj-190:
21.21 21.70 22.70 22.83 22.99 22.97 22.70 22.32 22.65 23.06 23.30 23.09 22.62 21.08 19.29 18.71 17.83 16.18 15.66 13.89 12.23
 1.73  2.65  4.15  6.12  7.05  9.05 10.99 12.57 14.49 16.22 17.94 19.07 20.31 19.04 18.35 18.45 18.64 18.96 19.26 19.85 20.22
traj-191:
23.32 23.15 22.64 22.17 21.54 21.38 21.18 21.27 21.62 21.85 21.98 22.16 21.46 21.17 21.12 21.39 22.98 24.94 25.78 27.56 29.48 29.66 29.83 29.83 29.89 29.86 29.75 29.64 29.59 29.70 29.78 30.16 30.51 30.85
 1.77  2.23  3.67  5.43  7.08  8.33 10.16 11.49 13.46 14.40 15.73 17.02 18.60 19.86 21.68 23.22 24.41 24.57 24.58 24.81 24.42 23.20 21.68 20.16 18.20 16.68 15.40 14.46 12.97 11.41 10.82  9.29  7.85  5.95
traj-192:
21.19 22.22 23.21 23.27 21.96 21.31 19.59 18.14 16.55 14.84 13.71
 0.52  2.04  3.69  5.19  6.69  5.70  4.94  4.91  4.85  5.25  5.64
traj-193:
21.10 21.86 22.37 22.85 22.82 22.85 22.77 22.57 22.19 22.02 22.57 22.59 21.91 21.59 19.62 17.64 16.20 14.55 12.78 11.93 10.21  9.39  7.58  6.06  5.11  4.74
 1.02  2.53  4.11  5.83  6.91  8.30  9.69 10.94 12.31 14.22 15.23 17.06 18.22 18.37 18.26 18.29 18.46 19.08 19.50 19.78 19.97 20.08 20.36 20.47 21.25 22.12
traj-194:
21.17 21.33 21.54 21.47 21.95 22.29 22.27 22.45 22.85 23.20 23.41 23.36 23.39 23.61 24.45 26.22 27.40 29.11 30.01 30.33 30.43 31.33 31.41 31.42
 0.77  2.39  4.11  5.79  7.67  9.56 10.64 12.13 13.65 15.40 17.12 18.76 20.69 22.06 23.06 23.06 23.06 22.84 21.39 19.72 17.78 16.49 14.75 13.85
traj-195:
23.14 22.99 22.03 21.13 19.55 18.39 16.99 15.19 13.48 13.02 11.26 10.04  8.34  6.72  5.28  4.83  4.14
 0.82  1.08  2.52  3.72  4.41  4.68  4.90  5.47  6.30  6.36  6.80  7.15  7.27  7.66  6.63  5.99  4.30
traj-196:
22.01 22.35 22.53 22.79 22.72 22.78 22.83 22.97 23.04 23.01 22.75 22.47 22.32 20.65 20.14 18.42 17.25 15.54 13.57 12.65 10.87  8.98  7.14
 0.71  2.38  3.51  5.08  6.91  8.02  9.67 10.88 12.30 13.72 15.29 17.13 17.66 18.75 18.74 18.83 18.88 18.98 18.84 18.78 18.78 19.09 19.57
traj-197:
23.18 22.99 22.88 22.61 22.45 22.45 22.55 22.04 21.76 21.67 21.83 22.31 22.67 22.97 23.24 23.87 25.47 26.50 28.29 29.41 31.22 31.86 33.15 34.24 34.36 34.65
 1.34  3.33  4.46  5.97  7.52  8.74  9.75 11.55 12.44 14.32 14.57 16.35 18.25 20.11 21.49 23.18 23.56 23.84 23.46 22.36 21.71 21.37 20.68 19.04 18.49 17.07
traj-198:
23.17 22.38 22.09 20.82 19.20 17.46 15.93 15.14 13.40 11.60 10.60
 1.40  3.10  3.70  4.10  4.72  4.84  5.56  5.91  6.74  7.30  7.08
traj-199:
22.48 22.53 22.61 22.67 22.69 22.59 22.58 22.52 22.80 23.00 23.14 23.31 21.97 20.33 18.35 16.75 15.77 14.18 12.43 11.16  9.44
 1.59  3.42  4.64  5.86  7.52  9.35 11.30 11.85 12.57 14.55 16.28 18.04 19.41 18.37 18.25 18.46 19.04 19.92 19.45 19.19 19.14
traj-200:
22.74 22.85 23.16 23.17 23.12 23.11 22.97 22.56 22.06 21.40 21.21 22.16 22.60 23.27 23.46 23.83 25.04 26.40 28.14 28.98
 1.95  3.01  4.68  6.65  7.70  9.09 10.23 12.03 13.53 15.01 15.48 17.14 18.75 20.40 21.25 22.33 23.13 23.61 24.25 24.44
traj-201:
21.83 21.92 21.65 21.10 20.26 18.29 17.24 15.53 14.59 12.74 10.87 10.09  8.92
 1.59  1.87  2.01  3.75  4.53  4.78  5.00  5.43  5.47  5.34  5.75  5.49  4.97
traj-202:
23.22 23.07 21.90 22.11 22.49 22.78 23.03 22.96 22.90 22.74 22.48 22.02 21.08 19.30 17.57 16.70 15.37 14.83 13.88
 0.88  1.13  2.59  3.70  5.36  7.34  8.86 10.82 11.41 13.34 14.47 16.19 17.67 18.46 18.63 18.74 19.51 19.78 20.15
traj-203:
21.34 22.04 22.21 22.48 22.52 22.62 22.44 22.33 22.51 22.22 21.85 21.91 22.42 22.95 23.10 23.36 23.58 23.70 25.41 26.73 27.90 29.61 30.83 31.58 31.79 32.17 32.25 32.73 33.18 33.83
 1.31  3.09  4.67  5.41  6.76  7.80  9.32 11.32 12.27 13.79 15.24 15.93 16.95 18.46 19.31 20.87 22.42 23.74 23.99 24.13 24.24 24.62 24.83 23.25 21.47 20.03 18.94 17.46 15.70 14.08
traj-204:
23.02 23.19 23.41 22.48 22.33 22.13 20.30 19.70 17.97 16.72 16.21 15.42 14.36 13.22 11.94 10.43  9.46  8.02  7.52  5.84  5.12
 0.60  0.84  2.20  3.76  4.08  4.31  4.84  4.86  4.97  5.76  6.75  8.44  9.05  9.22  8.76  7.83  7.31  6.52  6.26  5.34  4.95
traj-205:
21.52 21.94 22.11 21.59 21.55 22.13 22.77 23.10 23.17 22.87 22.22 21.42 20.05 18.33 16.41 14.49 13.08 11.25  9.87
 1.41  2.93  3.96  5.70  7.05  8.41 10.30 12.07 13.80 14.81 16.67 18.38 18.59 18.70 18.92 19.40 19.37 19.34 19.32
traj-206:
22.90 23.65 23.53 23.38 23.15 22.81 22.62 22.59 23.09 23.33 23.30 23.15 23.00 22.94 24.22 25.46 27.06 27.90 29.52 30.46 30.27 29.64 29.41 29.49 29.48 29.38 29.41 29.47 29.76 29.96 29.53 29.18
 1.69  3.22  5.19  7.06  9.02 10.67 11.67 12.78 14.45 15.59 16.72 18.42 20.14 21.68 23.10 23.48 23.86 23.91 24.00 22.34 21.78 20.22 18.59 17.46 16.47 14.70 13.21 11.71 10.32  9.31  7.37  5.92
traj-207:
21.45 21.02 19.14 17.68 16.15 14.41 12.54 11.67 10.07  8.72
 1.94  3.81  4.48  4.60  5.38  5.83  6.09  6.06  6.66  7.04
traj-208:
21.66 21.65 21.87 21.91 21.86 22.55 22.95 23.00 22.49 21.82 21.61 21.32 21.07 19.39 17.63 16.16 14.38 13.28 11.77 10.94 10.58  8.99  7.90
 1.49  3.05  5.04  5.87  7.55  8.97 10.09 11.95 12.89 13.79 15.60 17.58 17.74 18.30 18.42 18.64 19.36 19.76 20.35 20.67 22.31 23.46 23.88
traj-209:
21.60 21.69 21.77 21.82 21.96 22.01 22.14 22.15 22.08 22.60 22.63 23.03 23.20 22.94 23.16 23.55 25.02 26.31 27.76 29.48 30.74 31.22 31.64 32.13 32.62 32.63
 0.55  0.84  2.75  3.64  5.59  7.35  8.78 10.31 12.08 14.00 15.49 17.42 18.64 20.36 21.23 22.45 23.19 23.33 23.11 22.86 21.39 20.04 18.19 16.56 14.89 13.99
traj-210:
22.15 21.79 20.15 19.80 18.09 17.22 16.93 15.21 14.41 14.18 12.41 11.54 10.21  8.32  6.68  4.96  4.66
 1.56  3.17  4.25  4.19  4.09  4.30  4.37  4.67  5.55  7.48  8.38  8.73  8.98  8.63  8.43  7.93  7.92
traj-211:
21.17 21.91 22.29 22.74 22.94 23.11 23.24 23.41 23.41 23.31 22.96 21.87 21.44 19.62 17.87 16.41 15.95 15.73 13.77 12.18 10.91  9.24
 0.71  2.56  3.86  5.41  6.80  8.69 10.09 11.53 13.18 14.78 15.96 17.42 17.83 18.64 18.67 18.75 19.06 19.27 18.95 19.03 19.04 19.11
traj-212:
21.03 21.57 21.83 22.08 22.24 22.26 22.45 22.48 22.94 23.10 23.24 22.45 21.58 22.07 22.43 23.03 23.27 24.04 25.81 26.71 28.45 29.62 30.70 31.51 32.92 33.60 34.19
 0.74  2.38  3.99  5.57  7.50  7.80  9.55 10.39 12.21 13.06 14.41 15.68 17.37 18.94 19.68 21.01 21.56 23.11 23.17 23.23 23.03 22.60 22.13 21.24 19.86 18.19 16.63
traj-213:
22.06 22.08 21.11 20.19 18.40 17.51 16.24
 0.77  1.83  3.55  4.24  4.31  4.18  4.02
traj-214:
22.88 23.10 22.50 22.42 22.68 23.05 22.65 22.49 22.34 22.52 22.01 21.22 20.20 18.22 16.48 14.74 13.79 12.01 10.32  9.05  8.04  6.75  5.88
 1.72  3.57  5.44  6.27  7.40  9.37 11.10 12.26 14.18 14.75 16.57 17.59 18.52 18.54 18.54 18.48 18.51 18.58 18.40 18.33 18.36 18.31 18.24
traj-215:
22.71 22.10 22.04 22.26 22.67 22.99 23.19 23.36 23.40 23.35 23.26 23.24 23.16 23.18 23.22 24.40 26.26 28.11 29.52 29.64 29.66 29.78 29.91 30.28 30.43 30.79 30.88 30.99
 1.45  3.33  4.99  6.65  8.20  9.08 10.88 12.45 14.19 15.58 17.17 18.36 19.92 21.30 22.04 23.14 23.21 23.01 21.69 20.54 18.63 17.80 16.57 15.22 13.25 11.56 10.85  9.13
traj-216:
22.69 21.63 21.09 20.80 18.99 17.80 16.91 16.50 15.97 14.14 12.32 11.36 10.14  8.49  7.50
 1.98  2.79  3.22  4.55  4.28  4.21  5.94  7.61  8.65  8.31  8.09  7.74  7.24  6.59  6.12
traj-217:
21.22 22.00 22.36 22.94 23.01 22.98 22.97 22.71 22.90 23.04 23.17 23.22 22.90 21.27 20.24 18.35 17.17 15.29 14.99
 0.84  2.13  2.89  4.78  6.13  7.02  8.42  9.89 11.79 13.24 15.17 15.92 17.66 18.35 18.32 18.21 18.21 18.18 18.17
traj-218:
21.75 22.32 22.85 23.04 22.58 22.36 22.02 22.21 22.51 22.56 22.62 23.17 23.09 23.03 22.14 21.22 21.37 21.62 21.76 23.10 23.68 25.43 27.20 28.47 29.26 29.25 29.17 29.18 29.57 29.84 30.18
 1.22  2.32  3.39  5.08  6.88  7.09  7.58  9.54 11.45 12.04 12.95 14.77 16.29 17.01 18.75 19.25 21.10 22.82 23.68 24.17 24.24 24.20 24.22 24.74 26.09 26.85 28.39 29.54 31.00 32.29 33.93
traj-219:
23.15 22.02 21.07 19.49 18.63 17.47 16.03 14.20 12.33 10.48  9.25  8.35  7.02  5.80  4.27
 1.96  2.89  3.66  4.42  4.50  4.65  4.79  4.69  4.56  4.43  4.36  4.32  4.28  4.20  4.09
traj-220:
23.42 23.00 22.47 22.44 22.62 21.98 21.77 21.37 21.53 22.37 22.99 22.72 22.05 20.45 19.28 17.83 16.77 14.99 14.87
 1.11  2.02  3.87  4.56  5.35  6.85  7.06  8.83 10.27 12.05 13.76 15.74 17.55 18.26 18.46 18.65 18.89 19.47 19.74
traj-221:
23.15 22.28 21.47 21.50 21.68 22.27 22.55 23.39 23.45 23.52 23.42 23.39 23.59 23.77 23.58 25.16 26.61 28.40 29.18 30.51 31.83 33.07 33.70 34.53 34.71 34.89
 0.60  2.27  4.07  5.22  7.00  8.74  9.49 11.18 12.34 14.20 15.29 16.94 18.63 20.61 22.18 23.12 23.22 23.60 25.17 26.55 27.56 28.88 29.74 31.55 32.41 33.28
traj-222:
23.17 22.12 21.20 19.65 18.50 16.53 15.21 13.93 12.10 11.80 10.06  9.49
 1.96  3.36  3.42  4.15  4.26  4.55  5.48  6.81  6.90  6.94  7.29  7.33
traj-223:
23.49 23.06 22.74 22.54 22.60 22.30 22.31 22.29 22.31 22.30 22.38 22.46 22.45 22.13 20.32 18.94 17.18 15.31 13.42 12.90
 1.39  2.46  4.30  6.28  7.52  9.41  9.71 11.51 11.81 13.55 14.18 15.85 17.82 19.47 18.82 18.66 18.51 18.67 19.22 19.51
traj-224:
21.81 21.80 21.81 21.81 21.90 22.05 22.15 22.18 22.47 22.93 23.04 22.43 22.38 22.92 23.27 24.74 26.05 26.91 28.72 30.19 31.56 32.52 33.99 34.09
 1.14  3.00  3.39  4.62  6.38  8.35 10.19 10.86 12.79 14.70 16.01 17.32 19.29 20.63 22.19 23.01 23.37 23.46 23.34 23.16 21.97 20.96 20.26 19.98
traj-225:
22.23 22.81 23.05 22.99 21.78 19.97 18.81 17.39 15.86 14.13 12.95 11.21  9.86  8.89
 1.22  2.25  3.95  5.38  5.53  4.71  4.45  4.49  4.72  4.93  5.15  5.38  5.30  5.12
traj-226:
21.78 22.15 22.15 22.10 22.40 22.57 22.53 22.74 22.93 22.67 22.22 20.31 18.37 16.78 15.71 14.24 13.20 11.35  9.42  8.46  7.26  5.91  4.03
 1.47  3.38  5.24  6.70  8.64 10.26 11.00 12.82 14.17 15.79 17.65 18.16 18.36 18.61 18.79 18.86 18.90 18.80 18.80 19.15 19.24 19.43 19.32
traj-227:
21.55 21.70 22.15 22.48 22.48 22.70 22.87 22.96 23.10 23.24 23.30 23.36 23.38 23.40 23.30 23.40 23.72 24.82 25.73 27.66 28.86 29.06 30.01 30.20
 0.81  1.89  3.42  4.65  6.32  7.94  9.19  9.84 10.99 12.14 13.69 15.25 16.88 17.73 19.61 21.34 22.51 23.30 23.82 24.13 24.22 22.26 21.06 20.50
traj-228:
21.45 22.02 22.41 23.05 22.40 21.21 20.41 19.64 17.75 17.54 15.71 14.18 13.17 11.45  9.51  9.22
 1.84  3.19  4.24  5.25  6.73  5.50  4.69  4.42  4.51  4.72  5.23  6.09  6.30  6.85  6.49  6.41
traj-229:
22.68 22.72 22.60 22.60 22.42 22.36 22.17 22.30 22.48 22.70 22.81 22.34 21.10 19.89 18.14 16.79 15.73 13.95 12.17
 1.86  2.89  4.77  5.78  7.01  8.51 10.11 11.23 12.48 14.17 15.24 16.62 17.87 18.16 18.39 18.56 19.28 19.68 19.32
traj-230:
21.85 22.06 22.62 22.80 22.99 22.95 22.99 23.39 23.12 22.37 21.62 21.75 21.89 22.59 23.12 24.71 25.56 26.97 28.69 30.17 31.70 32.24 33.05 33.74 34.03
 1.63  2.68  4.45  5.32  6.90  8.21 10.10 12.01 13.60 15.29 16.41 18.25 19.78 21.20 22.41 23.41 23.64 23.95 24.24 24.23 23.19 21.52 19.72 17.89 17.13
traj-231:
22.42 22.65 22.44 21.06 19.29 18.99 17.07 15.69 13.99 13.10 11.36  9.87  8.78  7.04  5.62  4.54
 1.89  2.44  4.19  5.03  4.41  4.47  4.82  5.34  6.33  8.05  8.94  8.56  8.05  7.95  7.14  6.15
traj-232:
22.84 22.38 22.26 22.16 22.16 22.19 22.31 22.26 22.22 21.63 21.45 21.16 20.86 19.69 17.70 16.86 15.53 15.42 15.34
 0.58  2.40  3.96  4.93  6.61  8.04  9.74 11.17 12.93 14.74 16.53 17.22 18.74 18.95 18.94 18.96 20.44 22.08 22.63
traj-233:
21.64 22.13 22.57 23.18 23.00 22.98 22.87 22.99 23.08 23.15 23.20 23.25 23.34 23.36 23.99 24.11 25.54 27.32 28.78 30.22 30.66 31.19 31.68 32.28 32.24 32.09 31.90 31.91 32.27 33.11 34.03
 0.94  2.37  4.01  5.84  7.68  8.49 10.23 11.57 13.50 15.15 16.77 17.89 19.60 21.58 22.93 23.07 23.15 23.37 23.66 22.55 21.46 20.53 19.56 17.95 15.96 14.02 12.09 11.65 10.09  8.43  6.82
traj-234:
22.10 22.03 21.54 20.47 18.72 17.34 15.50 14.05 12.37
 0.81  2.09  3.98  4.87  4.91  4.98  5.63  5.30  4.96
traj-235:
23.27 23.18 23.24 23.53 23.67 23.60 23.31 23.30 23.34 22.61 21.69 20.23 18.48 17.30 16.41 15.29 14.59 13.09 12.29
 1.27  2.12  4.00  5.73  7.44  9.37 10.83 12.77 14.14 15.80 17.40 18.61 18.58 18.54 18.63 19.29 20.56 21.83 21.64
traj-236:
21.73 22.04 22.29 22.56 22.57 22.47 22.59 22.49 22.28 22.39 22.48 22.84 23.00 23.19 23.28 23.38 23.44 23.94 24.34 26.02 27.58 28.59 29.53 31.39 33.03
 1.18  2.64  4.44  5.51  6.84  7.76  9.38 11.20 12.34 13.28 13.56 15.43 16.55 18.51 19.07 20.96 21.26 22.93 23.37 23.84 24.28 24.73 25.69 26.01 24.88
traj-237:
22.32 21.28 20.23 19.37 18.79 17.34 15.86 14.03 12.94 11.40  9.59  8.94  7.20  5.41
 1.85  3.41  4.19  4.47  4.60  4.66  4.81  5.46  5.92  6.79  7.14  7.15  7.02  6.60
traj-238:
22.13 21.96 22.81 22.93 22.92 22.86 22.82 22.75 22.91 23.09 23.24 23.25 22.03 21.05 19.39 19.10 17.33 15.97 14.72 14.20 12.57 11.30  9.91  8.31  7.08  6.04
 0.87  1.12  2.80  3.76  5.16  6.57  7.85  8.97 10.84 12.29 14.02 14.62 16.20 17.64 18.38 18.33 18.12 18.25 19.05 19.35 20.35 20.95 21.28 21.84 22.30 22.68
traj-239:
23.26 23.21 23.18 23.12 22.94 22.81 22.91 22.83 23.04 23.11 23.31 23.52 23.69 23.75 23.80 23.86 23.93 24.34 25.69 26.28 28.21 29.11 29.25 29.63 29.77 29.97 29.93
 1.72  2.81  4.66  5.97  7.54  9.11  9.82  9.95 11.46 12.18 13.60 15.52 16.68 18.39 19.53 20.88 22.27 23.91 24.31 24.40 24.87 26.30 27.41 29.12 30.45 32.25 32.95
traj-240:
21.07 22.20 20.74 19.38 17.41 15.68 14.25 13.68 12.00 11.73
 1.88  3.32  4.57  4.57  4.81  5.60  6.22  6.37  5.50  5.37
traj-241:
22.58 22.63 22.48 22.63 22.74 23.10 23.10 22.83 23.07 23.31 23.15 22.92 21.11 20.11 18.40 16.40 16.13 14.31 14.02 12.06 10.96
 1.38  3.20  4.72  6.39  6.78  8.17 10.07 11.65 13.35 14.74 16.53 18.49 18.98 18.66 18.37 18.33 18.45 19.20 19.28 19.22 18.78
traj-242:
21.71 22.01 22.53 23.13 23.18 23.24 23.21 23.18 23.12 22.71 22.42 22.00 21.90 21.72 21.52 21.28 22.21 23.89 24.77 26.73 27.33 28.97 30.70 32.28
 0.89  1.73  3.47  5.33  5.63  7.34  8.74 10.71 12.42 13.95 14.94 16.58 18.15 18.71 19.58 20.74 22.31 23.00 23.10 23.29 23.31 23.29 23.25 23.66
traj-243:
22.33 22.45 21.85 19.87 18.15 16.78 15.01 14.37 12.43 10.63  9.19  8.94
 1.69  3.38  4.45  4.60  4.72  4.92  5.67  5.97  6.44  6.64  5.51  5.34
traj-244:
21.82 22.48 22.61 22.62 22.72 22.67 22.78 22.65 22.47 21.82 22.42 22.92 22.95 21.35 19.76 18.00 16.07 15.64 13.69 12.60 11.66 10.75  9.79
 1.03  2.71  2.98  4.72  6.59  8.54 10.13 10.54 11.10 12.57 14.30 16.06 17.14 17.74 18.32 18.24 18.27 18.91 19.32 19.42 19.50 20.37 21.27
traj-245:
22.05 22.16 22.52 22.82 23.04 23.19 23.26 22.90 22.57 22.24 22.19 22.30 21.74 21.36 21.13 21.05 21.15 22.51 23.28 24.86 25.74 27.42 28.69 30.08 30.23 30.74 31.63 32.89 33.04
 1.10  1.37  3.34  4.90  6.23  7.06  8.82 10.15 11.57 12.81 14.05 15.55 17.37 17.87 18.05 19.51 20.08 21.34 22.06 23.00 23.14 23.46 23.86 25.27 25.83 27.47 28.35 29.80 30.06
traj-246:
21.42 22.10 22.39 21.02 19.15 17.70 16.96 15.79 14.38 13.04
 1.23  3.10  3.91  5.06  4.82  4.84  5.27  6.83  7.27  7.50
traj-247:
21.97 22.14 22.32 22.49 22.71 23.03 23.09 22.93 22.61 22.28 21.86 21.12 21.07 19.61 17.83 16.50 15.79 14.05 12.63
 1.24  2.75  3.93  5.57  7.35  9.18 11.16 12.24 13.69 15.00 16.25 17.94 18.23 18.81 18.91 18.91 19.34 19.97 20.95
traj-248:
21.32 21.42 21.57 21.77 22.01 22.46 22.45 22.66 23.05 23.20 23.18 23.18 23.14 23.15 23.14 23.16 23.19 23.26 23.42 25.01 25.71 27.03 28.93 30.35 30.91 31.55 32.16
 0.50  1.18  3.14  4.40  4.86  6.31  7.32  8.61  9.55 11.22 12.06 13.23 14.91 16.07 17.21 18.92 19.81 21.21 22.69 23.58 23.74 23.59 23.37 24.65 26.29 28.13 29.90
traj-249:
23.06 23.45 23.48 23.44 23.39 22.57 21.94 20.71 19.90 18.16 17.28 17.00 16.13 15.45
 0.65  0.94  2.93  4.10  5.23  6.16  5.68  4.72  4.41  4.23  4.23  4.57  6.19  7.99
traj-250:
23.35 22.90 22.78 23.09 23.12 23.12 23.15 23.07 23.08 23.09 23.06 22.91 21.79 20.87 19.12 17.65 16.46 15.40 15.26
 1.72  3.39  5.25  6.65  8.41 10.10 12.06 13.07 14.83 16.28 18.18 19.53 19.24 18.96 18.33 18.42 18.48 19.95 20.22
traj-251:
21.71 22.20 22.52 22.70 22.73 22.86 23.10 23.11 23.14 23.19 23.20 23.16 23.13 22.68 23.50 24.73 26.60 27.98 29.96 30.68 31.25 31.64 32.37 33.01
 1.52  2.54  4.49  6.32  7.48  9.21 10.57 11.94 12.82 14.47 16.14 17.27 19.10 20.86 22.44 23.06 23.18 23.69 23.83 24.94 26.43 27.34 28.54 29.89
traj-252:
22.18 22.10 21.96 20.53 18.81 17.36 15.53 13.76 12.48 10.51  9.77  7.94  7.27
 1.62  2.30  3.74  4.64  4.88  4.94  5.73  6.32  6.68  6.49  6.42  5.70  4.85
traj-253:
21.41 21.66 21.70 21.83 21.84 21.96 22.11 22.22 22.51 22.98 23.25 23.31 23.38 23.39 22.54 21.58 21.22 19.62 18.74 16.99 15.09 13.10 11.75 10.02
 1.07  2.79  3.08  4.79  5.09  6.91  8.15  9.55 11.13 12.80 14.43 15.82 17.30 18.72 20.45 19.11 18.96 18.65 18.61 18.63 18.73 18.62 18.73 18.81
traj-254:
22.07 22.10 22.33 22.66 22.82 23.21 23.02 22.87 22.33 21.90 21.78 22.37 22.73 23.15 23.17 23.62 24.32 26.29 27.90 29.20 29.39 29.67 30.61 31.05 31.87
 0.73  1.03  2.96  4.74  6.47  8.14 10.03 10.99 12.71 14.15 16.00 17.39 19.00 20.87 21.17 22.56 23.12 23.37 24.00 25.28 27.07 28.06 29.47 30.14 31.62
traj-255:
23.53 22.89 21.70 21.43 19.68 19.38 17.52 15.68 14.25 12.87 11.51  9.85  8.13  7.85  6.17
 1.22  2.06  3.34  3.46  4.30  4.32  4.54  5.29  6.03  7.24  8.38  9.18  9.33  9.42  9.83
traj-256:
22.59 22.88 23.34 23.39 23.60 23.23 23.04 22.96 22.94 23.01 23.08 22.36 21.51 20.41 18.44 17.85 16.42 15.26 13.56 12.73 11.00 10.26  8.46  6.86  5.92  4.25
 1.48  1.96  3.67  4.28  6.24  8.12  8.64 10.44 11.24 13.06 14.20 15.90 17.34 18.34 18.59 18.66 18.68 18.70 19.00 19.19 19.40 20.29 20.80 21.63 22.39 23.17
traj-257:
23.39 23.23 23.06 23.26 23.39 23.46 23.54 23.49 23.45 23.31 23.31 23.39 23.46 23.60 23.63 23.74 23.80 24.88 26.06 27.25 28.12 29.60 29.59 29.72 29.87 30.37 30.55 30.67 31.20 31.57 31.97 33.37 33.69
 0.64  2.46  4.30  6.29  8.00  9.43 10.29 11.46 12.36 13.47 14.76 15.81 17.28 18.66 20.06 21.79 22.29 23.27 23.58 23.47 23.57 22.37 21.78 19.98 19.09 17.17 15.39 14.03 12.23 11.11 10.08  8.84  7.98
traj-258:
22.07 22.77 22.74 21.32 19.44 17.81 17.39 15.92 14.03 13.04 11.67  9.79  9.06  7.43
 1.72  2.69  4.16  5.09  4.47  4.70  4.84  5.40  5.42  5.39  5.34  5.31  5.22  4.82
traj-259:
22.09 21.74 21.53 21.58 21.74 21.78 21.98 22.11 22.42 22.62 22.29 21.91 20.53 18.58 17.39 16.23 15.15 14.70
 0.99  1.74  3.61  5.01  6.67  8.27  9.92 10.91 12.76 14.48 15.91 16.65 18.00 18.34 18.24 18.28 19.84 20.92
traj-260:
23.00 23.09 23.07 23.04 23.11 23.16 23.19 22.91 22.96 23.15 23.30 23.43 23.58 23.76 25.50 27.09 28.42 29.78 30.50 31.09 31.85 32.50 33.22 33.90
 1.22  2.99  4.65  6.37  8.35  9.78 11.46 13.15 15.09 16.80 18.74 19.85 21.63 22.20 23.14 23.66 24.02 24.91 26.41 27.67 29.27 30.67 32.46 34.03
traj-261:
22.46 22.90 23.16 23.30 22.09 20.92 19.03 18.43 16.68 15.18 13.32 11.47
 0.83  2.21  3.05  4.21  5.60  5.00  4.88  4.90  4.99  6.30  6.27  6.42
traj-262:
21.46 21.83 22.58 22.82 22.85 23.00 23.08 23.12 23.04 22.77 22.77 22.55 22.35 20.60 19.59 18.10 16.18 15.23 13.95 12.78 11.50
 0.51  1.30  2.61  3.28  5.17  6.72  7.29  9.21 11.07 12.99 13.76 15.66 17.51 18.27 18.32 18.40 18.70 19.25 19.72 19.66 19.46
traj-263:
21.48 21.56 21.71 21.85 21.69 21.67 21.42 21.38 21.56 21.75 21.86 21.87 22.19 22.50 22.73 23.34 24.71 25.01 26.73 28.23 29.72 30.11 30.57 31.24 31.67 32.09 32.43 32.54
 0.88  2.03  3.95  5.58  7.04  7.62  9.26 10.99 12.24 14.12 15.21 16.86 18.74 20.43 21.91 23.29 24.15 24.20 24.37 23.54 22.40 21.00 19.82 18.45 17.32 15.64 14.47 13.49
traj-264:
23.78 23.11 21.70 20.94 18.97 17.79 16.55 16.52 15.47 13.90 12.27 10.62  9.88  8.64  6.98  6.73
 1.93  2.82  4.05  4.75  4.73  4.77  6.12  6.70  8.00  8.21  8.32  8.24  7.79  7.00  5.98  5.82
traj-265:
23.71 23.40 23.19 22.52 21.69 21.96 22.27 22.77 22.98 23.02 23.04 22.82 21.23 20.22 18.61 16.69 14.91 14.43 13.33
 1.23  2.56  3.67  5.41  6.85  8.81 10.35 12.08 14.02 15.09 16.27 17.93 18.81 18.57 18.42 18.61 19.39 20.02 21.59
traj-266:
23.29 23.09 23.10 23.09 23.18 23.20 23.17 23.16 23.20 23.13 23.23 23.23 23.24 23.31 23.15 23.62 24.47 25.66 27.14 28.58 29.40 29.60 30.08 30.76 31.57 32.29 33.66
 0.42  2.12  2.42  4.38  5.69  7.60  9.48 11.23 12.81 13.94 15.74 17.46 18.62 19.74 21.16 23.01 23.04 23.12 23.16 23.18 21.46 20.46 19.48 18.17 16.37 15.66 14.51
traj-267:
22.52 22.46 22.33 21.20 19.92 18.18 16.32 16.05 15.45 13.61 12.03 10.37  9.17
 0.60  1.30  3.15  3.71  4.13  4.33  4.53  4.90  4.87  5.62  6.41  5.42  4.01
traj-268:
21.86 22.36 22.67 22.66 22.76 22.67 22.68 22.57 22.41 22.43 21.78 21.41 21.21 19.58 17.84 16.39 15.11 13.30 11.86
 1.00  2.58  4.50  4.98  6.61  8.40  9.44 10.79 12.77 13.96 15.82 17.48 17.70 18.45 18.72 18.81 19.55 19.96 19.90
traj-269:
23.39 23.20 22.95 23.00 23.01 23.01 23.03 23.03 23.11 23.19 23.35 23.45 23.50 23.58 23.60 23.69 23.84 25.60 26.19 27.67 29.27 30.65 32.10 31.93 31.92 31.81 31.87 31.87 32.00
 1.51  2.35  4.18  6.17  7.24  8.35  9.90 11.30 12.60 14.07 15.96 17.40 18.56 20.27 20.82 22.41 24.00 24.15 24.17 24.39 24.69 24.99 24.32 22.40 20.73 18.86 16.92 16.62 14.86
traj-270:
21.07 21.20 20.40 18.66 17.52 16.47 14.86 13.17 11.57  9.60  7.76  6.98  5.11  4.55
 1.87  3.76  4.40  4.61  4.84  5.41  6.27  6.69  6.70  6.43  6.10  5.86  5.41  5.22
traj-271:
23.22 23.09 22.97 22.84 22.65 22.70 22.95 23.15 23.11 23.26 23.31 23.17 22.65 21.58 20.36 18.66 17.79 16.07 15.89 14.46 13.22 12.25 11.11  9.40  7.43  6.67  5.36
 0.70  1.40  3.19  5.18  5.70  7.58  9.42 11.08 11.92 13.64 13.94 15.73 17.27 18.01 18.08 18.25 18.27 18.57 18.81 19.69 20.05 20.27 20.46 20.93 20.96 20.97 21.20
traj-272:
22.82 22.32 21.80 21.68 21.90 22.01 22.36 21.53 21.29 21.19 21.35 21.45 21.82 21.70 22.06 22.90 23.30 24.00 25.77 26.34 28.08 29.29 29.84 30.86
 0.92  2.69  4.53  5.11  6.84  7.43  9.28 10.89 11.07 12.94 14.22 15.19 17.01 18.38 20.14 21.54 22.53 23.47 24.39 24.36 24.52 25.71 26.36 27.37
traj-273:
21.44 21.15 20.97 20.41 18.43 17.58 16.28 15.74 14.05 12.84 11.93
 1.52  3.06  4.52  4.49  4.48  4.53  5.34  5.59  6.36  7.04  7.65
traj-274:
22.09 22.19 22.67 23.12 23.11 23.04 22.69 22.40 22.66 22.90 22.88 21.96 20.22 18.75 16.97 14.99 13.11 11.46  9.87  9.15  8.19  6.72
 1.41  2.29  4.13  5.85  6.15  8.08  9.92 11.70 13.53 14.24 15.68 17.41 18.33 18.30 18.22 18.39 19.04 19.02 19.20 19.62 20.40 21.59
traj-275:
21.61 21.93 22.08 21.91 21.85 21.96 21.86 22.17 22.31 22.37 22.57 22.72 23.07 23.33 23.46 23.77 25.17 27.07 28.76 30.23 31.76 32.99 33.33 33.80
 0.72  2.06  3.05  4.71  6.48  8.41 10.00 11.70 13.15 13.70 15.61 16.30 18.20 19.92 20.73 22.36 23.35 23.59 23.27 22.67 22.29 21.31 19.92 18.11
traj-276:
21.31 21.50 21.17 19.60 18.72 17.18 16.70 14.87 14.77
 1.20  1.78  3.70  4.48  4.65  4.94  5.21  5.61  7.16
traj-277:
21.39 21.79 22.34 22.38 22.39 22.54 22.81 22.89 23.07 23.20 23.08 22.72 22.63 20.77 20.32 18.37 17.48 15.88 15.29 13.45 11.82 10.14  8.76  6.85  5.72
 0.51  2.18  3.74  5.57  6.69  7.70  9.38  9.97 11.89 13.31 15.26 16.99 18.04 18.59 18.53 18.29 18.37 18.52 18.58 18.78 19.11 19.51 19.62 19.85 20.02
traj-278:
21.21 21.92 22.40 22.88 23.02 23.12 23.02 23.07 23.15 23.17 22.90 23.06 23.11 23.15 23.41 24.25 26.15 27.62 29.50 29.94 30.47 30.80 31.36 31.53 32.01 32.36 32.71 32.97
 1.30  1.67  3.43  5.22  7.07  8.47 10.09 10.83 12.48 14.14 16.11 17.41 19.10 20.96 22.42 23.30 23.16 23.08 22.52 21.60 19.72 19.23 17.34 16.74 15.23 13.81 12.52 11.67
traj-279:
21.13 21.51 22.10 20.54 18.63 17.77 16.78 16.68 15.98 14.08 12.24 10.54  9.98  8.03  6.34  4.75  4.08
 1.48  2.47  3.80  4.78  4.82  4.80  6.53  7.11  8.95  8.99  8.90  8.86  8.74  8.78  8.72  8.56  8.60
traj-280:
22.11 22.23 22.54 22.70 22.65 22.49 22.13 21.78 22.04 22.02 21.63 21.24 20.03 19.73 17.98 17.10 15.75 13.89 12.51 10.70 10.12  8.61
 1.46  3.25  4.32  6.28  6.82  8.71  9.68 11.35 12.70 14.68 15.27 17.23 18.18 18.19 18.39 18.44 18.61 18.76 18.37 18.66 18.81 19.29
traj-281:
23.43 22.63 22.35 22.66 22.90 23.29 23.33 23.42 23.28 23.23 23.29 23.32 22.63 22.05 21.88 21.16 21.89 22.95 24.07 25.88 27.06 28.23 29.74 30.54 31.49 32.62 33.40
 0.94  2.56  2.65  4.48  6.09  7.77  9.44 10.25 12.13 12.43 14.34 14.64 16.31 18.18 19.37 20.06 21.86 22.65 23.51 24.29 24.40 24.57 25.38 26.08 27.03 28.49 29.79
traj-282:
23.49 23.41 23.39 23.25 23.09 22.22 21.53 19.70 17.95 16.72 16.33 15.15 13.75 12.65 11.40  9.48  7.80
 1.92  3.31  4.40  6.05  7.59  6.29  5.36  4.75  4.88  5.72  6.67  8.17  8.38  8.50  8.73  8.95  9.11
traj-283:
22.51 22.75 23.15 23.00 22.75 22.66 22.94 23.05 22.84 22.42 22.22 21.21 20.56 18.57 17.40 15.44 14.85 13.11 11.37  9.91
 1.94  2.84  4.38  6.24  7.50  9.28 10.42 12.39 13.66 15.24 17.23 18.13 18.35 18.55 18.66 18.80 18.84 18.97 19.00 19.35
traj-284:
22.06 22.08 22.12 22.22 22.13 22.11 21.97 21.97 21.93 21.73 21.68 21.65 21.69 21.45 21.95 22.93 23.23 24.98 26.94 28.10 29.43 30.63 31.58 32.93
 1.08  2.52  3.77  5.39  6.89  7.93  9.53 11.16 12.73 14.50 14.90 16.63 18.49 20.41 21.45 23.16 23.17 23.31 23.66 23.77 22.57 21.53 20.70 19.68
traj-285:
22.03 21.39 21.72 20.33 18.38 17.79 15.94 14.58 14.39 12.69 11.17  9.62  8.79
 1.44  2.07  3.97  4.73  4.63  4.67  4.87  6.07  6.31  7.12  6.96  6.76  6.65
traj-286:
23.10 22.54 22.54 22.59 22.52 22.62 22.69 22.81 22.93 22.86 22.73 22.63 21.04 19.69 18.21 16.23 15.27 13.69 12.20 10.34  8.47  6.80  5.23
 1.82  3.45  4.05  5.93  6.46  8.32 10.15 12.06 13.74 14.51 15.84 17.79 18.71 18.80 18.84 18.93 19.63 19.90 20.04 20.10 20.25 21.30 22.27
traj-287:
21.77 22.03 22.31 22.42 22.62 22.93 22.88 23.10 23.28 23.20 23.22 23.32 23.37 23.73 23.73 23.72 23.73 24.99 26.73 27.03 28.32 29.24 30.22 31.25 32.47 33.32 33.75
 0.65  2.42  3.43  5.12  6.72  8.50  9.91 11.18 12.05 13.79 14.83 16.77 17.07 18.65 19.79 21.48 22.04 23.01 23.06 23.08 24.26 25.25 26.33 27.31 28.74 29.75 30.15
traj-288:
21.97 22.04 21.63 20.12 18.35 17.76 16.41 14.76 13.38 11.41 10.24 10.06
 1.29  1.88  3.73  4.77  4.95  4.88  5.73  6.77  7.45  7.25  5.65  5.42
traj-289:
23.01 22.91 22.85 22.64 22.80 22.97 22.98 22.94 22.88 22.94 22.84 22.53 21.78 20.15 18.40 16.54 14.89 13.73
 1.52  2.57  3.95  5.48  6.39  7.51  8.85 10.69 12.30 13.01 14.91 15.55 17.40 18.06 18.19 18.50 19.24 19.86
traj-290:
23.05 22.71 22.20 22.33 22.69 22.62 22.48 22.50 22.53 22.84 23.01 23.27 23.45 23.48 23.35 23.29 23.34 24.84 26.60 27.55 29.15 30.38 31.59 33.06 33.65
 0.45  1.78  3.48  4.35  6.23  6.78  8.15  9.89 10.19 12.00 13.14 15.05 16.78 17.37 19.09 20.15 22.08 23.03 23.57 24.03 24.72 25.24 25.79 27.01 27.57
traj-291:
23.47 23.44 22.67 22.28 21.12 19.99 18.50 17.32 16.84 15.10
 1.81  2.67  4.34  4.92  4.91  4.86  4.81  4.79  5.08  5.61
traj-292:
21.31 21.51 22.27 22.78 22.73 22.68 22.62 22.61 22.71 22.77 22.19 21.55 21.29 20.30 18.55 16.79 15.77 15.51 13.93 12.28 11.20  9.87
 1.13  1.98  3.75  4.98  6.79  7.35  8.97 10.85 12.36 14.02 15.11 16.11 17.52 18.38 18.63 18.88 19.40 19.89 20.84 21.67 22.07 22.59
traj-293:
21.95 22.47 22.86 22.96 23.27 23.35 23.29 23.32 23.28 23.30 23.18 23.25 23.20 23.25 23.38 23.76 25.31 27.19 28.37 29.80 30.38 30.87 31.22
 0.76  2.60  4.45  4.74  6.50  8.46  9.03 10.70 11.77 12.83 14.67 16.35 18.05 19.76 21.56 22.34 23.13 23.37 23.43 23.11 21.69 19.80 18.24
traj-294:
23.22 22.56 21.73 20.33 18.52 17.94 16.95 15.30 14.28 12.51 10.95  9.23  8.19  6.60
 0.47  1.48  2.83  4.17  4.55  4.62  5.20  5.63  5.60  5.28  4.95  4.80  4.74  4.69
traj-295:
22.38 22.78 23.18 23.20 23.19 23.13 23.14 23.28 23.36 23.21 23.21 23.27 23.35 22.46 21.66 20.12 19.55 17.77 16.24 14.99 13.10 11.99
 1.01  2.40  4.11  6.08  7.22  8.31  9.90 10.47 11.04 12.75 13.92 14.79 15.93 17.64 18.30 18.54 18.50 18.58 18.96 20.50 20.16 19.99
traj-296:
23.69 23.37 23.13 22.88 22.75 22.90 23.05 23.15 23.27 23.38 23.46 23.59 23.70 23.78 23.89 24.91 25.78 27.09 28.16 29.87 31.37 32.11 33.00
 1.13  2.51  3.80  5.66  6.85  8.21  9.56 11.23 13.11 14.83 15.41 17.10 18.82 20.30 22.18 23.04 23.27 23.80 24.18 23.44 22.77 21.66 20.43
traj-297:
23.36 22.46 21.58 20.67 19.04 17.89 17.69 16.97 15.50 13.70 12.59 11.38  9.76  8.07
 1.75  2.60  3.49  4.40  4.43  4.48  4.71  4.83  4.95  5.34  5.60  5.99  5.86  5.86
traj-298:
23.74 23.00 22.95 22.95 22.99 22.78 22.68 22.80 23.00 22.98 23.06 22.98 22.40 22.26 20.37 19.21 17.46 15.80 14.57 13.09 11.37 10.36  9.03
 1.56  2.58  3.97  5.66  6.48  8.31  8.85  9.13 11.07 12.93 14.06 15.68 17.48 17.75 18.05 18.16 18.34 18.53 19.07 19.62 19.88 20.17 20.57
traj-299:
21.59 21.90 22.13 22.38 22.80 23.25 23.45 23.56 23.38 23.31 23.18 23.15 23.24 23.35 23.15 23.72 24.61 26.31 27.97 28.79 29.27 29.38 29.52 29.70 29.87
 0.81  2.18  3.59  5.24  6.86  8.01  9.18 11.07 12.68 13.26 14.90 16.52 18.49 19.35 21.24 22.72 23.36 23.94 24.25 24.40 25.05 26.19 28.08 29.11 30.79
