traj-0:
 2.39  4.25  5.12  7.00  8.09  9.32 10.92 12.63 13.98 15.30 16.77 18.40 19.18 20.99 22.17 24.16 24.45 26.08 26.78 26.70 26.57 26.53 26.42 26.23 26.14 24.98 24.07 22.40 20.64 18.77 17.27 15.54 15.22 14.33 13.35 12.40 11.69 10.57  9.67
34.72 34.57 34.48 34.54 34.49 34.55 34.53 34.27 34.29 34.50 34.46 34.55 34.68 35.15 34.90 34.86 34.82 34.26 32.73 31.53 29.71 28.15 26.41 25.30 24.08 22.95 22.36 21.31 21.62 21.18 20.84 19.94 19.48 18.31 17.21 16.18 15.35 13.78 12.63
traj-1:
 8.70 10.29 11.47 12.62 13.70 14.54 15.47 16.61 18.16 20.02 21.81 23.66 24.86 26.50 26.66 26.71 26.75 26.75 26.64 26.36 26.65 25.08 24.64 22.65 20.98 19.20 17.34 16.32 14.76 13.10 12.45 11.28  9.46  8.25  6.40  5.53  4.45
13.85 15.05 15.96 16.69 17.39 17.98 18.65 19.49 20.43 20.74 20.85 21.59 22.50 23.33 24.69 25.89 27.39 29.33 31.13 33.10 35.06 35.27 35.55 35.63 35.49 35.30 35.00 34.75 34.84 35.28 35.61 36.15 36.74 37.08 36.67 36.48 35.48
traj-2:
 4.48  5.69  6.18  7.76  9.70 11.14 12.61 14.36 15.14 16.81 17.14 19.08 19.29 21.19 22.89 23.76 25.51 25.81 27.30 27.16 27.23 27.26 27.12 26.96 26.91 26.61 25.31 23.44 21.71 21.08 19.57 18.22 17.39 16.54 16.02 14.45 14.13 13.32
35.78 34.95 34.88 34.65 34.69 34.80 34.72 34.66 34.77 35.51 35.57 35.85 35.80 35.76 35.59 35.55 35.39 35.35 34.41 32.49 31.24 30.02 28.90 27.19 26.38 24.69 23.35 22.70 22.04 21.82 21.16 20.51 20.47 18.69 16.91 16.00 15.76 14.32
traj-3:
16.21 16.38 17.03 16.90 17.09 18.15 19.69 20.79 22.44 23.52 25.09 26.44 26.89 26.79 26.70 26.50 26.42 26.13 25.43 23.76 22.05 20.14 18.46 16.53 15.09 14.06 13.86 11.92 10.40  9.15  7.79  7.11  5.40  4.86  2.93  2.65
14.96 15.45 17.29 19.17 20.73 21.75 23.02 23.07 22.93 23.01 23.11 24.52 25.89 27.37 28.81 30.50 31.49 32.68 34.45 35.02 35.65 35.07 34.71 34.49 34.50 34.54 34.76 34.71 34.62 34.56 34.47 35.01 35.78 35.98 36.31 36.84
traj-4:
 4.59  6.52  7.70  8.85 10.56 11.85 12.84 14.63 16.57 17.67 19.44 21.36 23.08 23.91 25.81 26.19 26.61 26.76 27.21 27.50 27.62 27.50 27.43 27.09 26.51 24.64 23.90 22.28 21.33 20.09 18.41 17.56 16.53 16.54
34.59 34.47 34.37 34.34 34.49 34.44 34.38 34.28 34.22 34.35 34.56 34.98 35.43 35.55 34.94 33.52 31.68 30.97 29.46 27.52 26.32 24.98 23.61 21.88 21.57 21.28 21.82 22.89 22.30 21.05 20.35 19.58 18.37 16.71
traj-5:
 8.22  8.67  9.51 10.66 11.44 12.38 13.20 13.45 14.29 14.66 15.89 17.06 18.94 20.68 22.51 23.57 25.23 27.02 27.95 27.72 27.56 27.28 27.05 27.04 26.94 25.61 24.76 23.46 21.47 19.53 17.85 15.93 14.06 12.64 11.48  9.80  8.03  7.11  5.23  4.16  2.61
 7.69  8.37  9.59 11.05 12.11 13.86 15.44 16.32 17.53 18.34 19.68 20.70 21.34 21.76 22.44 22.72 23.47 23.40 24.77 26.50 27.99 29.37 30.88 32.86 34.35 35.55 35.56 35.50 35.29 35.01 34.72 34.59 34.42 34.42 34.44 34.62 34.90 34.58 34.83 34.93 35.00
traj-6:
 2.71  3.66  5.55  6.80  8.10  9.49 11.44 13.36 14.70 16.18 17.17 19.15 19.65 20.63 22.52 23.89 25.82 27.09 27.01 27.04 26.91 26.82 26.76 26.21 26.06 25.41 24.10 23.05 21.69 20.84 19.76 18.53 17.21 16.95 15.65 14.10 12.41 11.78 10.84 10.53  9.51  8.68  8.25  7.29
35.59 35.18 34.67 34.59 34.73 34.76 34.84 34.65 34.53 34.55 34.56 34.58 34.36 34.43 34.79 34.95 35.30 33.88 32.40 30.78 29.11 27.75 26.97 25.16 24.59 23.37 22.99 22.65 22.23 21.86 21.31 20.64 19.47 19.33 17.86 16.64 15.59 14.64 13.32 12.89 11.43 10.21  9.63  8.19
traj-7:
10.64 11.28 12.16 12.69 13.27 14.18 14.76 15.70 16.64 17.39 18.96 19.45 21.01 22.58 23.71 25.37 25.73 27.10 27.26 27.58 27.96 28.09 28.36 28.35 28.35 27.37 25.69 24.82 23.40 22.46 20.79 19.80 18.04 16.24 15.77 14.25 13.23 11.33 10.65  9.37  8.26  6.47  6.02  4.07  4.00
 8.10  9.46 10.86 11.84 13.03 14.72 15.82 17.28 18.65 19.88 20.83 21.10 21.76 22.45 22.99 23.81 23.88 25.15 25.92 27.37 29.30 29.82 31.55 32.45 33.63 35.08 35.77 35.49 34.93 34.54 34.46 34.51 34.70 34.97 35.13 35.28 35.44 35.92 36.10 36.29 36.48 36.65 36.67 36.60 36.63
traj-8:
 3.87  5.22  7.19  9.03 10.60 12.57 13.93 15.72 17.18 18.44 20.09 21.41 22.90 24.51 26.22 26.27 26.34 26.33 26.29 26.21 25.22 23.53 23.04 21.33 19.63 17.72 16.53 15.50 14.44 13.29 12.59 12.20 11.93 11.54 11.39
34.72 34.62 34.57 34.55 34.56 34.37 34.21 34.26 34.33 34.47 34.51 34.62 34.65 34.77 34.06 32.28 30.52 28.80 27.02 25.04 23.53 22.50 22.16 21.67 21.30 21.06 19.53 18.17 16.52 15.11 13.82 12.33 10.67  8.94  8.19
traj-9:
13.04 13.24 13.63 13.96 14.54 14.73 14.94 15.15 15.34 16.34 17.06 18.61 19.19 21.08 21.73 22.03 23.80 25.20 26.12 26.14 26.18 26.13 26.24 26.28 26.28 25.18 23.19 21.83 20.10 19.05 17.10 15.16 13.66 13.46 11.56 10.64  8.77  7.67  5.70  4.60  3.83
 7.87  8.92 10.77 12.51 14.25 15.65 17.30 19.21 19.42 21.00 22.57 23.08 23.02 22.84 22.90 22.92 23.20 23.42 24.90 25.77 27.12 28.67 30.41 32.13 33.00 34.15 34.11 34.13 34.12 34.12 34.14 34.22 34.29 34.51 34.66 34.74 35.04 35.06 35.22 35.75 36.56
traj-10:
 4.47  6.40  8.35  9.79 10.78 12.74 14.44 16.25 18.12 20.04 20.99 22.89 24.53 25.56 26.06 26.25 26.46 27.05 27.54 27.76 27.45 27.00 25.72 24.00 22.28 21.35 20.14 18.32 18.02 16.61 16.10 15.32 15.22 14.77 14.39 14.08 13.94 13.62 13.30 13.00
34.74 34.47 34.39 34.40 34.33 34.31 34.28 34.40 34.78 35.20 35.72 35.45 34.84 34.52 32.65 32.08 31.10 29.20 27.58 25.77 23.98 22.16 21.18 21.90 22.02 22.05 21.86 21.37 21.52 20.16 19.01 17.19 16.76 14.94 13.32 12.06 11.08  9.58  8.34  7.19
traj-11:
14.26 15.48 15.97 17.10 18.44 19.40 20.41 22.14 23.87 24.47 26.06 27.05 27.01 26.81 26.61 26.55 26.54 26.20 25.01 23.23 21.67 19.93 18.50 17.69 16.29 15.41 13.54 11.83 10.33  8.95  7.10  5.31  3.56  1.92
16.01 17.44 17.93 19.17 20.64 20.99 21.42 22.25 22.68 22.86 24.06 25.03 25.89 27.25 28.97 30.84 31.76 33.63 34.97 35.70 35.51 35.31 35.17 35.08 34.86 34.72 34.53 34.73 34.60 34.57 35.10 35.47 35.54 36.10
traj-12:
 2.45  3.37  5.28  6.12  8.02  9.51 10.65 12.15 13.13 14.95 16.88 18.14 19.70 21.44 22.86 24.18 25.65 26.15 26.41 27.00 26.91 26.87 26.83 26.05 25.08 23.92 22.20 21.58 19.68 18.31 17.38 15.88 14.15 12.39 11.39  9.94  7.98  6.67  5.54
35.19 35.08 35.15 35.10 35.02 34.78 34.57 34.74 34.86 34.97 35.18 35.03 35.03 34.98 34.96 34.86 34.51 32.92 32.23 30.96 29.00 28.16 26.74 25.11 23.46 22.91 21.95 21.83 21.27 20.97 20.62 20.33 19.95 19.67 19.99 20.28 20.11 19.92 19.88
traj-13:
15.79 17.17 17.63 18.56 20.07 20.62 22.05 23.65 25.25 26.03 26.59 26.51 26.31 26.50 26.44 26.48 26.43 26.30 24.58 22.82 22.06 20.13 18.81 17.05 15.78 14.49 13.14 11.25  9.55  9.14  7.31  6.60  5.07  3.11
19.05 19.79 20.03 20.44 21.04 21.15 21.42 22.26 22.88 23.75 25.58 27.15 28.79 29.68 30.95 32.87 33.17 34.91 35.08 34.88 34.96 34.94 34.75 34.76 34.91 34.97 35.21 35.75 36.35 36.16 36.40 36.53 36.74 36.88
traj-14:
 2.75  4.74  6.38  7.46  9.22  9.91 11.74 13.30 14.97 16.95 18.89 20.10 21.94 23.17 24.90 25.42 26.50 26.85 26.70 26.60 26.37 26.01 25.07 23.82 22.06 20.45 19.29 17.78 16.58 15.17 14.76 13.77
34.67 34.59 34.65 34.72 34.92 34.93 35.00 34.92 34.79 34.77 34.52 34.67 34.70 35.02 35.15 35.30 33.74 31.79 29.86 28.00 26.55 24.63 23.11 22.53 21.94 21.23 20.71 19.57 18.36 16.98 16.54 15.52
traj-15:
 9.54 11.35 13.04 14.73 15.85 17.55 18.55 20.26 20.56 22.16 23.93 25.47 26.20 26.41 26.43 26.57 26.72 26.91 26.56 25.14 24.28 22.51 20.71 18.77 17.19 15.60 15.04 13.42 11.69  9.82  8.02  6.46  5.04  4.05
17.96 18.21 18.65 19.16 19.50 20.21 20.71 21.43 21.39 22.24 22.99 23.74 24.63 26.48 27.61 28.96 30.71 32.70 33.90 34.98 34.78 34.39 34.40 34.58 34.54 34.47 34.36 34.32 34.24 34.30 34.66 34.88 35.73 36.23
traj-16:
 3.24  4.14  6.09  6.68  8.66 10.13 11.16 13.04 14.07 15.09 16.73 18.42 19.60 21.45 23.35 23.78 25.63 26.27 26.60 27.04 27.00 26.76 26.69 26.68 26.23 25.23 23.36 22.77 20.82 19.21 18.35 16.83 16.32 16.44 16.43 16.27 16.20 15.99
34.16 34.44 34.84 34.76 34.75 34.72 34.58 34.36 34.37 34.40 34.45 34.56 34.66 35.07 35.30 35.22 34.62 33.02 31.26 29.75 28.80 27.00 25.14 24.54 22.85 22.54 23.19 23.11 22.97 22.88 22.27 21.45 20.08 18.45 16.49 14.60 13.74 12.00
traj-17:
 7.48  9.16 10.75 11.99 12.34 13.81 14.70 15.44 15.84 16.77 17.81 19.41 21.30 22.42 23.72 25.58 26.76 26.77 26.66 26.67 26.52 26.21 25.14 24.64 22.74 22.15 20.69 18.87 17.33 15.45 13.73 11.97 10.37  8.94  7.05  6.75  4.96  3.30
12.14 13.05 13.79 14.92 15.37 16.53 18.02 19.06 19.74 21.38 22.66 22.79 22.93 22.98 23.14 23.19 24.60 26.51 27.68 29.36 31.28 33.17 34.15 34.39 35.01 34.96 34.96 35.61 36.28 36.37 36.49 35.98 35.90 35.87 35.95 35.99 36.45 36.28
traj-18:
 2.30  2.94  4.52  6.17  7.73  9.61 10.93 12.82 14.80 16.01 16.85 18.13 18.96 20.74 22.17 23.83 25.38 27.12 27.74 27.73 27.65 27.35 27.08 26.66 26.11 25.84 24.08 22.25 20.40 19.85 17.98 17.29 15.60 14.87 13.15 11.70 11.06  9.78  9.06  7.88  6.34  5.19
36.18 36.12 35.92 35.42 34.98 34.83 34.96 34.67 34.58 34.60 34.60 34.62 34.67 34.56 34.38 34.21 34.03 34.55 32.77 31.32 30.41 28.56 27.76 25.89 24.14 23.88 23.09 22.72 22.31 22.13 22.08 21.99 21.58 21.18 20.33 19.14 19.11 17.61 17.19 16.39 15.25 14.16
traj-19:
15.25 15.27 15.31 15.68 15.83 16.17 16.36 16.48 17.70 18.95 20.41 22.18 23.07 24.45 25.03 26.21 26.49 27.08 27.22 27.36 27.11 26.24 26.02 24.40 22.69 22.45 20.69 18.90 18.35 16.81 15.06 14.76 13.56 12.32 11.08  9.38  7.98  6.36  4.73  3.36
 7.06  8.23  9.82 11.50 12.98 14.94 16.80 18.74 20.28 21.25 21.98 22.74 22.92 23.22 23.35 24.38 25.74 27.59 28.52 30.44 32.11 33.75 33.96 35.00 34.72 34.54 34.30 34.32 34.32 34.39 34.33 34.37 35.09 35.47 35.65 35.67 35.43 35.12 34.86 34.62
traj-20:
 3.47  5.18  5.48  7.39  9.22 10.68 11.87 12.83 14.08 16.02 17.45 19.39 20.39 21.86 23.73 25.52 27.43 27.47 27.10 26.72 26.51 26.37 26.13 25.76 24.03 22.95 21.73 20.10 19.09 17.84 16.78 15.47 14.62 12.76
34.15 34.19 34.20 34.16 34.19 34.26 34.31 34.26 34.39 34.72 34.83 34.77 34.95 34.59 34.35 34.03 33.44 31.68 30.10 28.41 26.79 26.07 24.25 22.96 22.57 22.40 22.20 22.09 22.02 21.95 21.71 21.60 21.66 21.13
traj-21:
 9.22  9.45 10.14 11.09 12.61 14.05 14.61 15.77 16.89 18.66 20.51 21.26 23.22 25.05 26.37 26.78 27.05 27.39 27.53 27.36 27.27 27.17 27.46 27.46 25.64 24.37 23.29 21.58 20.55 18.58 16.77 15.26 13.73 11.89 10.53  9.12  7.25  5.48  4.22  3.79
22.59 21.51 19.70 19.17 19.15 19.43 19.46 19.47 20.08 20.62 21.00 20.71 20.74 21.01 21.47 22.72 23.86 25.55 26.44 27.72 28.83 30.43 32.12 33.91 34.58 34.50 34.48 34.20 34.26 34.35 34.47 34.43 34.44 34.54 34.56 34.48 34.35 35.23 36.18 36.55
traj-22:
 4.61  6.05  7.89  9.56  9.95 11.94 12.26 13.41 14.76 16.19 16.78 18.42 20.13 22.04 23.59 25.33 26.67 26.69 26.75 26.79 26.81 26.57 26.40 26.23 25.67 23.86 22.17 20.79 19.27 17.79 17.16 15.82 14.64 13.47 12.34 12.28 12.17 11.29 11.19
34.11 34.28 34.47 34.78 34.93 35.06 35.05 34.46 34.33 34.22 34.23 34.73 35.19 35.06 34.21 34.13 33.06 31.35 29.90 28.73 27.54 26.34 25.22 24.19 22.67 22.10 21.92 21.64 21.25 20.38 19.31 17.98 16.80 15.66 14.37 12.38 12.10 10.45 10.29
traj-23:
14.50 14.44 14.60 14.81 15.44 15.51 15.72 16.23 16.49 17.11 17.42 18.91 20.33 21.91 23.74 24.03 25.95 26.58 26.65 26.62 26.75 26.62 26.48 26.31 26.09 24.33 23.74 22.14 20.97 19.92 18.69 16.82 15.94 14.77 13.60 11.73  9.95  8.40  7.08  6.14  4.23  3.53  2.13
 5.81  7.24  9.02  9.93 11.58 12.99 14.82 16.54 17.07 18.71 19.49 20.51 21.85 22.96 23.16 23.22 23.76 24.93 25.23 27.18 28.21 29.37 30.26 31.72 33.19 34.01 34.04 34.08 34.12 34.12 34.15 34.14 34.14 34.15 34.14 34.14 34.29 34.45 34.52 34.55 34.48 34.47 34.64
traj-24:
 2.61  4.59  4.98  6.83  8.77  9.06 10.77 12.35 13.52 15.44 16.61 17.59 18.98 20.69 21.23 23.21 23.60 24.85 26.52 26.69 27.06 27.01 26.97 27.41 27.03 26.87 25.44 24.33 22.51 20.74 19.83 18.20 16.49 14.71 13.25 12.05 10.51 10.56 10.42 10.12 10.08 10.13 10.00  9.87
34.14 34.31 34.28 34.27 34.09 34.13 34.20 34.38 34.35 34.27 34.31 34.35 34.50 34.56 34.56 34.42 34.35 34.13 33.46 32.58 30.73 29.09 27.10 25.26 23.75 22.12 21.00 21.41 22.02 21.83 21.55 20.53 19.96 19.26 18.30 17.61 16.47 15.13 13.50 12.26 10.88  8.97  8.03  6.77
traj-25:
 9.20  9.32 10.23 10.60 11.53 11.82 12.23 12.65 13.02 14.26 15.64 16.38 16.88 17.71 19.26 20.56 21.88 22.75 24.25 25.84 26.58 26.92 27.20 26.34 26.21 26.14 26.10 25.56 23.59 21.90 20.23 18.45 16.95 15.04 14.05 12.09 11.19  9.72  8.44  7.00  6.08  4.45  2.70
 7.66  7.93  9.51 10.49 12.17 13.59 14.93 16.80 17.71 18.70 20.00 20.73 21.11 22.31 22.92 22.96 22.93 22.91 23.18 23.55 24.86 26.81 28.23 29.62 30.30 31.75 32.35 34.18 34.39 34.55 34.91 34.45 34.25 34.69 35.38 35.59 35.68 35.38 35.11 35.48 35.80 36.30 36.79
traj-26:
 3.19  5.02  6.93  7.95  8.92  9.18 11.08 12.39 14.15 14.59 16.08 17.36 18.17 20.08 20.71 22.42 23.40 24.94 25.92 27.32 27.97 27.63 27.02 26.72 26.68 26.11 25.42 23.72 23.20 21.53 19.79 19.29 17.77 17.21 15.82 14.64 12.84
36.18 36.04 35.85 35.73 35.60 35.53 35.10 35.46 34.93 34.87 35.01 35.01 35.04 34.97 34.88 34.71 34.66 34.64 34.58 33.77 32.33 30.44 28.61 26.79 26.49 24.62 23.83 22.97 22.76 22.12 21.14 20.93 20.21 20.09 19.58 19.11 18.32
traj-27:
15.86 15.89 15.87 15.81 15.81 16.00 16.26 16.15 16.43 16.94 17.21 18.17 19.06 20.83 22.65 24.19 25.22 26.00 26.13 26.37 26.53 26.51 26.35 26.36 26.20 24.98 24.19 23.06 21.18 20.60 18.70 17.27 15.68 14.41 12.98 11.04  9.08  8.78  7.03  5.18  3.60  2.62
 5.79  7.08  8.38 10.17 10.73 12.57 14.50 15.83 17.26 18.74 19.90 20.90 21.17 21.63 22.22 22.72 23.33 23.97 24.87 26.77 28.36 29.24 31.02 31.59 33.17 34.41 34.74 35.09 35.09 34.98 35.07 35.21 35.37 35.38 35.33 35.29 35.31 35.31 34.82 34.30 34.45 35.14
traj-28:
 4.52  6.10  7.25  8.55  9.88 11.02 12.98 14.95 16.24 17.66 19.13 20.75 22.57 24.42 26.24 26.30 26.27 26.47 26.66 26.29 26.23 26.11 24.88 24.03 22.71 20.84 19.22 18.33 16.75 16.01 15.38 14.55
36.87 36.08 35.41 34.97 34.74 34.64 34.50 34.21 34.19 34.30 34.28 34.21 34.22 34.19 33.85 32.68 31.79 29.94 27.99 26.25 25.37 24.25 22.88 22.88 22.71 22.75 22.32 21.68 20.73 18.91 17.40 15.66
traj-29:
11.04 11.84 12.86 13.31 14.30 14.61 15.40 16.23 16.97 17.05 18.57 19.35 21.03 21.71 23.26 23.72 24.48 26.15 26.52 26.83 26.90 27.04 27.13 26.69 26.39 25.63 24.18 23.05 21.48 20.89 19.08 17.16 16.44 14.78 14.27 12.67 11.30  9.55  8.41  6.91  5.20  3.42
 9.33 10.53 11.84 12.45 14.18 14.79 15.96 17.30 19.12 19.41 20.46 20.71 21.40 21.56 21.97 22.04 21.74 22.03 23.99 25.63 26.79 28.48 29.64 31.31 32.58 34.15 35.28 35.38 35.49 35.57 34.81 34.48 34.58 34.48 34.48 34.44 34.53 34.56 34.69 34.92 34.94 34.97
traj-30:
 4.32  5.75  6.81  8.53  9.55 11.32 12.49 14.17 15.53 16.86 17.95 19.81 21.50 23.32 24.62 26.18 27.72 27.67 27.37 27.22 27.07 26.99 26.79 25.54 24.28 22.92 21.46 19.67 17.80 16.64 15.55
34.73 34.62 34.49 34.47 34.56 34.57 34.55 34.55 34.61 34.52 34.55 34.69 35.57 35.44 35.46 35.26 34.28 32.62 30.70 29.15 27.40 26.93 25.29 23.78 23.16 22.69 22.21 21.72 21.10 20.64 20.32
traj-31:
 5.37  6.41  7.95  9.40 10.44 11.66 13.15 14.84 16.64 16.98 18.49 20.11 22.05 23.44 25.17 26.67 27.82 27.76 27.91 27.88 27.87 27.90 27.93 27.93 27.08 25.29 24.96 23.08 21.12 20.36 18.64 16.81 15.30 13.91 12.19 11.11  9.83  7.99  6.44  5.42  3.45  2.85
17.69 18.20 18.83 19.31 19.72 20.11 20.48 20.86 21.32 21.43 21.78 22.09 22.42 22.78 23.24 23.69 25.32 25.91 27.87 29.24 30.15 31.35 33.18 33.76 35.44 35.78 35.78 35.80 35.68 35.57 35.59 35.70 35.67 35.53 35.40 35.55 35.62 35.37 35.25 35.23 35.40 35.42
traj-32:
 2.73  3.20  4.61  6.42  7.27  9.01  9.31 11.08 12.55 12.77 14.65 16.57 18.33 20.28 20.58 22.58 23.61 25.61 26.76 27.07 26.99 26.79 26.74 26.72 26.73 26.49 26.63 24.75 22.84 21.34 19.67 19.01 17.35
36.78 36.54 36.01 35.54 35.31 35.20 35.19 35.10 35.07 35.11 35.07 35.17 35.16 35.33 35.38 35.36 35.34 35.34 35.34 33.39 32.45 30.72 29.04 28.62 26.68 24.77 23.56 22.97 22.92 22.78 22.02 21.86 21.24
traj-33:
14.49 14.02 13.93 13.94 13.89 15.34 15.70 17.20 18.01 19.64 20.62 21.87 23.08 24.52 26.10 26.16 26.40 26.84 27.12 27.45 27.86 28.25 28.31 27.36 26.49 24.74 23.18 21.86 20.58 18.80 17.20 15.92 14.27 12.55 10.71  9.33  7.69  5.97  4.48
11.42 13.35 14.91 16.78 18.15 19.13 19.55 20.77 20.76 21.02 20.91 20.93 21.06 21.21 21.75 22.35 24.06 25.65 27.17 28.95 30.31 32.25 34.00 35.58 35.96 35.72 35.19 34.88 34.70 34.46 34.67 34.87 35.01 35.55 35.82 35.62 35.22 34.89 34.59
traj-34:
 2.22  2.82  4.44  5.63  6.47  7.79  9.40 11.37 12.77 13.63 15.32 16.22 17.91 19.31 20.70 22.16 23.88 24.43 26.10 26.48 26.63 26.80 27.16 27.43 27.34 26.86 26.20 25.17 24.58 22.78 21.08 19.30 18.46 17.08 15.15 14.86 13.46 11.89
36.46 36.40 35.83 35.93 36.00 36.11 36.10 35.77 35.40 35.03 35.30 35.35 35.73 35.11 34.67 34.61 34.62 34.04 33.21 32.01 31.95 30.22 28.90 27.43 25.74 24.18 23.38 22.38 21.92 22.06 22.74 23.34 23.39 23.48 23.34 23.29 22.38 21.64
traj-35:
 6.20  6.94  7.72  9.14 10.40 11.46 12.50 13.15 13.71 15.17 16.62 17.52 19.12 20.48 21.98 23.68 25.30 27.13 27.39 27.87 27.88 27.93 27.63 27.03 26.85 26.75 25.89 24.41 23.76 21.79 20.83 18.88 17.78 16.60 15.05 13.62 11.86 10.56  9.08  7.10  5.27  4.67  2.83
11.00 11.78 12.66 14.05 15.32 16.55 17.95 18.47 18.67 19.59 20.85 21.87 22.83 22.50 22.13 21.53 21.05 21.71 21.57 23.09 25.02 26.86 27.99 29.84 31.43 32.62 34.38 35.15 35.29 34.99 34.82 34.88 34.78 34.87 34.71 34.55 34.53 34.45 34.39 34.47 34.33 34.28 34.55
traj-36:
 3.07  3.72  5.67  7.43  8.14 10.09 11.99 13.94 15.94 17.28 18.43 19.70 20.86 22.71 24.41 25.29 25.67 26.03 26.16 26.32 27.33 27.09 26.75 26.20 24.93 23.15 21.52 20.46 19.32 18.57 17.53 16.59 15.58 14.31 13.56 12.81 12.37 11.41 10.46  9.78  9.11
34.82 34.87 35.07 35.20 35.24 35.22 35.21 35.29 35.32 35.41 35.68 35.77 35.77 35.59 35.22 34.80 34.02 32.16 31.58 30.70 29.83 27.86 26.24 24.34 22.93 22.60 22.13 21.89 21.43 21.03 19.78 18.16 17.14 16.43 14.61 12.94 11.98 10.48  9.37  7.95  6.26
traj-37:
14.90 15.28 15.82 16.23 16.64 16.77 17.20 17.24 17.61 18.73 19.80 21.11 22.81 24.74 26.24 26.57 26.68 26.65 26.57 26.56 26.46 26.32 24.74 23.13 22.26 20.37 18.49 17.20 16.05 14.10 12.56 10.97  9.05  7.45  5.88  4.81  3.55
 8.17  9.68 11.48 13.15 15.09 16.18 17.19 17.49 19.17 20.37 21.12 21.67 22.37 22.89 24.09 25.21 26.39 28.00 29.92 31.58 32.96 34.52 35.46 35.05 34.73 34.60 35.16 35.06 34.82 34.48 34.52 34.58 34.72 34.54 34.45 34.42 34.31
traj-38:
 2.51  4.40  5.77  7.08  8.01  9.76 10.03 11.95 12.73 14.48 16.00 17.22 18.86 19.63 21.25 22.97 24.71 26.18 27.11 26.95 26.71 26.58 26.45 26.15 25.26 23.70 22.90 21.82 20.25 19.18 17.57 16.62 15.90 15.31 14.72 14.37
36.70 36.74 36.63 36.35 36.64 36.60 36.62 36.66 36.73 36.35 36.29 36.29 35.97 35.86 35.64 35.29 34.43 33.88 32.41 30.48 29.59 28.02 26.08 24.82 23.70 22.80 22.49 22.08 21.49 20.90 19.74 18.50 16.96 15.31 13.77 12.85
traj-39:
 9.09 10.47 11.80 13.64 15.49 16.71 18.12 19.72 21.33 23.10 24.73 26.19 26.51 26.65 26.63 26.66 26.67 26.75 27.10 25.91 23.97 22.14 20.22 19.07 17.57 15.84 14.00 12.45 11.20 10.08  8.45  6.89  5.68  4.23  3.69
19.18 19.23 19.18 19.34 19.47 19.91 20.78 21.60 22.13 22.96 23.00 24.22 26.17 26.98 28.42 29.78 30.95 31.82 33.73 35.29 35.18 34.93 35.03 35.00 34.95 34.79 34.90 34.96 35.02 34.85 34.75 34.83 35.17 35.39 35.52
traj-40:
 3.43  4.97  6.29  6.59  7.72  8.83 10.50 12.26 12.54 14.52 16.20 17.86 19.40 19.91 21.35 22.37 23.49 24.28 26.01 26.08 26.41 26.53 26.68 26.71 26.67 26.40 25.54 23.74 21.93 20.01 18.03 17.73 16.01 15.14 13.40 13.20 13.61 14.55 14.92 15.24 16.10 16.16 16.48 16.64 16.56 16.31 16.21
35.23 35.08 34.71 34.79 34.76 34.85 35.01 35.34 35.45 35.69 35.64 35.43 35.32 35.16 34.83 34.63 34.39 34.25 33.54 32.95 31.18 30.31 28.38 28.08 26.34 25.42 23.77 22.92 22.89 23.08 23.33 23.37 23.49 23.28 22.44 21.10 19.74 18.45 17.86 16.49 15.15 14.18 12.42 11.28  9.89  8.36  7.33
traj-41:
10.24 11.16 12.22 13.34 14.96 16.84 17.49 18.37 19.56 21.41 22.17 23.63 25.02 26.45 26.48 26.75 27.05 27.13 26.82 26.83 25.62 25.06 23.53 22.44 20.73 19.44 17.88 15.95 15.14 13.25 12.30 10.58  9.05  7.73  7.17  5.37  3.66
18.34 19.13 19.94 20.65 21.73 22.39 22.62 23.02 23.05 22.93 22.99 22.99 23.55 24.69 25.82 27.76 29.26 30.64 32.43 33.03 34.32 34.52 35.12 34.79 34.76 34.81 34.65 34.59 35.09 34.76 34.50 34.70 34.85 35.33 35.80 36.07 36.35
traj-42:
 4.09  5.75  7.61  9.36 11.33 13.03 14.89 15.66 17.28 19.01 20.33 21.59 22.90 24.04 25.62 26.39 26.53 26.56 26.58 26.68 26.83 26.48 24.91 24.68 23.02 21.71 19.87 18.58 17.02 15.94 15.84 14.79 14.73 14.17 13.67 13.29 12.93
35.46 35.17 35.00 34.48 34.38 34.39 34.31 34.30 34.30 34.28 34.24 34.21 34.27 34.28 34.20 32.44 30.67 29.25 28.38 26.76 25.44 23.91 22.73 22.53 21.45 20.76 20.66 20.42 20.13 18.83 18.32 16.63 16.34 14.49 13.23 11.30 10.34
traj-43:
13.73 15.04 16.56 18.35 20.09 20.84 22.39 24.06 25.71 26.35 27.03 27.34 27.40 27.50 27.39 27.37 27.19 27.11 25.35 23.88 22.21 20.42 19.27 17.87 16.02 15.25 13.65 11.90 10.89  9.27  7.33  5.93  5.08  3.72  2.82
19.72 20.44 21.53 22.07 22.77 22.88 23.07 23.26 22.85 24.24 26.08 27.01 28.65 30.53 32.13 33.53 34.46 35.54 35.63 35.64 35.62 35.08 35.02 35.05 34.89 34.85 34.78 34.69 34.61 34.48 34.53 34.67 34.60 34.63 34.56
traj-44:
 4.28  6.01  7.04  8.68 10.66 11.70 13.26 14.68 16.32 17.74 19.40 21.19 23.13 24.70 26.11 26.84 26.68 26.70 26.71 26.47 26.39 26.37 25.39 24.67 23.03 21.40 20.40 19.32 18.20 17.26 16.87 16.09 15.33 15.25 15.15 15.32 15.56
34.73 34.69 34.98 35.26 35.18 35.21 35.09 34.89 35.21 35.56 35.82 35.46 35.11 34.62 34.18 32.57 30.94 30.15 28.16 27.00 25.23 24.93 23.20 23.22 23.12 22.56 22.15 21.39 20.95 19.63 18.89 17.13 16.17 14.77 13.49 12.47 10.53
traj-45:
16.86 17.00 16.86 16.80 16.91 17.01 17.35 17.49 18.73 20.06 21.80 23.42 24.20 25.41 26.15 26.25 26.24 26.26 26.51 26.33 26.27 24.74 24.07 22.50 21.28 19.49 17.79 16.42 14.91 14.24 12.45 10.83  9.03  7.20  5.28  4.15
10.77 11.63 13.06 14.48 16.42 17.23 18.86 19.39 20.24 21.25 22.12 22.54 22.68 23.68 24.83 26.30 28.19 29.55 30.91 32.78 33.38 34.05 34.21 34.36 34.43 35.06 34.89 34.63 34.56 34.55 34.61 35.00 35.35 35.64 36.17 36.52
traj-46:
 3.06  5.05  6.14  7.92  9.77 11.68 12.42 14.16 15.00 16.98 17.70 19.27 21.25 23.11 23.53 25.15 25.32 27.10 27.13 26.99 26.96 27.05 27.00 26.95 26.74 26.17 24.88 24.07 22.59 21.30 19.30 18.98 17.55 16.41 15.06 13.34 12.55 11.29  9.48  7.88  6.36
35.41 35.35 35.44 35.33 35.13 35.01 35.12 35.24 35.34 35.45 35.47 35.60 35.55 35.24 35.10 34.44 34.19 33.51 32.33 30.35 28.58 26.84 25.92 23.95 22.79 21.44 20.66 20.72 20.88 20.87 20.94 20.65 19.52 18.58 18.44 18.42 18.26 18.05 17.72 17.10 16.54
traj-47:
11.74 12.09 12.59 13.43 13.80 15.08 15.91 16.83 17.93 18.91 19.55 20.16 21.05 22.63 24.51 25.57 26.25 26.39 26.42 26.81 26.68 26.64 26.72 26.68 25.94 25.64 24.02 22.36 22.02 20.51 19.24 18.25 16.67 15.76 14.08 12.43 11.23  9.76  7.86  7.70  5.70  4.93  3.55  2.48
10.92 11.81 13.29 14.42 15.14 16.36 17.53 18.93 20.37 21.45 22.01 22.67 22.95 22.90 23.41 23.76 24.97 26.44 26.74 28.63 30.22 30.84 32.56 33.87 35.70 35.76 36.32 35.50 35.16 34.13 34.43 35.11 35.28 35.32 35.21 35.00 34.86 35.46 35.50 35.47 35.38 35.43 35.90 36.26
traj-48:
 3.30  4.71  6.39  8.09  9.80 11.63 13.17 15.12 16.37 17.26 19.24 19.63 21.60 21.89 23.61 25.19 26.41 26.32 26.33 26.44 26.68 26.87 26.57 26.26 25.47 24.11 23.74 22.05 20.28 18.64 16.89 16.13 14.50 12.94 11.44 10.40  9.18  7.76  6.53  5.81
36.56 36.02 35.59 34.94 35.24 35.79 35.82 35.45 35.14 35.31 35.46 35.57 35.38 35.35 35.24 35.15 34.54 32.60 30.87 29.00 28.82 27.77 26.01 24.57 23.71 22.76 22.57 22.05 21.30 20.70 20.09 19.67 18.73 17.90 16.93 16.34 15.34 14.23 13.14 12.50
traj-49:
 9.43 10.71 11.69 13.54 14.86 16.64 18.46 19.40 21.19 23.10 24.54 25.46 26.26 26.50 26.50 26.30 26.16 26.15 25.10 24.22 22.45 21.16 19.34 18.75 16.80 15.08 14.20 12.93 11.40 10.18  8.41  7.77  5.88  4.43
20.00 20.36 20.52 21.10 21.28 21.58 21.89 22.14 22.55 23.00 22.19 23.27 24.81 26.14 27.87 29.62 31.38 33.14 34.14 34.20 34.23 34.41 35.13 35.25 35.14 34.85 34.66 34.55 34.34 34.62 35.43 35.65 36.16 36.39
traj-50:
 4.25  5.18  6.89  8.62 10.36 12.30 13.90 14.89 16.41 17.84 19.53 21.17 22.77 24.08 25.86 26.50 26.58 26.71 26.83 26.71 26.27 25.55 23.60 21.80 20.01 18.81 17.22 15.92 16.04 15.83 15.60 15.45 15.31 15.35 15.53 15.75
34.52 34.43 34.38 34.27 34.31 34.27 34.50 34.60 34.64 34.74 34.86 34.88 34.82 34.77 34.23 32.39 30.48 28.55 26.58 25.42 23.63 22.08 21.79 21.53 21.17 21.05 20.85 19.37 17.48 15.89 14.50 13.45 12.02 10.30  8.38  6.43
traj-51:
15.74 14.42 13.25 13.15 12.80 12.96 13.47 12.28 13.19 13.72 15.36 17.23 19.20 20.98 22.60 24.58 25.94 26.55 26.66 26.90 26.89 26.93 26.75 26.71 26.51 25.04 24.63 23.61 21.71 20.54 19.27 17.69 15.96 14.62 12.72 10.84  9.99  8.26  6.30  5.44  4.41
10.57 11.19 12.44 13.82 15.77 17.69 18.75 20.30 21.77 22.56 22.80 22.81 22.71 22.47 22.11 21.89 22.67 24.35 25.87 27.75 28.34 29.81 30.77 31.07 32.83 34.12 34.75 35.41 35.62 35.34 34.90 34.30 34.41 34.33 34.32 34.32 34.39 34.62 34.67 35.22 36.58
traj-52:
 3.28  4.36  5.62  7.39  7.69  9.49 10.24 12.17 13.80 15.12 16.38 18.17 19.98 21.33 23.06 24.88 26.20 26.58 26.86 26.92 27.00 27.05 27.09 27.13 26.58 25.99 24.36 22.36 21.83 19.88 18.28 16.85 16.59 15.11 13.78 12.77 11.82 11.24 10.60 10.30  9.68  9.19
34.55 34.68 34.94 35.42 35.42 35.67 35.69 35.31 34.95 34.74 34.61 34.63 34.71 34.84 34.93 35.03 33.80 33.03 31.46 30.40 29.17 27.26 26.67 25.04 23.19 21.86 21.36 21.44 21.54 21.69 20.97 19.60 19.46 18.49 17.02 15.66 14.23 12.43 11.14 10.48  8.76  7.48
traj-53:
13.98 14.19 14.79 15.35 15.65 16.18 16.44 16.63 16.87 17.27 17.56 18.76 19.43 20.71 22.48 24.20 25.42 26.56 26.77 27.00 27.04 27.57 26.88 26.30 25.01 24.59 23.41 21.44 19.53 17.87 16.07 15.18 13.65 11.68  9.99  8.15  6.29  5.33  4.21
 6.46  6.92  8.65 10.54 11.47 13.31 14.99 16.41 17.56 19.32 20.09 21.49 21.63 21.99 22.60 23.30 23.56 24.97 26.86 27.92 29.92 31.84 32.82 33.34 34.83 34.91 36.37 36.49 36.02 35.69 35.32 35.01 34.99 35.29 35.34 35.33 35.28 35.25 35.25
traj-54:
 3.46  3.86  5.49  6.45  7.92  9.30 10.94 12.55 13.76 15.11 16.73 18.39 19.77 21.01 22.89 24.73 26.32 26.91 27.29 27.05 26.68 26.54 26.27 25.22 23.55 22.16 20.84 19.75 18.68 16.95 16.18 15.48 14.01 12.47 10.88  9.98  9.70  8.51  7.93  7.49  6.99  6.79  6.50
35.19 35.13 34.70 34.59 34.75 35.11 35.44 35.69 35.56 35.37 35.26 35.01 35.01 35.14 35.24 34.48 34.00 33.47 32.22 30.38 28.53 26.70 24.95 23.42 22.36 22.23 22.27 21.54 21.38 21.11 19.88 19.09 18.03 17.61 17.26 15.84 15.29 13.82 13.13 11.45  9.69  8.86  7.54
traj-55:
 8.86  9.17 10.43 12.29 13.82 14.10 15.98 16.91 18.06 18.80 20.26 22.12 22.70 24.07 25.16 25.83 26.53 26.37 26.62 26.95 26.66 26.63 24.81 22.98 21.41 20.15 18.68 17.57 15.83 14.88 13.19 11.85 10.01  8.76  6.98  5.27  4.13  2.19
17.17 17.54 18.56 19.13 19.33 19.39 19.55 20.02 20.63 20.94 21.62 22.17 22.41 22.90 23.62 23.97 25.20 27.13 28.60 30.51 32.47 33.36 34.10 34.04 34.09 34.09 34.12 34.14 34.13 34.15 34.32 34.54 35.28 35.16 35.27 35.87 36.21 35.91
traj-56:
 2.15  3.26  4.48  6.37  7.97  9.94 11.85 12.66 14.62 15.71 17.35 18.78 20.64 22.44 23.90 25.74 26.96 27.20 26.34 26.37 26.31 26.31 26.13 25.34 24.50 22.62 21.98 20.40 19.07 17.39 16.87 16.80 16.40 16.33
35.96 35.82 35.52 35.27 34.92 35.03 34.58 34.87 35.06 35.60 36.26 36.34 35.75 35.14 35.10 34.62 33.72 31.84 30.32 29.52 27.59 25.87 25.11 23.66 23.36 22.78 22.65 21.70 20.96 19.91 18.71 16.80 14.95 14.03
traj-57:
 6.45  7.78  8.92 10.64 12.03 12.19 13.24 14.78 16.02 17.45 18.54 19.99 21.69 23.38 24.40 25.14 26.07 26.22 26.21 26.24 26.08 26.14 26.10 24.96 23.38 21.55 19.57 18.13 17.10 15.35 13.70 13.14 11.59  9.68  8.75  6.91  6.33  4.51  4.11
12.59 14.06 15.05 15.80 17.23 17.33 18.67 19.45 20.11 20.88 21.13 21.13 20.98 21.89 22.52 23.08 24.63 26.36 27.52 28.66 30.46 32.44 33.04 34.25 34.37 34.37 34.34 34.30 34.28 34.18 34.23 34.20 34.16 34.21 34.30 34.56 34.68 35.09 35.26
traj-58:
 4.18  5.15  6.76  7.43  8.95  9.43 11.37 12.00 13.50 14.48 15.89 16.16 18.01 19.48 21.39 22.88 24.76 26.50 26.61 26.28 26.57 26.76 26.85 27.03 25.98 24.88 23.39 22.84 21.37 19.62 18.40 17.83 16.30 14.89 13.96 12.88 11.79 11.15 10.51  9.66  9.03  8.26  7.63
34.62 34.55 34.51 34.40 34.49 34.58 34.90 35.12 34.45 34.23 35.26 35.38 35.79 34.96 35.44 35.33 34.87 34.12 32.60 30.74 29.57 29.03 27.11 25.31 23.67 23.13 23.04 22.93 22.81 22.79 21.68 21.10 20.30 19.51 18.99 17.67 16.30 14.94 13.85 12.58 11.83 10.82  9.94
traj-59:
11.09 11.84 13.14 14.00 15.21 16.27 16.74 17.36 18.37 18.77 20.40 22.12 23.17 24.67 25.68 26.62 26.66 26.80 27.03 27.00 27.01 26.85 25.05 23.18 21.88 20.79 19.49 17.65 15.99 14.38 12.58 10.77  9.01  7.73  6.71  5.03  3.21  2.02
11.80 12.45 13.76 14.49 15.57 16.86 17.53 19.40 20.57 21.00 21.83 21.83 22.10 22.57 23.42 24.93 26.66 27.52 29.30 29.92 31.85 33.42 34.24 34.50 35.13 35.13 35.15 35.03 34.75 34.48 34.53 34.62 34.68 34.64 34.70 34.58 34.62 34.56
traj-60:
 3.90  5.72  7.28  9.06 10.46 11.17 12.61 14.32 15.57 16.90 17.74 19.52 21.18 23.15 24.10 25.65 26.25 26.55 27.09 27.07 26.81 26.68 25.63 25.42 23.61 22.49 21.15 19.87 17.98 17.32
35.18 34.41 34.32 34.42 34.34 34.35 34.37 34.62 34.65 34.60 34.46 34.26 35.23 35.16 34.77 34.15 33.02 31.28 29.72 27.75 26.89 25.01 23.41 23.20 22.54 22.28 21.88 21.88 21.35 21.33
traj-61:
10.75 11.83 12.99 14.37 15.49 15.99 16.84 17.98 18.23 19.41 20.36 21.64 22.37 23.74 25.26 26.07 26.40 26.70 26.91 27.16 27.35 27.21 25.66 24.09 22.11 20.54 18.73 17.96 15.98 15.41 13.63 11.91 11.61  9.70  8.24  6.86  5.29  4.61  2.83  2.29
12.75 13.80 14.93 16.32 17.12 17.60 18.65 19.86 20.15 20.77 21.21 22.01 22.34 22.90 23.69 24.51 26.22 28.00 29.39 30.92 32.85 34.12 35.24 35.40 35.59 34.89 34.87 34.65 34.57 34.52 34.58 34.54 34.53 34.63 34.96 35.27 35.41 35.69 35.97 36.10
traj-62:
 4.26  5.61  7.00  8.03  8.87  9.90 11.19 11.98 13.17 14.86 16.54 18.42 19.98 21.07 21.82 23.69 25.41 26.09 26.53 26.68 27.01 26.59 26.21 26.10 25.24 23.35 21.77 20.22 18.84 17.39 16.06 15.62
36.61 35.15 34.47 34.41 34.35 34.54 34.76 34.80 34.95 35.18 35.38 35.53 35.57 35.42 34.67 34.43 34.72 33.03 31.19 30.31 28.73 27.43 25.59 24.43 23.53 23.13 22.65 22.33 22.24 21.98 20.99 20.64
traj-63:
17.34 17.12 16.78 16.34 15.95 15.97 15.28 15.38 15.39 15.70 16.15 17.25 18.28 19.70 21.66 22.05 23.64 25.28 26.27 26.48 26.80 26.87 27.09 27.46 26.90 26.21 24.53 22.83 21.36 20.15 18.29 16.97 15.27 14.08 12.61 10.98  9.41  7.54  5.86  4.30  2.53  1.94
 5.71  6.82  8.18  9.91 11.75 12.87 14.70 16.46 16.96 18.74 19.88 20.76 21.61 22.09 22.38 22.42 22.74 23.12 24.32 26.06 26.68 27.98 29.85 31.11 32.90 34.54 35.57 35.30 34.86 34.84 34.95 35.02 35.05 35.11 35.04 34.78 34.81 34.74 34.69 34.44 34.21 34.11
traj-64:
 3.08  3.65  5.22  6.71  7.85  8.77  9.62 11.52 12.97 14.75 16.31 18.21 19.71 21.41 22.35 23.80 25.27 26.58 26.61 26.68 26.67 26.65 26.62 26.43 26.15 25.74 24.06 23.43 21.70 21.10 19.71 18.55 16.81 16.21 14.47 12.89 11.38 10.19  9.65  9.89 10.38 10.30 10.47 10.46 10.42
36.88 36.35 35.29 34.88 34.81 34.66 34.50 34.44 34.37 34.26 34.57 34.73 34.88 35.03 35.14 35.26 35.32 33.87 33.27 31.51 30.06 28.89 26.89 25.45 23.62 22.79 21.88 22.50 22.79 22.84 22.98 23.11 23.16 23.20 23.09 22.62 22.32 21.22 19.30 18.66 17.36 16.01 14.67 12.85 11.32
traj-65:
 7.02  7.64  9.00 10.35 11.38 13.05 14.08 15.10 15.88 17.11 17.98 19.21 20.78 21.43 23.20 24.80 25.73 26.24 26.33 26.40 26.36 26.64 26.51 26.23 26.45 24.73 23.21 21.50 19.60 19.30 17.56 16.50 14.64 13.21 11.38 10.92  9.06  7.70  5.85  3.94  3.34
17.99 18.12 18.79 19.19 19.52 20.07 20.68 21.28 21.63 22.26 22.58 23.12 22.65 22.35 21.70 21.23 22.19 24.09 25.66 26.94 27.81 29.47 30.52 31.70 33.57 34.40 35.42 35.60 35.52 35.48 35.52 35.70 35.83 35.66 36.00 35.96 35.70 35.63 35.87 35.91 35.94
traj-66:
 4.27  5.41  6.51  8.46 10.15 11.92 13.77 15.15 16.93 17.81 19.36 21.23 22.32 23.48 25.27 26.36 26.67 27.04 27.23 26.95 26.59 26.02 24.31 23.22 22.22 20.74 19.79 18.01 16.43 14.88 13.23 12.21 10.26  8.53  7.52  5.69
35.94 35.58 35.19 35.20 35.34 35.24 35.01 34.93 34.80 34.96 34.76 34.86 34.71 34.59 34.14 33.05 31.27 30.23 28.30 26.32 24.44 22.58 22.32 22.21 22.21 22.11 22.01 21.66 21.55 21.23 20.90 21.00 21.07 20.99 21.09 21.27
traj-67:
14.17 15.63 16.63 18.34 19.90 21.08 21.38 23.18 24.19 25.46 26.23 27.04 27.42 27.60 27.23 27.02 26.43 26.39 26.23 24.52 22.73 22.14 20.60 19.47 17.78 16.94 15.15 13.24 11.86 10.37  8.93  7.66  6.37  5.34  3.36
19.73 20.21 20.57 20.93 21.02 20.82 20.77 20.78 20.88 21.95 23.08 24.33 25.21 26.67 28.16 29.62 31.37 32.75 34.23 34.99 34.86 34.84 34.72 34.66 34.58 34.56 34.28 34.23 34.28 34.39 34.56 34.72 34.96 34.88 34.85
traj-68:
 3.70  4.93  6.51  8.09  9.85 10.30 12.18 12.76 13.70 15.33 16.80 18.47 20.33 21.87 22.94 24.84 25.45 27.18 27.71 27.61 27.63 27.29 26.61 26.15 25.28 24.21 23.41 21.81 20.33 19.43 18.39 17.17 15.76 14.81 13.52 12.61 11.10 10.66  9.24  7.82
36.00 36.03 36.10 36.19 36.20 36.11 35.99 35.88 35.69 35.41 35.26 35.32 34.70 34.91 34.97 35.12 35.44 35.14 33.28 31.96 29.99 28.02 26.20 25.20 23.75 23.28 22.90 22.20 21.80 21.14 20.31 19.15 17.91 16.97 15.92 15.04 13.99 13.80 12.60 11.44
traj-69:
14.05 13.94 14.17 14.22 14.50 14.79 14.77 14.65 14.74 14.76 15.53 17.17 18.80 20.18 21.37 22.74 24.59 25.36 26.09 26.17 26.16 26.07 26.05 26.08 26.13 26.21 26.23 24.38 22.60 21.11 19.30 18.41 16.65 14.84 12.85 11.92 10.72  9.09  7.65  6.92  5.23  3.56  2.72
 5.33  5.92  7.75  9.52 11.44 12.65 13.89 15.49 17.35 19.02 20.41 21.03 21.47 22.23 21.88 21.42 20.82 21.94 23.40 24.58 25.45 26.91 28.10 30.02 31.14 32.57 33.45 34.16 34.16 34.15 34.06 34.08 34.12 34.15 34.24 34.25 34.36 34.35 34.53 34.65 34.69 35.33 36.34
traj-70:
 4.46  6.22  6.51  8.34 10.28 11.96 12.75 14.26 16.17 16.84 18.43 18.73 20.68 21.56 23.52 24.58 26.27 26.56 26.84 26.75 26.59 26.53 26.57 26.39 26.13 24.86 23.95 22.47 21.21 19.32 18.57 16.95 15.66 14.73 13.07 11.66 10.51  9.05  7.48
36.45 35.50 35.45 34.74 34.53 34.51 34.42 34.46 34.51 34.53 34.51 34.54 34.52 34.46 34.36 34.11 34.71 34.66 33.90 32.20 30.28 29.69 27.86 25.93 24.02 22.57 22.09 21.36 21.25 20.66 20.42 19.56 18.53 17.98 17.05 16.07 15.49 14.58 13.63
traj-71:
 9.35 10.20 11.33 12.93 14.30 15.89 17.60 19.17 20.73 21.37 22.71 23.48 24.25 25.65 26.91 27.08 26.70 26.51 26.11 26.02 26.12 25.05 24.26 23.67 21.82 20.99 19.23 18.26 16.94 15.22 13.55 12.30 11.10  9.88  8.96  7.74  5.94  5.38  3.50  2.61
15.13 15.68 16.40 17.46 18.34 19.16 20.07 20.91 21.64 22.29 22.19 22.09 22.91 23.75 25.24 27.23 29.16 31.03 31.42 31.70 33.64 34.30 34.63 34.72 35.04 34.90 34.39 34.49 34.59 34.69 34.57 34.36 34.65 35.15 34.98 34.82 34.44 34.40 34.24 34.14
traj-72:
 2.78  3.47  4.71  5.26  6.97  8.69  9.99 11.93 13.16 14.88 15.71 17.55 19.28 21.12 21.39 23.30 24.37 26.20 26.35 26.60 26.55 26.38 26.26 26.20 26.18 25.22 25.08 24.65 23.05 21.55 20.16 18.84 17.99 17.18 15.94 14.56 13.87
35.93 35.73 35.33 35.21 34.95 34.81 34.70 34.53 34.46 34.86 35.16 34.66 34.52 34.29 34.43 34.43 34.20 33.93 33.36 31.60 30.43 28.98 27.64 25.64 24.96 23.25 22.98 22.21 21.37 21.62 22.05 20.91 20.43 19.79 18.65 17.48 16.27
traj-73:
16.36 16.64 16.93 16.48 16.41 17.40 17.78 18.64 20.29 21.97 23.05 24.85 25.50 26.13 26.42 26.53 26.53 26.63 26.57 26.37 25.21 23.38 21.56 21.07 19.55 18.99 17.14 15.67 14.12 13.05 11.46 10.17  8.42  7.51  5.62  3.93  3.50
13.16 14.75 15.67 17.07 17.93 19.49 20.09 20.90 21.62 22.14 22.47 23.06 23.33 24.36 26.23 26.97 28.75 30.19 31.68 33.16 34.04 34.16 34.06 34.12 34.32 34.35 34.40 34.37 34.35 34.53 34.76 34.89 34.90 35.15 35.34 34.74 34.33
traj-74:
 3.33  4.86  6.02  7.77  9.71 11.40 13.34 15.17 16.99 17.16 19.05 19.80 21.06 22.87 24.60 25.23 26.15 26.48 26.55 26.73 26.91 26.83 26.56 26.27 26.46 25.17 23.46 21.92 20.02 18.46 18.17 16.85 16.30 15.78 15.07 14.93 14.61 14.39 13.67
36.42 35.80 35.42 35.60 35.53 35.48 35.34 35.39 35.60 35.58 35.40 35.13 35.68 36.16 35.49 35.14 33.65 32.24 30.49 29.05 27.39 26.04 24.24 22.86 21.75 20.31 20.67 21.10 21.35 20.33 20.26 18.79 17.39 16.63 14.93 14.19 12.91 11.96 10.15
traj-75:
 6.58  7.34  8.69  9.18 10.14 11.19 12.71 12.93 14.35 15.75 16.74 17.11 18.30 19.57 21.05 21.32 23.12 24.86 25.15 26.05 26.41 26.30 26.43 26.67 26.28 25.27 24.07 22.38 20.62 19.90 18.02 16.28 14.69 13.42 11.67 11.07  9.37  7.41  5.55  4.14  2.59
10.37 11.03 12.38 12.95 14.07 14.90 15.90 16.09 17.22 18.24 19.66 20.33 20.89 21.44 22.38 22.53 23.16 23.49 23.55 24.83 26.50 28.41 30.06 31.22 33.09 34.00 34.15 34.19 34.26 34.25 34.27 35.10 35.46 35.51 35.46 35.47 35.03 34.91 34.98 35.30 35.67
traj-76:
 3.13  4.37  5.53  6.70  8.44  9.29 11.13 12.76 14.30 15.88 17.69 18.83 20.41 21.18 21.47 22.99 24.05 25.19 26.50 26.67 26.86 27.03 27.14 27.41 27.56 25.81 25.14 23.43 21.65 20.13 19.03 17.65 16.97 15.54 14.61 12.97 11.80 10.59 10.13  9.04  7.90  6.74  5.85
34.24 34.21 34.27 34.33 34.48 34.60 34.62 34.73 34.85 34.93 34.83 35.03 35.01 34.70 34.61 34.24 34.21 34.14 32.90 31.41 30.53 28.77 28.24 26.34 24.46 23.78 23.28 22.65 21.93 21.34 20.84 19.74 18.84 17.83 17.13 16.03 15.18 14.12 13.76 12.11 10.70  9.10  7.63
traj-77:
17.17 16.67 16.23 15.83 15.41 15.36 15.13 14.96 15.65 16.76 16.93 18.34 19.62 21.34 22.41 23.44 24.59 25.50 26.18 26.54 27.07 27.12 27.67 27.78 28.18 27.36 26.28 24.53 22.86 20.92 19.46 18.03 17.31 15.62 14.32 12.73 11.36  9.57  8.06  6.72  5.26  3.34
 5.89  7.56  9.08 10.35 11.68 12.64 14.42 15.79 17.25 18.82 19.07 20.01 20.58 21.22 21.79 22.32 22.74 23.69 24.52 25.70 27.44 27.73 29.54 29.94 31.50 33.09 33.59 34.09 34.09 34.23 34.25 34.36 34.44 34.44 34.52 34.52 34.53 34.65 35.08 35.66 36.29 36.44
traj-78:
 2.51  4.17  5.63  7.29  9.10  9.99 11.59 13.48 14.62 16.37 17.83 19.47 21.41 22.01 23.71 25.38 26.01 26.23 26.59 26.70 26.95 26.77 25.65 24.95 23.33 21.56 20.59 19.08 17.91 17.47 16.35 15.24 15.02 14.06 13.49
36.36 35.52 34.77 34.51 34.31 34.35 34.46 34.53 34.46 34.72 35.25 35.93 35.45 35.20 34.88 34.50 32.72 30.78 29.28 28.49 26.63 25.45 23.93 23.71 22.79 22.04 21.67 20.93 20.20 19.47 17.95 16.49 15.99 14.71 13.84
traj-79:
12.72 12.90 13.37 13.60 14.04 14.31 14.59 15.06 15.51 15.69 17.08 18.26 19.98 20.28 22.11 23.33 25.06 26.34 26.75 26.71 26.71 26.55 26.55 26.16 25.82 23.89 23.18 21.66 19.94 18.11 16.24 14.63 12.92 11.07  9.43  8.34  6.59  5.00  3.71
11.27 11.78 13.62 14.41 16.01 17.15 18.27 19.77 21.69 22.48 23.17 23.09 23.04 23.02 22.90 22.85 23.44 24.86 26.55 27.15 28.74 29.97 31.47 33.15 34.12 34.30 34.33 34.36 34.51 34.61 34.59 34.82 35.50 35.05 34.76 35.08 35.41 35.63 35.72
traj-80:
 4.07  4.97  6.64  7.68  9.40 11.22 13.08 14.47 16.30 18.08 19.12 20.97 21.92 22.99 24.20 25.77 26.07 26.14 27.04 27.28 27.74 27.62 27.61 26.02 25.77 23.91 22.32 21.01 19.07 17.60 16.48 15.95 15.87 15.52 15.67
34.37 34.31 34.24 34.20 35.22 35.99 35.38 34.63 34.36 34.53 34.45 35.08 35.28 35.43 35.12 34.04 32.39 30.97 29.36 28.32 26.61 24.82 24.52 23.33 23.36 23.28 23.12 22.94 22.94 22.98 21.43 20.54 18.76 16.87 16.61
traj-81:
10.75 11.17 11.70 12.09 12.87 13.18 13.65 14.01 15.30 16.30 17.81 18.47 20.41 22.00 23.78 25.73 26.31 27.12 27.09 27.14 26.48 26.31 26.12 25.13 23.23 21.98 20.30 19.27 18.59 17.29 15.95 14.21 12.37 11.01  9.42  8.06  7.17  5.95  4.29  2.63
 9.34 10.30 11.49 12.70 14.38 15.56 17.08 18.92 20.38 21.00 21.98 22.34 22.68 22.86 23.03 23.04 22.97 24.79 25.93 27.71 29.43 31.33 33.10 34.16 34.32 34.34 34.65 34.80 34.97 35.26 34.80 34.30 34.57 34.68 34.79 34.60 34.49 34.49 34.64 34.68
traj-82:
 2.28  2.96  4.81  5.70  7.50  8.73  9.69 11.65 12.54 13.12 14.05 15.97 17.76 19.46 20.58 22.20 24.10 24.45 24.74 26.47 27.25 27.21 27.02 26.89 26.52 26.31 26.14 25.17 23.50 21.90 21.06 19.51 18.67 17.09 15.89 14.33 13.03 12.50 12.21 11.37 10.80 10.24  9.77  9.40  8.74  8.09
34.82 34.78 34.82 34.80 34.65 34.46 34.42 34.63 34.70 34.68 34.60 34.44 34.87 35.24 35.26 34.73 34.67 34.30 34.22 33.36 31.61 31.08 29.54 28.69 27.17 25.94 24.77 23.14 22.98 22.74 22.65 22.47 22.21 21.30 20.89 19.66 18.48 17.20 16.58 15.04 13.63 12.26 10.41  9.38  7.61  6.37
traj-83:
 7.14  7.86  8.57  9.05  9.63 10.66 11.85 12.16 12.67 13.15 14.19 15.04 15.79 17.30 18.20 20.19 20.67 22.54 24.16 25.64 26.02 26.36 26.45 26.62 26.67 26.66 26.50 26.37 26.34 24.47 23.66 21.70 20.97 19.52 17.60 17.39 15.45 14.22 13.40 11.42 10.04  8.19  6.38  4.39
 5.84  7.18  8.51  9.51 10.67 12.29 13.81 14.57 16.05 17.26 18.88 20.32 21.55 22.16 22.51 22.71 22.75 22.96 23.05 23.50 23.93 25.13 26.67 27.87 28.91 29.21 30.94 32.23 34.06 34.71 35.03 35.19 35.28 35.53 35.22 35.19 34.94 34.91 34.69 34.72 34.53 34.58 34.63 34.79
traj-84:
 2.77  3.34  5.27  6.56  8.45 10.27 11.78 13.06 13.83 15.75 17.09 19.01 20.63 22.56 23.92 24.62 25.57 26.38 26.62 26.83 26.71 26.72 26.45 25.47 25.03 23.41 22.64 20.93 20.34 18.55 17.80 17.45 16.68 15.81 14.82 14.24 14.47 14.38 14.60 14.59 14.61
34.19 34.33 34.31 34.40 34.58 35.00 35.33 35.45 35.67 35.55 35.12 34.59 34.79 34.82 34.88 34.80 34.37 33.72 32.33 30.85 28.88 26.97 25.07 23.42 22.60 21.45 21.56 21.63 21.72 21.40 19.81 18.21 16.49 15.41 13.94 12.63 11.50 10.11  8.23  6.34  5.56
traj-85:
 6.83  8.22  9.25 10.90 11.44 13.16 13.31 14.54 15.76 17.27 18.60 20.40 22.22 23.01 24.97 26.19 26.76 26.87 26.81 26.69 26.48 26.30 26.09 24.21 22.89 21.56 20.04 18.89 16.96 15.11 13.67 12.59 10.64  9.54  8.32  6.51  5.91  3.96  3.38
17.20 17.73 18.19 19.06 19.31 20.32 20.52 21.55 21.82 21.98 22.23 22.47 22.57 22.98 22.79 23.66 25.56 26.44 27.92 29.68 31.60 33.05 34.75 34.76 34.82 34.86 34.88 34.82 34.89 34.72 34.75 35.11 35.48 35.39 35.56 35.95 35.96 36.25 36.31
traj-86:
 3.24  3.54  5.31  5.87  7.81  8.63 10.61 11.65 13.49 14.89 16.73 17.74 19.33 21.29 22.65 23.98 25.93 26.07 26.33 26.40 26.45 26.29 25.25 24.05 22.29 21.44 20.19 18.56 16.86 15.77 14.36 13.26 11.78
34.40 34.40 34.31 34.36 34.79 34.90 34.99 34.96 34.87 34.70 34.41 34.31 34.19 34.16 34.14 34.05 33.89 32.03 30.12 28.76 26.83 25.05 23.67 22.86 22.74 22.83 22.60 21.91 21.17 21.46 21.40 19.80 19.35
traj-87:
13.99 14.27 14.71 14.72 15.04 15.46 16.06 16.55 16.92 17.34 18.75 20.10 21.80 23.16 24.00 25.35 25.59 26.52 26.80 27.38 27.91 27.88 27.21 26.39 24.69 24.39 22.63 21.65 20.30 18.80 17.10 15.50 14.51 12.93 11.18  9.86  7.88  6.74  5.60  4.71  2.85
 6.47  8.30 10.17 12.00 13.35 14.17 16.02 17.23 18.30 19.06 20.29 21.13 21.92 22.54 23.10 23.73 23.91 25.50 26.58 27.95 29.66 31.61 33.20 34.91 35.11 35.14 35.27 35.22 34.80 34.58 34.43 34.47 34.49 34.49 34.61 34.67 34.80 34.79 34.83 34.80 34.75
traj-88:
 2.83  4.30  5.28  6.64  8.53 10.24 11.57 13.03 13.65 14.25 15.72 16.38 17.98 19.72 21.06 22.77 23.52 24.73 26.18 27.22 26.77 26.47 26.78 26.92 26.60 26.37 25.10 23.22 21.61 20.33 18.70 17.65 16.79 16.42 15.75 15.04 14.66 14.29 13.74
36.23 36.26 35.83 35.43 35.28 34.79 34.67 34.49 34.48 34.48 34.45 34.42 34.77 35.06 35.45 35.76 35.32 34.62 34.23 32.78 31.18 29.95 28.29 26.55 24.77 23.84 22.43 21.92 21.53 21.10 20.66 19.24 17.55 16.88 15.62 14.26 13.57 11.76 10.08
traj-89:
14.27 14.92 15.82 16.26 17.02 16.78 16.62 18.05 19.54 21.43 23.14 24.91 25.18 26.04 26.32 26.48 26.57 26.69 26.71 26.34 25.01 24.15 22.36 21.40 20.11 18.43 17.01 15.11 13.22 11.73 10.50  8.59  6.76  5.19  4.50  3.09
12.60 13.66 15.27 16.46 17.55 19.52 21.09 21.83 21.95 22.57 22.82 22.93 23.07 24.49 26.35 27.52 29.43 30.38 32.30 33.17 34.02 34.28 34.57 34.73 34.96 35.14 35.18 34.84 34.59 34.65 34.59 35.17 35.14 35.37 35.66 36.86
traj-90:
 3.02  4.85  6.61  8.45  9.53 11.42 13.05 14.99 16.68 18.32 19.24 20.61 22.25 23.24 24.38 26.18 26.71 26.67 26.78 26.80 26.82 26.65 26.70 26.47 26.06 24.31 22.54 20.73 19.45 18.73 17.08 16.39 14.71 14.05 13.02 12.05 10.35  9.06  8.58  7.99  7.68
34.94 34.85 34.72 34.50 34.27 34.17 34.14 34.20 34.35 34.43 34.53 34.51 34.49 34.39 34.54 35.06 33.26 31.78 30.03 28.98 27.34 25.60 25.08 23.58 22.75 22.19 22.17 22.40 21.07 21.04 20.41 18.80 18.14 17.61 16.88 16.31 15.29 14.22 13.25 11.65 11.14
traj-91:
12.40 14.13 15.46 16.94 18.78 19.82 21.58 22.85 24.45 25.95 26.37 26.52 26.69 27.09 27.39 27.21 26.61 25.24 24.94 24.43 22.84 20.89 19.39 18.07 17.12 15.57 13.60 13.22 11.26  9.41  7.71  6.18  4.46  3.43
20.43 20.71 21.02 21.32 21.65 21.84 22.18 22.53 22.90 23.57 24.34 25.78 27.24 29.11 30.74 31.65 33.11 34.14 34.16 34.74 34.79 34.75 34.66 34.71 34.66 34.71 34.74 34.73 35.02 35.07 35.02 34.87 35.16 35.29
traj-92:
 2.03  3.81  5.24  7.15  9.08 10.15 11.77 13.61 15.50 17.13 18.65 19.16 21.10 21.35 23.07 24.53 26.26 26.60 26.70 26.87 26.82 26.58 26.42 26.20 24.53 22.77 20.96 19.50 18.05 16.21 14.47 13.04 11.74 10.00  8.42  7.94
35.35 35.16 34.97 34.85 35.08 34.97 34.94 34.77 34.69 35.37 35.56 35.62 36.12 35.97 35.22 34.29 33.58 32.29 30.66 29.94 28.49 26.62 24.74 23.60 23.01 22.66 21.82 21.61 21.40 20.94 20.25 19.92 19.63 19.22 18.94 18.84
traj-93:
 6.96  8.71 10.50 12.42 14.23 15.87 17.65 19.34 20.94 22.47 24.17 25.64 26.06 26.60 26.84 26.98 26.73 26.35 26.04 24.62 23.07 21.15 20.55 18.65 17.32 15.81 14.84 13.07 11.16 10.47  8.96  7.21  6.10  4.65  3.89  2.27
19.55 19.77 19.85 20.03 19.85 20.48 20.98 21.76 22.56 22.80 23.21 23.63 24.01 25.47 26.74 28.31 30.24 31.98 33.59 34.26 34.31 34.27 34.27 34.32 34.38 34.42 34.37 34.44 34.41 34.38 34.48 34.84 35.13 35.51 35.72 35.79
traj-94:
 2.10  3.29  4.35  6.05  7.99  9.38 10.76 11.97 13.65 14.97 16.76 18.61 20.17 21.91 23.17 24.58 25.09 26.30 26.49 26.72 26.86 26.68 26.35 26.03 24.95 23.06 21.15 19.17 17.99 17.79 16.56 15.62 15.13 14.43 14.06 13.63 13.71 13.86 13.90
36.16 35.66 35.21 34.50 34.62 34.97 35.08 35.00 34.80 34.66 34.66 34.36 34.28 34.79 35.11 34.39 34.14 33.08 31.60 30.02 28.14 27.31 25.66 23.73 22.55 22.97 22.48 22.33 20.88 20.65 19.12 17.36 16.34 14.65 13.47 12.24 10.44  8.61  8.24
traj-95:
10.07 10.73 11.46 12.16 12.50 13.14 14.20 16.18 17.80 19.37 20.19 20.66 22.49 23.32 25.02 26.66 26.75 26.79 26.73 26.59 26.44 26.17 26.14 24.88 24.47 23.57 21.70 20.39 18.59 17.44 15.72 13.78 13.06 11.08  9.89  8.98  7.46  5.65  3.97
16.06 17.53 18.66 19.84 20.40 21.33 22.33 22.40 22.43 22.13 21.93 21.76 22.28 22.58 23.22 24.32 24.60 26.31 27.71 29.53 31.02 31.13 33.10 34.38 34.98 35.57 34.94 34.87 34.89 34.84 34.72 35.04 35.07 35.03 35.14 35.09 35.28 35.46 35.77
traj-96:
 3.95  4.50  6.42  8.36  8.67  9.21 10.78 12.43 14.02 15.90 17.52 18.79 20.55 22.46 22.75 24.53 25.90 26.76 27.03 27.16 27.13 27.25 27.39 27.46 25.91 24.17 22.79 21.95 20.57 18.83 17.84 16.62 16.36 14.91 13.46 13.14 12.03 11.38 11.00 10.75 10.20  9.53
35.31 35.26 34.97 34.79 34.77 34.71 34.54 34.41 34.45 34.67 34.91 35.00 34.30 34.73 34.82 35.41 35.44 33.78 31.92 31.03 29.04 27.77 26.28 24.92 23.66 23.12 22.90 22.79 22.47 21.63 20.79 19.30 17.80 16.63 15.35 14.88 13.38 12.21 10.83 10.02  8.47  6.71
traj-97:
13.65 14.57 15.66 16.49 16.78 17.78 19.29 20.79 21.73 22.71 23.94 25.19 26.17 26.31 26.33 26.31 26.18 26.06 26.01 25.96 24.93 23.69 21.97 20.62 18.67 17.51 15.62 13.91 12.00 10.52  9.68  7.80  6.07  5.77  4.01  3.02  2.78  2.38
13.94 15.39 16.96 18.36 18.85 20.36 21.10 21.56 21.99 22.32 22.75 23.18 24.53 26.13 28.13 29.65 31.11 32.93 33.41 35.37 35.72 36.06 35.87 35.74 35.53 35.38 35.13 34.73 34.71 34.54 34.44 34.28 34.22 34.24 34.51 35.24 35.35 35.79
traj-98:
 2.06  2.79  3.80  5.60  6.30  7.70  9.56 11.34 13.16 14.41 16.10 17.65 19.19 20.46 21.36 23.01 24.55 25.70 26.32 26.25 26.17 26.20 26.32 26.33 25.80 24.42 23.27 21.59 20.08 18.68 17.98 17.23 17.11 15.91 15.32 15.47 15.10 14.50 14.36 14.33 14.38
35.94 35.37 34.71 34.58 34.45 34.28 34.18 34.30 34.19 34.13 34.31 34.57 34.56 34.79 35.13 35.06 34.31 34.03 32.43 30.72 29.00 27.69 26.01 24.87 23.92 22.98 22.34 21.94 21.51 20.53 19.80 18.28 17.69 16.33 15.11 13.43 12.13 10.26  9.59  7.82  6.49
traj-99:
12.76 12.46 12.24 11.87 11.20 10.90 10.41 11.45 11.65 12.93 13.46 13.92 14.81 16.26 17.99 19.96 21.29 22.39 23.95 25.85 26.04 26.35 26.78 27.20 26.92 26.63 26.39 25.67 23.86 22.29 20.57 18.70 16.76 14.90 13.59 11.78  9.88  7.92  6.71  5.37  3.48  2.90
 7.60  8.77  9.87 11.35 13.21 14.04 15.80 17.26 17.48 18.99 19.70 20.92 21.99 23.11 23.08 22.95 22.98 22.96 22.94 23.23 23.46 24.51 25.93 27.33 29.24 30.98 32.43 34.03 34.10 34.25 34.30 34.56 34.85 34.95 35.08 35.30 35.61 35.55 35.45 35.65 36.11 36.23
traj-100:
 2.75  4.44  6.16  7.71  9.40 10.98 12.94 14.80 16.63 18.38 19.09 21.04 22.71 24.32 25.79 27.24 27.68 27.73 27.48 27.17 26.68 26.55 26.14 25.35 23.61 22.39 20.59 19.21 17.38 16.53 14.91 14.18 12.75 12.04 10.61 10.36
34.40 34.43 34.38 34.36 34.39 34.61 34.98 35.17 35.34 35.77 36.03 36.38 35.88 35.25 34.72 33.34 32.71 30.76 29.81 28.35 26.42 25.57 23.89 23.56 23.25 22.93 22.55 22.37 21.92 21.66 20.97 20.24 19.04 18.25 17.03 16.86
traj-101:
15.42 15.99 16.54 16.72 17.02 17.14 17.16 17.14 18.27 20.00 21.81 23.51 24.81 25.39 26.88 27.22 27.14 27.04 26.98 26.84 26.75 26.22 24.34 22.84 21.78 19.85 18.37 17.13 16.13 14.99 14.09 12.68 10.91  9.07  7.73  6.19  4.55  2.58
 9.12 10.86 12.68 14.20 15.55 16.96 17.56 19.19 20.35 21.13 21.69 22.22 22.83 22.81 23.41 25.32 27.14 28.63 29.88 31.64 33.37 33.92 34.01 34.08 34.19 34.33 34.34 34.40 34.47 34.54 34.63 34.80 34.91 34.46 34.25 35.07 35.22 35.47
traj-102:
 4.15  5.91  7.12  8.91 10.18 11.47 13.29 15.09 16.46 17.41 19.08 20.99 22.64 24.35 26.13 26.35 27.09 27.05 27.06 27.05 26.78 25.50 24.54 22.82 22.09 20.49 19.96 18.74 17.32 16.10 14.69 13.02 11.48
35.32 35.37 35.30 35.27 35.33 35.29 35.14 34.97 34.82 34.72 34.54 34.23 34.20 34.09 33.74 32.72 30.92 29.26 27.38 26.27 24.56 23.72 23.44 22.75 22.41 21.92 21.79 20.42 19.29 18.04 16.71 15.71 14.93
traj-103:
10.77 11.05 11.52 12.83 14.24 14.66 15.74 16.80 18.43 19.84 21.20 22.98 24.69 26.36 28.15 28.28 27.80 27.60 27.10 27.18 27.17 27.07 25.30 24.43 22.50 20.99 19.75 17.80 16.46 14.99 13.84 11.94  9.98  8.11  6.18  4.42
12.18 13.36 15.09 16.06 17.23 17.77 19.11 20.66 21.55 22.61 22.96 22.95 23.17 23.85 24.16 25.58 27.21 27.74 29.20 30.84 32.00 33.48 34.33 34.68 34.65 34.78 34.94 34.85 34.79 34.73 34.75 35.02 35.23 35.26 35.72 36.19
traj-104:
 2.91  4.22  4.96  6.62  8.33  9.20 10.67 12.17 13.57 15.05 16.82 17.99 19.73 21.33 23.11 25.04 26.15 26.19 27.00 27.10 26.81 26.48 26.19 26.08 25.11 23.48 21.94 20.28 19.69 17.76 17.42 15.98 14.37 13.01 11.56 10.64  9.20  8.30
34.64 34.54 34.60 34.70 34.76 34.81 34.88 34.84 34.89 34.85 34.81 34.82 35.13 35.14 34.52 34.06 33.12 32.82 31.19 29.48 28.23 26.71 25.28 24.69 23.15 22.87 21.77 21.03 20.89 20.63 20.38 19.41 18.53 18.29 17.96 17.19 16.15 15.61
traj-105:
11.72 12.41 14.25 15.13 16.74 17.35 19.08 20.30 21.69 22.91 24.57 26.25 26.72 27.08 27.07 27.14 26.98 26.87 25.05 23.40 21.59 20.26 18.32 17.56 15.78 13.92 12.22 11.70  9.79  8.15  6.33  4.44
18.74 18.98 19.70 20.14 20.82 20.88 20.93 21.74 22.19 22.58 22.99 23.62 25.44 26.95 28.93 30.52 32.49 34.44 35.23 35.90 35.69 35.23 35.36 35.49 35.12 34.71 35.67 35.62 35.67 36.39 36.40 36.58
traj-106:
 3.16  5.00  6.71  8.39 10.12 11.51 11.85 13.36 14.39 16.11 17.41 19.36 19.83 21.57 22.56 23.97 25.91 26.22 26.45 26.65 26.62 26.55 26.51 26.56 26.01 25.04 23.93 22.88 20.99 19.14 17.40 16.02 15.74 15.33
34.37 34.56 34.55 34.67 34.73 34.90 34.89 35.05 35.15 35.34 35.22 35.11 35.08 34.86 34.65 34.33 34.68 33.56 32.71 31.24 30.39 28.75 27.37 25.54 24.46 23.59 22.95 22.89 22.84 23.01 23.05 22.43 20.55 18.97
traj-107:
11.54 13.02 14.54 16.44 17.73 19.67 21.16 23.04 24.78 25.04 26.84 27.58 27.54 27.17 26.66 26.56 26.31 25.84 25.00 23.18 21.85 20.08 19.19 17.38 15.67 13.72 12.11 10.51  8.54  7.85  6.16  5.43  3.89
20.87 21.08 22.18 22.08 22.05 21.99 22.00 22.56 22.91 23.06 23.26 24.71 26.14 27.97 29.74 31.39 33.04 34.03 34.92 35.58 35.89 36.03 36.02 35.65 35.59 35.48 35.44 35.14 34.97 34.92 35.56 35.79 36.29
traj-108:
 2.15  3.84  4.53  5.85  7.37  9.04  9.61 11.16 12.32 13.69 14.86 16.13 17.26 18.93 20.24 22.11 22.93 24.59 26.23 26.76 26.99 27.09 27.18 27.12 26.98 26.52 25.89 24.62 23.44 21.58 20.48 18.57 17.75 17.01 16.54 16.26 15.60 15.48 15.17 14.73 14.00 13.91
34.77 34.70 34.68 34.66 34.83 35.15 35.25 35.91 36.33 36.69 36.52 36.24 35.89 35.61 35.04 34.38 34.61 34.63 34.70 32.78 31.79 30.35 28.49 26.64 25.18 23.56 23.05 22.94 22.14 21.74 20.88 20.36 19.84 18.06 16.64 15.05 13.26 12.89 11.09  9.58  7.87  6.61
traj-109:
 6.89  7.07  7.41  7.66  8.00  8.35  8.97  9.56 11.08 12.85 14.62 16.09 17.22 19.18 21.04 22.89 24.62 26.39 27.59 27.98 27.91 27.89 27.86 27.80 27.77 27.61 27.51 27.42 25.79 25.00 23.22 22.48 20.55 19.22 17.51 15.63 14.51 13.00 11.10  9.87  8.14  6.41  4.63
10.93 11.91 13.84 15.21 16.35 18.03 19.91 21.66 22.29 23.07 23.12 23.14 22.95 22.68 22.24 21.75 21.38 21.22 22.06 23.57 25.05 25.87 27.35 27.92 29.58 31.34 32.82 34.18 34.05 34.14 34.41 34.51 34.76 35.33 35.50 34.88 34.51 34.55 34.66 34.66 34.73 35.12 35.59
traj-110:
 3.84  5.42  7.20  9.15  9.90 11.65 13.12 14.79 15.63 17.43 18.87 20.83 22.29 23.57 25.04 25.63 26.41 26.67 26.69 26.78 26.80 26.79 26.49 25.50 24.03 23.22 21.64 20.18 18.91 17.38 15.68 13.87 13.03
36.54 36.28 36.25 36.02 35.98 35.73 35.44 35.30 35.10 35.25 34.81 34.78 34.71 34.41 34.18 34.06 33.11 31.88 31.06 29.18 27.31 25.42 24.26 23.68 23.07 23.06 22.39 21.39 20.49 19.55 18.53 17.95 17.69
traj-111:
 7.13  8.21  9.21 10.67 12.19 12.90 14.05 15.46 17.02 17.94 19.52 20.11 21.92 23.51 25.26 26.42 26.50 26.78 26.55 26.46 26.68 26.79 26.53 25.22 24.50 22.92 22.21 20.31 18.59 17.64 15.79 13.82 12.19 10.20  8.36  6.70  4.77  2.98
17.23 17.04 16.95 16.72 16.55 16.61 17.54 18.68 19.73 20.68 21.37 21.43 21.79 22.73 22.79 24.37 24.66 26.45 28.05 28.82 30.28 31.14 32.97 34.14 35.12 34.97 34.63 34.42 34.49 34.49 34.36 34.34 34.44 34.37 34.17 34.19 34.20 34.25
traj-112:
 1.94  3.45  4.97  5.93  6.90  8.83  9.57 11.37 11.75 13.59 15.46 17.37 17.70 18.99 20.76 22.19 24.12 25.57 26.22 27.31 27.28 27.05 26.92 26.66 26.30 25.42 25.21 23.40 21.85 20.44 19.86 18.05 16.67 15.66 14.66
34.71 34.62 34.47 34.36 34.14 34.22 34.19 34.46 34.51 34.94 34.88 35.00 34.93 34.78 34.78 34.62 34.44 34.66 33.30 31.73 29.83 28.76 27.25 25.69 24.92 23.38 23.17 22.57 22.02 21.52 21.37 20.81 19.41 18.28 17.17
traj-113:
 6.14  7.65  7.98  9.37 10.31 11.69 13.47 13.68 15.46 17.31 17.60 19.42 20.81 21.66 22.96 24.50 26.24 26.68 26.81 27.25 27.38 26.70 26.43 26.19 26.06 24.63 23.01 21.11 19.55 18.74 16.83 15.16 13.28 11.32 10.09  8.19  6.68  5.19  3.95
13.88 14.82 15.30 16.68 18.04 18.69 19.36 19.54 20.07 20.81 20.87 21.21 21.05 20.85 20.61 21.11 21.70 23.63 24.67 26.56 27.73 29.60 31.40 32.88 33.46 34.04 34.13 34.11 34.10 34.07 34.15 34.35 34.65 34.75 34.58 34.36 34.38 34.70 34.63
traj-114:
 3.61  4.48  6.26  7.99  9.74 11.59 13.39 14.12 15.75 17.74 18.74 20.50 20.83 22.58 23.72 25.62 26.11 27.89 27.37 27.36 27.85 27.74 27.54 27.10 27.04 26.36 24.98 23.15 22.57 21.03 19.35 17.89 17.22 16.22 14.46 13.41
34.14 34.15 34.30 34.42 34.77 35.00 34.47 34.55 34.47 34.66 34.65 34.92 35.11 35.71 35.29 34.88 34.80 33.95 32.13 31.94 30.06 29.22 27.72 26.01 25.19 23.75 22.40 22.26 22.30 21.60 20.96 20.20 19.48 18.61 17.84 17.00
traj-115:
11.57 11.83 13.64 14.06 15.16 15.81 16.34 16.97 17.71 19.42 20.02 21.69 23.55 25.26 25.67 26.73 26.59 26.34 26.43 26.23 26.11 25.80 24.69 23.47 21.96 20.70 18.99 17.86 16.38 14.70 13.50 11.90  9.97  9.30  7.66  6.28  4.88  3.26
12.76 12.91 13.31 13.49 14.00 14.65 16.42 18.24 20.00 20.95 21.22 21.97 22.60 23.59 23.97 25.58 27.02 28.79 30.76 32.23 32.82 34.26 35.82 35.63 35.41 35.27 35.13 35.41 35.38 35.11 34.93 35.10 35.16 35.10 35.49 35.46 36.09 36.20
traj-116:
 3.48  4.48  5.76  6.88  8.41 10.29 12.06 13.89 15.73 17.50 19.15 20.88 21.78 23.16 25.01 26.32 26.71 27.02 26.73 26.58 26.58 26.07 24.58 22.83 21.33 19.68 19.06 17.45 16.91 16.91 16.98 17.06 17.08 17.10 17.11
35.39 35.71 35.32 35.48 35.76 35.49 35.01 34.38 34.53 34.94 35.17 35.05 34.99 35.05 34.60 33.42 31.59 29.90 27.93 26.05 25.07 23.55 23.08 22.33 21.89 21.32 21.00 19.85 19.05 17.79 15.85 14.50 13.62 11.88 11.37
traj-117:
13.20 13.61 13.81 14.15 14.45 14.98 15.70 16.02 16.63 17.24 18.68 19.82 21.38 22.87 23.31 25.00 25.30 25.92 26.28 27.35 27.43 27.46 27.64 27.86 27.79 26.72 25.69 25.05 23.20 21.80 20.56 19.13 17.27 15.52 13.62 11.86  9.90  9.20  7.25  5.38  4.17  3.12
 6.69  7.83  9.79 11.62 13.13 14.54 15.95 17.29 18.13 19.48 20.53 21.38 22.26 22.78 22.83 23.11 23.13 23.46 23.91 25.48 25.97 27.65 29.51 30.96 32.65 34.29 35.24 35.60 35.04 34.75 34.47 34.35 34.38 34.62 34.75 34.75 34.96 34.74 34.82 34.52 35.39 36.17
traj-118:
 1.89  2.44  4.14  5.26  6.74  8.05  9.34 11.28 12.34 12.82 14.79 15.04 16.84 18.58 20.38 21.56 22.61 23.88 25.38 26.90 27.46 27.54 27.45 27.14 26.96 26.76 26.55 26.23 25.20 23.96 22.18 20.47 19.03 18.27 16.81 15.32 14.36 13.38 12.92 12.15 10.96 10.45
35.99 35.71 35.29 35.07 34.91 34.74 34.96 34.86 34.93 34.75 34.82 34.98 34.94 34.85 34.56 34.51 34.78 34.89 35.19 34.64 33.97 32.54 31.09 29.55 27.83 26.69 25.32 24.67 23.48 22.96 22.05 21.13 20.67 20.42 19.32 18.20 16.45 15.41 14.41 12.75 11.17 10.46
traj-119:
15.79 15.87 15.98 16.06 16.18 16.25 16.71 17.35 18.92 19.76 21.50 22.43 23.82 24.68 26.07 26.60 26.71 27.00 27.22 27.11 26.54 26.15 24.79 23.40 21.73 20.83 19.71 17.99 16.24 15.04 13.69 12.23 10.52  9.05  7.86  6.59  5.08  3.62  2.27
10.48 11.35 12.94 14.46 15.89 17.82 19.42 21.01 21.95 22.43 22.63 22.55 22.41 22.96 23.85 25.59 26.16 27.92 29.15 29.73 31.20 33.06 34.48 34.56 35.23 35.76 35.48 35.26 34.79 34.76 34.47 34.54 34.74 34.89 34.91 35.03 35.14 35.22 35.25
traj-120:
 3.35  5.15  6.17  7.52  9.37  9.79 10.09 11.82 12.47 13.89 14.73 16.36 17.59 19.55 20.36 21.92 23.22 24.39 25.49 26.86 27.60 27.66 27.67 27.69 27.41 27.24 27.19 27.27 25.85 24.65 22.97 21.13 19.51 17.96 16.05 15.10 13.28 11.57 11.10  9.31  7.76
34.42 34.38 34.41 34.56 34.60 34.40 34.38 34.33 34.40 34.48 34.58 34.76 34.91 35.03 34.79 34.44 34.38 34.37 34.33 34.27 32.65 31.78 30.07 28.90 26.99 26.17 24.35 23.02 21.75 21.81 21.72 21.78 21.92 21.90 21.77 21.77 21.61 21.88 21.67 22.41 22.45
traj-121:
17.17 17.22 17.66 18.04 19.93 21.78 23.76 24.45 25.38 26.66 26.69 26.79 26.83 26.93 26.52 26.37 25.96 24.40 22.48 20.60 19.26 17.91 16.71 15.02 13.41 11.64  9.69  7.87  6.06  5.20  3.68  2.13
15.82 17.65 19.56 21.39 21.98 22.43 22.69 22.82 23.35 24.80 25.40 26.81 27.84 29.30 30.99 32.67 34.37 35.56 35.43 34.93 34.78 34.64 34.85 34.85 34.95 34.96 34.76 34.63 35.05 35.12 35.22 35.29
traj-122:
 3.99  4.81  6.21  8.05  9.69  9.95 11.93 13.82 14.62 16.11 17.53 19.21 20.99 22.02 23.56 25.52 26.12 26.52 26.57 26.77 26.99 27.07 27.00 26.59 25.40 23.52 21.95 20.62 19.83 18.17 16.72 15.33 15.11 15.26 14.78 14.68 14.32 13.89 13.32 12.99 12.54 12.45
35.30 35.48 35.85 35.51 35.29 35.29 35.14 35.16 35.21 34.86 34.58 34.52 34.50 34.57 34.69 34.35 33.85 32.91 31.04 29.43 27.71 26.92 25.55 24.09 22.91 22.83 22.98 23.02 23.04 22.50 21.46 20.44 18.80 17.97 16.45 15.45 13.49 12.48 10.86  9.76  8.31  7.80
traj-123:
12.25 12.54 12.80 13.14 13.38 13.63 13.83 14.31 15.62 16.68 17.67 19.41 21.20 23.06 24.46 26.02 26.30 26.51 26.72 27.14 26.88 26.76 26.53 26.35 25.59 24.95 23.16 21.86 20.74 19.01 18.72 16.95 15.55 13.70 12.79 11.19 10.23  8.62  6.71  5.53  3.66  3.18
 5.45  7.26  8.71 10.26 12.04 13.25 14.63 16.44 17.78 18.62 20.29 21.01 21.77 22.48 23.17 23.93 24.93 26.35 27.99 29.88 31.71 31.99 32.18 32.88 34.72 35.25 35.52 35.23 34.97 34.47 34.45 34.34 34.24 34.31 34.24 34.43 34.50 35.03 35.05 35.17 34.56 34.53
traj-124:
 3.32  4.85  6.70  7.24  8.75 10.19 11.89 12.69 14.53 16.04 17.96 19.00 20.86 22.33 23.95 25.52 26.02 26.16 26.40 26.64 27.12 27.03 26.26 26.13 25.07 23.29 21.92 21.04 19.12 17.36 16.67 14.93 14.12 12.52 11.10 10.14  9.31  8.79
34.93 35.24 35.82 35.92 36.24 36.48 36.06 35.80 35.21 34.85 34.64 34.41 34.23 34.20 34.07 34.17 32.31 31.05 29.17 27.47 26.45 25.02 23.38 23.11 21.69 22.26 22.25 21.63 21.20 20.61 20.49 19.82 19.26 18.71 17.92 16.63 15.13 14.18
traj-125:
10.15 11.04 13.02 14.28 15.55 17.31 19.22 20.43 22.18 24.15 25.72 26.13 26.34 26.55 26.63 26.50 26.27 25.39 23.74 22.40 20.67 19.84 18.05 16.08 14.10 13.31 11.65 10.51  9.53  8.12  6.22  5.47  3.76
21.24 21.04 21.25 21.39 21.70 21.98 22.27 22.52 23.08 23.24 23.72 24.46 26.36 28.16 29.30 31.28 33.19 34.10 35.22 34.93 34.87 34.81 34.71 34.55 34.45 34.52 34.52 34.52 34.60 34.65 34.94 35.29 35.93
traj-126:
 2.57  3.83  4.79  6.60  8.54 10.05 10.97 12.47 14.27 16.04 17.72 19.36 20.37 21.95 23.87 25.59 26.19 26.34 26.57 26.72 26.61 26.32 25.79 24.24 23.36 21.88 21.15 19.50 18.14 16.27 16.03
35.19 35.04 34.90 35.07 34.83 34.74 34.82 35.01 35.15 35.17 35.23 35.00 34.41 34.60 34.79 34.60 32.73 30.89 28.91 27.59 25.65 24.54 23.59 22.96 22.72 22.48 22.40 22.14 22.01 21.94 21.92
traj-127:
15.16 16.34 18.04 19.67 21.55 22.74 24.12 26.00 27.08 27.05 27.07 27.00 27.36 27.88 26.92 26.05 24.84 24.71 22.73 22.64 20.72 19.57 17.70 16.95 15.12 13.84 12.62 11.30  9.48  8.57  7.37  6.01  4.13  2.97
22.61 22.02 21.31 21.53 22.20 22.52 22.90 23.26 24.83 25.76 27.53 28.07 29.89 31.76 33.24 33.84 34.41 34.69 34.54 34.82 34.71 34.31 34.33 34.35 34.45 34.57 34.82 35.01 35.52 35.71 35.56 35.60 35.51 35.32
traj-128:
 3.93  5.59  6.60  8.37  8.93 10.54 12.13 13.93 15.01 16.33 17.82 18.81 20.70 22.22 24.21 26.17 26.61 26.85 26.96 26.76 26.73 26.55 25.37 23.96 23.22 21.46 20.74 19.50 18.69 17.64 16.76 15.78 15.26 14.58
34.74 35.07 35.30 35.91 35.76 35.39 34.98 34.81 34.69 34.54 34.34 34.28 34.36 34.78 34.64 34.27 33.25 31.31 30.04 28.07 26.18 24.73 23.15 22.92 22.83 22.46 22.18 21.30 20.96 19.84 18.13 16.49 15.39 13.57
traj-129:
16.28 16.70 16.97 16.63 16.91 17.90 19.42 20.68 22.03 22.97 24.50 25.91 26.49 26.67 26.75 27.07 27.18 27.30 26.99 26.10 25.67 24.93 23.02 22.16 20.27 18.72 16.81 15.06 13.57 11.79 10.26  8.74  7.09  5.71  4.18  3.42
12.49 13.77 15.70 17.31 17.95 19.60 20.86 21.36 21.74 22.14 22.35 22.86 24.64 26.37 26.96 28.79 30.42 30.98 32.69 33.49 34.02 34.35 34.73 34.62 34.47 34.54 34.80 34.69 34.62 34.68 34.65 34.86 34.55 34.17 35.02 35.27
traj-130:
 4.62  5.42  7.33  8.22 10.21 11.82 13.62 14.81 15.27 16.93 18.19 19.05 20.32 22.21 23.17 25.03 26.12 26.23 26.26 26.25 26.24 26.15 26.12 25.31 23.81 23.08 21.34 20.32 18.83 17.11 16.45 14.82 13.51 11.63 10.36  9.09  7.80  6.90
36.79 36.40 36.19 36.08 35.98 35.98 35.68 35.48 35.20 34.57 34.50 34.54 34.54 34.53 34.30 34.03 33.32 31.78 30.12 28.89 27.06 25.61 24.74 23.17 23.08 22.97 22.76 22.51 22.23 22.15 21.89 21.56 21.44 21.26 21.04 21.49 22.01 22.31
traj-131:
10.39 10.89 12.04 13.54 14.70 15.42 15.86 16.70 17.47 19.01 19.56 21.47 22.25 23.40 24.80 26.13 26.62 26.80 27.14 27.13 27.30 27.18 26.86 26.23 25.62 23.93 22.12 20.71 18.79 17.67 16.11 14.49 12.83 11.22 10.14  8.64  6.74  5.19  4.60  3.01
11.66 12.24 13.62 14.68 16.18 17.16 17.69 19.17 20.26 20.88 21.19 21.56 21.60 21.37 20.97 21.98 23.04 24.62 26.52 27.69 29.10 30.94 32.10 33.85 35.40 35.18 35.27 35.31 35.13 34.99 34.77 34.81 34.97 34.92 34.82 34.89 35.16 35.36 35.41 35.62
traj-132:
 3.30  4.64  5.46  7.41  8.53  9.81 11.79 13.17 14.96 15.26 17.25 18.78 20.06 21.22 22.53 23.89 25.58 27.36 27.38 27.44 27.38 27.22 27.03 26.04 25.16 23.46 21.62 20.62 19.67 17.84 17.48 16.47 16.31 14.82 14.00 12.75 11.66 10.93  9.84  8.72  8.37  7.39  6.69  5.74  5.56
34.61 34.53 34.44 34.61 34.74 34.68 34.83 34.77 34.75 34.71 34.59 34.38 34.33 34.25 34.19 34.10 34.02 33.26 31.80 30.30 28.67 27.28 26.16 24.50 23.59 22.63 22.48 22.63 21.46 21.78 21.52 20.26 19.73 18.77 18.19 17.42 16.69 16.05 14.97 13.52 13.04 11.85 10.79  9.35  9.11
traj-133:
 8.64  9.21 11.09 11.91 13.24 15.13 16.64 18.33 18.61 20.32 21.84 23.61 24.48 26.09 26.21 26.44 26.38 26.13 26.38 26.22 25.78 24.11 22.12 20.18 19.27 17.48 16.03 14.67 12.94 11.07  9.28  7.53  6.64  4.85  3.40  2.51
18.07 18.08 18.74 18.90 20.33 20.85 21.61 22.04 22.13 22.33 22.62 23.03 22.86 23.83 25.56 27.25 28.31 29.80 31.78 32.52 34.43 35.21 35.44 35.48 35.34 34.91 34.55 34.49 34.43 34.34 34.24 34.17 34.13 34.16 34.16 34.13
traj-134:
 3.09  4.21  5.89  7.24  8.99 10.13 11.88 12.89 14.23 16.18 16.52 18.43 20.06 21.95 23.04 24.40 25.71 26.48 26.65 27.02 27.01 26.48 26.33 25.60 23.67 22.12 20.21 18.34 16.49 14.68 14.49 12.63 11.06
36.24 35.79 34.94 34.96 34.91 34.86 34.86 34.91 34.98 35.25 35.22 35.44 35.68 35.37 35.19 34.78 34.31 33.42 31.72 29.83 28.47 26.62 24.63 23.19 22.66 21.98 21.66 21.36 21.50 20.74 20.51 21.24 20.61
traj-135:
 8.37  9.79 10.68 12.58 14.41 16.31 18.28 19.67 21.46 22.32 23.63 25.49 25.74 26.83 27.34 27.46 27.58 27.58 27.60 27.87 26.97 25.51 23.85 22.22 20.63 19.87 18.60 17.26 15.56 13.67 11.97 10.39  9.41  7.63  6.61  5.06  3.70
21.07 21.24 21.30 21.48 21.75 21.77 22.01 22.51 23.02 23.01 23.09 23.40 23.56 24.95 26.27 27.40 29.09 31.00 31.30 32.43 34.00 35.30 35.38 35.25 35.36 35.27 35.22 35.27 35.36 35.33 35.39 34.90 34.61 35.49 35.70 36.20 36.61
traj-136:
 2.29  2.87  4.63  6.44  8.37  9.46 10.75 11.72 13.63 15.06 16.60 18.01 19.87 21.07 22.51 23.95 25.37 26.02 26.22 26.41 26.50 26.50 26.45 25.46 23.83 22.73 20.83 19.47 18.47 17.52 15.97 14.81 13.67 12.25
35.28 35.26 35.32 35.25 35.10 34.88 35.15 35.29 35.56 35.25 35.52 35.59 35.59 35.20 34.37 34.19 34.18 32.40 31.22 29.44 27.75 26.33 24.41 22.75 21.77 21.96 21.47 20.75 20.38 19.85 18.78 17.74 16.87 15.68
traj-137:
12.26 12.38 13.12 13.34 13.80 14.51 15.57 16.48 18.17 19.76 20.06 21.35 22.62 23.73 24.69 26.22 26.60 26.78 27.02 27.16 27.32 27.51 26.36 25.63 24.27 23.38 21.63 19.89 17.97 16.30 14.57 12.82 11.73 10.26  9.24  8.07  6.67  5.01  4.02  3.04
11.37 11.64 13.46 14.15 15.98 17.75 19.28 20.43 20.92 21.48 21.52 22.23 22.74 22.81 22.98 23.82 25.67 26.75 28.68 30.01 31.10 32.26 33.77 34.13 34.59 34.71 34.92 35.26 35.43 35.66 35.89 35.80 35.60 35.30 35.48 35.57 35.38 36.18 36.49 36.72
traj-138:
 3.95  5.91  6.78  8.76  9.65 11.44 13.38 14.69 16.59 17.62 18.92 20.36 22.28 23.96 25.79 26.49 26.59 26.73 26.56 26.32 26.15 25.03 24.12 22.26 20.69 18.77 17.82 17.16 16.78 16.30 16.64
35.06 34.84 34.73 34.62 34.53 34.26 34.19 34.20 34.26 34.26 34.31 34.37 34.41 34.81 34.77 33.01 32.42 30.53 28.57 26.69 24.80 23.25 22.39 22.19 22.36 22.18 21.47 20.79 19.65 17.76 17.03
traj-139:
 6.36  7.14  7.43  8.73  9.38 10.19 10.56 11.74 12.95 14.36 14.92 16.10 17.73 19.15 21.12 22.57 24.21 26.07 26.50 26.64 26.67 26.81 26.74 26.56 26.34 26.17 24.33 22.80 21.49 19.67 17.78 16.01 14.57 13.64 11.91  9.98  8.11  6.85  5.58  4.08  2.17
 9.73 11.36 11.93 13.26 13.81 15.51 16.24 17.84 19.34 20.65 21.17 22.54 23.01 22.87 22.81 22.70 22.64 22.57 24.48 25.11 26.82 28.44 29.75 31.36 32.96 34.43 35.05 34.91 34.82 35.53 35.22 35.24 35.06 35.04 35.00 35.22 35.17 35.20 35.01 35.88 36.22
traj-140:
 2.54  3.95  5.82  7.68  9.45 10.35 12.22 14.04 15.28 17.19 18.54 20.17 22.05 23.80 24.48 25.43 26.11 26.21 26.28 26.50 26.70 26.73 26.72 25.67 23.73 22.04 20.95 19.43 17.69 16.49 15.41 14.82 14.01 12.54
34.52 34.36 34.21 34.18 34.21 34.29 34.25 34.68 34.81 35.03 35.12 35.34 35.59 35.61 35.33 34.01 32.41 31.83 30.42 29.15 27.92 26.03 25.13 23.68 23.26 22.78 22.35 21.81 20.92 20.10 19.55 18.59 17.27 16.10
traj-141:
 9.47  9.74 10.80 11.65 12.16 13.11 14.78 15.37 17.15 18.96 20.18 21.85 23.22 25.05 25.51 26.54 26.87 26.96 26.73 26.72 26.72 26.66 26.66 25.41 24.39 22.62 20.66 18.92 18.02 16.63 15.24 14.61 12.77 10.81  8.81  7.24  5.76  4.09
14.45 15.01 16.46 17.52 19.22 19.90 20.83 20.94 21.74 22.03 22.26 22.45 22.69 23.29 23.27 24.19 25.64 27.46 29.00 30.17 31.99 32.78 34.02 35.32 35.59 35.55 35.51 35.29 35.47 35.89 35.58 35.50 35.44 35.55 35.50 35.64 35.68 35.74
traj-142:
 3.45  3.88  5.34  6.49  7.81  9.69 11.57 13.33 15.31 16.63 17.75 19.59 21.49 22.02 23.88 24.53 25.02 26.04 26.05 26.20 26.31 26.31 26.24 26.14 25.07 23.64 22.15 21.63 20.12 19.05 18.15 17.24 15.61 14.34 13.17
35.59 35.11 34.84 34.63 34.80 34.71 34.55 34.89 35.07 34.88 34.82 34.94 34.99 35.10 34.47 34.31 34.18 33.01 31.28 29.81 28.80 27.15 25.45 24.76 23.21 23.06 22.96 22.92 22.74 22.75 22.36 21.82 20.90 19.83 18.88
traj-143:
11.05 11.78 13.64 14.26 15.71 17.37 18.27 20.16 21.96 23.71 24.29 26.09 26.35 26.62 26.78 26.83 27.10 27.74 26.56 24.66 23.60 21.73 20.66 19.27 17.88 16.07 15.62 13.67 13.17 11.66 10.36  9.19  8.01  6.63  5.47  3.80
21.29 21.53 22.09 22.13 22.60 22.80 22.87 22.87 22.91 23.08 23.17 24.02 25.95 27.65 28.82 30.27 32.02 33.57 35.00 35.37 35.58 35.18 35.27 34.83 34.48 34.87 35.10 35.03 35.07 35.23 35.25 35.10 34.72 34.54 34.73 35.34
traj-144:
 2.94  4.12  5.72  7.53  8.78 10.76 12.69 14.14 15.88 17.06 18.34 19.84 21.40 23.27 25.15 26.19 27.73 27.69 27.51 27.38 27.28 27.15 27.01 26.69 26.23 24.86 23.29 22.24 21.16 19.51 18.01 16.95 15.35 13.52
36.16 36.09 35.93 35.75 35.82 35.93 35.53 35.49 35.77 35.44 35.32 35.38 35.04 35.31 34.96 34.52 33.32 31.57 30.75 29.50 28.46 27.03 25.24 23.34 22.01 21.79 21.63 21.51 21.39 21.19 20.60 20.00 19.38 18.68
traj-145:
 9.14  9.60 10.52 11.77 13.15 14.07 15.86 17.48 18.42 19.72 21.41 23.29 25.13 25.53 26.90 27.03 27.33 27.31 26.70 26.47 26.58 26.88 25.87 24.93 23.30 22.11 20.79 19.09 18.53 16.58 14.71 13.87 12.41 10.51  9.45  7.50  5.96  4.69  2.88  2.60  2.52
17.58 18.20 19.59 20.46 21.78 22.83 22.60 22.57 22.51 22.19 21.96 21.75 22.05 22.63 23.54 24.42 26.31 27.87 29.66 31.42 31.95 33.42 34.60 34.66 34.79 34.99 35.19 35.72 35.58 35.58 35.60 35.67 35.28 34.78 34.79 34.55 34.46 34.46 34.66 34.77 34.88
traj-146:
 3.24  4.66  5.77  7.61  9.45 11.23 12.54 13.90 15.64 17.49 18.77 20.35 21.98 23.78 25.49 26.49 26.70 26.76 26.80 26.85 26.56 26.29 25.07 24.07 22.74 20.92 20.58 18.92 17.47 16.62 16.55 16.01 15.77 14.81 14.59 14.02 13.82 13.44 13.23
35.62 35.44 35.21 34.56 34.64 35.16 35.64 36.10 36.16 35.87 35.70 35.52 35.23 34.43 34.63 33.24 31.73 30.30 28.91 28.11 26.48 24.87 23.57 23.10 22.46 21.77 21.49 20.51 19.18 17.96 16.57 14.96 14.39 12.79 12.33 10.85 10.16  8.29  7.52
traj-147:
11.07 12.39 13.19 13.72 15.42 16.65 17.76 19.28 21.19 22.47 23.59 24.63 24.98 26.04 26.77 26.87 26.84 26.89 26.63 26.39 25.27 24.57 23.25 22.44 20.56 18.98 18.16 16.35 14.60 13.18 11.71  9.75  8.54  7.08  5.56  3.74
18.61 18.96 19.10 19.34 19.93 20.40 20.91 21.55 21.80 21.97 22.21 22.58 22.91 24.31 25.67 27.44 28.67 30.20 31.94 33.05 34.37 34.71 35.00 35.09 35.00 35.01 35.09 35.25 35.41 35.62 35.36 35.22 35.13 34.99 34.89 34.50
traj-148:
 3.93  5.12  7.00  8.64 10.03 11.75 13.63 14.52 15.82 16.70 18.26 19.67 20.61 21.33 22.82 23.83 25.43 26.26 26.66 26.66 26.65 26.62 26.60 26.51 25.59 24.24 22.56 20.99 20.45 19.01 18.02 17.00 16.09 15.97 15.75
34.44 34.38 34.40 34.33 34.29 34.20 34.23 34.34 34.58 34.76 35.14 35.44 35.74 35.92 36.20 36.38 35.36 34.33 32.55 31.35 29.39 27.90 26.88 25.41 23.65 22.88 22.84 22.91 22.91 21.74 21.12 20.53 19.34 18.69 16.99
traj-149:
 5.33  7.05  8.56 10.11 11.58 12.96 14.52 15.46 16.89 18.37 20.23 22.00 23.54 24.66 25.65 26.39 26.96 27.02 27.05 26.66 26.35 26.05 24.79 23.28 21.55 19.66 18.02 16.36 14.95 13.25 11.50 10.25  8.36  7.44  5.48  3.79  2.48
16.00 16.90 17.97 18.43 19.42 20.38 21.47 21.68 22.38 22.08 21.95 21.90 21.40 21.05 22.78 23.68 25.34 25.63 27.54 29.43 31.39 33.06 34.43 35.09 34.88 34.84 34.61 34.58 34.49 34.31 34.20 34.32 34.52 34.52 34.74 35.34 35.77
traj-150:
 2.68  4.64  6.32  7.43  8.62 10.16 12.08 13.10 14.32 15.30 17.01 18.50 19.51 20.88 22.63 23.89 25.71 26.23 26.56 27.11 26.94 26.67 26.39 25.58 24.23 22.75 21.67 20.00 19.23 17.87 16.94 16.78 16.72 16.50 16.24 16.16
34.45 34.48 34.40 34.17 34.26 34.34 34.36 34.41 34.57 34.85 34.64 34.51 34.73 35.08 35.30 35.63 34.96 34.04 32.09 30.17 28.82 26.98 25.01 23.51 22.34 21.57 22.20 22.49 22.29 22.22 20.47 18.57 16.60 15.19 13.46 12.02
traj-151:
 6.84  7.54  9.21 10.69 12.40 13.06 14.19 15.77 17.36 18.88 20.51 21.48 23.27 24.74 26.08 27.74 28.00 27.89 27.68 27.25 27.00 26.50 26.29 26.18 26.02 24.81 24.22 22.47 20.93 19.49 17.86 16.43 15.43 14.10 12.44 11.72  9.94  8.84  7.32  5.80  4.57
14.17 14.37 15.25 16.38 17.26 17.70 18.37 19.27 20.12 20.96 21.72 21.79 21.36 21.19 20.89 21.78 23.36 24.49 25.36 26.86 27.67 29.22 30.98 31.76 33.22 34.78 34.86 35.13 34.79 34.40 34.16 34.19 34.31 34.33 35.09 35.10 35.04 34.98 35.59 36.38 36.77
traj-152:
 2.15  3.69  5.17  6.17  7.94  8.99 10.59 12.55 14.28 15.68 16.97 18.47 20.39 22.18 23.08 24.73 25.88 26.61 26.81 26.89 27.02 27.01 26.39 26.08 25.17 23.33 21.74 21.01 19.23 17.98 16.51 15.54 14.09 14.52 14.42 14.22 14.27 14.60 15.36 16.13
36.02 34.78 34.77 34.75 34.73 34.63 34.68 34.63 34.51 34.54 34.51 34.42 34.38 34.23 34.22 34.11 34.00 32.45 31.30 29.90 29.31 27.53 25.72 24.60 23.52 22.82 22.69 22.37 21.68 20.75 19.81 18.08 17.18 15.37 14.34 13.31 11.85 10.46  8.71  7.28
traj-153:
15.13 15.36 15.62 15.87 16.01 16.17 16.29 16.60 16.98 17.74 18.38 19.88 21.28 22.58 23.46 24.95 25.89 26.88 26.96 26.96 26.99 27.12 26.87 26.51 25.39 24.45 22.64 21.53 19.67 18.81 17.08 16.22 14.48 13.48 11.68 10.56  8.74  6.88  5.14  3.27
 6.64  8.01  9.66 11.29 12.42 13.78 15.14 16.68 18.38 19.78 20.83 21.48 22.21 22.63 22.76 23.22 23.67 24.84 26.74 27.04 28.77 29.36 31.32 33.05 34.25 34.44 35.04 35.36 35.78 35.95 35.89 35.66 35.11 35.02 35.14 35.36 35.52 35.75 36.21 36.63
traj-154:
 3.77  4.61  5.99  7.70  9.34 11.02 12.20 13.89 15.79 17.50 18.14 19.97 21.91 23.02 24.21 25.83 26.12 26.72 26.47 27.01 26.89 26.55 26.22 25.09 23.59 22.54 21.01 19.70 18.04 16.30 14.49 12.70 11.18 11.68 11.57 11.40 11.36 12.28 12.72 13.32 13.37 14.81 15.61
36.49 36.28 35.97 35.29 35.57 35.38 35.23 34.86 34.78 35.02 34.97 34.60 34.40 34.41 34.27 34.01 33.48 32.10 30.21 28.51 27.98 26.41 24.55 23.32 22.83 22.53 22.15 21.72 21.25 20.76 20.05 19.60 18.55 17.70 16.15 15.21 13.54 12.23 11.58 10.39  9.50  8.24  7.45
traj-155:
14.27 15.90 17.65 19.29 20.96 22.64 24.45 25.46 26.78 26.70 26.66 26.68 26.46 26.25 26.45 26.20 26.07 25.41 23.69 23.39 21.54 20.37 18.58 17.76 16.17 14.79 13.33 11.57 10.48  9.49  8.37  6.54  4.81  3.05  2.05
19.00 19.56 20.15 20.72 21.51 22.27 23.11 23.39 24.86 25.74 27.62 29.18 29.91 30.11 31.98 32.14 32.87 34.25 34.62 34.67 34.70 34.62 34.35 34.30 35.00 35.25 35.65 35.47 35.33 35.09 34.81 34.55 34.30 34.25 34.25
traj-156:
 3.21  4.80  5.69  7.28  8.48 10.44 12.03 14.02 15.22 17.01 18.32 19.31 21.29 22.24 24.10 25.55 26.18 26.36 26.52 26.50 26.54 26.40 25.38 25.02 23.33 21.54 20.17 18.32 17.57 17.39 16.37 15.37 14.78 13.94 12.89
35.34 35.03 34.94 34.73 34.79 34.64 34.68 34.71 34.69 34.76 34.90 35.14 35.33 35.04 34.59 34.19 32.63 30.70 29.95 28.00 26.45 24.95 23.45 22.42 21.93 22.13 21.85 21.40 19.94 19.41 17.89 16.57 15.75 14.68 13.08
traj-157:
11.36 12.84 13.98 15.61 16.81 18.51 19.42 21.19 22.29 23.45 25.02 26.63 26.68 26.96 27.01 27.07 26.49 26.36 25.06 24.29 22.33 21.46 19.83 18.75 17.01 15.12 14.50 13.14 11.94 10.55  9.32  7.80  6.76  4.87  4.31
17.37 17.98 18.33 18.86 19.46 20.51 20.67 20.77 22.40 22.32 23.08 24.21 24.50 26.42 28.31 29.67 31.07 32.81 34.01 34.08 34.04 34.15 34.43 35.03 35.62 35.04 34.90 34.63 34.43 34.40 34.57 34.62 34.84 35.23 35.36
traj-158:
 2.50  4.33  4.95  6.75  8.30  9.94 11.85 13.75 14.52 15.42 17.11 18.23 19.52 21.33 23.12 24.43 26.22 26.95 26.88 26.90 26.86 26.58 26.41 26.20 26.02 24.60 24.24 22.61 20.70 19.34 17.37 15.38 13.94 12.86 12.10 11.16  9.94  9.12  8.44
34.72 34.77 34.80 35.33 35.85 35.85 35.48 34.86 34.72 34.51 34.32 34.25 34.17 34.48 34.82 35.15 34.41 32.72 31.44 30.54 29.44 27.51 26.21 25.20 23.91 22.59 22.67 22.97 23.21 23.38 23.37 23.42 23.19 22.41 21.18 19.89 18.45 17.34 16.49
traj-159:
12.91 14.52 15.30 16.74 17.16 18.76 20.10 21.91 23.63 25.08 26.01 26.58 26.84 27.07 27.33 27.84 27.92 26.74 25.44 23.77 21.80 20.01 19.71 17.78 16.78 15.12 13.33 12.22 10.66  9.58  8.04  6.76  5.53  3.99  2.01
17.98 18.97 19.41 20.40 20.71 21.34 21.78 22.32 22.94 23.41 24.38 26.25 27.64 29.54 31.44 33.32 33.85 35.21 35.26 35.35 35.19 35.29 35.24 34.80 34.43 34.31 34.48 34.46 34.34 34.51 35.01 35.02 35.27 35.60 35.79
traj-160:
 2.22  4.09  5.51  7.41  9.30 10.09 11.19 12.21 13.38 15.18 16.43 18.11 18.57 20.42 20.71 22.60 24.46 26.34 26.41 26.44 27.06 27.37 27.48 27.13 26.63 25.23 23.62 23.38 21.58 20.52 19.46 17.81 16.56 15.40 14.89 13.91 13.43 12.14 10.96  9.49  8.99  7.67  6.95  6.26
35.61 35.21 34.94 34.82 34.97 34.79 34.61 34.53 34.59 34.30 34.50 34.97 35.14 35.63 35.58 35.45 35.21 34.70 33.22 31.94 30.10 28.31 26.95 26.17 24.39 23.39 22.77 22.59 23.15 23.12 22.63 21.58 20.08 18.68 18.13 17.01 16.17 15.13 13.84 12.67 12.30 11.06  9.68  7.93
traj-161:
10.52 10.59 10.84 11.03 11.47 11.70 12.07 12.34 12.66 12.99 13.80 14.66 16.48 17.45 19.12 19.16 20.42 22.31 23.89 25.15 26.25 26.46 26.57 26.69 26.61 26.37 26.15 25.06 23.17 22.06 20.19 19.62 18.14 17.27 15.74 14.08 12.15 10.41  9.54  7.57  6.53  4.89  3.18  2.51
 8.10  8.89 10.57 11.82 13.55 14.66 16.06 17.46 18.39 19.36 20.42 21.71 22.44 22.83 22.95 22.95 22.93 22.92 22.90 23.51 24.96 26.47 28.23 29.98 31.67 31.84 33.00 34.57 35.15 35.11 34.94 34.89 34.71 34.56 34.34 34.29 34.33 34.35 34.27 34.24 34.17 34.34 34.67 35.11
traj-162:
 2.66  4.25  6.16  7.58  8.65  9.68 10.94 12.91 13.50 15.07 17.02 18.92 20.42 21.43 22.63 24.55 25.51 26.15 26.43 26.62 26.78 26.83 26.85 26.68 26.54 25.88 24.25 22.28 21.25 19.55 18.35 16.81 16.24 15.73 15.16 14.78 14.21
35.13 34.92 34.64 34.47 34.32 34.22 34.20 34.13 34.12 34.05 34.04 34.10 34.40 34.27 34.01 34.39 33.93 33.02 31.85 29.92 28.46 27.68 26.46 25.08 23.77 22.48 21.53 21.41 21.46 21.41 20.87 19.68 18.39 17.07 15.62 14.77 13.54
traj-163:
10.27 10.54 11.39 11.54 12.49 13.15 14.04 14.94 16.03 16.22 16.61 17.26 17.30 18.66 19.38 20.23 22.04 23.01 24.87 26.08 27.82 27.74 27.62 27.48 27.42 26.38 26.37 26.07 25.18 24.46 22.66 21.92 20.18 18.92 17.51 15.54 13.67 12.08 10.62  9.49  7.90  6.28  5.05  3.35  2.16
 7.85  8.39  9.86 10.12 11.69 12.58 13.68 14.76 16.16 16.52 17.31 18.91 19.21 20.46 21.06 22.63 22.81 22.66 22.77 22.93 23.65 24.85 26.83 28.53 28.96 29.80 31.56 33.14 34.00 34.09 34.23 34.25 34.26 34.28 34.28 34.40 34.37 34.30 34.16 34.21 34.35 34.47 34.60 34.73 35.47
traj-164:
 3.32  3.80  5.25  7.20  8.77  9.07 10.78 12.70 14.10 15.53 17.15 18.52 19.94 21.33 22.62 24.55 25.46 26.52 26.99 27.05 26.87 26.57 26.41 26.25 26.05 25.36 24.06 22.98 21.35 19.59 18.45 16.96 15.44 14.36 13.49 12.53 11.58 10.57  9.08  8.94
36.59 36.28 35.36 35.02 34.03 34.04 34.15 34.35 34.42 34.58 34.61 34.87 35.02 35.15 35.36 35.40 35.49 33.82 32.39 31.80 30.09 28.41 27.28 26.41 24.98 23.69 23.19 23.17 22.53 21.70 21.26 20.14 19.41 18.06 17.10 16.06 15.12 14.14 12.82 12.26
traj-165:
 8.78  9.88 11.25 12.78 14.28 14.73 16.02 17.22 19.04 20.92 22.69 23.75 25.32 26.29 26.51 26.70 26.92 26.70 26.37 26.35 25.58 25.48 24.07 22.71 21.09 19.35 17.38 15.55 14.20 12.85 11.05  9.89  8.19  6.91  5.12  3.90
17.24 17.87 18.65 19.54 20.30 20.67 21.59 21.97 21.69 21.44 21.58 22.15 23.17 24.87 26.04 27.78 29.58 31.12 31.95 32.48 34.31 34.59 35.71 35.96 35.73 35.52 35.23 35.02 34.81 34.73 34.73 34.57 34.70 34.87 34.89 35.13
traj-166:
 3.05  4.45  6.04  7.62  9.09 10.70 11.92 13.70 15.51 16.80 18.40 20.22 21.38 22.27 24.18 25.89 27.43 27.53 27.67 27.57 26.66 26.70 26.78 26.35 25.37 23.70 22.05 20.21 18.22 16.41
35.93 35.48 34.88 34.55 34.50 34.50 34.47 34.50 34.60 34.63 34.65 34.90 34.95 35.16 35.39 35.38 34.40 32.55 31.04 30.16 28.39 27.55 26.21 25.07 23.51 22.88 22.68 22.46 22.55 22.70
traj-167:
 7.63  8.58 10.20 12.04 12.93 14.73 15.02 16.71 18.32 18.80 20.46 21.79 23.54 24.79 25.49 26.18 26.27 26.32 26.58 26.54 26.55 26.57 25.52 24.57 22.69 21.04 20.25 18.90 17.33 16.09 14.19 13.89 12.04 10.22  8.28  6.85  5.69  4.05
18.54 19.13 20.20 20.92 21.39 21.90 21.99 22.46 22.84 22.97 22.05 21.51 21.06 22.32 22.84 24.44 24.73 26.46 28.16 29.93 31.26 33.04 34.19 34.20 34.51 35.14 35.14 35.00 35.00 35.09 34.84 34.89 34.69 34.68 34.57 34.57 35.76 36.85
traj-168:
 4.55  5.15  6.98  7.87  9.77 11.54 13.29 15.03 16.31 17.15 18.17 20.08 21.47 23.04 24.67 25.14 26.01 26.51 26.73 26.67 26.53 26.37 26.25 25.04 23.32 21.95 20.57 19.54 17.97 16.86 16.18 15.25 14.38 13.73 12.62 11.19 10.09  9.38
34.18 34.21 34.17 34.18 34.12 34.16 34.27 34.55 34.77 34.73 34.62 34.56 34.61 34.79 34.70 34.17 33.57 32.12 30.23 28.63 26.90 25.47 24.77 23.35 22.44 22.02 21.59 21.27 20.45 19.39 18.48 17.00 15.96 15.06 13.84 12.63 11.94 11.51
traj-169:
13.65 13.27 12.92 12.56 12.36 11.93 11.74 12.49 12.70 12.83 13.16 13.90 15.78 17.55 19.30 20.42 21.47 22.98 24.09 25.59 26.17 26.55 26.70 26.75 27.04 26.93 26.79 26.39 25.31 24.24 22.39 21.14 19.37 18.73 16.94 15.43 13.56 12.39 10.51  9.30  7.51  5.95  4.42
 8.88 10.67 12.01 13.26 14.17 15.90 17.29 17.93 19.53 20.42 21.40 22.55 23.16 23.21 23.11 22.94 22.49 22.10 21.72 22.77 23.67 25.60 27.43 28.29 29.86 31.34 33.06 34.45 35.77 36.03 35.69 35.54 35.19 35.13 34.85 34.70 34.76 34.77 35.09 35.26 35.36 35.54 36.37
traj-170:
 2.37  3.13  5.04  6.59  8.56 10.29 12.01 13.15 14.96 16.52 17.93 19.10 20.22 21.55 23.32 24.32 24.91 26.56 27.61 27.71 27.66 27.65 27.59 27.60 27.56 27.23 26.91 26.22 24.59 22.66 20.95 19.27 17.68 16.63 15.74 14.73 14.01 13.66 12.96 11.99 10.99
34.68 34.68 34.64 34.49 34.36 34.25 34.31 34.36 34.39 34.39 34.48 34.40 34.70 35.03 35.75 36.37 36.51 35.80 34.76 32.91 31.42 29.68 27.99 27.26 25.79 24.48 22.95 22.31 22.67 22.84 23.00 23.22 23.06 22.34 20.70 19.05 17.65 17.23 15.66 14.07 13.40
traj-171:
12.15 13.55 14.30 15.78 16.32 17.42 19.30 19.60 21.40 22.62 23.79 25.15 25.40 26.42 26.53 26.66 26.78 26.67 26.56 26.20 25.47 23.81 22.40 20.97 20.40 18.54 17.18 15.34 13.66 12.09 10.21  9.29  7.35  5.85  4.13  2.24
15.53 16.84 17.83 19.08 19.56 20.57 20.73 20.68 21.28 21.68 21.99 23.02 23.19 24.89 26.05 27.69 29.22 30.98 32.16 33.20 34.97 35.17 35.31 35.19 35.06 34.76 34.64 34.47 34.74 34.60 34.67 34.74 34.87 34.89 35.07 34.53
traj-172:
 3.53  4.24  6.04  7.82  9.35 11.07 12.90 14.77 16.34 18.18 19.61 21.47 23.02 23.72 25.66 26.69 26.88 26.92 26.74 26.39 26.19 26.05 25.57 24.31 22.41 20.49 18.87 17.72 16.63 15.20 13.47 12.87 12.32 11.65 11.14 10.81 10.66 10.16  9.78
35.54 35.64 35.94 35.53 35.16 34.78 34.39 34.31 34.47 34.63 34.73 34.72 34.62 34.39 34.77 33.89 32.15 30.97 29.64 27.75 25.83 24.65 23.68 22.64 23.00 22.73 22.24 21.91 21.48 21.09 20.44 19.38 18.30 16.44 14.56 12.81 11.58 10.69  9.70
traj-173:
10.09  9.93  9.49  9.21  9.11  8.81  9.86 11.15 12.42 13.76 14.21 15.88 16.17 18.06 19.15 21.01 21.94 23.83 24.91 25.78 26.05 26.05 26.11 26.12 26.43 26.42 26.31 26.00 24.18 23.15 22.11 20.48 18.92 17.44 15.96 14.59 13.70 11.86 10.96  8.98  7.37  6.01  4.83  3.12
 9.74 10.14 11.70 13.32 15.14 17.02 18.29 19.66 21.03 22.14 22.27 22.82 22.86 22.87 22.77 22.12 21.67 22.30 23.08 23.52 23.90 25.60 27.29 28.50 30.43 31.63 32.88 34.32 34.51 34.48 34.50 34.40 34.36 34.28 34.18 34.20 34.21 34.22 34.19 34.13 34.09 34.11 34.09 35.11
traj-174:
 3.94  4.43  6.13  7.03  8.16  9.29 10.67 12.12 13.93 15.09 16.92 18.62 19.71 21.43 22.51 24.22 26.09 26.18 26.19 26.25 26.22 26.05 25.22 24.63 22.90 20.93 20.20 18.63 16.88 15.54 14.17 13.01 12.64 12.42 12.49 12.67 12.81 12.98
36.84 36.59 35.71 35.36 34.88 34.75 34.71 34.64 34.52 34.67 34.46 34.37 34.32 34.29 34.21 34.16 33.50 32.30 30.56 28.60 26.99 25.15 23.62 23.55 22.97 22.78 22.50 21.84 20.94 19.89 18.78 17.23 15.84 14.48 13.68 11.81  9.84  8.26
traj-175:
 5.43  6.64  8.14  9.83 11.44 11.98 12.94 14.01 15.70 16.77 17.51 17.98 19.37 20.90 22.59 23.29 25.00 26.42 26.77 26.69 26.81 26.74 26.62 26.47 26.14 25.01 24.72 22.93 21.51 19.85 18.69 17.19 15.63 13.99 12.47 11.19  9.55  8.28  6.48  4.57  2.91  2.48
15.74 15.49 15.81 16.21 16.68 17.00 17.70 18.16 19.10 19.82 20.24 20.60 21.56 22.56 23.22 23.38 23.54 24.17 24.59 26.56 27.94 29.22 30.96 32.31 33.01 34.22 34.30 35.02 34.67 34.84 34.82 35.02 35.19 35.24 35.75 35.66 35.68 35.79 35.86 35.86 35.83 35.88
traj-176:
 3.84  5.53  7.25  9.10 11.00 12.77 12.89 13.19 14.96 16.81 18.55 19.91 21.84 23.64 24.92 26.28 26.44 26.41 26.44 26.44 26.47 26.49 25.55 24.71 22.99 21.35 19.58 18.35 16.93 16.67 16.18
35.59 34.86 34.87 35.24 35.22 34.60 34.45 34.44 34.39 34.22 34.00 34.05 34.09 34.10 34.11 33.65 32.03 30.19 29.40 27.46 25.97 24.80 23.26 23.15 22.96 23.06 22.24 21.57 20.51 19.19 17.63
traj-177:
 8.36  8.32  8.29  8.32  8.40  8.96  9.77 10.09 11.37 12.75 13.46 15.01 16.09 17.74 19.21 20.93 21.96 23.93 24.44 25.07 26.11 26.30 26.62 26.74 27.12 27.29 27.16 26.25 25.87 24.31 22.94 21.24 19.69 18.27 17.36 15.84 13.95 12.64 10.98  9.18  7.37  5.86  4.60  3.50
 6.84  8.58  9.57 11.01 12.84 14.29 15.88 16.81 18.08 19.52 20.15 20.87 21.19 21.69 22.44 22.83 22.88 22.94 23.07 22.95 24.45 25.60 27.51 28.10 29.80 31.59 31.86 33.32 34.09 35.18 35.05 34.77 34.69 34.69 34.46 34.68 34.72 34.67 34.61 34.70 34.95 35.08 35.13 35.36
traj-178:
 2.34  4.08  5.10  7.06  8.87  9.65 10.83 12.65 13.64 15.11 17.05 17.65 19.43 20.66 22.41 24.12 24.88 26.65 27.39 27.41 27.46 27.51 27.40 27.35 25.76 25.11 23.60 21.88 20.14 18.27 16.55 14.68 13.73 12.85 12.16 11.15 10.27  9.30  7.96  7.23  6.26  5.23
36.05 35.32 35.02 34.95 34.75 34.76 34.61 34.68 34.82 34.87 34.93 34.97 34.72 34.68 34.42 34.28 34.31 33.60 32.02 30.90 29.22 27.46 26.00 24.82 23.89 23.57 23.38 22.80 22.86 22.71 22.42 22.04 20.81 19.62 18.15 16.70 15.88 14.65 13.34 12.62 11.78 10.86
traj-179:
11.36 12.17 12.95 14.14 15.64 17.29 18.90 20.86 21.79 23.62 25.50 26.38 26.73 26.86 26.60 26.50 26.43 26.12 25.12 23.61 21.77 19.80 18.08 16.75 15.79 13.82 12.36 11.70 10.05  8.44  7.00  6.08  4.84  3.17  2.31
18.55 18.63 19.83 20.84 21.33 21.88 22.34 22.65 22.83 22.38 22.99 24.78 26.57 28.09 30.06 30.76 32.76 34.51 34.71 34.66 34.61 34.92 34.96 34.78 34.67 34.72 34.76 34.80 34.87 34.77 34.81 34.87 34.91 35.91 36.08
traj-180:
 3.22  4.06  5.94  7.71  9.66 10.79 11.67 13.29 14.35 15.79 17.38 18.10 20.07 21.95 23.82 25.39 26.17 26.61 26.64 26.55 26.71 26.44 26.18 25.06 24.64 23.07 21.31 19.47 18.42 17.42 16.36
36.80 36.70 36.50 36.04 36.11 36.09 36.18 35.62 35.61 35.59 35.07 34.69 34.53 34.98 35.26 35.21 33.50 31.75 29.88 29.10 27.16 25.78 24.61 23.16 22.93 22.43 21.86 21.11 20.64 20.26 19.78
traj-181:
14.00 14.51 15.83 15.95 16.91 17.88 19.39 20.90 22.49 24.27 24.89 26.04 26.28 26.63 26.79 26.98 27.02 26.58 26.38 26.15 25.50 23.78 21.98 20.31 19.16 17.25 15.43 13.86 12.53 10.79  9.98  8.24  6.85  5.22  4.12
16.14 16.66 17.98 18.11 19.10 20.10 21.00 21.11 21.19 21.41 22.08 23.58 24.60 26.34 27.33 28.58 29.87 31.42 32.28 32.97 34.82 34.64 34.52 34.48 34.69 34.85 34.94 35.30 35.28 35.24 35.21 35.14 34.98 34.86 35.26
traj-182:
 2.17  2.76  4.48  6.02  7.78  8.87 10.40 12.19 13.83 15.79 16.81 18.46 19.32 20.52 22.08 23.14 24.95 26.13 26.21 26.31 26.18 26.19 26.16 26.15 25.33 24.29 22.47 20.73 19.19 18.17 16.87 15.24 13.98 13.33 12.02 11.80
36.12 36.09 35.95 35.70 35.55 35.61 35.72 35.45 35.61 35.91 35.87 35.58 35.62 35.23 34.73 34.50 34.13 33.61 31.98 30.36 29.24 27.49 25.66 25.09 23.48 23.02 22.39 22.07 21.57 21.08 20.19 19.11 18.04 17.49 16.33 16.12
traj-183:
11.87 12.16 12.39 12.38 12.76 12.95 13.98 14.26 15.56 16.69 17.49 18.90 19.26 19.82 21.20 23.00 24.63 26.02 26.14 26.07 26.10 26.19 26.31 26.44 26.41 24.70 22.79 22.25 20.25 18.90 17.83 16.53 14.60 12.67 10.89  9.23  8.15  7.14  5.62  4.96  3.38  2.11
 7.51  9.11 11.09 11.57 13.37 13.77 15.07 15.59 17.09 18.36 19.38 20.36 20.66 20.88 21.43 22.13 22.84 24.11 24.29 25.46 27.43 28.61 29.69 31.67 33.44 34.20 34.30 34.28 34.32 34.38 34.50 34.64 35.00 34.84 34.83 34.57 34.66 35.12 35.34 35.57 35.88 35.99
traj-184:
 4.41  5.15  7.14  8.88 10.61 11.21 13.06 13.63 15.46 17.14 18.66 20.10 22.00 23.65 25.21 27.11 27.42 27.47 27.39 27.36 27.30 27.05 26.38 25.37 23.70 22.04 20.51 19.62 17.96 17.14 15.73 15.00 13.91 13.30 12.28
35.80 35.75 35.66 35.70 35.67 35.68 35.70 35.61 35.54 35.41 35.45 35.68 35.88 35.09 34.03 34.12 32.81 32.51 30.76 29.12 27.68 25.93 24.44 23.38 22.30 21.83 21.46 21.25 20.71 19.12 18.17 17.27 15.96 15.26 14.10
traj-185:
14.15 13.92 13.57 13.52 13.66 13.65 13.91 14.07 14.12 14.13 15.81 17.81 19.74 21.11 22.74 23.78 25.14 25.94 26.08 26.24 26.34 26.48 26.34 26.28 26.25 25.98 24.47 23.08 21.45 20.67 19.19 17.46 15.61 13.74 12.03 10.68  8.78  6.87  5.09  3.28
10.14 10.84 12.66 13.91 15.76 17.50 18.64 20.61 20.91 22.25 23.23 23.34 23.16 22.75 22.02 21.44 20.87 22.53 23.04 24.65 26.50 27.53 29.44 30.89 32.37 34.12 35.34 35.88 35.75 35.85 35.88 35.78 35.80 35.49 35.23 35.04 35.27 35.55 35.87 36.24
traj-186:
 2.12  3.23  4.13  5.80  6.66  8.56 10.47 12.45 14.20 15.96 17.67 18.47 20.26 21.44 22.76 24.51 24.81 26.62 26.69 26.69 26.78 26.92 27.15 27.16 26.45 25.69 24.55 22.80 21.99 20.76 19.46 17.89 17.34 16.66 15.73 14.53 14.12 13.12 12.23 11.34 10.55  9.72
36.48 35.57 34.96 35.07 35.22 35.09 35.06 35.27 35.50 35.67 35.21 35.11 34.62 34.37 34.31 34.32 34.34 33.83 31.90 30.64 28.85 27.85 25.99 24.01 23.31 22.23 22.07 21.53 21.43 21.14 20.72 19.93 18.61 17.37 15.90 14.52 13.96 12.62 11.18  9.44  7.99  6.71
traj-187:
11.65 12.36 13.35 14.51 15.31 15.89 16.25 17.48 18.72 19.56 21.12 22.19 22.52 24.24 25.30 26.14 26.50 26.70 26.71 26.64 26.68 26.60 26.16 24.97 23.35 21.71 19.95 19.06 17.51 15.85 14.34 13.38 12.04 10.23  8.33  6.58  4.87  3.46
15.01 15.77 16.84 18.39 19.37 19.92 20.22 21.25 22.11 22.33 22.66 22.98 23.05 23.31 23.61 25.13 27.03 28.62 29.73 30.77 31.79 33.52 33.89 34.47 35.31 35.13 34.92 34.68 34.49 34.49 35.09 35.43 35.15 35.47 35.67 36.08 36.43 36.73
traj-188:
 3.79  4.77  6.62  8.24  9.20 10.83 11.90 13.78 15.14 16.94 17.19 19.09 20.01 21.93 23.84 25.14 26.50 26.64 27.10 26.97 26.96 26.88 26.43 25.99 24.48 23.66 22.30 20.57 18.75 17.19 16.75 15.61 15.22 14.21 14.27 14.30 14.38 14.40 14.45
36.83 36.77 36.21 36.01 35.44 35.39 35.68 35.87 36.10 35.23 35.40 35.46 35.37 35.02 34.78 34.50 33.25 32.55 30.62 28.82 28.04 26.26 24.43 23.77 23.05 22.65 21.80 21.13 20.34 19.36 18.96 18.01 17.10 15.41 13.87 12.40 11.13  9.72  8.70
traj-189:
13.97 13.59 13.05 12.36 11.78 11.71 11.13 11.09 10.79 11.49 12.03 12.97 13.59 15.27 16.14 17.84 18.40 20.06 21.64 23.27 25.02 26.59 26.73 27.56 27.36 26.96 26.96 26.81 26.43 24.82 24.14 22.41 20.64 18.79 17.54 16.23 14.37 12.63 10.75  9.33  7.47  6.03  4.92  3.77
 6.95  8.02  9.23 10.45 12.33 13.61 14.85 16.12 16.89 18.76 20.07 21.62 22.24 23.06 23.15 22.91 22.71 22.27 21.93 21.58 21.77 21.90 22.98 24.69 26.11 28.04 29.52 31.46 33.22 34.01 34.11 34.19 34.15 34.40 34.45 34.60 35.05 35.60 36.00 36.01 35.37 35.11 34.88 34.51
traj-190:
 2.13  4.03  4.31  6.23  7.14  9.08 10.67 12.03 13.92 14.38 16.05 18.02 19.35 21.32 23.27 23.57 25.50 26.39 26.39 26.62 26.72 26.98 26.99 26.64 25.57 24.03 22.12 21.39 19.84 19.19 18.00 17.03 16.38 14.92 13.75
34.13 34.74 34.84 34.97 34.85 34.69 34.33 34.21 34.37 34.40 34.43 34.44 34.52 34.58 34.63 34.61 34.63 32.85 31.55 29.76 28.69 26.89 24.97 23.55 22.07 21.80 22.11 21.99 21.56 21.04 20.10 19.43 18.93 17.86 16.86
traj-191:
16.51 16.48 16.30 16.33 15.74 15.98 16.12 16.75 17.74 18.34 20.17 22.03 23.88 25.40 26.37 26.72 26.65 26.83 26.80 26.63 26.50 25.52 23.63 21.71 20.61 18.90 17.09 15.19 13.32 11.36  9.72  8.96  7.05  5.31  4.23
14.01 14.30 16.29 16.58 18.45 19.27 20.82 22.47 22.70 22.72 22.92 22.90 22.85 23.18 24.72 26.58 27.78 29.38 31.25 32.79 33.23 34.04 34.31 34.47 34.46 34.67 35.19 34.90 34.79 35.15 35.34 35.54 36.10 36.38 36.71
traj-192:
 2.07  3.42  5.11  6.53  7.62  8.78 10.50 11.75 13.73 15.25 16.69 18.35 19.64 20.81 22.27 22.71 24.58 26.02 26.90 26.83 26.76 26.76 26.73 26.54 26.22 24.65 22.99 22.25 20.63 20.00 18.95 18.15 16.68 16.08 14.41
34.45 34.52 34.77 34.91 35.06 34.97 34.88 34.95 34.96 35.37 35.73 36.08 35.69 35.34 34.72 34.68 34.40 34.01 32.22 31.09 29.12 27.53 26.55 25.00 23.88 22.88 22.83 22.84 22.86 22.45 21.32 20.86 19.57 19.40 18.29
traj-193:
 6.56  7.29  8.66 10.46 11.49 12.36 14.01 15.36 16.35 17.79 18.71 20.69 21.08 21.90 22.80 24.37 25.96 26.39 26.55 26.44 26.54 26.59 26.48 26.44 26.28 25.39 23.42 21.68 20.87 19.02 17.11 16.16 14.83 13.13 12.09 10.98  9.31  7.66  5.66  3.85  2.96
18.43 18.64 19.13 19.82 20.13 20.44 20.85 21.41 21.58 21.59 21.51 21.51 21.51 21.74 21.75 22.94 23.97 24.52 26.14 27.88 28.49 30.11 31.49 32.23 34.18 34.31 34.60 34.76 34.81 35.00 35.25 35.19 35.06 34.96 34.86 34.94 35.11 35.08 35.03 34.97 34.90
traj-194:
 3.76  5.55  7.37  8.30  9.67 11.55 13.22 14.95 16.08 17.99 19.92 21.52 22.12 24.03 25.05 26.91 26.97 26.92 26.87 26.68 26.57 26.35 25.91 24.72 23.20 21.42 20.09 18.23 16.83 15.72 15.48 15.33 14.96 14.84 14.71 14.61
34.36 34.39 34.54 34.53 34.48 34.29 34.25 34.18 34.17 34.15 34.06 34.05 34.03 34.03 34.09 33.50 31.64 29.73 28.85 26.91 26.03 24.32 23.46 23.10 22.94 22.88 22.81 22.51 21.85 21.46 19.51 18.89 17.04 15.57 13.74 11.77
traj-195:
13.14 13.38 14.71 15.95 17.16 18.06 19.56 21.34 21.59 22.71 24.37 25.75 26.15 26.38 26.67 27.10 27.36 27.38 27.59 26.89 25.32 24.02 22.27 20.82 19.61 18.19 16.45 15.19 13.74 11.77 10.26  9.41  8.56  6.71  5.34  3.79  2.52
14.47 15.02 16.48 18.04 19.11 20.03 20.62 21.51 22.32 22.51 22.74 23.56 24.22 25.08 26.36 27.91 29.16 29.98 31.62 33.49 34.20 34.71 35.02 34.75 34.48 34.50 34.59 34.45 34.33 34.33 34.35 34.49 34.65 35.14 35.55 35.90 36.32
traj-196:
 2.59  3.72  4.89  5.34  6.88  8.84  9.68 11.09 12.13 13.49 15.24 16.88 18.76 20.55 22.38 24.13 24.79 26.10 26.23 26.48 26.51 26.59 26.55 26.24 25.38 24.78 22.89 22.36 20.48 18.74 18.17 16.51 16.06 15.27 14.64 13.80 14.12 13.95 13.38 13.03
36.79 35.52 34.16 34.14 34.40 34.56 34.61 34.63 34.92 34.97 34.81 35.07 35.18 35.32 35.16 34.92 34.82 33.49 32.33 30.43 29.19 27.36 25.63 24.79 23.10 22.88 22.49 22.47 22.19 21.65 21.10 20.01 18.48 17.26 16.20 14.66 14.09 12.23 11.00 10.36
traj-197:
 8.03  9.59 10.46 12.27 13.00 14.87 15.17 17.03 18.84 20.29 21.06 23.04 24.82 26.21 26.39 26.59 26.69 27.08 26.87 26.80 26.75 25.18 23.80 22.62 21.31 19.86 18.08 16.47 15.03 13.84 12.00 10.29  9.70  7.75  7.17  5.45  4.58  2.67  2.54
21.19 20.98 20.92 20.52 20.25 19.79 19.83 20.42 20.71 21.01 21.18 21.25 21.52 22.81 24.51 25.87 26.85 28.79 30.72 32.38 32.98 34.09 34.18 34.40 34.38 34.16 34.31 34.28 34.21 34.15 34.30 34.32 34.31 34.53 34.60 34.82 34.87 34.96 35.23
traj-198:
 2.80  3.74  4.85  6.57  8.04  9.33 10.93 11.96 13.26 15.22 16.49 18.26 20.10 21.23 22.77 23.36 25.12 26.53 27.17 27.28 27.25 27.13 27.13 26.63 26.10 26.03 25.90 24.43 23.37 22.17 20.58 19.23 17.97 16.16 14.76 13.87 12.63 10.76  9.17  7.59
35.83 35.63 35.45 35.20 34.87 34.84 34.90 34.95 35.03 35.23 35.19 35.25 35.49 35.17 34.61 34.52 34.34 33.08 32.56 30.58 30.01 28.30 28.00 26.19 24.39 24.10 23.83 23.27 22.88 22.69 22.62 22.51 22.50 22.34 22.13 22.14 22.08 21.63 21.33 21.01
traj-199:
 8.26  8.93 10.64 12.50 14.12 15.84 17.42 18.79 20.70 21.96 23.87 25.64 25.93 26.47 26.58 26.68 26.66 26.41 26.33 26.17 26.04 25.73 24.02 22.25 20.57 19.26 17.69 16.27 14.39 13.28 11.70  9.77  7.82  7.25  5.67  4.49
20.67 21.17 21.54 21.91 22.38 22.39 22.45 22.49 22.64 22.74 23.06 22.92 22.90 24.70 25.28 27.01 27.68 29.49 30.25 31.91 33.06 34.05 34.23 34.43 35.19 35.26 34.77 34.47 34.63 34.83 34.93 35.07 35.33 35.41 35.85 36.90
