traj-0:
23.67 23.80 24.02 24.10 22.61 20.78 19.10 18.80 17.04 15.54 13.88 12.76
 1.26  1.53  3.23  3.89  4.67  4.24  4.56  4.60  4.94  5.43  4.32  3.62
traj-1:
24.81 24.70 24.77 24.81 24.88 25.00 25.18 25.24 25.21 25.18 25.23 25.33 25.13 24.72 24.26 23.79 23.25 21.51 20.94 19.49 18.61 17.07 15.33 14.65 13.43 12.04 10.38  9.40  8.00  6.67  5.28  4.08
 1.11  2.67  4.03  5.90  7.64  9.53 10.42 11.29 12.07 13.77 15.63 17.11 17.87 19.49 21.20 22.94 23.18 23.35 23.30 23.26 23.19 23.07 23.03 22.63 22.17 21.36 20.92 20.52 19.93 19.49 19.10 18.68
traj-2:
23.78 23.58 23.42 23.59 23.98 24.10 24.57 24.71 25.50 25.72 26.96 27.26 28.98 29.75 31.26 32.59 33.50 34.63 35.63 36.23
 1.98  3.91  5.17  7.10  8.97  9.46 11.26 11.53 13.23 13.69 14.54 14.54 14.57 14.76 15.09 16.48 17.92 19.42 20.84 21.91
traj-3:
25.23 24.33 23.15 21.54 19.60 18.77 16.99 16.52 14.98 13.49 12.39 10.96  9.22  7.76
 0.93  1.77  3.36  3.98  4.26  4.44  5.34  5.98  6.99  6.60  6.22  5.53  4.82  3.96
traj-4:
23.23 24.18 25.11 25.19 25.09 25.13 25.13 25.03 25.00 25.55 25.76 25.76 25.63 25.30 24.94 23.22 21.25 20.95 19.19 18.02 16.26 14.81 14.55
 1.29  2.23  3.67  5.61  6.58  8.48  9.04 10.98 12.46 14.35 16.19 18.15 18.98 20.94 22.90 23.13 23.31 23.33 23.34 23.40 23.27 23.07 22.91
traj-5:
25.11 24.89 24.65 25.06 25.13 25.29 25.29 25.28 25.24 25.25 26.90 28.63 29.20 30.08 30.14 30.59 31.95 32.57 33.58 34.76 35.75 35.93 36.43 36.57 36.71 36.86
 0.60  1.66  3.52  5.08  5.67  7.11  8.51  9.89 11.63 13.35 14.22 14.32 14.49 15.98 16.85 18.61 20.06 21.49 22.01 22.61 24.17 24.75 26.43 27.61 28.48 29.95
traj-6:
24.01 23.33 22.66 21.38 19.96 18.29 16.56 15.62 14.98 13.81 11.90  9.97  8.51  8.04  6.79
 1.59  2.28  3.12  3.69  3.54  3.41  3.66  4.62  5.81  7.15  7.38  7.74  6.51  6.14  5.09
traj-7:
23.66 24.20 24.74 25.12 25.31 24.99 24.91 24.97 25.00 24.63 24.33 24.08 23.62 23.39 23.41 23.46 23.14 21.34 20.45 18.95 17.26 15.49 13.97 12.65 11.16  9.65  8.53  7.75
 0.57  2.07  3.68  4.59  6.04  7.96  8.67 10.50 11.32 12.92 14.50 15.92 17.86 19.29 20.46 21.33 22.46 23.05 23.06 23.07 23.08 23.12 21.97 20.78 19.92 19.33 18.60 18.20
traj-8:
24.37 24.45 24.90 24.81 24.58 24.51 24.69 24.84 25.08 25.12 25.09 26.85 27.15 28.26 29.71 31.45 33.09
 1.54  1.83  3.63  4.42  6.21  8.17  9.13 10.25 11.39 12.80 13.60 14.50 14.43 14.15 14.18 14.58 15.41
traj-9:
25.73 24.48 23.64 22.63 20.65 19.48 17.83 16.91 15.42 15.04 13.55 12.21
 1.33  2.59  4.40  4.88  4.60  4.69  4.83  5.33  5.81  5.59  4.61  3.94
traj-10:
24.72 24.62 24.56 24.54 24.48 24.50 24.47 24.46 24.65 24.79 24.76 25.03 24.27 23.58 23.47 23.10 21.45 19.97 18.77 17.58 16.11 14.39 13.49 11.86 11.79 11.74 11.65
 0.84  2.46  4.15  5.74  7.20  7.85  8.78 10.29 12.21 13.61 14.98 16.57 18.34 20.16 21.39 22.77 23.43 23.31 23.27 23.25 23.19 23.24 23.26 22.66 21.67 19.95 18.91
traj-11:
24.22 24.70 25.16 25.02 25.14 25.24 25.41 25.41 25.40 26.99 27.29 29.23 30.07 30.07 30.10 30.12 30.20 30.19 30.17 30.01 30.37 30.77 30.84
 1.75  3.00  4.54  6.51  8.20  9.67 10.98 12.45 13.50 14.64 14.59 14.70 16.21 18.17 19.05 20.45 22.18 23.76 25.50 27.12 28.27 30.07 30.37
traj-12:
23.70 23.87 22.34 21.75 20.28 18.54 16.90 15.88 14.44 13.58
 1.56  2.81  4.03  4.04  4.14  4.45  4.95  5.29  6.07  6.48
traj-13:
23.54 23.68 23.75 23.78 23.73 23.85 23.73 23.67 23.52 23.57 23.64 23.64 23.72 23.31 23.04 21.21 19.44 18.84 17.06 15.87 14.54 13.44 12.15 10.46
 1.65  3.52  5.29  7.16  8.98 10.91 12.65 13.54 15.37 16.55 18.54 19.91 21.25 22.44 22.56 23.27 23.12 23.09 23.05 23.03 22.34 20.81 19.61 18.67
traj-14:
25.47 24.75 24.46 24.42 24.45 24.43 24.37 23.94 23.88 24.59 25.91 27.79 28.92 30.21 31.68 32.49 32.66 32.87 32.79
 1.55  3.23  5.02  6.42  7.25  8.84  9.49 10.20 11.98 12.84 14.13 14.39 14.49 14.58 15.18 16.58 17.16 19.12 19.41
traj-15:
23.90 24.05 22.36 21.53 19.58 17.81 16.49 16.20 14.91 13.22 11.34 10.28  8.65  7.59  5.89
 1.82  3.08  4.11  4.29  4.65  4.84  6.00  6.52  7.73  7.35  6.92  6.75  6.48  6.35  6.01
traj-16:
24.61 24.35 24.35 24.16 24.10 24.12 24.01 23.95 24.31 24.31 24.09 24.04 23.91 23.77 23.69 22.28 20.59 18.82 17.05 15.57 14.49 13.74 12.37 11.30
 0.89  2.67  4.05  5.95  7.66  8.46 10.41 12.27 14.18 14.89 16.25 17.08 18.66 20.29 22.25 23.07 23.37 23.31 23.23 23.12 22.56 21.83 20.83 20.07
traj-17:
23.39 24.09 25.12 25.40 25.59 25.80 25.07 24.33 23.90 23.83 24.50 25.38 26.81 27.96 29.10 30.73 32.23 32.43 32.94 33.56 34.09 35.50 36.09
 0.73  1.01  2.47  4.21  5.38  6.75  8.57  9.98 10.97 12.41 13.52 14.16 14.46 14.33 14.20 14.80 15.37 17.09 18.68 20.44 21.94 23.32 23.98
traj-18:
23.05 23.21 23.61 22.63 21.16 19.17 17.53 15.96 14.86 13.40 12.57 11.15  9.37
 1.37  2.32  4.08  4.60  4.04  4.15  4.70  5.73  6.22  5.81  5.48  4.91  4.32
traj-19:
23.06 23.25 23.35 23.43 23.80 23.90 23.98 24.03 23.69 24.48 24.67 24.53 24.38 24.14 24.13 24.16 22.71 21.88 20.44 18.69 17.21 16.34 14.59 13.11 11.71 10.91  9.42
 0.74  1.53  3.44  4.05  5.79  6.53  7.81  9.58 11.49 12.63 14.55 16.20 17.64 19.56 20.08 21.81 23.09 23.22 23.41 23.44 23.43 23.41 23.36 22.37 21.25 20.54 19.32
traj-20:
24.37 24.51 24.70 25.14 25.05 25.15 25.40 25.43 25.68 25.74 25.87 27.03 28.19 29.06 30.27 30.64 31.22 31.78 32.36
 1.67  2.73  4.18  6.04  7.39  8.96  9.97 10.27 12.07 13.07 14.86 14.79 14.72 14.68 16.22 16.92 18.02 18.86 19.81
traj-21:
24.92 24.78 24.44 22.96 21.07 19.93 18.60 16.95 16.19
 1.38  2.12  3.56  4.69  4.11  4.15  4.34  5.44  6.67
traj-22:
25.61 25.33 24.88 25.04 25.01 24.86 24.72 24.59 24.44 24.30 24.09 24.09 23.93 23.78 22.05 20.87 20.02 18.56 16.57 14.79 13.22 11.92 11.02 10.29
 1.85  2.88  4.52  6.46  8.09  9.89 11.82 13.40 14.86 16.21 17.87 19.35 20.55 22.50 23.35 23.32 23.30 23.26 23.24 23.16 21.98 20.49 19.50 18.41
traj-23:
23.32 23.69 23.76 24.06 24.69 25.18 25.29 25.36 25.50 25.60 25.87 26.16 27.29 29.24 30.04 30.20 30.35 30.18 30.39 30.51 31.65 32.96 33.12 33.99 34.90
 0.40  1.95  2.92  4.33  6.01  7.13  8.57  9.66 11.04 13.00 14.35 14.41 14.67 14.95 16.36 17.34 18.91 20.86 22.53 24.18 25.75 27.07 27.32 28.80 29.42
traj-24:
25.12 24.54 24.47 23.03 21.28 20.14 19.26 17.31 15.90 14.76 13.42 12.21 10.26  8.37  7.89
 1.24  3.12  3.35  4.59  4.11  4.35  4.54  4.90  6.15  6.90  7.77  7.54  7.28  6.90  6.44
traj-25:
23.29 23.41 23.46 23.57 23.57 23.58 23.75 23.79 23.88 23.87 23.85 23.84 23.86 23.86 24.16 23.83 24.18 23.79 23.01 21.75 20.00 19.11 17.33 15.88 14.10 13.80 12.82 11.47 10.91 10.31
 0.52  1.51  2.93  4.21  5.35  6.24  8.18  9.49 10.53 12.14 12.96 14.37 15.36 16.38 17.96 19.21 20.57 21.14 22.73 23.29 23.40 23.41 23.33 23.19 23.03 23.01 22.88 21.66 20.66 19.01
traj-26:
24.45 24.17 24.13 24.05 23.97 24.19 24.34 24.63 24.91 25.02 26.64 27.51 28.66 29.46 30.34 30.38 30.40 30.35 30.79 31.81 33.35 34.50
 1.80  3.67  4.42  5.73  6.96  8.53  9.64 11.21 12.31 13.20 14.34 14.36 14.47 14.84 16.17 18.04 19.22 20.39 22.23 22.77 23.67 24.29
traj-27:
24.18 24.30 24.31 22.70 20.87 18.88 17.73 16.76 15.47 13.83 13.33 11.42  9.52  7.93  7.07  5.66
 0.50  2.16  3.78  4.53  4.28  4.40  4.67  5.80  6.89  7.74  7.91  8.14  8.19  8.15  8.30  8.56
traj-28:
24.97 25.04 25.04 25.04 24.98 25.14 25.12 24.92 24.75 24.51 24.14 24.03 23.91 23.98 24.03 23.59 22.46 21.00 19.53 17.78 16.02 14.54 12.56 11.49  9.51  8.10  6.44  5.58  6.05  7.49  7.58  7.76  7.99  7.87
 1.54  2.57  3.66  5.10  6.56  8.24  8.81 10.26 10.96 12.66 14.54 16.46 18.08 20.07 20.91 22.77 23.09 23.09 23.14 23.17 23.14 23.20 23.31 23.56 23.74 23.73 23.74 23.81 23.36 22.31 21.84 20.22 18.38 18.01
traj-29:
25.50 24.91 24.97 25.30 25.41 25.52 25.57 25.71 25.85 25.96 26.92 28.39 30.17 30.14 30.21 30.35 30.56 30.96 31.48 31.63 32.16 32.79 33.74 34.84 35.23
 1.27  2.97  3.67  5.58  7.04  8.49  9.06 10.93 12.39 13.49 14.21 14.01 14.83 16.26 17.31 18.83 20.22 22.15 23.63 24.46 26.02 27.77 28.93 30.24 30.69
traj-30:
24.61 23.78 22.40 21.60 20.17 18.99 17.16 15.23
 1.06  1.87  3.22  3.44  4.09  4.11  3.85  3.33
traj-31:
25.53 24.97 24.55 24.67 24.35 24.46 24.32 24.37 24.33 24.36 24.40 24.38 24.31 24.17 24.07 23.92 23.22 21.34 19.85 18.13 16.35 14.88 14.62 13.61 12.39 11.21 10.82
 0.91  2.59  3.18  4.94  6.29  7.40  8.30  9.72 10.79 12.08 13.79 14.33 15.99 17.67 19.49 21.04 22.45 23.06 23.08 23.12 23.09 23.10 22.94 21.28 20.63 19.27 18.94
traj-32:
24.73 24.61 24.75 24.69 24.87 25.14 25.18 25.07 24.83 24.79 25.31 25.94 27.37 29.29 30.93 32.14 32.37 32.02 31.51 30.64 31.08 31.31 32.04 32.94 33.41
 0.46  0.87  2.67  3.86  5.73  7.58  8.33 10.31 11.36 13.18 13.91 14.51 14.70 14.79 15.85 17.28 17.81 19.73 20.43 21.76 23.15 24.26 25.42 27.10 27.47
traj-33:
25.08 24.08 23.29 22.34 21.19 19.45 17.72 16.18 15.39 13.77 12.91 11.09 10.36  8.76  7.16
 1.64  2.39  2.97  3.65  4.14  4.22  4.38  5.43  6.07  7.00  7.53  7.18  6.94  6.53  5.99
traj-34:
24.46 24.52 24.55 24.55 24.63 24.79 25.03 24.94 25.03 25.02 24.95 24.93 24.91 24.63 24.19 23.02 21.23 19.75 18.58 17.44 15.69 14.83 13.11 12.81
 1.81  2.70  4.54  5.04  6.79  8.23  9.88 11.57 13.55 15.30 16.72 17.78 19.40 20.88 21.50 22.72 23.20 23.37 23.51 23.53 23.47 23.26 23.16 23.14
traj-35:
24.79 24.85 24.91 24.99 24.99 25.00 25.02 25.08 24.45 25.30 26.93 28.68 28.98 30.90 32.35
 1.92  2.99  4.01  5.88  7.53  8.66  9.76 11.29 12.84 13.85 14.88 14.80 14.79 14.62 14.15
traj-36:
24.30 24.34 24.46 24.60 23.48 21.72 20.43 18.86 18.30 16.63 15.87 15.12 13.77 12.80 11.05  9.58  9.13
 0.50  1.63  2.68  4.36  4.97  4.21  4.09  4.13  4.33  5.24  5.70  6.13  7.04  6.74  5.96  5.49  5.39
traj-37:
24.18 24.30 24.43 24.53 24.73 24.81 24.92 25.08 25.12 25.20 24.89 24.79 24.64 24.62 24.25 23.64 23.35 23.02 21.38 21.08 19.28 18.09 16.31 14.60 14.34 12.63 10.78  8.81  8.20  6.81
 1.01  2.26  4.05  4.83  6.63  7.65  8.98 10.94 12.84 13.52 15.10 15.59 17.39 17.69 19.57 21.44 22.05 22.47 23.01 23.01 23.01 23.01 23.03 23.01 22.87 22.40 21.91 21.88 21.83 22.01
traj-38:
23.65 23.60 24.13 24.44 24.81 24.90 24.95 25.05 25.10 25.14 26.52 27.97 29.68
 0.71  2.65  4.30  5.16  6.26  7.84  9.39 11.27 12.16 14.10 14.42 14.20 14.04
traj-39:
24.61 24.65 24.63 24.68 23.58 22.44 20.64 20.35 18.58 17.12 15.98 15.96 14.72 13.72 12.04 11.51
 1.31  2.13  3.56  5.37  6.02  4.53  4.15  4.19  4.38  4.55  6.07  6.37  7.66  7.89  8.07  7.91
traj-40:
25.49 25.46 24.92 24.92 24.70 24.63 24.65 24.58 24.47 24.38 24.22 24.14 23.93 23.85 23.80 23.70 22.51 21.36 20.18 19.28 17.82 16.05 15.46 13.71 12.00 10.05  8.34  7.46  8.56
 1.40  2.94  4.78  5.10  6.89  7.74  8.47 10.07 11.89 13.19 14.62 15.78 17.53 19.19 20.98 22.52 23.34 23.44 23.38 23.33 23.25 23.30 23.32 23.47 23.51 23.69 23.83 23.81 22.79
traj-41:
25.51 24.94 24.71 24.92 25.08 24.99 24.93 24.96 25.14 25.18 25.26 26.25 27.94 29.37 30.38 30.37 30.83
 1.07  1.83  3.69  4.71  6.16  7.78  8.49  9.83 11.65 12.25 13.74 14.27 14.19 14.28 15.76 17.01 18.92
traj-42:
25.60 24.11 23.74 22.15 21.07 19.39 17.64 17.35 15.95 14.84 13.35 12.79
 1.67  2.94  3.27  4.12  4.39  4.73  4.84  4.90  5.91  6.67  7.90  8.11
traj-43:
25.02 25.19 25.43 25.50 25.27 25.21 25.22 25.23 25.34 25.38 25.17 24.49 24.13 23.31 22.18 21.89 20.14 19.56 18.01 16.52 14.78 13.86 12.35 10.62  9.86  8.21  6.42  5.27
 1.30  2.74  4.45  6.44  8.34  9.98 11.36 13.08 14.54 16.11 18.08 19.60 21.50 22.36 23.40 23.48 23.46 23.34 23.03 23.12 23.02 22.71 21.97 21.41 21.13 20.41 19.67 19.09
traj-44:
25.25 25.15 24.41 24.54 24.46 24.52 25.05 25.18 24.99 24.89 25.66 26.56 28.31 30.11 30.10 30.25 30.23 30.30 30.51 30.70 31.28 31.84 33.15 34.27 34.81
 0.64  0.92  2.69  3.45  5.27  7.27  8.54 10.50 12.47 13.21 14.61 14.73 14.79 15.64 17.21 19.07 20.90 21.90 23.88 25.04 26.64 27.26 28.52 29.69 30.26
traj-45:
25.53 25.13 24.64 22.90 21.16 19.68 17.90 16.46 14.98 13.54 12.42 11.11  9.38  7.84  6.47
 1.97  3.01  4.13  4.99  4.94  4.88  4.93  5.65  6.56  6.23  5.94  5.67  5.41  5.21  5.14
traj-46:
24.14 24.23 24.30 24.52 24.70 24.72 25.02 24.98 24.91 24.91 24.89 24.94 25.12 24.09 23.51 22.08 20.62 18.83 17.37 16.18 14.99 14.12 12.50 11.20 10.49  9.06
 1.75  3.15  4.07  5.80  7.69  8.54 10.39 11.81 13.80 15.06 16.48 18.16 20.06 21.17 21.70 23.05 23.06 23.08 23.09 23.08 23.06 22.53 21.41 22.21 22.53 23.20
traj-47:
25.57 25.04 24.97 24.92 24.98 25.21 24.70 24.11 23.65 24.90 26.70 27.88 29.02 30.02 30.30 31.28 31.56 31.94
 0.43  2.21  3.88  5.87  7.77  9.46 10.29 11.92 12.71 13.84 14.47 14.31 14.09 15.52 15.97 17.53 18.38 19.46
traj-48:
24.25 24.25 24.39 23.37 22.22 20.26 18.31 16.40 15.21 13.69
 1.74  2.70  4.59  5.42  4.22  4.10  4.14  4.27  4.32  3.46
traj-49:
23.51 23.55 23.70 23.83 23.93 24.04 24.04 24.02 24.15 24.08 23.75 23.61 23.84 23.59 23.66 23.51 22.87 20.91 18.92 17.45 15.67 13.96 12.92 11.51 10.42
 1.73  2.25  4.05  5.87  7.15  8.92  9.63 10.67 12.26 13.29 14.93 16.35 17.39 18.75 19.94 21.38 22.96 23.16 23.17 23.14 23.07 22.25 21.45 20.49 20.11
traj-50:
23.42 23.83 23.99 24.41 24.47 24.72 24.81 24.88 24.85 24.91 25.09 26.53 26.80 27.10 29.01 30.51 31.01 32.32
 1.14  2.99  3.24  5.05  5.97  7.45  8.59  9.45 11.03 12.88 13.12 14.19 14.30 14.35 14.74 15.40 15.72 16.55
traj-51:
23.75 22.98 21.40 20.92 18.95 17.28 15.82
 1.56  3.10  4.15  4.11  3.98  3.89  3.92
traj-52:
24.54 24.87 25.12 25.15 25.20 25.20 25.25 25.30 24.73 24.41 24.04 23.77 23.56 23.48 23.08 21.46 19.99 18.23 16.48 15.01 14.75 13.84 12.08 10.79
 1.51  3.39  5.07  5.95  7.42  8.55 10.53 12.26 14.14 15.74 17.13 18.47 20.23 21.16 22.35 23.04 23.13 23.17 23.13 23.11 22.96 21.69 21.34 21.22
traj-53:
23.71 24.64 24.69 24.81 24.97 25.18 25.03 24.91 25.21 25.75 26.80 28.25 30.05 30.28 30.40 30.40 30.84 31.26 31.86 31.94 33.06
 1.96  3.56  5.52  6.54  7.90  9.55 10.37 11.62 13.18 13.85 14.63 14.82 15.51 17.43 19.23 19.53 21.33 22.82 24.57 24.72 26.37
traj-54:
25.59 24.69 23.63 22.18 21.36 20.01 19.12 17.65 16.02 14.97
 0.63  1.69  3.21  4.21  4.46  4.89  4.90  4.80  5.83  7.31
traj-55:
24.45 24.40 24.33 24.28 24.24 24.24 24.24 24.25 24.19 24.08 23.87 23.72 23.74 23.85 23.81 22.17 21.31 19.55 18.07 17.20 15.75 13.98 12.03 12.01 11.97 11.94
 1.41  2.95  4.37  5.60  7.44  8.88 10.66 11.83 13.52 15.03 16.88 18.71 20.06 20.76 22.55 23.68 23.67 23.57 23.42 23.38 23.26 23.07 22.96 21.35 19.76 18.97
traj-56:
24.99 24.80 24.90 24.95 25.06 25.25 25.23 25.37 25.60 26.73 27.02 27.30 29.24 30.14 30.15 30.16 30.21 30.22 30.31 30.42 30.52 31.78 31.96
 1.94  3.80  5.20  6.89  7.47  9.39 11.12 13.08 13.89 14.64 14.58 14.47 14.61 16.18 17.25 18.69 20.56 22.25 24.06 25.64 27.54 29.07 29.31
traj-57:
23.18 23.60 23.41 21.53 20.36 19.20 17.37 15.67 14.28
 0.99  2.84  4.62  4.19  4.44  4.63  4.92  4.80  5.15
traj-58:
23.37 23.95 24.42 25.24 25.58 25.56 25.62 25.67 25.63 25.49 25.49 25.48 25.18 24.65 24.06 23.19 23.03 21.20 20.33 19.16 18.26 16.79 15.89 14.43 13.96 13.09 12.39 12.15
 1.95  3.56  5.45  7.20  8.94  9.19 10.87 12.32 13.20 15.01 15.58 17.23 18.88 19.76 20.72 22.36 22.56 23.25 23.16 23.09 23.09 23.09 23.08 23.11 22.93 21.20 19.89 19.43
traj-59:
23.93 24.45 24.58 24.68 24.98 25.25 25.39 25.51 25.75 25.99 26.80 28.28 29.33 30.24 30.41 30.32 30.32 30.29 31.44 31.96 33.31 33.46 34.60 34.93
 1.21  3.13  5.06  5.34  7.31  8.95  9.82 10.40 12.12 13.73 14.19 14.22 14.58 16.23 18.12 20.04 20.90 22.06 23.49 23.78 25.12 25.37 26.97 27.34
traj-60:
23.37 23.50 21.92 20.80 19.65 17.89 16.30 15.35 14.68 12.80 10.96  9.29  7.61  6.79
 1.99  3.77  4.63  4.77  4.82  4.88  5.92  7.41  8.04  8.02  7.96  7.93  7.89  7.82
traj-61:
23.19 23.38 23.52 24.10 24.35 24.81 24.97 25.00 24.83 24.40 24.19 23.81 24.21 24.61 25.04 25.14 25.30 24.73 23.40 23.08 21.30 19.81 19.26 17.52 16.62 15.16 14.57 13.49
 0.91  2.28  3.01  4.75  5.29  6.69  8.59  9.50 11.36 11.91 12.12 12.55 14.35 15.95 17.73 18.33 19.21 20.90 22.11 22.62 23.37 23.32 23.30 23.24 23.24 23.16 23.09 22.80
traj-62:
25.28 24.26 24.02 24.31 24.46 24.85 24.93 24.62 24.15 24.93 26.32 27.72 28.01 29.82 30.88 31.59
 0.78  1.98  3.88  5.78  6.34  8.13  9.73 11.53 12.99 14.71 14.78 14.44 14.37 14.99 16.55 18.22
traj-63:
23.23 23.47 22.97 21.10 20.25 18.33 17.76 16.26 15.99 14.04 12.60 11.79 10.64  9.87
 1.23  2.08  3.52  4.07  4.23  4.37  4.45  5.44  5.56  5.27  4.76  4.31  3.99  3.74
traj-64:
24.56 24.83 24.95 24.96 24.82 24.84 24.88 25.00 25.01 25.14 25.11 25.12 24.67 24.22 24.16 23.27 22.05 21.05 20.26 18.51 16.78 15.88 14.28 13.48 12.22
 0.98  2.75  4.69  6.31  7.97  8.55 10.30 12.26 12.56 14.53 15.01 16.98 18.40 20.25 20.84 22.50 23.09 23.04 23.05 23.09 23.09 23.09 22.07 20.48 19.93
traj-65:
25.22 25.09 25.06 25.12 25.22 25.34 25.20 25.09 26.60 28.58 28.88 30.58 31.72 33.01 34.20 34.86
 1.10  2.61  3.90  5.84  7.80  9.66 11.52 13.29 14.15 14.05 14.07 14.43 15.24 16.11 16.81 17.43
traj-66:
24.58 24.14 23.92 22.31 20.54 18.60 16.86 15.04 14.15 12.39
 0.59  2.23  3.14  4.25  4.22  4.36  4.47  4.65  4.76  4.85
traj-67:
23.35 23.82 23.90 24.07 24.35 24.63 24.81 24.97 25.02 25.14 25.57 25.19 24.65 24.46 23.63 23.42 23.11 21.61 19.85 18.66 17.17 15.40 14.63 13.90 13.15 11.25 10.37  8.65  6.87  5.67
 1.84  3.73  4.67  6.06  7.49  9.02 10.45 11.61 13.33 14.04 15.76 17.16 18.96 19.31 20.97 22.08 22.55 23.13 23.08 23.07 23.03 23.00 22.56 22.11 21.62 21.25 21.23 21.14 20.96 20.79
traj-68:
25.49 25.30 24.99 24.87 24.92 24.52 24.36 24.52 25.59 26.71 28.45 29.00 30.01 30.31 31.37 32.42 32.98 34.79
 1.94  3.09  5.05  6.93  8.79  9.92 11.72 11.97 13.59 14.21 14.32 14.36 15.66 17.29 18.99 20.35 20.50 21.05
traj-69:
23.03 23.18 23.83 23.71 23.31 21.53 19.67 18.34 16.95 15.23 14.96 13.43 11.55 10.96  9.39  7.79  6.96
 0.45  1.01  2.66  4.08  4.29  4.08  4.15  4.32  4.63  5.51  5.64  6.46  5.89  5.77  5.67  5.31  5.10
traj-70:
23.11 23.63 24.07 24.20 24.31 24.57 24.76 24.93 24.84 25.52 25.71 25.73 25.84 25.78 25.13 25.00 23.97 22.31 21.72 20.26 19.36 17.92 16.16 14.39 13.03
 1.04  2.26  3.99  5.26  6.35  8.14  9.73 10.60 12.47 14.11 15.36 17.28 19.02 20.73 22.58 22.84 23.14 23.20 23.20 23.16 23.15 23.15 23.15 23.13 22.74
traj-71:
25.04 24.65 24.61 24.67 24.67 24.80 24.79 24.98 25.76 26.59 28.30 29.18 30.17 30.19 30.22 30.43 30.54 30.52 30.68 30.61
 0.89  2.73  4.06  5.85  6.59  8.31  9.99 11.90 13.62 14.14 14.12 14.09 15.64 17.40 18.83 20.68 21.54 22.85 24.64 24.93
traj-72:
24.35 24.16 23.53 21.72 20.88 19.17 17.44 15.72 15.01 13.47 11.69
 0.79  2.44  3.23  3.90  4.18  4.44  4.77  5.74  5.69  5.72  5.77
traj-73:
23.46 23.97 24.54 25.06 25.28 25.22 25.23 25.15 25.11 24.99 24.63 24.48 24.11 24.08 23.58 22.34 20.61 20.01 18.23 17.34 15.59 14.71 14.30 12.39
 1.97  3.29  5.18  7.06  8.22  9.85 11.67 13.49 15.40 15.99 17.64 18.14 19.62 20.12 21.86 23.07 23.16 23.13 23.16 23.16 23.06 22.56 23.00 23.05
traj-74:
23.14 23.54 23.94 24.23 24.69 24.95 25.27 25.09 25.50 26.21 27.65 29.39 30.75 31.83 33.11 34.23 35.42 36.43 36.47
 0.77  2.61  4.44  5.68  7.59  8.87 10.35 11.77 13.58 14.02 14.20 14.16 15.51 16.28 17.09 17.84 19.35 20.74 21.34
traj-75:
23.17 24.04 23.00 23.25 22.64 20.86 19.18 18.32 16.59 15.74 14.21 13.67 11.75 11.25  9.54  8.53
 0.90  2.25  3.93  4.10  4.43  4.16  4.06  4.02  4.34  4.73  5.49  5.74  5.75  5.61  4.85  4.28
traj-76:
24.95 24.90 24.89 25.00 24.93 24.74 24.50 24.00 23.63 24.15 24.68 25.19 25.22 25.08 24.38 22.85 21.18 19.44 17.68 16.81 15.67 14.49 12.84 11.77
 0.46  1.79  3.73  5.08  7.05  8.45  9.67 11.55 13.23 15.06 16.28 18.14 20.03 20.29 21.95 23.11 23.22 23.31 23.23 23.23 23.18 23.13 22.82 22.56
traj-77:
23.74 24.42 24.77 24.87 24.88 24.71 25.02 25.05 25.09 26.47 27.89 28.48 30.11 30.16 30.24 30.24 30.30 30.37 30.30 30.34 30.47 31.67 32.51 33.36 34.02
 1.83  3.46  4.25  6.14  6.44  8.43 10.04 11.47 13.19 14.07 14.21 14.27 14.84 16.67 18.25 19.28 20.61 22.45 23.04 24.91 26.20 27.40 28.10 28.82 30.03
traj-78:
25.73 25.51 24.19 23.93 22.37 20.67 18.99 17.61 16.20 15.82 14.01 13.25 11.67
 1.21  1.41  2.57  2.72  3.89  4.15  4.57  4.94  5.80  6.25  6.55  6.50  6.36
traj-79:
25.64 25.52 25.23 25.13 24.96 24.97 25.03 24.89 24.68 24.46 24.14 23.97 23.86 23.76 23.62 23.65 22.18 21.60 20.12 18.65 17.45 16.57 15.12 13.60 13.39 13.44
 1.84  2.66  4.61  5.56  7.14  7.63  9.57 11.00 12.46 14.21 15.84 17.50 18.44 18.82 20.73 21.88 23.00 23.02 23.06 23.04 23.04 23.08 23.09 21.90 19.94 19.64
traj-80:
25.36 25.15 25.29 25.42 24.88 24.09 24.44 24.94 25.81 25.97 27.82 28.12 30.07 30.45 32.12 33.77 35.45 36.27 36.43
 1.85  3.40  5.34  6.72  8.55  9.60 11.37 12.52 13.96 14.61 14.71 14.70 14.75 14.73 14.86 15.01 15.03 13.38 12.80
traj-81:
24.12 23.82 23.32 22.94 22.11 20.93 19.01 17.19 16.79 14.84 13.73 12.02 10.59  8.75
 1.39  1.75  3.68  3.85  3.98  4.13  4.61  4.99  5.27  5.65  5.62  4.88  4.08  3.35
traj-82:
23.08 23.18 23.53 23.75 24.09 24.31 24.67 25.01 25.19 25.22 24.92 24.68 24.42 24.16 23.98 23.27 21.31 20.72 18.96 17.77 15.88 14.44 13.32 11.72
 0.69  1.28  3.17  4.89  6.66  7.84  9.37 11.02 12.39 14.18 15.75 17.22 18.99 20.44 22.18 22.86 23.00 23.07 23.08 23.05 23.20 23.12 23.04 23.06
traj-83:
25.07 24.80 24.95 25.05 24.93 24.94 25.09 25.31 25.48 25.59 27.30 29.26 30.09 30.68 32.22 33.87 35.11 35.89
 1.01  2.53  4.43  6.30  8.02  9.47 10.91 12.61 13.73 14.26 14.28 14.31 15.90 17.69 18.87 19.24 19.37 19.42
traj-84:
23.90 23.11 22.14 21.06 19.67 18.04 16.97 15.25 14.32 13.03
 1.67  2.27  3.46  4.15  4.55  4.80  4.96  5.45  5.44  4.13
traj-85:
23.08 23.48 23.60 23.73 23.90 24.15 24.44 24.72 24.88 25.16 24.93 24.98 25.15 25.39 25.41 24.40 23.02 21.15 20.55 18.80 17.06 15.12 13.41 12.63 11.03  9.60  8.73
 1.85  3.12  3.90  5.56  6.41  7.76  9.14 11.09 12.26 13.90 14.79 16.66 17.22 19.19 20.33 22.01 22.56 23.14 23.17 23.20 23.17 23.07 22.65 22.22 21.74 21.24 20.92
traj-86:
24.00 25.17 25.10 25.07 24.69 24.63 24.71 25.19 25.47 25.93 26.88 28.35 29.49 30.50 30.58 30.76 31.11 31.59 32.23 33.00 34.60 35.61
 1.54  3.14  4.82  5.42  7.25  7.89  9.25 11.15 12.88 13.85 14.42 14.53 14.79 15.76 17.64 18.47 19.89 20.95 22.40 23.04 23.96 24.51
traj-87:
25.69 24.64 23.99 22.50 20.77 19.05 17.60 16.78 14.87 14.23 12.67
 1.26  1.86  2.34  3.50  4.31  4.72  4.59  4.53  4.45  4.26  3.64
traj-88:
25.58 25.33 24.96 25.01 25.15 25.34 25.45 25.69 25.64 25.60 25.23 25.00 24.90 25.04 25.22 24.33 24.10 23.28 22.17 20.45 19.02 17.52 16.63 15.17 13.71 11.78 10.73  9.64  8.81  7.91
 1.24  2.52  3.82  4.85  6.15  7.82  8.67 10.11 11.48 12.62 14.21 15.05 16.88 17.74 19.15 20.92 21.25 22.13 23.17 23.49 23.43 23.36 23.31 23.18 23.10 22.91 21.81 20.86 20.19 19.47
traj-89:
25.33 25.07 24.96 24.64 24.72 24.90 24.78 24.68 24.99 25.44 26.85 27.15 28.89 30.22 31.53 32.58 33.87 35.41
 1.10  2.88  3.46  5.26  7.20  8.21  9.80 11.11 12.25 13.58 14.50 14.51 14.58 14.63 14.68 13.05 12.15 11.54
traj-90:
25.71 24.63 23.41 22.00 20.54 18.91 18.32 16.77 15.53 14.09 12.74 11.80 10.27  9.35  8.48
 0.63  1.43  2.92  3.22  3.27  3.32  3.28  4.01  4.66  4.92  5.20  5.69  4.51  3.78  3.03
traj-91:
25.37 25.40 24.88 24.80 24.86 24.94 24.83 24.82 24.93 24.99 25.26 25.34 25.31 25.00 24.42 23.95 23.56 21.59 20.31 18.54 16.82 15.07 13.43 12.52 11.04  9.52  7.80  6.93
 0.44  1.97  3.85  4.14  5.64  6.32  7.97  9.20 10.95 12.68 14.08 14.69 16.43 17.73 19.31 21.18 22.99 23.35 23.19 23.24 23.30 23.05 22.41 22.40 22.62 22.92 23.04 23.03
traj-92:
24.67 24.93 25.16 25.29 25.23 25.13 25.12 24.77 25.00 25.69 26.49 27.41 29.12 30.21 31.63 31.33 31.65 31.61 31.48 31.49 31.45 31.24 31.15 31.06 30.83 30.74 30.73
 1.19  1.73  3.71  5.69  7.10  8.85  9.15 10.94 12.77 13.70 14.23 14.20 14.01 13.69 14.76 16.08 17.15 19.15 20.17 21.83 22.39 24.36 24.82 26.46 28.40 30.35 30.57
traj-93:
25.39 23.91 23.04 23.24 21.72 20.67 19.51 18.12 16.65 15.50 15.14
 1.84  1.96  2.16  4.06  4.17  4.20  4.27  4.38  5.44  7.05  7.50
traj-94:
24.34 24.10 24.31 24.61 25.14 25.25 25.31 25.27 25.19 25.06 24.52 23.49 23.42 23.36 23.04 23.12 21.45 20.29 18.53 16.76 15.02 13.50 12.37 11.06 10.11
 0.92  2.68  4.35  6.12  8.03  8.78 10.27 11.42 13.16 15.07 16.03 17.72 19.06 20.53 22.27 22.90 23.06 23.11 23.15 23.13 23.22 22.00 20.84 19.91 19.14
traj-95:
25.54 24.95 24.24 24.39 24.43 24.66 24.81 24.98 25.20 26.63 28.10 28.68 30.49 31.02 32.41 32.77 32.90 32.88 32.81
 1.23  2.21  3.83  5.46  6.16  7.85  9.71 11.56 13.39 14.15 14.20 14.23 14.78 15.02 16.30 17.60 19.31 19.86 21.73
traj-96:
23.37 23.46 23.25 21.93 20.27 19.97 18.18 16.76 16.11 15.53
 0.79  2.58  3.06  4.36  4.93  4.93  4.93  4.74  4.42  4.37
traj-97:
25.47 25.25 25.28 25.44 25.44 25.30 25.28 25.26 25.23 25.23 25.18 25.20 25.35 24.46 24.07 23.38 23.19 21.31 20.42 18.95 18.10 16.91 15.13 14.40 13.10 12.11 10.78
 1.22  2.89  3.39  4.97  6.37  7.21  7.51  9.45 10.55 12.11 13.29 14.69 16.54 18.30 19.67 21.33 22.69 23.16 23.16 23.14 23.13 23.10 23.06 22.56 21.10 20.44 19.51
traj-98:
25.58 25.21 24.39 24.66 24.61 24.38 24.64 24.82 25.06 25.01 26.32 28.04 29.93 31.54 33.41 35.25 35.99
 0.46  1.09  2.51  4.12  6.08  7.29  8.55 10.04 11.78 13.28 14.21 14.09 14.54 15.09 15.50 16.07 16.56
traj-99:
25.72 25.39 24.20 23.20 21.79 20.07 19.22 17.82 16.07 15.04 14.87 13.17 11.44 10.05  8.34
 0.69  1.09  2.46  3.80  4.77  4.83  4.83  4.66  5.64  7.15  7.40  8.36  8.47  8.57  8.66
traj-100:
23.66 23.92 24.11 24.28 24.46 24.65 24.73 24.90 25.07 25.16 25.22 24.92 24.79 24.08 24.06 23.96 23.93 24.05 23.04 21.46 19.72 18.26 17.09 15.32 15.02 13.18 12.72 10.97  9.41  8.15  7.04  5.08
 1.34  2.71  3.89  5.07  6.50  8.22  8.74 10.05 11.49 12.12 14.04 15.37 16.11 17.74 18.04 19.86 20.16 22.10 23.03 23.44 23.32 23.28 23.21 23.13 23.11 22.43 22.18 21.48 20.82 20.84 20.86 20.93
traj-101:
23.49 23.48 23.46 24.02 24.65 24.73 24.99 25.09 25.42 25.58 26.73 27.74 29.17 30.11 30.16 30.23 30.30 31.22 31.44 32.07 32.79 33.70 34.75 35.30
 1.68  2.96  3.94  5.73  7.40  8.96 10.77 11.33 13.28 13.54 14.36 14.60 14.59 16.18 16.76 18.51 19.41 21.13 21.59 23.02 24.63 26.22 27.82 28.52
traj-102:
25.19 25.33 25.44 25.64 25.67 25.43 24.86 24.33 23.91 23.54 23.12 21.41 19.54 18.13 16.45 14.80 14.18 12.92 11.74 10.21  8.66  7.11  5.86  5.02
 0.49  2.47  3.36  4.92  6.75  8.14 10.01  8.61  7.27  6.16  4.76  4.23  4.27  4.47  4.94  5.39  6.31  7.04  7.40  7.15  6.69  5.76  4.84  4.19
traj-103:
23.94 24.44 24.88 24.43 24.03 23.63 23.48 23.40 23.97 24.56 25.16 25.14 25.13 24.96 23.67 23.10 21.29 20.09 18.32 16.56 15.13 13.44 12.14
 1.97  3.67  4.99  6.93  8.45 10.08 11.55 12.19 14.00 15.73 17.48 18.23 19.60 21.60 22.68 22.72 23.14 23.18 23.23 23.25 23.19 22.63 21.28
traj-104:
23.30 23.47 24.03 24.32 24.76 24.88 25.04 24.89 24.57 24.10 25.62 26.80 28.55 30.09 30.60 31.53 33.03 34.83 35.13 36.19
 0.61  1.90  3.81  4.71  6.13  7.71  9.07 10.49 12.04 13.61 14.65 14.85 14.90 15.54 16.49 17.24 17.78 18.27 18.26 17.11
traj-105:
23.04 23.22 22.89 21.08 19.36 17.54 16.63 15.87 14.10 12.48 10.63  9.16  7.32
 1.72  1.96  3.82  4.02  4.03  4.62  5.63  6.50  6.71  6.80  6.83  6.98  7.24
traj-106:
23.42 23.60 23.91 24.00 24.36 24.46 25.01 24.83 24.93 25.09 25.34 25.47 25.19 25.23 25.24 25.33 24.64 23.24 21.33 20.00 19.14 17.39 15.61 14.12 13.12 11.14 10.09  8.74  7.00  6.04
 0.94  1.72  3.00  3.77  5.51  6.25  8.03  9.71 10.13 11.57 13.55 15.40 17.00 18.91 19.37 20.23 21.87 23.23 23.22 23.23 23.17 23.13 23.11 22.12 21.05 20.84 20.23 19.69 18.95 18.59
traj-107:
24.67 24.48 24.63 24.74 24.83 24.57 24.22 23.46 23.66 24.01 24.38 26.29 27.75 28.61 30.40 30.67 32.12 32.65 33.20 33.81 35.33 36.29 36.43 36.52 36.55 36.59
 0.59  2.12  3.83  5.10  6.45  7.39  8.70 10.29 12.04 12.80 14.39 14.46 14.29 14.12 14.64 14.77 15.85 17.59 19.40 21.11 22.03 23.42 24.89 26.59 28.33 28.91
traj-108:
25.38 24.12 22.57 21.78 19.99 19.45 17.97 16.17 14.77 12.94 11.00 10.64
 0.69  1.86  3.11  3.48  3.75  3.82  4.06  4.37  4.59  4.59  4.50  4.14
traj-109:
24.42 24.70 24.91 24.98 25.13 25.24 25.39 25.61 25.51 25.33 25.21 24.97 24.94 24.88 24.89 24.96 24.98 24.41 22.79 22.22 20.47 18.71 18.41 16.66 16.36 14.58 13.01 12.28 10.93
 1.39  3.22  5.09  5.66  7.12  8.01  9.30 11.15 13.10 13.88 14.46 15.93 17.55 18.87 20.84 22.18 22.93 23.13 23.72 23.80 23.69 23.47 23.44 23.21 23.17 23.07 22.07 21.41 20.17
traj-110:
23.66 23.85 24.15 24.62 24.82 24.58 24.60 24.56 24.93 25.19 26.00 27.81 28.97 30.30 31.72 32.83
 1.77  2.79  4.60  6.51  7.34  9.26 11.23 11.52 13.44 13.97 14.61 14.79 14.54 14.21 13.87 14.17
traj-111:
23.86 24.19 22.73 21.70 20.66 18.70 17.88 16.40 16.22 14.90 13.04 11.48  9.88  8.30  7.50
 1.99  3.80  4.68  4.24  4.26  4.52  4.66  5.96  6.20  7.67  8.13  7.45  6.84  6.23  5.89
traj-112:
23.65 24.24 24.65 25.28 25.43 25.52 25.60 25.65 25.70 25.75 25.61 25.39 24.68 23.74 23.64 22.76 21.69 20.23 19.37 17.59 15.85 14.88 14.61 14.26 13.50 13.43
 1.93  2.97  3.84  5.11  6.82  7.97  9.68 11.12 13.04 14.12 16.09 17.73 19.46 21.00 22.32 23.13 23.29 23.31 23.32 23.28 23.15 22.48 22.07 21.34 19.71 19.46
traj-113:
24.16 23.92 24.20 24.30 24.52 24.48 24.40 23.70 23.50 24.04 24.46 25.33 26.77 27.06 27.63 29.35 30.93
 0.62  2.49  3.54  4.60  6.58  7.18  8.54  9.78 11.64 12.97 14.16 15.77 14.99 14.94 14.75 14.62 14.55
traj-114:
23.84 23.92 24.07 22.82 20.92 19.52 18.93 17.48 16.09 14.34 13.20 12.00
 1.14  1.72  3.33  4.48  4.12  4.34  4.40  4.57  5.45  5.87  5.17  4.43
traj-115:
23.81 24.25 24.30 24.42 24.69 24.62 24.13 23.99 23.98 24.50 24.88 25.17 25.16 25.16 25.14 24.98 23.16 22.86 21.17 19.74 17.96 16.28 14.54 13.95
 1.71  2.83  3.72  5.58  7.31  8.91 10.57 11.36 13.16 14.72 16.20 17.68 19.11 20.24 21.34 22.43 23.03 23.03 23.34 23.53 23.47 23.31 23.23 23.12
traj-116:
24.53 24.53 24.70 24.78 25.01 25.16 25.36 25.63 25.88 26.15 27.03 28.76 29.59 31.24 32.48 33.17 34.28
 1.46  3.17  4.92  6.65  7.96  9.76 11.64 12.91 13.97 14.10 14.23 14.17 14.20 15.28 16.64 17.41 18.36
traj-117:
25.73 24.81 23.47 22.11 20.66 19.27 17.29 15.72 14.67
 0.95  1.91  3.39  3.97  4.27  4.66  4.84  5.66  6.17
traj-118:
25.43 25.11 25.17 25.36 25.57 25.57 25.57 25.53 25.48 25.34 25.22 25.13 25.20 25.14 24.36 23.55 21.68 20.36 19.19 18.29 17.15 15.66 13.85 13.00 11.61 10.30  9.26
 1.67  3.19  5.18  6.64  8.07  9.80 10.95 12.42 13.17 14.82 16.20 17.05 18.65 20.40 22.08 22.44 23.04 23.12 23.11 23.08 23.08 23.09 22.53 22.35 22.04 21.76 21.63
traj-119:
23.73 23.84 24.07 24.40 24.72 24.94 24.97 25.01 25.13 25.10 25.94 27.13 28.89 30.51 30.44 30.29 30.25 30.32 30.56 30.77 30.84 31.72 32.41 34.09 35.54
 1.31  2.94  4.08  5.91  7.34  8.41  9.51 11.39 12.82 13.73 14.22 14.23 14.09 14.86 16.26 17.84 18.50 19.97 21.92 23.88 24.79 25.99 26.93 27.98 28.52
traj-120:
23.90 23.63 23.21 22.51 20.51 19.77 18.03 16.31 14.65 13.53
 0.70  2.56  3.52  4.19  4.16  4.32  4.52  4.76  5.22  5.73
traj-121:
24.13 24.14 24.23 24.49 24.94 25.26 25.44 25.63 25.66 25.47 24.90 23.87 24.01 24.35 23.73 23.84 23.27 23.04 21.45 20.57 19.40 17.66 15.92 14.17 13.88 12.30 10.39  8.46
 1.60  2.36  4.15  4.52  6.16  7.27  8.43  9.89 11.88 13.54 15.44 16.35 18.33 18.82 20.59 20.87 21.29 22.76 23.31 23.35 23.29 23.25 23.32 23.22 23.17 21.96 21.39 21.85
traj-122:
24.45 24.66 24.82 24.85 24.97 24.98 25.09 25.07 25.35 25.97 27.68 29.66 30.51 32.05 33.50 33.98 35.49 36.16 36.39 36.47 36.61 36.71 36.93
 0.63  2.45  4.38  5.14  7.07  8.90 10.38 11.99 13.81 14.37 14.53 14.33 14.18 13.97 15.13 15.48 16.49 18.04 19.21 20.08 21.26 22.14 23.91
traj-123:
23.76 23.77 23.36 22.60 21.08 20.21 18.45 16.97 15.19 14.18 12.58 10.93  9.63  9.16  8.09  8.23
 0.85  1.15  2.37  3.72  4.55  4.75  4.91  4.67  5.55  6.07  7.07  7.00  6.15  5.80  4.18  3.60
traj-124:
24.62 24.49 24.47 24.49 24.48 24.35 24.22 24.16 24.19 24.90 25.60 25.53 25.47 25.18 24.09 22.98 21.86 20.13 18.98 17.55 16.39 15.51 14.03 14.03 13.41 12.00 10.36  9.00  8.11
 0.78  2.53  4.15  5.41  7.32  8.74  9.80 11.38 13.05 14.65 16.41 17.81 19.54 20.68 22.24 23.31 23.35 23.39 23.37 23.22 23.18 23.05 22.06 21.21 19.94 18.96 18.79 18.60 18.47
traj-125:
24.48 24.64 25.03 25.12 25.36 25.44 25.49 25.42 25.50 25.52 25.63 26.84 27.71 29.42 30.05 31.24 32.12 33.29 34.58 35.92
 0.66  1.24  2.62  3.18  5.13  7.11  8.27  9.64 11.29 11.85 13.70 14.46 14.53 14.89 15.44 15.94 16.07 16.01 15.94 16.02
traj-126:
24.69 23.15 21.66 20.24 18.39 17.61 16.75 15.40 14.57 12.78 11.46  9.90  8.05  6.65
 1.76  2.49  3.22  3.55  4.31  4.62  6.01  7.49  7.25  6.70  7.05  7.48  7.82  8.01
traj-127:
24.33 24.50 24.79 24.91 25.12 25.24 25.30 25.48 25.48 25.35 25.11 24.99 24.96 25.17 24.07 23.00 21.16 19.43 18.26 17.39 15.64 15.36 13.77 12.63 11.66 10.43  9.57
 1.48  2.85  4.82  5.50  7.43  9.18  9.74 11.31 12.89 14.21 16.16 17.44 19.10 21.07 22.24 22.99 23.68 23.54 23.42 23.34 23.13 23.03 22.24 20.85 19.82 19.41 19.30
traj-128:
25.34 25.29 24.99 24.70 24.53 24.28 24.60 25.10 25.54 26.91 28.38 30.23 30.41 30.27 30.25 30.23 30.39 30.49 31.36 32.50 33.09 33.52 34.68 35.57
 1.69  2.43  4.23  5.96  7.38  8.53 10.45 12.34 13.58 14.28 14.44 14.60 16.53 18.07 18.63 20.48 22.41 23.52 24.70 26.29 27.70 28.08 29.43 30.57
traj-129:
23.41 24.42 24.99 24.17 22.77 21.30 19.60 17.89 17.61 16.37 15.37 13.87 12.45
 0.98  2.58  3.58  5.31  4.51  4.04  4.13  4.62  4.70  5.32  5.75  5.76  4.94
traj-130:
23.03 23.49 23.78 23.90 24.10 24.23 24.27 24.36 24.68 24.81 24.99 25.02 25.07 24.67 24.55 24.58 24.31 23.50 23.20 21.47 19.97 18.22 16.43 15.26 14.10 12.96 11.78 10.22  8.56  6.66  5.24
 1.19  2.84  4.17  5.15  6.64  8.42 10.33 10.79 12.42 13.10 14.88 15.75 17.60 19.03 19.38 20.01 21.70 22.93 22.93 23.04 23.04 23.04 23.03 23.03 23.00 22.81 22.70 22.29 22.06 22.51 22.58
traj-131:
25.21 25.32 25.19 25.18 24.85 24.81 24.96 25.10 25.45 25.60 26.98 28.71 30.43 30.87 32.55 33.77 34.50 34.87 36.00
 0.58  2.06  4.02  4.32  6.24  8.07 10.02 11.80 13.42 13.69 14.66 14.95 15.77 15.96 16.81 18.02 19.31 20.05 21.66
traj-132:
25.49 24.73 23.04 22.59 21.69 20.26 19.42 17.59 16.43 15.83 14.38 12.73 11.02 10.49
 1.72  2.65  3.59  3.77  4.29  4.49  4.63  4.85  6.17  7.22  5.96  5.10  4.10  3.67
traj-133:
24.43 24.34 24.13 23.87 24.02 24.09 24.17 24.21 24.30 24.33 24.46 24.64 24.39 23.91 23.34 21.88 20.46 19.56 18.07 17.18 15.93 14.68 13.98 12.26 11.13  9.32
 0.50  2.47  4.07  5.88  7.78  9.25 10.78 12.61 14.47 16.44 17.71 19.33 20.23 21.51 22.99 23.09 23.14 23.09 23.07 23.05 23.08 22.24 21.58 20.95 20.57 19.98
traj-134:
23.63 24.07 24.47 24.83 24.90 25.11 25.27 25.31 25.54 25.94 26.20 26.79 28.64 30.36
 1.01  2.31  3.99  5.64  6.42  8.09  9.74 10.32 12.05 13.87 14.01 14.05 14.23 14.21
traj-135:
24.02 23.02 22.19 21.61 19.67 19.13 17.29 16.56 14.98 13.15 11.43 10.48  8.98  8.53
 1.41  2.82  3.34  3.50  3.77  3.75  4.51  4.92  5.87  5.83  4.98  4.49  3.75  3.35
traj-136:
23.80 23.85 23.92 24.14 24.19 24.33 24.43 24.66 24.74 24.75 24.56 24.28 23.89 23.82 23.79 24.20 24.29 24.64 23.09 21.35 19.88 18.45 16.66 15.50 14.06 12.61 11.47 10.95 10.37  9.44
 1.66  2.73  3.94  5.48  6.14  7.11  7.88  9.69 11.52 13.26 13.88 15.05 16.84 18.50 18.80 20.66 21.67 22.67 23.76 23.78 23.66 23.53 23.46 23.44 23.27 23.00 21.67 20.67 19.65 18.20
traj-137:
25.75 25.70 25.32 25.15 25.39 25.49 25.42 25.32 25.13 25.72 26.80 28.72 30.48 31.63 31.86
 1.24  1.54  3.32  4.81  6.44  8.18  9.04 10.40 12.29 13.95 14.65 14.42 14.95 16.38 17.99
traj-138:
23.88 23.94 23.95 22.80 20.96 19.53 18.13 16.70 15.45 13.97 13.39 11.73 10.02  9.46
 0.79  2.01  3.52  4.31  4.27  4.41  4.54  4.64  5.39  6.58  7.21  7.23  7.34  7.43
traj-139:
25.74 25.64 25.43 25.23 24.95 24.66 24.44 24.41 24.18 24.01 23.82 23.69 23.42 23.25 23.01 22.88 21.18 19.40 17.92 16.73 14.96 13.29 12.41 11.43
 1.29  2.66  4.29  5.62  7.45  8.88 10.63 11.28 13.14 14.21 15.93 16.98 18.66 19.76 21.48 22.39 23.23 23.08 23.10 23.08 23.09 22.00 20.98 19.65
traj-140:
24.71 24.91 25.24 25.40 25.30 25.05 24.94 25.01 25.01 25.59 26.90 28.36 29.53 31.40 31.99 33.92
 1.13  1.70  3.44  5.14  5.73  7.62  9.18 10.51 12.37 13.60 14.57 14.70 14.76 14.72 14.65 14.84
traj-141:
23.27 24.17 24.20 22.24 20.66 18.82 18.24 16.74 15.43 14.84 13.28 12.94 11.46 10.09  9.22  7.52  6.43  5.07
 1.68  3.38  4.63  4.35  4.04  4.33  4.50  5.32  5.89  6.23  7.15  7.43  8.08  8.09  8.04  7.89  7.74  7.49
traj-142:
23.16 23.33 23.39 23.55 23.62 23.83 24.02 24.26 24.26 24.15 24.34 24.28 24.25 24.10 24.03 23.25 22.06 20.90 19.12 17.36 15.88 14.98 13.22 11.53 10.16  9.61
 0.70  2.27  3.26  5.19  5.88  7.81  9.48 11.12 12.69 13.95 14.74 16.21 18.06 18.77 20.40 21.93 23.08 23.13 23.17 23.23 23.19 23.23 23.22 22.67 22.19 21.99
traj-143:
25.09 25.10 24.95 24.91 24.97 25.10 24.81 24.70 24.73 25.12 25.30 27.03 28.19 30.03 31.73 32.77 34.56 35.85
 0.47  0.77  2.72  3.70  4.47  6.37  8.23  9.19 11.16 13.02 14.68 14.67 14.66 15.07 15.49 15.81 16.40 16.82
traj-144:
24.73 25.15 25.20 24.97 23.14 22.44 20.63 18.92 17.78 16.21 14.57 13.51 12.52 10.62  9.57  8.24  7.14  5.81  5.13
 1.79  3.47  4.59  5.86  5.24  4.56  3.90  4.40  4.74  5.58  6.57  6.31  6.01  5.51  5.33  5.09  4.84  4.41  4.24
traj-145:
24.74 24.63 24.55 24.46 24.36 24.11 23.98 23.96 23.82 23.73 23.71 23.67 23.59 23.35 23.25 23.21 21.40 19.51 17.88 16.12 15.24 13.70 12.37 10.51  9.15  7.24  6.17
 0.84  2.66  4.13  5.62  6.95  8.38  9.79 11.06 12.67 14.44 16.24 17.80 19.03 20.08 21.88 22.65 23.22 23.24 23.18 23.13 23.12 22.45 22.06 21.75 21.45 21.11 20.90
traj-146:
23.67 24.08 24.76 25.16 25.01 24.74 24.49 24.61 24.99 25.49 25.90 26.77 27.66 28.83 30.54 30.83 31.86
 1.03  1.80  2.96  4.59  5.79  7.24  8.92  9.61 11.08 12.76 13.77 14.28 14.20 14.07 13.52 13.43 11.96
traj-147:
23.57 23.85 22.33 20.56 19.43 17.45 17.15 15.98 15.43 13.72 12.36 11.07  9.18  7.88
 1.85  3.22  4.43  4.16  4.27  4.42  4.44  5.99  6.67  7.21  7.66  7.98  8.04  8.02
traj-148:
25.50 25.58 25.52 25.15 25.09 24.83 24.66 24.45 24.33 24.09 23.90 23.85 23.93 23.89 24.03 22.94 21.23 19.44 17.66 15.92 14.24
 0.83  1.24  2.99  4.84  5.13  7.02  8.85 10.37 11.74 13.25 14.66 16.59 18.55 19.42 20.89 22.40 23.21 23.12 23.08 23.13 23.19
traj-149:
23.98 24.34 24.69 24.94 25.00 25.00 24.93 25.41 25.66 27.14 28.54 30.25 31.48 32.37 34.36 35.09
 0.90  2.87  4.26  6.14  7.55  9.31 11.02 12.67 14.60 14.76 14.49 13.78 12.96 12.60 12.62 12.62
traj-150:
23.33 23.86 23.17 22.20 20.75 19.07 17.52 16.75 14.93 13.57 11.78
 1.33  1.84  3.65  4.30  4.01  4.02  4.55  5.00  5.47  5.14  4.39
traj-151:
24.01 24.23 24.36 24.53 24.68 24.96 25.37 25.48 25.50 25.12 25.08 24.62 24.39 24.16 23.70 23.59 22.10 21.50 19.73 18.29 17.39 15.91 13.94 13.66 13.16 12.45
 0.41  2.23  3.69  5.27  6.33  8.07  9.62 10.91 12.08 13.79 14.11 15.79 17.56 19.04 20.64 21.85 23.03 23.02 23.02 23.06 23.06 23.07 23.09 22.97 21.15 20.45
traj-152:
24.25 24.49 24.58 24.68 24.90 25.01 25.08 25.07 24.86 24.88 26.02 27.02 28.21 30.04 30.68 31.28 32.66 34.28 35.12 36.28 36.49
 1.46  2.29  3.71  4.59  6.00  7.81  8.39 10.34 12.02 13.43 15.00 14.98 14.95 15.67 16.96 17.31 18.11 19.26 19.52 18.16 17.29
traj-153:
23.87 23.89 24.12 22.75 20.85 20.55 18.58 18.28 16.67 15.77 13.85 12.76 11.04 10.61  9.01  7.42  6.84
 1.19  2.05  3.18  4.41  4.25  4.30  4.63  4.66  5.56  6.43  6.97  7.68  7.35  7.12  6.30  5.39  5.10
traj-154:
24.09 23.99 23.81 23.78 23.81 23.95 24.12 23.92 23.86 23.76 23.80 23.67 23.69 23.68 24.23 24.05 23.68 22.78 21.11 19.63 18.14 16.69 15.50 14.06
 1.30  2.06  3.41  4.32  6.22  6.84  8.57 10.40 11.48 12.65 14.37 16.36 16.44 17.01 18.88 20.68 22.43 23.09 23.47 23.34 23.29 23.31 23.38 22.58
traj-155:
23.44 24.08 24.36 24.60 24.59 24.98 25.24 25.30 25.36 25.45 26.89 28.67 29.80 31.47 31.23 30.29 30.45 30.37 31.61 32.51 33.27 34.76 35.67
 1.92  3.51  4.03  5.92  6.61  8.43 10.32 10.91 12.82 13.67 14.40 14.57 14.68 15.61 17.19 18.47 19.74 20.90 22.16 22.87 23.50 24.68 25.39
traj-156:
24.35 24.46 23.73 22.57 20.84 19.20 17.43 16.57 15.07 14.36 12.97 11.46
 1.19  3.04  4.42  4.43  4.17  4.58  4.79  4.84  4.96  4.62  3.94  3.17
traj-157:
24.10 24.81 24.94 24.97 25.16 25.19 25.22 25.20 25.16 25.04 24.95 24.89 25.29 24.42 24.07 23.30 21.69 20.21 18.45 17.11 15.65 14.13 13.65 12.81 11.34 10.51  9.33  7.59
 1.39  2.87  4.47  5.25  7.19  8.58 10.39 11.27 13.00 14.36 15.31 17.14 18.79 20.37 20.94 22.63 23.38 23.28 23.14 23.20 23.26 22.41 21.88 21.28 20.31 20.05 19.48 18.88
traj-158:
24.78 24.98 25.26 25.35 25.45 25.60 25.46 25.42 25.39 25.59 27.34 29.23 30.24 30.65 31.04 31.95 33.11 34.34 34.64
 1.14  2.25  3.37  5.31  6.98  8.32 10.27 10.87 12.34 14.17 14.25 14.49 16.17 17.41 18.40 19.53 21.06 22.40 22.38
traj-159:
23.56 23.44 22.26 20.76 19.32 17.54 17.18 16.36 15.81 14.35 12.53 12.28 10.34  8.92  7.81  6.59  5.28
 1.31  2.05  3.64  3.61  3.57  4.39  4.87  6.08  6.79  6.84  7.52  7.68  8.09  7.99  7.96  7.70  7.43
traj-160:
23.29 23.59 23.89 23.95 24.41 24.55 24.71 25.00 25.11 25.22 25.35 24.89 24.66 24.44 23.99 23.29 21.57 19.82 18.97 17.23 16.06 14.31 13.17 12.19 10.49  8.62  6.77  5.04
 1.78  2.90  4.25  5.25  7.12  7.67  9.43 10.88 12.32 14.01 15.61 17.32 18.39 19.73 21.06 22.46 23.23 23.44 23.42 23.36 23.25 23.05 22.74 22.54 22.18 22.24 22.31 22.61
traj-161:
25.17 24.89 24.51 24.24 24.58 25.16 25.38 25.45 25.69 25.78 25.79 25.61 25.58 27.42 28.29 29.99
 0.64  1.63  2.72  3.92  5.26  7.07  7.93  8.22  9.60 11.59 12.46 14.16 14.58 14.70 14.73 14.87
traj-162:
25.69 24.43 23.73 22.69 21.28 20.99 19.29 18.16 16.47 14.75 13.28 11.98 10.97  9.61
 0.75  2.08  3.77  4.64  4.15  4.20  4.51  4.69  5.71  6.59  6.24  5.89  6.08  6.32
traj-163:
24.19 24.35 24.43 24.60 24.63 24.50 24.37 24.44 24.46 24.66 24.55 24.63 24.46 24.28 23.92 23.95 22.25 21.65 20.20 19.61 17.88 16.98 15.26 14.69 14.16 12.68 11.52
 1.66  3.48  5.00  6.91  7.66  9.38 11.27 12.04 12.48 14.43 15.57 17.03 19.00 20.03 21.02 22.41 23.45 23.42 23.39 23.36 23.23 23.28 23.23 23.14 22.87 21.90 21.07
traj-164:
23.28 24.20 24.54 24.96 25.23 25.30 25.42 25.51 25.74 25.97 27.71 28.57 30.41 31.97 33.43 34.86 35.39
 1.03  2.58  4.34  6.05  8.02  9.88 10.45 11.04 12.47 14.23 14.33 14.41 14.74 15.26 15.82 16.18 16.23
traj-165:
24.89 24.59 23.74 22.07 21.21 19.51 17.57 16.37 16.37 15.04 14.22 12.25 11.74 10.24  8.59  6.71
 1.53  2.34  3.75  4.26  4.40  4.77  4.89  6.36  6.66  8.00  8.01  7.88  7.81  7.48  7.33  7.49
traj-166:
25.31 24.95 24.68 24.36 23.88 23.59 23.81 24.62 25.09 25.55 25.70 25.76 25.69 25.52 25.22 24.91 23.29 21.29 20.40 19.22 17.50 16.63 15.46 14.51 14.41 13.36 12.64
 1.60  3.22  4.27  5.91  7.63  9.47  9.92 11.55 12.55 13.61 15.04 16.78 18.49 20.18 21.27 22.37 23.20 23.33 23.35 23.27 23.23 23.18 23.10 22.42 22.00 20.51 19.19
traj-167:
24.28 24.29 24.47 24.68 24.80 24.75 24.78 25.00 25.22 25.79 25.80 26.09 26.39 28.28 30.25 31.46 32.35 33.45
 0.66  2.30  4.26  6.04  7.49  8.25  9.54 11.50 12.63 13.78 14.12 14.89 14.86 14.78 14.98 16.11 17.07 17.99
traj-168:
23.37 23.64 24.02 23.03 21.10 19.70 17.84 15.96
 1.21  2.12  3.75  4.47  4.13  4.12  4.17  4.23
traj-169:
23.86 24.27 24.46 24.62 24.69 24.61 24.75 24.72 25.12 25.22 25.17 25.15 25.28 25.42 25.35 24.02 22.29 20.45 18.71 16.79 15.50 13.79 13.06 11.41
 1.73  3.22  4.39  5.84  6.79  8.68 10.66 11.05 12.71 13.59 15.39 17.07 18.23 20.13 21.27 22.69 23.00 23.23 23.16 23.29 23.07 22.64 22.35 21.94
traj-170:
25.44 25.56 25.76 25.64 25.64 25.54 25.58 25.68 25.63 25.59 25.54 25.38 26.31 28.06 28.61 30.57 31.95 33.46
 0.41  0.69  2.03  3.38  4.17  6.05  7.47  9.18 10.06 11.70 13.69 15.36 14.82 14.90 14.88 14.98 15.19 15.51
traj-171:
24.75 23.86 22.18 20.72 19.25 17.51 15.84 14.34 12.45 11.17  9.51  8.03  7.45  6.11  5.77
 1.70  2.29  3.37  3.41  3.27  3.26  4.02  4.36  4.88  5.17  6.15  5.07  4.51  3.36  3.05
traj-172:
23.22 23.52 23.83 24.14 24.48 24.71 24.87 24.75 24.61 24.48 24.25 24.04 23.96 23.77 23.62 23.15 21.48 19.73 18.57 17.38 15.62 14.45 12.69 11.24 10.41  8.43  6.70  4.99  5.87  6.68  7.13  8.20
 0.62  2.53  4.31  5.50  7.36  8.42  9.98 11.24 13.15 14.34 16.27 17.93 18.54 20.45 21.47 22.46 23.06 23.21 23.16 23.11 23.18 23.22 23.21 23.25 23.31 23.41 23.36 22.98 21.71 20.40 19.66 18.11
traj-173:
24.11 24.36 24.50 24.51 24.59 24.67 24.68 24.82 25.11 26.71 27.37 29.13 30.31 31.00 32.21 33.24 34.47 35.67 36.21 36.35 36.45 36.65 36.84
 1.53  3.50  5.00  6.08  7.95  9.38 11.28 12.31 13.86 14.93 14.99 14.79 15.90 16.66 17.99 19.13 20.47 21.94 23.22 24.97 25.86 27.33 28.50
traj-174:
24.78 23.07 21.30 20.71 19.59 17.63 16.14 15.41 13.94 12.88 10.93  9.88
 1.86  2.46  3.07  3.20  3.36  3.62  4.04  4.41  5.37  6.47  6.70  7.51
traj-175:
25.60 25.37 25.09 24.92 24.81 24.73 24.79 24.88 24.91 24.82 24.97 25.07 25.13 24.95 24.62 24.27 24.02 22.35 20.58 19.12 17.93 16.46 15.30 14.41 13.25 11.42 10.04  8.99  7.42  6.16  4.99
 1.10  2.69  4.61  6.37  8.08  9.52 10.31 10.92 12.83 14.20 15.94 17.19 18.62 19.77 21.34 22.91 23.08 23.51 23.46 23.36 23.26 23.14 23.08 23.05 23.00 22.96 22.90 22.92 23.00 23.04 23.05
traj-176:
23.92 24.88 25.02 25.04 25.00 25.00 25.03 25.20 25.35 25.44 26.00 27.72 28.30 30.16 30.74 31.27 31.04 30.50 30.47 30.61 30.65 30.76
 1.16  2.45  3.82  4.64  6.56  8.48  9.92 11.57 13.25 14.05 14.18 14.17 14.15 14.70 15.32 17.17 17.69 19.53 21.10 22.97 23.47 25.43
traj-177:
25.59 24.26 23.11 21.28 20.10 19.17 17.78 16.15 15.59 13.91 12.86 10.88  9.52  8.46  7.16  6.65
 0.96  1.76  2.37  3.11  3.19  3.37  4.01  4.56  4.73  5.29  5.60  5.86  6.15  5.98  4.80  4.49
traj-178:
23.71 23.78 24.27 24.64 24.88 25.34 25.22 25.05 25.50 25.15 25.03 25.07 25.01 24.40 24.14 23.02 21.24 19.47 18.58 17.12 15.36 13.57 11.95 11.68  9.79  7.85  6.89
 1.62  3.09  5.02  6.93  7.69  9.41 11.15 12.02 13.75 15.70 16.51 18.31 18.61 20.24 20.92 22.52 23.28 23.28 23.24 23.15 23.04 22.44 21.54 21.48 21.18 21.12 21.36
traj-179:
25.76 25.63 25.14 24.94 24.83 24.97 25.16 25.15 25.08 24.98 25.87 26.13 27.82 28.96 30.63 32.36 34.23 34.49
 1.17  1.98  3.72  4.82  6.00  7.37  9.06 10.03 11.98 12.26 13.86 14.01 14.14 14.02 13.84 13.61 13.87 14.02
traj-180:
24.51 24.40 23.93 22.41 20.44 19.60 18.06 16.35 15.50 14.24 12.98 11.21  9.59  7.82  6.58  5.19
 1.02  1.55  3.35  4.48  4.13  4.16  4.14  4.79  5.07  5.46  5.12  4.59  4.14  4.36  4.34  4.33
traj-181:
23.87 23.99 24.08 24.15 24.30 24.54 24.66 25.11 25.08 24.66 24.36 24.13 23.90 23.53 23.25 23.07 22.57 20.85 19.09 17.31 15.59 13.69 12.19 10.99  9.01  7.08  6.76
 1.08  2.16  4.16  4.89  6.25  7.79  8.95 10.90 11.49 13.02 14.77 16.16 18.01 19.94 21.70 22.60 23.10 23.36 23.29 23.22 23.15 22.54 22.42 22.51 22.40 22.21 22.10
traj-182:
23.67 23.96 24.29 24.55 24.73 25.13 25.11 25.13 25.18 25.22 25.85 25.90 27.72 29.17 30.73 32.66 32.95
 0.42  2.05  3.62  5.42  6.51  8.42 10.00 10.77 12.44 13.86 14.27 14.57 14.70 14.80 15.02 15.31 15.35
traj-183:
23.21 23.19 21.99 20.44 19.74 17.78 15.89 13.90 13.05 11.36
 1.13  2.17  3.58  3.84  3.96  4.11  3.99  4.20  4.27  4.46
traj-184:
24.93 24.78 24.74 24.81 24.99 24.93 24.99 25.17 25.13 25.20 25.35 25.40 25.41 25.18 24.67 24.24 22.56 21.14 19.95 18.76 17.58 16.39 14.64 13.65 12.66 12.91
 0.74  2.29  3.87  5.19  6.60  8.45  9.84 11.43 12.73 13.49 15.31 16.18 17.89 19.25 21.17 22.69 23.67 23.50 23.37 23.24 23.09 23.07 23.09 22.39 21.42 20.13
traj-185:
24.29 24.13 24.56 24.82 24.98 25.08 25.27 25.40 25.50 25.79 25.96 26.20 26.92 28.63 29.20 30.09 30.23 30.47 30.82 31.06 31.17 31.52 31.93
 1.01  2.77  4.56  5.35  7.27  8.30  9.84 10.42 10.70 11.84 13.00 14.41 14.22 14.33 14.53 16.31 17.47 19.11 20.79 22.67 23.07 24.73 26.40
traj-186:
23.03 23.29 24.21 22.88 21.08 20.79 18.84 16.92 16.33 14.83 13.82 12.24 11.73 10.21
 1.27  1.81  3.37  4.41  4.12  4.16  4.38  4.72  4.80  5.70  6.39  7.40  7.32  7.31
traj-187:
23.13 23.24 23.68 23.71 23.99 24.02 24.27 24.39 24.67 24.85 25.08 25.18 25.26 25.35 24.89 24.50 23.91 22.24 20.78 19.05 17.88 16.70 14.92 14.05 12.19 11.56 10.93 10.65
 1.38  1.66  3.35  3.64  5.57  6.25  7.71  9.51 11.32 13.06 14.35 16.34 18.01 19.37 21.28 22.92 23.44 23.93 23.74 23.56 23.39 23.24 23.18 23.14 22.79 21.61 20.19 18.31
traj-188:
23.35 23.66 24.16 24.65 25.10 25.24 25.02 24.71 24.58 24.12 24.44 25.95 27.68 29.12 30.08 30.91 31.59 32.41 33.08 34.07 34.67 35.72
 0.46  1.49  3.07  4.40  5.46  7.19  8.31 10.00 10.72 12.56 13.67 14.78 14.62 14.46 15.98 17.62 19.17 20.67 21.86 23.35 24.26 25.84
traj-189:
24.72 23.88 23.56 23.60 22.56 20.92 19.78 18.00 16.56 14.72
 0.43  1.19  1.93  3.66  4.46  4.21  4.11  4.22  4.34  4.21
traj-190:
25.21 25.14 25.09 25.04 25.02 24.85 24.94 25.36 25.43 25.45 25.50 24.90 24.26 24.01 23.42 23.05 21.28 20.43 18.64 17.15 15.67 14.50 12.80 11.70 10.17  9.90  9.59  9.31
 0.92  2.32  3.95  5.61  6.34  8.24 10.02 11.67 13.11 14.37 16.25 17.81 19.66 20.21 21.68 22.50 23.17 23.14 23.06 23.07 23.09 23.10 23.11 23.08 22.41 20.51 19.09 18.06
traj-191:
25.07 24.96 25.05 25.04 24.93 24.63 24.40 24.12 23.95 24.87 26.51 27.39 28.58 30.34 32.22 32.80 33.04 32.95 32.28 32.17 32.68 33.47 33.87 34.70 35.92 36.18
 1.58  3.39  4.44  5.55  7.45  9.08 10.44 11.37 13.12 13.94 14.66 14.67 14.67 14.07 13.91 15.29 17.09 18.19 20.01 21.83 23.53 24.70 25.27 26.33 27.31 27.85
traj-192:
23.94 23.29 22.16 20.63 19.79 17.93 17.65 15.74
 1.69  2.33  3.19  4.04  3.97  3.58  3.47  3.01
traj-193:
24.48 24.41 24.43 24.51 24.53 24.52 24.52 24.38 24.25 24.21 24.12 24.24 24.12 24.18 24.25 24.28 24.32 22.65 20.89 20.59 18.79 17.37 15.90 14.17 13.58 12.98 12.96 12.92 13.07
 1.98  2.75  4.13  5.99  6.58  8.18  8.69 10.02 11.80 12.47 13.91 15.73 16.93 18.27 20.16 20.91 22.42 23.48 23.62 23.62 23.58 23.55 23.31 23.16 23.11 22.98 21.12 19.24 18.26
traj-194:
24.70 24.53 23.85 23.56 23.31 23.42 23.42 23.43 23.41 23.77 24.51 25.07 26.63 28.38 29.26 31.00 32.63 33.09 33.41
 0.64  0.91  2.56  4.40  5.92  7.33  8.44  9.59 10.51 12.03 13.07 13.80 14.59 14.47 14.43 13.83 12.76 11.58 10.65
traj-195:
24.81 24.78 24.73 23.22 21.59 21.02 19.03 17.06 15.44
 1.09  1.91  3.76  4.88  4.24  4.41  4.51  4.71  5.63
traj-196:
23.23 23.30 23.42 23.41 23.51 23.63 23.79 23.86 23.97 23.85 24.27 24.35 24.06 23.69 23.65 23.51 22.18 20.72 19.54 17.75 16.01 15.71 13.90 13.40 13.15
 1.33  2.54  4.44  6.41  6.69  8.57 10.42 10.70 12.22 13.89 15.75 16.35 18.26 19.80 21.42 22.37 23.62 23.38 23.24 23.16 23.11 23.10 22.39 20.47 19.02
traj-197:
23.23 23.57 24.01 24.52 24.59 24.66 24.64 25.12 25.71 25.95 27.48 28.62 29.93 31.13 32.92
 1.95  3.19  4.75  6.45  8.30  8.73 10.68 12.05 13.95 14.13 14.33 14.40 14.94 16.45 16.81
traj-198:
24.75 24.37 22.93 21.78 20.36 19.50 17.57 17.18 15.75 14.68
 1.84  2.58  3.91  4.15  4.46  4.63  4.81  4.91  5.92  6.63
traj-199:
24.90 24.86 24.78 24.68 24.54 24.46 24.30 24.40 24.57 24.30 24.12 24.02 23.80 23.75 23.51 23.46 23.26 23.14 21.47 19.70 18.50 16.53 15.68 14.54 12.81 12.11 10.50 10.09  8.39  6.81  6.54
 0.48  1.16  2.70  3.89  5.52  7.04  9.03 10.65 11.76 13.16 14.48 15.88 17.61 18.02 19.31 20.11 21.73 22.42 23.14 23.01 23.04 23.06 23.06 22.32 21.42 21.06 20.25 20.06 19.09 18.19 18.04
traj-200:
24.09 24.64 24.98 25.10 24.97 24.56 24.15 24.86 25.14 26.43 28.13 30.02 30.01 30.03 30.05 30.09 30.13 30.13 30.45 30.53 31.45 32.30
 1.63  3.24  5.18  6.84  8.82 10.12 11.41 12.88 13.42 14.19 14.19 14.60 16.06 17.94 19.37 20.60 22.33 23.19 24.57 26.43 28.00 29.15
traj-201:
24.95 24.53 23.50 21.69 19.71 17.99 17.44 16.22 15.16 13.84 12.97 11.01  9.07  7.57  7.06
 1.31  2.10  3.51  4.17  4.45  4.60  4.83  5.81  6.88  8.15  8.17  8.10  7.76  7.51  7.36
traj-202:
23.30 23.73 24.03 24.12 24.14 24.07 24.12 23.98 24.01 24.07 23.95 24.00 24.00 23.92 23.67 21.74 19.97 19.08 17.63 16.16 14.97 13.10 14.07 13.10 12.85
 1.18  2.82  4.46  5.60  7.04  8.71 10.42 12.30 13.41 15.37 17.11 18.31 20.21 21.84 22.53 23.04 23.11 23.11 23.13 23.11 23.02 22.55 20.86 19.34 19.18
traj-203:
23.86 24.16 24.98 24.93 24.91 24.98 25.25 25.25 25.32 25.72 25.77 26.76 28.52 29.89 31.18 32.43 32.80 33.05 33.08 33.05 33.84 35.69 35.92
 1.86  2.70  4.51  4.81  6.64  7.23  8.92 10.38 11.54 13.33 14.15 14.29 14.55 14.99 16.35 17.84 18.70 20.30 21.49 23.43 24.76 24.62 24.82
traj-204:
25.48 24.52 23.28 21.40 20.80 19.18 17.24 15.57 14.59 13.93
 0.66  1.69  3.14  3.77  3.82  3.95  4.32  4.69  6.12  7.13
traj-205:
23.09 23.46 23.85 24.01 24.22 24.55 24.71 24.78 24.99 24.92 24.86 24.81 24.90 25.04 24.05 23.30 21.40 20.52 19.11 18.23 16.49 15.01 14.75 14.36 14.37
 0.77  2.49  4.41  5.65  7.02  8.91 10.20 11.10 13.03 14.77 15.43 16.63 18.16 19.79 21.41 22.37 23.01 23.13 23.25 23.12 23.09 23.09 22.94 21.27 20.67
traj-206:
24.42 24.20 23.67 23.82 24.13 24.29 24.60 24.44 24.62 25.17 25.88 27.75 29.37 30.17 30.46 31.22 31.71 32.91 34.03 35.42
 1.87  2.07  3.87  4.44  6.30  8.14  9.41 10.89 12.80 13.72 14.18 14.42 14.74 16.22 17.35 19.06 20.64 21.46 22.40 23.65
traj-207:
25.76 25.02 23.60 22.27 20.51 18.53 16.83 15.69 13.75 12.90 11.12  9.20
 1.83  2.61  3.72  4.37  4.42  4.56  4.74  4.66  5.12  4.82  4.44  4.46
traj-208:
24.47 24.02 23.46 23.71 24.07 24.47 24.58 24.85 25.19 25.49 25.22 24.74 24.14 23.93 23.62 23.54 23.13 21.50 19.76 18.87 17.71 16.27 14.54 13.94
 0.52  2.10  3.56  4.53  6.16  7.30  8.26 10.16 11.71 13.49 15.42 16.78 18.44 19.18 20.47 21.07 22.47 23.27 23.29 23.27 23.23 23.21 23.15 23.14
traj-209:
23.24 23.58 24.35 24.57 24.98 25.28 25.28 25.29 24.79 25.01 25.53 26.47 27.61 29.33 31.12
 0.42  1.25  2.87  3.70  5.41  6.82  8.48  9.73 11.63 12.18 13.91 14.60 14.78 14.94 15.08
traj-210:
23.46 22.03 21.27 20.98 20.24 18.28 16.90 16.05
 1.94  3.28  3.60  3.67  3.89  4.03  4.05  4.03
traj-211:
23.51 23.53 23.61 23.68 23.73 23.76 23.76 23.69 23.70 23.79 23.52 23.42 23.46 23.24 23.09 23.03 23.02 21.22 19.48 18.00 16.53 15.35 14.20 12.59
 1.73  2.03  3.96  5.26  7.17  8.31 10.24 11.37 12.48 14.44 15.55 15.83 17.72 19.33 20.06 21.63 22.47 23.26 23.20 23.12 23.16 23.11 23.10 22.79
traj-212:
23.13 23.63 23.93 24.40 24.58 24.91 24.99 25.15 25.14 25.00 25.15 26.60 27.20 29.06 30.02 30.09 30.12 30.17 30.50 30.82 31.82 33.37 33.76
 0.72  1.96  2.78  4.57  5.02  6.55  7.31  9.20 10.68 12.07 13.68 14.58 14.61 14.58 16.19 17.93 19.49 20.75 22.50 23.76 25.21 26.10 26.31
traj-213:
24.66 24.38 23.48 21.67 19.86 19.28 17.43 15.99 14.88 13.03 11.68 10.96  9.57  8.54
 1.11  1.35  3.02  3.85  4.31  4.44  4.80  6.06  6.36  6.04  5.03  4.54  3.51  3.10
traj-214:
25.72 25.11 25.20 25.38 25.38 25.53 25.66 25.68 25.73 25.73 25.76 25.68 25.64 25.36 25.20 24.14 23.19 22.11 20.91 19.16 18.26 16.47 15.01 14.41 12.59 10.92 10.82 10.50 10.37
 1.44  3.23  3.51  5.48  5.53  7.29  9.00  9.82 11.56 13.28 14.06 15.40 16.26 18.19 18.99 20.36 22.02 23.05 23.03 23.06 23.07 23.15 23.23 23.24 23.02 21.96 21.29 19.77 18.51
traj-215:
25.03 24.29 23.98 23.62 23.57 23.35 23.74 23.81 24.03 24.47 25.95 27.68 29.14 30.08 30.10 30.28 30.49 30.56 31.76 32.47 33.73
 1.37  3.00  4.03  5.96  6.49  7.57  9.41 10.35 12.14 13.14 14.13 14.06 14.03 15.68 16.95 18.87 20.20 21.03 22.52 23.43 24.91
traj-216:
23.55 24.21 24.48 23.99 22.33 20.81 19.34 17.64 16.49 15.78 14.73 12.98 10.99  9.52  8.68
 1.32  2.66  3.19  4.92  4.60  4.26  4.42  4.64  5.28  6.09  7.30  7.39  7.39  7.64  7.73
traj-217:
25.28 25.12 24.88 24.81 24.71 24.61 24.56 24.41 24.31 24.13 24.00 23.85 23.74 23.65 23.52 23.32 22.38 20.95 19.20 18.90 17.14 15.36 14.78 13.19 12.65 12.19 11.59 11.12
 1.37  2.02  3.91  5.36  6.92  8.31  9.49 10.89 12.08 13.51 15.31 16.97 18.27 20.26 21.61 22.69 23.60 23.73 23.68 23.68 23.60 23.43 23.37 22.28 21.20 20.26 19.10 18.11
traj-218:
24.75 24.78 24.88 24.90 24.99 24.89 24.83 24.97 24.99 25.00 26.19 27.60 28.74 30.36 31.26 32.99 33.78
 1.69  2.16  4.10  4.39  6.22  8.11  8.41 10.31 12.10 13.33 14.15 14.47 14.34 15.12 16.05 16.55 16.79
traj-219:
23.22 23.44 23.10 21.51 19.64 19.06 17.58 16.14 14.51 12.91 11.50
 0.82  1.97  3.87  4.41  4.87  4.90  4.93  4.95  5.56  4.55  3.65
traj-220:
23.53 23.52 23.54 23.53 23.47 23.53 23.66 23.70 23.91 23.90 24.04 23.97 23.96 23.98 23.99 22.68 20.96 20.07 18.29 16.81 15.23 14.51 13.56 13.27 12.95
 1.91  3.88  5.10  6.95  8.76  9.61 11.31 12.06 14.01 15.91 17.54 19.07 19.61 21.12 22.42 23.61 23.67 23.63 23.56 23.47 23.12 22.60 20.87 19.63 18.76
traj-221:
25.44 24.67 24.16 23.59 23.51 23.29 23.32 23.50 23.80 24.37 24.74 24.99 25.95 27.09 28.81 30.70
 0.74  2.32  3.48  4.75  5.46  5.66  7.50  8.02  9.47 11.25 12.89 13.33 14.81 14.70 14.59 14.29
traj-222:
23.98 23.34 22.91 21.37 20.31 18.66 17.00 16.12 14.30 12.53 11.49  9.70
 1.29  1.79  3.66  3.94  3.78  3.57  3.88  4.23  4.74  5.11  5.22  5.01
traj-223:
23.79 24.14 24.25 24.55 24.85 24.98 25.15 25.10 25.10 25.08 25.20 25.14 25.10 25.01 24.43 23.10 21.31 19.52 18.04 16.28 15.69 13.92 12.14 10.90  9.07  7.72  6.59  5.19
 1.24  3.09  3.70  5.42  7.32  8.26  9.71 11.42 12.57 14.30 15.50 16.61 18.06 20.05 21.78 22.47 23.07 23.09 23.10 23.21 23.21 23.16 22.84 22.70 22.66 22.40 22.14 21.81
traj-224:
24.93 25.02 24.97 24.77 24.71 24.84 25.19 25.62 25.73 26.04 27.79 28.95 30.37 30.85 32.43 33.96 35.92
 1.42  3.17  4.59  6.38  8.21 10.07 12.01 13.76 14.63 14.62 14.32 14.13 14.76 15.11 15.69 16.44 16.03
traj-225:
23.86 24.19 23.66 22.78 21.40 19.97 18.29 17.43 15.84 15.27 14.07 12.90 10.94  9.55  8.41  6.51  5.42
 1.60  2.08  3.87  4.03  4.26  4.57  4.87  4.93  5.67  6.09  7.21  8.29  8.48  8.42  8.42  8.72  8.97
traj-226:
24.28 24.30 24.34 24.40 24.42 24.25 24.17 24.17 24.20 24.18 24.15 24.09 24.31 23.78 23.46 22.00 20.51 18.73 16.94 15.20 14.90 14.67 13.98
 1.59  3.26  4.26  5.26  7.02  8.45 10.35 11.77 13.24 14.45 16.45 17.46 19.42 21.08 21.76 23.11 23.06 23.04 23.04 23.05 23.06 22.84 21.19
traj-227:
25.78 25.35 25.25 25.16 25.06 24.70 24.44 24.07 23.31 24.12 25.37 26.51 27.36 29.31 30.92 31.96 32.99 33.67 34.32 34.36 34.57 34.61
 1.15  2.94  4.06  5.41  6.72  7.96  9.88 10.75 12.38 13.61 14.01 14.19 14.17 14.37 15.14 16.54 17.86 18.70 20.41 21.01 22.94 23.81
traj-228:
25.25 25.10 24.96 23.59 22.97 21.37 19.60 18.45 16.55 15.52 14.68
 1.78  3.20  5.18  5.89  4.87  4.15  4.39  4.48  4.90  5.22  5.06
traj-229:
25.79 25.65 24.36 24.28 24.02 23.88 23.89 23.84 24.07 24.02 24.02 23.95 23.94 24.21 24.28 23.66 23.03 21.34 20.76 19.01 18.71 16.95 15.21 13.60 11.96 10.11  9.13  7.73
 1.41  1.87  3.26  3.34  5.27  7.15  8.76  9.28 10.90 12.39 14.24 14.71 16.69 18.54 19.58 21.41 22.86 23.11 23.24 23.34 23.31 23.42 23.10 22.52 22.14 22.51 22.59 22.80
traj-230:
24.31 24.46 24.76 24.86 24.86 24.76 24.89 25.20 25.49 25.67 26.62 28.34 30.24 31.51 32.85
 0.75  1.33  3.02  4.97  5.96  7.53  9.31 11.14 12.58 14.52 14.66 14.92 15.26 15.51 15.68
traj-231:
23.17 23.32 23.62 22.21 20.90 19.18 17.53 17.38 15.91 14.82 13.47 11.87 10.55  9.35
 1.11  1.37  3.17  4.35  4.42  4.47  4.81  5.07  6.39  6.99  6.69  6.50  5.95  5.44
traj-232:
23.39 23.53 23.53 23.59 23.73 23.80 24.06 24.15 24.15 24.31 24.27 24.02 23.80 23.51 23.40 23.17 21.42 20.26 18.79 17.01 15.15 14.28 12.98 12.10 10.77  9.17  8.53  6.83  5.99  4.81
 0.64  2.63  4.10  5.55  7.39  8.52  9.94 10.94 12.62 14.59 15.98 17.92 19.07 20.56 22.44 22.64 23.30 23.26 23.27 23.24 23.28 23.22 22.63 22.06 21.31 20.66 20.62 20.88 20.95 21.04
traj-233:
23.19 23.94 24.38 24.59 24.77 24.83 25.02 25.21 25.27 27.19 28.36 29.65 30.48 31.81 32.04 32.18 33.12 33.36 34.79
 1.74  3.29  5.20  6.91  8.63 10.40 11.52 13.39 14.87 14.59 14.58 14.99 15.66 16.93 18.24 19.69 21.34 21.51 22.84
traj-234:
25.74 25.10 23.60 23.10 21.81 20.00 19.16 17.93 16.11 15.35
 0.97  1.39  2.47  3.14  3.64  4.39  4.47  4.54  4.65  4.61
traj-235:
24.95 24.99 25.07 25.06 25.15 25.23 25.14 25.06 24.90 24.64 24.37 24.16 24.06 24.06 24.01 23.72 22.38 20.63 18.88 17.43 15.65 14.76 14.52 14.50 13.80 12.19 10.68 10.46  8.97  7.74
 1.70  2.31  4.18  5.11  6.85  8.35  9.23 10.77 11.92 13.46 15.44 17.03 18.59 20.52 21.33 22.62 23.43 23.39 23.27 23.16 23.07 23.13 22.95 22.74 22.26 21.15 20.22 20.08 19.10 18.24
traj-236:
23.66 24.32 24.94 25.25 25.42 25.34 24.99 24.93 25.09 25.31 26.00 27.43 28.57 30.08 30.88 32.08 32.65 33.21 33.26 33.37 33.86 34.52 35.48
 0.93  2.03  3.02  4.74  6.18  8.15  9.68 10.20 11.93 13.84 14.26 14.39 14.49 15.11 15.75 16.25 18.11 19.28 20.39 22.11 24.03 25.12 26.42
traj-237:
23.90 24.45 25.00 23.43 22.30 20.54 19.16 17.76 16.34 15.55 13.78 13.30 11.75 10.19
 1.47  3.16  4.79  5.57  4.46  4.17  4.48  4.81  5.55  5.94  5.66  5.32  4.44  3.73
traj-238:
24.20 24.20 24.01 23.77 23.93 23.85 23.70 23.43 23.40 23.49 23.45 23.39 23.45 23.24 23.47 23.71 23.43 21.87 20.41 18.64 17.76 16.59 14.69 12.86 12.27 10.49  9.32  7.58  7.07  8.15  9.97 11.86 13.15
 1.09  2.90  4.68  6.54  8.51  9.63 10.75 12.38 14.20 14.58 15.07 16.76 17.27 18.79 20.75 21.01 22.31 23.00 23.17 23.30 23.32 23.42 23.57 23.80 23.85 23.85 23.82 23.73 23.64 22.60 22.34 21.98 21.74
traj-239:
24.21 24.30 24.57 24.76 24.94 25.24 25.28 25.14 25.71 26.46 27.58 29.19 30.09 30.28 31.98 33.04 34.61 35.20 36.46 36.60
 1.16  2.96  4.71  6.23  7.78  9.52 11.49 12.44 13.78 14.20 14.33 14.57 15.79 16.26 16.52 16.36 15.91 16.34 14.81 14.54
traj-240:
25.12 24.64 23.49 22.31 21.02 19.55 18.15 16.55 14.74 13.19
 0.95  1.28  2.64  3.70  4.12  4.36  4.62  5.51  5.84  5.85
traj-241:
23.36 23.36 23.42 23.50 23.72 23.80 24.03 24.12 24.26 24.29 24.27 24.32 24.11 23.98 23.94 24.55 23.28 21.91 21.03 19.25 17.77 16.00 15.70 13.72 12.03 10.60  9.72  8.10  6.21  5.02
 1.33  1.93  3.91  5.21  6.92  8.79 10.28 11.32 12.91 13.66 15.12 17.00 18.42 19.06 19.36 21.13 22.65 23.06 23.19 23.21 23.15 23.17 23.18 23.12 22.65 22.61 22.50 22.32 22.11 21.91
traj-242:
25.50 25.13 24.58 24.41 24.49 24.54 24.55 24.99 25.41 25.54 25.72 27.59 29.53 30.62 31.86 33.27
 0.94  2.50  4.36  5.74  7.35  8.56  9.39 11.23 12.92 13.19 14.23 14.54 14.87 16.36 17.72 18.40
traj-243:
24.09 23.50 22.13 20.87 19.17 17.41 16.52 15.08 13.09 11.41 10.65  8.66  6.74
 1.30  2.92  3.88  4.23  3.89  3.84  3.89  4.12  4.09  3.78  3.86  3.89  3.76
traj-244:
24.09 23.98 23.97 23.97 23.94 23.91 23.91 23.85 23.85 23.80 23.68 23.61 23.55 23.53 23.38 23.29 21.36 20.17 19.01 17.54 15.78 13.98 12.48 11.88
 0.51  2.11  3.09  5.06  6.78  8.33  9.50 10.94 12.68 14.50 16.18 18.06 19.22 19.76 21.74 23.00 23.54 23.44 23.32 23.19 23.13 22.66 21.42 20.79
traj-245:
25.16 24.90 23.26 22.37 21.11 22.24 23.03 23.31 23.72 24.22 24.90 25.42 26.92 28.06 29.96 30.46
 1.55  1.70  2.73  3.25  4.26  4.76  6.23  8.09  9.43 10.57 12.43 13.77 14.87 14.82 14.95 15.52
traj-246:
24.96 23.62 22.33 21.51 19.59 17.82 17.06 15.27 13.64 12.04 10.83
 1.45  2.34  3.51  3.74  4.22  4.66  4.87  5.64  6.31  7.08  7.43
traj-247:
25.49 25.49 25.39 25.42 25.12 25.12 25.07 24.93 24.73 24.91 24.88 24.94 24.97 25.03 24.82 24.37 24.05 23.09 21.39 20.49 18.76 16.99 16.41 14.69 14.16
 0.63  1.19  3.07  4.96  6.79  8.43  9.22 11.20 12.09 13.88 14.18 16.00 16.55 18.54 19.56 20.76 21.51 22.65 23.33 23.29 23.25 23.28 23.28 23.08 22.79
traj-248:
25.66 25.49 24.97 24.81 24.64 24.84 24.97 25.00 24.94 24.88 25.01 26.82 27.97 29.13 30.00 31.03 31.82 32.93 33.89 35.36
 0.48  0.87  2.37  4.35  5.90  7.44  8.85 10.81 12.44 14.33 14.86 14.66 14.59 14.48 16.12 17.43 18.46 19.67 20.77 21.82
traj-249:
23.73 24.14 25.22 25.30 24.63 22.97 21.82 19.87 19.00 17.55 16.20 15.47 14.20 13.03 12.06 10.38  8.63  7.79
 0.94  1.21  2.82  3.70  5.56  4.61  4.22  4.31  4.38  4.47  4.81  5.21  5.93  6.61  7.08  8.17  8.25  8.32
traj-250:
23.97 24.14 24.17 24.24 24.04 24.21 24.24 24.25 24.11 24.21 24.35 24.10 24.10 24.09 23.32 23.13 23.05 21.16 19.39 18.54 17.05 15.27 14.10 12.81 12.70 11.59 10.04
 1.46  3.06  4.22  5.71  7.20  8.81 10.53 11.52 12.88 14.81 16.66 17.65 19.54 19.57 21.34 21.94 22.38 23.03 23.06 23.06 23.05 23.06 23.07 22.68 22.12 20.57 20.63
traj-251:
24.42 24.50 24.56 24.66 24.61 24.78 25.19 25.30 25.30 25.09 26.70 27.86 29.67 31.62 33.47 35.25
 1.84  2.93  3.85  5.65  6.90  7.77  9.67 10.25 12.11 13.54 14.46 14.35 14.65 14.61 14.60 15.42
traj-252:
23.73 23.87 23.99 23.05 21.08 19.38 18.52 17.22 15.85 14.51
 1.49  1.76  3.72  4.60  4.30  4.31  4.31  4.61  5.57  6.57
traj-253:
25.09 24.98 24.78 24.58 24.37 24.12 24.06 24.48 23.79 23.60 23.60 23.39 23.35 23.01 21.46 19.72 17.96 17.39 15.90 14.15 13.98 13.85 13.76 13.66
 1.65  3.31  5.18  7.01  8.96 10.77 12.71 14.30 16.04 17.29 18.69 20.16 21.63 22.68 23.17 23.24 23.18 23.17 23.12 23.03 22.94 21.57 19.64 18.50
traj-254:
23.67 24.30 24.85 24.89 24.95 24.96 24.87 25.13 25.24 25.93 26.05 27.95 29.91 31.79 32.41 34.22 35.74
 1.86  3.45  4.79  6.62  8.51 10.00 11.46 13.19 13.68 14.13 14.55 14.35 14.25 14.76 15.37 15.89 16.37
traj-255:
23.56 24.71 24.99 24.84 23.34 22.35 20.66 19.83 17.93 16.84 15.40 15.56
 1.98  3.48  3.99  5.88  5.65  4.60  4.21  4.30  4.38  4.52  3.61  3.05
traj-256:
24.08 24.08 24.06 24.02 23.94 23.93 23.92 23.84 23.79 23.66 23.54 23.55 23.55 23.50 23.40 23.19 22.36 20.63 20.34 18.57 16.79 15.13 13.47 13.05 11.32  9.49  8.26  7.18  5.75
 1.20  3.13  5.10  6.54  7.85  9.74 10.44 11.87 12.41 14.11 15.71 17.11 18.23 20.04 22.03 22.53 23.29 23.30 23.25 23.21 23.25 23.31 22.73 22.62 21.72 21.14 20.64 20.34 19.94
traj-257:
25.25 25.26 24.90 24.86 25.16 25.40 25.25 25.16 25.08 25.38 26.94 27.78 29.75 31.20 31.69 31.49 30.96 30.74 30.54 30.39 31.14 32.20 33.01 34.67 35.62
 0.71  1.01  2.93  3.53  5.35  7.08  8.98 10.42 11.66 13.05 14.18 14.14 14.26 15.50 16.45 18.27 19.70 20.88 22.15 23.59 24.65 25.85 26.80 27.90 29.09
traj-258:
25.25 25.12 25.10 25.08 25.11 24.29 23.70 23.00 22.58 20.93 20.63 18.84 17.11 15.31 13.93 12.36 11.25 10.27  8.51  6.78  5.82
 1.06  2.63  3.23  5.12  6.50  8.05  6.44  5.18  4.67  3.95  3.99  4.30  4.54  5.20  5.69  5.83  5.60  5.11  4.24  3.89  3.62
traj-259:
23.50 23.58 23.70 23.73 23.83 23.87 23.93 24.17 24.25 24.41 24.39 24.31 24.37 23.85 23.79 23.62 23.33 22.19 21.89 20.11 18.62 17.15 15.70 15.12 13.63 13.35 12.01 11.45 10.34  9.23
 1.62  2.91  4.18  5.78  7.31  8.90 10.53 12.47 13.27 14.10 16.04 17.85 19.38 20.90 21.14 21.29 21.99 23.04 23.06 23.23 23.33 23.28 23.22 23.18 23.06 22.95 21.76 21.01 19.47 18.60
traj-260:
24.88 25.07 25.27 25.48 25.58 25.38 25.32 25.15 25.31 25.64 25.81 26.04 27.79 29.26 30.71 31.42 32.82 33.61 34.54 35.69 35.95
 0.79  2.25  3.90  5.64  6.21  8.11  8.41 10.32 11.70 13.50 13.75 14.73 14.77 14.88 16.04 17.36 17.72 16.27 14.65 13.30 12.91
traj-261:
24.53 24.10 22.68 21.74 20.33 18.36 16.61 15.26 13.35 12.62 11.02 10.01  8.65  7.05
 1.79  2.35  3.68  4.15  4.57  4.78  5.69  7.16  7.19  6.80  5.96  5.39  4.59  4.30
traj-262:
25.10 25.11 25.04 25.13 25.24 25.36 25.49 25.06 25.16 25.51 25.71 25.48 25.31 24.93 24.45 23.62 22.54 21.38 19.62 17.63 16.76 15.29 14.28 13.56 11.77 10.43  9.60  7.90  6.25  4.51
 0.57  0.89  2.74  4.42  6.07  8.06  9.71 11.31 13.08 13.86 15.63 17.56 18.40 20.34 21.19 22.90 23.21 23.37 23.47 23.50 23.60 23.50 23.27 23.09 22.96 22.93 22.88 22.75 22.81 22.98
traj-263:
23.52 23.71 23.97 24.28 24.41 24.60 24.82 24.92 25.05 24.89 25.38 26.48 27.83 29.25 30.51 31.02 30.98 30.96 30.84 30.68 30.62 30.52 30.50 30.51 30.68 30.62
 0.78  1.99  3.71  5.47  6.62  7.67  9.35 10.71 12.33 13.20 14.63 14.84 14.78 14.79 15.89 17.64 19.54 19.84 21.60 22.84 23.66 25.04 26.18 28.08 29.12 30.79
traj-264:
23.62 24.26 24.91 25.01 25.28 24.20 23.42 22.78 21.11 20.55 19.08 17.16 16.27 14.59
 0.84  1.85  3.73  4.01  5.73  6.98  5.71  4.75  4.05  4.05  4.07  4.12  4.18  3.44
traj-265:
23.23 23.79 24.12 24.56 25.04 25.26 25.24 25.28 25.25 25.22 25.19 25.00 25.21 24.74 23.32 21.63 19.84 18.38 17.80 16.01 14.82 13.07 12.07
 1.94  3.59  4.56  6.25  7.63  9.58 11.42 13.13 14.11 15.22 16.92 18.83 20.51 22.34 23.37 23.59 23.39 23.24 23.17 23.04 23.02 22.48 22.61
traj-266:
23.06 23.60 24.07 24.37 24.63 24.61 24.73 25.00 25.22 25.74 26.25 27.71 29.18 30.02 30.10 31.52 32.34 33.69 34.93
 0.96  2.75  4.34  5.55  6.49  7.93  9.46 11.29 12.37 13.97 14.23 14.43 14.58 15.87 16.98 18.31 19.21 20.52 21.58
traj-267:
25.75 24.79 23.31 22.40 21.05 20.46 18.68 16.78 15.74 15.66 13.92 12.74 10.76  9.09  8.82
 0.89  1.52  2.47  3.12  3.63  3.75  4.18  4.61  5.88  7.48  8.03  8.01  7.88  6.91  6.78
traj-268:
24.93 24.89 24.90 24.90 24.97 25.06 24.88 24.85 24.78 24.66 24.41 24.27 24.12 23.95 23.60 23.00 22.44 20.74 19.86 18.14 16.69 15.50 13.52 12.07 10.41  8.69  7.85  9.28  9.72 11.14 12.26
 0.57  2.09  4.05  5.27  6.68  8.57 10.38 10.60 12.58 14.39 16.37 17.50 18.91 20.49 22.03 22.85 23.02 23.33 23.37 23.27 23.10 23.20 23.41 23.57 23.75 23.91 23.99 22.62 22.28 21.19 20.28
traj-269:
23.30 23.97 24.71 24.87 25.04 25.03 25.12 25.18 25.30 25.61 26.20 27.66 29.09
 1.08  2.52  4.03  5.11  6.23  8.16  9.69 11.36 13.01 14.77 14.82 14.90 15.00
traj-270:
23.05 23.25 22.12 21.08 19.14 17.55 15.83 14.04 12.90 11.37  9.92  8.46  7.07  5.40
 1.77  3.58  4.39  4.10  4.02  4.01  4.32  4.76  5.03  5.31  5.67  6.02  6.34  6.42
traj-271:
23.94 24.02 24.14 24.18 24.37 24.41 24.68 25.10 25.22 25.46 25.82 25.45 25.15 24.80 24.50 23.89 22.49 21.05 19.56 18.37 16.88 15.52 14.62 13.65 13.07 11.72  9.92  9.12  7.82  7.03  5.69  4.86
 1.03  2.05  3.89  5.36  6.60  6.66  8.58 10.46 11.92 13.08 14.63 16.32 18.15 20.09 21.97 22.82 23.19 23.15 23.07 23.07 23.07 23.06 22.59 22.10 21.71 21.02 21.19 21.28 21.58 21.73 21.94 22.07
traj-272:
24.98 25.14 25.29 25.49 25.52 25.29 25.44 25.51 25.58 25.65 25.95 27.94 29.12 30.87 31.74 32.30 33.30 34.40 35.19 35.61 36.78 36.89
 0.75  2.06  3.22  4.53  6.47  8.13 10.08 11.81 13.56 14.05 14.05 14.29 14.24 15.00 15.44 16.40 18.12 19.49 20.46 21.59 20.02 19.65
traj-273:
25.35 24.76 23.08 22.97 21.09 19.13 17.67 16.06 15.71
 1.35  1.41  2.39  3.88  4.22  4.36  4.42  5.59  6.30
traj-274:
25.64 25.48 25.18 25.04 24.90 24.82 24.72 24.54 24.46 24.18 24.02 23.78 23.51 23.46 23.30 23.11 22.96 21.15 20.26 18.48 17.00 16.40 14.94 14.70 14.57
 0.65  1.43  3.07  3.73  5.37  6.40  7.94  9.48 10.85 12.76 14.55 16.14 17.68 18.78 20.77 21.59 22.27 23.03 23.05 23.04 23.06 23.08 23.15 22.97 22.11
traj-275:
23.79 24.16 24.83 25.01 25.03 24.97 24.84 24.53 24.30 23.87 25.22 26.14 28.02 28.60 30.23 31.27 32.75 33.37 34.55 35.46
 0.52  2.14  3.80  4.46  6.39  7.47  7.87  9.78 11.36 13.28 14.72 14.72 14.88 15.00 15.74 17.18 18.29 18.61 19.43 20.05
traj-276:
25.74 25.67 25.61 25.60 25.51 24.99 23.77 22.81 21.00 19.57 17.82 16.05 14.29 12.59 11.44
 0.99  2.53  3.87  4.71  6.11  8.00  6.51  4.76  3.91  3.90  3.92  3.92  4.43  4.76  4.91
traj-277:
23.44 23.87 24.53 24.88 25.17 25.02 24.89 24.74 24.45 24.43 24.31 24.28 24.19 24.24 24.43 24.51 23.39 21.45 20.85 19.08 17.92 16.48 15.04 13.32 12.15 10.23  9.16  8.06
 1.67  2.60  3.79  4.42  6.33  8.05  9.38 10.65 12.48 12.77 14.21 15.44 16.07 18.04 19.84 21.29 22.69 23.16 23.17 23.14 23.19 23.18 23.21 23.25 23.19 22.88 22.89 23.14
traj-278:
23.32 23.60 24.21 24.35 24.70 24.74 24.04 24.21 24.20 25.81 26.98 28.71 30.16 30.77 30.55 30.36 30.56
 1.90  2.77  4.61  6.53  8.34  9.65 11.23 13.19 13.72 14.90 14.94 14.94 15.61 16.66 18.56 20.39 21.14
traj-279:
24.34 24.62 25.20 24.09 23.08 21.30 20.43 18.98 18.13 16.53 16.26 15.01 13.94
 1.31  3.01  4.90  6.38  4.84  4.10  4.31  4.61  4.77  5.70  6.45  7.94  8.05
traj-280:
23.52 23.49 23.48 23.47 23.47 23.44 23.43 23.41 23.49 23.39 23.31 23.26 23.21 23.16 23.16 21.34 21.26 20.37 18.63 17.15 15.68 13.93 12.26 10.70 11.42
 1.16  2.64  4.50  5.70  7.28  9.13 10.88 12.54 14.50 15.88 16.91 18.22 19.26 20.71 22.49 23.29 23.26 23.16 23.18 23.08 23.17 23.21 23.25 22.98 21.68
traj-281:
23.24 23.38 24.36 25.10 25.07 24.92 24.59 24.43 24.05 23.85 24.74 25.30 27.28 29.21 30.06 30.19 30.33 30.45 30.61 30.73 31.42 31.55 32.45 33.62 34.18 35.31
 1.32  1.59  3.05  4.07  5.47  6.83  8.59  9.34 10.99 12.81 13.90 14.29 14.54 14.69 16.13 17.55 19.00 19.92 21.86 22.14 23.94 25.65 27.36 28.17 28.61 29.40
traj-282:
25.02 24.86 23.78 22.20 20.72 19.33 17.71 17.15 16.49 14.94 13.13 12.44 10.69 10.15  8.75  8.12
 0.46  0.71  2.19  3.33  4.00  4.45  4.74  4.82  5.28  6.18  6.51  5.95  5.45  5.32  4.67  3.58
traj-283:
23.97 24.10 24.24 24.43 24.56 24.60 24.78 25.17 25.30 25.57 25.64 25.60 25.53 25.03 24.30 23.24 22.16 21.86 20.12 18.64 17.16 15.69 14.54 12.71 11.87 10.78  9.28  7.33  5.83  5.13
 1.30  2.59  4.03  5.72  7.32  8.97 10.89 12.81 13.08 14.50 15.18 16.24 18.15 19.99 20.85 22.37 23.31 23.29 23.14 23.06 23.10 23.05 22.39 22.01 21.67 21.14 20.53 20.33 19.90 19.99
traj-284:
24.03 24.58 25.15 25.16 25.16 25.20 25.20 25.14 26.37 27.79 29.23 30.13 30.07 30.04 30.43 30.73 31.15
 1.74  2.80  4.46  6.15  8.00  9.95 11.69 13.57 14.20 14.26 14.54 15.51 17.49 18.90 20.38 22.28 22.43
traj-285:
24.57 24.16 23.18 21.32 19.56 18.19 16.49 15.69 14.01 12.34 11.88 10.38  9.47
 1.62  2.36  3.91  4.63  4.85  4.96  5.85  6.48  5.96  5.59  5.48  4.49  3.98
traj-286:
24.46 24.64 24.88 25.12 25.25 25.46 25.56 25.62 25.43 25.33 25.18 25.18 25.34 25.35 24.13 22.39 21.80 20.33 18.54 16.78 15.00 14.42 12.66 11.55 11.17 11.12
 0.64  2.01  3.92  5.80  6.84  8.79  9.85 11.49 13.13 14.39 16.25 17.89 19.47 21.28 22.81 23.02 23.04 23.06 23.05 23.08 23.11 23.12 22.45 20.90 19.56 18.90
traj-287:
23.89 24.28 24.37 24.43 24.61 24.71 24.76 24.80 24.15 23.90 23.77 25.57 27.28 28.97 30.76 32.03 33.83 34.38 35.89 36.18 36.71
 1.69  3.29  4.63  5.42  6.85  8.31  8.87 10.74 11.93 12.10 13.95 14.37 14.32 14.61 15.27 15.67 16.16 16.26 15.62 14.79 13.42
traj-288:
24.91 24.51 23.14 21.88 20.99 19.51 17.74 16.27 15.91 14.32 13.02 11.03  9.57
 1.13  2.79  4.03  4.84  4.85  4.90  4.97  5.91  6.38  5.95  5.22  5.03  5.10
traj-289:
25.22 25.16 25.12 24.97 24.85 24.84 25.01 24.93 24.67 24.74 24.67 24.60 24.46 24.22 23.59 23.69 23.12 21.31 21.01 19.27 18.38 16.90 16.32 14.57 14.04 14.04 13.90
 1.74  3.70  5.39  7.29  9.22  9.88 11.66 12.47 14.44 14.73 16.72 18.49 19.15 20.53 22.26 22.54 22.71 23.49 23.53 23.55 23.50 23.41 23.32 23.09 22.80 20.90 20.55
traj-290:
24.42 24.41 24.46 24.46 24.77 25.04 24.61 24.21 23.96 23.68 24.95 25.21 26.65 28.36 29.25 30.17 30.12 30.19 30.13 30.18 30.17 31.75 32.88 34.16 34.11
 1.22  2.06  3.60  5.57  7.29  8.59 10.41 11.06 11.22 13.17 13.93 14.07 14.33 14.30 14.33 15.59 17.22 18.68 19.93 21.09 21.94 22.93 23.90 25.43 25.72
traj-291:
24.85 25.05 25.23 24.15 23.45 21.71 20.19 18.30 16.56 15.90 14.33 14.10 13.85
 0.47  2.40  4.15  5.77  4.49  4.15  3.79  3.48  3.49  3.46  4.59  4.77  4.95
traj-292:
24.24 24.32 24.52 24.70 24.86 25.03 24.94 24.30 24.19 24.04 23.68 23.47 23.50 23.43 23.05 22.22 20.46 19.30 17.53 16.08 14.94 13.89 12.81 11.53 10.38  9.71
 1.96  3.87  5.60  7.32  8.52 10.01 11.99 13.38 14.18 14.74 16.39 18.18 19.58 20.69 22.22 23.03 23.15 23.15 23.08 23.03 23.02 22.74 22.45 22.02 22.55 22.99
traj-293:
23.58 24.05 24.10 24.36 24.94 24.97 25.05 25.06 25.16 26.86 28.59 30.03 31.76 33.03 34.06 35.40
 1.68  2.75  4.73  6.69  8.43  9.61 11.51 12.32 13.91 14.89 14.92 15.07 15.32 15.09 14.25 13.41
traj-294:
24.35 24.60 23.53 22.11 20.68 19.27 17.69 16.11 16.12
 0.80  1.26  2.88  3.32  3.65  4.08  4.65  5.79  7.60
traj-295:
25.60 25.11 24.83 24.60 24.50 24.39 24.42 24.22 23.95 23.71 23.51 23.39 23.39 23.27 23.14 21.30 19.54 17.77 16.28 15.14 13.47 11.79 11.27  9.74  7.94  6.54  4.70
 0.58  2.34  4.28  5.55  7.52  9.29 10.97 12.64 14.02 15.68 17.50 18.46 19.74 20.88 22.56 23.15 23.23 23.21 23.22 23.16 22.65 22.21 22.05 21.66 21.15 20.70 20.14
traj-296:
25.58 24.60 23.78 24.01 24.27 24.59 24.84 24.93 24.87 24.84 26.38 28.37 29.55 31.23 32.55 33.22 34.46
 0.46  1.07  2.84  4.60  6.02  7.55  9.15 10.81 11.59 13.36 14.04 14.10 14.07 14.79 15.86 16.41 17.60
traj-297:
24.97 24.40 23.88 22.28 21.16 19.77 17.82 16.29 14.64 13.91
 0.91  1.85  3.16  3.62  3.81  4.18  4.40  3.91  3.74  3.87
traj-298:
24.23 24.75 25.39 25.34 25.28 25.27 25.20 25.15 25.06 25.07 25.10 25.09 25.00 24.99 23.92 22.65 20.91 19.73 17.96 16.50 15.31 13.69 11.99 10.51  9.02  8.48  6.62  4.98
 1.81  3.34  4.43  6.29  7.38  8.75 10.75 12.46 14.09 16.01 17.99 18.46 20.16 20.51 22.02 23.06 23.38 23.29 23.20 23.09 23.03 22.49 22.55 22.57 22.58 22.56 22.40 22.86
traj-299:
25.38 24.98 24.91 25.13 25.25 25.45 25.46 25.40 25.30 25.65 25.99 27.25 28.68 29.84 31.11 31.98
 0.92  2.35  4.08  5.21  6.09  7.79  9.73 10.63 12.04 13.18 14.62 14.82 14.62 14.45 14.24 14.13
