traj-0:
37.28 35.54 34.06 32.33 30.44 29.70 27.72 25.91 24.51 24.20 24.16 24.32 24.46 24.76 25.12 25.22 24.95 24.65 24.09 22.38 20.60 18.61 18.04 16.25 14.84 13.48 11.96
20.62 20.42 20.22 20.29 20.18 20.16 20.07 20.03 20.02 18.20 16.37 14.65 12.77 11.01 10.38  8.51  7.38  6.23  4.86  4.24  4.36  4.55  4.71  5.31  5.45  4.96  4.09
traj-1:
36.93 35.39 33.96 32.71 30.91 29.04 27.45 25.47 24.79 24.53 22.60 20.71 18.86 17.20 15.80 13.89 12.08 10.30  8.92  8.43  8.19  7.94  7.78
21.71 21.58 21.55 21.38 20.80 20.20 20.45 20.69 22.04 23.59 24.02 23.80 23.74 23.84 23.90 23.95 23.68 23.56 22.93 21.16 19.68 18.29 17.26
traj-2:
36.28 35.46 33.84 33.25 31.60 30.44 29.26 28.18 26.91 25.78 25.53 25.37 25.06 25.14 25.39 25.62 24.77 24.49 22.95 23.11 23.40 25.17 26.93 27.22 28.97 29.56
21.26 21.34 21.63 21.69 21.80 21.85 22.00 22.34 22.81 23.63 25.16 25.99 27.92 28.48 30.02 31.49 33.29 33.39 34.43 35.96 36.01 36.20 36.36 36.42 36.73 36.82
traj-3:
34.79 32.90 31.52 29.93 28.24 27.94 26.36 25.33 25.39 25.68 25.89 25.98 25.84 25.62 25.09 24.42 23.16 21.80 20.82 19.08 18.79 17.59 16.58
20.34 20.62 21.05 20.64 20.12 20.08 19.08 17.45 15.46 13.78 12.32 10.53  8.76  7.07  6.05  4.99  4.20  4.29  4.36  4.66  4.72  5.35  5.95
traj-4:
37.84 35.96 35.69 34.11 32.41 30.56 29.32 27.56 26.73 25.45 24.47 22.62 21.52 19.98 18.90 17.05 15.15 13.76 12.28 11.12  9.28  7.76  6.39
20.47 20.61 20.49 20.57 21.02 21.39 21.75 22.48 22.97 23.87 24.74 23.98 23.92 23.83 23.73 23.64 24.03 24.03 24.06 24.04 23.48 22.50 21.78
traj-5:
36.62 34.73 34.25 32.27 30.69 29.39 27.70 26.29 25.66 25.16 24.26 24.23 24.08 24.69 25.37 26.29 27.75 28.33 30.16 31.99
21.14 21.61 21.74 21.72 21.73 21.38 21.08 21.13 22.54 24.12 25.89 26.87 28.23 29.95 30.85 32.29 33.03 33.10 33.10 33.65
traj-6:
35.67 34.56 33.27 31.53 29.82 28.33 27.05 26.06 25.32 25.22 25.12 25.05 25.08 24.95 24.83 24.70 24.60 23.59 22.19 20.76 19.00 18.28 17.36 15.98 14.41 12.56 11.18  9.55  7.67
22.62 21.88 21.73 21.57 21.44 21.29 20.95 19.84 18.69 17.05 15.11 13.65 12.14 10.37  8.45  7.31  6.44  4.84  4.28  4.38  4.55  4.79  5.35  5.83  5.83  5.87  5.85  5.82  5.78
traj-7:
38.70 36.97 35.89 34.16 33.40 31.67 30.07 28.34 26.72 26.54 24.89 24.63 22.65 20.72 19.62 18.18 16.77 15.05 14.18 13.04 11.06  9.90  8.92  8.43  7.98
21.22 20.61 20.38 20.22 20.33 20.35 21.07 21.80 22.56 23.12 24.21 24.10 24.10 24.04 23.96 23.93 24.04 23.91 23.92 23.93 23.76 23.37 21.75 20.38 18.50
traj-8:
35.34 33.52 32.14 30.28 29.11 28.94 27.27 26.46 25.46 25.37 25.46 25.38 25.15 24.54 24.20 23.06 21.21 19.85 18.46 17.10 15.29 13.46 12.57 11.30  9.52
20.19 20.41 20.21 20.30 20.38 20.63 21.63 22.46 23.66 24.25 26.13 27.60 29.55 31.15 32.14 33.52 33.94 33.49 33.48 33.43 34.22 34.88 34.96 35.26 36.04
traj-9:
36.58 34.90 33.12 31.70 29.94 29.34 27.87 26.50 25.72 25.50 24.89 24.17 24.30 24.35 24.29 25.01 25.26 25.02 24.83 24.32 23.70 22.02 21.73 20.86 19.70 18.24 17.37 15.77 14.11
22.48 22.91 22.90 22.96 22.95 22.95 22.90 21.90 20.26 19.79 18.07 16.35 14.88 13.85 12.34 10.79 10.03  8.30  7.12  5.46  4.83  4.21  4.28  4.41  4.56  4.72  4.71  4.64  4.21
traj-10:
38.00 36.18 34.84 33.97 32.91 31.52 30.05 29.31 27.89 26.45 25.12 24.89 23.18 21.24 20.35 18.97 17.32 15.59 14.13 12.81 11.91 10.15  8.96  8.92  8.06  6.77
20.57 20.81 21.17 21.36 21.47 21.40 20.94 20.68 20.24 21.05 22.33 22.53 23.43 23.69 23.67 23.21 23.51 24.01 23.97 23.91 23.90 23.43 21.87 21.72 19.96 18.73
traj-11:
35.99 35.69 33.97 33.41 31.72 30.55 28.79 28.22 26.80 26.48 26.70 26.71 26.63 26.63 28.16 29.15 30.48 30.86
22.32 22.33 22.53 22.62 22.82 22.85 22.88 22.86 23.96 25.49 27.48 29.45 30.88 32.07 33.06 33.62 34.88 35.20
traj-12:
36.34 34.41 34.11 32.34 31.20 29.42 28.02 26.82 26.56 26.33 25.89 25.40 25.50 25.54 25.59 25.71 25.22 25.19 24.78 24.59 23.42 22.39 20.91 20.35 18.60 18.32 16.69 16.10 14.44 13.93 11.94 11.03 10.78
22.49 22.82 22.84 22.89 22.86 22.88 22.85 22.69 20.94 20.10 18.70 16.94 15.52 14.92 13.15 11.71  9.80  8.77  7.11  6.28  4.80  4.77  4.71  4.66  4.71  4.80  5.58  6.10  7.07  7.07  7.07  5.57  4.02
traj-13:
37.72 36.28 34.55 33.67 31.89 30.72 29.29 27.80 26.14 25.80 24.02 23.09 21.12 19.40 18.85 17.34 15.47 14.40 12.65 11.38 10.09  9.48  8.45  8.09  7.45
22.60 22.65 22.82 22.86 22.98 22.93 22.95 22.87 23.76 24.15 24.74 23.98 23.82 23.59 23.59 23.83 24.04 24.08 24.10 23.69 23.31 22.95 21.64 20.80 19.14
traj-14:
37.35 36.78 35.11 33.91 32.35 31.29 30.28 28.81 28.20 26.66 25.67 24.75 24.64 24.49 24.26 24.30 24.52 25.10 25.92 27.46 28.91 29.50 31.35
21.40 21.26 20.87 20.62 20.36 20.40 20.54 20.64 21.12 22.21 22.88 23.81 24.57 25.32 27.23 27.75 29.64 30.75 32.15 33.16 33.17 33.17 33.31
traj-15:
34.33 34.03 32.15 30.64 29.17 28.42 26.55 26.27 25.99 25.67 25.61 25.18 25.04 24.95 25.05 25.20 25.22 24.79 24.40 23.60 21.81 20.33 18.57 17.81 17.27 16.30 14.90 13.41 11.66 11.34
21.73 21.75 21.87 22.16 22.40 22.56 21.97 20.81 19.67 17.87 17.29 15.62 14.15 12.32 11.43 10.22  9.29  7.49  6.35  4.76  4.48  4.63  4.81  5.68  6.37  7.67  8.00  7.23  6.28  6.05
traj-16:
36.03 34.94 33.60 32.03 30.31 29.75 27.81 26.61 26.43 25.24 23.80 22.33 21.47 19.50 17.82 15.95 14.25 13.36 11.45 10.79  9.41  8.51  7.52  6.52
21.88 21.95 21.99 22.17 22.42 22.51 22.93 24.19 24.43 25.92 24.85 24.19 24.16 24.07 24.01 23.68 23.56 23.42 23.21 23.28 22.05 20.82 19.46 17.96
traj-17:
38.82 37.13 36.04 34.70 33.56 32.18 31.29 29.88 28.15 27.25 25.80 24.81 24.57 24.31 24.29 24.30 24.32 23.38 21.89 20.65 19.30
21.44 21.81 22.02 22.29 22.53 22.82 22.80 22.84 22.87 22.88 24.05 25.51 25.69 27.61 29.56 31.48 32.07 33.03 34.08 34.83 35.64
traj-18:
37.34 36.31 34.39 32.99 31.20 29.53 27.77 26.48 25.75 25.58 25.30 25.29 24.92 24.39 24.72 25.25 24.74 24.27 23.26 22.10 20.95 19.22 18.21 16.83 16.37
21.78 21.27 20.82 20.93 21.15 21.37 20.55 19.16 17.48 16.65 15.11 14.12 12.18 11.88 10.02  8.56  6.96  6.06  4.57  4.53  4.47  4.46  4.54  4.46  4.12
traj-19:
38.57 36.79 35.38 34.62 32.97 31.33 29.53 28.47 27.93 26.85 26.60 26.40 25.94 24.73 24.12 24.01 22.37 20.74 18.74 17.92 16.22 14.23 12.52 11.40 10.09  9.49  8.62  8.25  7.70
20.15 20.36 20.61 20.66 20.42 20.19 20.00 21.16 21.84 23.37 24.71 25.58 26.93 27.13 25.31 24.73 24.18 23.86 23.85 23.79 23.93 23.99 24.01 23.67 23.04 22.44 21.37 20.62 18.99
traj-20:
38.50 36.69 35.03 33.62 32.75 30.79 29.33 28.17 26.99 26.16 25.70 25.03 24.47 24.99 25.77 26.71 27.31 28.93
21.83 21.78 21.82 21.93 22.00 22.17 22.36 22.58 22.81 24.58 25.64 27.11 28.66 30.51 31.93 33.13 33.57 34.72
traj-21:
35.10 33.38 32.19 30.23 29.44 27.99 27.23 26.98 26.02 25.62 25.68 25.63 25.46 25.30 25.30 25.09 25.03 24.99 24.77 24.52 23.19 21.29 20.14 18.37 17.11 16.26 14.85 13.22 11.87 10.61  9.64
22.69 22.83 22.89 22.86 22.85 22.82 22.82 21.03 19.55 18.25 17.11 15.68 14.37 12.74 11.73 11.13  9.52  7.65  5.79  5.63  4.44  4.53  4.65  4.85  6.12  6.80  7.17  7.43  7.67  7.61  7.21
traj-22:
38.12 36.26 34.46 33.47 32.00 30.22 28.94 28.16 26.82 26.53 25.19 23.97 22.44 20.62 18.91 17.36 16.22 14.53 12.66 12.00 10.58  9.99  8.29  7.15
21.91 21.62 21.31 21.13 21.28 21.84 22.17 22.41 23.73 24.25 25.60 24.51 24.24 23.93 23.85 23.98 23.98 23.91 23.96 23.99 24.14 24.25 24.57 24.78
traj-23:
35.93 34.50 32.81 32.13 30.46 28.75 26.95 25.53 24.89 24.06 24.01 24.02 24.02 24.03 24.10 23.35 23.29
20.47 20.55 20.66 20.67 21.09 21.53 22.36 22.99 24.49 25.31 25.91 27.75 28.94 30.53 31.18 33.02 33.32
traj-24:
36.83 36.33 34.78 33.96 32.61 30.92 30.04 28.22 27.82 25.98 25.51 24.37 24.46 25.09 24.14 24.18 24.11 24.09 24.21 24.21 23.08 21.35 19.89 18.72 17.75 17.37 16.49 14.57 13.83 11.96 11.51
21.73 21.59 21.18 21.00 20.72 20.41 20.45 20.33 20.41 20.58 18.93 17.31 16.19 14.67 13.92 13.05 11.25  9.70  8.33  6.61  4.98  4.79  4.86  4.89  6.05  6.83  7.89  7.77  7.68  7.41  7.26
traj-25:
39.03 38.14 36.69 35.52 33.52 32.36 30.87 29.70 28.21 27.03 26.11 24.32 23.52 21.97 20.61 18.69 17.01 15.61 14.46 12.90 11.48  9.91  9.37  9.76
22.77 22.79 22.86 22.91 22.87 22.91 22.94 22.91 22.94 22.87 22.83 23.68 23.60 23.86 23.98 24.04 24.00 23.98 23.97 23.70 23.45 23.07 21.22 19.55
traj-26:
37.52 35.64 34.83 33.06 31.19 30.38 29.27 28.13 26.38 26.20 25.08 24.27 24.15 24.06 24.07 24.43 25.54
21.27 21.54 21.51 21.59 22.24 22.54 22.81 22.97 23.88 24.11 25.33 27.00 28.78 30.52 32.31 34.25 35.28
traj-27:
35.09 33.12 32.31 30.86 30.16 28.84 26.85 26.83 26.52 25.82 25.32 24.71 24.83 24.64 24.49 24.50 24.40 24.42 24.30 24.22 24.14 23.00 21.22 20.04 18.85 16.93
21.70 21.85 22.00 22.09 22.25 22.55 22.44 22.20 22.11 20.26 19.13 17.83 16.88 15.64 13.77 12.49 11.09  9.25  8.12  7.02  5.86  4.60  4.57  4.54  4.53  4.50
traj-28:
37.95 36.24 35.00 33.55 32.06 30.31 29.41 27.42 25.71 24.41 24.13 23.06 21.88 20.17 18.49 16.67 16.37 14.66 13.77 12.08 11.53 10.08  8.91  8.38  6.89  5.22
20.28 20.15 20.08 20.02 20.02 20.04 20.05 20.07 20.09 20.85 22.57 23.87 23.96 23.80 23.83 23.85 23.84 23.90 23.91 24.02 24.04 23.94 22.47 21.05 20.05 19.90
traj-29:
38.76 36.90 35.26 33.65 31.86 30.36 28.65 27.92 26.33 25.84 25.56 25.23 25.00 24.39 24.52 24.56 23.13 22.23 20.65 19.97 18.18 16.59 15.06 13.21 12.61
20.18 20.27 20.34 20.49 21.06 21.40 21.82 21.98 22.74 24.47 25.34 27.09 28.21 29.66 31.51 32.41 33.65 33.62 33.38 33.37 33.28 33.35 34.12 34.43 34.43
traj-30:
38.02 37.43 35.84 34.17 33.38 31.49 29.63 28.29 27.19 26.98 26.27 25.68 25.47 25.44 24.17 24.26 24.37 24.30 24.26 24.11 24.07 24.11 23.22 21.49 20.02 18.83 17.10
20.07 20.11 20.24 21.03 21.10 21.64 22.12 22.27 22.60 20.72 19.23 17.81 17.18 15.65 14.15 12.81 10.92 10.17  8.28  8.06  7.44  6.00  4.95  4.89  4.88  4.86  5.78
traj-31:
34.79 34.30 32.73 31.47 30.78 29.43 28.60 26.88 25.59 24.79 23.04 21.14 19.17 17.36 15.63 14.45 13.31 12.16 10.46  9.94  8.53  6.84  6.57
21.87 21.88 21.98 22.35 22.56 22.77 22.88 22.86 23.65 24.00 24.02 23.95 23.93 24.04 24.08 24.09 24.02 23.97 23.45 23.15 22.74 23.53 23.40
traj-32:
34.20 32.31 31.25 29.59 27.88 26.23 24.88 24.65 24.62 24.39 24.22 24.32 24.92 25.33 24.93
20.14 20.37 21.02 21.70 22.54 23.40 24.50 26.34 26.64 26.82 27.60 29.01 30.81 32.09 33.83
traj-33:
36.86 35.41 34.43 33.03 31.06 29.37 28.52 26.99 26.76 25.18 24.64 24.59 24.44 24.27 24.52 25.28 25.52 25.80 25.63 25.39 25.21 24.75 24.54 23.45 21.84 20.07 18.37 17.37 17.25
20.97 21.40 21.68 22.22 22.50 22.65 22.76 22.97 23.16 24.38 22.75 22.46 20.49 19.91 18.01 16.19 14.83 13.77 11.95 10.32  8.52  6.59  6.03  4.59  4.43  4.52  4.73  6.37  7.48
traj-34:
38.21 37.58 35.78 34.24 32.33 32.03 30.34 30.07 28.38 27.07 26.82 25.12 24.36 22.48 21.24 20.08 18.16 17.36 15.53 13.58 11.63 10.75  9.01
21.58 21.42 20.86 20.27 20.38 20.45 21.29 21.42 22.33 22.96 23.11 23.67 23.89 23.97 23.85 23.74 23.82 23.81 23.83 23.84 24.00 24.08 24.32
traj-35:
34.32 33.58 32.01 31.42 29.73 27.85 27.40 25.91 25.37 25.12 24.45 24.40 24.13 24.21 24.43 25.67 26.02 27.64 29.21 30.94 31.34 33.25
20.55 20.44 20.73 20.80 20.51 20.33 21.04 22.28 24.08 24.78 26.49 26.78 28.73 30.47 31.56 32.94 33.35 34.34 34.90 35.61 35.75 36.28
traj-36:
37.24 36.67 34.70 32.98 31.57 30.30 28.80 27.41 26.32 25.93 25.62 25.34 25.16 25.07 25.02 24.77 24.66 24.44 24.02 23.03 21.58 20.12 18.62 16.91 15.55 14.40 12.69 11.33
22.41 22.54 22.83 22.86 21.89 20.99 20.66 20.32 19.59 17.74 15.95 14.36 12.88 12.05 11.69  9.93  8.95  7.28  5.51  4.22  4.09  4.11  4.15  4.13  5.08  5.81  6.81  7.69
traj-37:
35.62 34.73 33.21 32.19 31.01 29.80 28.68 27.00 25.49 23.56 21.80 19.91 19.07 17.37 16.01 14.27 12.47 10.74  9.84  8.62  8.44  8.38  7.86  6.93  6.16
20.28 20.46 21.09 21.31 21.56 21.93 22.18 22.41 22.61 23.02 23.14 23.35 23.47 23.63 24.07 24.05 24.16 23.95 23.71 22.96 21.52 20.29 18.66 17.75 17.22
traj-38:
37.30 35.81 34.14 32.44 31.06 29.62 27.83 26.99 26.56 26.06 25.98 25.87 25.89 25.82 25.64 25.50 25.37
22.20 22.30 22.43 22.59 22.82 22.98 22.92 22.86 23.09 25.02 26.90 28.79 30.76 31.62 33.38 35.21 35.93
traj-39:
37.19 35.26 34.10 32.34 30.41 29.16 28.24 26.55 25.93 25.38 25.20 25.16 25.02 24.90 25.02 25.29 24.97 24.15 23.03 21.26 19.49 18.27 17.20 15.22 13.40 11.76 11.02
20.46 20.43 20.45 20.54 20.51 20.46 20.43 19.54 17.86 16.05 14.35 13.40 12.15 11.19  9.32  7.80  6.45  5.63  4.74  4.84  4.84  4.86  4.83  4.76  4.81  4.66  4.73
traj-40:
36.17 35.91 34.22 32.65 31.47 29.71 27.75 27.14 25.60 24.28 24.18 23.11 22.24 21.91 19.95 18.25 16.97 16.00 14.03 12.32 10.97  9.48  8.84  8.23  7.49  5.94
21.55 21.40 21.01 20.12 20.18 20.15 20.32 20.32 20.33 21.45 22.03 23.33 23.46 23.79 23.79 23.80 23.81 23.85 23.92 23.59 23.44 22.44 21.16 20.06 19.33 18.08
traj-41:
36.41 34.51 33.97 32.02 30.14 29.84 27.94 26.71 26.09 26.01 25.93 25.85 25.25 25.02 24.29 23.31 22.82 21.18 19.74 17.93 17.11 15.34 15.04 13.24 11.49 10.10
22.13 21.68 21.55 21.49 22.02 22.04 22.17 23.71 25.51 25.80 27.69 28.84 30.24 30.44 32.09 33.36 33.55 33.61 33.62 33.41 33.35 33.33 33.34 33.31 33.24 33.23
traj-42:
36.53 35.51 33.95 32.46 31.03 29.25 28.05 26.46 25.97 25.12 24.80 24.67 24.39 24.31 24.41 24.42 24.36 24.51 23.72 21.77 20.89 19.13 18.84 16.98 15.94 14.38 13.27 12.45
21.28 21.30 21.09 20.70 20.65 20.28 20.06 19.26 18.59 17.08 15.23 13.34 12.42 11.33  9.73  9.01  7.53  6.17  4.84  4.44  4.58  4.86  4.92  5.60  6.16  7.03  7.39  7.63
traj-43:
39.12 38.93 37.08 36.50 36.26 35.02 33.70 31.97 30.17 29.08 27.52 26.05 24.66 23.01 21.26 19.55 17.62 17.08 15.55 14.08 12.92 11.71 10.11  9.68  9.04  8.65
20.12 20.13 20.35 20.43 20.43 20.55 20.52 20.67 21.19 21.63 22.21 22.81 23.32 23.93 24.01 24.07 24.13 24.14 24.13 24.09 23.98 23.60 23.40 22.68 21.22 19.98
traj-44:
37.50 37.22 35.28 33.32 31.57 29.83 29.53 27.75 25.99 25.60 24.72 24.48 24.50 24.59 24.72 24.09 22.37 21.54 19.82 18.99 17.47 16.96 15.39 14.22
22.12 22.24 22.63 22.86 22.87 22.89 22.89 22.90 23.41 23.38 25.16 27.12 28.58 30.11 31.21 32.82 33.48 33.35 33.61 33.78 33.93 33.90 33.66 33.64
traj-45:
39.15 37.48 36.29 34.30 33.41 31.93 30.19 28.48 26.99 26.93 26.39 25.98 25.71 25.34 25.05 24.50 24.60 24.60 24.75 24.58 24.39 24.11 22.34 20.88 19.14 18.85 17.25 15.90 14.41 13.07 11.21  9.53  7.82
22.52 22.55 22.59 22.68 22.74 22.76 22.82 22.90 22.70 21.80 20.19 18.90 18.07 16.98 16.06 14.48 12.49 10.50  9.26  7.78  6.62  5.17  4.40  4.53  4.69  4.74  5.82  6.91  7.25  7.68  8.12  8.53  8.95
traj-46:
39.20 37.22 35.30 34.18 33.11 31.51 29.92 28.75 27.15 26.57 24.80 23.18 21.48 19.71 17.93 16.07 14.71 13.84 11.86 10.16  8.80  7.66  6.76  5.87
20.70 20.56 20.48 20.53 21.09 22.10 22.27 22.38 22.59 22.66 22.89 23.19 23.10 23.18 23.38 24.05 23.98 23.92 23.87 23.09 21.77 20.47 19.28 18.04
traj-47:
38.91 38.23 36.33 35.21 33.27 31.96 30.38 29.30 28.23 26.67 26.38 26.14 26.08 25.11 24.46 24.35 24.31 23.26 22.04 20.68 19.39 17.41 15.67 13.75 11.80  9.98
21.03 21.09 21.39 21.52 21.79 21.78 22.28 22.58 22.92 23.75 24.58 25.89 26.72 28.43 29.56 31.28 32.45 33.53 34.00 34.44 34.00 34.00 33.68 33.35 33.58 34.12
traj-48:
37.14 36.54 34.79 32.80 31.95 30.21 29.91 28.22 27.90 26.69 25.89 26.00 25.50 25.22 25.08 24.78 24.53 24.31 24.01 24.05 22.43 20.98 19.52 17.73 16.61
22.33 22.36 22.55 22.68 22.74 22.74 22.73 21.74 21.41 19.84 18.34 17.35 15.64 13.69 12.64 11.11  9.18  7.24  5.92  4.21  4.06  4.23  4.40  4.33  4.43
traj-49:
38.07 36.37 34.49 32.80 31.65 29.90 28.11 26.37 24.68 23.04 22.08 20.90 19.03 18.73 17.02 15.59 13.65 11.91  9.94  8.24  7.35  5.40
21.17 21.89 22.43 22.87 22.87 22.89 22.84 23.72 24.65 23.90 23.57 23.66 24.08 24.08 24.03 24.00 24.03 24.06 24.13 24.26 24.36 24.56
traj-50:
33.75 32.84 30.93 29.75 28.00 26.61 26.18 25.36 24.90 25.24 25.34 25.24 25.57 25.31 23.56 23.26 21.56 20.46 19.24 18.14 16.92 15.75 15.02 13.44 12.63
21.01 21.19 21.68 21.66 21.54 22.37 23.71 25.20 25.82 27.74 29.55 29.88 31.78 32.87 33.70 33.66 33.43 33.54 33.58 33.66 33.84 34.14 34.93 35.98 36.29
traj-51:
36.63 35.93 34.35 33.67 31.82 30.07 28.40 26.41 25.75 25.25 24.68 24.51 24.30 24.25 24.23 24.25 24.37 24.48 24.48 23.62 22.36 20.62 19.46 18.01 16.97 15.32 13.77 12.02
21.58 21.57 21.49 20.94 20.71 20.32 20.14 20.10 19.21 17.47 15.85 14.98 13.04 12.45 11.00  9.33  8.11  6.36  6.06  4.51  4.19  4.45  4.67  4.86  5.29  5.14  5.06  4.85
traj-52:
33.72 32.45 30.68 29.72 27.92 26.28 25.10 23.20 22.42 20.49 18.62 16.81 15.73 14.25 12.83 11.40 10.26  8.50  8.92  9.21  9.29  9.71
20.66 20.50 21.16 21.47 21.98 22.87 23.56 23.37 23.27 23.21 23.25 23.31 23.42 24.27 24.35 24.30 24.15 23.30 21.48 19.99 19.49 17.57
traj-53:
37.28 35.35 34.49 32.78 31.64 29.80 28.98 28.11 26.37 25.79 25.03 24.41 24.33 24.37 24.47 24.54 24.62 24.36 24.05 24.06 25.71 26.01
20.28 20.20 20.14 20.22 20.25 20.37 20.39 20.51 21.11 21.77 22.63 24.36 25.75 27.51 28.91 30.37 31.85 33.31 34.75 35.35 36.40 36.41
traj-54:
36.41 34.64 32.72 30.74 30.31 28.89 27.09 26.80 25.96 25.57 25.18 24.78 24.48 24.11 24.06 24.02 24.10 22.32 21.75 20.27 18.38 17.92 16.00 14.86 13.01 11.13 10.02  8.53  6.66
20.60 20.59 20.35 20.24 20.15 20.11 20.26 19.95 18.55 16.93 15.24 13.32 11.48  9.74  7.82  6.76  5.77  4.92  4.89  4.87  4.91  5.21  5.74  5.69  5.40  5.39  5.34  5.56  5.34
traj-55:
33.84 33.04 31.57 29.71 28.23 26.81 26.55 24.67 22.79 22.04 20.34 18.66 16.77 15.09 13.62 12.84 11.40 10.84  8.98  7.61  7.24  6.96  7.35
22.20 22.23 22.22 22.47 22.66 22.87 23.01 23.59 23.50 23.57 23.68 23.94 23.87 24.08 24.07 24.07 23.97 23.93 23.55 22.41 20.91 19.87 18.81
traj-56:
36.18 34.71 32.96 31.34 30.28 28.33 27.97 26.09 25.29 25.32 24.73 24.43 24.12 24.45 24.78 25.04 25.84 27.47 28.72
20.42 20.26 20.07 20.06 20.06 20.17 20.21 20.66 22.17 23.62 24.95 25.01 26.55 27.79 29.29 30.41 32.20 33.07 33.59
traj-57:
38.32 37.17 35.28 33.66 32.29 31.00 29.77 28.41 26.90 25.70 25.48 25.53 25.38 25.34 25.41 25.37 25.32 25.11 25.04 25.06 23.84 22.15 20.42 18.65 17.40 15.94 15.06 14.10 12.73 11.45  9.58  8.56
20.28 20.36 20.48 20.56 20.54 20.66 20.77 20.76 21.17 20.08 18.59 18.04 16.57 14.65 13.19 12.01 10.16  8.25  7.00  6.14  4.83  4.29  4.45  4.71  5.47  6.24  6.61  7.05  7.68  7.98  7.97  8.01
traj-58:
38.79 37.03 35.90 34.35 33.77 32.11 30.76 29.15 27.81 26.22 24.70 23.16 21.18 20.59 18.72 18.15 16.43 14.70 13.59 11.88 10.20  9.17  8.15  6.39
20.84 20.64 20.39 20.48 20.50 21.23 22.23 22.73 22.96 23.85 24.68 24.63 24.42 24.30 23.62 23.42 24.05 24.03 24.04 24.06 23.36 22.37 20.94 21.22
traj-59:
37.42 36.09 34.43 33.89 32.00 31.24 29.54 28.15 26.98 25.58 25.18 24.09 24.16 24.30 24.35 24.37 24.45 24.15 23.32 22.92
22.06 21.50 20.86 20.62 20.41 20.27 20.25 20.42 21.78 22.93 23.38 24.46 26.33 28.00 28.60 30.05 31.74 32.47 33.94 34.72
traj-60:
34.83 33.61 32.61 30.91 29.57 28.00 26.41 26.06 25.66 25.78 25.58 25.45 25.39 25.29 25.28 24.67 24.15 23.13 21.38 19.61 18.74 17.37 16.00 14.37 13.15 11.57
21.32 21.16 21.02 20.77 20.53 20.12 19.13 18.06 16.67 15.08 14.06 12.10 11.68  9.80  8.04  6.46  5.51  4.25  4.30  4.34  4.33  4.36  5.01  5.67  6.32  7.30
traj-61:
38.99 37.08 35.14 33.53 31.82 31.56 29.73 27.76 26.27 25.35 23.80 22.14 21.39 19.71 18.08 16.84 15.43 13.58 12.99 10.99  9.81  7.95  7.65
21.96 21.73 21.40 21.32 21.94 22.08 22.79 22.96 23.93 24.84 24.48 23.78 23.65 23.43 23.61 24.01 24.01 23.96 24.04 24.18 24.26 24.67 24.70
traj-62:
36.96 35.26 33.63 32.17 30.78 29.96 28.28 26.96 25.64 25.00 24.14 24.64 25.30 25.78 25.67 25.54 25.60 25.75
21.52 21.10 20.85 20.57 20.27 20.18 21.25 22.71 23.76 24.16 25.93 27.59 29.17 30.99 31.84 33.33 34.88 35.78
traj-63:
39.01 37.72 35.83 34.22 32.85 31.13 29.57 28.53 27.38 25.89 25.35 25.26 25.06 25.04 25.05 25.03 24.74 24.44 24.43 24.02 22.24 20.46 19.27 17.34 15.76 13.80 12.24 11.59  9.99
20.16 20.27 20.27 20.31 20.42 20.39 20.32 20.38 20.37 19.40 17.76 16.54 14.73 13.30 11.61 11.23  9.58  7.63  7.31  5.81  5.00  4.95  4.89  4.80  4.68  4.53  4.39  4.34  4.16
traj-64:
36.87 35.65 33.75 32.34 30.63 29.44 27.75 26.17 25.41 23.99 22.16 20.46 18.70 16.70 14.72 14.02 12.16 11.60  9.94  8.99  8.03  6.85
21.85 21.32 21.60 21.79 21.92 21.94 22.36 23.41 23.95 23.91 23.90 24.07 24.09 24.10 24.01 23.76 23.70 23.58 23.22 22.75 22.22 21.85
traj-65:
33.61 32.10 30.38 29.82 28.05 26.63 25.91 25.33 24.88 25.10 25.38 25.21 25.27 25.75 26.69
20.28 21.03 20.65 20.43 20.86 21.20 21.45 23.31 24.78 25.88 27.21 28.55 29.85 31.65 32.93
traj-66:
34.96 33.11 31.33 29.65 27.81 27.24 25.65 24.88 24.58 24.43 24.48 24.52 24.67 24.75 24.86 25.10 25.46 25.14 23.25 21.65 20.47 18.71 16.80 15.64 14.51 14.15 12.31 10.65  9.34  7.45  5.62
20.49 21.02 21.43 21.70 22.27 22.35 21.69 20.20 19.38 17.51 15.69 14.06 12.12 11.16 10.33  8.37  6.45  4.75  4.20  4.19  4.21  4.23  4.36  5.74  7.31  7.09  7.74  7.47  7.06  6.62  6.02
traj-67:
38.56 37.17 35.75 34.02 32.54 31.11 29.32 27.83 26.25 25.70 24.02 23.07 22.12 20.25 18.85 17.15 16.50 15.13 14.00 12.07 11.24  9.29  7.56
22.41 22.46 22.60 22.79 22.89 22.93 22.95 22.90 21.85 21.70 22.32 23.09 23.51 24.06 24.16 23.99 23.98 23.79 23.52 23.89 24.15 24.25 24.16
traj-68:
36.71 34.83 33.91 32.06 30.81 30.00 28.59 27.24 26.33 25.78 25.35 25.34 25.59 25.68 26.12 26.25 26.61 27.63 28.85 29.66
20.60 20.37 20.36 20.33 20.28 20.21 20.19 20.35 21.64 23.42 25.15 25.75 27.22 29.12 30.42 31.30 33.00 34.34 35.83 36.21
traj-69:
34.65 32.96 31.08 29.76 28.82 27.13 26.25 25.88 24.57 25.10 25.53 25.74 25.77 25.81 25.81 25.86 25.40 24.99 24.48 23.53 22.41 20.68 19.80 18.08 16.26 15.11 13.85
21.55 21.57 21.53 21.95 22.20 22.53 22.56 22.15 21.45 19.62 17.89 16.35 15.34 13.88 12.69 10.69  9.02  7.31  5.65  4.59  4.27  4.54  4.68  4.86  5.45  5.85  5.95
traj-70:
36.56 34.73 33.88 32.28 30.89 28.94 27.84 26.55 25.07 24.04 23.02 21.26 20.66 18.67 16.69 15.07 14.01 12.47 10.82  8.91  7.17
20.89 21.20 21.32 21.27 20.64 20.55 20.52 21.02 21.85 22.28 23.83 23.95 24.04 24.07 24.06 23.84 23.78 23.92 24.01 23.50 23.10
traj-71:
33.98 32.38 31.78 30.01 29.28 29.19 27.31 26.30 26.47 26.56 26.65 26.82 26.87 26.80 26.64
20.21 20.54 20.51 20.39 20.47 20.75 21.25 22.79 24.26 25.37 26.27 28.03 29.50 30.97 32.69
traj-72:
33.70 32.65 31.00 29.15 27.71 26.73 26.47 26.19 25.86 24.86 24.15 24.14 24.14 24.19 24.37 24.41 23.90 22.18 21.88 20.13 18.39 17.06 16.49 14.72 13.94 12.53
21.66 21.51 21.32 21.18 20.59 19.52 17.80 15.84 13.97 12.25 11.36 10.57  8.72  8.13  6.28  5.79  4.84  4.32  4.38  4.75  4.78  6.22  7.23  8.04  7.96  7.94
traj-73:
38.21 37.64 36.01 34.53 32.61 30.67 29.21 28.32 26.84 26.75 26.23 26.10 24.85 23.38 22.26 20.46 19.17 17.62 16.65 14.91 12.95 11.28 10.11  8.93  8.90  8.96  8.92
21.05 21.19 21.64 22.01 22.42 22.80 22.84 22.94 23.97 24.48 26.40 26.95 25.69 24.75 24.45 23.94 23.87 23.95 23.87 23.74 23.44 23.27 23.13 21.72 21.13 19.47 17.67
traj-74:
33.94 32.25 30.51 29.09 28.49 26.91 26.36 26.03 25.81 25.60 24.80 23.16 21.35 19.69 18.07
22.36 22.64 22.84 22.80 22.77 23.72 25.09 26.80 28.75 30.41 32.07 33.16 33.31 33.46 33.56
traj-75:
36.25 35.24 33.46 31.83 30.20 29.51 27.65 25.94 25.87 25.58 25.45 25.39 25.23 24.88 24.99 25.12 24.35 23.24 22.66 21.20 20.62 18.87 18.08 16.31
21.08 20.94 21.33 21.25 20.83 20.60 20.02 19.35 18.76 16.91 15.40 13.83 11.98 10.43  8.86  6.99  6.00  4.82  4.73  4.51  4.48  4.24  4.19  4.09
traj-76:
37.86 36.42 34.68 34.38 32.59 30.92 29.45 27.99 26.66 26.26 24.80 23.28 21.57 20.38 18.71 17.20 16.05 14.15 12.38 11.24  9.51
22.53 22.74 22.84 22.83 22.82 22.83 22.83 22.88 23.68 24.11 25.44 24.96 24.87 24.75 23.96 23.95 23.96 24.00 24.02 24.06 23.74
traj-77:
37.44 36.51 34.61 32.78 32.48 30.51 28.81 28.07 27.27 25.79 25.31 24.68 24.58 24.73 25.00 25.14 25.12 24.48 22.92 21.26 19.33 18.20 16.69 15.92
20.55 20.44 20.21 20.21 20.18 20.12 20.10 20.87 21.71 22.76 23.12 24.49 26.09 26.64 28.08 29.31 30.92 32.72 33.23 33.49 33.71 33.60 34.25 35.11
traj-78:
36.27 35.76 33.92 32.92 31.14 29.49 27.93 26.88 25.69 24.06 24.09 24.11 24.11 24.11 24.12 24.16 24.24 24.46 24.75 24.80 24.69 24.39 22.56 22.28 20.55 19.38 18.51 17.51 15.80 14.36 12.93 12.65 12.36
21.32 21.31 21.16 20.71 20.34 21.06 21.27 21.17 21.10 20.29 18.30 16.58 14.62 13.21 12.13 10.40 10.11  9.90  8.25  6.78  6.19  4.76  4.20  4.30  4.50  4.67  4.80  5.34  5.83  5.66  4.31  4.60  4.68
traj-79:
39.10 38.38 36.40 34.46 33.36 31.65 31.09 30.87 29.03 28.17 26.74 26.16 24.47 22.61 21.33 19.51 17.52 15.56 14.67 12.90 11.97 10.21  9.04  7.11  6.68  5.36
21.69 21.77 21.85 21.47 21.57 21.65 21.46 21.56 21.79 21.42 22.30 22.43 23.07 23.50 23.72 23.96 24.00 23.99 24.07 24.22 24.35 24.38 24.27 23.93 23.86 22.44
traj-80:
37.57 35.62 33.90 32.11 30.92 29.48 27.70 26.13 25.52 25.09 24.37 24.36 24.41 24.44 24.75 25.47
22.47 22.80 22.86 22.85 22.89 22.97 22.90 23.71 24.19 24.43 26.04 27.14 28.97 30.88 31.95 33.68
traj-81:
36.70 34.76 33.42 32.42 30.44 28.47 28.18 26.73 25.86 24.87 24.84 24.67 24.67 24.46 24.49 24.61 24.57 24.66 24.50 24.26 23.84 21.89 20.43 18.52 17.28 15.73 14.85 13.57 11.71  9.83  8.31  6.59
20.27 20.21 20.26 20.39 20.32 20.46 20.49 20.53 20.40 19.42 17.92 16.25 14.31 12.92 12.67 10.72 10.52  8.72  6.89  5.55  4.76  4.47  4.69  4.99  5.79  6.68  6.87  7.17  7.45  7.02  6.92  6.74
traj-82:
34.28 33.81 32.07 30.81 28.93 27.53 27.02 25.36 23.52 23.08 21.42 19.44 17.50 15.65 14.21 12.45 11.25  9.49  9.11  8.98  8.90  8.84
21.14 20.77 20.40 20.37 20.67 21.59 21.90 22.94 23.14 23.13 23.13 23.07 23.39 23.62 23.98 23.99 24.05 23.25 21.58 20.25 18.71 17.07
traj-83:
34.91 34.07 32.18 31.03 29.57 27.78 26.62 26.60 26.72 26.84 26.83 26.87 26.83 26.84 26.81 28.48 29.95
22.27 22.47 22.74 22.84 22.91 22.93 24.49 26.09 27.56 29.05 30.82 31.67 33.20 34.13 35.54 36.37 36.63
traj-84:
38.82 38.13 36.28 34.50 34.00 32.13 30.82 29.75 27.76 26.83 26.41 26.35 26.24 25.90 25.87 25.93 25.89 25.47 25.12 23.70 23.35 21.47 19.73 17.98 17.69 15.79 13.89 13.32 11.55 10.44
21.04 20.96 20.80 20.49 20.47 20.26 20.36 20.37 20.35 19.16 17.29 16.12 14.66 12.91 11.20  9.59  9.01  7.12  6.34  4.97  4.66  4.42  4.49  4.66  4.74  5.20  5.52  5.63  5.95  6.13
traj-85:
33.84 32.97 31.11 30.41 28.57 26.98 26.76 26.14 24.85 24.18 22.34 20.39 18.93 16.94 16.06 14.58 12.87 11.31 10.48  8.66  7.79  6.42  5.02
20.51 20.72 21.22 21.45 21.94 23.05 23.52 25.05 26.36 24.51 23.85 23.91 23.96 24.17 24.22 24.11 23.98 23.99 24.06 23.60 23.50 23.27 23.05
traj-86:
37.15 36.85 34.87 34.30 32.88 31.46 29.65 27.65 26.32 26.04 25.73 25.63 25.29 25.53 25.64 25.96 24.84 23.76
22.27 22.28 22.49 22.56 22.73 22.85 22.95 22.98 23.86 25.54 27.25 27.92 29.43 31.02 31.98 33.54 35.16 35.52
traj-87:
35.27 34.35 32.53 31.18 30.49 29.07 27.45 27.03 26.26 26.28 26.20 26.19 25.92 25.61 25.46 24.77 25.04 25.21 24.94 24.43 22.62 21.75 20.02 18.10 16.73 14.84 12.98 11.50 10.56  8.72  7.32  5.64
21.48 21.14 20.83 20.42 20.25 20.36 20.39 20.13 18.37 17.48 15.60 15.46 14.06 12.72 12.04 10.45  8.70  7.85  6.31  4.98  4.38  4.43  4.51  4.81  5.25  5.77  6.34  6.98  7.39  7.96  8.36  8.80
traj-88:
36.89 35.59 34.29 33.25 32.05 30.24 30.00 29.71 27.84 25.97 24.38 23.12 21.34 20.35 18.45 16.53 15.68 14.50 13.64 11.76 10.62  9.48
20.72 20.98 21.10 21.22 21.38 21.75 21.76 21.84 22.29 22.53 22.45 23.57 23.74 23.68 23.58 24.06 24.01 24.01 23.93 23.64 23.14 22.50
traj-89:
34.01 32.25 30.78 30.21 29.17 27.50 25.85 24.59 24.13 24.17 24.16 24.15 24.22 24.63 25.50 26.29 27.45 29.10 30.23 31.49
21.79 21.56 21.28 21.13 20.86 20.36 20.62 21.54 21.92 23.81 25.25 26.20 27.36 29.14 30.67 32.39 33.07 33.67 34.56 35.55
traj-90:
37.78 36.48 34.56 32.89 32.03 30.55 28.77 27.35 26.95 25.96 25.18 24.73 24.38 24.62 24.38 25.20 25.56 24.54 24.43 24.39 23.79 22.52 20.76 19.30 18.49 17.32 16.88 15.55
21.73 21.94 22.39 22.84 22.94 22.89 22.65 21.71 20.93 19.35 18.75 17.49 15.96 14.01 12.44 11.19  9.25  8.02  6.42  5.83  4.82  4.29  4.51  4.71  4.87  5.71  6.11  7.50
traj-91:
38.26 37.50 36.26 35.18 33.48 31.59 29.82 27.87 26.13 25.65 24.44 24.01 22.26 21.18 20.01 18.18 16.39 14.63 12.99 11.27 10.43  8.76  7.10  5.91
20.23 20.26 20.40 20.61 20.85 20.88 20.12 20.37 21.15 21.45 22.33 22.70 23.27 23.26 23.20 23.20 23.09 23.27 24.05 23.96 23.89 23.81 23.81 23.66
traj-92:
38.83 38.25 36.33 35.22 33.48 32.58 30.86 29.43 27.63 26.57 26.59 26.63 26.76 26.83 26.94 25.79 24.08 22.42 20.63 18.65 17.04 15.45 14.51
22.16 22.26 22.60 22.79 22.98 22.99 22.97 22.95 22.94 24.46 26.21 27.94 29.11 30.54 32.04 33.59 34.21 33.76 33.29 33.55 33.88 34.38 34.57
traj-93:
34.52 34.22 32.36 31.24 30.14 28.97 27.54 26.64 24.71 24.67 24.78 24.81 25.18 25.50 25.87 25.67 25.76 25.53 25.39 25.09 24.14 23.53 21.66 20.21 18.76 16.90 16.77
22.07 22.09 22.21 22.45 22.77 22.83 22.92 23.48 24.00 22.01 20.27 19.37 17.49 16.31 14.38 12.93 11.01  9.35  8.48  6.74  5.20  4.51  4.40  4.43  4.50  4.36  4.09
traj-94:
34.93 33.59 33.24 31.85 30.19 29.35 27.70 26.32 25.92 24.37 23.46 21.57 19.79 18.45 16.53 14.78 13.30 11.55 10.12  9.57  7.99
20.09 20.34 20.72 21.32 22.28 22.50 22.87 23.72 24.46 24.70 24.57 24.34 23.71 23.91 24.14 24.27 24.44 24.45 24.16 24.09 23.51
traj-95:
38.27 36.50 35.54 33.68 32.28 30.35 28.50 26.67 25.26 24.58 24.60 24.64 24.81 24.53 24.49 24.18 23.63 21.84 20.84 18.99 17.86
20.90 21.22 21.18 21.16 21.16 21.22 21.31 21.45 22.39 24.04 26.04 27.96 28.44 30.28 30.84 32.26 33.09 33.52 33.73 34.12 35.17
traj-96:
35.24 36.80 35.25 33.72 32.85 31.22 29.48 28.31 26.52 26.27 25.37 25.45 25.55 25.76 25.61 25.50 25.40 25.24 25.04 24.63 24.28 23.18 21.54 20.38 18.92 17.18 15.87 14.59 13.02 11.99 10.75
22.60 22.09 21.23 21.15 21.29 21.45 21.29 21.55 21.16 20.65 19.25 17.47 16.24 14.96 13.24 11.88 10.71  9.24  7.92  6.21  5.13  4.26  4.25  4.52  4.76  5.65  5.95  6.25  6.45  6.50  6.67
traj-97:
36.95 35.82 34.06 32.60 31.50 29.63 28.23 26.91 26.32 26.15 25.07 24.32 23.10 21.76 19.95 19.40 17.60 17.12 15.38 13.68 11.98 11.38  9.61  7.86  7.59
20.07 20.11 20.39 20.61 20.76 21.35 21.95 22.68 24.41 26.15 27.63 25.89 24.35 24.02 23.57 23.56 24.19 24.13 24.14 24.07 24.22 24.27 23.70 22.85 22.72
traj-98:
36.13 34.64 33.53 31.56 29.87 27.88 26.95 26.65 26.75 26.62 26.76 26.76 26.75 28.40 29.54 31.26 32.99
22.47 22.47 22.50 22.63 22.67 22.65 23.14 24.84 25.43 27.40 29.18 30.26 32.02 33.08 33.08 33.23 33.29
traj-99:
36.77 35.68 33.96 32.98 31.31 29.35 27.53 25.86 25.63 25.42 25.27 25.18 24.88 24.75 24.58 24.38 24.35 24.28 24.14 24.08 23.34 21.41 19.96 18.17 17.45 16.92 16.11 14.64 13.23 11.29  9.47
21.20 21.19 21.36 21.44 21.66 21.74 21.98 20.89 19.48 18.04 17.26 16.13 14.92 13.58 12.09 11.20  9.74  8.29  6.78  5.99  4.81  4.73  4.76  4.82  5.20  5.79  5.22  6.15  5.95  5.69  5.45
traj-100:
37.82 36.92 35.04 34.17 32.26 30.49 28.77 26.93 25.67 24.09 22.27 21.98 20.18 19.60 17.96 16.97 15.10 13.21 11.22 10.17  8.42  6.73
22.21 22.18 22.23 22.43 22.78 22.94 22.85 22.61 21.86 22.42 23.17 23.25 24.01 24.02 23.99 23.94 23.91 24.01 24.07 24.03 24.07 23.83
traj-101:
38.55 37.40 35.45 33.95 32.35 30.38 29.57 27.65 26.84 26.32 25.44 25.18 24.56 24.53 25.43 25.82 24.46 22.46 20.79 19.30 17.47 15.69 14.61 12.75 10.94  9.62
21.01 21.37 21.35 21.55 21.74 21.52 21.17 21.66 22.37 23.32 25.11 26.27 28.10 29.88 31.30 31.95 33.30 33.27 33.28 33.59 33.86 34.64 35.05 35.64 36.33 36.88
traj-102:
39.18 38.89 37.12 35.32 34.35 32.71 30.77 29.01 27.23 26.14 25.76 25.20 24.50 24.65 24.57 24.20 24.09 24.17 23.55 22.11 20.36 18.43 17.31 15.91 14.42 12.93 11.67 10.36
21.50 21.44 21.25 21.15 21.03 20.50 20.24 20.31 20.10 19.04 17.31 15.43 13.57 11.86  9.93  8.17  6.79  5.61  4.80  4.43  4.48  4.59  5.89  6.93  7.74  6.94  6.31  5.59
traj-103:
36.24 34.60 32.82 31.37 29.91 28.13 27.83 26.54 25.70 23.93 23.36 21.79 21.22 19.22 17.26 15.48 14.33 13.18 11.72  9.96  8.24  7.55  8.17  7.58  7.46
22.43 22.87 22.92 22.90 22.86 22.82 22.80 23.46 24.22 24.26 24.22 24.10 24.10 23.97 24.11 24.26 24.35 24.37 24.29 24.25 23.99 23.07 21.22 19.43 17.73
traj-104:
37.94 35.97 35.67 33.82 32.11 30.25 29.25 27.49 25.85 25.25 24.52 24.88 25.46 25.63 25.15 24.24 23.17 22.97 21.64 20.94 19.12 17.18 15.35 13.69 12.67 11.63
20.33 20.18 20.16 20.14 21.04 21.55 21.71 21.96 22.90 24.11 25.91 27.55 29.33 29.89 31.66 32.69 33.43 33.65 33.93 34.15 34.69 34.23 34.00 34.27 34.61 35.05
traj-105:
35.26 34.04 32.15 30.70 29.58 27.60 26.42 26.10 25.80 25.68 25.65 25.61 25.62 25.68 25.47 25.35 25.16 25.02 24.33 23.91 22.25 21.96 20.78 19.07 18.49 17.54 16.80 15.00 13.96 12.74 11.63  9.94  9.50  8.91
21.62 22.28 22.80 22.78 22.78 22.79 22.74 21.05 20.07 18.33 16.44 14.97 14.16 12.33 10.48  9.60  8.12  6.97  5.71  4.93  4.32  4.37  4.57  4.85  4.94  6.02  6.92  7.30  7.63  7.39  6.92  6.07  5.09  4.15
traj-106:
36.68 35.56 34.13 32.95 31.14 29.29 27.65 27.16 25.58 24.05 22.44 20.59 19.24 17.60 17.15 15.19 13.28 11.86 10.42  8.82  8.82  8.86  8.87  8.81
20.18 20.37 20.73 20.83 21.09 21.26 21.88 22.03 22.41 22.71 23.04 23.09 23.18 23.22 23.34 23.59 24.13 24.25 24.23 23.49 22.66 21.29 20.09 19.10
traj-107:
33.90 33.14 31.31 29.52 28.16 27.56 25.92 25.54 25.21 24.32 24.03 24.06 24.06 24.14 24.48
21.77 21.46 20.87 20.13 21.58 22.22 23.27 23.59 24.18 25.07 26.81 28.39 29.99 31.13 33.07
traj-108:
37.37 35.86 34.19 33.00 31.26 29.46 27.52 26.62 25.48 25.63 25.51 25.44 25.44 25.30 25.26 25.14 24.98 24.63 24.29 22.53 21.08 19.90 18.76 18.60 17.84 16.38 15.11 13.69 13.11
22.09 21.53 21.26 21.27 21.32 21.25 21.16 21.12 19.77 17.93 16.32 14.56 13.69 11.96 11.37  9.91  8.44  6.82  5.07  4.29  4.30  4.32  4.44  4.69  5.14  6.42  7.47  8.60  8.75
traj-109:
37.93 36.07 34.51 33.35 31.35 29.89 28.46 27.28 25.32 24.37 22.72 21.19 19.47 17.63 16.05 14.27 12.78 10.79 10.09  8.54  6.97  5.95
22.38 22.69 22.89 22.86 22.86 22.88 22.89 22.91 22.95 22.91 23.13 23.25 23.51 24.03 23.95 23.94 23.72 23.60 23.47 22.84 22.59 22.43
traj-110:
33.68 33.16 31.40 29.91 28.50 29.20 27.45 26.02 25.83 25.36 24.80 25.21 25.89 26.25 27.75 28.79 29.45
22.70 22.76 22.95 22.93 22.85 22.30 22.32 23.52 24.44 25.89 27.80 29.26 31.11 32.12 33.09 33.74 34.19
traj-111:
34.82 33.14 31.20 29.92 28.17 26.83 26.83 26.82 26.81 26.82 25.96 25.93 25.93 25.69 25.62 24.16 23.57 21.65 21.00 19.32 18.74 17.79 16.79
20.89 20.89 20.92 20.87 20.45 19.01 17.27 15.94 14.64 12.83 11.11  9.15  7.65  5.88  5.29  4.24  4.26  4.45  4.51  4.69  4.73  5.92  6.87
traj-112:
34.19 32.49 32.19 30.47 29.00 27.61 25.89 24.09 22.45 21.09 19.34 18.08 16.23 15.65 13.68 12.51 10.82  9.94  8.58  7.50  6.37  6.19  5.56  5.01
22.22 22.48 22.51 22.81 22.76 22.73 22.96 23.11 23.16 23.20 23.31 23.41 24.06 24.05 24.08 24.10 24.14 24.18 23.69 23.29 21.82 19.99 18.22 17.23
traj-113:
34.69 33.63 31.93 30.11 28.70 27.84 26.91 26.71 26.42 26.14 25.43 24.93 24.24 23.94 22.47 21.30 20.24 18.65 17.68
20.98 21.20 21.65 22.16 22.48 22.61 24.33 25.44 27.16 28.82 30.52 31.36 32.78 33.16 34.07 34.80 35.37 36.09 36.76
traj-114:
35.43 34.64 32.75 31.24 29.57 29.05 28.96 27.72 25.87 25.73 25.15 24.79 24.21 24.26 24.22 24.15 24.06 24.01 24.02 24.13 22.62 21.17 19.98 18.53 17.59 15.98 14.38
21.52 21.21 20.89 20.79 20.54 20.48 20.77 20.95 20.47 19.24 17.57 15.75 13.87 12.95 11.46 10.75  9.51  7.79  6.57  5.21  4.60  4.69  4.76  4.86  5.44  6.32  6.37
traj-115:
35.75 33.93 32.10 30.33 28.42 27.56 25.89 24.16 22.88 20.95 19.53 18.22 16.87 14.96 14.35 12.83 10.96  9.50  7.98  6.81
20.60 21.20 21.72 22.57 22.85 22.91 23.77 24.35 23.96 23.81 23.85 23.88 23.98 23.67 23.62 23.48 23.26 22.37 21.61 21.04
traj-116:
37.23 35.58 33.81 32.06 30.27 29.09 27.69 26.61 25.92 25.66 24.95 25.05 25.11 24.97 25.00 24.55 23.88 22.00 20.52 19.10 18.30 16.80
22.58 22.82 22.97 22.94 22.92 22.86 22.84 23.56 24.10 24.25 26.07 27.25 28.22 30.01 30.61 32.31 33.59 34.22 34.37 34.57 34.61 34.78
traj-117:
38.72 37.98 36.69 34.90 33.14 31.67 30.51 29.31 27.85 26.16 25.68 25.27 24.70 24.30 24.48 24.42 24.43 24.44 24.54 24.54 24.76 24.91 24.58 23.64 22.29 21.12 19.39 18.81 17.62 16.81 15.48 13.99 12.51 10.84  9.98
22.72 22.79 22.88 22.88 22.89 22.90 22.94 22.95 22.93 21.98 20.82 19.86 18.08 16.53 15.19 13.43 12.49 10.60  8.68  8.09  7.88  6.33  5.54  4.28  4.29  4.33  4.40  4.45  5.86  7.21  7.58  7.60  7.70  7.79  7.78
traj-118:
36.02 34.09 32.89 31.71 29.98 28.80 27.32 25.86 23.88 22.35 20.44 19.15 17.22 16.63 14.90 13.00 11.58  9.79
22.77 22.88 22.88 22.86 22.83 22.82 22.82 23.27 23.15 23.48 23.71 23.65 23.58 23.56 23.72 23.98 24.11 23.52
traj-119:
34.77 33.32 32.06 30.99 29.09 28.22 26.73 25.51 25.29 24.55 24.78 24.85 24.89 25.09 25.26 25.48 25.54 26.99
20.67 20.54 20.53 20.51 20.38 20.45 20.58 22.04 22.96 24.56 26.31 26.90 28.82 30.58 32.06 33.93 34.76 36.11
traj-120:
37.83 36.76 35.42 33.84 32.42 30.74 29.84 28.08 26.44 26.19 26.06 25.82 25.61 25.25 24.96 24.59 24.21 24.12 23.27 22.68 20.91 20.61 18.84 16.94 15.12 13.59 13.04 11.41  9.94  9.08
20.89 20.82 20.72 20.61 20.47 20.29 20.20 20.01 19.19 17.44 16.26 14.97 13.79 11.96 10.14  8.44  6.80  6.09  4.88  4.78  4.71  4.77  4.94  4.94  5.15  5.32  5.38  5.56  5.69  5.80
traj-121:
38.37 37.09 35.19 34.67 32.78 31.61 29.91 29.36 27.67 26.38 25.07 23.23 21.50 19.77 18.96 17.04 16.14 14.80 13.04 11.89 10.76  9.54  9.13  7.38  5.64
21.97 21.96 22.08 22.28 21.80 21.61 21.37 21.63 22.40 23.29 23.74 24.16 23.57 23.62 23.64 23.69 23.65 23.52 23.48 23.48 23.33 23.05 22.75 22.26 22.12
traj-122:
37.40 36.65 35.11 33.16 32.19 30.28 28.48 27.51 25.69 25.22 24.52 24.06 24.05 24.15 24.63 24.78 25.05 25.37 25.46 24.92 23.14 22.39 20.51 18.87 17.67 15.99 14.54 12.73 11.19  9.80
21.82 21.75 21.46 21.21 21.10 20.67 20.26 20.09 20.02 20.28 21.69 22.85 24.71 24.99 26.63 27.49 29.43 30.80 31.75 33.23 34.09 34.46 34.37 33.89 33.75 33.42 33.30 34.12 34.47 34.94
traj-123:
34.94 33.37 31.80 30.02 28.07 26.41 25.79 25.69 25.51 25.05 24.98 24.91 24.80 24.68 24.75 24.75 24.45 24.17 23.19 21.76 20.01 18.28 17.41 17.13 16.23
20.83 21.61 21.58 21.45 21.28 21.23 19.98 18.72 17.81 15.90 15.22 13.56 12.42 10.69  8.81  8.31  6.58  5.14  4.53  4.40  4.35  4.48  4.67  4.78  4.98
traj-124:
38.46 37.33 36.35 34.60 34.05 32.26 31.15 29.32 28.25 27.18 26.32 25.39 23.69 21.94 20.34 19.47 18.23 16.52 15.15 13.40 12.56 10.78 10.17  8.90  8.04  7.53  6.79
20.26 20.23 20.43 21.03 20.85 21.11 20.33 20.42 20.68 21.47 22.20 22.89 23.58 23.19 23.46 23.59 23.79 23.90 23.96 24.05 24.02 23.66 23.39 22.83 21.79 21.35 19.59
traj-125:
38.41 36.48 35.75 34.89 33.72 32.36 30.86 29.10 27.60 26.01 25.44 25.45 25.45 25.42 25.51 25.65 24.17 23.14 21.20 20.53 19.02 18.28 18.21 16.70 15.67
22.72 22.70 22.77 22.82 22.89 22.96 22.92 22.89 22.89 23.75 24.68 26.48 28.14 29.77 31.49 32.89 33.75 33.74 33.38 33.50 33.53 33.57 33.86 34.42 35.60
traj-126:
37.27 35.43 33.99 33.29 31.50 30.45 28.99 27.62 26.62 26.30 25.77 25.81 25.74 25.65 25.47 25.38 25.31 24.97 23.50 22.02 20.28 18.81 17.33 16.07 14.20 12.71 11.87  9.97  8.55  7.69
20.34 20.48 20.42 20.50 20.53 20.48 20.28 20.13 19.45 17.49 15.86 14.72 13.00 12.27 10.34  9.16  7.70  6.22  4.93  4.70  4.81  4.84  5.94  7.24  7.64  7.88  8.02  8.39  8.75  8.96
traj-127:
34.14 32.70 32.36 30.61 28.87 27.39 26.54 24.62 23.25 22.11 20.87 19.36 18.26 16.45 16.26 15.02 14.25 12.40 10.60  9.76  8.22  8.36
20.73 21.21 21.66 22.50 22.45 22.63 22.83 23.39 23.71 23.58 23.53 23.31 23.09 23.29 23.53 23.71 23.85 24.03 24.06 23.92 22.83 21.34
traj-128:
37.22 35.34 34.03 32.75 31.38 29.47 27.81 26.32 24.63 24.35 24.32 25.11 25.82 26.08 25.83 25.66 25.51 24.39 23.37
21.81 21.62 21.52 21.27 21.15 20.94 21.41 21.95 22.73 22.82 24.82 25.47 26.16 28.12 29.57 31.32 33.18 34.60 35.93
traj-129:
37.79 37.29 35.57 34.11 32.20 31.65 30.12 28.22 26.90 26.48 25.35 25.12 24.60 24.29 24.51 25.07 25.40 25.09 24.94 24.51 23.17 22.32 21.16 19.70 18.39 17.25 17.00 15.67 14.05 13.78
20.74 20.56 20.35 20.26 20.25 20.31 21.28 20.91 20.17 19.75 18.20 17.40 15.65 13.96 12.38 10.75  9.61  7.71  7.27  5.55  4.19  4.23  4.35  4.54  4.86  5.55  5.72  6.90  7.96  8.11
traj-130:
37.10 36.31 34.57 33.56 32.06 30.18 29.01 27.18 26.33 25.54 24.03 23.02 21.10 20.37 18.46 17.04 15.09 13.17 11.45  9.51  9.07  7.21  5.57
22.09 21.87 21.38 21.01 20.79 20.43 20.33 21.01 22.11 23.07 24.19 24.14 23.89 23.81 23.64 23.62 23.57 23.80 24.03 23.74 23.49 24.02 24.23
traj-131:
38.88 37.29 36.11 34.74 34.46 32.82 32.04 30.16 29.57 28.13 26.79 26.39 25.98 25.33 24.82 24.73 24.92 25.17 26.10 27.97 28.13 29.30 30.47
20.98 20.85 20.68 20.61 20.69 21.31 21.59 22.21 22.26 22.40 23.66 25.34 26.98 28.58 29.87 31.73 32.86 34.43 35.93 36.32 36.36 36.59 36.81
traj-132:
33.70 32.07 30.25 28.42 26.54 25.40 25.18 24.81 24.56 24.50 24.42 24.51 24.50 24.42 24.34 24.43 23.23 21.27 19.54 18.05 16.84 15.15 14.49
20.46 20.62 21.13 21.14 21.33 20.19 19.76 17.83 16.48 15.45 14.15 12.63 10.78  9.29  7.66  6.04  4.57  4.44  4.62  4.75  5.08  5.33  5.52
traj-133:
33.69 31.80 31.04 29.10 27.30 26.28 24.63 22.70 21.11 20.06 18.97 17.47 15.73 13.95 12.17 10.72  9.00  8.73  7.64
21.61 21.58 21.54 21.77 22.17 22.75 23.44 23.57 23.48 23.40 23.19 23.46 24.04 23.86 23.50 23.24 22.52 22.13 20.96
traj-134:
39.13 37.72 35.99 34.31 32.76 31.05 29.72 28.83 27.66 27.50 25.61 25.37 25.18 25.06 24.85 24.64 24.40 23.25 21.56 20.30 19.54 18.26 16.65 15.08 14.45 12.81
22.09 22.29 22.48 22.62 22.79 22.91 22.91 22.90 22.91 23.17 23.68 25.55 26.48 27.78 29.58 31.08 32.20 33.32 33.66 33.78 33.88 34.07 34.38 34.63 34.71 34.88
traj-135:
36.02 34.54 33.23 31.56 30.09 29.07 27.58 26.48 25.71 25.06 25.06 24.97 25.00 25.05 24.96 24.29 24.33 24.12 24.01 23.59 22.09 21.35 20.65 18.78 18.06 16.14 15.20 14.14 12.57 11.53
21.06 21.15 21.11 21.05 21.05 21.05 20.54 19.85 18.01 17.56 15.90 14.80 13.14 12.11 10.75  9.40  8.07  6.57  4.92  4.76  4.29  4.44  4.58  4.66  4.69  5.25  6.19  7.29  8.37  8.53
traj-136:
37.65 36.17 34.44 32.63 32.38 30.52 29.92 28.41 27.30 26.89 26.37 24.79 23.49 21.81 19.97 19.15 17.22 16.34 14.84 12.92 11.24  9.63  8.94  7.70  6.19  5.22
21.72 20.72 20.45 20.03 20.05 20.09 20.09 21.03 21.75 22.33 22.86 22.64 23.13 24.13 23.74 23.63 23.46 23.58 23.69 23.83 23.89 23.10 22.56 21.75 20.91 20.34
traj-137:
38.86 37.56 36.24 34.67 34.09 32.32 31.47 29.72 27.77 26.21 25.19 24.67 24.60 24.19 24.78 25.58 25.71 25.99 26.13 26.36
20.53 20.57 20.56 20.44 20.43 20.24 20.20 20.14 20.04 21.14 22.08 23.43 24.01 25.75 26.94 28.60 29.62 31.51 33.49 34.83
traj-138:
36.71 36.14 34.21 32.47 31.06 29.23 28.44 27.84 26.21 25.88 25.54 25.34 24.96 24.71 24.65 24.28 24.42 24.66 24.21 24.11 22.48 20.73 19.57 18.98 17.40 16.42 14.52 12.83
21.97 22.12 22.55 22.64 22.77 22.80 22.79 22.79 21.66 20.23 18.65 17.15 15.41 13.90 12.57 10.71  8.82  6.98  5.30  5.01  4.27  4.44  4.67  4.76  5.91  6.96  7.13  6.85
traj-139:
33.89 33.60 31.91 30.03 28.35 26.93 26.20 25.47 24.00 22.71 21.19 19.44 18.85 16.91 15.76 14.88 13.62 12.59 11.18 10.59  8.76  7.40  6.01
21.51 21.58 22.02 22.42 22.59 22.69 22.84 23.04 23.38 23.82 24.42 24.15 24.12 24.00 23.98 23.96 23.83 23.85 23.83 23.84 23.78 23.71 23.66
traj-140:
37.55 36.02 35.49 34.00 32.11 31.85 30.17 29.87 28.15 26.69 26.80 26.62 26.46 26.30 26.26 26.32 27.75 29.48 31.24
21.46 20.82 20.64 20.45 21.04 21.18 21.90 21.84 22.18 23.11 23.99 25.41 26.89 28.59 30.37 32.07 33.07 33.13 33.04
traj-141:
33.93 33.10 31.18 29.66 28.57 27.28 26.81 25.29 24.88 24.78 24.62 24.36 24.66 24.77 24.68 24.92 24.09 22.51 20.75 18.86 17.68 16.97 15.34 13.49 11.67 10.02  8.21
20.91 20.82 20.49 20.29 20.15 20.01 19.69 19.10 17.37 16.00 14.12 12.91 11.45  9.57  8.45  6.67  5.27  4.61  4.53  4.50  5.79  7.03  6.88  6.30  5.55  5.03  4.27
traj-142:
36.06 35.77 34.09 32.16 31.89 30.01 28.08 26.67 25.13 24.38 22.70 20.92 19.27 17.41 15.73 14.88 13.00 11.21 10.62  8.89  9.32  9.46
21.86 21.79 21.44 21.69 21.81 22.47 22.80 22.98 23.40 23.43 23.61 23.57 23.65 23.95 23.96 23.83 23.73 23.23 23.22 22.27 20.44 19.91
traj-143:
37.51 36.77 35.50 34.50 32.96 32.09 30.68 30.17 28.72 26.96 26.42 25.52 25.38 25.30 25.20 24.94 24.95 25.02 25.18 25.28 24.25 22.51 21.57 20.26 18.40 17.06 15.81 13.99 12.23 11.23 10.03
21.30 21.45 21.41 21.43 21.45 21.46 20.95 20.77 20.48 20.42 21.19 22.96 23.94 25.43 27.18 27.79 28.44 29.82 30.89 31.85 33.02 33.32 33.32 33.30 33.56 33.69 33.88 33.92 34.00 34.28 35.04
traj-144:
38.22 36.65 35.18 33.21 31.99 30.82 29.14 27.36 26.14 26.10 26.06 26.05 26.00 25.69 25.29 25.09 24.56 24.38 23.22 21.60 20.17 18.98 17.41 16.63 14.75 12.91 11.16  9.82
21.48 21.28 20.93 20.68 20.59 20.48 20.44 20.33 19.29 18.11 16.24 15.14 13.43 11.87 10.14  8.66  7.26  5.99  4.76  4.72  4.71  4.72  5.74  6.82  6.43  6.56  7.19  7.20
traj-145:
35.92 35.62 33.81 32.36 30.89 30.00 28.22 26.62 25.28 24.20 22.87 21.46 20.55 19.43 18.25 16.29 14.68 12.69 11.15  9.84  8.71
22.28 22.27 21.61 21.37 21.27 21.23 21.16 21.48 22.21 23.06 23.62 23.84 24.00 24.15 24.08 24.02 24.10 24.12 24.14 24.35 24.60
traj-146:
37.08 35.09 33.35 31.58 31.01 29.56 28.43 27.03 26.37 25.83 26.73 26.72 26.61 26.61 26.60 26.55 26.47 26.93 27.48 28.19
20.29 20.28 20.32 20.27 20.31 20.30 20.20 20.18 20.33 21.23 22.71 23.55 25.17 26.65 27.49 28.94 30.91 32.78 34.02 35.40
traj-147:
36.64 36.92 38.62 37.15 35.92 34.88 33.81 32.43 30.58 28.78 27.39 26.12 25.96 25.72 25.50 25.26 25.19 25.01 24.77 24.42 23.35 21.40 19.66 18.52 16.61 14.81 12.85
22.67 22.59 22.17 21.08 21.03 21.11 21.12 20.98 20.70 20.25 20.32 19.21 17.84 15.89 14.11 12.47 10.74  9.03  7.32  5.78  4.26  4.46  4.64  4.75  4.96  5.16  5.50
traj-148:
39.16 37.20 36.60 34.85 33.08 31.32 31.02 29.26 28.66 27.19 26.03 24.39 23.12 22.03 20.28 18.30 17.16 15.96 13.99 12.85 11.32  9.58  9.14  9.29  9.42  9.59
22.57 22.70 22.75 22.85 22.86 22.84 22.82 22.93 22.93 22.89 22.93 22.81 24.03 23.98 23.94 23.97 24.04 24.11 24.24 24.31 23.75 23.34 21.57 20.39 19.27 17.84
traj-149:
38.05 37.02 35.21 33.70 32.85 31.28 29.38 28.55 27.66 26.68 26.20 25.65 25.60 25.78 25.99 26.02 25.31 23.45 22.85
22.00 21.60 21.07 20.78 20.63 20.40 20.07 20.04 21.03 22.76 24.38 26.20 28.00 29.88 31.64 31.94 33.60 34.21 34.22
traj-150:
36.87 35.97 34.88 33.49 32.05 30.59 28.95 27.32 25.44 25.29 24.29 24.53 24.76 25.08 25.69 25.84 25.84 25.64 25.43 25.14 24.80 24.49 23.01 22.13 20.38 19.50 18.04 16.34
21.27 21.00 20.97 21.24 21.37 21.79 22.38 22.90 22.65 22.39 20.92 19.01 18.81 18.33 16.65 14.76 13.03 11.39  9.96  8.21  6.46  5.35  4.25  4.26  4.43  4.53  4.73  5.53
traj-151:
38.96 37.09 35.65 33.69 32.35 31.17 29.45 28.29 28.08 27.50 26.30 25.52 23.59 22.70 20.76 19.86 19.09 17.13 15.55 14.69 12.74 10.89 10.14  9.18  8.21
20.14 20.13 20.10 20.08 20.11 20.12 20.21 20.34 20.56 20.69 22.00 23.49 23.76 23.30 23.17 23.34 23.66 23.89 23.84 23.75 23.64 23.23 23.09 22.59 22.09
traj-152:
36.40 34.47 32.85 31.72 30.29 28.71 27.85 26.58 25.42 25.20 24.66 24.92 25.10 25.08 25.11 24.96 24.08
21.12 21.01 20.76 20.43 20.32 20.52 21.01 22.47 23.97 24.64 26.08 27.45 28.87 30.15 31.54 33.53 34.20
traj-153:
33.83 32.12 31.24 29.89 28.37 26.68 26.58 25.55 25.45 25.41 25.33 25.10 24.78 24.41 24.12 23.67 22.50 20.82 19.67 17.70 16.21
22.39 21.61 21.15 20.54 20.01 19.08 18.80 17.37 15.63 13.73 11.77 10.00  8.31  6.61  5.45  4.72  4.26  4.35  4.41  4.42  4.37
traj-154:
35.88 34.67 32.74 32.51 30.59 30.02 28.06 27.52 26.57 24.92 23.35 22.08 20.99 19.26 18.02 16.34 14.59 13.16 11.19  9.50  8.94  8.98
21.83 21.85 22.03 21.99 22.35 22.42 22.76 22.89 23.50 24.49 23.65 23.68 23.67 23.75 23.91 23.99 23.97 23.95 23.85 23.30 21.41 20.08
traj-155:
35.10 33.66 32.82 31.18 29.71 27.93 26.66 26.62 26.54 26.42 26.32 26.26 27.01 28.42 30.09 31.47
22.49 22.58 22.63 22.82 22.84 22.87 24.35 26.11 27.55 29.26 30.39 31.27 33.05 33.35 33.78 34.08
traj-156:
35.33 33.65 32.97 31.56 29.80 28.16 26.41 26.17 24.98 24.66 24.70 24.51 24.55 24.49 24.22 24.13 24.26 24.55 24.35 25.15 25.82 24.66 23.46 22.01 20.27 18.42 16.98 15.57 13.89 12.42 10.70  8.78
21.87 22.24 22.39 22.70 22.87 22.95 23.83 24.38 22.78 21.79 20.50 18.53 17.27 16.68 15.02 14.20 12.54 10.63  9.02  7.26  5.46  4.01  4.06  4.10  4.15  4.18  4.38  4.18  4.22  4.46  5.00  5.51
traj-157:
38.52 37.92 36.48 35.06 33.62 32.19 30.43 28.65 27.75 26.60 24.83 23.51 21.66 19.88 17.94 16.15 14.42 13.04 11.27 10.71  9.18  8.94  8.51  8.18
22.71 22.73 22.76 22.80 22.85 22.90 22.95 22.96 22.93 22.89 23.28 23.45 23.65 23.83 23.72 23.95 23.97 23.74 23.48 23.40 22.15 21.05 19.45 17.77
traj-158:
35.11 33.85 32.16 30.27 28.47 27.15 25.92 24.51 24.09 24.05 24.39 24.63 24.77 24.91 24.68 22.85
20.86 20.68 20.43 20.51 20.67 21.39 22.01 23.29 23.66 24.41 25.87 27.81 29.65 31.09 32.86 33.50
traj-159:
35.76 33.77 32.77 31.70 30.62 28.83 27.39 25.87 25.57 25.24 24.84 24.45 24.42 24.38 24.31 24.13 24.05 23.33 21.36 20.50 19.31 17.97 16.43 15.23 13.72 11.93 11.50
20.08 20.27 20.32 20.32 20.32 20.17 20.06 19.32 17.75 16.29 14.50 13.03 11.20 10.77  9.22  7.42  5.95  4.65  4.59  4.53  4.56  4.75  4.98  5.17  5.46  5.96  6.06
traj-160:
35.09 35.33 33.77 32.79 30.90 28.96 27.35 25.53 24.01 22.55 20.85 19.88 18.39 16.70 14.80 13.54 12.51 10.66  9.27  8.19  6.21  5.71
22.11 21.93 20.98 20.50 20.70 20.65 21.29 21.95 22.97 24.03 23.50 23.55 23.45 23.44 23.38 23.66 23.87 23.93 23.97 24.00 24.05 24.12
traj-161:
37.22 35.44 34.86 33.01 31.97 30.09 28.57 27.59 26.83 25.82 24.37 24.63 24.65 24.62 24.51 22.99 22.08 20.48 18.52 17.01 15.71 13.91 13.39 12.02 10.54
21.77 21.59 21.52 21.43 21.44 21.29 20.97 22.08 22.70 24.32 25.58 27.29 29.06 30.95 32.43 33.11 33.53 33.48 33.52 33.71 34.17 34.55 34.72 35.40 36.16
traj-162:
34.20 32.39 30.73 29.54 28.31 27.16 26.03 25.96 25.83 25.80 25.81 25.74 25.75 25.86 25.26 23.80 23.33 21.59 21.16 19.54 19.15 17.51 15.73 14.32 13.34 12.22 10.39  8.67  6.69  5.35
22.59 21.92 21.66 21.41 21.17 20.82 19.53 17.62 15.80 14.07 12.63 10.80  9.62  7.75  6.32  5.00  4.65  4.45  4.48  4.56  4.62  4.89  4.97  5.00  4.99  4.98  4.78  4.94  4.94  4.96
traj-163:
34.24 33.27 32.90 30.98 29.29 28.73 27.22 26.48 24.61 22.63 21.32 20.04 18.35 17.79 15.95 15.12 13.41 11.79 10.26  8.44  8.17
20.42 21.00 21.40 21.76 21.88 22.06 22.78 23.17 23.71 23.65 23.37 23.36 24.08 23.98 23.77 23.81 23.90 23.72 23.20 22.40 22.27
traj-164:
36.49 35.62 34.02 32.04 30.63 29.17 27.86 26.60 25.96 25.46 25.50 25.65 25.89 26.50 27.11 27.70 28.46
22.35 22.51 22.62 22.83 22.81 22.91 22.92 23.57 24.57 25.75 27.72 29.66 31.49 33.11 34.42 35.72 36.11
traj-165:
37.86 36.68 35.23 33.79 33.20 31.48 30.03 29.14 27.44 25.47 25.05 24.82 24.43 24.42 24.49 24.76 24.67 24.77 25.11 25.14 25.59 24.88 24.16 22.46 21.28 19.78 18.00 16.17 15.20 13.40 11.58  9.60  8.89  6.90  6.30
22.70 22.78 22.88 22.92 22.92 22.91 22.88 22.86 22.81 22.52 21.57 19.79 17.96 16.66 15.46 13.74 12.97 11.34  9.69  9.65  8.71  7.28  5.72  4.96  4.94  4.92  4.95  4.94  4.94  5.03  5.10  4.95  5.03  5.17  5.48
traj-166:
37.56 36.65 35.51 33.82 32.42 30.44 28.71 28.41 26.53 25.13 23.86 23.06 21.19 19.91 18.44 17.14 15.32 13.58 11.59 10.04  9.08  7.70  6.66  5.44
21.58 21.95 22.26 22.64 22.80 22.77 22.81 22.81 22.55 23.17 23.63 23.64 23.67 23.69 23.96 24.02 24.04 24.09 24.19 23.88 23.26 22.24 21.86 21.31
traj-167:
34.82 33.51 31.69 30.02 28.87 27.75 26.61 26.53 26.50 26.45 26.45 26.57 27.52 29.09 30.02 31.58 32.44 33.01
20.19 21.56 22.05 22.42 22.63 22.88 24.14 25.86 27.26 29.21 30.94 32.11 33.35 34.55 35.44 36.35 36.52 36.66
traj-168:
36.39 36.03 34.07 32.89 31.77 30.61 28.85 28.35 26.78 25.18 24.51 24.74 24.89 24.81 24.77 24.84 24.97 24.92 24.94 24.51 23.62 21.82 20.38 19.76 18.03 16.39 15.01 13.59 11.77 10.24  9.41
22.52 22.57 22.65 22.74 22.84 22.86 22.91 22.89 22.84 21.78 20.83 18.88 16.97 15.11 13.13 11.71 10.47  8.75  7.45  6.05  4.64  4.25  4.41  4.51  4.56  4.57  4.55  4.52  4.49  4.53  4.54
traj-169:
34.85 33.61 31.91 30.18 28.92 28.03 27.39 25.84 24.50 23.32 21.55 20.35 18.73 17.59 15.61 13.72 11.75 10.43  8.73  7.13
20.99 20.75 20.37 21.24 21.60 21.94 22.05 23.30 24.64 24.36 23.90 23.87 23.67 23.59 23.66 23.65 23.78 24.17 24.28 24.41
traj-170:
36.71 34.89 33.22 32.63 30.86 29.73 28.24 27.64 26.47 26.30 26.02 25.66 25.22 25.54 25.62 24.85 23.00 21.19 19.71
22.75 22.83 22.91 22.90 22.89 22.91 22.90 22.89 24.43 25.28 26.92 27.72 28.76 30.49 31.68 33.11 33.68 33.96 34.44
traj-171:
36.73 35.30 33.83 31.86 29.98 28.78 27.43 26.39 26.07 25.78 25.76 25.75 25.75 25.49 25.29 24.85 24.70 23.24 21.30 19.57 18.97 17.37 16.56 15.19 13.74 11.92 11.64  9.95  8.54
20.98 20.89 20.71 20.55 20.51 20.53 20.47 19.31 17.42 15.74 14.84 13.44 11.72 10.10  8.77  6.83  5.32  4.24  4.48  4.68  4.68  5.55  6.38  6.87  7.25  8.03  8.15  8.59  8.81
traj-172:
33.84 32.34 30.61 29.13 28.23 26.38 24.66 22.97 21.82 19.86 19.47 17.51 15.78 14.18 12.51 11.02  9.39  8.87  8.13  7.20
22.21 22.06 21.97 21.98 22.04 22.53 23.34 24.06 24.16 24.15 24.16 23.99 23.71 23.65 23.54 23.22 22.40 21.70 20.00 18.33
traj-173:
35.67 34.53 32.58 30.84 29.06 27.58 26.56 26.18 25.76 26.03 25.87 25.44 25.22 25.12
22.40 22.58 22.75 22.93 22.90 22.88 24.11 25.76 26.71 28.14 29.95 31.47 33.40 34.11
traj-174:
38.35 37.09 35.90 34.00 32.88 31.78 30.46 28.69 26.93 25.93 24.99 24.50 24.47 24.41 24.50 24.55 24.86 25.51 25.38 24.76 24.53 23.36 21.50 20.61 19.14 18.07 17.81 16.12 14.62 13.65 12.27 11.72
20.44 20.40 20.35 20.33 20.27 20.22 20.18 20.14 20.11 19.79 18.57 17.80 16.11 14.70 13.07 11.80 10.50  8.75  7.83  6.01  5.65  4.46  4.45  4.56  4.73  4.96  5.11  5.66  5.79  5.90  5.46  5.10
traj-175:
38.10 36.68 34.94 34.64 32.76 31.46 29.92 28.38 27.68 26.40 25.10 23.90 21.97 19.98 19.15 17.84 16.22 15.35 14.18 12.28 10.55  9.38  7.65  5.91  5.44
20.22 20.15 20.17 20.17 20.33 21.02 21.61 22.49 22.87 23.66 24.80 24.51 24.05 24.01 24.00 23.94 23.77 23.64 23.52 23.32 23.02 22.36 21.48 21.25 21.27
traj-176:
38.08 36.93 35.50 34.13 32.18 30.25 29.05 27.56 26.63 25.56 25.36 25.59 25.18 25.07 24.60 24.57 24.53 23.20 21.54 20.99 20.64
20.49 20.44 20.39 20.32 20.17 20.11 20.07 20.07 21.12 22.29 24.19 25.61 27.39 27.67 29.33 30.20 32.12 33.21 33.58 34.17 34.43
traj-177:
34.59 34.11 32.34 32.04 30.29 29.64 27.94 26.93 26.25 25.80 25.62 25.54 25.40 25.15 24.93 24.77 24.47 24.38 23.38 21.51 21.21 19.45 17.96 16.07 14.89 13.43 12.49
21.65 21.43 21.53 21.55 21.13 20.88 21.06 20.72 19.58 18.29 17.50 15.68 14.62 12.79 11.40  9.76  7.97  6.22  4.52  4.45  4.45  4.60  4.71  4.96  5.04  5.09  5.09
traj-178:
34.05 32.48 32.08 31.19 29.21 27.32 25.32 24.48 23.06 22.07 20.10 18.20 17.90 16.20 14.20 12.82 11.02  9.80  9.54
21.98 21.28 21.14 21.22 21.30 21.38 21.37 21.83 23.20 23.54 23.66 23.87 23.89 23.96 23.97 24.00 23.25 22.25 20.48
traj-179:
36.47 35.35 33.59 32.10 30.38 29.22 27.72 26.65 26.69 26.67 26.53 26.40 27.24 28.11 29.14 30.75 31.74
22.54 22.81 22.91 22.93 22.94 22.96 22.99 24.54 26.27 28.01 29.73 31.44 33.14 33.63 34.10 34.87 35.32
traj-180:
34.17 33.87 31.88 30.85 29.88 29.02 27.29 25.44 24.95 24.70 25.02 25.24 25.59 25.77 25.81 25.64 25.55 25.27 24.83 23.99 22.09 20.31 18.67 18.11 16.90 16.45 14.84 13.68 12.88 11.09  9.88  8.11  6.94  5.25
22.20 22.23 22.40 22.49 22.65 22.77 22.80 22.68 21.25 20.44 18.76 17.74 15.85 14.17 12.41 10.50  9.91  8.17  6.51  4.91  4.35  4.36  4.63  4.85  6.20  6.45  7.15  7.49  7.71  7.92  7.99  7.96  7.93  7.02
traj-181:
37.04 36.07 34.79 33.66 32.19 31.32 29.34 27.88 26.60 26.00 24.28 23.26 21.43 20.84 18.92 17.07 15.64 13.99 12.19 11.52  9.58  8.70  7.01  5.49
22.55 22.64 22.76 22.82 22.82 22.84 22.87 22.96 23.76 25.35 25.65 24.43 23.91 23.76 23.66 23.61 23.58 23.56 23.42 23.42 23.38 23.43 23.37 23.37
traj-182:
34.28 33.43 31.77 30.57 28.79 27.67 25.83 24.31 24.29 24.31 24.21 24.27 24.14 24.05 24.13 24.91
22.17 22.45 22.86 22.87 22.91 22.91 23.56 24.42 26.18 27.79 29.60 30.13 32.07 32.36 34.25 35.34
traj-183:
37.39 35.84 34.21 32.87 31.19 29.31 27.42 25.98 25.63 24.43 24.26 24.20 24.19 24.19 24.34 25.03 25.23 25.63 24.29 23.11 22.23 20.68 18.76 18.47 16.71 15.68 14.68 12.94 11.77 10.11  8.40  7.22
20.44 20.35 20.24 20.30 20.24 20.14 20.02 18.67 18.36 17.11 15.73 14.10 13.24 12.06 10.47  8.63  6.97  5.27  4.13  4.18  4.19  4.35  4.67  4.75  5.57  5.23  5.60  6.18  6.16  6.34  6.00  5.97
traj-184:
37.56 37.05 35.46 34.71 33.11 31.30 29.51 28.40 26.43 25.92 25.09 24.21 23.09 21.29 20.41 19.13 17.70 16.36 15.14 13.78 11.79 10.40  9.18  7.88  7.74  6.33  5.53
21.55 21.45 21.18 20.96 20.57 20.16 20.15 20.14 20.31 20.27 20.88 22.29 23.39 23.60 23.69 23.78 23.90 23.92 23.97 24.02 24.00 23.78 23.14 21.64 20.78 19.39 18.40
traj-185:
37.43 35.47 33.50 32.01 30.30 29.12 27.36 25.84 25.48 24.61 24.53 24.21 24.14 23.67 23.16 23.04 24.72 25.02 26.78 28.27 29.75 30.94
22.39 22.66 22.86 22.87 22.88 22.90 22.92 24.20 25.93 27.70 28.15 30.07 31.10 33.03 34.63 35.26 36.29 36.32 36.50 36.64 36.79 36.92
traj-186:
34.81 33.09 31.47 30.57 28.89 27.93 26.81 25.82 25.63 25.58 25.42 25.26 24.96 24.85 24.71 24.30 24.14 23.85 22.08 20.34 18.89 17.43 15.68 15.13 13.29
21.50 21.20 20.87 20.63 20.35 20.26 19.68 17.99 16.77 15.18 13.60 11.73 10.15  9.33  8.43  6.88  5.05  4.98  4.22  4.45  4.63  5.62  6.59  6.60  6.66
traj-187:
35.85 33.92 32.47 30.55 29.39 27.53 26.74 25.56 24.25 23.28 21.68 19.80 18.12 16.59 15.77 13.86 11.89 10.76  9.03  8.77
21.36 21.38 20.89 20.56 20.43 20.70 20.73 21.58 22.55 23.64 23.24 23.48 23.71 24.02 24.02 23.99 23.94 23.85 22.86 22.71
traj-188:
35.45 34.07 32.87 32.11 30.25 29.41 28.12 26.98 26.64 26.40 25.63 24.94 25.29 25.61 26.26 26.64 27.56 29.13 30.76 32.53
21.12 20.86 20.52 20.33 20.23 20.25 21.16 22.07 23.69 25.40 27.23 28.48 30.30 31.11 32.59 33.36 34.35 35.27 36.40 36.66
traj-189:
38.59 37.79 36.40 34.94 33.08 31.23 30.18 28.94 27.16 26.35 25.96 25.86 25.79 25.74 25.64 25.46 25.08 24.96 24.51 23.05 21.29 20.17 18.69 18.12 17.21 15.67 13.85 13.05 11.13  9.76  8.09  6.95  5.07
21.91 21.80 21.56 21.32 20.97 20.59 20.59 20.44 20.27 19.81 17.95 17.08 15.45 14.32 12.69 10.82  9.05  7.36  5.95  4.65  4.69  4.73  4.74  4.71  5.97  6.76  6.53  6.46  6.32  6.24  6.08  6.03  5.76
traj-190:
34.30 33.71 32.14 31.65 30.11 29.83 28.14 27.00 25.65 24.66 23.44 22.59 21.21 19.54 18.22 16.88 16.11 14.13 12.69 11.24  9.69  9.28  8.36  7.29
20.07 20.00 21.13 21.47 22.29 22.41 22.72 22.91 23.53 23.35 23.24 23.17 23.05 23.20 23.26 23.47 23.81 24.05 23.97 23.75 22.90 22.47 20.89 19.22
traj-191:
36.51 35.14 34.01 33.21 31.29 30.69 28.72 27.52 26.00 25.17 24.74 24.37 24.54 24.82 24.98 25.08 25.33 25.54 25.66 27.30 28.47
20.46 21.13 21.76 22.17 22.68 22.72 22.92 22.95 22.97 23.10 25.03 26.84 27.25 29.09 30.71 31.19 32.88 34.68 35.54 36.34 36.50
traj-192:
35.88 34.70 33.51 31.65 29.93 28.03 26.38 25.63 25.15 24.60 24.72 24.82 25.03 24.99 24.90 24.77 24.47 23.47 21.85 20.40 18.66 17.22 15.86 14.64 13.74
20.75 20.86 20.95 21.15 20.96 20.82 20.45 18.87 17.73 15.80 14.05 13.12 11.19 10.05  9.07  7.40  6.13  4.49  4.47  4.59  4.69  5.53  6.41  7.26  7.58
traj-193:
37.67 36.83 34.90 33.66 32.82 31.65 29.92 28.44 26.88 26.35 25.32 23.77 22.88 21.49 19.88 18.69 17.50 15.57 13.71 11.75 10.91  9.35  7.76  7.12  5.74  5.33
22.35 22.51 22.87 22.85 22.87 22.90 22.89 22.90 23.71 24.43 25.59 24.49 24.09 23.98 24.14 24.27 24.38 24.29 24.20 24.07 24.03 22.98 22.03 21.58 20.48 20.07
traj-194:
36.87 34.93 33.32 31.68 30.54 29.36 27.94 26.34 25.48 25.28 25.24 25.36 25.30 24.39 23.95 22.08 20.22 19.01 17.55 15.61 14.30 12.77 10.96  9.19  7.45
21.79 22.05 22.36 22.59 22.71 22.79 22.95 22.81 24.44 25.14 26.71 28.46 30.35 31.84 33.56 33.99 33.67 33.53 33.39 33.36 33.35 33.22 33.35 33.54 33.59
traj-195:
38.80 37.49 36.27 34.42 32.77 31.18 30.58 28.85 28.44 26.83 25.78 25.35 25.11 24.96 24.89 24.89 24.74 24.65 24.62 24.66 24.52 24.30 23.98 22.28 20.82 19.08 18.04 16.81 16.11 14.15 12.26 10.58 10.11
20.58 20.48 20.55 20.48 20.60 20.44 20.49 20.63 20.62 20.85 20.51 18.97 17.86 15.94 14.37 13.55 11.76  9.82  8.34  8.15  6.21  5.39  4.89  4.38  4.52  4.72  4.92  5.40  5.47  5.25  5.28  4.52  4.33
traj-196:
35.98 35.10 33.95 32.87 31.11 29.37 28.48 26.87 25.22 23.43 21.93 20.02 19.72 18.53 16.74 15.04 13.22 11.24  9.92  9.59  9.31  9.43
22.52 21.87 21.64 21.62 21.73 21.72 21.76 21.90 22.23 23.06 23.32 23.01 23.06 23.35 23.63 23.52 23.23 23.41 22.60 21.94 20.15 19.29
traj-197:
34.67 33.83 31.87 30.09 28.60 27.71 25.94 25.50 25.67 25.84 25.96 25.96 26.58 26.29 24.68 22.89
22.36 22.58 22.95 22.96 22.94 22.93 23.62 24.27 25.96 27.54 28.79 30.54 32.44 34.40 34.93 35.13
traj-198:
34.05 32.78 30.89 29.26 28.09 26.92 25.80 25.56 25.11 25.03 24.87 24.75 24.45 24.31 24.04 24.02 23.37 21.48 19.69 17.94 17.07 15.82 15.07 13.85 11.98 10.08  9.49
21.33 21.06 20.70 20.35 20.14 19.14 17.60 16.74 15.30 13.44 11.84 11.10  9.39  8.09  6.31  5.95  4.78  4.38  4.60  4.76  4.79  4.89  5.02  5.22  5.59  5.90  6.02
traj-199:
35.64 34.35 33.61 31.69 30.09 28.81 27.54 26.01 25.18 24.78 24.74 23.24 21.49 20.02 18.27 16.49 14.83 13.04 11.51 10.45  9.20  9.34
21.17 20.95 20.81 20.41 20.34 20.39 20.40 20.64 20.68 22.57 22.87 24.06 24.13 23.96 23.95 23.92 23.62 23.70 23.61 23.36 22.18 21.91
traj-200:
36.65 34.88 33.08 31.24 29.83 28.02 26.80 26.31 26.06 25.13 24.40 24.32 24.08 23.12 21.50 19.83 18.09
20.03 20.25 21.06 21.10 21.22 21.75 22.54 24.39 26.27 27.78 29.31 30.76 32.19 33.32 34.35 35.38 36.10
traj-201:
37.65 36.49 34.76 32.79 30.81 29.08 27.89 26.38 26.25 25.88 25.41 25.08 24.72 24.50 24.66 24.66 24.53 24.53 24.49 24.43 23.27 22.97 21.23 19.46 17.54 16.17 14.86 13.11 12.56 10.64 10.03  8.41  7.51  5.76
22.68 22.71 22.79 22.75 22.78 22.77 22.66 21.59 20.73 19.06 17.15 15.80 14.28 13.85 11.99 11.03  9.66  7.68  7.11  6.36  4.85  4.83  4.85  4.86  4.95  5.79  6.10  6.22  6.24  6.59  6.72  7.10  7.29  7.60
traj-202:
37.03 35.44 34.92 33.31 32.48 31.25 29.57 29.04 27.32 26.24 24.66 23.61 22.02 21.17 19.22 17.28 15.60 13.93 12.47 11.11  9.83  8.14  7.29
21.71 21.00 20.79 20.41 20.18 20.48 21.29 21.55 22.27 22.68 23.29 23.72 23.76 23.82 23.71 23.41 24.02 23.98 23.94 23.99 23.66 23.43 23.23
traj-203:
34.37 32.76 30.87 30.10 28.69 28.10 26.54 26.46 26.27 25.39 24.61 24.66 24.53 23.67 23.08 21.46 19.75 17.84 17.54 15.78 14.29 12.64 10.80  9.84  8.83
22.16 22.18 22.47 22.66 22.93 22.94 23.95 24.24 26.21 27.58 28.71 30.15 31.27 33.01 33.52 33.76 33.56 33.49 33.46 33.30 33.19 33.38 33.48 33.71 34.06
traj-204:
38.81 37.12 36.48 34.77 33.61 32.28 31.53 29.72 28.86 27.27 26.43 25.89 25.80 25.74 25.68 25.58 25.56 25.04 24.91 24.32 24.13 23.02 22.14 20.42 18.69 17.73 15.86 15.18 13.75 11.81 11.19
20.40 20.42 20.56 21.13 21.49 21.86 22.05 21.60 22.14 21.36 20.37 19.16 17.33 15.36 14.32 12.68 11.63  9.94  8.26  6.54  5.78  4.35  4.39  4.59  4.72  5.34  5.96  6.26  7.01  7.21  7.30
traj-205:
35.47 33.77 32.28 31.38 29.96 28.78 27.44 26.15 25.04 24.73 23.07 21.26 20.28 18.30 17.28 15.34 14.75 13.32 11.54  9.95  9.20  8.73  7.69  7.50
22.57 22.91 22.89 22.87 22.93 22.94 22.97 24.37 25.98 24.20 23.25 23.42 23.57 23.66 23.71 24.06 24.12 24.34 24.28 23.65 23.35 21.42 19.91 19.03
traj-206:
34.42 33.83 32.08 30.65 29.21 28.12 26.90 26.39 26.07 26.23 26.36 26.71 28.28 29.39 31.18 31.73
22.23 22.28 22.57 22.85 22.83 22.92 23.65 25.54 27.26 29.22 30.96 32.37 33.17 33.38 33.89 33.99
traj-207:
35.66 33.90 33.06 31.08 29.93 28.48 27.58 26.14 25.99 25.37 25.37 25.63 25.47 25.42 25.36 25.37 25.22 25.00 24.93 23.64 23.04 21.31 20.46 18.74 18.46 16.64 16.35
22.48 22.51 22.59 22.73 22.82 22.84 22.88 22.81 22.55 20.70 19.63 17.76 15.90 14.04 12.11 10.19  8.59  6.82  6.23  4.72  4.29  4.24  4.23  4.43  4.55  5.03  4.95
traj-208:
35.62 34.79 33.07 31.30 29.31 27.83 26.78 24.88 23.52 21.80 20.12 18.36 16.50 14.83 13.80 12.47 11.41 10.24  8.93  7.68  7.13  6.07
22.47 22.57 22.85 22.86 22.87 22.89 22.85 22.64 23.09 23.41 23.48 23.50 23.75 23.49 23.54 23.32 23.21 23.06 21.68 20.30 19.96 19.07
traj-209:
35.81 33.85 32.06 30.29 29.19 28.23 26.91 25.08 24.10 24.35 24.47 24.42 24.46 24.44 24.25 24.15 23.85 23.62 24.20
21.87 21.63 21.63 21.56 21.52 21.43 21.36 21.58 22.83 24.76 25.94 27.51 29.23 29.53 31.27 31.86 33.24 34.16 35.99
traj-210:
34.47 32.77 31.59 30.10 28.17 27.40 26.19 25.70 25.51 25.05 25.20 25.33 25.32 25.32 25.19 24.98 24.95 24.53 23.51 21.58 20.16 18.39 16.71 15.43 13.94 12.86
22.66 21.86 21.79 21.69 21.40 21.12 20.53 19.00 18.36 16.91 15.42 13.60 12.20 11.08  9.96  8.21  6.34  5.87  4.33  4.51  4.70  4.95  5.78  6.83  8.11  7.97
traj-211:
35.09 34.01 32.82 31.86 29.87 27.97 26.81 26.29 25.32 24.64 23.66 21.88 20.45 18.54 16.83 15.09 14.79 12.93 11.50 10.35  8.65  6.77  5.07
21.17 21.30 21.27 21.22 21.05 21.52 22.86 24.74 26.48 25.42 24.29 24.05 24.01 23.87 23.98 24.10 24.14 24.34 24.44 24.24 23.90 23.56 22.58
traj-212:
34.92 33.01 31.20 30.91 29.42 27.81 26.78 26.71 26.53 26.39 26.02 25.94 25.86 24.50 23.37 21.66 19.94 18.36 17.80 16.24 15.14
20.91 20.49 20.30 20.26 21.22 22.17 23.77 24.62 26.61 27.99 29.92 30.30 31.97 33.27 33.39 33.42 33.40 33.23 33.27 33.64 33.70
traj-213:
36.78 35.90 34.41 32.79 31.03 29.71 28.67 27.84 26.53 25.64 25.31 25.13 24.42 24.33 24.33 24.44 24.51 24.52 25.08 24.57 22.92 21.45 19.70 18.83 17.64 16.79 15.43 14.15 12.60
20.92 20.93 20.97 21.18 21.43 21.55 21.40 20.77 19.83 18.36 16.52 16.28 15.21 13.42 11.78 10.63  9.40  7.83  6.04  5.41  4.64  4.65  4.57  4.53  4.51  4.59  5.08  5.45  5.83
traj-214:
36.40 35.24 33.58 32.01 30.43 28.73 27.64 26.12 24.44 22.52 21.34 19.62 18.99 17.15 15.36 13.72 12.42 10.45  9.88  8.32  8.04
21.08 20.85 20.35 20.60 21.10 21.75 22.18 22.94 23.76 24.30 24.22 23.96 23.89 23.27 24.01 24.00 23.94 23.82 23.76 22.92 22.43
traj-215:
35.97 34.38 32.65 30.87 29.42 27.95 27.36 25.53 24.94 23.10 24.10 24.22 24.32 24.28 24.23 24.17 23.49
22.43 22.72 22.87 22.98 22.91 22.95 22.95 23.65 23.68 24.28 25.89 26.16 28.15 29.10 30.98 32.71 34.53
traj-216:
38.05 36.44 35.30 34.14 32.16 30.39 28.67 27.80 25.93 24.68 24.69 24.63 24.76 24.85 24.96 25.16 24.95 24.88 24.82 24.77 24.64 24.32 22.62 21.15 19.68 17.93 16.46 14.59 13.22 11.51
21.78 22.34 22.54 22.66 22.80 22.88 22.84 22.80 23.46 22.23 21.02 19.21 17.72 16.82 15.70 14.06 12.15 10.69  9.81  8.06  6.91  5.18  4.48  4.55  4.60  4.64  5.37  5.11  4.98  4.47
traj-217:
38.54 38.02 36.20 35.13 33.62 32.55 31.07 29.30 28.61 27.67 26.36 25.10 23.69 23.20 21.32 20.80 19.15 17.64 17.07 15.32 13.33 11.59 10.10  8.39  7.57  5.90
21.34 21.25 21.09 21.07 21.01 21.10 21.19 21.56 22.12 22.84 24.33 25.62 24.26 24.10 24.10 24.05 23.88 23.70 23.61 23.75 23.92 24.07 24.10 23.84 23.71 23.52
traj-218:
38.35 37.48 35.50 33.79 32.95 31.46 29.47 27.74 26.11 25.85 25.40 25.38 25.49 25.30 24.65 24.05 22.84 22.32 20.75
22.47 22.55 22.74 22.83 22.85 22.83 22.84 22.92 23.75 24.21 26.12 27.67 29.34 30.51 32.01 33.26 34.78 35.04 36.00
traj-219:
35.11 34.84 33.11 31.82 30.83 28.89 27.35 26.65 25.84 24.66 24.58 24.47 24.47 24.60 25.14 25.31 24.92 24.16 23.22 21.48 20.12 19.00 17.12 15.88 15.02 13.09 12.67 11.08  9.59
22.74 22.88 21.97 21.33 21.01 20.59 20.05 19.63 18.41 17.09 15.10 14.02 12.24 10.98  9.09  8.20  6.42  5.42  4.28  4.34  4.43  4.55  4.94  5.17  5.33  5.66  5.74  6.07  6.37
traj-220:
34.14 32.63 32.09 30.32 29.46 27.59 25.73 24.07 22.79 21.92 20.05 18.32 17.22 15.43 13.52 12.38 11.23  9.64  9.28  8.51
21.75 21.89 21.92 21.99 22.20 22.74 23.31 23.83 24.40 24.47 24.07 23.93 23.82 23.94 24.03 24.07 24.08 22.90 22.18 21.08
traj-221:
37.24 36.57 34.61 32.92 31.53 29.78 29.09 28.07 26.50 25.74 24.62 23.25 22.22 23.21 24.37 24.55 24.27 24.20 24.19 24.11 24.06 24.55 24.88
21.65 21.51 21.31 20.83 20.44 20.68 21.06 22.03 22.73 22.84 23.01 23.23 23.21 24.48 25.86 26.10 28.08 29.81 30.11 31.96 32.53 34.09 35.36
traj-222:
38.57 36.98 34.99 33.28 31.82 30.37 29.19 27.48 26.29 25.31 23.81 23.50 24.53 24.58 24.85 25.26 25.46 25.47 25.29 25.34 25.31 25.23 25.05 24.67 24.00 23.44 22.17 21.28 20.13 18.96 17.39 16.27 14.55 13.27
21.76 22.37 22.58 22.83 22.86 22.89 22.93 22.97 24.38 25.42 24.36 23.75 22.48 22.03 20.44 18.70 16.99 15.84 14.95 12.98 12.38 10.90  8.97  7.23  5.37  4.92  4.41  4.47  4.57  4.62  5.74  7.02  7.69  7.22
traj-223:
37.10 35.84 33.95 33.13 31.73 29.97 28.80 27.27 26.43 25.27 23.75 22.56 20.68 19.51 18.65 16.94 15.11 13.94 12.21 11.11  9.43  8.91  8.39
21.55 22.24 22.85 22.84 22.87 22.91 22.89 22.92 23.39 23.90 24.62 24.05 24.01 24.06 24.01 23.99 24.03 24.14 24.25 23.98 23.38 22.33 20.69
traj-224:
35.78 34.06 32.57 30.78 29.05 27.62 26.78 26.29 25.75 25.45 25.30 25.08 24.60 23.23 21.51 20.63 18.76 16.97 16.67 14.89 14.25 12.30 10.51  9.87
22.73 22.90 22.88 22.87 22.89 22.88 22.88 24.76 26.04 27.91 29.05 30.70 32.06 33.21 33.46 33.56 33.68 33.74 33.69 33.83 33.87 34.07 34.07 34.09
traj-225:
37.50 36.71 34.73 33.87 32.46 31.03 30.43 28.67 27.14 26.84 25.80 24.70 24.88 24.44 24.50 24.47 24.68 24.87 24.61 24.41 24.18 23.14 21.67 20.53 19.45 18.28 16.67 14.88 12.91 11.05  9.55  7.70  7.28  5.43
22.21 22.61 22.81 22.85 22.86 22.87 22.88 22.81 21.78 21.25 19.85 18.21 16.73 15.44 14.83 13.44 12.35 10.86  9.05  7.22  5.73  4.61  4.40  4.27  4.26  4.53  4.61  4.84  4.91  5.13  5.31  5.44  5.52  5.83
traj-226:
38.80 38.50 36.78 35.07 33.30 31.83 30.95 29.49 27.71 26.65 26.29 25.94 24.76 23.52 22.74 21.24 20.42 19.20 18.11 17.07 15.31 14.29 13.15 11.54 10.47  9.21  8.18
22.66 22.64 22.72 22.84 22.88 22.91 22.91 22.92 22.86 24.39 26.11 27.43 25.86 24.50 24.15 24.10 24.01 23.96 24.04 24.14 24.13 24.01 23.98 23.61 23.42 22.63 21.25
traj-227:
36.37 34.99 33.25 32.06 30.35 29.17 28.01 26.77 25.44 24.68 24.38 24.13 24.20 24.35 24.71 25.48 26.30 27.92 29.10
22.42 22.70 22.86 22.86 22.89 22.90 22.86 23.48 24.54 26.30 27.62 28.93 29.78 31.07 32.29 33.84 35.16 36.23 36.41
traj-228:
38.55 37.74 36.24 34.92 33.11 32.70 31.27 29.54 28.94 27.48 26.24 24.90 24.55 24.25 24.19 24.11 24.11 24.08 24.08 24.06 24.08 24.09 23.26 22.68 21.19 19.74 18.86 17.07 15.51 14.74 13.00 11.90 10.01  8.54  6.89  5.41
22.17 22.51 22.68 22.84 22.89 22.91 22.92 22.94 22.92 22.80 21.97 21.55 19.71 17.95 16.54 14.59 13.22 12.35 10.81  9.31  7.70  6.25  4.82  4.79  4.73  4.73  4.77  4.91  5.33  5.50  6.03  6.20  6.57  7.01  7.47  7.86
traj-229:
38.73 37.34 35.58 34.42 33.23 31.75 29.76 28.31 27.46 26.54 26.43 25.88 24.60 24.04 23.87 22.06 21.46 19.71 17.86 15.87 14.42 13.25 11.39 10.94  9.73  8.78  8.71  8.99
22.59 22.72 22.88 22.92 22.93 22.92 22.95 22.98 23.00 24.70 24.98 26.75 26.55 25.09 24.84 24.09 24.18 24.08 24.05 23.94 23.90 23.92 23.83 23.51 22.70 21.97 20.19 19.43
traj-230:
37.19 35.45 34.56 33.15 32.55 31.07 29.65 27.86 27.16 25.37 24.94 24.82 24.88 25.71 25.22 24.93 24.50 24.44 22.88 21.48 19.58 18.72 17.06 15.30 13.98
22.70 22.98 22.95 22.92 22.90 22.90 22.89 22.91 22.91 23.40 24.87 25.90 27.64 29.25 29.97 31.86 33.52 33.82 34.78 34.70 34.78 34.70 34.36 33.91 33.60
traj-231:
37.05 35.16 33.38 31.43 29.75 28.64 27.46 25.77 24.61 24.54 24.44 24.34 24.26 24.20 24.39 24.72 24.87 24.96 25.03 25.41 23.77 23.31 21.40 19.68 18.80 17.39 16.12 14.29 12.36 10.40 10.10  8.12
21.98 21.90 21.93 22.35 22.68 22.88 22.97 23.71 22.10 21.52 19.72 17.76 16.06 14.12 12.39 11.01  9.40  9.11  7.15  5.41  4.70  4.59  4.34  4.61  4.76  5.70  6.99  6.98  6.85  7.03  7.09  7.26
traj-232:
37.77 36.87 34.93 33.23 32.68 30.98 29.19 27.29 26.99 25.26 23.83 21.93 20.05 19.75 18.05 16.44 15.57 13.61 12.12 10.14  8.37  6.97
22.31 22.35 22.46 22.66 22.72 22.91 22.86 22.95 22.93 23.60 23.53 23.39 23.55 23.59 23.82 23.99 24.11 24.08 24.02 23.95 23.90 23.92
traj-233:
34.88 33.14 31.49 29.71 28.23 27.63 26.07 25.47 25.13 25.11 25.14 25.94 26.12 26.58 28.28 29.98 30.99 32.69
22.61 22.66 22.79 22.83 22.87 22.89 23.81 24.42 26.08 26.61 28.15 29.86 31.59 33.17 34.01 34.63 35.02 35.76
traj-234:
33.86 31.88 30.50 28.80 27.19 26.54 25.85 25.04 24.57 24.28 24.28 24.36 24.32 24.31 24.35 24.39 24.33 23.20 21.29 20.14 18.37 16.54 15.21 13.65 12.00 10.26  8.46  6.88  5.32
22.44 22.66 22.86 22.97 21.80 20.89 19.56 18.37 17.08 15.19 14.60 13.12 11.84 10.16  8.87  7.90  5.96  4.60  4.51  4.65  4.92  5.40  5.63  5.84  5.97  6.14  6.46  6.68  6.80
traj-235:
36.71 34.99 34.42 32.42 30.67 29.78 28.30 26.91 25.62 24.35 22.56 20.81 19.59 18.08 16.60 14.84 13.38 11.43  9.72  8.08  6.84  7.33  7.45  7.38
22.75 22.79 22.80 22.81 22.90 22.87 22.77 22.71 21.94 23.29 23.56 23.67 23.74 23.94 24.11 24.29 24.21 24.23 24.18 23.59 22.11 20.22 18.67 17.11
traj-236:
37.22 35.84 34.52 33.64 31.71 30.27 29.69 27.74 26.71 26.66 26.76 26.77 26.69 26.77 25.87 24.92 23.48 22.49
22.16 22.57 22.85 22.83 22.79 22.75 22.75 22.83 23.62 25.61 27.09 27.94 29.66 31.39 33.10 33.73 34.33 34.73
traj-237:
34.76 33.39 31.42 30.74 29.30 27.56 25.94 24.40 24.42 24.16 24.30 24.42 24.51 24.56 24.67 25.09 24.64 23.40 21.64 20.75 19.02 18.72 17.39 16.94 15.33 14.14 12.71 11.95 10.62  8.90  8.45
20.33 20.26 20.24 20.33 20.21 20.02 19.22 18.49 17.13 15.98 14.53 13.08 11.93 11.07  9.36  7.72  6.12  4.70  4.43  4.47  4.90  4.95  5.74  6.78  7.21  6.75  6.22  5.99  5.63  5.97  5.93
traj-238:
36.01 34.38 32.48 30.52 29.46 28.48 26.76 26.29 24.73 23.87 22.38 20.45 18.94 17.52 16.43 14.76 12.90 11.17  9.27  7.85  6.52  5.72
21.93 21.65 21.48 21.54 21.52 21.46 22.44 22.79 23.81 23.96 24.08 24.05 24.06 24.05 24.01 23.91 23.91 23.78 23.66 23.63 23.90 23.97
traj-239:
34.25 33.44 31.71 29.94 28.48 27.59 26.46 25.91 25.50 25.27 25.11 25.03 25.18 25.03 25.22
22.45 22.57 22.75 22.94 22.96 22.99 24.37 25.98 27.74 28.36 30.28 31.34 32.47 34.25 35.16
traj-240:
34.59 33.42 31.92 30.26 28.33 26.89 25.83 25.44 25.39 25.33 24.98 24.70 24.48 24.26 22.57 20.82 19.04 17.60 15.79 14.21 13.26 11.35  9.89  8.70
21.83 21.61 21.29 20.92 20.43 19.31 17.63 15.86 14.13 12.21 10.61  8.83  7.19  5.47  4.85  4.88  4.82  4.76  4.89  5.11  5.18  5.53  5.85  6.11
traj-241:
39.11 38.81 36.89 35.49 33.81 32.58 30.74 29.20 27.43 27.18 25.53 23.81 23.35 21.60 19.77 17.99 17.34 15.85 14.33 13.72 12.31 11.15  9.48  7.98  6.49  6.09
20.54 20.50 20.16 20.49 20.52 21.22 21.80 22.13 22.71 22.87 23.63 24.17 24.02 23.80 23.75 23.93 23.97 23.67 23.62 23.57 23.37 23.29 22.43 21.31 20.10 19.88
traj-242:
37.37 37.08 35.16 33.41 31.91 29.96 28.14 27.85 27.10 25.36 24.68 24.11 24.05 24.16 24.81 25.52 25.87 25.99 26.18 26.31
21.17 21.15 20.91 20.66 20.34 20.18 20.36 20.43 20.78 21.48 22.31 23.19 24.22 25.53 27.09 28.79 30.63 31.46 33.14 34.74
traj-243:
38.84 37.17 35.28 33.61 32.82 31.18 30.42 28.97 27.49 25.63 25.28 24.41 24.39 24.10 24.13 24.21 24.19 24.41 24.66 24.35 24.25 24.46 22.80 21.35 19.92 18.49 17.08 16.83 15.20 13.39 12.23
20.16 20.47 20.76 20.82 21.03 21.23 21.72 22.30 22.39 22.14 22.08 20.33 18.50 16.79 15.30 13.38 12.23 10.36  9.21  7.61  6.93  5.24  4.44  4.46  4.58  4.68  5.59  5.75  6.33  6.60  6.84
traj-244:
36.44 36.18 34.42 32.54 30.97 29.14 28.94 27.93 26.33 26.03 25.26 23.29 21.66 20.93 19.02 17.31 15.99 15.80 14.46 13.44 11.86 10.46  9.48  7.56  7.11
21.95 21.80 20.99 20.57 20.18 20.55 20.77 20.94 22.07 22.53 24.10 24.24 23.90 23.93 23.65 23.20 23.36 23.59 23.75 23.68 23.42 23.36 23.45 23.35 23.54
traj-245:
34.82 34.04 32.21 30.55 29.61 28.49 26.62 25.01 24.33 24.81 25.19 25.60 25.92 26.12 27.70 29.23
21.16 21.17 21.30 21.67 21.86 22.13 22.58 23.16 25.03 26.66 28.08 29.83 31.22 32.06 33.02 34.12
traj-246:
37.32 35.65 34.18 32.62 30.72 30.00 28.52 26.81 25.25 25.38 25.89 25.91 25.85 25.69 25.67 25.31 25.03 24.94 24.58 24.26 23.77 21.84 20.69 19.51 17.57 16.30 14.92 13.38 11.51 10.69
20.25 20.49 20.75 21.04 21.31 21.47 21.82 22.16 20.97 20.20 18.67 16.83 15.88 14.56 13.83 12.47 10.57  8.91  7.00  5.59  4.77  4.42  4.67  4.76  4.90  5.24  5.40  5.28  5.50  5.72
traj-247:
34.31 32.36 31.67 29.73 28.46 27.49 25.77 24.98 23.12 21.47 20.58 18.85 17.16 15.63 14.47 13.46 11.48  9.92  9.40  8.87  8.75  8.20  8.02
21.12 21.29 20.77 20.33 21.23 22.03 22.67 22.96 23.07 23.18 23.27 23.41 23.61 24.09 24.03 23.93 23.68 23.15 22.84 21.05 20.35 18.47 18.23
traj-248:
35.26 34.68 32.72 31.89 30.18 28.99 27.55 26.27 25.82 25.34 24.28 24.38 24.40 24.47 23.71 23.32 22.93
22.49 22.59 22.77 22.79 22.95 22.89 22.83 24.12 25.21 26.48 27.29 29.25 30.10 31.55 33.16 34.09 35.25
traj-249:
34.19 33.50 31.93 30.52 29.40 27.93 26.66 26.39 26.42 25.85 26.00 26.02 25.97 25.90 25.80 25.58 25.46 24.21 22.29 21.71 20.54 19.08 17.39 15.62 13.80 11.90 11.00  9.49  7.63  5.88
20.98 20.97 20.60 20.32 20.13 20.10 19.32 17.36 16.49 14.69 12.98 12.68 10.73  9.85  8.40  6.70  5.81  4.33  4.36  4.49  4.72  4.90  4.99  5.35  5.51  5.47  5.45  5.13  4.85  4.61
traj-250:
35.72 34.90 33.18 31.41 29.66 28.48 26.81 26.02 25.89 24.08 23.34 22.45 20.55 18.91 17.20 16.60 14.89 13.24 12.14 10.40  9.22  8.31  7.51
22.52 22.67 22.75 22.82 22.90 22.93 23.84 25.62 25.89 25.17 24.30 23.72 24.07 24.17 24.20 24.18 24.13 24.07 24.01 23.31 22.17 20.70 19.36
traj-251:
35.56 34.80 32.92 32.40 30.45 29.01 27.29 25.50 24.36 24.24 24.26 24.30 24.64 25.15 25.20 25.19 23.88 23.59 21.74 20.59 18.73 16.83 15.15 13.26 11.37 10.58  8.81  6.99
21.71 21.34 21.03 20.85 20.73 21.20 21.79 22.44 23.69 24.46 25.06 26.81 28.63 30.55 32.34 32.64 34.09 34.12 33.72 33.39 33.27 33.29 33.28 33.47 33.66 33.55 33.76 33.97
traj-252:
33.65 32.54 31.41 30.09 28.16 26.44 26.44 26.49 26.33 25.21 25.04 25.04 25.05 25.01 24.94 24.59 23.17 21.43 20.27 18.53 17.32 15.95 15.17 13.86 12.34
21.27 21.02 20.83 20.50 20.11 19.12 18.24 16.76 15.60 14.10 12.18 11.58  9.82  8.94  7.77  6.06  4.79  4.64  4.65  4.72  5.62  6.55  7.06  5.82  4.55
traj-253:
35.13 33.93 32.38 30.86 30.03 28.45 27.85 26.25 25.76 24.39 22.67 21.57 19.83 17.85 16.22 15.23 14.10 12.26 11.96 10.14  8.22  6.53
20.79 20.64 20.36 20.32 20.23 20.14 20.10 21.15 21.48 22.89 23.67 23.48 23.39 23.36 23.64 24.03 23.98 23.91 23.88 23.75 23.76 23.86
traj-254:
35.69 35.12 33.65 33.09 31.38 29.95 27.98 26.80 26.31 25.92 25.91 25.66 25.19 24.75 23.52 21.96 20.55 18.69 16.70 15.05 14.35
22.16 22.22 22.39 22.44 22.59 22.69 22.48 23.49 24.92 26.54 27.70 29.07 30.62 32.19 33.66 34.80 34.45 34.82 34.96 35.05 34.88
traj-255:
38.72 36.90 35.18 34.80 33.19 31.76 30.40 28.54 26.96 26.17 25.25 25.09 24.89 24.67 24.58 24.65 24.81 24.55 24.48 24.23 22.53 21.94 20.18 18.72 17.34 16.65 16.12 14.90 13.53 12.29 11.37 11.08
20.68 20.34 20.42 20.42 20.60 20.72 21.19 20.73 20.17 19.29 17.75 16.38 14.66 13.39 12.36 10.41  8.72  7.49  6.44  4.97  4.28  4.33  4.41  4.48  5.87  6.39  6.66  7.45  6.92  6.38  4.79  4.28
traj-256:
35.17 34.35 32.45 31.58 30.41 28.62 26.84 26.25 24.54 23.44 21.84 20.38 18.51 16.59 15.99 14.58 12.69 11.04  9.57
22.02 22.30 22.66 22.74 22.85 22.86 22.70 22.66 23.02 23.40 23.77 23.66 23.88 24.14 24.15 24.22 23.72 23.28 22.17
traj-257:
34.95 33.20 31.50 29.57 27.79 27.26 26.03 26.12 25.91 25.84 24.38 24.44 24.13 22.90 21.36 20.81 19.03
22.27 22.38 22.50 22.65 22.71 22.79 24.31 25.73 27.34 28.21 29.30 30.81 32.75 33.21 34.09 34.26 34.99
traj-258:
37.16 35.72 34.42 32.66 32.24 30.41 28.88 27.17 26.30 24.74 24.90 25.26 25.51 25.78 25.83 25.60 25.60 25.63 25.53 25.46 25.24 24.74 24.41 23.21 21.58 20.57 19.56 18.99 17.89 17.35 16.59 14.94 13.06 12.19 10.81 10.24  8.91
22.20 22.50 22.78 22.80 22.80 22.83 22.86 22.92 23.48 24.45 23.64 21.75 19.77 17.82 17.34 15.48 13.84 13.26 11.50 10.64  8.95  7.62  5.92  4.45  4.49  4.58  4.73  4.87  6.10  6.82  7.67  7.44  7.08  6.99  6.46  6.28  5.77
traj-259:
36.52 35.98 34.28 33.22 32.20 30.72 30.29 28.68 28.14 26.42 24.58 22.99 21.02 19.12 18.00 16.66 14.95 13.23 12.68 10.89 10.43  8.54  7.34
21.96 21.39 20.56 20.37 20.45 21.03 21.21 21.75 21.92 22.34 22.93 23.08 23.31 23.50 23.57 24.01 23.99 24.04 23.91 23.51 23.32 22.73 22.31
traj-260:
37.18 36.91 35.22 33.49 31.72 30.85 29.66 28.21 26.65 26.18 25.49 25.14 24.68 25.21 25.44 25.62 25.58
22.17 22.30 22.76 22.87 22.89 22.90 22.89 22.83 23.85 25.15 26.91 27.50 28.50 30.17 32.13 33.62 35.01
traj-261:
36.10 35.10 33.87 32.12 30.15 28.47 27.58 27.75 25.96 25.99 25.82 25.35 25.16 25.12 25.30 25.09 25.07 25.06 25.09 25.29 25.32 23.64 23.34 21.51 19.57 17.75 15.84 14.15 12.76 11.83 10.32
21.57 21.85 22.19 22.60 22.87 22.86 22.75 22.58 21.88 20.26 18.27 16.59 16.22 15.50 14.13 12.29 10.59  9.84  7.98  6.60  4.89  4.15  4.17  4.22  4.46  4.53  4.81  5.58  6.25  6.65  7.45
traj-262:
39.10 37.56 36.25 35.11 33.25 31.80 30.93 28.97 27.77 26.65 26.29 25.42 24.24 23.35 21.47 20.34 18.47 16.92 15.38 14.78 12.89 11.19  9.40  7.71  6.57
20.48 20.40 20.39 20.35 20.27 20.18 20.13 20.12 20.08 21.44 22.58 24.08 24.81 24.21 23.98 23.86 23.78 23.77 23.79 23.79 23.89 24.00 24.14 24.32 24.35
traj-263:
38.99 37.41 35.42 33.74 32.01 30.78 29.01 27.25 26.05 25.22 24.49 25.14 25.31 25.05 24.47 24.44 24.11 23.28 21.46 20.44
21.15 20.74 20.60 20.41 20.29 20.45 21.10 21.56 22.57 23.30 25.03 26.49 28.41 29.23 30.95 31.25 32.04 33.48 33.92 33.19
traj-264:
39.17 37.45 35.65 33.92 32.53 30.79 29.91 28.45 26.58 26.52 25.82 25.39 25.17 24.71 24.22 24.44 24.75 24.87 25.07 25.66 26.00 24.38 22.88 21.71 20.24 18.76 17.50 15.92 14.14 13.11 11.30
22.69 22.86 22.86 22.87 22.84 22.86 22.88 22.90 22.64 21.88 20.18 18.24 17.75 16.31 14.46 12.94 11.25 10.46  9.47  7.68  5.81  4.73  4.72  4.71  4.72  4.69  5.52  6.58  6.91  6.84  6.72
traj-265:
36.50 34.79 32.81 31.75 31.32 29.60 28.76 27.20 25.21 24.22 22.44 20.80 19.60 18.76 16.96 15.96 14.12 13.28 11.83  9.93
22.69 22.75 22.86 22.87 22.88 22.93 22.93 21.80 21.99 22.50 23.35 23.39 23.48 23.62 23.72 23.86 24.07 24.20 24.37 24.75
traj-266:
35.56 33.73 33.43 31.58 30.48 29.34 27.76 26.46 26.23 26.16 26.16 26.23 26.59 28.26 29.75 31.53 33.14
21.69 21.60 21.57 21.71 22.03 22.37 22.84 23.63 25.20 26.86 28.83 30.32 32.07 33.05 33.06 33.07 33.83
traj-267:
36.02 35.17 33.52 31.57 30.14 28.83 28.49 27.50 26.24 26.06 25.62 25.03 25.02 24.42 24.32 24.46 24.70 24.77 24.87 24.89 23.78 23.28 21.35 21.05 19.34 18.47 17.18 16.93 16.09
21.41 21.17 20.66 20.35 20.22 20.43 20.50 20.68 19.81 19.04 17.91 16.20 16.22 14.37 13.40 11.71 10.38  9.51  7.55  6.26  4.89  4.73  4.55  4.56  4.72  4.83  6.35  7.62  8.25
traj-268:
33.64 31.69 30.67 28.80 27.47 26.24 24.95 23.71 22.19 20.78 19.09 17.19 15.72 13.93 12.03 10.08  8.37  6.72
21.05 21.37 21.19 21.45 22.59 23.95 24.91 24.88 23.84 23.36 23.67 24.14 24.18 24.21 23.97 23.89 23.70 23.59
traj-269:
34.11 33.25 31.53 29.76 28.27 26.81 26.78 26.77 26.44 26.37 26.36 26.47 26.52 27.97 29.00 29.94
22.65 22.68 22.87 22.94 22.90 23.91 25.34 25.92 27.62 28.19 29.92 31.42 32.00 33.18 33.29 33.68
traj-270:
35.40 33.47 32.31 30.36 29.10 28.52 26.75 25.78 25.50 25.38 25.02 24.85 24.69 24.71 24.60 24.34 24.36 24.34 24.17 24.17 22.70 21.54 20.66 18.90 17.55 16.98 15.41 15.02 13.46
22.32 22.72 22.71 22.87 22.72 22.60 21.97 21.38 19.81 17.98 16.38 15.04 14.13 12.96 11.76 10.62  9.10  7.88  6.20  4.33  4.24  4.16  4.12  4.07  4.02  4.66  5.82  6.02  7.01
traj-271:
36.07 34.33 32.87 32.29 30.87 29.38 27.97 26.35 25.92 24.35 22.67 20.72 19.60 18.14 16.63 14.92 14.04 12.43 10.83  9.96
22.69 22.67 22.64 22.70 22.82 22.90 22.98 23.98 24.98 24.65 24.15 23.99 23.92 23.87 23.79 23.78 23.66 24.00 24.29 24.38
traj-272:
37.65 36.07 34.25 33.37 31.87 30.86 29.29 28.24 26.96 26.74 26.02 25.41 25.09 25.78 25.86 26.14 26.32 26.69 26.87
21.27 20.76 20.34 20.38 20.35 20.26 20.31 20.26 21.55 21.99 23.45 25.09 26.11 27.92 28.33 29.95 30.81 32.48 32.72
traj-273:
36.72 36.42 36.23 34.48 33.36 31.91 30.25 29.67 27.70 26.64 25.86 24.49 24.58 24.50 24.68 24.85 25.15 25.27 25.12 24.14 23.04 21.30 19.83 18.35 16.91 15.12 13.90 13.26 11.49  9.90  8.28  6.40
20.29 20.33 20.56 20.84 20.69 20.48 20.24 20.17 20.10 19.40 17.78 16.35 15.80 14.32 13.14 11.40  9.67  8.81  7.63  6.33  4.84  4.72  4.61  4.55  4.63  4.87  5.46  5.67  6.52  5.64  5.47  5.38
traj-274:
36.58 34.69 33.17 31.30 29.44 28.19 27.05 26.86 26.09 24.47 23.26 22.72 20.72 19.27 17.78 16.03 14.08 12.09 11.50  9.89  9.07  7.56  6.01
21.92 21.67 21.46 21.23 20.61 20.27 20.49 20.72 21.39 22.27 23.24 23.41 23.50 23.40 23.27 23.65 24.05 23.99 23.98 23.68 23.50 23.19 22.95
traj-275:
36.08 34.64 32.93 31.47 30.61 29.45 27.98 26.91 26.86 26.82 26.77 26.65 26.45 27.17 27.52 27.77
22.41 22.64 22.84 22.86 22.87 22.92 22.96 24.20 25.92 27.05 28.50 29.94 31.40 33.13 33.87 35.46
traj-276:
36.86 35.10 34.20 32.56 30.77 29.12 27.72 26.34 25.76 25.39 25.01 24.51 24.23 24.24 24.19 24.28 24.24 24.21 22.47 21.87 20.11 19.23 17.80 16.08 15.43 13.75 12.01 10.06  8.20
20.22 20.60 20.76 20.96 21.17 20.74 20.65 19.79 18.25 16.87 15.81 14.37 12.95 11.32  9.59  7.91  6.86  5.23  4.79  4.80  4.86  4.91  5.00  5.49  5.37  5.22  4.88  4.63  4.49
traj-277:
36.39 34.52 32.73 31.33 30.09 28.34 27.49 26.35 25.66 24.49 22.76 21.06 19.50 18.42 17.27 15.80 14.18 12.44 11.00  9.65  8.01  6.91
21.56 21.26 21.42 21.55 21.77 21.93 22.65 24.08 25.37 24.40 24.06 23.81 23.89 23.95 23.97 23.98 24.00 23.97 24.12 24.39 24.69 24.90
traj-278:
35.04 34.46 32.98 32.70 30.93 29.31 27.98 26.46 25.80 25.96 26.22 26.44 26.38 26.26 26.22 26.18 24.85 24.31 23.13 22.26
20.59 20.37 20.35 20.46 20.31 20.15 20.16 21.24 22.74 24.15 25.61 26.78 28.56 30.29 31.71 32.61 33.99 34.35 35.13 35.60
traj-279:
38.61 37.21 35.81 34.36 33.79 32.30 30.44 28.95 28.70 26.96 25.42 24.67 24.38 24.26 24.15 24.37 24.56 25.06 25.61 25.23 24.86 24.33 22.57 21.11 19.38 18.19 16.69 15.89 14.45 12.70 12.41
21.04 20.86 20.73 20.45 20.47 20.44 21.04 21.10 21.14 21.73 21.69 20.94 19.29 17.79 16.57 14.67 13.06 11.26  9.69  7.78  6.69  5.34  4.53  4.69  4.86  4.97  5.36  5.47  5.83  6.17  6.26
traj-280:
35.78 35.03 33.35 31.97 30.06 28.22 27.10 25.24 25.05 24.06 22.41 21.00 19.21 17.78 16.05 14.13 13.23 11.86 10.13  8.82
20.90 21.19 20.94 20.85 20.42 20.51 20.52 21.04 21.26 22.81 23.53 23.76 23.69 23.77 23.90 24.03 24.03 24.05 23.72 23.25
traj-281:
38.86 37.20 35.45 34.00 32.30 31.11 29.35 27.60 26.32 25.98 25.22 24.83 24.69 24.60 24.11 22.29 20.42 19.82 18.00 16.34 15.02 14.57
22.07 22.33 22.56 22.76 22.81 22.83 22.89 22.86 24.20 25.01 26.65 28.29 29.87 31.05 32.84 33.05 33.21 33.18 33.34 33.66 34.09 34.68
traj-282:
38.11 36.39 35.69 33.76 33.46 31.76 30.62 28.99 28.01 26.60 26.40 26.36 26.43 26.35 26.11 26.11 26.17 26.19 26.14 26.08 25.91 24.21 23.20 21.29 20.14 19.00 17.98 16.50 14.77 13.37
20.21 20.30 20.31 20.35 20.36 20.46 20.53 20.30 20.01 19.16 17.66 17.37 15.40 14.81 13.11 11.67  9.71  9.41  7.70  7.10  5.36  4.76  4.69  4.62  4.66  4.72  5.42  5.92  6.01  6.12
traj-283:
35.77 35.47 33.71 32.24 31.36 29.44 27.65 26.46 26.28 25.99 24.58 23.64 21.89 20.33 18.95 18.16 16.72 15.94 14.50 13.07 11.31  9.43  7.57
22.80 22.82 22.92 22.88 22.88 22.92 22.88 24.19 25.29 27.03 26.38 24.65 23.89 23.76 23.81 23.78 23.88 23.99 24.12 24.21 24.14 23.64 23.41
traj-284:
38.80 37.90 36.71 35.87 33.88 31.91 30.17 28.70 26.71 26.26 26.35 26.07 25.62 25.12 24.88 24.17 23.97 22.95 22.13 21.88
22.79 22.79 22.80 22.80 22.75 22.86 22.85 22.90 22.93 24.69 25.85 26.97 28.44 29.81 31.30 32.90 33.32 34.80 35.93 36.11
traj-285:
37.63 35.94 34.59 33.43 32.19 30.50 28.89 27.16 26.94 25.79 25.68 25.14 24.74 24.51 24.62 24.77 24.87 24.66 24.27 23.00 21.23 19.75 17.90 15.98 15.15 13.23 11.93 10.61
21.52 21.30 21.03 20.86 20.65 20.38 20.18 20.00 19.82 18.42 17.42 16.41 14.72 13.26 11.80 10.23  9.08  7.11  5.35  4.88  4.97  4.90  4.90  4.85  4.78  4.78  4.79  4.75
traj-286:
34.60 32.63 31.91 31.07 29.32 27.68 26.94 25.51 24.23 22.50 21.36 19.68 17.87 16.45 14.59 13.17 11.80 10.04  8.56
21.58 21.90 22.09 22.24 22.56 22.80 22.98 23.41 23.35 23.78 23.88 23.93 23.97 23.93 23.92 23.97 23.91 23.40 22.40
traj-287:
35.43 35.13 34.87 33.51 32.81 31.01 30.14 28.43 27.33 26.36 25.43 24.36 24.06 24.13 24.39 24.83 24.92 25.44 26.01 26.26
20.08 20.10 20.62 20.84 20.85 20.72 21.34 22.16 22.54 22.90 24.11 25.80 27.62 28.20 30.11 31.82 32.11 33.98 35.84 36.00
traj-288:
38.17 36.50 35.24 33.32 31.58 31.23 29.49 27.72 26.56 26.21 25.56 24.73 24.04 24.08 24.14 24.17 24.30 24.40 25.01 25.25 25.74 24.74 23.31 21.85 20.40 18.67 17.78 16.95 15.42 14.75 13.05 12.44 10.73  9.40
22.11 22.31 22.51 22.74 22.96 22.95 22.95 22.80 22.73 22.01 20.44 18.74 16.94 16.35 14.69 14.29 12.50 11.21  9.56  8.20  6.27  5.18  4.86  4.73  4.73  4.69  5.74  7.19  7.06  7.05  6.66  6.49  5.84  4.91
traj-289:
34.03 33.25 31.86 30.80 28.84 27.42 26.70 25.99 24.61 23.04 21.36 19.37 17.41 16.55 15.20 13.23 12.77 11.93 10.77  9.10  7.17
20.79 20.97 21.23 21.49 21.80 22.52 23.66 25.48 24.68 24.15 24.10 23.99 23.94 23.82 23.58 23.60 23.65 23.82 23.81 24.02 24.23
traj-290:
38.50 39.25 37.60 35.78 33.84 31.96 30.66 28.77 26.98 25.66 25.48 25.32 25.21 25.05 24.84 24.57 24.30 24.18 24.43
22.19 21.72 21.14 21.45 21.51 21.54 21.64 21.86 22.21 23.19 24.92 26.31 27.72 29.16 30.90 32.62 34.58 35.86 36.02
traj-291:
35.05 33.38 32.24 30.67 29.70 28.17 26.39 25.41 25.08 24.84 24.64 24.15 24.16 24.53 25.20 25.43 25.09 24.93 24.51 24.30 22.50 21.05 19.59 18.46 16.66 14.78 13.00 11.51
20.43 20.68 20.88 21.48 21.66 22.06 21.48 21.11 19.68 18.77 17.02 15.21 14.91 13.16 11.52 10.84  8.89  8.01  6.17  5.30  4.62  4.50  4.65  4.76  4.81  4.79  4.85  4.64
traj-292:
38.83 38.54 36.71 35.93 34.19 33.42 32.00 30.55 28.85 27.79 26.54 24.68 22.86 22.27 20.47 19.29 17.71 16.52 14.53 13.41 11.70  9.81  8.84  6.88
22.09 22.01 21.62 21.49 21.16 21.01 20.98 20.67 20.32 21.03 21.82 22.48 23.07 23.17 23.40 23.69 24.01 24.09 24.08 24.04 23.93 23.66 23.41 23.70
traj-293:
38.08 37.48 35.76 34.02 33.43 31.64 30.33 28.85 27.74 26.59 25.86 25.48 25.43 25.22 24.55 24.23 22.69 21.12 19.51 18.04 16.75 14.89 14.30
20.03 20.03 20.09 20.15 20.15 20.44 21.18 21.68 22.51 23.93 25.49 27.18 28.87 30.24 31.43 32.58 33.18 33.27 33.30 33.37 33.31 33.13 33.07
traj-294:
39.07 37.92 37.04 36.25 34.50 33.34 31.70 29.73 28.23 26.44 26.19 25.54 25.23 24.94 24.97 24.97 24.76 24.62 24.42 24.30 24.31 24.31 23.82 22.09 20.34 18.89 18.02 16.86 15.72 14.97
21.63 21.98 22.25 22.58 22.86 22.94 22.90 22.83 22.77 22.69 22.05 20.72 19.59 18.39 16.82 15.33 13.50 12.03 10.99  9.03  7.71  5.86  5.00  4.36  4.56  4.60  4.64  5.88  7.00  7.99
traj-295:
39.09 37.98 36.20 34.74 33.38 31.98 30.58 28.79 27.26 25.57 24.07 23.30 21.84 20.31 19.07 17.16 16.96 16.46 14.83 13.72 12.55 11.22  9.68  9.28  8.12  6.86  5.07
20.84 20.72 20.61 20.43 20.27 20.37 20.72 21.36 22.27 22.86 23.32 23.65 23.95 23.59 23.14 23.15 23.38 23.55 24.04 23.99 23.89 23.73 22.60 22.19 21.22 20.87 20.60
traj-296:
34.78 33.26 31.47 30.41 29.47 27.55 26.75 25.07 24.38 24.84 24.91 25.17 24.76 24.76 23.84
21.62 21.56 21.71 21.87 21.83 22.10 22.63 23.68 24.96 26.87 27.90 29.04 30.83 32.16 33.42
traj-297:
38.53 36.58 34.99 33.54 32.52 30.97 29.46 27.51 26.06 24.95 25.16 25.34 25.29 25.25 25.16 25.03 24.73 24.24 22.42 20.66 18.92 17.56 16.98 15.37 13.91
21.26 21.01 20.79 20.65 20.52 20.37 20.22 20.07 19.01 17.44 16.65 14.99 13.32 11.88 10.13  8.40  6.94  5.26  4.56  4.57  4.85  5.60  7.06  6.06  6.28
traj-298:
38.27 37.72 36.00 34.90 32.93 31.18 29.20 27.43 25.92 24.53 23.39 21.66 19.91 18.56 16.69 15.28 13.29 11.31  9.57  7.97  6.56  5.14
22.19 22.38 22.64 22.66 22.80 22.95 22.96 23.00 23.68 24.03 24.29 23.88 24.01 23.99 23.99 23.99 23.94 23.72 22.81 21.69 20.73 19.47
traj-299:
38.21 37.43 35.68 34.13 33.49 31.55 30.74 29.41 28.06 26.81 25.50 25.38 25.05 24.99 25.01 24.75 24.36 23.08 21.46 20.19 18.61 17.18 16.47
20.62 20.58 20.41 20.69 21.04 21.33 21.02 20.55 20.33 21.68 22.87 23.37 25.34 26.97 28.41 30.39 32.29 33.32 33.25 33.27 33.27 33.54 34.25
